0.0213119
0.0522541
0.010569
0.0191506
0
0.0270841
0
0
0.0178186
0.0133352
0.0426419
0.646672
0.010569
0.115563
0
0.00781711
0.0151064
0
0.040811
0.0227246
0
0
0
0.0206931
0.127607
0.00838301
0.997729
0.0206794
0.173128
0
0
0.0151064
0
0.040811
0.011456
0.0108527
0
0
0.0613997
0.127605
0.999205
0.173128
0.010675
0.0151064
0
0.0273268
0
0
0
0.0407066
0.0851106
0
0.677236
0.173128
0.010675
0.0151064
0
0.00998584
0
0
0.0203632
0.0425913
0
0.552278
0
0
0.0918625
0.0170309
0.0178472
0.0523596
0.00994044
0.0229754
0
0.0201378
0.0245632
0.00632734
0.0347999
0.0359307
0.010656
0.344898
0.00870422
0.0169512
0.00894519
0.0263647
0.00726446
0.0178472
0.106632
0.0379925
0.0113905
0.00696467
0.0370021
0.00990016
0.0661588
0.0080367
0
0.0239116
0.0125821
0
0.10789
0.0382879
0.0213252
0.00715006
0.656582
0.028019
0.0160243
0.00732424
0.00689408
0.0906001
0.00726446
0.0356016
0.143761
0.0283614
0.0113905
0.0260323
0.0599306
0.0199337
0.00829426
0.106017
0.0080367
0
0.0112898
0.0125821
0.0147663
0.345368
0.0946389
0.00715006
0.784677
0.0556333
0.0320729
0.00732424
0
0.0130232
0.00871971
0.082177
0
0.009165
0.0521966
0.236942
0.0183111
0.0127591
0.0722837
0.0182671
0.00902268
0.0199337
0
0.143524
0.0112898
0.0257243
0.0147663
0.484533
0.0757631
0.0109194
0.00725135
0.677106
0.073571
0.0320729
0.00924736
0.0135716
0.00863552
0.0729883
0.00997669
0
0.00999808
0.0344422
0.27228
0.0089778
0.0127591
0.0722222
0.0178664
0.153422
0.057034
0.0389773
0.0147663
0.482296
0.0185722
0.0226998
0.00725135
0.618437
0.0361402
0.0910697
0.0325899
0.0213643
0.0180051
0.0730279
0.00997669
0.019163
0.016595
0.303938
0.0127313
0.0722222
0.0178664
0.00613979
0.144386
0
0.013267
0
0.482296
0.0185722
0.0219655
0.00725135
0.595315
0.0534673
0.128618
0.032068
0.0351428
0.0188023
0.00999808
0.0330669
0.128957
0.0263251
0.0722222
0
0.00884368
0.0682551
0.013267
0.272525
0.0110461
0.0225296
0.267967
0.0534673
0.119016
0.0143848
0.00714343
0.0283404
0.0164719
0.0373179
0.0128224
0.0129226
0.0534673
0.119016
0.0143848
0.00714343
0.0283404
0.0164719
0.00953803
0.546382
0.0944289
0.00708633
0.0115177
0.486562
0.143461
0.0321299
0.0115177
0.429896
0.0100452
0.161994
0.0321299
0.0235383
0.393216
0.0129839
0.0100452
0.161994
0.0321299
0.0235383
0.335738
0.0129839
0.0100452
0.198918
0.0400786
0.0235383
0.300882
0.0129839
0.0100452
0.197623
0.0546594
0.0235383
0.0160177
0.00993827
0.24642
0.0129839
0.250886
0.0546594
0.0120205
0.0178033
0.113943
0.0450876
0
0.159401
0.0184793
0.116249
0.0178033
0.0778496
0
0.0449124
0.104586
0.0184793
0.18472
0.0178033
0
0.0197785
0.0204525
0.00631359
0
0
0.0528186
0.0118779
0.654291
0.0624065
0.0397627
0
0
0
0
0.00697706
0.0190834
0.00846382
0.0105608
0.00631359
0.0349823
0.057319
0.997035
0.101463
0.0397627
0
0
0
0
0
0.0118995
0.01431
0.00846382
0.0134247
0.052766
0.132909
0.0107071
0.99907
0.101472
0.019094
0
0
0.0155442
0
0
0.0118995
0.01431
0
0.0134247
0.050821
0.0786702
0.0107071
0.735119
0.0772251
0
0.0073329
0
0.00711108
0.0353887
0.0401569
0
0.60503
0.0384522
0.00911731
0.00648495
0
0.0623524
0.02021
0.221842
0.0125007
0.00948279
0.00957813
0.0128878
0.0248041
0.00655028
0.251163
0.0724736
0.0192798
0.0282426
0.0194024
0.00957351
0.0209003
0
0.0119211
0.00635062
0.0390118
0.0610079
0.0124567
0.00924957
0.0317174
0.0125748
0.0487847
0.0365996
0.324467
0.0250484
0.0192798
0.037371
0.0345908
0.0190708
0.0192795
0.010081
0.0142099
0.0172786
0.0138984
0.0117221
0.0331681
0.0403091
0.0955141
0.0175588
0.0510318
0
0.0152041
0.0125748
0
0.281199
0.128629
0.0230962
0.460557
0.0123904
0.0192798
0.0282806
0.0339967
0.0480921
0.0286378
0
0.010081
0.0172786
0.0283059
0.0174044
0.0239467
0.0591112
0.0202274
0.301648
0.0100517
0.0175588
0.156715
0
0.00765774
0.016382
0.0125748
0
0.418381
0.0899677
0.0187782
0.0458151
0.363392
0.0385305
0.0192798
0.0163932
0.0669722
0.0141351
0.0286378
0.00951135
0
0.00736226
0
0.0277098
0.0174044
0.00937364
0.0239467
0.0656232
0.0202274
0.292846
0.0100517
0.00885751
0.144023
0
0.0151796
0.016382
0.0354015
0.00646288
0.435591
0.0546968
0.0453767
0.340797
0.0740878
0.036379
0.00935471
0.204514
0.0073164
0.0194744
0.0277413
0.00970598
0.0304417
0.0138984
0.0174044
0.00946597
0.0359506
0.0528367
0.0117936
0.0202274
0.310053
0.00885751
0.150998
0
0.00765774
0.0465726
0.0238666
0.0125788
0.39082
0.072474
0.0467316
0.325283
0.108031
0.0186959
0.205547
0.00704751
0.00985541
0.0558413
0.0279563
0.0396819
0.0138984
0.0182731
0.00946597
0.0239467
0.0134731
0.407699
0.00885751
0.119517
0
0.00765774
0.0307533
0.0119634
0
0.299854
0.05455
0.0181214
0.0347844
0.256632
0.0356617
0.20068
0.00896071
0.0866585
0.0562276
0.00887849
0.0295214
0.0182731
0.0122246
0.0135081
0.418514
0
0.0536621
0.0119634
0.221584
0.0724075
0.0448759
0.152436
0.0835781
0.20068
0.00896071
0.0330653
0.00722925
0.0991188
0.0482906
0.014002
0.0182731
0
0.202523
0.00698089
0.0112918
0.0939303
0.0330061
0.0622167
0.0120016
0.181421
0.0330653
0.00722925
0.00281241
