0.0100464
0.00740965
0.00740965
0.00740965
0.00740965
0.00740965
0.00740965
0.00740965
0.00740965
0.00783495
0.00783495
0.00783495
0.0122594
0.0122594
0.0122594
0.0122594
0.0122594
0.012589
0.00750931
0.0074796
0.0074796
0.0074796
0.0074796
0.0149751
0.00123223
0.00123223
0.00842644
0.0113245
0.0113245
0.015024
0.015024
0.015024
0.015024
0.015024
0.015024
0.015024
0.0108834
0.0108834
0.0108834
0.0108834
0.0083118
0.0083118
0.0083118
0.0083118
0.00663935
0.00663935
0.00882089
0.00882089
0.00882089
0.00882089
0.00882089
0.00875842
0.00875842
0.00726773
0.00726773
0.00726773
0.00726773
0.00965575
0.00965575
0.00965575
0.00965575
0.00965575
0.00965575
0.00965575
0.011244
0.00902122
0.00650308
0.00650308
0.00650308
0.00650308
0.00650308
0.00650308
0.00650308
0.0112659
0.0112659
0.0100106
0.0100106
0.0100106
0.0100106
0.0100106
0.0100106
0.0100106
0.00698919
0.00698919
0.00698919
0.00698919
0.00698919
0.0133344
0.0133344
0.0123188
0.0123188
0.0123188
0.0123188
0.0123188
0.0124896
0.0124896
0.0124896
0.0124896
0.00863832
0.0124652
0.0148278
0.0148278
0.0148278
0.0148278
0.0148278
0.0148278
0.0148278
0.00840921
0.0113013
0.0113013
0.0113013
0.0113013
0.00885138
0.0156389
0.0156389
0.0156389
0.0156389
0.0156389
0.0156389
0.0142473
0.0142473
0.0142473
0.0143274
0.0143274
0.0142087
0.0130033
0.0130033
0.0130033
0.0130033
0.0126672
0.0112557
0.0112557
0.0112557
0.0112557
0.0112557
0.00859615
0.00859615
0.014093
0.014093
0.014093
0.0132215
0.0132215
0.0132215
0.0132215
0.0132215
0.0132215
0.00861798
0.00861798
0.00861798
0.00861798
0.0124602
0.0124602
0.00891612
0.00891612
0.00419102
0.00419102
0.00615165
0.00630483
0.00630483
0.00630483
0.0118246
0.0118246
0.0118246
0.0140658
0.0124109
0.0147632
0.0147632
0.0147632
0.0147632
0.0147632
0.0147632
0.0147632
0.0136751
0.0136751
0.00945822
0.00945822
0.00711906
0.00711906
0.0136963
0.0136963
0.0136963
0.00685273
0.00685273
0.00685273
0.0109938
0.0109938
0.00627304
0.00627304
0.00627304
0.011784
0.011784
0.011784
0.011784
0.011784
0.011784
0.011784
0.011784
0.0138565
0.0138565
0.0138565
0.0138565
0.0138565
0.0064955
0.0064955
0.0064955
0.0064955
0.0064955
0.0064955
0.00862977
0.00862977
0.00856866
0.00856866
0.00977157
0.00977157
0.00977157
0.00977157
0.0132801
0.0138177
0.0129243
0.0129243
0.0129243
0.0129243
0.0129243
0.00850413
0.0135951
0.0135951
0.0135951
0.00848118
0.00854168
0.00854168
0.00854168
0.00871078
0.0131999
0.0128968
0.0179407
0.00826728
0.00826728
0.00826728
0.00826728
0.00862613
0.00725346
0.00725346
0.00725346
0.00725346
0.00725346
0.00725346
0.0158529
0.0158529
0.0158529
0.0158529
0.00764284
0.00764284
0.00736674
0.00736674
0.00736674
0.00736674
0.00736674
0.00978728
0.00978728
0.00978728
0.00978728
0.00978728
0.00978728
0.00766255
0.00766255
0.00766255
0.00437488
0.00437488
0.00690004
0.00450916
0.00450916
0.00450916
0.00450916
0.0141093
0.0141093
0.0141093
0.0141093
0.0141093
0.0141093
0.00855922
0.00855922
0.00945623
0.00945623
0.00945623
0.00945623
0.00699649
0.00699649
0.00699649
0.00699649
0.00699649
0.00699649
0.00954043
0.012315
0.012315
0.00874098
0.00874098
0.00874098
0.00874098
0.00697726
0.00376866
0.00586296
0.00586296
0.00586296
0.00586296
0.00763229
0.00407461
0.00788455
0.00788455
0.00788455
0.00788455
0.00788455
0.00890585
0.0081222
0.0081222
0.0081222
0.0081222
0.0081222
0.0081222
0.0081222
0.0081222
0.0081222
0.000548415
0.000548415
0.000548415
0.000548415
0.000548415
0.000548415
0.000548415
0.00641688
0.00678521
0.00678521
0.00678521
0.00846495
0.00846495
0.00846495
0.00846495
0.00846495
0.00846495
0.0132332
0.00852103
0.00852103
0.00852103
0.00571543
0.00744024
0.00397208
0.00571543
0.00571543
0.00571543
0.00571543
0.00758782
0.00367382
0.0117351
0.0120614
0.0120614
0.000672782
0.000672782
0.000672782
0.014568
0.014568
0.014568
0.014568
0.00843888
0.00492609
0.00492609
0.00492609
0.00492609
0.00492609
0.0100503
0.0100503
0.0100503
0.0100503
0.00491474
0.00491474
0.00491474
0.00491474
0.0127279
0.0127279
0.0127279
0.0127279
0.00828415
0.00828415
0.00828415
0.0124233
0.0124233
0.0124233
0.0124233
0.0124233
0.00859246
0.00973134
0.00973134
0.0110042
0.0110042
0.0125822
0.0125822
0.0122932
0.0171011
0.00788039
0.00788039
0.00788039
0.00788039
0.00822244
0.00998839
0.00998839
0.00998839
0.00832051
0.00832051
0.0117337
0.0117337
0.00669523
0.00669523
0.00701704
0.00701704
0.00844214
0.00844214
0.00844214
0.00844214
0.00844214
0.00844214
0.00844214
0.0123482
0.0123482
0.0123482
0.0123482
0.00998156
0.00971227
0.00971227
0.0133559
0.0133559
0.0133559
0.00543695
0.00543695
0.00543695
0.00543695
0.0072181
0.00349482
0.00810585
0.00543695
0.00543695
0.00543695
0.00707772
0.00377854
0.0113012
0.0133622
0.0133622
0.0133622
0.0133622
0.0133622
0.0143571
0.0143571
0.0122239
0.0122239
0.0084545
0.0084545
0.0084545
0.013074
0.0127738
0.0177696
0.00818844
0.00818844
0.00818844
0.00818844
0.00854387
0.0096719
0.0096719
0.00775266
0.00882085
0.00882085
0.00882085
0.00882085
0.00882085
0.00837895
0.00837895
0.00837895
0.00837895
0.00837895
0.00837895
0.00837895
0.00837895
0.00837895
0.0139972
0.0139972
0.00700793
0.00700793
0.00700793
0.0079735
0.0079735
0.0079735
0.0079735
0.0078269
0.0078269
0.0078269
0.0078269
0.00842117
0.0134624
0.0134624
0.0134624
0.00838627
0.0150507
0.0109264
0.0109264
0.0109264
0.00722812
0.00722812
0.0115839
0.0129403
0.0129403
0.0114984
0.0114984
0.0114984
0.0114984
0.0114984
0.00857806
0.0137132
0.0137132
0.00845375
0.00318228
0.00318228
0.0069913
0.0069913
0.0069913
0.0069913
0.0069913
0.00919582
0.00636663
0.00636663
0.00636663
0.00636663
0.00845857
0.00845857
0.00845857
0.00845857
0.00845857
0.00839866
0.0178668
0.0178668
0.0178668
0.0178668
0.0178668
0.0178668
0.0140279
0.00657453
0.00657453
0.00657453
0.00657453
0.00657453
0.00657453
0.00657453
0.0069519
0.00867291
0.00867291
0.00867291
0.00960692
0.00960692
0.00960692
0.00953889
0.00953889
0.00953889
0.00953889
0.00953889
0.00953889
0.00953889
0.0124056
0.0124056
0.0124056
0.0124056
0.000841442
0.00906811
0.00906811
0.00913278
0.0068286
0.0068286
0.0068286
0.00843479
0.00865364
0.00938454
0.00919076
0.00919076
0.00919076
0.0150025
0.0150025
0.0120551
0.00858851
0.00646444
0.00646444
0.00646444
0.00646444
0.0133003
0.00954936
0.00954936
0.00954936
0.0155879
0.0155879
0.00659882
0.00659882
0.00659882
0.00659882
0.00659882
0.00876705
0.00876705
0.00876705
0.00876705
0.00870496
0.00932254
0.00932254
0.00938904
0.0143006
0.0143006
0.0143006
0.0143006
0.00724144
0.00724144
0.00878115
0.00878115
0.00878115
0.0130771
0.0130771
0.0123115
0.0144119
0.0144119
0.0144119
0.0142407
0.00929133
0.0124868
0.00884156
0.00884156
0.00884156
0.00884156
0.00884156
0.015615
0.015615
0.015615
0.015615
0.015615
0.0091822
0.0091822
0.0091822
0.0091822
0.0115234
0.0140772
0.0140772
0.0140772
0.00681582
0.00681582
0.00681582
0.00843199
0.00843199
0.0137639
0.0137639
0.0130163
0.0130163
0.00932971
0.0111413
0.0111413
0.0173524
0.0173524
0.0173524
0.0173524
0.0173524
0.0173524
0.00646194
0.00646194
0.00646194
0.00646194
0.00646194
0.00646194
0.00858519
0.00852439
0.00852439
0.00855111
0.0083018
0.0083018
0.0154129
0.0154129
0.0154129
0.0154129
0.00772808
0.0140347
0.00929921
0.00929921
0.0148661
0.0148661
0.0136775
0.00649383
0.00684089
0.00384994
0.00384994
0.00317235
0.00317235
0.00441305
0.00441305
0.00324691
0.00342044
0.00173203
0.00173203
0.00825668
0.00831557
0.00831557
0.012023
0.012023
0.012023
0.00764908
0.00764908
0.00026287
0.000264745
0.000264745
0.000382779
0.000382779
0.000382779
0.00827622
0.00458007
0.00458007
0.00425255
0.00425255
0.00600581
0.00600581
0.00300291
0.00300291
0.00300291
0.00212628
0.00212628
0.00300291
0.00300291
0.00478753
0.00478753
0.00357206
0.00357206
0.00357206
0.00357206
0.00357206
0.009048
0.0147695
0.0147695
0.00740548
0.00740548
0.00740548
0.00757013
0.0100575
0.0100575
0.00998628
0.00998628
0.00998628
0.00998628
0.00998628
0.00998628
0.00998628
0.00998628
0.0122789
0.0122789
0.0112027
0.0112027
0.0112027
0.0143088
0.00853665
0.00477622
0.00763547
0.00763547
0.00763547
0.00593301
0.00593301
0.00593301
0.00763547
0.00763547
0.00763547
0.00832935
0.0141883
0.0141883
0.00913234
0.00913234
0.00919748
0.0132981
0.0132981
0.0132981
0.0132981
0.0140088
0.0140088
0.00871163
0.00871163
0.00698293
0.00959077
0.0153322
0.0153322
0.0153322
0.00707291
0.00707291
0.00707291
0.00707291
0.00469934
0.00469934
0.00920671
0.00920671
0.00920671
0.00920671
0.0123731
0.0147182
0.0148787
0.0148787
0.0148787
0.0148787
0.0148787
0.0148787
0.0148787
0.00955495
0.00719187
0.00719187
0.00719187
0.00719187
0.00719187
0.00958529
0.00958529
0.0067115
0.0067115
0.0067115
0.0067115
0.0067115
0.0067115
0.0067115
0.0067115
0.0067115
0.0140696
0.0140696
0.0140696
0.00681211
0.0136387
0.0136387
0.0137353
0.0137353
0.0137353
0.0134199
0.00873846
0.00873846
0.00979977
0.00979977
0.00959741
0.00959741
0.01427
0.00761213
0.00761213
0.00761213
0.00761213
0.0121898
0.0121898
0.00668422
0.00668422
0.00668422
0.00668422
0.0130888
0.00905271
0.00681384
0.00681384
0.0142856
0.0142856
0.0142856
0.00660707
0.00660707
0.00660707
0.00660707
0.00660707
0.00660707
0.00660707
0.00698631
0.00871584
0.00871584
0.0150355
0.0150355
0.0150355
0.0150355
0.0150355
0.0150355
0.00865608
0.00865608
0.00865608
0.0125153
0.0125153
0.0122279
0.0132128
0.0091385
0.00687841
0.00687841
0.0133335
0.00858385
0.00858385
0.0124994
0.0124994
0.0124994
0.00666765
0.00795218
0.0123162
0.00851837
0.00641165
0.00641165
0.00976888
0.00976888
0.0133732
0.00924942
0.00924942
0.00924942
0.00924942
0.00924942
0.00924942
0.0139399
0.0139399
0.0139399
0.0139399
0.00674935
0.00964469
0.0154184
0.0154184
0.0154184
0.0154184
0.0154184
0.0137686
0.0137686
0.0137686
0.0137686
0.0137686
0.0071386
0.0071386
0.0071386
0.0071386
0.0071386
0.0071386
0.0071386
0.00754835
0.00941702
0.00941702
0.0142093
0.0142093
0.0142093
0.0142093
0.0142093
0.0134486
0.00872734
0.00872734
0.00872734
0.0125583
0.0136697
0.00683943
0.00683943
0.00683943
0.00921552
0.00928125
0.0134192
0.0134192
0.0134192
0.00927191
0.00933804
0.0135013
0.0135013
0.0135013
0.0135013
0.0142229
0.0142229
0.012349
0.00854108
0.00642875
0.00642875
0.0159009
0.00903317
0.00903317
0.00903317
0.00903317
0.0144408
0.0144408
0.0125887
0.0125887
0.0125887
0.0125887
0.0149747
0.0149747
0.0149747
0.0138865
0.00868427
0.013883
0.01399
0.00944772
0.00944772
0.00944772
0.00944772
0.00695648
0.00695648
0.00695648
0.00695648
0.00695648
0.00898903
0.00898903
0.00898903
0.00898903
0.00898903
0.00898903
0.00898903
0.000196504
0.000196504
0.000261071
0.000261071
0.000261071
0.000261071
0.000259222
0.000259222
0.000259222
0.0158137
0.0158137
0.0158137
0.0158137
0.00940477
0.00940477
0.00940477
0.00940477
0.0145862
0.0145862
0.0145862
0.00826352
0.00826352
0.00826352
0.00842283
0.00726134
0.00726134
0.00726134
0.00726134
0.00726134
0.00726134
0.00726134
0.00726134
0.00726134
0.00726134
0.00767813
0.00943294
0.00943294
0.00943294
0.00710003
0.00710003
0.0134677
0.00931482
0.00701112
0.00701112
0.0114615
0.00997157
0.00997157
0.00944461
0.0150985
0.0150985
0.0150985
0.0150985
0.0086361
0.0086361
0.0124864
0.0124864
0.0124864
0.0124864
0.00833684
0.011204
0.011204
0.00839538
0.0134212
0.0134212
0.0134212
0.0146173
0.0146173
0.0146173
0.0146173
0.00890763
0.00872369
0.00872369
0.0142401
0.0142401
0.0142401
0.0132921
0.0132921
0.0190985
0.0190985
0.0084822
0.0084822
0.0084822
0.0126319
0.0126319
0.00901557
0.0144127
0.0144127
0.0144127
0.0144127
0.0140775
0.0140775
0.0140775
0.00906107
0.00906107
0.00906107
0.0144854
0.0144854
0.0144854
0.0128845
0.00891142
0.00670749
0.00670749
0.0150803
0.0150803
0.0150803
0.0150803
0.0150803
0.0150803
0.00999006
0.0131514
0.0146421
0.0146421
0.0146421
0.0146421
0.0146421
0.0146421
0.0136195
0.00974014
0.00862515
0.00862515
0.0100551
0.0100551
0.0100551
0.0100551
0.0089372
0.0089372
0.0089372
0.0089372
0.0089372
0.0133095
0.00863247
0.00856638
0.0136946
0.0136946
0.00945698
0.00945698
0.0122694
0.0122694
0.0122694
0.00848601
0.00638729
0.00638729
0.0124615
0.0124615
0.00662176
0.00662176
0.00662176
0.0188409
0.0045665
0.0045665
0.0045665
0.00703686
0.00458211
0.00458211
0.00497178
0.00497178
0.00497178
0.00265426
0.00265426
0.00265426
0.00225896
0.00225896
0.00225896
0.00225896
0.00311163
0.00311163
0.00311163
0.00894687
0.00867287
0.0116556
0.0116556
0.0138648
0.0138648
0.0138648
0.00646864
0.00646864
0.00646864
0.00646864
0.00646864
0.00859409
0.00859409
0.00859409
0.00853323
0.0092305
0.0092305
0.0124051
0.0124051
0.0147563
0.0147563
0.0147563
0.0086971
0.0086971
0.0139035
0.0139035
0.0139035
0.00739683
0.00739683
0.00739683
0.00739683
0.00739683
0.00739683
0.00739683
0.00739683
0.00739683
0.00739683
0.00782141
0.00866303
0.0138491
0.0138491
0.0138491
0.0122266
0.00845642
0.00636502
0.00636502
0.0146178
0.0146178
0.0146178
0.0142627
0.0136728
0.0136728
0.0136728
0.0136728
0.0135677
0.0135677
0.0135677
0.00656915
0.0058557
0.00520324
0.00520324
0.00520324
0.00520324
0.00403654
0.00617473
0.00617473
0.00328111
0.00328111
0.00328111
0.00933573
0.0138744
0.0095961
0.00722284
0.00722284
0.013657
0.013657
0.013657
0.00710964
0.00710964
0.00710964
0.0122569
0.0122569
0.0122569
0.00847734
0.0142729
0.0142729
0.0142729
0.0142729
0.0142729
0.0142729
0.0142729
0.00854079
0.00854079
0.0136537
0.0136537
0.00646122
0.00852344
0.00852344
0.00852344
0.00852344
0.00852344
0.00852344
0.00852344
0.00852344
0.00852344
0.00932658
0.00975724
0.00975724
0.0155983
0.0155983
0.0155983
0.0155983
0.0127362
0.0127362
0.00880886
0.00663029
0.00663029
0.0083728
0.0083728
0.0112524
0.0112524
0.0133851
0.0133851
0.0133851
0.00882349
0.00882349
0.00882349
0.00882349
0.00882349
0.0131402
0.0131402
0.00977402
0.00977402
0.00977402
0.0156252
0.0156252
0.0156252
0.0125483
0.0125483
0.0125483
0.00666787
0.00666787
0.00666787
0.0189721
0.0189721
0.0120984
0.0120984
0.0120984
0.00644629
0.00644629
0.00660478
0.00660478
0.00660478
0.00660478
0.0060259
0.00418768
0.00418768
0.00418768
0.0144329
0.0144329
0.0125025
0.0125025
0.00664355
0.00664355
0.00664355
0.0189029
0.00712021
0.00712021
0.00712021
0.0133996
0.0133996
0.0133996
0.0133996
0.00931232
0.0122121
0.00844637
0.00635746
0.00635746
0.0124503
0.00861115
0.00648148
0.00648148
0.0073084
0.00970978
0.00964101
0.00964101
0.00964101
0.00964101
0.00964101
0.00964101
0.00964101
0.00964101
0.00975861
0.00975861
0.00975861
0.0156005
0.0156005
0.0156005
0.0134791
0.0134791
0.00932268
0.00932268
0.00888454
0.00894791
0.00894791
0.00669036
0.00669036
0.0190361
0.0124484
0.00664047
0.00664047
0.00664047
0.0122636
0.0131145
0.00907051
0.00682724
0.00682724
0.0140893
0.0140893
0.0140893
0.0140893
0.0133489
0.0133489
0.00976655
0.0120194
0.0125645
0.00869011
0.00654092
0.00654092
0.00654092
0.00841291
0.00841291
0.00841291
0.00707577
0.00707577
0.00707577
0.00707577
0.00707577
0.00908508
0.0062836
0.0062836
0.0062836
0.00472957
0.00472957
0.00481875
0.00333284
0.00333284
0.00444735
0.00444735
0.00444735
0.00314905
0.00314905
0.00314905
0.00985329
0.00985329
0.0157519
0.0157519
0.0157519
0.0140805
0.0140805
0.0120395
0.0120395
0.0120395
0.00930106
0.00930106
0.00930106
0.00930106
0.00930106
0.00930106
0.00930106
0.00930106
0.00930106
0.00930106
0.00846072
0.00846072
0.0135257
0.0135257
0.0135257
0.00868913
0.0116775
0.0116775
0.0138908
0.0138908
0.0138908
0.00959733
0.00959733
0.00959733
0.00959733
0.0140741
0.0140741
0.00467424
0.0128668
0.00848391
0.00848391
0.00848391
0.00848391
0.00848391
0.00404556
0.014028
0.0127985
0.0127985
0.0127985
0.0146588
0.0146588
0.0146588
0.0145777
0.0145777
0.0145777
0.0145777
0.0142899
0.0142899
0.00987864
0.00987864
0.0157924
0.0157924
0.0157924
0.00930122
0.0148693
0.0148693
0.0148693
0.0128471
0.0128471
0.0128471
0.00888553
0.00668801
0.00668801
0.00957951
0.00957951
0.00826003
0.00826003
0.00808946
0.00808946
0.00744732
0.00744732
0.00744732
0.00744732
0.00744732
0.00744732
0.00744732
0.00848456
0.00848456
0.00848456
0.00848456
0.0135638
0.0135638
0.00993333
0.00993333
0.00993333
0.00993333
0.0112227
0.0157797
0.0157797
0.0157797
0.0157797
0.0105842
0.0136212
0.00830394
0.00991637
0.00991637
0.00991637
0.00991637
0.0154446
0.013275
0.013275
0.00646062
0.00646062
0.00646062
0.00646062
0.00646062
0.0100331
0.0100331
0.0100331
0.0144733
0.0144733
0.0144733
0.0144733
0.0144733
0.00662836
0.00662836
0.00880629
0.00880629
0.00880629
0.00880629
0.00880629
0.00880629
0.00874393
0.0114949
0.0137575
0.00855032
0.00855032
0.0123624
0.0123624
0.0123624
0.0130231
0.0130231
0.0130231
0.00955453
0.00955453
0.0152743
0.0152743
0.0152743
0.0152743
0.0152743
0.00831108
0.00831108
0.00831108
0.00831108
0.00831108
0.00639127
0.00639127
0.00639127
0.00639127
0.0084913
0.0084913
0.0084913
0.00843117
0.00843117
0.00843117
0.00843117
0.0128042
0.0128042
0.0128042
0.0128042
0.0128042
0.0128042
0.00831901
0.00831901
0.00831901
0.00831901
0.00831901
0.00831901
0.00831901
0.00826009
0.00826009
0.00826009
0.00627628
0.00627628
0.00833852
0.00833852
0.00833852
0.00827947
0.00827947
0.00827947
0.00827947
0.0126296
0.00873511
0.00657478
0.00657478
0.0129303
0.00894313
0.00673136
0.00673136
0.00854897
0.0136667
0.0136667
0.0136667
0.0131711
0.00910967
0.00910967
0.00910967
0.00685671
0.00685671
0.00854614
0.0136622
0.0136622
0.0136622
0.0136622
0.00838084
0.00838084
0.00838084
0.00838084
0.00838084
0.00838084
0.00629938
0.00629938
0.00629938
0.00629938
0.00836921
0.00836921
0.00836921
0.00830994
0.00830994
0.00830994
0.0131312
0.0131312
0.00683593
0.00683593
0.00683593
0.00683593
0.0139158
0.0139158
0.0139158
0.0135777
0.0135777
0.0130161
0.0130161
0.0130161
0.00872801
0.00872801
0.00699606
0.00699606
0.00699606
0.00657249
0.00657249
0.00879026
0.00631765
0.0125094
0.0125094
0.00865199
0.00651222
0.00651222
0.0135961
0.0135961
0.0135961
0.0135961
0.0135961
0.0135961
0.0123353
0.0135424
0.0135424
0.0135424
0.0135424
0.00850128
0.0122915
0.0122915
0.0122915
0.0078199
0.0142369
0.0142369
0.0142369
0.0142369
0.00855438
0.00855438
0.00855438
0.0124565
0.0124565
0.0124565
0.0124368
0.0124368
0.0124368
0.0124368
0.00860177
0.00882162
0.00882162
0.00882162
0.00882162
0.00882162
0.00882162
0.0123436
0.00866133
0.00651925
0.00651925
0.00651925
0.00651925
0.00651925
0.013647
0.0133155
0.0133155
0.0127647
0.0127647
0.0127647
0.0132939
0.0132939
0.0132939
0.0132939
0.0132939
0.0132939
0.0132939
0.0141247
0.0141247
0.0141247
0.00834081
0.00834081
0.0134489
0.0134489
0.0134489
0.00681019
0.00681019
0.00681019
0.00947586
0.00947586
0.00799589
0.016102
0.016102
0.016102
0.016102
0.016102
0.016102
0.016102
0.00825849
0.0110988
0.0110988
0.0110988
0.00836771
0.00842739
0.00842739
0.0121847
0.0121847
0.0121847
0.0121847
0.0119048
0.0131076
0.00939496
0.00939496
0.00939496
0.00939496
0.0150192
0.0150192
0.0084447
0.0084447
0.0084447
0.00676965
0.00676965
0.00906754
0.00854523
0.012271
0.00634584
0.00634584
0.0119423
0.0119423
0.0119423
0.0132622
0.00690411
0.00690411
0.00690411
0.00690411
0.00929565
0.00929565
0.00936195
0.0142593
0.0142593
0.0142593
0.0123076
0.00750293
0.00750293
0.00750293
0.00996822
0.00996822
0.00996822
0.00996822
0.00996822
0.00996822
0.00996822
0.00859042
0.00859042
0.013733
0.013733
0.00977925
0.0156335
0.0156335
0.0156335
0.013215
0.00913999
0.00687953
0.00687953
0.00687953
0.0140666
0.0137693
0.011305
0.011305
0.011305
0.0134477
0.0134477
0.0120759
0.0149584
0.0149584
0.0149584
0.00709304
0.00709304
0.00961684
0.00941825
0.00941825
0.00941825
0.0153739
0.0153739
0.00689912
0.00689912
0.00689912
0.00689912
0.00689912
0.00689912
0.00916602
0.0091011
0.0091011
0.0091011
0.0091011
0.00669016
0.00669016
0.00669016
0.00669016
0.00669016
0.00669016
0.00669016
0.00669016
0.00882545
0.00882545
0.0135823
0.00707076
0.00707076
0.00707076
0.00707076
0.00707076
0.0130306
0.0130306
0.0130306
0.0118885
0.0118885
0.00678357
0.00657553
0.00657553
0.00657553
0.00657553
0.00657553
0.00657553
0.00657553
0.00657553
0.00867423
0.00867423
0.012362
0.00855006
0.0064355
0.0064355
0.000799007
0.00857896
0.00919097
0.00919097
0.0146931
0.0146931
0.0146931
0.0115766
0.00886431
0.00886431
0.0141709
0.0141709
0.0141709
0.0141709
0.00961242
0.00961242
0.00961242
0.00941393
0.00941393
0.0153668
0.0153668
0.0153668
0.0049008
0.0127107
0.0127107
0.0146764
0.00720469
0.0144957
0.00836047
0.00836047
0.00836047
0.00836047
0.00836047
0.00836047
0.00825117
0.00704041
0.00701256
0.00701256
0.00813618
0.0124949
0.00682193
0.00682193
0.013694
0.0116819
0.0116819
0.00894901
0.00894901
0.00894901
0.00940424
0.00717696
0.0107337
0.0107337
0.0107337
0.00720475
0.0127137
0.0159274
0.00796738
0.00796738
0.0115581
0.0115581
0.00689435
0.00878065
0.00878065
0.00878065
0.0140371
0.0140371
0.0140371
0.0140371
0.00884317
0.0121876
0.0117441
0.00831358
0.00831358
0.00831358
0.0126704
0.0135232
0.0135232
0.00670398
0.0133691
0.00971209
0.00971209
0.00971209
0.00971209
0.00971209
0.00971209
0.00971209
0.0124876
0.0169725
0.00794464
0.00794464
0.00782112
0.00782112
0.00782112
0.0081606
0.0145904
0.0145904
0.00979413
0.00979413
0.0131625
0.0131625
0.0156573
0.00885366
0.00885366
0.00885366
0.00885366
0.00885366
0.00885366
0.00885366
0.00828613
0.0123862
0.00856677
0.00644808
0.00644808
0.00644808
0.0070327
0.0070327
0.0070327
0.0070327
0.0070327
0.00526629
0.00239851
0.00322341
0.00322341
0.00322341
0.0123403
0.0123403
0.0131576
0.0131576
0.0193766
0.0105817
0.0105817
0.0105817
0.0139349
0.00845149
0.00845149
0.0135109
0.0135109
0.0103581
0.0110261
0.0110261
0.00665262
0.0099111
0.0099111
0.00829953
0.00898175
0.00427599
0.00510628
0.00510628
0.00574659
0.00427599
0.00342748
0.00342748
0.00342748
0.0139793
0.00966863
0.00966863
0.00966863
0.00727743
0.00727743
0.00727743
0.00878096
0.0127864
0.0127864
0.0127864
0.0127864
0.0127864
0.00949056
0.0117748
0.0121434
0.0121434
0.0121434
0.0121434
0.0134775
0.0134775
0.0134775
0.0093216
0.00701623
0.00701623
0.00701623
0.00728263
0.00728263
0.0148351
0.00751214
0.0104526
0.0104526
0.0160792
0.0160792
0.0146222
0.0146222
0.0138909
0.0138909
0.00874064
0.00874064
0.0126376
0.0126376
0.0126376
0.0126376
0.0103639
0.0161416
0.00914144
0.00914144
0.00914144
0.00688063
0.00688063
0.00688063
0.0125936
0.0137759
0.0137759
0.00682925
0.00682925
0.0136189
0.00402907
0.00402907
0.00540247
0.00540247
0.00717232
0.00717232
0.00347265
0.00695268
0.00682089
0.00965664
0.0146413
0.00748268
0.00748268
0.00748268
0.00748268
0.00748268
0.00748268
0.00748268
0.00791218
0.00987091
0.00987091
0.00348851
0.00348851
0.00695749
0.00695749
0.00695749
0.00695749
0.00348886
0.00348886
0.00806001
0.00619182
0.00338059
0.00338059
0.0122862
0.0122862
0.0122862
0.00639603
0.00639603
0.00933993
0.00991883
0.0090247
0.00858784
0.00858784
0.00858784
0.00723388
0.0068412
0.0134905
0.0134905
0.0134905
0.00954114
0.00954114
0.00947357
0.00947357
0.00947357
0.00947357
0.00947357
0.00947357
0.00947357
0.00947357
0.0120739
0.00841318
0.00841318
0.00841318
0.0113066
0.0113066
0.0113066
0.00926788
0.00926788
0.00926788
0.0069758
0.0069758
0.0069758
0.00736982
0.00736982
0.0147298
0.0147298
0.0147298
0.008393
0.00779361
0.00952128
0.00952128
0.00972203
0.0121717
0.0121717
0.0121717
0.00841841
0.00704456
0.0108301
0.0108301
0.00980197
0.00980197
0.00827107
0.00929473
0.0129118
0.0141753
0.0141753
0.0141753
0.0141753
0.012574
0.00815975
0.0117415
0.00865552
0.0146942
0.0146942
0.0141288
0.00979287
0.00893117
0.00893117
0.00931883
0.00931883
0.00931883
0.00931883
0.0148371
0.00784962
0.00868708
0.00653863
0.00653863
0.00653863
0.00964811
0.00964811
0.00964811
0.00773359
0.00773359
0.00731378
0.0115215
0.0100749
0.0100749
0.0100749
0.0100749
0.0131917
0.0131917
0.0131917
0.0131917
0.0131917
0.014526
0.014526
0.00252866
0.00987434
0.0132703
0.0132703
0.0157855
0.0157855
0.0157855
0.0157855
0.0132774
0.0100366
0.0100366
0.0100366
0.0100366
0.0100366
0.0130157
0.00734165
0.00734165
0.00734165
0.00734165
0.00734165
0.00734165
0.0143426
0.00225018
0.00225018
0.00225018
0.00225018
0.00225018
0.00298954
0.00298954
0.00296837
0.00296837
0.00394094
0.00770263
0.00586896
0.00405589
0.00331994
0.00556572
0.00383665
0.00229519
0.00164852
0.00295781
0.00135196
0.00110665
0.00185524
0.00127888
0.00229519
0.00164852
0.00273213
0.00110665
0.00110665
0.00104647
0.00139032
0.00229519
0.00164852
0.00295781
0.00135196
0.00110665
0.00185524
0.00127888
0.00932699
0.00932699
0.00464573
0.00464573
0.00501477
0.0130965
0.0073705
0.0073705
0.0073705
0.00671328
0.010108
0.0100005
0.0100005
0.0100005
0.0100005
0.0100005
0.00634824
0.00671262
0.0098473
0.00789325
0.00789325
0.00789325
0.00746478
0.00909157
0.00909157
0.00909157
0.00640676
0.00640676
0.00640676
0.00482227
0.00482227
0.00482227
0.00481906
0.00481906
0.00481906
0.00239517
0.00239517
0.00524543
0.00450749
0.00450749
0.00889914
0.00889914
0.0119597
0.0119597
0.0119597
0.0119597
0.0119597
0.0100236
0.0100236
0.0096847
0.0096847
0.0096847
0.0154824
0.0154824
0.0154824
0.0154824
0.0129742
0.00962937
0.00962937
0.00837315
0.00843287
0.0119126
0.0119126
0.0119126
0.00650398
0.0100236
0.0100236
0.00903043
0.0131497
0.0131497
0.0131497
0.0131497
0.00701453
0.00701453
0.00736827
0.00736827
0.00736827
0.00736827
0.00970746
0.00970746
0.00970746
0.00950701
0.00950701
0.00950701
0.00950701
0.00950701
0.0144094
0.0144915
0.0144915
0.00939434
0.00939434
0.00939434
0.00939434
0.00939434
0.00939434
0.00939434
0.0138559
0.000627199
0.0145709
0.0145709
0.0127802
0.0127802
0.0152025
0.0152025
0.0152025
0.0152025
0.00296458
0.0094965
0.00777333
0.0130316
0.0130316
0.0130316
0.0155016
0.0155016
0.0155016
0.00930964
0.00930964
0.00930964
0.00700722
0.00700722
0.00700722
0.0126812
0.00625094
0.0043234
0.0043234
0.00429278
0.00429278
0.00429278
0.00533248
0.00625094
0.0043234
0.0043234
0.00570307
0.00396333
0.00658502
0.00370594
0.00985117
0.00985117
0.00985117
0.00985117
0.00985117
0.0125802
0.00870099
0.00870099
0.00870099
0.00870099
0.0185108
0.0114776
0.00667895
0.00667895
0.00881066
0.00881066
0.00881066
0.00881066
0.00881066
0.00881066
0.00881066
0.0113895
0.00649883
0.00649883
0.00649883
0.00888358
0.00627938
0.00627938
0.00627938
0.00627938
0.00627938
0.00627938
0.00627938
0.0136583
0.0138659
0.0142112
0.0142112
0.0142112
0.0142112
0.00891194
0.00891194
0.0111689
0.0111689
0.0111689
0.0111689
0.0111689
0.00701453
0.00972328
0.00972328
0.00972328
0.00972328
0.0128118
0.00933569
0.00933569
0.00933569
0.0149244
0.0149244
0.0149244
0.00667334
0.00667334
0.00667334
0.00667334
0.00667334
0.00886605
0.00880327
0.00880327
0.00880327
0.0141529
0.0141529
0.0141529
0.0141529
0.0141529
0.0141529
0.0141529
0.0141529
0.0121551
0.0121551
0.0121551
0.00974036
0.00891624
0.00891624
0.00891624
0.00891624
0.00891624
0.00891624
0.0119827
0.0119827
0.00992535
0.012699
0.012699
0.013213
0.013213
0.013213
0.013213
0.013213
0.0151631
0.00864949
0.0145253
0.0145253
0.0145253
0.0145253
0.0067596
0.0067596
0.0067596
0.0067596
0.0067596
0.0067596
0.0071476
0.00891705
0.00891705
0.00891705
0.00891705
0.00917869
0.00691186
0.00691186
0.00691186
0.00691186
0.00691186
0.0196663
0.0196663
0.00447157
0.00906593
0.0124537
0.0100732
0.0123043
0.0123043
0.00773132
0.00441147
0.00441147
0.00441147
0.00441147
0.0141159
0.00976308
0.00976308
0.00976308
0.00734852
0.00734852
0.00734852
0.00734852
0.00745677
0.00745677
0.00745677
0.00745677
0.00745677
0.00990689
0.00983673
0.00983673
0.00983673
0.00983673
0.00983673
0.00486164
0.00486164
0.0103428
0.00780593
0.00599635
0.00893985
0.00893985
0.00486164
0.00486164
0.0103428
0.00472753
0.00599635
0.00893985
0.00893985
0.00666806
0.00461189
0.0098115
0.00608363
0.0042278
0.0042278
0.00608363
0.00333403
0.00230595
0.00230595
0.00230595
0.00228962
0.00228962
0.00228962
0.00333403
0.00346899
0.00346899
0.00346899
0.00338471
0.00338471
0.00338471
0.0135977
0.0135977
0.00940408
0.0135963
0.0152207
0.012085
0.00835843
0.0078975
0.0078975
0.0078975
0.0153699
0.0136867
0.0132396
0.0132396
0.0132263
0.00914786
0.00688545
0.00688545
0.00688545
0.00924666
0.00924666
0.00875967
0.00869764
0.0116889
0.00827662
0.00827662
0.00827662
0.008975
0.0100497
0.0100497
0.0153037
0.00166042
0.00166042
0.00166042
0.00331155
0.00409973
0.00409973
0.0018892
0.0018892
0.00385275
0.00166059
0.0019125
0.0019125
0.0019125
0.00409973
0.0018892
0.0018892
0.00409973
0.00275201
0.00275201
0.0019125
0.0019125
0.00409973
0.0018892
0.0018892
0.00166042
0.00166042
0.00166042
0.00331155
0.00165402
0.00197121
0.00293558
0.00293558
0.0138989
0.0138989
0.00649689
0.00649689
0.00649689
0.00649689
0.00649689
0.00649689
0.00649689
0.00686981
0.0137012
0.0137012
0.0085705
0.0091642
0.0091642
0.0091642
0.0149592
0.0149592
0.0149592
0.0149592
0.0132667
0.0132667
0.0132667
0.00917579
0.00917579
0.00917579
0.0126857
0.0126857
0.0126857
0.00881585
0.013585
0.013585
0.0188981
0.0096992
0.0088593
0.0088593
0.0088593
0.0088593
0.0088593
0.0088593
0.0088593
0.0100671
0.00999584
0.00999584
0.00999584
0.00999584
0.00999584
0.00999584
0.00999584
0.00999584
0.00999584
0.0115664
0.0100595
0.0100595
0.0100595
0.0100595
0.00831407
0.0124474
0.0124179
0.0129205
0.0129205
0.0126066
0.0105933
0.0157934
0.0157934
0.0157934
0.0139828
0.0139828
0.00921474
0.013938
0.013938
0.00957838
0.0130801
0.0130801
0.0129754
0.00897433
0.00897433
0.00897433
0.00891077
0.00891077
0.00714256
0.013954
0.013954
0.00837361
0.0134881
0.0121611
0.00794726
0.00794726
0.00794726
0.00835152
0.00841109
0.0139697
0.0139697
0.0139697
0.0139697
0.00916665
0.00923203
0.013348
0.013348
0.013348
0.013348
0.00890453
0.00985157
0.0137843
0.0137843
0.013231
0.013231
0.00860439
0.0121996
0.0121996
0.0130764
0.0130764
0.00901267
0.00901267
0.0126408
0.0126408
0.0126408
0.0126408
0.0067654
0.0067654
0.00464608
0.00467922
0.00467922
0.00467922
0.0067654
0.0067654
0.00686824
0.00686824
0.00703926
0.00703926
0.0150382
0.0124327
0.012936
0.012936
0.012936
0.000395486
0.0153144
0.00653794
0.00653794
0.00653794
0.00653794
0.00653794
0.00653794
0.00868616
0.00862465
0.00862465
0.00862465
0.00649967
0.00649967
0.00649967
0.00649967
0.00649967
0.00649967
0.00649967
0.00649967
0.00857416
0.00946311
0.0138222
0.0138222
0.0138222
0.0126107
0.00719563
0.00719563
0.00953914
0.00914696
0.00914696
0.00914696
0.0133194
0.0133194
0.0133194
0.0133194
0.0133898
0.00979916
0.00979916
0.00979916
0.00979916
0.00979916
0.00979916
0.00979916
0.00979916
0.00979916
0.00847676
0.00782621
0.00782621
0.00676846
0.0135513
0.00950672
0.00626252
0.00626252
0.00626252
0.00626252
0.00626252
0.00626252
0.01436
0.01436
0.0091495
0.0091495
0.0091495
0.0091495
0.0091495
0.0091495
0.0091495
0.0091495
0.0141195
0.00976562
0.00976562
0.00976562
0.00735043
0.00735043
0.00735043
0.00911139
0.00911139
0.00911139
0.00911139
0.00911139
0.0145658
0.0100115
0.0100115
0.0100115
0.0100115
0.0126692
0.00876251
0.00659541
0.00659541
0.00659541
0.0154641
0.00853748
0.00853748
0.00853748
0.00853748
0.0130577
0.0130577
0.0130577
0.0090312
0.0120513
0.0120513
0.00817819
0.00817819
0.00817819
0.00458245
0.00647172
0.0120412
0.0120412
0.0120412
0.0120412
0.0062685
0.0062685
0.00927647
0.00927647
0.00831976
0.00906751
0.00906751
0.00906751
0.00906751
0.00906751
0.00906751
0.00906751
0.00906751
0.00924038
0.0136962
0.0136962
0.0142004
0.0142004
0.0142004
0.0128018
0.0138849
0.0138849
0.0138849
0.00960338
0.00960338
0.00953537
0.00953537
0.0123332
0.0148885
0.0148885
0.00984726
0.00984726
0.00964392
0.00964392
0.00964392
0.0136072
0.00674424
0.00674424
0.00674424
0.00674424
0.00674424
0.00674424
0.00644521
0.00502846
0.0139491
0.0132644
0.0132644
0.0132644
0.0132644
0.00690529
0.00690529
0.00690529
0.00910593
0.00910593
0.00910593
0.00910593
0.00910593
0.00629705
0.00629705
0.00629705
0.00629705
0.00836611
0.00830687
0.00830687
0.00830687
0.00830687
0.00830687
0.00839752
0.0135594
0.0135594
0.0135594
0.00937823
0.00705885
0.00705885
0.00705885
0.00943635
0.00943635
0.00943635
0.0150853
0.0150853
0.0150853
0.0150853
0.0143623
0.00855785
0.0145665
0.0145665
0.0145665
0.0145665
0.0145665
0.0145665
0.0145665
0.0145665
0.0145665
0.00261614
0.00668624
0.013566
0.013566
0.0093828
0.00931635
0.00931635
0.00931635
0.00931635
0.00849658
0.00849658
0.0125205
0.0125205
0.00481782
0.00481782
0.00481782
0.00647477
0.00647477
0.00386218
0.00481782
0.00481782
0.00575333
0.00953511
0.00701548
0.00701548
0.00665376
0.00665376
0.00877744
0.00877744
0.00877744
0.00877744
0.00877744
0.00877744
0.00877744
0.00877744
0.00626998
0.00626998
0.00626998
0.00626998
0.00833015
0.00827116
0.00827116
0.00827116
0.00827116
0.0113265
0.0067295
0.0101727
0.0100645
0.00863767
0.00675556
0.00675556
0.00675556
0.0145415
0.00635645
0.00436524
0.000858386
0.0136543
0.00961336
0.00961336
0.0137737
0.0084695
0.0084622
0.0084622
0.00828326
0.00828326
0.00961243
0.00961243
0.00961243
0.00961243
0.00961243
0.00961243
0.00961243
0.00961243
0.00937844
0.00937844
0.00937844
0.00937844
0.00699051
0.00699051
0.00699051
0.00699051
0.00699051
0.00699051
0.00699051
0.00736338
0.00736338
0.00736338
0.00736338
0.00736338
0.00736338
0.00736338
0.00736338
0.00778604
0.00971354
0.00854663
0.00854663
0.00854663
0.00854663
0.00854663
0.00854663
0.011486
0.0136741
0.0136741
0.0136741
0.00687502
0.00687502
0.00687502
0.00687502
0.00687502
0.00687502
0.00913399
0.00906931
0.00906931
0.00906931
0.00906931
0.00453532
0.00999
0.00999
0.00871342
0.00871342
0.00923082
0.00923082
0.00860525
0.00860525
0.00860525
0.00860525
0.00860525
0.00860525
0.00860525
0.00860525
0.012409
0.012409
0.012409
0.00922309
0.00922309
0.00922309
0.00922309
0.0107692
0.0126492
0.0126492
0.0126492
0.00874868
0.00874868
0.00125271
0.00125271
0.00948526
0.00948526
0.0124838
0.0124838
0.0124838
0.0124838
0.00954096
0.00791825
0.00791825
0.00372197
0.00372197
0.00538138
0.00538138
0.00538138
0.00538138
0.00490972
0.00791825
0.00791825
0.00372197
0.00372197
0.00538138
0.00538138
0.00538138
0.00538138
0.00538138
0.0027461
0.0027461
0.0012552
0.0012552
0.0012552
0.00204892
0.00204892
0.00204892
0.0144783
0.0144783
0.0144783
0.00910617
0.00910617
0.00910617
0.00910617
0.00910617
0.00910617
0.00910617
0.0145575
