0.00716781
0.00716781
0.0160994
0.0160994
0.0112641
0.0112641
0.0112641
0.0112641
0.00737554
0.00737554
0.0123396
0.0132405
0.0132405
0.0132405
0.0132405
0.00852912
0.00852912
0.00852912
0.00852912
0.00852912
0.00757608
0.00757608
0.00757608
0.00757608
0.00757608
0.011516
0.0127339
0.0127339
0.0127339
0.0127339
0.0127339
0.0127339
0.00808301
0.00732771
0.0134245
0.0134245
0.0134245
0.0158462
0.00461308
0.00613602
0.00613602
0.00613602
0.00613602
0.00613602
0.00558572
0.00558572
0.00558572
0.00752555
0.0102192
0.0102192
0.0102192
0.00795377
0.00795377
0.00795377
0.00720548
0.00720548
0.0117873
0.0117873
0.0117873
0.0117873
0.0117873
0.0117873
0.0077034
0.0077034
0.00816737
0.0117429
0.0117429
0.00670384
0.0122815
0.0122815
0.0122815
0.00640168
0.00771066
0.0116664
0.0116664
0.0116664
0.0116664
0.00778089
0.00778089
0.00778089
0.00778089
0.0103496
0.00863475
0.00863475
0.00863475
0.00863475
0.00863475
0.00863475
0.0123482
0.0123482
0.0123482
0.0123482
0.0123482
0.00754721
0.0157663
0.00698038
0.00698038
0.00652972
0.00663532
0.00663532
0.0173428
0.0173428
0.00823144
0.00823144
0.00823144
0.00823144
0.00823144
0.00823144
0.00823144
0.00706585
0.00706585
0.0152799
0.0152799
0.0127068
0.0075038
0.00875784
0.00875784
0.00875784
0.00875784
0.00875784
0.00875784
0.00722814
0.0132421
0.00925367
0.00925367
0.0129987
0.0129987
0.00767615
0.00718287
0.0131591
0.0131591
0.0131591
0.0131591
0.00765126
0.0115765
0.0115765
0.0115765
0.00756907
0.00756907
0.00756907
0.00756907
0.00756907
0.00756907
0.00725527
0.0132918
0.0132918
0.0132918
0.0132918
0.00714746
0.0102765
0.0102765
0.0102765
0.000477721
0.000477721
0.00778412
0.0111919
0.0111919
0.0129541
0.0129541
0.0129541
0.0175907
0.00657275
0.00657275
0.00657275
0.00657275
0.00657275
0.0107522
0.0107522
0.0107522
0.00702693
0.00708216
0.0101826
0.0101826
0.0099076
0.00743346
0.00734364
0.00872531
0.00872531
0.00872531
0.00872531
0.00872531
0.00872531
0.00670127
0.00670127
0.00670127
0.00670127
0.00670127
0.00670127
0.00670127
0.0101914
0.00716434
0.00716434
0.00678899
0.00678899
0.00678899
0.00678899
0.00678899
0.0103138
0.0114046
0.0114046
0.0114046
0.0114046
0.0114046
0.0114046
0.00723917
0.010411
0.0115121
0.0115121
0.0115121
0.0115121
0.0115121
0.0115121
0.00730746
0.00715709
0.0108288
0.0108288
0.00661956
0.00762023
0.00762023
0.00762023
0.00828555
0.00828555
0.00828555
0.000489025
0.00828356
0.00828356
0.00828356
0.00637072
0.00637072
0.00968867
0.00681095
0.00681095
0.00681095
0.00681095
0.00681095
0.00681095
0.0113631
0.0125649
0.0125649
0.0125649
0.0125649
0.0125649
0.0125649
0.00797573
0.00703684
0.00732433
0.00397192
0.00466823
0.00620938
0.00620938
0.00620938
0.00620938
0.00620938
0.00565249
0.00565249
0.00565249
0.00761552
0.0103413
0.0103413
0.00620938
0.00741902
0.0108933
0.0120454
0.0120454
0.0120454
0.0120454
0.0120454
0.0120454
0.00764593
0.0086083
0.0086083
0.0086083
0.0086083
0.0086083
0.0086083
0.0086083
0.00905585
0.00905585
0.00905585
0.010592
0.00931721
0.00931721
0.00931721
0.00931721
0.00931721
0.0034679
0.00377068
0.00377068
0.00377068
0.00377068
0.00377068
0.00493521
0.00493521
0.00493521
0.00664914
0.00902906
0.00902906
0.0069495
0.0069495
0.0105147
0.0105147
0.0109355
0.012092
0.012092
0.012092
0.012092
0.012092
0.012092
0.00767554
0.00610748
0.00610748
0.00610748
0.00610748
0.00610748
0.00999113
0.00999113
0.00999113
0.00999113
0.0158086
0.00863258
0.00750325
0.00750325
0.00750325
0.00750325
0.00750325
0.00750325
0.00711544
0.0107658
0.0119044
0.0119044
0.0127736
0.0127736
0.0127736
0.0127736
0.00625309
0.00625309
0.00625309
0.00625309
0.00625309
0.00625309
0.00625309
0.00625309
0.00625309
0.00625309
0.00950978
0.00753438
0.00753438
0.00753438
0.0138031
0.0138031
0.00765972
0.00792471
0.00792471
0.00792471
0.00792471
0.00792471
0.0112206
0.0112206
0.0112206
0.00853029
0.00853029
0.0205282
0.006699
0.0122727
0.0122727
0.0122727
0.00747613
0.00747613
0.00812888
0.00812888
0.00812888
0.00664237
0.00754453
0.00754453
0.0138217
0.0138217
0.0138217
0.016315
0.00660427
0.00660427
0.0175829
0.0175829
0.0175829
0.0175829
0.00834543
0.00834543
0.00834543
0.00834543
0.00661744
0.0154726
0.00844911
0.00844911
0.00844911
0.00734378
0.00734378
0.00734378
0.00734378
0.00708048
0.0114777
0.0126916
0.0126916
0.0126916
0.0126916
0.0126916
0.0126916
0.00805615
0.00864408
0.00864408
0.00864408
0.00864408
0.00864408
0.00864408
0.0117868
0.0117868
0.0117868
0.0107252
0.0107252
0.00932791
0.00932791
0.00932791
0.00932791
0.00932791
0.00932791
0.00663533
0.00779856
0.00779856
0.00779856
0.0103731
0.0103731
0.00795657
0.00795657
0.00749763
0.00749763
0.00749763
0.00749763
0.0105094
0.0101055
0.0101055
0.00667904
0.00667904
0.00667904
0.00667904
0.00820418
0.00820418
0.0104424
0.00642838
0.00642838
0.00642838
0.00642838
0.00642838
0.00642838
0.00642838
0.00977636
0.00687259
0.00687259
0.00717172
0.00717172
0.00717172
0.00717172
0.0103114
0.00430843
0.00430843
0.0103167
0.0103167
0.0103167
0.0103167
0.0103167
0.00563904
0.00563904
0.00563904
0.0075974
0.0103167
0.0103167
0.0103167
0.00719795
0.00719795
0.00719795
0.00719795
0.00726968
0.00726968
0.00741838
0.00741838
0.00741838
0.00742851
0.0136092
0.0136092
0.0136092
0.0160642
0.0157157
0.0085819
0.00745921
0.00745921
0.00745921
0.00745921
0.00745921
0.00745921
0.00793463
0.00793463
0.00793463
0.00793463
0.00793463
0.00793463
0.00793463
0.00793463
0.00793463
0.00793463
0.0173734
0.0173734
0.0173734
0.0173734
0.00824598
0.00824598
0.00824598
0.00824598
0.00730374
0.00730374
0.00730374
0.00730374
0.0069639
0.0069639
0.0069639
0.00757193
0.00757193
0.0067113
0.0067113
0.0067113
0.0067113
0.00916695
0.00916695
0.00916695
0.00916695
0.00916695
0.0082833
0.0082833
0.0082833
0.00968839
0.00968839
0.00749626
0.00749626
0.00749626
0.00749626
0.0063829
0.0063829
0.0063829
0.0063829
0.0063829
0.0063829
0.0063829
0.0063829
0.0063829
0.0063829
0.00970719
0.00788176
0.00926349
0.0123217
0.0123217
0.00861607
0.00861607
0.00861607
0.00861607
0.00861607
0.00861607
0.00861607
0.0124718
0.0158795
0.0086713
0.00753691
0.00753691
0.00753691
0.00753691
0.00753691
0.00753691
0.00843385
0.00843385
0.00843385
0.00843385
0.00843385
0.0111399
0.0111399
0.00775986
0.00814368
0.00814368
0.00814368
0.00814368
0.00814368
0.00694713
0.00694713
0.00694713
0.00694713
0.00755368
0.0108606
0.00678977
0.00678977
0.00911051
0.0121182
0.0121182
0.0121182
0.00712913
0.0107865
0.0107865
0.0107865
0.0107865
0.0107865
0.00685882
0.0125655
0.0125655
0.0125655
0.00634369
0.00764392
0.00764392
0.00764392
0.00764392
0.00716156
0.0108356
0.00662369
0.00662369
0.00662369
0.00672441
0.00786691
0.00786691
0.00786691
0.00786691
0.00786691
0.00786691
0.00786691
0.00786691
0.00786691
0.00786691
0.00729885
0.0133716
0.0133716
0.0133716
0.00674247
0.00733116
0.0105406
0.0105406
0.00683421
0.0125204
0.0125204
0.0125204
0.0125204
0.00694791
0.00712063
0.00712063
0.00712063
0.00712063
0.00712063
0.00712063
0.00712063
0.00712063
0.00712063
0.00761268
0.011628
0.00768529
0.00768529
0.00768529
0.00768529
0.00958142
0.00958142
0.00958142
0.00958142
0.00958142
0.00958142
0.00780593
0.00654531
0.00638999
0.0066363
0.00721572
0.0103747
0.0103747
0.0103747
0.00682742
0.01008
0.00666216
0.00666216
0.00666216
0.00666216
0.00818343
0.00818343
0.0104159
0.00661224
0.00661224
0.0100045
0.0100045
0.0100045
0.0118216
0.0118216
0.00781321
0.00781321
0.00781321
0.00781321
0.00959733
0.00959733
0.0122156
0.00666879
0.00666879
0.00666879
0.0109094
0.0109094
0.0109094
0.0109094
0.0109094
0.00712961
0.00712961
0.0101951
0.0075548
0.0157822
0.0069874
0.0069874
0.00752436
0.00709036
0.00709036
0.00709036
0.00709036
0.00993856
0.00713881
0.00713881
0.0116783
0.0116783
0.0116783
0.0116783
0.0116783
0.0116783
0.00763211
0.00763211
0.0107489
0.0067784
0.00706085
0.00706085
0.00706085
0.0115507
0.0115507
0.00754877
0.00754877
0.00754877
0.00754877
0.00754877
0.00726123
0.0104401
0.0104401
0.0104401
0.00724148
0.0116709
0.0129052
0.0129052
0.0129052
0.0129052
0.0129052
0.0129052
0.00819171
0.00365131
0.0055245
0.0055245
0.00392567
0.00365131
0.00816973
0.00816973
0.00692244
0.00813789
0.00813789
0.00813789
0.00813789
0.00813789
0.00688748
0.0143881
0.00637019
0.00637019
0.0027004
0.0108241
0.0119689
0.0119689
0.0119689
0.0119689
0.0119689
0.0119689
0.00759737
0.00805182
0.0115768
0.0115768
0.0115768
0.00847362
0.00847362
0.00847362
0.00847362
0.00847362
0.00780312
0.0142955
0.0142955
0.0142955
0.0142955
0.0142955
0.00683128
0.0103513
0.0114461
0.0114461
0.0114461
0.0114461
0.0114461
0.0114461
0.00726555
0.00716693
0.00716693
0.00716693
0.00716693
0.00716693
0.00716693
0.00716693
0.00716693
0.00716693
0.00716693
0.0108995
0.0165009
0.0165009
0.00783184
0.00783184
0.00783184
0.00783184
0.00626068
0.00626068
0.00626068
0.00626068
0.00626068
0.00626068
0.00626068
0.00626068
0.00626068
0.00626068
0.00952131
0.00672303
0.00672303
0.00672303
0.00672303
0.00791307
0.00791307
0.00791307
0.00860397
0.00860397
0.0069829
0.0105653
0.00645845
0.00645845
0.0106699
0.0106699
0.0106699
0.0106699
0.0106699
0.00901901
0.0119965
0.0119965
0.0119965
0.0119965
0.0119965
0.00687695
0.010405
0.010405
0.010405
0.00636046
0.010319
0.0080658
0.0080658
0.0080658
0.0107286
0.00652982
0.0074558
0.0107198
0.0107198
0.0107198
0.00782893
0.0112563
0.0112563
0.0112563
0.0121319
0.0121319
0.0121319
0.0121319
0.0121319
0.0121319
0.0112474
0.0142698
0.0142698
0.0142698
0.0142698
0.0204642
0.0204642
0.0122876
0.00416266
0.00416266
0.00416266
0.00416266
0.00598501
0.00598501
0.00598501
0.00416266
0.00544825
0.00544825
0.00544825
0.00544825
0.00734035
0.00598501
0.00718966
0.00718966
0.00718966
0.00718966
0.00718966
0.00718966
0.00718966
0.00718966
0.00718966
0.010407
0.00707371
0.00707371
0.00707371
0.00707371
0.00707371
4.17824e-05
4.17824e-05
4.17824e-05
4.17824e-05
4.17824e-05
4.17824e-05
4.17824e-05
4.17824e-05
4.17824e-05
4.17824e-05
0.00645126
0.00645126
0.00645126
0.00689705
0.00689705
0.00689705
0.00689705
0.00689705
0.00689705
0.00689705
0.0107737
0.00736672
0.00787577
0.00787577
0.00787577
0.00787577
0.00787577
0.00787577
0.00787577
0.00787577
0.00787577
0.0103569
0.0068101
0.0068101
0.0115118
0.0115118
0.0115118
0.0115118
0.0115118
0.00971771
0.00786389
0.0074103
0.0074103
0.0074103
0.0074103
0.010387
0.0106043
0.0125819
0.0125819
0.0125819
0.0125819
0.00840758
0.00840758
0.00792263
0.00792263
0.00792263
0.00792263
0.0111052
0.00709108
0.00709108
0.00709108
0.00709108
0.00709108
0.0116002
0.0116002
0.0116002
0.00758109
0.00758109
0.00705127
0.00664455
0.00664455
0.00664455
0.00664455
0.00795179
0.010577
0.010577
0.010577
0.00650467
0.00650467
0.00650467
0.00650467
0.00650467
0.00650467
0.00650467
0.00650467
0.00650467
0.0102932
0.0102932
0.0102932
0.0102932
0.0102932
0.00672696
0.00672696
0.00672696
0.00672696
0.00672696
0.0069669
0.0069669
0.0069669
0.0069669
0.0069669
0.0069669
0.0069669
0.0069669
0.0069669
0.0069669
0.0105953
0.00749771
0.0113442
0.00693459
0.00693459
0.00777174
0.0110554
0.0110554
0.0122883
0.0122883
0.0122883
0.0122883
0.00761355
0.0104866
0.00641037
0.00641037
0.00641037
0.00641037
0.00682008
0.0124945
0.0147484
0.0147484
0.0147484
0.00674897
0.00674897
0.0114085
0.0114085
0.0114085
0.0114085
0.0114085
0.00610679
0.00610679
0.00610679
0.00610679
0.00610679
0.00610679
0.00610679
0.00610679
0.00610679
0.00610679
0.00928729
0.00787445
0.00787445
0.0092549
0.0123103
0.0123103
0.0123103
0.0123103
0.0123103
0.00713877
0.00713877
0.00725753
0.00725753
0.00652596
0.00652596
0.00767001
0.0102022
0.0102022
0.0102022
0.00689298
0.0143996
0.00637528
0.00637528
0.00836101
0.00787875
0.00787875
0.00787875
0.00787875
0.0110437
0.00667204
0.00667204
0.00667204
0.0144283
0.0144283
0.00734637
0.0134587
0.0134587
0.0134587
0.0134587
0.0134587
0.00683081
0.00971693
0.00971693
0.00971693
0.00674891
0.00711128
0.00711128
0.00711128
0.00711128
0.010714
0.010714
0.010714
0.010714
0.010714
0.00739999
0.00869727
0.00869727
0.00869727
0.00869727
0.0115686
0.0058783
0.0058783
0.0058783
0.0058783
0.00251487
0.00251487
0.00378897
0.00378897
0.00378897
0.00378897
0.00378897
0.00826627
0.00826627
0.00778947
0.00778947
0.00778947
0.00778947
0.00710572
0.00669586
0.00669586
0.00669586
0.00669586
0.00690666
0.00690666
0.00705924
0.00665206
0.00665206
0.00665206
0.00665206
0.00803671
0.00965332
0.00857199
0.0123247
0.0123247
0.0123247
0.0123247
0.0123247
0.0123247
0.0067616
0.015129
0.015129
0.0071807
0.0071807
0.0071807
0.0071807
0.00913023
0.0121445
0.0121445
0.0121445
0.0121445
0.00639417
0.00972434
0.00972434
0.00972434
0.00972434
0.00972434
0.00972434
0.00683602
0.00683602
0.00683602
0.00744484
0.0107041
0.0107041
0.0107041
0.0107041
0.00656188
0.00656188
0.00701532
0.00701532
0.00701532
0.00701532
0.00701532
0.00701532
0.00701532
0.00674552
0.0140916
0.0062389
0.0062389
0.0062389
0.0062389
0.00699524
0.0105839
0.0105839
0.00740992
0.0117026
0.0117026
0.0117026
0.0117026
0.0117026
0.0117026
0.0117026
0.00742835
0.00671912
0.00671912
0.00671912
0.00671912
0.00355055
0.00464709
0.00464709
0.00510492
0.00510492
0.00510492
0.00326544
0.00326544
0.00355055
0.00510492
0.00510492
0.00680882
0.00730373
0.00816957
0.00816957
0.00816957
0.00816957
0.010621
0.010621
0.010621
0.00669356
0.0101275
0.00619084
0.00619084
0.00773672
0.0102909
0.0102909
0.0102909
0.00252293
0.00252293
0.00252293
0.00252293
0.00252293
0.00436401
0.00436401
0.00436401
0.00238208
0.00238208
0.00802755
0.00802755
0.00802755
0.00802755
0.00802755
0.00785261
0.00785261
0.00785261
0.00785261
0.0067211
0.0067211
0.0067211
0.0067211
0.0067211
0.0067211
0.0067211
0.0102215
0.00718554
0.00747078
0.00747078
0.00747078
0.00747078
0.00757551
0.00713843
0.0102635
0.0102635
0.0102635
0.00832916
0.00784873
0.00784873
0.00784873
0.00784873
0.0110016
0.00688347
0.00688347
0.00688347
0.00688347
0.00688347
0.00688347
0.00688347
0.00688347
0.00688347
0.00688347
0.0104685
0.00748928
0.0137205
0.0137205
0.0137205
0.0137205
0.0137205
0.00740371
0.010645
0.010645
0.010645
0.010645
0.0078124
0.0078124
0.00918198
0.00918198
0.0122133
0.0063657
0.0063657
0.0063657
0.0063657
0.0063657
0.0104135
0.0104135
0.0104135
0.00680558
0.00783234
0.00783234
0.0175247
0.0175247
0.0083178
0.0083178
0.0083178
0.0083178
0.00918689
0.00918689
0.0122198
0.0122198
0.0122198
0.0122198
0.00796429
0.00796429
0.00796429
0.00738612
0.00738612
0.00738612
0.0112329
0.0112329
0.0112329
0.0112329
0.0112329
0.0112329
0.00789651
0.0118417
0.0118417
0.0118417
0.0118417
0.0118417
0.0118417
0.0118417
0.00751662
0.0101109
0.00479895
0.00479895
0.00479895
0.00479895
0.00479895
0.00479895
0.00479895
0.00479895
0.00778684
0.00778684
0.00778684
0.0142656
0.0142656
0.0142656
0.00167305
0.00167305
0.00770153
0.0116526
0.0116526
0.0116526
0.0116526
0.0077415
0.00941529
0.00941529
0.00941529
0.00941529
0.0122405
0.0122405
0.0122405
0.00852942
0.00852942
0.00803745
0.00803745
0.00803745
0.00803745
0.00933396
0.00748859
0.0104958
0.0104958
0.00498163
0.00498163
0.00498163
0.00498163
0.00705811
0.00705811
0.00705811
0.00705811
0.00705811
0.00754584
0.00754584
0.00754584
0.00754584
0.00754584
0.00671356
0.00671356
0.0150215
0.0150215
0.0112321
0.0112321
0.00759545
0.00759545
0.00759545
0.0164252
0.0164252
0.00725064
0.00735255
0.00864151
0.00864151
0.00864151
0.0151902
0.0151902
0.00720975
0.00720975
0.00720975
0.00720975
0.00709008
0.00732336
0.00357893
0.005415
0.00353887
0.00384785
0.00384785
0.00384785
0.00384785
0.00357893
0.00655667
0.00655667
0.00655667
0.00458185
0.00730926
0.00711769
0.00773914
0.0111272
0.0111272
0.0111272
0.00738005
0.00738005
0.00738005
0.00802441
0.0115374
0.00730693
0.00730693
0.00730693
0.00730693
0.0119533
0.00781185
0.00781185
0.00781185
0.00781185
0.00781185
0.0073346
0.0134371
0.0134371
0.0134371
0.0158611
0.00714395
0.00714395
0.00714395
0.00714395
0.00714395
0.00714395
0.0076376
0.0076376
0.0076376
0.0076376
0.00651986
0.00970982
0.00970982
0.00970982
0.00283952
0.00519993
0.00519993
0.00440604
0.00883671
0.011754
0.011754
0.011754
0.011754
0.0150042
0.0150042
0.00664294
0.00664294
0.00678747
0.0062777
0.0062777
0.0062777
0.0062777
0.00730174
0.00730174
0.00730174
0.00730174
0.00730174
0.00852008
0.0113329
0.0113329
0.0113329
0.0113329
0.0077743
0.0077743
0.0173948
0.0173948
0.00825616
0.00825616
0.00825616
0.00825616
0.00673406
0.00673406
0.00673406
0.00673406
0.00741711
0.00911078
0.00911078
0.00911078
0.00911078
0.00787684
0.00787684
0.00787684
0.00787684
0.00737383
0.00737383
0.00866652
0.0115276
0.0115276
0.0115276
0.0115276
0.0115276
0.00655046
0.00655046
0.00655046
0.00655046
0.00655046
0.0072208
0.0132286
0.0132286
0.0132286
0.015615
0.00719935
0.00719935
0.00719935
0.00719935
0.00719935
0.0156971
0.0156971
0.00694975
0.00694975
0.00715281
0.00696331
0.00696331
0.00696331
0.00757128
0.0108859
0.0108859
0.0079222
0.0079222
0.00861389
0.0123849
0.0123849
0.0123849
0.00674908
0.0102115
0.00624219
0.00624219
0.0123191
0.0123191
0.0123191
0.0123191
0.0123191
0.00736283
0.00800568
0.00800568
0.00800568
0.00800568
0.00800568
0.00761426
0.0139495
0.0139495
0.0139495
0.00651401
0.00651401
0.00708275
0.0101835
0.0101835
0.0101835
0.00671799
0.0164459
0.00780577
0.00780577
0.00780577
0.00780577
0.00780577
0.00780577
0.00780577
0.00780577
0.00657565
0.00657565
0.00714977
0.0102798
0.0102798
0.00637893
0.00637893
0.00637893
0.00637893
0.00637893
0.00637893
0.00637893
0.00637893
0.00681973
0.00681973
0.0112074
0.0123927
0.0123927
0.0123927
0.0123927
0.0123927
0.0123927
0.00786641
0.0073673
0.0073673
0.0073673
0.00801055
0.00801055
0.0115174
0.0115174
0.00655201
0.00655201
0.00655201
0.00655201
0.00655201
0.00703726
0.014701
0.014701
0.014701
0.0128924
0.0110024
0.0110024
0.00747344
0.00717829
0.00782913
0.00782913
0.0143431
0.0143431
0.0143431
0.00703338
0.00703338
0.00826638
0.0109954
0.0109954
0.0109954
0.00744488
0.00744488
0.00744488
0.00744488
0.00744488
0.0107041
0.0104246
0.0115271
0.0115271
0.0115271
0.0115271
0.0115271
0.0115271
0.00731696
0.0074695
0.0074695
0.0074695
0.0136843
0.0136843
0.0136843
0.0136843
0.00760246
0.00760246
0.00653263
0.00653263
0.00653263
0.00710299
0.0102126
0.007132
0.0134078
0.0134078
0.0134078
0.0134078
0.0134078
0.0182068
0.0109322
0.00666474
0.00666474
0.00666474
0.00666474
0.00623125
0.00623125
0.0101936
0.0101936
0.0101936
0.0101936
0.0101936
0.0101936
0.0101936
0.00659511
0.00659511
0.00717093
0.0103103
0.0103103
0.0103103
0.0103103
0.00758107
0.00758107
0.00758107
0.00758107
0.0119868
0.0119868
0.0119868
0.0119868
0.0119868
0.00734012
0.0080282
0.0080282
0.0080282
0.0080282
0.0080282
0.0080282
0.00742087
0.00803606
0.0147721
0.00933912
0.0124223
0.0124223
0.0124223
0.0124223
0.0124223
0.00249318
0.0130916
0.00956082
0.00956082
0.00956082
0.0105086
0.00764852
0.0115724
0.0115724
0.0115724
0.0115724
0.00471085
0.00471085
0.00676411
0.00568816
0.00568816
0.00568816
0.0036797
0.00374092
0.00674127
0.00351265
0.00351265
0.00568816
0.00694274
0.0155343
0.0155343
0.0155343
0.0155343
0.0155343
0.00671899
0.00671899
0.00671899
0.00671899
0.00671899
0.00671899
0.00671899
0.0077213
0.0141456
0.0141456
0.0141456
0.00732333
0.00700555
0.00700555
0.00388757
0.00489553
0.00489553
0.00489553
0.0082693
0.00234857
0.00234857
0.00362488
0.00362488
0.00362488
0.00362488
0.00362488
0.00399417
0.00399417
0.00222201
0.00222201
0.00222201
0.00222201
0.00399417
0.00667972
0.00785072
0.00712593
0.00712593
0.0130548
0.0130548
0.0130548
0.0154098
0.0130778
0.0130778
0.00725723
0.00913888
0.00913888
0.00913888
0.0128374
0.0128374
0.00758093
0.00804269
0.00804269
0.00804269
0.00804269
0.00804269
0.00804269
0.00804269
0.00714099
0.0136171
0.00712876
0.0061807
0.0061807
0.0061807
0.0061807
0.0061807
0.00763648
0.00763648
0.010863
0.010863
0.010863
0.00221286
0.00257168
0.00257168
0.00257168
0.00257168
0.00257168
0.00342068
0.00237913
0.00397947
0.0021124
0.0021124
0.00237913
0.00237913
0.0023673
0.00342068
0.00221286
0.00257168
0.00257168
0.00310402
0.00310402
0.00257168
0.00342068
0.00655025
0.00655025
0.00655025
0.00655025
0.00655025
0.00655025
0.00655025
0.00700288
0.00700288
0.00643029
0.00643029
0.00643029
0.00643029
0.00643029
0.00643029
0.00643029
0.00655951
0.00655951
0.00655951
0.00655951
0.00655951
0.00655951
0.00722835
0.0037504
0.00783468
0.00526076
0.00435854
0.00435854
0.00435854
0.00435854
0.0037504
0.00458232
0.00458232
0.00711032
0.00711032
0.00711032
0.00398286
0.00398286
0.00398286
0.00789523
0.00380202
0.00540842
0.00540842
0.00540842
0.00540842
0.00390902
0.00384505
0.00380202
0.00446854
0.00446854
0.00446854
0.00446854
0.00539353
0.00539353
0.0140114
0.0140114
0.0140114
0.0140114
0.0140114
0.00390004
0.00390004
0.00453245
0.00602877
0.00602877
0.00602877
0.00476516
0.00476516
0.00453245
0.00602877
0.00602877
0.00602877
0.00713572
0.00549678
0.00549678
0.00549678
0.00549678
0.00397288
0.00420151
0.00420151
0.00549678
0.00549678
0.00549678
0.00549678
0.00390787
0.00390787
0.00390787
0.0164056
0.00798389
0.0169826
0.0169826
0.0169826
0.00844334
0.00758873
0.0139027
0.0139027
0.0139027
0.00658348
0.0137531
0.00923478
0.00996095
0.00996095
0.0108008
0.00713857
0.00713857
0.00713857
0.00713857
0.00713857
0.00713857
0.00713857
0.013078
0.00684424
0.00684424
0.00973602
0.00973602
0.00973602
0.00973602
0.00790226
0.0112101
0.00848704
0.00848704
0.0124946
0.0124946
0.0124946
0.00724449
0.00697088
0.00697088
0.00697088
0.00697088
0.00697088
0.00697088
0.00697088
0.00697088
0.00697088
0.00697088
0.0106014
0.00737137
0.00408999
0.00408999
0.0036734
0.0036734
0.00514574
0.00514574
0.00514574
0.00875569
0.00875569
0.00644783
0.00644783
0.00760961
0.00361177
0.00361177
0.00361177
0.00361177
0.00687716
0.00747761
0.00747761
0.00747761
0.00747761
0.00836406
0.0108738
0.0108738
0.00699957
0.00699957
0.00752552
0.00752552
0.00752552
0.00752552
0.0086315
0.0086315
0.0101886
0.0101886
0.0101886
0.00506549
0.00518266
0.00518266
0.00611757
0.00611757
0.00611757
0.0030415
0.00473293
0.00473293
0.00300428
0.00671249
0.00954861
0.00954861
0.00954861
0.00954861
0.0106134
0.0106134
0.0106134
0.0112057
0.0112057
0.0112057
0.0112057
0.0124554
0.0124554
0.0124554
0.0154929
0.0154929
0.00735343
0.00735343
0.00735343
0.00735343
0.0101888
0.0101888
0.0101888
0.0101888
0.011325
0.011325
0.011325
0.00658007
0.00407552
0.00718669
0.00407552
0.00407552
0.00407552
0.00407552
0.00407552
0.00463154
0.00402564
0.00402564
0.00402564
0.00440535
0.00440535
0.0103654
0.0138797
0.0138797
0.0138797
0.0138797
0.0138797
0.0138797
0.0108312
0.0108312
0.0108312
0.00769655
0.0111922
0.0111922
0.00760235
0.0066423
0.0066423
0.0066423
0.0066423
0.0066423
0.0066423
0.0066423
0.0066423
0.0135501
0.013301
0.0115637
0.00767522
0.0078547
0.0078547
0.0078547
0.0078547
0.0078547
0.00691537
0.00691537
0.00983721
0.00983721
0.00983721
0.00983721
0.00778073
0.00778073
0.00778073
0.00778073
0.00778073
0.00778073
0.00660762
0.00740095
0.00740095
0.00740095
0.00740095
0.00740095
0.00740095
0.00740095
0.00740095
0.00740095
0.0115271
0.0115271
0.0115271
0.00714978
0.00731697
0.00731697
0.00731697
0.00731697
0.0107838
0.0107838
0.00659205
0.00659205
0.0115119
0.0115119
0.0115119
0.0115119
0.0115119
0.00721923
0.00759041
0.00759041
0.00759041
0.00759041
0.00759041
0.00759041
0.00759041
0.0117475
0.0117475
0.0117475
0.00834765
0.0129899
0.0129899
0.00824548
0.00837719
0.00837719
0.00841906
0.00841906
0.00841906
0.00841906
0.00780157
0.0174559
0.0174559
0.00828512
0.00828512
0.00828512
0.00828512
0.00828512
0.00828512
0.00663245
0.00663245
0.00721153
0.00806645
0.0104869
0.0104869
0.0041678
0.00383313
0.00383313
0.00586525
0.00383313
0.00586525
0.00402272
0.00496282
0.00496282
0.0047617
0.0047617
0.00809814
0.00675033
0.00675033
0.00675033
0.00675033
0.00675033
0.00675033
0.00675033
0.00746284
0.00746284
0.00746284
0.00746284
0.00746284
0.00746284
0.00746284
0.000418131
0.00936076
0.0100968
0.0100968
0.0100968
0.0100968
0.00660421
0.00660421
0.0099923
0.0099923
0.0099923
0.0099923
0.0061082
0.0100973
0.0100973
0.00771471
0.00771471
0.00771471
0.00771471
0.00550116
0.00550116
0.00550116
0.00550116
0.00611463
0.00470333
0.00422427
0.00550116
0.00550116
0.00550116
0.00550116
0.00611463
0.00611463
0.00611463
0.00480786
0.00316138
0.00480786
0.00480786
0.00480786
0.00411058
0.00411058
0.0036919
0.00879977
0.00648029
0.0041763
0.0041763
0.00571861
0.00571861
0.00411058
0.0036919
0.00353972
0.0065933
0.0065933
0.0099758
0.00609811
0.00609811
0.00559483
0.00715504
0.00645261
0.00645261
0.00645261
0.00645261
0.00645261
0.00645261
0.0068985
0.0068985
0.0068985
0.00586226
0.00586226
0.00416567
0.00369864
0.00496029
0.00809401
0.00586226
0.00586226
0.00416567
0.00837869
0.00709823
0.00809401
0.00742769
0.00742769
0.00742769
0.00742769
0.00742769
0.00742769
0.00742769
0.00682569
0.00682569
0.00682569
0.00682569
0.00682569
0.00682569
0.00682569
0.00682569
0.00682569
0.00682569
0.0103806
0.00734115
0.00734115
0.00734115
0.00734115
0.0120093
0.0120093
0.00784844
0.00784844
0.00784844
0.00784844
0.00680669
0.00789701
0.00789701
0.0085865
0.0085865
0.0085865
0.0085865
0.00750246
0.00750246
0.00750246
0.00750246
0.00750246
0.00750246
0.00750246
0.0117287
0.0037829
0.00588663
0.00787262
0.00494912
0.00494912
0.00494912
0.00494912
0.00494912
0.0037829
0.00588663
0.0037366
0.0037366
0.0037366
0.00365122
0.00494912
0.00494912
0.00671828
0.00658492
0.00627838
0.0110563
0.0110563
0.0110563
0.0110563
0.00771349
0.00771349
0.00771349
0.00646438
0.00646438
0.00646438
0.00646438
0.00646438
0.00646438
0.00691108
0.00691108
0.00691108
0.00691108
0.0109426
0.0109426
0.00668908
0.00668908
0.00714877
0.00451956
0.00451956
0.00451956
0.00451956
0.00451956
0.00547017
0.00547017
0.00547017
0.00547017
0.00547017
0.00547017
0.0071182
0.0071182
0.0071182
0.0071182
0.0071182
0.0071182
0.0071182
0.0135948
0.0104091
0.00801511
0.00801511
0.00801511
0.00788062
0.00788062
0.00788062
0.00788062
0.00141178
0.007629
0.007629
0.0139765
0.0139765
0.0139765
0.00705602
0.00728511
0.0130782
0.0130782
0.0130782
0.0102515
0.0138117
0.0069317
0.0069317
0.00661702
0.00661702
0.00745255
0.00745255
0.0107152
0.00775808
0.00685872
0.0103774
0.0123127
0.0123127
0.0123127
0.00965149
0.00728383
0.00728383
0.00728383
0.00679762
0.00679762
0.00679762
0.00679762
0.00679762
0.00679762
0.00776102
0.00776102
0.00776102
0.00776102
0.00776102
0.00784887
0.00784887
0.014115
0.00385221
0.00385221
0.00418855
0.00716139
0.00452754
0.00389582
0.0046851
0.00700602
0.00385221
0.00385221
0.00418855
0.00716139
0.00452754
0.00389582
0.00609092
0.00609092
0.00609092
0.00796952
0.0118607
0.0140727
0.0140727
0.0140727
0.0110311
0.014862
0.00719611
0.00719611
0.00719611
0.00719611
0.0104645
0.0104645
0.00717054
0.00717054
0.0131366
0.0131366
0.0131366
0.0149794
0.0080122
0.0080122
0.00624379
0.00624379
0.00624379
0.00624379
0.00624379
0.00624379
0.00624379
0.00624379
0.00624379
0.00624379
0.00949564
0.00682812
0.00708504
0.00708504
0.00708504
0.00708504
0.00708504
0.00708504
0.00708504
0.00708504
0.00800455
0.00688962
0.00688962
0.0126219
0.0126219
0.0126219
0.00637217
0.00499193
0.000261168
0.00789126
0.00387509
0.00387509
0.00387509
0.00387509
0.00387509
0.00387509
0.00419247
0.00720392
0.00387509
0.00387509
0.00387509
0.00387509
0.00387509
0.00387509
0.00416186
0.00455442
0.00705538
0.00705538
0.00705538
0.00705538
0.00683997
0.00683997
0.00743717
0.00743717
0.00743717
0.00743717
0.0106931
0.0106931
0.00764142
0.00764142
0.00764142
0.00764142
0.00764142
0.00764142
0.00820691
0.00714751
0.00793867
0.0122146
0.0122146
0.0122146
0.0122146
0.0122146
0.0122146
0.0122146
0.00705071
0.00766495
0.00766495
0.00766495
0.00766495
0.00766495
0.00766495
0.00665521
0.00791652
0.00791652
0.00791652
0.00791652
0.00791652
0.00791652
0.00630655
0.00630655
0.0142444
0.00681866
0.00681866
0.00681866
0.00681866
0.00681866
0.0103168
0.00695693
0.00689598
0.0104338
0.0104338
0.0104338
0.00658292
0.00637806
0.00724319
0.0151312
0.0151312
0.0151312
0.0151312
0.0151312
0.00762532
0.00762532
0.00703829
0.0106491
0.00650968
0.00650968
0.00764701
0.014216
0.00831468
0.00831468
0.00831468
0.00790295
0.00530212
0.00249299
0.00674068
0.00733341
0.00733341
0.00733341
0.00733341
0.0110956
0.0110956
0.00678264
0.00659221
0.00659221
0.00659221
0.00722302
0.0148421
0.0148421
0.0148421
0.0148421
0.0148421
0.0148421
0.00740517
0.00740517
0.00740517
0.00740517
0.00740517
0.00740517
0.00669137
0.00669137
0.0139784
0.0139784
0.0139784
0.00618882
0.00618882
0.0074373
0.00756233
0.00756233
0.00756233
0.00756233
0.00756233
0.00756233
0.00756233
0.00724284
0.00724284
0.00787522
0.00787522
0.00787522
0.00517145
0.00517145
0.00721248
0.00560254
0.00669597
0.00669597
0.00669597
0.00669597
0.00669597
0.00669597
0.00669597
0.0068058
0.00769183
0.00769183
0.00769183
0.00769183
