0.0115074
0.0153717
0.0179913
0.0179913
0.00719576
0.00719576
0.00719576
0.0149875
0.0149875
0.0149875
0.0149875
0.0149875
0.0142036
0.0092619
0.00958484
0.00958484
0.00958484
0.0153388
0.0153388
0.0153388
0.0153388
0.0153388
0.0153388
0.0153388
0.0153388
0.0153388
0.0153534
0.0186425
0.019059
0.019059
0.019059
0.019059
0.019059
0.019059
0.019059
0.00908937
0.0167185
0.00668668
0.00668668
0.00668668
0.00668668
0.0151846
0.0151846
0.0165803
0.00778677
0.00540699
0.00540699
0.0097115
0.0097115
0.00778677
0.00911375
0.00911375
0.00364512
0.00364512
0.00331773
0.00384359
0.00384359
0.00384359
0.00848694
0.00358234
0.00358234
0.00358234
0.0190304
0.0190304
0.0190304
0.0148715
0.0162384
0.0162384
0.0162384
0.0162384
0.0136165
0.017514
0.017514
0.017514
0.00975111
0.0194551
0.0194551
0.0194551
0.0108976
0.0108976
0.0108976
0.0108976
0.00941846
0.0163969
0.0163969
0.0163969
0.0163969
0.0163969
0.0153274
0.010643
0.010643
0.010643
0.00717499
0.0115454
0.0115454
0.0115454
0.0115454
0.0104216
0.0104216
0.00941329
0.00941329
0.00941329
0.00941329
0.0190318
0.0190318
0.0106605
0.0106605
0.0106605
0.019457
0.019457
0.00923481
0.00923481
0.00923481
0.00923481
0.00381284
0.00381284
0.00381284
0.0040909
0.0040909
0.0040909
0.0040909
0.0040909
0.0040909
0.0040909
0.0040909
0.00662435
0.0102052
0.0183296
0.0183296
0.0183296
0.0183296
0.0191095
0.0191095
0.010704
0.010704
0.010704
0.0195364
0.0195364
0.0151672
0.0105318
0.0105318
0.0105318
0.00710002
0.0140281
0.013972
0.0123398
0.0108813
0.0111948
0.0111948
0.0111948
0.0111948
0.0156855
0.00496084
0.00496084
0.00496084
0.00905425
0.00905425
0.00905425
0.00382378
0.00382378
0.00382378
0.00570928
0.00570928
0.00570928
0.00570928
0.0136882
0.0136882
0.0136882
0.0136882
0.0136882
0.0136882
0.0140862
0.0124407
0.0124407
0.0153809
0.0103546
0.0103546
0.0103546
0.0103546
0.0103546
0.0103546
0.00782586
0.014307
0.0110689
0.0154789
0.00723735
0.00723735
0.00723735
0.00723735
0.00723735
0.0155018
0.0169266
0.0169266
0.0169266
0.0169266
0.0134274
0.0134274
0.0093326
0.0134402
0.0134402
0.0134402
0.0134402
0.0134402
0.0134402
0.0111564
0.0111564
0.0111564
0.0111564
0.0156317
0.0189599
0.008186
0.008186
0.008186
0.0204188
0.0141239
0.00920991
0.0152064
0.0166041
0.0166041
0.0166041
0.0166041
0.0137091
0.0137091
0.016949
0.0124316
0.0124316
0.0124316
0.0124316
0.0124316
0.0124316
0.0124316
0.0124316
0.0173711
0.00972572
0.00972572
0.0174684
0.0174684
0.0174684
0.0174684
0.013246
0.0144635
0.0144635
0.0144635
0.0144635
0.0144635
0.0113831
0.0113831
0.0113831
0.0113831
0.0113831
0.0113831
0.0113831
0.0113831
0.013389
0.013389
0.013389
0.0146196
0.0139579
0.0112425
0.0112425
0.0112425
0.00681758
0.0187817
0.0152128
0.0152128
0.0166111
0.0166111
0.01609
0.0129655
0.0129655
0.00901158
0.00901158
0.00901158
0.00901158
0.00901158
0.0129779
0.0129779
0.0129779
0.00927739
0.00927739
0.00927739
0.00927739
0.0141419
0.0141419
0.0141419
0.0141419
0.0141419
0.0141419
0.0141419
0.0141419
0.00923043
0.0141554
0.0156204
0.0108465
0.0170562
0.0170562
0.0170562
0.0103194
0.0144307
0.0135963
0.014846
0.014846
0.014846
0.0165598
0.00952692
0.00952692
0.00952692
0.00734328
0.00734328
0.00911215
0.00911215
0.00911215
0.00911215
0.0141084
0.0141084
0.0154051
0.0154051
0.00930147
0.00930147
0.00930147
0.00930147
0.0169139
0.0169139
0.00941703
0.0152638
0.0152638
0.0152638
0.0152638
0.0152638
0.0152638
0.0152638
0.0152638
0.0152638
0.0152783
0.0166914
0.0133706
0.0133706
0.0133706
0.01062
0.01062
0.01062
0.00644009
0.0177418
0.0148424
0.0148424
0.0148424
0.0115893
0.0181166
0.0181166
0.0181166
0.00883293
0.00883293
0.015674
0.0183451
0.0183451
0.00733727
0.00733727
0.0188701
0.0188701
0.0188701
0.0188701
0.0105062
0.0188845
0.0188845
0.0151274
0.0151274
0.0190533
0.0190533
0.0190533
0.0190533
0.00786668
0.00786668
0.00786668
0.00786668
0.014289
0.0156024
0.0156024
0.0156024
0.0142439
0.0153954
0.0153954
0.0168104
0.0168104
0.0168104
0.0100335
0.0100335
0.0100335
0.016187
0.016187
0.00646582
0.00646582
0.0176606
0.0113849
0.0113849
0.0113849
0.0113849
0.0113849
0.0113849
0.0113849
0.0113849
0.00606551
0.00606551
0.00606551
0.00606551
0.0149173
0.0149173
0.0149173
0.0149173
0.0149173
0.0149173
0.0149173
0.0149173
0.0149173
0.0149315
0.00466692
0.0116528
0.0116528
0.0116528
0.00706637
0.0194671
0.0114189
0.0114189
0.0114189
0.0114189
0.0114189
0.0114189
0.0114189
0.0114189
0.0132471
0.0132471
0.0144647
0.0144647
0.0144345
0.0157612
0.0157612
0.0157612
0.0157612
0.0180581
0.0180581
0.0180581
0.0180581
0.0180581
0.0180581
0.0172327
0.0172327
0.0172327
0.0172327
0.00762847
0.00762847
0.00762847
0.0173239
0.0165188
0.0165188
0.0165188
0.0142003
0.0142003
0.0155055
0.0155055
0.0155055
0.0154603
0.0154603
0.018095
0.018095
0.00723722
0.00723722
0.00969669
0.0105599
0.0190239
0.0190239
0.0152391
0.0152391
0.00928785
0.00928785
0.013363
0.013363
0.0155458
0.018195
0.018195
0.00727725
0.00727725
0.0158904
0.0102541
0.0102541
0.0102541
0.0102541
0.0130422
0.0130422
0.0138691
0.0138691
0.0138691
0.0151438
0.0151438
0.000991339
0.00804832
0.00321899
0.00321899
0.00321899
0.00321899
0.00750851
0.00477489
0.00857619
0.00857619
0.00857619
0.00857619
0.00750851
0.0137939
0.0138591
0.00648767
0.00648767
0.00648767
0.00648767
0.00648767
0.0096235
0.0141804
0.0154838
0.0154838
0.0154838
0.0154838
0.0132708
0.0132708
0.0117205
0.0117205
0.0129895
0.0141834
0.0141834
0.0141834
0.0141834
0.0168131
0.00672451
0.00672451
0.00672451
0.00672451
0.00900974
0.0194264
0.0108815
0.0108815
0.0108815
0.0164146
0.0164146
0.0164146
0.00919452
0.00919452
0.0145284
0.0149686
0.0163444
0.0163444
0.0163444
0.0138009
0.0150694
0.0150694
0.0150694
0.0162381
0.00985956
0.00985956
0.00985956
0.0141991
0.0141991
0.0141991
0.0141991
0.0141991
0.0141991
0.0141991
0.0170959
0.0170959
0.0170959
0.00951834
0.0162228
0.0148418
0.0103059
0.0103059
0.0103059
0.00694771
0.00930879
0.0183074
0.0183074
0.0183074
0.0183074
0.00732217
0.00732217
0.0098105
0.0134989
0.00937337
0.0168355
0.0168355
0.0168355
0.0168355
0.0147396
0.01308
0.01308
0.0130925
0.0130925
0.0130925
0.0130925
0.0130925
0.0130925
0.0130925
0.0130925
0.0123226
0.0123226
0.0123226
0.0123226
0.0123226
0.0176603
0.0133646
0.0104354
0.0104354
0.0104354
0.0104354
0.014593
0.0122236
0.0122236
0.0122236
0.0122236
0.0122236
0.0166208
0.00664762
0.00664762
0.00664762
0.00664762
0.0172563
0.0172563
0.0134026
0.00873958
0.00873958
0.0104415
0.0104415
0.0129361
0.011425
0.011425
0.0166457
0.0158849
0.0158849
0.0158849
0.0145339
0.0145339
0.01579
0.00631533
0.00631533
0.00631533
0.00631533
0.0209105
0.0209105
0.0209105
0.0155535
0.0135754
0.0148232
0.0148232
0.0148232
0.0129362
0.0114251
0.0114251
0.0114251
0.0114251
0.0141252
0.0141252
0.0141252
0.0139926
0.014006
0.014006
0.014006
0.014006
0.014006
0.014006
0.014006
0.014006
0.00932796
0.00932796
0.00932796
0.00932796
0.014305
0.014305
0.014305
0.014305
0.014305
0.0114563
0.0114563
0.0114563
0.00694722
0.0133749
0.0104435
0.0104435
0.0104435
0.0104435
0.0146043
0.0170875
0.0162845
0.0162845
0.0130447
0.0130447
0.013943
0.0152245
0.0152245
0.0152245
0.0152245
0.0157207
0.0177868
0.0177868
0.0177868
0.00990298
0.0101463
0.0141887
0.00903858
0.0130044
0.0130044
0.0163005
0.0129883
0.0129883
0.0129883
0.0129883
0.0129883
0.0129883
0.0129883
0.00847747
0.0130007
0.0137094
0.0130621
0.0130621
0.0130621
0.0130621
0.0130621
0.0130621
0.0130621
0.0157749
0.0063093
0.0063093
0.0063093
0.0063093
0.00845342
0.010939
0.010939
0.010939
0.010939
0.010939
0.0141581
0.0141581
0.0141581
0.0141581
0.0141581
0.0141581
0.0141581
0.0141581
0.0141581
0.0141716
0.0158293
0.00623474
0.00623474
0.00623474
0.00605506
0.00605506
0.00738299
0.00738299
0.00738299
0.00738299
0.00738299
0.0151166
0.0151166
0.0151166
0.0151166
0.0151166
0.0151166
0.0151166
0.0151166
0.0151166
0.0151309
0.0175751
0.0136738
0.013098
0.0131105
0.0131105
0.0131105
0.0131105
0.0131105
0.0131105
0.0131105
0.0131105
0.0136618
0.0136618
0.0149176
0.0149176
0.0149176
0.0163369
0.0101818
0.0101818
0.0101818
0.0170495
0.0170495
0.0170495
0.0131744
0.0131744
0.0131744
0.0143853
0.0143853
0.0144979
0.0144979
0.0144979
0.0144979
0.0144979
0.0144979
0.0171982
0.0139646
0.0139646
0.0139646
0.0139646
0.0139646
0.0139646
0.0139646
0.0139646
0.0139646
0.0139779
0.0139779
0.00655068
0.00655068
0.00655068
0.00753523
0.0174527
0.013328
0.0117711
0.0117711
0.00649367
0.00952741
0.00952741
0.00952741
0.00952741
0.00900931
0.00970254
0.00970254
0.00544774
0.00528468
0.00528468
0.00900931
0.00900931
0.00900931
0.0038898
0.0085906
0.0085906
0.0162525
0.0162525
0.00650031
0.00650031
0.00650031
0.00650031
0.00650031
0.0151624
0.0092118
0.0092118
0.0092118
0.0092118
0.0092118
0.0092118
0.00367961
0.00389551
0.00389551
0.00367961
0.0173521
0.0173521
0.0173521
0.0069401
0.0069401
0.0161883
0.0155874
0.0155874
0.0170201
0.0170201
0.0135749
0.0119891
0.0119891
0.0119891
0.0104384
0.0104384
0.0104384
0.0104384
0.0104384
0.0175766
0.00978598
0.00978598
0.0140797
0.0140797
0.014876
0.0162433
0.0162433
0.0162433
0.01607
0.01607
0.00641907
0.0128728
0.0128728
0.0115517
0.0115517
0.0134989
0.0134989
0.0147396
0.0147396
0.0147396
0.0101589
0.0101589
0.0101589
0.0101589
0.0101589
0.0153426
0.0153426
0.0167528
0.0167528
0.0167528
0.0167528
0.0169796
0.00951099
0.00951099
0.00951099
0.00951099
0.00768769
0.00768769
0.00768769
0.00768769
0.00768769
0.0147276
0.0122562
0.0122562
0.0171393
0.0171393
0.0171393
0.0173997
0.0148926
0.0148926
0.0162614
0.0162614
0.0162614
0.0144354
0.0144354
0.0144354
0.0157622
0.0157622
0.0157622
0.0154105
0.0154105
0.0154105
0.016827
0.016827
0.016827
0.0180294
0.0180294
0.0180294
0.0180294
0.00721101
0.00721101
0.0132168
0.0132168
0.0144316
0.0144316
0.0144316
0.0144316
0.0166509
0.0166509
0.0133382
0.0133382
0.0145845
0.0145845
0.015925
0.015925
0.015925
0.00815515
0.00815515
0.00815515
0.00815515
0.0182951
0.00730788
0.00730788
0.00730788
0.0146552
0.0146552
0.0130496
0.0130496
0.0130496
0.0130496
0.0130496
0.0130496
0.0130496
0.0130496
0.013062
0.013062
0.0192707
0.0192707
0.0154367
0.0154367
0.0114794
0.0114794
0.0114794
0.0114794
0.0114794
0.0167111
0.0156881
0.0156881
0.0156881
0.0156881
0.0156881
0.0156881
0.0156881
0.0156881
0.0156881
0.015703
0.0177765
0.0177765
0.0146874
0.0146874
0.0146874
0.0160373
0.0160373
0.0160373
0.0153294
0.0153294
0.0153294
0.0153294
0.0153294
0.0153294
0.0153294
0.0153294
0.0153294
0.015344
0.0173146
0.0193609
0.0193609
0.0133128
0.011047
0.0110537
0.00885454
0.00885454
0.0192696
0.0192696
0.0192696
0.0192696
0.0107286
0.0110784
0.0110784
0.0110784
0.0110784
0.0110784
0.0110784
0.0140138
0.0140138
0.0140272
0.0140272
0.0140272
0.0140272
0.0140272
0.0140272
0.0140272
0.0140272
0.0195477
0.0109495
0.0109495
0.0109495
0.0109495
0.019015
0.00820979
0.00820979
0.00820979
0.00820979
0.0154459
0.0154459
0.0168655
0.0168655
0.0168655
0.0149271
0.0161753
0.0193429
0.0193429
0.0154946
0.0154946
0.0142649
0.0142649
0.0125985
0.0125985
0.015576
0.0171496
0.0137377
0.0137377
0.00951616
0.00951616
0.00951616
0.00951616
0.0154859
0.0154859
0.0155006
0.0155006
0.0155006
0.0155006
0.0155006
0.0155006
0.0155006
0.0155006
0.00281839
0.0187929
0.0202389
0.0202389
0.0202389
0.0183265
0.0183265
0.0183265
0.00732043
0.00732043
0.0192828
0.0192828
0.0108011
0.0108011
0.0108011
0.0188901
0.0188901
0.0105811
0.0105811
0.0105811
0.016246
0.016246
0.016246
0.00910007
0.00910007
0.00910007
0.0123049
0.0123049
0.0123049
0.0123049
0.0123049
0.0123049
0.0123049
0.0123049
0.0175912
0.0175912
0.0140914
0.0140914
0.0110456
0.0110456
0.0110456
0.00834811
0.00834811
0.00834811
0.00238193
0.00238193
0.00132617
0.0153752
0.0167884
0.0167884
0.0167884
0.0151211
0.0165109
0.0165109
0.0165109
0.0165109
0.0147159
0.0147159
0.0147159
0.0147159
0.0147159
0.0147159
0.0147159
0.0147159
0.0147159
0.0147299
0.0145798
0.0162006
0.0162006
0.0129775
0.0129775
0.0164727
0.00917136
0.0116097
0.0133755
0.0133755
0.0146049
0.0146049
0.0146049
0.0189236
0.0105999
0.0105999
0.0105999
0.0157139
0.00735592
0.00735592
0.00735592
0.00735592
0.00985573
0.0188198
0.0188198
0.00751749
0.00751749
0.0103449
0.0103449
0.0103449
0.0103449
0.00733282
0.0048307
0.00502233
0.00502233
0.0190753
0.0190753
0.0106849
0.0106849
0.0106849
0.00348945
0.0137987
0.015067
0.015067
0.015067
0.0192916
0.0154535
0.0154535
0.0103645
0.0191348
0.0153279
0.0153279
0.0191156
0.0191156
0.0106428
0.0106428
0.0106428
0.0100909
0.0100909
0.0100909
0.00762659
0.0146105
0.0146105
0.0148535
0.0148535
0.0162187
0.0162187
0.0162187
0.0145762
0.0145762
0.0159159
0.0159159
0.0159159
0.0159159
0.0159159
0.0151492
0.0151492
0.0165417
0.0165417
0.0165417
0.0165417
0.0142441
0.0142441
0.0155533
0.0155533
0.0155533
0.00758691
0.00758691
0.00758691
0.0143715
0.0143715
0.0176677
0.0176677
0.0176677
0.0176677
0.0176677
0.0176677
0.0164271
0.0164271
0.0131589
0.0131589
0.00997392
0.00973014
0.00973014
0.0139993
0.0139993
0.0139993
0.0107719
0.0150635
0.0150635
0.0150635
0.0150635
0.0150635
0.0150635
0.0150635
0.00595071
0.00595071
0.00762107
0.00878141
0.00878141
0.00725575
0.00595071
0.00595071
0.00762107
0.00878141
0.00878141
0.00496954
0.00970296
0.00970296
0.00970296
0.00970296
0.01488
0.01488
0.01488
0.01488
0.01488
0.01488
0.0181058
0.0181058
0.0181058
0.0181058
0.0181058
0.0109005
0.0109005
0.0109005
0.0109005
0.0109005
0.0109005
0.0156035
0.0125451
0.0125451
0.0167393
0.013041
0.013041
0.013041
0.013041
0.013041
0.013041
0.0189017
0.0189017
0.0140593
0.0140593
0.0140593
0.0105733
0.0105733
0.0147226
0.0183617
0.0183617
0.0183617
0.0183617
0.0175083
0.0175083
0.014515
0.0142702
0.0142702
0.0155818
0.0155818
0.0155818
0.0146008
0.0146008
0.0146008
0.0146008
0.01059
0.01059
0.01059
0.00800378
0.0136647
0.0041135
0.0041135
0.00579239
0.00579239
0.00579239
0.00579239
0.00455412
0.00354681
0.00354681
0.00354681
0.00354681
0.00354681
0.00354681
0.0181508
0.0185848
0.0093462
0.0093462
0.00971695
0.0148873
0.0148873
0.0148873
0.00920404
0.00920404
0.00920404
0.015668
0.00693579
0.0136244
0.0156721
0.0156721
0.0165382
0.0165382
0.0143529
0.00996638
0.0132253
0.0132253
0.0103266
0.0103266
0.0103266
0.0103266
0.0188321
0.0188321
0.0188321
0.0188321
0.0188321
0.00733407
0.0147077
0.0147077
0.0106683
0.0145136
0.00834727
0.00467565
0.00467565
0.00467565
0.00467565
0.00669292
0.00834727
0.00467565
0.00467565
0.00467565
0.00467565
0.00467565
0.0146187
0.0129468
0.0129468
0.0129592
0.0129592
0.0129592
0.0129592
0.0129592
0.0129592
0.0129592
0.0129592
0.0148769
0.0156464
0.0156464
0.0126555
0.0126555
0.0126555
0.0192464
0.0192464
0.0166372
0.00664564
0.00836673
0.00836673
0.00926294
0.00751681
0.00812478
0.0202661
0.0202661
0.0176599
0.0176599
0.0121311
0.00904581
0.00904581
0.00503636
0.00725301
0.00566333
0.00725301
0.00904581
0.00904581
0.00361331
0.00791967
0.004134
0.00791967
0.0098255
0.0098255
0.0176476
0.0176476
0.0176476
0.0176476
0.00984008
0.00984008
0.00984008
0.00743699
0.0102968
0.0102968
0.0102968
0.00778221
0.0139218
0.0139218
0.0139218
0.0139218
0.0139218
0.0139218
0.0139351
0.0139351
0.0139351
0.00836446
0.00836446
0.00468528
0.00468528
0.00468528
0.00468528
0.00670671
0.00836446
0.00836446
0.00468528
0.00468528
0.00468528
0.00468528
0.00468528
0.0146951
0.0146951
0.0146951
0.0146951
0.011886
0.00844092
0.0181702
0.0117134
0.0195683
0.0145552
0.0145552
0.0172385
0.0172385
0.0172385
0.00959773
0.00959773
0.00959773
0.0195292
0.0195292
0.0195292
0.0108731
0.00982112
0.00982112
0.0150922
0.0150922
0.0133292
0.0133292
0.0133292
0.0133292
0.0133292
0.0151994
0.0151994
0.0151994
0.0151994
0.0151994
0.0151994
0.0151994
0.0151994
0.0105994
0.0148223
0.0148223
0.0148223
0.0148223
0.0148223
0.0148223
0.0148223
0.0139831
0.0139831
0.0152684
0.0152684
0.0152684
0.0152684
0.0077235
0.0077235
0.0077235
0.00536306
0.00536306
0.00536306
0.00536306
0.0077235
0.0077235
0.0077235
0.00603069
0.00603069
0.00469648
0.00891071
0.0089582
0.0089582
0.00711544
0.0142693
0.0142693
0.0142693
0.0130779
0.0130779
0.0130779
0.0130779
0.0130779
0.0130779
0.0130779
0.00853596
0.00853596
0.00643141
0.00643141
0.00896434
0.0103794
0.0103794
0.0103794
0.00902563
0.0162109
0.0162109
0.0162109
0.0162109
0.0144592
0.0170775
0.0162271
0.0162271
0.0162271
0.0129987
0.0129987
0.0129987
0.0196059
0.0109158
0.0109158
0.0157053
0.0157053
0.0157053
0.00910619
0.0142576
0.0201141
0.0201141
0.00806385
0.00806385
0.0090134
0.0090134
0.0153434
0.0153434
0.0153434
0.0153434
0.0069774
0.0173096
0.0096958
0.0096958
0.0096958
0.0096958
0.0096958
0.00692871
0.00692871
0.0138948
0.0138948
0.0138948
0.0148509
0.000306253
0.000306253
0.000122488
0.000140898
0.000138003
0.000141505
0.000138003
0.000130355
0.000130355
0.000122488
0.000231676
0.000231676
0.000231676
0.000231676
0.000231676
0.000231676
0.000231676
0.000151215
0.000151215
0.0211273
0.00766902
0.0109888
0.0109888
0.0109888
0.0109888
0.00986568
0.0166782
0.0166782
0.0166782
0.00928577
0.00928577
0.00928577
0.0169598
0.0092353
0.0092353
0.0132874
0.0132874
0.0132874
0.0163635
0.0163635
0.0163635
0.00911059
0.00911059
0.00911059
0.0163507
0.00691441
0.0124817
0.0124817
0.0124817
0.0102367
0.00921944
0.00513303
0.00513303
0.00513303
0.00513303
0.00577203
0.00739223
0.00921944
0.00368266
0.00368266
0.00368266
0.00389874
0.00516419
0.00516419
0.0157681
0.016161
0.0185612
0.0185612
0.0185612
0.0185612
0.0103341
0.0103341
0.0103341
0.0145676
0.0145676
0.0145676
0.0145676
0.0145676
0.0145815
0.0145815
0.0145815
0.0145815
0.0145815
0.0147182
0.0147182
0.0147182
0.0147182
0.0147182
0.0129989
0.0129989
0.0145243
0.00371077
0.00710887
0.00710887
0.00710887
0.00710887
0.00710887
0.00710887
0.00371077
0.00637068
0.00395886
0.00508353
0.00508353
0.00508353
0.00508353
0.0129412
0.0129412
0.0129412
0.0129412
0.0129412
0.0129412
0.00844674
0.0129536
0.0129536
0.0129536
0.0141765
0.0141765
0.0141765
0.0141765
0.0141765
0.00743023
0.0163505
0.0163505
0.00862861
0.01419
0.0148055
0.0148055
0.0148055
0.0161664
0.0161664
0.0161664
0.0145672
0.0139936
0.0139936
0.0139936
0.0139936
0.0139936
0.0139936
0.0140069
0.0140069
0.0140069
0.00920185
0.00991529
0.0155013
0.0155013
0.0155013
0.0121038
0.0106484
0.0143432
0.0143432
0.0143432
0.0143432
0.0143432
0.0177062
0.0177062
0.0177062
0.0177062
0.0177062
0.0177062
0.0177062
0.0177062
0.0140348
0.0140348
0.0140348
0.0140348
0.0140348
0.0140348
0.0163952
0.0163952
0.0163952
0.0163952
0.0131333
0.0131333
0.0131333
0.0132057
0.0141149
0.0184289
0.0184289
0.0184289
0.0184289
0.0102605
0.0102605
0.0102605
0.0109712
0.0109712
0.0109712
0.00610835
0.00610835
0.00610835
0.00593391
0.00593391
0.00593391
0.00593391
0.00593391
0.00593391
0.00593391
0.0162172
0.0154358
0.0154358
0.0154358
0.0154358
0.0154358
0.0154505
0.0154505
0.0154505
0.0154505
0.0154505
0.0129556
0.0129556
0.0141464
0.0141464
0.0141464
0.0098514
0.0098514
0.0098514
0.0098514
0.0098514
0.0098514
0.0098514
0.00469405
0.00469405
0.00281018
0.00281018
0.00435445
0.00538356
0.00435445
0.00907257
0.00907257
0.00642471
0.00456254
0.00642471
0.00907257
0.00907257
0.00584863
0.00727448
0.00584863
0.0190267
0.0190267
0.00535408
0.00902458
0.00384125
0.00384125
0.00384125
0.00384125
0.00771058
0.00771058
0.00771058
0.00535408
0.00538659
0.00961647
0.00154082
0.00154082
0.0145453
0.0145453
0.0145453
0.0145453
0.0145453
0.0145453
0.0145453
0.0145453
0.0147319
0.0200872
0.0200872
0.0149412
0.0149412
0.0149412
0.0149412
0.00530244
0.00530244
0.00530244
0.0038791
0.00286753
0.00279656
0.00265122
0.00265122
0.00265122
0.0028949
0.0028949
0.0028949
0.00265122
0.00265122
0.00265122
0.00193955
0.00338041
0.00161214
0.00265122
0.00265122
0.00265122
0.00193955
0.00143376
0.00161214
0.00383827
0.00507852
0.00492651
0.00594751
0.00594751
0.00525819
0.00409488
0.00492651
0.00470446
0.0083987
0.00800837
0.0179367
0.0179367
0.0179367
0.0179367
0.0143681
0.0143681
0.0143681
0.016488
0.016488
0.016488
0.016488
0.016488
0.016488
0.016488
0.0143272
0.0143272
0.0143272
0.00994856
0.0178686
0.0178686
0.0178686
0.0156441
0.014046
0.014046
0.014046
0.014046
0.015337
0.015337
0.0074246
0.0176556
0.0176556
0.0167603
0.0143532
0.0143532
0.00992306
0.0166895
0.0166895
0.0166895
0.0133691
0.0133691
0.0133691
0.0148199
0.00948353
0.0104994
0.0151204
0.0118064
0.0121567
0.0151061
0.0151061
0.0141337
0.0141337
0.0141337
0.0141337
0.0141337
0.0141337
0.0141337
0.0141472
0.0141472
0.0133255
0.0133255
0.0133255
0.0133255
0.0133255
0.0133255
0.0133255
0.0133382
0.0133382
0.0196676
0.00713916
0.00713916
0.00713916
0.0110429
0.0159889
0.0126281
0.00864844
0.0144819
0.0144819
0.0144819
0.0144819
0.0144819
0.0196664
0.0196664
0.0110422
0.0110422
0.00834554
0.0159879
0.0184806
0.00781513
0.0176217
0.0141077
0.013087
0.013087
0.013087
0.0116727
0.0116727
0.0116616
0.0127456
0.0127456
0.00200901
0.00200901
0.00200901
0.00200901
0.00177433
0.00607455
0.00473063
0.00473063
0.00761263
0.00379297
0.00586699
0.00569137
0.00777967
0.00777967
0.00777967
0.00777967
0.00777967
0.00777967
0.00777967
0.00777967
0.0181084
0.00804421
0.00447871
0.00404538
0.00404538
0.00569648
0.00367627
0.00420586
0.00804421
0.00321322
0.00340175
0.00404538
0.00569648
0.00367627
0.00420586
