1
0.196281
0.378366
0.216589
0.857585
0.866076
0.602463
1
0.126086
1
0.154136
0.00878994
0.0027501
0.0354854
0.0027501
0.129094
0.0197774
0.121144
1.06693
0.509587
0.0410839
0.016394
0.00564982
0.118203
0.161887
0.00572126
0.00564982
0.00250282
0.00272686
0.00266375
0.00258463
0.00272686
0.00272686
0.00587993
0.138532
0.0817099
0.474637
0.973311
0.641368
0.0118608
0
0
0.0028662
0.663449
0.00257029
0.00257029
0.016254
0.00557443
0.00257029
0.00300195
0
0.0197207
0.00815954
0.0107548
0.00291149
0.00286007
0.0197495
0.095849
0.00561953
0.00285301
0.0113353
0.00537826
0.0110326
0.039605
0.627773
0.0704133
1.00118
0.99914
0.0081931
0.0427425
0.00314592
0.00822353
0.660639
0.0445589
0.00288168
0.00554563
0.00293139
0.00286007
0.00286652
0.00571621
0.00444309
0.00822679
0.00321348
0.102609
0.00270508
0.00564762
0.0333407
0.242792
0.0470324
0
0.00433166
0.00554397
0.00268015
0.00587609
0.00867861
0.0200983
0.225474
0.0990818
1.01842
0.997193
0.00692266
0.00654514
0.00278246
0.00323584
0.00278246
0.00564253
0.00286007
0.0142812
0.00259926
0.00286007
0.0036955
0.00283
0
0.00923876
0.00283
0.00275048
0
0.00298287
0.0102293
0.00291101
0.0027805
0.00288777
0.002951
0.0126672
0.00848809
0.0456527
0.233371
0.945457
0.00438058
0.00463104
0.0056603
0.00259926
0.00287126
0.00259926
0.00282491
0.00406564
0.00301843
0.0182338
0
0.00251066
0.00288216
0.00329682
0
0.022446
0.00677384
0.0168697
0.00385909
0
0.00923876
0.00546794
0
0.0216249
0.0564352
0.0036136
0
0.00304915
0.00565011
0.0225378
0.315015
0
0.0253936
0.00288777
0
0.0457785
0
0.0103472
0
0.00390009
0.00302883
0.00276752
0.0212535
0.00757754
0.981166
1
0.00273668
0.00273668
0.00362399
0.00299977
0.0251189
0.00273668
0
0
0.0119074
0.00263188
0.0027387
0.00289833
0.0028926
0.00866725
0
0.00252597
0.00821859
0.0100798
0.00705077
0.00252465
0.00576921
0.00277424
0.00277862
0.019981
0.00595011
0
0.00267343
0.00548666
0.00277043
0.00432817
0.0198295
0.323787
0.00345652
0.0163565
0.0045843
0.00880128
0.00304453
0.0321273
0.0029777
0
0.00292718
0.00793912
0.00277862
0.988134
1.0048
0.0134097
0.00246367
0.00808962
0.033804
0.0105586
0.00290248
0.0718465
0
0.010876
0.0507918
0.0179525
0.01751
0
0.00563579
0.010564
0.00277043
0.0174398
0.0102105
0.00536675
0.0346225
0.0058407
0.00291369
0.00246558
0.0121209
0.549013
0
0.0086902
0.00325562
0.00300358
0
0.00272625
0.00251623
0.00289326
0.00771818
0.00298327
0.00434587
0.00277862
0.0123194
0.00254498
0.00310592
0.00798321
0.00587081
0.00259926
0.902196
0.986899
0.00550293
0.0221115
0.0930382
0.00259926
0.0519019
0.0402813
0
0.002972
0.00290702
0
0.0121068
0.0334342
0.00616027
0.00293926
0
0.0158604
0.00574582
0.0127398
0.00565592
0.0491448
0.0192057
0.00277424
0.00298002
0.0263156
0.00579752
0.976182
0.302127
0.008173
0.0693511
0.0211307
0.0143019
0.0339589
0.0108723
0.00276752
0.00537101
0.00280972
0.00241641
0.0601395
0.00529852
0.0670399
0.00285314
0.0670463
0
0.00727028
0.00283294
0.173983
0.00285479
0.00581485
0.00285479
0.00389289
0.0101678
0.581845
0
0.00536167
0.00348903
0.987551
0.0162366
0.0171113
0
0.15836
0
0.00579167
0.00271007
0
0.00280913
0.0058141
0.0286782
0.00351007
0.00536194
0
0.234452
0.0154042
0.00812861
0
0.020314
0.00250006
0.00805218
0
0.0257104
0.0270368
0.00271007
0.00271007
0.997276
0.0741618
0.0026275
0
0.999731
0.358405
0
0
0.430337
0.374353
0.616146
0.994801
0.0145942
0.367062
0.053679
0.00558084
0.144216
0.19113
1.00557
0.99681
0.0816318
0.99943
0.0162634
0.00942898
0.183655
0.00262723
0.00564997
0.0190043
0.897605
0.00359199
0.156421
0.93724
0.99908
0.00687295
0.00279158
0.161573
0.998672
0.0667278
0.12552
0.0180147
0.00830821
0.0640205
0.395906
0.988756
0.072716
1
0.00536871
0.00257538
0.00251909
0.00981612
0.00573202
0.182323
1.00992
0.00251048
0.085994
0.00921648
0.00251048
0.00238342
0.00802013
0.0295673
0.00262153
0.0316148
0.00594964
0.062533
0.0940683
0.0125455
0.848198
0.394308
0.0159122
0.00299233
0.00251048
0
0.0149208
0.00279658
0.998419
0.0214969
0
0.0195181
0.0799964
0.0545235
0.0077289
0.00235473
0.0189374
0.00303664
0.0142884
0.173597
0.0181291
0.00250383
0.297657
1
0.114669
0.0155171
0.0126223
0
0
0
0.0027964
0.0027964
0.00250383
0.00938936
0.00341431
0.00269331
0.0256492
0.00306296
0.00260282
0.00445739
0.00308383
0.0268664
0.0285691
0.00255796
0.00310405
0.0410533
0.0201775
1
0.00250977
0.00803237
0.00251048
0.00521137
0.00246741
0.00249846
0.002613
0.0032153
0.00812527
0.00251048
0.475401
0.0527152
0.00983379
0.00411768
0.0099442
0.00304836
0.0362692
0.0029283
0
0.0060444
0.0799665
0.00251048
0
0.00452924
0.0697366
0.150367
0.00616451
0.0937357
0.141516
0.00253171
0.0055033
0.00265945
0.00279658
0.0029821
0.0217236
0.00262322
0.236144
0.00559925
0.00252706
0.00251048
0.0512452
0.0175599
0.00253171
0.0031118
0.00418414
0
0.11559
0.00361672
0.00253171
0.117069
0.00267258
0.0031171
0.00297159
0
0.0616865
0.0025597
0
0.00297159
0.00399511
1
0.179811
0
0
0.010937
0.0133136
0
0.00308669
0.00515405
0.00608218
0.00421951
0.00908254
0
0.00253171
0.00708665
0
0.110308
0.00273496
0.155737
0.0051842
0
0.00297159
0.00755527
0.0043741
0
1
0.351411
0
0.0398047
0.0533975
0
0
0
0.136141
0.0133569
0.0169953
0
0
0
0.0108252
0
0
0.0147617
0.00294857
0
0.0108252
0.292341
0.00585411
0.0051842
0
0.00528588
0.0359568
0.00775406
0.00306184
1.01066
0.688199
0
0.0401666
0.00568148
0.170706
0.00785744
0.02155
0.00866686
0.00271387
0.00785744
0.0164039
0.00281078
0.00680363
0.0032678
0.00264099
0.0106692
1
0
0
0.041954
0.264325
1
0.00742898
0.00847128
0.00311416
0.0264687
0
0.00595492
0.00268847
0
0.0170423
0.0119321
0.00281099
0.00281179
0
0.0802167
0
0
0
0
0
0
