0.0550557
0.00807845
0.00559538
0.962937
0.00348645
0.0132747
0.0392506
0.00607132
0.00584487
0.00276412
0.0465119
0.00917234
0.0147003
0.00287303
0.0141928
0.0076665
0.380639
0.00540714
0.00786841
0.00558518
1
0.00568962
0.059812
0.002885
0.013701
0.00251239
0.342065
0.00592698
0.0470404
0.0323858
0.866079
0.169995
0.0140374
0.00919983
0.00597375
0.00269427
0.210802
0.12067
0.426698
0.00711683
0.0357686
0.0329861
0
0.00285725
0.111503
0.141555
0.843153
0.870073
0.669174
0.016828
0.0778462
0.00598087
0.00284295
0.00610378
0.324966
0.622664
1
1
0.0281919
0.00283664
0.00271595
0.00277526
0.00590875
0.0026267
0.0128047
0.0185157
0.988104
0.135126
1.00768
0.281127
0.00262312
0.0212893
0.10557
1.03149
0.0715041
0.00528117
0
0.00296648
0.00266428
0
0.00304324
0
0.00594746
0.0026296
0.00264418
0.00259818
0.00834383
0.00530196
0.00277975
0.00261474
0.134862
0.464658
1
0.302246
0.00273819
0.00846384
0
0.0477759
0.00273819
0.0225795
0.00260849
0.00782547
0.00404855
0.00264345
0.00946636
0.00285148
0.00924829
0.00290389
0.00838283
0.00554582
0.0047135
0.00551075
0.00294297
0.00572576
0.00272989
0.00308559
0.0163263
0.0194789
0.016129
0.345217
0.0953158
0.993039
0.988297
1
1.00909
0.00409908
0.0126656
0.123341
0
0.00591895
0.0052877
0.00253522
0.00251212
0.00298521
0
0.0246975
0
0.0025815
0.005435
0.0120696
0.00290135
0.0192033
0.00259212
0.00291747
0.0144515
0.00269324
0.274988
0.0027359
0.00403987
0.00848032
0.00265488
0.00291712
0.00545566
0.00246418
0.00291747
0.00269324
0.013508
0.0165861
0.0257757
0.104232
0.0404803
1.01362
0
1.01968
1
1
0.00248264
0.00625005
0.00346761
0.00545285
0.00254292
0.00453814
0.00292144
0.00292192
0.0052503
0.0125791
0.00251212
0.00508927
0
0.0134188
0
0
0.0101696
0.00675774
0.00264581
0.00517188
0.00283055
0.00260742
0.00264418
0.00260742
0.00296983
0.00334862
0.00292379
0.00507617
0
0.00260742
0.00521145
0.0801244
0.0225895
0.0475029
0.0594806
0.994658
0.0109015
0.977739
0.00467403
0.00246806
0.00253819
0.00280442
0
0.00248764
0.00285721
0.00291747
0
0.00305591
0
0.0383615
0
0.0275174
0.0149918
0.00251858
0.00292733
0
0
0.022013
0.00246348
0.017102
0.0026296
0.0310905
0
0.0193607
0.00551583
0
0.00256728
0.00789423
0
0.0499672
0.00293531
0.00502695
0
0.00380539
0.00286125
0.0166929
0.180722
0
0.391694
0.0055785
0.00353663
0
0
0.00266898
0.00302454
0
0
0.00951822
0.00709829
0.00279673
0.00789804
0.00255042
0.00391407
0
0
0.024553
0.919318
1
0.0705779
0
0.00544539
0
0
0.00538098
0
0.00362599
0
0
0.00290389
0
0.00251933
0.00725972
0.0184118
0.00285033
0.00483982
0.00565588
0.00288368
0
0.00289615
0.0133019
0.00601508
0.0179903
0.0237743
0.00532332
0.00542755
0.00275431
0
0.00297744
0.00304613
0.0871976
0.0105805
0.344649
1.00964
0.0023918
0.00556016
0.00327732
0
0.00303933
0.0025933
0.00269324
0.0139394
0.00551706
0.00708551
0.00553815
0.00252133
0.0122128
0.00789906
0.00770787
0.00788765
0.511136
0.986736
0.985494
0.983653
0.995775
0.00496696
0.00250426
0
0.00787057
0.0323647
0
0.135622
0.00273819
0.00787057
0.0336357
0.00817337
0.00256728
0.00269917
0.0683546
0.0168209
0.0117243
0.00481365
0.00297268
0.0158311
0.00302382
0.00298668
0.00356464
0.00508578
0.00785435
0.163708
0.00289294
0
0
0.00291979
0
0.00500398
0.00285511
0.0209822
0.013759
0.156893
0.0218984
0.526919
1.03186
1
0.00893427
0.00363471
0.00296153
0.00540551
0.00352503
0.008387
0.00281623
0.00825308
0.0119541
0.00520701
0.0147148
0.00279673
0.00262884
1
1
0.57411
1.01313
1.04955
0.0170618
0.00293123
0.00547775
0.0317705
0.201047
0.0106536
0.00292733
0.00520364
0.0477623
0.0319382
0
0.00557994
0.00285033
0.00283806
0.0122157
0.0582357
0
0.0217062
0.0210045
0.00371782
0.00838934
0.00767897
0.0139998
0
0.00511964
0.00798394
0.0161858
0.163185
0.00809328
0.0105345
0.00280896
0.0406086
0.0199345
0.0939351
0.714073
0.997507
0
0.0135787
0
0
0.0168407
0.00292035
0.00746063
0.991802
1
0.0384349
0.205734
0.00653353
0.00411181
0.0292607
0.00287719
0.0078888
0.00303041
0.00273228
0.0232916
0.00770384
0
0.00880473
0
0.976099
0.00288084
0.0153709
0.125282
0.00291897
0
0.0145845
0.00281429
0.00292176
0.0153695
0.0198238
0.0259105
1.00646
0.217647
0.0552129
0.00344892
0.00441129
0.00375657
0.002659
0.00301132
0.00440651
0.00264418
0
0.00258845
0.00783217
0.00264418
0.00267422
0.760484
0.00288031
0
0.10474
0.0195108
0.0488134
1
0.0253222
0
0.0140455
0.00268348
0
0.0574184
0
0
0.0495156
1.00284
0
0.00287423
0.00294133
0.00254033
0.10569
0
0
0.0282974
0.00302
0.00261745
0
0
0.00264485
0.00301281
0
0.046734
0.00290631
0.0028192
0.0231858
0.0659618
0.995693
0.00289438
0.00278885
0.0477155
0.0197252
0.0283597
0.00302678
0.00853455
1
0.00293028
0.00826711
0.286075
0
0.00412225
0
0
0.00327571
0
0
0.00273181
0.000830386
0.00274775
0.0176013
0
0.00303588
0.00292169
0.00299429
0.0255274
0.0135797
1
0.0045517
0.0045517
0
0
0
0.00290474
0.00745506
0.0190057
0.0123501
0.00880927
0.0055022
0.0862947
0
0.0115491
0.0399479
0.00856188
0.00589887
0.0026913
0
0.00280174
0.0163823
0.0192329
0
0.0108981
0.00593801
0.0477894
0.00936383
0.0118499
0.973027
0.00576677
0.00278438
0.00274187
0.0026913
0.00268866
0.00272738
0.00260144
0.00273739
0.00281665
0.00697162
0.00295657
0.00268002
0.00285232
0.0315764
0.00574597
1.01423
0.0026263
0.00273181
0.0029684
0.00286531
0.00803012
0.00279169
0.0142201
0.00281123
0.00304819
0.00290474
0.0030405
0.00872996
0.00939424
0.00909649
0.0026913
0.0026913
0.0247491
0.0026913
0.00323642
1.00116
0.0824965
0.00284187
0.00291442
0.00298096
0.00795534
0
0.0140933
0
0
0
0.00548699
0
0
0.00838243
0
0
0.00298714
0.0581038
0
0.245848
0.963959
0.21845
0.0573731
0.00291278
0.00263939
0.0031285
0.00265862
0.0101585
0.0259701
0.00253688
0.00987201
0.00864843
1
0.618113
0.305455
0.520476
0.00312084
0.00247293
0.00264975
0.117563
0.0178969
0.0152623
0.434846
0.341771
0.00259238
0.302883
0.0037094
0.0074188
0.0118872
1
0.0308526
0.00290301
0.00558514
0.330751
0.611757
0.987714
1
0.0036175
0.00794395
0.283964
0.0029691
0.0142646
0.0243349
0.0222359
0.00740628
1.01009
0.172035
1.00461
0.946366
0.00256611
0.00249686
0.00248414
0.00250747
0.0271115
0.0027113
0.00383257
0.00562258
0.00292356
0.0278058
1
0.183613
0.684568
0.313349
0.00263371
0.00825056
0.00253688
0.00258396
0.00250705
0.00510202
0.00557872
0
0.00847649
0.00258003
0.00843398
0.0100828
0.00861834
0.00822679
0.0260291
0.0217435
0.941847
0.00310093
0.00408769
0.169583
1
0.0509369
0.00292608
0.00296573
0.00297274
0.00297274
0.00253688
0.00293951
0.00276436
0.00257961
0.00281905
0.00460727
0.00997165
0.00262445
0.00266279
0.00691091
0.0153
0.0026579
0.00286285
0.0496714
0.0116116
0.00547403
0.0228568
0.0130868
1
0.0495967
1
0.619618
0.00436795
0.0107105
0.00275731
0.0029269
0.00255633
0.0119947
0.00275731
0.00283175
0.00283175
0.00285129
0
0.00286609
0.0035037
0
0.00282971
0.0119098
0.00290897
0
0.00417927
0.0176754
0.00246351
0.00838593
0.00865141
0.00643532
0.00585319
0.00268157
0.0942094
0.00264789
0.0051753
0.00880337
0.00866002
0.0294002
0.293068
0.0534333
1
0.00295823
0.0107289
0.721261
1
1.0033
0.0177359
0.00299685
0.00535835
0.00308919
0.0029204
0.00266962
0.00294079
0.00630169
0.00355138
0
0.0030471
0.00303395
0
0.00276436
0.00802033
0.00615602
0.00542118
0
0.0166075
0
0.00890724
0.0200906
0
0.00274966
0.00335043
0.00262378
0.0404176
0.0114559
0.0116871
0.00870371
0.0146189
0.00532919
0
0.00369527
0.00870467
0.00544859
0.0201584
0.0883562
0.0127716
0.999064
0.00278593
0.00532919
0.0185695
0.0464537
0.991486
0.982557
0.0133372
0.00763695
0.0029427
0.00577887
0.00278703
0.0221128
0.0056822
0.00305475
0.00297568
0.00297274
0.00275112
0
0
0.00251704
0.0148933
0.00458082
0.0215164
0.884511
0
0.00486537
0.00504348
0
0.00575586
0.00993252
0.00269813
0.00294841
0.00400733
0.0194822
0.00565692
0.0253814
0.00283447
0.00282335
0.0027748
0
0.00367732
0.00303924
0.0239072
0.0153376
0.0352949
0.00633322
0.857961
0.0580621
0.00282335
0.162228
0.29867
1.012
0
0.00270588
0
0.00552819
0.00297274
0.00293539
0.00485893
0.00286147
0.00505391
0.00249616
0.00312543
0.00253688
0.00249616
0.0111758
0.00297466
0.00299117
0.00927446
1.04288
0.231078
0.0055811
0
0.00308592
0.00581329
0.0514151
0.00576413
0.00552052
0.00280037
0.00297826
0.00960689
0.0107646
0.106883
0.114557
0.893387
0
0.00358652
0.0242355
0.00618761
0
0.00298545
0.00288376
0.0055403
0.00650183
0
0.00271111
0.00536332
0.00311771
0
0.00277811
0.00281905
0.0463261
0.0133013
0.00285129
0.00356594
0.155282
1.01028
1.03167
0.138027
1.00027
0.0665145
0.00308228
0.0028394
0.00280453
0.00348261
0.11737
0.00271178
0.0876037
0
0.00868649
0.0127217
0.00425589
0.016697
0.0631367
0.0237597
0.0846753
0.977872
1
0.00276514
0.00538625
0.00405674
0.00573532
0.00816696
0.00288394
0.00267319
0.0098717
0.00275848
0.00594987
0.00880867
0.00260128
0.00285129
0.0689156
0.00311959
0.0180721
0.00450203
0.661982
0.850024
1.02005
0.329775
0.831124
0.0956273
0
0.00858415
0.00293629
0.00729308
0.00263807
0.106931
0.00529545
0.177954
0.0040542
0
0.00577166
0.00529545
0.00311794
0.0334051
0.00546979
0.239975
0.00384991
0
0.00431351
0
0.00253814
0.274342
1
0.00282417
0
0.00794168
0.00794168
0.00809746
0.00278566
0.00281905
0.063485
0.00295613
0.0165537
0.00281905
0.00784227
0.984767
0.373196
0.604669
0.688199
0.251344
0.0416192
0.00313326
0.00352381
0.02756
0.00272928
0
0.0389313
0.00287865
0.00273465
0
0.0198299
0.0237635
0.00273465
1
0.742846
0
0.00310484
0
0.0401811
0.00837009
0.0115155
0.203576
0.247173
1
0.0483787
0.0136708
0
0.0152357
0
0.00822526
0.0175742
0.144813
0.0876588
0.00301404
0.00288394
0
0.00865183
0.00283175
0.00283175
0.00283175
0.911687
0.992791
0.0116508
0.00642104
0.0150513
0.00292877
0.00600718
0.0432047
0.00347399
0.56513
0.0029137
1
0.207246
0.018786
0.003131
0.0308922
0.285516
0.0261654
0.0400578
0.0198808
0.00277778
0.979977
0.00348164
0.00506865
0.0306443
0.0856286
0.00279305
0.00513469
0.0424372
0.0180705
0.00584959
0.00285523
0.00564762
0.00859689
0.518957
0.00816216
0.0106971
0.97249
0.00579887
0.00608826
0.0113302
0.123623
0.00281324
0.0168085
0.00285586
0.525097
0.00289533
0.00304465
0.00553399
0.0112401
0.558399
0.109603
0.0196412
0.00310484
0.00672755
0.298083
0.170633
0.260764
0.0497263
0.186553
0.219153
0.9488
0.946258
0.706714
0.0268841
0.0744783
0.0414128
0.302658
0.638373
1
1
0
0.0832852
0
0
0
0
0.00331303
0.00277353
0.00273588
0
0.00360112
0
0.998661
0.0626268
1.02634
0.247911
0.0122776
0.00331643
0.00391941
0.00304309
0.00719201
0.00556687
0.0318213
0.182694
1
0.06529
0.00275107
0.00286946
0.0124865
0.0027582
0.0539057
0.00276063
0.00549477
0.00259922
0.00270677
0.00558845
0.00850431
0.0249729
0.240993
0.988521
0.425457
0.0140517
0.0161913
0.00287031
0.0375375
0.00660795
0.00264318
0.00264318
0.00282337
0.00271572
0.00282337
0.00288513
0.00904935
0.0048998
0.00281035
0.00387829
0.0052121
0
0
0
0.00267302
0.00325105
0
0.00819879
0.00268596
0.0029339
0.00273143
0.00271481
0.0112559
0.0271447
0.0252552
0.289022
0.134015
1
1.01363
1
1.0055
0.00247372
0
0.00892901
0.0843097
0.00536423
0.00292191
0.0028586
0.00259051
0
0
0.00535305
0.0402674
0.00540721
0
0.00287705
0.00249961
0.00535305
0.00285043
0.012344
0.00269615
0.00277984
0.00266499
0.00517784
0.00360112
0.0121082
0.0026532
0.0196558
0
0.00786232
0
0.00555797
0.00495863
0
0.377247
0.00269218
0.00758217
0
0.0103244
0.00244007
0.00249729
0.00259916
0
0
0.0138217
0.0140442
0.0255504
0.10672
0.0585207
1
0.0138777
0.984559
1
0.999999
0.00713204
0.00272013
0.00285386
0.00470458
0
0.00262077
0.0116629
0
0.00262077
0.0143513
0.00309119
0.00576827
0.00274686
0.0117745
0.0116629
0.019329
0.00272053
0.00997229
0.00273143
0.00249729
0.00265028
0.00285813
0
0.00284229
0.00325734
0.00833319
0.0188282
0.0140739
0.0843067
0.0401117
0.979756
0.0226698
1.00759
0.00841124
0.00755677
0.00294505
0.00869741
0
0.00264318
0.00253781
0.00277193
0.00527056
0.00264318
0.0165169
0.0389948
0.0058457
0.0391696
0.0314886
0.00266499
0.00281162
0
0.0143761
0.0154949
0.00977822
0.0163281
0.00263482
0.00273143
0.0123788
0.00534352
0.00521703
0
0.00539557
0.0782548
0.0215291
0.373597
0.00536725
0.0106186
0.00381046
0
0.00404807
0.0104983
0.00783876
0.0173551
0.00720868
0.0145581
0.00496801
0.00277229
0.00277984
0.0110284
0.0608936
0.00581866
0.0271475
0.968576
0.959874
0
0.00256779
0.00300982
0.0111242
0
0.00256779
0
0.00259565
0.00270651
0.0154536
0
0.00277938
0.00923945
0.00282525
0.00639686
0.00279563
0.0024856
0.0135973
0
0.00433156
0.00826358
0.00559399
0.00417344
0.00286664
0.00290761
0.195552
0.0208775
0.33082
0.985693
0
0.0116549
0.00282337
0.511136
1.01267
1
1
1.0489
0.00774776
0.00259565
0.00256779
0.00415775
0.128983
0.00774776
0.00256779
0.00731795
0.00282525
0.00274149
0.00605411
0.0576328
0.0324154
0.00855972
0.00529734
0.00290748
0
0.00832502
0.00280033
0.0120745
0
0.203609
0
0.00528396
0.00261317
0
0.00281811
0.00942448
0.0082714
0.0926134
0.535675
1.0203
1
0.0084855
0.0028609
0.00258131
0.00265749
0.024539
0.00291018
1.01044
1.00027
0.526756
1.02005
0.913527
0.00543092
0.0366191
0.0026925
0.152754
0.00259565
0.00262202
0.0154067
0.0275315
0.00281162
0
0.0123182
0.055174
0
0.0139183
0.00541297
0.00374901
0.00590878
0.00700306
0.00285205
0.00537066
0.00815908
0.019495
0.183517
0.00270668
0.0111614
0.00277366
0.013755
0.0461949
0.00829724
0.178605
0.718953
1.00699
0.00280669
0.00650604
0.011151
1
0.991478
0.0405655
0.151027
0.0212752
0.00282337
0.00319843
0.00369605
0.0286144
0.00285344
0.0767624
0.00291881
0.00264524
0.00847011
0.00858651
0.00291881
0.0236697
0.00903805
0.00469685
0.00614858
0.94584
0.00254687
0.0027258
0.00777362
0.134937
0.0028256
0.00258058
0.00481023
0.00306321
0.0148529
0
0.00777288
0.018563
0.0255991
0.992129
0.252485
0.0303469
0.00253233
0.0355557
0.00273891
0
0.00882749
0.0263903
0.00283559
0.0208609
0.656504
0.00589139
0.00292929
0.00292929
0.00302167
0.113918
0.00291286
0.0432268
1
0.0257342
0.0408638
0.00832242
0.0125666
0
0.00598289
0.0182548
0
1.00688
0.00287689
0.00294405
0.0941983
0.0410932
0.00308758
0.00589401
0.00305375
0.00303522
0.0344019
0.00293286
0.0224209
0.989578
0.0256884
0.0245948
0
0.00257708
0.00279845
0.00564408
0.002858
0.00258062
0.00583916
0.985122
0.00650305
0.0129107
0.266363
0.00375724
0.00267905
0.00580634
0.00333202
0.00284925
0.0189626
0.0104028
1
0.0106134
0.0117519
0.013916
0.00294951
0.0256787
0.00540869
0.00299707
0.00372613
0.0171399
0.0209187
0.0135655
0.00865696
0.0629279
0.00574746
0.980244
0
0.00287689
0.00254778
0.00267435
0.0308472
0.0112914
1.03268
0.00267824
0.00298413
0
0.00280752
0.0343006
0.0328181
0.00297471
0.00612446
0.00287689
0.018667
0.992752
0.0555827
0.00274661
0.00536457
0.0175415
0.00280919
0.00292438
0.0652086
0.086242
0.944951
0.179475
0.00300121
0.00275916
0.00256948
0.0027638
0.00275916
0.00275916
0.002839
0.00275916
0.00394166
0.0102636
0.00872075
0.0278113
1
0.4744
0.248258
0.276194
0.0026711
0.0027638
0.00314923
0.0103296
0.182593
0.0187276
0.00264002
0.0213251
0.455414
0.428739
0.413896
0.00578195
1
0.0272084
0.0104459
0.00605207
0.00379853
0.384506
0.644732
1.00944
0.996391
0.0163993
0.0136669
0.229983
0.0115371
0.00436389
0.0152846
0.00350555
1
0.0503786
1
0.937916
0.0136271
0.00279698
0.00895863
0.0143831
0.00360812
1
0.35748
0.00268759
0.524508
0.284178
0.0045882
0.00827698
0.0411898
0.00283246
0.00967282
0.00595284
0.0326233
0.0149781
1.00132
0.00389292
0.00283033
0
1.00027
0.15514
0.00282489
0.00526328
0.00309369
0
0.00644519
0
0.00287551
0.0647357
0.00261049
0.022291
0.00266957
0.0226212
0.0291274
1
0.00262009
0.0591807
1
0.713918
0.00272313
0.00276076
0.0052678
0
0
0.00529702
0.00848044
0.00459229
0.0281801
0.00257981
0.00276907
0.00257808
0.00855706
0.0144681
0.00591348
0
0.00275812
0.00806431
0.00351556
0.00812083
0.00803015
0.0027537
0.00245733
0.00295901
0.0086045
0.0399434
0.0108374
0.00256276
0.022198
0
0.00258789
0.00582865
0.0610781
0.00278559
0.00248309
0.00826234
0.0229339
0.0168289
0.12364
0.0516334
1
0.00294378
0.00278559
0.823979
1
0.971686
0.0171115
0.00287657
0
0.00276813
0.00260716
0.00288201
0.00557635
0.00565108
0.00342697
0.00288201
0.00262516
0.0260009
0.00806337
0
0.00262793
0.00575065
0.0146073
0.00295657
0.00257495
0
0.0546358
0.0144304
0.00872023
0.0208303
0.00854954
0.00887736
0.00273313
0
0.00280287
0.0163046
0.0353736
0.183545
0.0196166
0.997913
0.00829127
0.00570878
0.0571034
1.00856
0.99657
0.0133443
0.0223281
0.0028437
0.00558386
0.00298432
0
0.0399916
0.00284059
0
0.0100531
0.00276813
0
0.00355074
0
0.00297699
0.00310211
0.556728
0
0
0.00274117
0.00405798
0.00916897
0.00295657
0.00297699
0
0.00288382
0.00996264
0.00289179
0.00572669
0
0.00275816
0.138769
0.00584753
0.00397941
0.00572425
0.00449276
0.00537807
0.0370283
0.0032591
0.580289
0.00842158
0.109771
0.499878
1.02029
0.00249501
0.0027189
0
0.00271961
0
0.0027239
0.00603068
0.0027336
0.00253498
0.00276813
0.00300374
0.00280908
0.00786699
0.00276813
0.00388453
1.02447
0.149787
0.00265387
0.00283686
0
0.00305178
0.00296555
0.048743
0.0027239
0.00835198
0.00524982
0.00301428
0.00290835
0.00284793
0.00977176
0.0141018
0.105844
0.00403301
0.00961919
0.0742569
1
0
0.00261994
0.00684038
0.0116953
0.0120553
0.00266321
0
0.00436558
0.0081157
0.015455
0.00262009
0.0139311
0.00288201
0.00257808
0.00249501
0.00302255
0
0.00554619
0.00807492
0.0053276
0.00546068
0.00541867
0
0.0993234
0.0163523
0.00284059
0.00753505
0.150226
1.00408
0.990952
0.124584
1
0.00284427
0.00623515
0.0360328
0.00348014
0.0157748
0
0.00545575
0.0119916
0.00571043
0.0970433
0.00282461
0.00543828
0.0862297
0.00264936
0.0359828
0.00286386
0.00247628
0.00543828
0.00295657
0.00458449
0.00252816
0.0112784
0.14321
0.00600402
0
0.00563356
0.0764283
1
1
0.00283476
0.0056121
0.00423466
0
0.00566054
0.00533879
0.00866497
0
0.012312
0
0.00297205
0.0082835
0.0317564
0.0115615
0.0285863
0.00248309
0.00505278
0.00248309
0.00304744
0.00518698
0.00254105
0.0107998
0.0526104
0
0.0188627
0.00518698
0.00474275
0.591364
0.976405
1
0.477586
0.796875
0.00257405
0.0784881
0
0.0186565
0.00417697
0.00313043
0.0072298
0
0.132259
0.00248236
0.00268759
0.0114637
0.126524
0.00862805
0.0101604
0.0114637
0.00268759
0.00268759
0.0311358
0.0108167
0.272681
0.00294152
0.00795906
0.0085808
0.397308
0.994897
0.00289033
0.00293982
0.00295594
0
0.00576476
0
0.00257808
0.00960669
0.0191497
0.00257808
0.992209
0.291265
0.585645
0.688199
0.343355
0.0391678
0
0.00616373
0.0141343
0.00287847
0.0559879
0.00539702
0.0342507
0.00558413
0.00298768
0.00539702
0.01277
0.00264482
0.0162534
0.00539702
1
0.617808
0.00276907
0.00276907
0.0029027
0.0636356
0.18345
0.399766
1
0.0372443
0.00692268
0.0111507
0.00286171
0.00248511
0.0350831
0.00248511
0.00393514
0.0328252
0.00248511
0.122084
0.00290724
0.189571
0.00576313
0.00293644
1.00927
1.09505
0.00547843
0.0086676
0.0248804
0.585458
1
0.25835
0.050714
0.0192825
0.0054739
0.997406
0.00641928
0.00273874
0.0385019
0.00527276
0.0604083
0.00895903
0.0030835
0.00588573
0.00280621
0.00297703
0.00573791
0.530985
0.00264128
0.0237076
0.0109884
0.950109
0.0303175
0.140666
0.0110984
0.0104343
0.00824376
0.466804
0.00560358
0.0462782
0.00296272
0.0103385
1
0.196281
0.00296728
0.0030177
0.00296728
0.0318125
0.00911505
0.258025
0.147702
0.221405
0.0524141
0.011498
0.122157
0.213513
0.875099
0.887572
0.705877
0.00255261
0.00266086
0.0138056
0.00311128
0.0436569
0.259535
0.580986
1
1
0.108497
0.00255496
0.998811
0.121559
1.03586
0.247948
0.0108246
0.00527386
0.0096162
0.00267356
0.00257061
0.00268294
0.00307977
0.00803804
0.00946831
0.0891557
1
0.0455353
0
0.00256432
0.0192324
0
0.00256432
0.00256432
0
0.00272396
0.0274565
0.00275646
0.00284656
0
0.00274264
0.00557854
0.00258409
0.00841952
0.0537436
1.06093
1.00227
0.322144
0.00269876
0.00449794
0.0170736
0.00267264
0.00289773
0.00278951
0.00269876
0
0.0124189
0.00256432
0.00284309
0.00260582
0.00836454
0.00281133
0.00292054
0.0302154
0.00880839
0.00578536
0.00552977
0.00833607
0.00289802
0.00397768
0.00257799
0.00557112
0.0111962
0.0193825
0.0256075
0.229201
0.134836
1
1.02771
1
1.00995
0.00267414
0
0.0365671
0.00303023
0
0.0401699
0
0
0.00291358
0.0124189
0.00290605
0.02169
0.00289773
0.00302849
0.0028409
0.00778807
0.124409
0.00369587
0.00561276
0.0156576
0.00259664
0.0037788
0.00513917
0.0114874
0.11345
0.0813395
0.996994
0.987423
1
0.968091
0.0145998
0.00532161
0.00296918
0.00724888
0.00436569
0.00283078
0.0043058
0.00930396
0
0.00260042
0.0119362
0.00808253
0.0030302
0.00560734
0.00340506
0.00285403
0.00280666
0.0218267
0.0251575
0.025402
0.259391
0.0422833
1.00159
0.0660611
0.997408
0.0311399
0.00247228
0.00551136
0.0160544
0.00275434
0.00442478
0.00280666
0.0287127
0.00807966
0.00263516
0
0.00295612
0.00526067
0.0173441
0.00589631
0
0.00280666
0.00280666
0.0146775
0.00281329
0
0.00899774
0.00268629
0.00556411
0.00280666
0.00293985
0.00507446
0.0163798
0.0112864
0.117764
0.0538377
0.76553
0.0037996
0.0120273
0.0183948
0.0135234
0.00263069
0.00299069
0.00321148
0.00794558
0.00794612
1.11855
0.979385
0.00280666
0
0
0
0.00727291
0.0201921
0.00261054
0.00261592
0
0.0176278
0
0.00836858
0.00541504
0.00785965
0.00261054
0.00545871
0.0137416
0.00392189
0.00262094
0.00280073
0.00254513
0.0030559
0.00401863
0.00289833
0.0290965
0.00982852
0.337544
1
0.00267339
0.00708006
0.00577016
0.00267339
0.0039806
0.00280335
0.0473819
0.00272306
0.00276059
0.00269876
0.00266304
0.00736026
0
0.00269876
0.511136
0.991492
0.902588
0.988115
1
0.00855215
0.00269873
0.00269873
0.0245365
0.00305616
0.0820348
0.00269873
0.00574082
0.00269873
0.011566
0.0359839
0.0663897
0.0160347
0.0286359
0.0158092
0.00848524
0.00360202
0.00287053
0.0114101
0.0133414
0.133542
0.00258132
0.0049932
0.00293859
0.014184
0.0133414
0.00266304
0.0250151
0.0143949
0.0577144
0.529309
1
1
0.00274342
0.00292973
0.0082083
0.00339227
0.00274205
0.00274187
0.00274264
0.00284069
0.0121648
0.00260743
0.00266304
0.99071
1
0.52148
1
1
0.00819079
0.00278511
0.00725987
0.0812276
0.00544815
0.00278511
0.0740964
0.0790267
0.0081184
0.0206314
0.00306827
0
0.00794115
0.10667
0.0255705
0.00295966
0.00263171
0.0195469
0.00871515
0.12731
0.0280154
0.704819
0.992136
0.00240492
0.00256338
0.00252488
0.00757465
0.00264587
1
1
0.057146
0.483239
0.00295966
0.00676946
0.0147983
0.00295966
0.00276763
0.00550498
0.00295966
0.00284269
0.0103462
0.00568192
0.893167
0.0078745
0.152127
0.0046831
0.0226921
0.0216432
0.00787374
0.0145211
0.00268343
0.0119408
1
0.322464
0.0401724
0.00287898
0.00268391
0.00749583
0.735238
0
0.00267468
0.0027577
0.00267275
0.0781543
0.00822599
0.0204765
1
0.013705
0.0120285
0.00307923
0.00262728
0.02105
0.024151
0.00264913
0.0029345
0.00306042
0.0147489
0.0113732
1
0.00274705
0.00280664
0.00300811
0.107632
0.00292298
0.00571821
0.00280664
0.00294582
0.0210155
0.0126217
0.00266607
0.0203814
0.996126
0.00297598
0
0.00903648
0.0255638
0.0416935
0.998293
0.00280267
0.165873
0.340061
0
0.00280664
0.00281371
0.0181785
0.00546411
0
0.00282054
0.00831905
0
0.00258492
0.00312075
0.0219533
0.0242411
1
0.00883359
0.00466335
0.00511953
0.0237143
0.00284851
0.00313461
0.0172225
0.00266714
0.00277452
0.0657118
0.0212495
0.00296683
0.00280664
0.00900199
0.0144035
0.0270104
0
0.00966792
0.00290382
0.0388188
0.00528127
0.00291422
1
0.0316793
0.00272724
0.0164102
0.00280664
0.00285751
0.0161456
0.0112035
0.0331008
0.0028664
0.00508789
1
0.00261168
0
0.0216447
0.00528127
0.00258781
0.0229998
0.00511126
0.0027041
0.00528127
0.00583116
0.0108378
0.00880211
0.00686502
0.00558332
0.0189849
0.0189849
0.0308818
0.0251643
0.0133912
0.00254434
0.0189849
0.00269541
0.99927
0.141548
0.00511897
0.00793079
0
0.0114691
0
0.00262733
0
0
0
0.00294507
0.00294507
0.0439146
0.00294507
0.00294507
0.120667
1.03328
0.0156252
0.00294507
0.217254
0.00542927
0.0026033
0.00242433
0.00281755
0.0026033
0.0026033
0.00267863
0.0026033
0.00371901
0.00278063
0.00600117
0.0276376
0.00267584
0.00297369
0.00856281
1
0.59148
0.293628
0.105614
0.00288393
0.162481
0.00930937
0.00883944
0.323313
0.381955
0.349422
0.00569664
0.913878
0.0219746
0.00531292
0.0196931
0.402771
0.619366
1
1.00752
0.00253537
0.305098
0.0193734
0.00422561
0.00264416
0.00749794
0.00260575
0.00263114
1
0.111649
1
0.980023
0.0131016
0.00263289
0.0257045
0.0148094
0.992562
0.266918
0.612761
0.313831
0.0133725
0.00897734
0.00306038
0.0026932
0.0026932
0
0.00253537
0.00253537
0.00300257
0.00299972
0.00300257
0.0149381
0
0
0.00834396
0
0.0192275
0.0368378
0
0.0214221
0.0117944
1.05729
0.00523766
0.00253604
0.0950132
1.0119
0.117075
0.00299915
0.00262425
0
0
0.00268873
0.00812145
0.0055504
0.00314498
0.0154552
0.00273675
0
0.00257587
0
0
0.0108095
0.0110639
0.0138799
0.0164828
1
0.0779891
1
0.491209
0.00541124
0.00482204
0.00553807
0.00299023
0
0.0110381
0.00289596
0.00293849
0.00821719
0.00262298
0.00291256
0.0060155
0
0.00258549
0.00277358
0.0112306
0.00288231
0.00274909
0.0461479
0.00540172
0.00295616
0.0141529
0.0087955
0.124883
0.0399531
1
0.00540172
0.742883
1
1.01038
0.0356054
0.00257587
0.00537602
0.0026363
0.00251577
0.00252403
0.00564922
0.00252403
0.00500556
0.0125795
0.00241576
0
0.0030356
0
0.00286381
0.0127579
0
0.002501
0.00291922
0.0112498
0
0.158819
0.0256809
0.00282114
0.00448302
0.00293194
0.0114516
0.0660588
0.00416036
0.00255783
0.0300942
0.00846028
0.173193
0.0279063
0.999202
0
0.0577282
1.00262
0.985134
0.00411681
0.00800053
0.00296012
0.00268916
0.00260805
0.00257587
0.00277358
0.00536297
0.00257587
0
0.00354664
0.00549056
0
0.367196
0
0.000241841
0.0029681
0.0584635
0.00250319
0
0.0055173
0.00977477
0.00603775
0.0184497
0.00279886
0.717089
0.0724007
0.704176
0.955103
0.0161947
0.00268014
0.00262869
0.00267613
0.00262351
0.00267613
0.00259345
0.00252403
0.00299023
0.00595718
0.00531884
0.00250027
0.00283731
0.00292364
0.00594445
0.00283731
0.00283731
1.05069
0.0703125
0.0030637
0.0102441
0.0175972
0.00288872
0.00840892
0.00471676
0.00962149
0.00283006
0.00299817
0.014054
0.159502
0.0348575
1
0.00273233
0.00529504
0.00292567
0.00252778
0.00853702
0.00262288
0.0326503
0
0.00275656
0.00537989
0.00803143
0.0031496
0.00275656
0.00300257
0.0055065
0.00274804
0.00296775
0.00806492
0.00257587
0.00533938
0.0364569
0.00252798
0.021679
0.00533243
0.00253537
0.00762769
0
0.187775
1.01039
0.9582
0.214882
1
0
0.0273708
0.00340999
0
0.00871368
0.0029961
0.00557324
0.067352
0.00275587
0.0197909
0.120525
0.00858061
0.00269216
0.0479676
0.0225474
0.0239233
0.0029997
0.184929
0
0.0202353
0.131823
1
1
0.00258014
0.00309115
0.0028655
0.0463535
0.0468264
0.00262814
0.00800882
0.00245068
0.00262814
0
0.00251577
0.00269449
0.002927
0.00276336
0.00252766
0.00251577
0.00512378
0.0231445
0.00262462
0.0110184
0.00251577
0.00250027
0.00888329
0.00256792
0.567569
0.865402
1.00972
0.589866
0.89721
0.00833424
0.0567004
0
0.0212847
0
0.00256792
0.113318
0.00282922
0.0301302
0.118522
0.00263793
0.0102001
0.024643
0.0479985
0.0112961
0.174867
0.00370912
0.00783456
0.0217259
0.490714
1
0.00286025
0.00299399
0
0.00268801
0.00261983
0.00258047
0.0275235
0.0188175
0.00428563
1
0.285799
0.681592
0.688199
0.332543
0.00985554
0.0163229
0.00246524
0
0
0
0.0376226
0.00796409
0.061601
0.0122965
0.00546091
0.0170666
0.00259234
0.0286491
0.00307414
0.00237939
0.00829833
1
0.646436
0.00546359
0
0.00283662
0.0029616
0.00415606
0.00283742
0.00297485
0.0218604
0.00283742
0.00299023
0.217295
0.224732
1
0.0384362
0.00781146
0.00271607
0.00272002
0.017246
0.00272668
0.00272002
0.00856305
0.00264245
0.0158701
0.00272002
0.145396
0.163453
0.00277279
0
0
0.00288139
0
0
0
0
0.982585
1.01305
0.00259916
0.00285465
0.00252403
0.0053846
0.00259916
0.00378605
0.00308302
0.607437
0.00298427
1
0.239071
0.0399546
0.0250234
0.0083948
0.970151
0.00356259
0.00818186
0.0249865
0.0134785
0.0879876
0.00582039
0.571834
0.0119975
0.00293241
0.0218506
0.00272995
0.982498
0
0
0.0311554
0.182546
0.0136654
0.0134331
0.0137593
0.599849
0.00291567
0.00549225
0.643765
0.126359
0.175985
0.10074
0.18474
0.0580261
0.0115127
0.00267246
0.17769
0.213499
0.958754
1
0.710287
0.0249973
0.0799292
0.00280791
0.00688574
0.281768
0.635893
1
0.98422
0.00839757
0.153134
0.0162295
0.00560665
0.00262125
0.00266034
0.0188945
1
0.0236191
0.981139
0.284726
0.0025649
0.0217789
0.0195686
0.0243136
0.245774
1.06388
0.0497815
0.0255439
0.00820164
0.0112354
0.0283314
0.584435
1.01135
0.380767
0.0029336
0.00258189
0.00291201
0.00538226
0.00399407
0.0509537
0.0169357
0.0177947
0.0100968
0.00296238
0.00275559
0.00814661
0.0088788
0.00301616
0.00543903
0.0056351
0.0106705
0.0222699
0.031669
0.323204
0.135919
1
1.02688
1
0.985802
0.0409063
0.00378534
0.00282636
0
0.00328129
0.00260578
0.244686
0.00267541
0.00834705
0.0106246
0.00281392
0.00283092
0.0086684
0.169673
0.100502
1
0.983035
1
1.0219
0.0216922
0.0105351
0.00278403
0.00282968
0.0124156
0.00275788
0.00499026
0.00293199
0.00816589
0.00986636
0.00611199
0.00283505
0.0112758
0.0134661
0.0212486
0.0055647
0.0133433
0.0544573
0.00842759
0.0579303
0.184057
1.03248
0.0104741
1
0.00465974
0.00537251
0.00292852
0.00295033
0.0173351
0.0123358
0.113565
0
0.0356663
0.120387
0.00278403
0.0221725
0.0498923
0.00266387
0.00278403
0.00358777
0
0.016446
0.00272196
0
0.00279656
0.00842748
0.019842
0.00758244
0.0120397
0.00309404
0.00527382
0.00832741
0.00282675
0.0025994
0.104546
0.020414
0.0133196
0.466502
0.00267448
0.00280512
0.00264969
0.014959
0.0243613
0.00597901
0.0448063
1.05592
1
0.00284177
0.00536921
0.00268574
0.0118931
0.00292026
0
0.00311537
0.0181629
0.00274346
0.00290197
0.0160765
0.0114429
0.0043279
0.039194
0.00591056
0
0.00563017
0.207239
0.010971
0.333706
1.03505
0
0.00696582
0.0054244
0.00301792
0
0.0215882
0.011323
0.00258252
0
0.00264271
0.00264969
0.516473
1.01608
1
1.00586
0.995119
0.00258189
0.00508327
0.0204182
0.0559425
0.002564
0
0.002564
0.0336054
0.0602598
0.00847605
0
0.0158864
0.00290293
0.00264271
0.00568988
0.00264271
0.0115497
0.216289
0.0026088
0.00617202
0.00276021
0.0240627
0.00264271
0.00863467
0.00290453
0.0163629
0.113532
0.538816
0.99581
1.01044
0.0193229
0.00911018
0.0130637
0.00838418
0.00542874
0
0.00273963
0.00282297
0.00546764
0.00755424
0.00282636
1
0.987484
0.54454
0.993734
0.773521
0.0192244
0.00508327
0.0359836
0.00268853
0.177472
0.00823393
0.00251927
0.045826
0.0414003
0.0112758
0.0532064
0.00727319
0.0137876
0.00246391
0.00343178
0.00535475
0
0.0157688
0.0295938
0.160345
0.0115589
0.00524618
0.0295938
0.0768177
0.00572805
0.0990714
0.00622302
0.700403
1
0.00349568
0.00866071
1
1
0.224847
0.00368153
0.0148892
0.00305626
0.008869
0.0028536
0.00275698
0.0294721
0.00881736
0.00743523
0.00877676
0.00475777
0.00291433
0.00703253
0.886857
0.0296328
0.21285
0
0.00722195
0.0191729
0.02963
0.00378932
0.00301953
0.0118149
1
0.289389
0.12759
0
0.00274311
0.0120071
0
0.00572811
0.00306458
0.00561944
0.0029273
0.00793476
0.00369858
0.0108037
0.721791
0.00264943
0.0132472
0.0027757
0.105494
0.0833921
0.00826897
0.0370976
1
0.0125181
0
0.00518126
0.00260339
0
0.00283279
0.00279888
0
0.00278178
0.0108775
0.0108903
0
0
0.012344
1.00418
0.00277771
0.00267804
0.00273473
0.00300085
0.0026302
0.0030709
0
0.00543207
0.074193
0.0827307
0.0287947
0
0.00571116
0
0.00375923
0.00273473
0.0120522
0.0167471
0.00745835
0.00273473
0.00310476
0.0125382
0.993661
0.00444198
0.010852
0.0430965
0.00857903
0.00294659
0.00276764
0.809551
0.00988466
0.00289623
0.00284963
0.276106
0
0.0122796
0.00260214
0.00284337
0
0.0274435
0.00288615
0.652295
0.00354706
0.00832567
0
0.00268042
0.00549826
0.0833134
0.0044898
0.00289387
0.0312295
0.0025816
0.00303389
0.0558866
0.00545426
0.00282027
0.00363223
0.00281625
0.00412897
0.0274323
0.00547914
0.00289326
0.0285079
0.00301664
0.00292026
0.0244664
0.00560491
0.00307695
0.00867388
0.00299915
0.972928
0.017073
0
0.00298579
0.0027245
0.00578836
0.0040792
0
0.00313879
0.00300085
0.00836268
0.00901183
0
0.00286713
0.00300085
0.031401
0.982036
0.0112509
0.00416358
0.00292804
0
0.00583634
0.041842
0.00289491
0.0295124
0.00549727
0.0316525
0.0108476
0.00288208
0.0112084
0.0114541
0.00872917
0.0186807
0.00578836
0.0140199
0.0363799
0.00280257
0
0.0113705
0.00578537
0.95903
0.19241
0.0156371
0.0130765
0.00247411
0.00383289
0.0302649
0.00247411
0.00298307
0
0.00574842
0.00300305
0.00785462
0.0104362
0.0367275
0.00538051
0.0104362
0.18357
1
0
0.00538051
0.213872
0.00281872
0.00296241
0.00270885
0.0408542
0.00254996
1
0.429625
0.195437
0.0389092
0.00294752
0.00309289
0.0848855
0.0090656
0.0208699
0.403731
0.478345
0.437603
0.00277608
0.89698
0.022599
0.00346665
0.345749
0.619366
1
1
0.137928
0.00332016
1.00473
0.0191174
1
0.999442
0.00312134
0.0299037
0.0114434
1
0.402668
0.598445
0.279968
0.00294367
0.00736125
0.00298992
0.00294533
0.00573149
0.0382598
0.00268037
0.00262588
0.0571332
0.0152708
1.03853
0.175317
1.00363
0.186781
0.0029445
0.00285583
0.0221988
0.00285747
0.00942771
0.0355066
0
0
0.00283042
0.00610958
0.0695991
0.0189627
0.0285537
0.0258903
0.0869825
1
0.100256
1.01268
0.612304
0.00512382
0.0668426
0.00290431
0
0
0.0029445
0
0
0.00270961
0
0.00992622
0.00282782
0.00584125
0.00308717
0.00749293
0.00270961
0.00282125
0.00297473
0
0.00783977
0.00880598
0.00369493
0.00265203
0.0110698
0.0035988
0
0.00586112
0.00268711
0.00291355
0.00838429
0.00312066
0.00258809
0.0130737
0.00798666
0.00840877
0.00779876
0.0575714
0.00254826
0.00564498
0.0169219
0.019481
0.0176914
0.203123
0.0835231
1.01974
0.0083546
0.674007
1.00294
1
0.0027867
0.105534
0.0149598
0.00289668
0.00737713
0.00575043
0.00298293
0.00338265
0
0.00278748
0.00331457
0.0169716
0.00505325
0.00254911
0.0103526
0
0.00505325
0.00268916
0
0.00259881
0
0.00472038
0.00687043
0.00314193
0.00569433
0.00963105
0.00551312
0.00263329
0.0081837
0.00330148
0.00518883
0.122955
0.0389828
0.00250175
0.0243659
0.0177967
0.00862238
0.0164167
0.00422047
0.0800141
0.00518883
0.00556893
0.00397501
0.00270689
0.0191637
0.00266694
0.19248
0.0185214
1.02076
0.00257182
0.00518883
0.129338
0.97175
0.978432
0
0
0.00292044
0.0127656
0.014678
0.00299625
0.00281026
0.00822235
0.00281026
0.00280345
0.00281026
0.00309371
0.00515536
0.00582968
0.00293386
0.0052137
0.00829208
0.00255656
0.00287322
0.00293386
0.00276031
0.00530332
0.00368995
0.246147
0.00290305
0.00267669
0.0123824
0
0.00550525
0.00380929
0.00295308
0.00278933
0.00290305
0.00265918
0.00279602
0.00270898
0.00363253
0.00992634
0.00661869
0.163122
0.00271336
0.00800484
0
0.00304169
0
0.00419218
0.00836662
0.0089189
0.00557652
0.0174705
0.00645747
0.629772
0.0595683
0.00800484
0.0485332
0.630058
0.979473
0.00253347
0
0.00349321
0.0173573
0.00289513
0.00544673
0
0.00278237
0
0
0.00256828
0
0.0029445
0
0.00797011
0.00255656
0.00253409
0
0.00265375
0.00255656
0
0.00345558
1.04584
0.0171194
0.00267081
0.0027512
0.0319017
0.00290305
0.0163871
0.00273048
0.00806112
0.00614521
0
0.00314671
0.00271889
0.0279531
0
0
0.0227776
0.00548972
0.00579208
0.0466199
0
0.00848695
1
0
0.0109353
0.00277933
0.00511496
0
0.00265777
0.00884247
0.0128602
0.00533572
0.0450157
0.00267607
0.0203982
0
0.00282912
0.00285536
0.00251916
0.0028423
0.00533554
0.00251916
0.00508744
0.00282782
0.00546268
0.026528
0.00267243
0.021901
0.00282782
0.166043
0.980621
1.05334
0.137205
1
0.00272166
0
0.0733084
0.00330721
0.0433921
0
0.00702312
0.00878447
0.0027684
0.441935
0.00273816
0.00282841
0.0111316
0.0628947
0.00914574
0.0167527
0.0335302
0.0139607
0.0311276
0.031142
0.0034401
0.00270362
0
0.0110625
0.084171
1
1
0.0104345
0.00426473
0.00276832
0.00258778
0.00558373
0.031669
0.0733824
0.00282072
0
0
0.00275592
0
0.00557673
0.00282912
0.00570689
0.00282912
0.00279025
0.0227284
0.00284227
0.00859293
0.00282912
0.00279025
0.00248543
0.00868399
0.575709
1.01666
1
0.673502
0.920167
0.00267243
0.0747439
0.0112463
0.0242465
0.00292395
0.00372468
0.00850463
0.252476
0.00532941
0.0264078
0.114955
0.00566824
0
0.0306064
0.0194505
0.00258515
0.0264078
0.00289029
0.00256828
0.0540334
0.00581171
0.101866
0.0118586
0.010699
0.0262782
0.560291
1
0.00859472
0.00280696
0
0.00588037
0.00291875
0.00247992
0
0.00253418
0.0133804
0.00253418
0.0275265
0.0217708
0.0029445
0.00253418
0.00238343
0.00362026
0.985729
0.33303
0.528
0.688199
0.146448
0.00255656
0.0193045
0.00362881
0.00255656
0.00304422
0.00275762
0.0275183
0.00290472
0.0111688
0.0407438
0.00561161
0.012875
0.00824434
0.0258113
0.0104752
0.00824434
1
0.690849
0.00271424
0.00288643
0.00279216
0.00471276
0.00288724
0.0395071
0.00530271
0.236409
0.32057
1
0.163049
0.0191059
0.133566
0.00256828
0.0109186
0.00409761
0.00833977
0.00277455
0.00432567
0.00385242
0.00267591
0.00819522
0.00643426
0.00259408
0.00288724
0.148451
0.222286
0.00255394
0.00521897
0.00291607
0.0080274
0
0.00277215
0
0.00280696
0.00280696
0
0.00280696
0.00280696
0.956784
1.01091
0
0
0.540726
1
0.25835
0.0424724
0.0359192
0.00538966
0.993905
0.0269639
0.0026046
0.00250745
0.00813017
0.0732822
0.00303755
0.00293267
0.627813
0.0131546
0.0193788
0.958317
0.0255203
0.220672
0.0198885
0.0160275
0.00260527
0.549256
0.0105131
0.00854774
0.32427
0.0636482
0.00823616
0.00309156
0.254964
0.166442
0.0968977
0.0605259
0.163424
0.139941
0.994907
1
0.622143
0.00269308
0.0035103
0.0135827
0.00308906
0.0827181
0.00291695
0.00267223
0.00638617
0.367879
0.640298
1
0.989707
0.208516
0.00864065
0.00257645
0.00723211
0.0202185
1
0.0733581
1.00301
0.288332
0.0433316
0.0026958
0.00476295
0
0
0.00812231
0.00281144
0.00723123
0.0208874
0.179791
1
0.0494605
0
0.00288991
0
0
0.0026958
0
0
0.0800059
0.00294329
0.00267929
0.00269014
0.00291296
0.00247372
0.00564847
0.0167548
0.0565493
0.44117
0.990166
0.33012
0.0105601
0.0326282
0.00268302
0.00257349
0.0122409
0.00248597
0.00296803
0
0.00533565
0.00285621
0
0.00494074
0.00275476
0.00285621
0.00285322
0.00891283
0.00280752
0.00275023
0.0722167
0
0.00842406
0.0277298
0.00295144
0
0.00793473
0
0.00838869
0.0128337
0.00581365
0.00840602
0.00560367
0
0.00279618
0.00453392
0.0108324
0.0134679
0.0353374
0.444436
0.178669
0.986637
0
0.980947
1
1.01923
0.00288991
0.00414672
0
0.00297447
0.00262626
0.003005
0.00818347
0.00746809
0.00797957
0.00409174
0.00272782
0.00296873
0.0122829
0
0.00834648
0.0351493
0
0.00362814
0.0434753
0.00305809
0
0.0085702
0
0.603594
0
0.00303633
0.00558524
0
0.00556367
0.0191409
0.00879262
0.135229
0.0606578
1
0.0144536
1.01291
1
1.01879
0.00287644
0.0151494
0
0.00300427
0.0111095
0.00477289
0.0134588
0.00625657
0.00593879
0.0143236
0.0151215
0
0.00662546
0.00247944
0.00290304
0.00278735
0.0246588
0.00377748
0.0122409
0.00853321
0.00249748
0.0025901
0.00290304
0
0.00532066
0.00751154
0.0243578
0.00256736
0
0
0.0139751
0.0190531
0.00583909
0.0703104
0.262237
0.994658
0.0814774
1
0.0153622
0.00939975
0.00308769
0.00287148
0.00302705
0.00563985
0.00288991
0.00433487
0.00287644
0.00288991
0.00294848
0.00990849
0
0.0245447
0.0301317
0.00247944
0.0027914
0.00311361
0.00855331
0
0.00303067
0.0029107
0.0176333
0.00294848
0.00348776
0.0175987
0.00289607
0.00394079
0.00546655
0.0154343
0
0
0.0026058
0
0.0084922
0.00715204
0.0248405
0.00260826
0.00285303
0.010959
0
0.0026058
0
0.00299845
0.00303222
0.112016
0.0204165
0.430196
0.0105861
0.00281461
0.00776313
0.00248712
0.00788158
0.00706782
0
0.0157349
0.0026958
0.00303107
0.00276039
0
0.00587941
0.0214582
1.05064
1
0
0.00840277
0
0.00528467
0
0.0187348
0
0.00796935
0.00968821
0.0174031
0.00289607
0.00315299
0
0
0
0.00293889
0.0187951
0.0055885
0.0213958
0.00287451
0.00842968
0.00819189
0.0163323
0.0026058
0.00454332
0.00252416
0.0528151
0.344649
0.9272
0.00249397
0.00281461
0.031244
0
0.00295143
0.0337528
0.0073501
0.00305974
0.00284408
0.0116877
0.015353
0.00282604
0.0157523
0.505156
1.02829
1
0.990461
0.97803
0.0127736
0.00291459
0.00563954
0.035706
0.0870546
0.00291459
0.00510346
0.00294374
0.0221796
0.0231134
0.0180972
0.0532968
0.00815773
0.00304864
0.0179016
0.00714314
0.0056692
0.0343176
0.00568237
0.00667876
0.00289342
0.0136676
0.00576986
0.0159293
0.189733
0.00300266
0.00472013
0.00616593
0.00308556
0.0166101
0.0135371
0.00289342
0.0106766
0.0308877
0.00253926
0.00315068
0.181191
0.532544
1
0.9883
0.0079904
0.0025954
0
0.00262143
0.00282223
0.00548983
0.00297255
0
0.0141112
0.00289949
0
0.00592615
0.0039959
0.0121366
0.00278469
0.00902102
0.00790946
0.00284408
0.00291459
1
0.984614
0.399306
1
0.84373
0.0323885
0.0030042
0.0146722
0.161557
0.0216741
0.00291459
0.00249995
0.0176624
0
0.0535215
0.0052167
0.00536933
0.00279872
0
0.0529128
0.0152393
0.0472946
0.00839266
0.00774726
0.00277718
0
0
0.0115857
0.00261656
0.00252538
0.0104964
0.0161169
0.132324
0.0109292
0.00322402
0.0161169
0.00303571
0.069929
0
0.00576369
0.0650511
0.702062
0.991122
0.00255
0
0
0
0.00758484
0.00295753
0
0
0
0.00278111
0
0.00839617
0
0.0130314
0
0.00291982
0
0.00828468
0.976624
0.982647
0.0837309
0.185044
0
0.00367967
0.00293272
0.00299573
0
0
0.0169194
0
0.00858632
0.0253721
0
0.00289333
0.00812315
0.00267385
0.00817246
0.0149017
0.00432327
0.00695277
0
0.00848917
0.00382985
0.0088267
0.00287512
0
0.00726603
0.950281
0
0.0108715
0.00751482
0.155258
0
0.00286992
0.00812017
0.0028122
0.00278111
0.00502699
0.00298114
0
0.0297731
0
0.00278111
0.00288732
0.00731581
0.0122084
0.0154169
1.00722
0.328966
0.0664124
0
0.00295741
0.0123063
0.0027481
0
0.00392456
0.00927036
0.00260849
0.00277791
0.0321171
0.00278111
0.00292557
0.00285032
0.00278111
0.00577781
0.0176705
0.0160601
0.0206656
0.0028122
0.00298021
0
0.00400757
0.00264923
0.0110589
0.0178813
0.689459
0.0041851
0.00266799
0.00854588
0.0027798
0.00266606
0.104205
0.00532181
0.0422075
1.02072
0.0258185
0.0278558
0.00263724
0
0.00283205
0.00280837
0.0108455
0
0
0.00605024
0.00279121
0.0177464
0.00278111
0
0.00745482
0.0116085
1.00186
0
0.00388449
0.00259205
0
0.00363816
0
0.0106823
0
0
0
0
0.0027129
0.0135455
0.0662154
0.0412935
0
0
0
0.0254078
0.00270401
0.00270767
0
0
0
0.0330638
0.0067967
0
0.0026141
0.00555645
0
0.00262689
0
0.00278111
0.00293865
0.0173728
0
0.00260788
0.990798
0
0.00274509
0
0.00284863
0.00463518
0
0
0
0
0
0
0
0
0.00869723
0.0534613
0.0427135
0
0.00310969
0.00305464
0.0028517
0
0
0
0.00635195
0.00275999
0.00298021
0.00591785
0.0196455
0.00278008
0.00263457
0.00358295
0.00278008
0
0.00279925
0.00283918
0.00303247
0.0110595
1.03867
0.00278111
0.00681848
0.0027743
0.0200099
0.255475
0
0
0
0
0
0
0.00311476
0.0108947
0.0115211
0.00291078
0
0.0029976
0
0.00867899
0.00250673
0
0.00264006
0
0.0192987
0
0.0117983
0.0167009
0.00804851
0.970156
0.00255538
0.00811763
0
0.00263975
0
0.00252886
0.00255682
0.00805269
0.00446378
0.005269
0.00378351
0
0
0
0
0.00278111
0.0337628
0
0.00278111
0.00265905
0.00269203
0
0
0.0108097
0.00254078
0.00362968
0.0604444
0
0
0.00823248
0.00254078
0.0025561
0.0204637
0.00331134
0.00263338
0.0026676
0.00259022
0.00283561
0.0025561
0.0026676
0.0223516
0.00309146
0.00289683
0
0
0.00239949
0.0800465
0.00664647
0
0.00828169
0.00296592
0.00315412
0.00252234
0
0
0
0
0
0
0
0
0.0025561
0.0209491
0.0299665
0
0.0111758
0
0.05372
0.00268825
0
0.00312218
0
0.00256646
0
0.0030565
0.00250409
0
0
0.00247773
0.00247773
0
0.549727
0.00519717
0.00502393
0.00247773
0.00798038
0
0.00259711
0
0
0
0
0
0
0
0
0.00260243
0
0
0.00901577
0.00284863
0.00278111
0
0
0.00835059
0
0
0.0143403
0.00699864
0.00253849
0.0025774
0.00248229
0
0
0.00303423
0
0
0.00506853
0.00252234
0.0513033
0.00252234
0.0027129
0.00252234
1.01225
0.00633071
0
0.0027168
0
0.00267075
0.00265403
0
0
0
0
0.0187806
0.00276792
0.00545617
0.00333404
0.00271557
0.0169656
0
0.00276792
0.00267882
0
0.00254976
0.005272
0.00283944
0.00282859
0.00952792
0.00286763
0.00878667
0
0.00660166
0.0027129
0.0025462
0.0186295
0.00266369
0.00566935
0.0025462
0.00506394
0.802811
0.112617
0.00259022
0.00283157
0.00290386
0.00278111
0.00278111
0
0.020856
0.00278111
0
0.00297016
0.0105645
0
0.00264201
0
0.0137223
0
0.0782325
0
0.00288381
0.00268825
0.0109262
0
0.00789673
0.00545653
0.00266528
0
0.0377648
0
0.218843
1
0.189398
0.00304121
0.00259022
0.00284863
0.00278201
0.0027326
0.00250656
0.00498703
0.00534086
0.0028719
0.00250656
0.007786
0.00535518
0.00266659
0.010851
0.0173622
0.00535518
0.0150655
0.00278111
0.00297743
0.0132382
0.00278111
0.00361713
0.0521923
1
0.451159
0.235644
0.125718
0.00558641
0.00258453
0
0.00303348
0.0656539
0.0375348
0.039424
0.00941095
0.31191
0.414198
0.378919
0.00248317
0.951531
0
0
0.00259022
0.0424215
0.00971331
0.00303108
0.00353211
0.0288352
0.387302
0.619366
0
1
0.953347
0
0.0163059
0.00284356
0.00268602
0.226405
0
0.00293747
0
0.0114049
0.00429103
0
0
0
0.00337516
0.00277534
0.00741178
0
1
0.0984537
0
1
0.976377
0.00251244
0
0
0.00283961
0.00524642
0
0
0
0.00267472
0
0
0
0.00346258
0.00923097
0.00542223
0.00571274
0.0301896
0.0079197
1
0.286993
0
0.00276929
0.524668
0.404605
0.00692516
0.00279245
0
0.00289415
0
0
0.00531795
0.0027745
0
0
0
0
0.00279928
0.00276322
0.00305632
0.00255366
0.00271102
0.00462627
0.014978
0
0.0030541
0.00588207
0.00377792
0.00282793
0.00273425
0.00277006
0
0.0183394
0.00289204
0.00595682
0.00277006
0
0.00559936
0.00954526
0.00290287
0.0058617
0.040643
0.0111383
1
0.00261296
0.0103877
0.181457
1
0.156402
0.00251102
0.00253696
0.00587151
0
0
0.00519148
0.0028115
0.00300388
0
0
0
0
0
0.012557
0
0.00562305
0.00277006
0
0
0.00272382
0.00679413
0.0096917
0.0156948
0
0.00678629
0.00308453
0.00261581
0.00272382
0.00780437
0.0318685
0
0.00526217
0.0108813
0.00274431
0.0252754
0.0220905
0.864246
0
0
0.101097
1
0.417538
0.00263443
0.00995859
0.0327911
0.0319247
0
0.00249456
0.00540078
0
0
0.0108935
0.00534662
0.0509268
0.0149673
0.00266115
0.00540078
0.00278395
0.00288152
0.00544392
0.00265248
0.00279635
0.00735853
0.00252391
0.00292905
0.00267294
0.00246557
0.0144673
0
0.00527897
0.00256111
0.00318298
0.0107219
0.0116427
0.0274276
0.00349123
0.00805571
0.00572003
0.00539052
0.00380759
0.0279445
0
0.00284749
0.0195408
0.0511912
0
0
0
0.00292905
0.0108623
0.0129179
0.0196062
0.00278304
0.00289943
0.14251
0.00583198
0.00534645
0.00521473
0.0247619
0.0302931
0.0259564
0.173943
0.0979754
0.962987
0.00820126
0.0230236
0.0113547
0.841464
1
1.04067
0.0026744
0
0.0160899
0
0.0687361
0.0315345
0.00266583
0.00293967
0.00277995
0.00293408
0.00300706
0.00300638
0
0.00249887
0.00532761
0
0.0267007
0.014639
0.0029405
0.00507141
0.00542668
0.00249456
0.00597952
0.00249456
0
0
0.00305569
0.00260039
0.0052987
0.00246557
0.0028937
0.0029611
0.00534548
0
0.00282037
0
0.0329203
0.00538826
0.0029281
0.00249456
0.00759637
0
0.0028937
0.0056528
0.00280038
0.00789586
0.00261197
0
0.0128685
0
0
0.00312357
0.00269813
0.00604943
0.0028276
0.00367926
0.0431365
0.00714625
0
0.00261581
0.00269813
0.0227547
0.0210768
0
0
0
0.00695532
0.00526606
0.00371841
0.00526217
0.00282943
0.173649
0.013808
0.0159429
0.0031363
0.0115348
0.126692
0.00259602
0.00304379
0.00518486
0.00824282
0.0053397
0.00512362
0.0308671
0.154192
0.0473733
0.999386
0.00535922
0.0306553
0.939694
0.988557
0
0.00610171
0
0.0151493
0
0
0
0
0.00550328
0.00495512
0.00287497
0
0
0.00534116
0.00564096
0
0.00294566
0
0.00500651
0.0056676
0.00797083
0
0
0.00275312
0.00542597
0.00240137
0.00270878
0.00252107
0.00249832
0.00339315
0.0147705
0
0.00935457
0.294526
0.0112735
0.0051263
0.00278086
0.00668526
0.00278317
0.00391138
0.0187391
0.00867649
0.00267005
0.00250761
0.00979311
0.00521217
0.00404204
0.0027027
0.00569944
0.00559279
0.00536726
0.00504107
0.00271497
0.00299258
0.00399478
0.0297424
0.0111337
0.162368
0.00530401
0.0027492
0.0025422
0.00249887
0.00304607
0.00472193
0.0268508
0.00902938
0.924875
0
0.0139095
0.0580722
0.521814
0.983751
0.00259394
0
0.00637781
0.00550328
0.00266115
0.00595646
0.0025954
0.00574466
0.0157437
0.00294829
0
0.00568807
0.00575175
0.00264523
0.00263034
0.00297705
0.00286306
0
0.00621147
0.00263517
0.00297705
0.00904495
0
0.00266429
0.00570887
0.0059427
0.00553291
0.00381051
0.00309782
0.00266859
0
0.00277785
0.00296565
0.00287286
0.0030811
1.05364
0.12582
0.00277006
0.0025989
0.00312892
0.0161767
0
0.00534288
0.00549851
0.00269564
0.00573117
0.00596212
0.0031622
0.005967
0
0.00263517
0.0029189
0.00551192
0
0.00738523
0.00258333
0.00937166
0.00837191
0.00258625
0
0.00748656
0
0.00856214
0.00540687
0.0167436
0.0864907
0.00418504
0.00835869
0.00258852
0.0623754
0.99816
0.00252178
0
0.00772059
0.0136076
0.01115
0.00584319
0.00804136
0.00283686
0.00307581
0.00442149
0
0.00509638
0.00339349
0.00282212
0.0111669
0.00583217
0.0258538
0.00286912
0.00265364
0.00259166
0.00650317
0.00267515
0
0.00520428
0.0027745
0.00251487
0.00559512
0.00270995
0.00543983
0.00271102
0.00534416
0
0.00257406
0.00550653
0
0
0.00546934
0
0
0.00843681
0.106268
0.00860557
0.00272855
0
0.0187197
0.00269051
0
0.160798
0.0199252
0.132077
0.894186
1.00664
0.0611332
1
0.0773224
0.00532761
0.0029611
0.00251645
0.00297507
0.00303079
0.00538901
0.0297238
0.00626343
0.0212386
0.0133384
0.00249832
0.0155726
0.00829094
0.00631613
0.00645299
0.0130074
0.00522522
0.19906
0.00561302
0
0.0428836
0.0728165
0.00262124
0.0201518
0
0.0118715
0.00258435
0.0349604
0.0450752
0.00571181
0.081114
0.00290507
0.0213383
0.0243129
0.0375032
1
0.999046
0
0.0161985
0.0124615
0.00537776
0.00559911
0.00395611
0.00259467
0.00299915
0.00556806
0.0169985
0.00277006
0.0297526
0.00283686
0.00277006
0
0.0826681
0.0110987
0.00247582
0
0.00832421
0.0027745
0
0.0085392
0.0104998
0.00279223
0.0986491
0.00310608
0.0131706
0.00263863
0.00272593
0.0089182
0
0.592852
0.924206
0.939567
0.715041
0.629656
0.00512319
0.0029405
0.00309917
0
0.00923097
0.0729246
0.010435
0.00825177
0.00263863
0.0210822
0.00395613
0.00262111
0
0
0.013642
0.191243
0
0.0271758
0.145996
0.0164977
0.0101104
0.0222047
0
0.0780435
0.0031205
0.0723146
0.00260021
0.00832323
0.0222047
0.594849
0.995808
0.00282388
0.00297976
0.00282825
0.00252178
0.00558872
0.00282905
0.002896
0.00291176
0.0027745
0.00287856
0.00586963
0.0162768
0.00282905
0
0.0927493
0.0271914
0.00287001
0.00263746
0.00795566
1
0.328657
0.841357
0.688199
0.393147
0.00293102
0.00282905
0.0211728
0.0224675
0.00798157
0.00385779
0.0091447
0.00353631
0.0816085
0.00874403
0.0550476
0
0.0146476
0.00584233
0.0179546
0.0317931
0.00245368
0
0.00584233
1
0.609073
0
0
0
0
0
0
0
0
0.00568865
0.00277785
0
0.0429152
0.00893585
0
0
0.191607
0.208098
1
0.0292661
0
0.00541067
0.00293102
0
0.00269612
0.0260993
0.00269612
0.0210451
0
0.0245727
0.00269612
0.116729
0.117087
0.00248281
0.00261243
0.00264523
0.00264523
0.00542308
0.00264523
1.00706
1.02403
0
0.00537233
0.00269611
0.00259467
0.0108585
0.00259467
0.003892
0.0155804
0.591996
1
0.00295296
0.00325668
0.239454
