0.015535
0.0264566
0.196555
0.362146
0.0198385
0.00875555
0.0198385
0.00711914
0.0447471
0.00954833
0.0145891
0.0484605
0.0582937
0.0217015
0.00954833
0.0142051
0.0145891
0.0165911
0.369658
0.0326416
0.00849781
0.00954833
0.00986048
0.0107573
0.0244439
0.0165911
1.0041
0.0217015
0.0578205
0.00954833
0.0141931
0.0283384
0.00710836
0.23186
0.0777413
0.0303575
0.0161998
0.998189
0.0217015
0.115811
0.00954833
0.0141931
0.009194
0.0274701
0.00710836
0.0111585
0.299125
0.0755396
0.0303575
0.944025
0.0217015
0.173451
0.00954833
0.0141931
0.009194
0.0178845
0.0140186
0.0111585
0.264718
0.0755396
0.0303575
0.926967
0.0217015
0.213262
0.00954833
0.0141931
0.009194
0.00902658
0.0140186
0.0111585
0.237713
0.0755396
0.0303575
0.926967
0.0324278
0.178781
0.00954833
0.0141931
0.0264325
0.0179525
0.0140186
0.0066637
0.0111585
0.202606
0.0143894
0.0303575
0.784915
0.201647
0.00954833
0.00849282
0.0189944
0.0140186
0.0199358
0.0111585
0.169116
0.0143894
0.00798253
0.0303575
0.65511
0.234688
0.0140186
0.0202072
0.0111585
0.100345
0.0143894
0.532257
0.217461
0.00691019
0.0104465
0.0111585
0.0807049
0.0143894
0.0142409
0.379656
0.186584
0.00691019
0.0104465
0.0529673
0.0143894
0.0146627
0.246311
0.121176
0.0459626
0.00768316
0.0146627
0.153024
0.0950512
0.0394304
0.00768316
0.0146627
0.0480445
0.192176
0.0115798
0.0130749
0.0135548
0.00782678
0.467142
0.0344982
0.0301059
0.0130749
0.0570092
0.143011
0.023399
0.0909351
0.00644584
0.176127
0.00724661
0.103288
0
0
0.034274
0.148884
0.00891232
0
0.0363249
0
0.00846089
0.00692293
0.0404726
0.0075178
0.00835872
0.7426
0.00715488
0.0363249
0
0
0.0518568
0.0260821
0.0943824
0.0138588
0.0102208
0.354778
0.0839584
0.0154734
1.0144
0.0167925
0
0.0642307
0.1407
0.00913833
0.109194
0
0.0214917
0.0198497
0.818749
0.0417917
0.0624529
0.039959
0.0307445
0.825215
0.00851383
0
0
0.0767503
0.284419
0.00913833
0.140974
0
0.0193186
0.0433975
0.0201363
0.0198497
0.948027
0.00757436
0.0469963
0.039959
0.0307445
0.72225
0.00859262
0
0.019762
0
0.0767503
0.384009
0.0957268
0
0.0361408
0.0433975
0.01331
0.0198497
0.854271
0.00757436
0.0469963
0.0481363
0.0307445
0.708368
0.00859262
0
0.019762
0
0.0767503
0.501022
0.0957268
0
0.0361408
0.0433975
0.01331
0.049566
0.708876
0.063753
0.0238337
0.0307445
0.708368
0.00859262
0.00799846
0.0642307
0.558843
0.0957268
0
0.0193186
0.0433975
0.01331
0.522514
0.0469636
0.0238337
0.0434909
0.632744
0.00859262
0.0101612
0.0514963
0.519166
0.0769554
0.0193186
0.0297079
0.020779
0.334106
0.00698666
0.0302068
0.0238337
0.0435645
0.574781
0.0262987
0.463474
0.0320564
0.0193186
0.00763293
0.020779
0.197047
0.0302068
0.0238337
0.0132494
0.482956
0.0129732
0.358078
0.0354749
0.0272627
0.00963958
0.143808
0.0159503
0.344399
0.211921
0.0193186
0.00632971
0.082787
0.00894718
0.282827
0.117012
0.0101333
0.0636359
0.00894718
0.239283
0.0501187
0.0204232
0.00894718
0.149929
0.289991
0.0517557
0.0320696
0.0264566
0.196555
0.362146
0.0198385
0.00875555
0.0198385
0.00711914
0.0447471
0.00954833
0.0145891
0.0484605
0.0582937
0.0217015
0.00954833
0.0142051
0.0145891
0.0165911
0.369658
0.0326416
0.00849781
0.00954833
0.0202926
0.0107573
0.0244439
0.0165911
0.994922
0.0217015
0.0578205
0.00954833
0.0141931
0.0387705
0.00710836
0.23186
0.0777413
0.0303575
0
0.998189
0.0217015
0.115811
0.00954833
0.0141931
0.009194
0.0379023
0.00710836
0
0.299125
0.0755396
0.0303575
0.944025
0.0217015
0.173451
0.00954833
0.0141931
0.009194
0.0283167
0.0140186
0
0.264718
0.0755396
0.0303575
0.926967
0.0217015
0.213262
0.00954833
0.0141931
0.009194
0.0194587
0.0140186
0
0.237713
0.0755396
0.0303575
0.926967
0.0324278
0.178781
0.00954833
0.0141931
0.0264325
0.0179525
0.0140186
0.0066637
0
0.202606
0.0143894
0.0303575
0.784915
0.201647
0.00954833
0.00849282
0.0189944
0.0140186
0.0199358
0
0.169116
0.0143894
0.00798253
0.0303575
0.65511
0.234688
0.0140186
0.0202072
0
0.100345
0.0143894
0.532257
0.217461
0.00691019
0.0104465
0
0.0807049
0.0143894
0.0142409
0.379656
0.186584
0.00691019
0.0104465
0.0529673
0.0143894
0.0146627
0.246311
0.121176
0.0459626
0.00768316
0.0146627
0.153024
0.0950512
0.0394304
0.00768316
0.0146627
0.0480445
0.192176
0.0115798
0.0130749
0.0135548
0.00782678
0.475092
0.0344982
0.0301059
0.0130749
0.0570092
0.15096
0.023399
0.0909351
0.00644584
0.176127
0.00724661
0.103288
0.0101254
0
0.034274
0.148884
0
0.0075439
0.0363249
0.00876676
0.00846089
0.00692293
0.0296423
0.0075178
0.00835872
0.726668
0.00715488
0.0363249
0.00876676
0.00998246
0.0518568
0.0260821
0.0943822
0.0138588
0.0102208
0.36516
0.0907562
0
0.983607
0.0167925
0.00876676
0.0642307
0.1407
0.00913833
0.109194
0.00807238
0.028339
0.0198497
0.839962
0.0347129
0.0624529
0.039959
0
0.809779
0.00851383
0.007433
0.00876676
0.0767503
0.284419
0.00913833
0.140974
0.00807238
0.0193186
0.0433975
0.013156
0.0198497
0.958607
0.00757436
0.0469963
0.039959
0.0149926
0.692064
0.00859262
0.010544
0.019762
0.00876676
0.0767503
0.392524
0.0957266
0.00807238
0.0361408
0.0433975
0.00632971
0.0198497
0.854271
0.00757436
0.0469963
0.0481363
0.0149926
0.678181
0.00859262
0.010544
0.019762
0.00876676
0.0767503
0.509537
0.0957266
0.00807238
0.0361408
0.0433975
0.00632971
0.049566
0.708876
0.063753
0.0238337
0.0149926
0.678181
0.00859262
0.00799846
0.0761191
0.567358
0.0957266
0.00807238
0.0193186
0.0433975
0.00632971
0.522514
0.0469636
0.0238337
0.0432123
0.602557
0.00859262
0.0101612
0.0514963
0.535857
0.0769552
0.0193186
0.0297079
0.0137987
0.334106
0.00698666
0.0302068
0.0238337
0.0435645
0.560031
0.0262987
0.471989
0.0461299
0.0193186
0.00763293
0.0137987
0.197047
0.0302068
0.0238337
0
0.482956
0.0129732
0.358078
0.0193186
0.0272627
0.00963958
0.143808
0.0159503
0.344399
0.203482
0.0193186
0.00632971
0.082787
0.00894718
0.282827
0.117012
0
0.0636359
0.00894718
0.239283
0.0501187
0.0204232
0.00894718
0.149929
0.289991
0.0517557
