0.00855321
0.0705283
0.0166941
0.0294329
0.0346499
0.0351709
0.182816
0.105132
0.0172955
0.0947304
0.0179
0.00847466
0.0131398
0.0206964
0.0321612
0.295625
0.0164505
0
0.0255347
0.62773
0.0145815
0.0806026
0.0172955
0.0385591
0.0155491
0.0913324
0.00847466
0.264609
0.0105864
0.147277
0.00826199
0.0255347
0.701524
0.094527
0.0345323
0.0155491
0.0913324
0.00847466
0.229011
0.0105864
0.147277
0.0163326
0.382716
0.044467
0.0346869
0.0913324
0.25304
0.105451
0.156388
0.0106795
0.0346869
0.0105146
0.0167226
0.0934876
0.105451
0.00764945
0.0189112
0.0106795
0.0520992
0.0167226
0.039907
0.0879818
0.0163079
0.00838372
0.00764945
0.0658691
0.0139064
0.043569
0.0325824
0.0485991
0.0100129
0.0144773
0.0275402
0.018066
0.318328
0.05662
0.0202834
0
0.00764945
0.223574
0.00701866
0.0451421
0.0325824
0.0144329
0.0145309
0.0785565
0.207729
0.0291737
0.00721964
0.556375
0.0641531
0.00759727
0
0.00764945
0.335572
0.0560186
0.0503813
0.0144329
0.0145309
0.0875079
0.0145126
0.322575
0.181707
0.52697
0.072661
0
0.00764945
0.335572
0.0560186
0.0503813
0.0144329
0.00671725
0.0875079
0.00740412
0.0219419
0.283394
0.221151
0.505203
0.0641531
0.00759727
0.00729172
0
0.00764945
0.327925
0.0560186
0.068214
0.0144329
0.00671725
0.0875079
0.0145126
0.244145
0.249465
0.516167
0.0721825
0.00759727
0.00847161
0
0
0.00764945
0.327925
0.0560186
0.0503813
0.0144329
0.0144662
0.00671725
0.0875079
0.00913633
0.0211147
0.204027
0.261218
0.505203
0.0102507
0.0641531
0.0210237
0.0064798
0.00764945
0.336013
0.0442024
0.0275732
0.0144329
0.00675551
0.00671725
0.0480293
0.0914896
0.0198563
0.300689
0.140638
0.0102507
0.0641531
0.0064798
0.00764945
0.249202
0.0675368
0.01384
0.0662363
0.270733
0.0100464
0.0102507
0.0641531
0.0064798
0.00764945
0.205173
0.0224389
0.01384
0.077916
0.270733
0.00764945
0.150099
0.0224389
0.01384
0.130058
0.290013
0.01384
0.0362921
0.310996
0.01384
0.0362921
0.0920685
0
0.0172781
0
0.0172781
0
0.0172781
0
0
0.0172781
0.00796241
0.0139561
0.0192503
0.0209428
0.00782401
0.010489
0.190714
0.0238684
0
0.00671059
0.0172781
0.0218631
0.0261062
0.0189518
0.0916538
0
0.12612
0.0343241
0.019018
0
0.0233685
0.0136071
0.0478524
0.400753
0.066284
0
0.00854554
0.0108725
0.0125824
0.0466464
0.0189518
0.53911
0
0.0590291
0.0397157
0.0416351
0.0271777
0.0135375
0.225237
0.0137443
0.109449
0.00741803
0
0.0108725
0.0574559
0.0189518
0.56867
0
0.0721426
0.021201
0.0282048
0.0185999
0
0.224099
0.0137443
0.109449
0.00741803
0
0.0108725
0.0566222
0.0189518
0.465405
0
0.0721426
0.0107346
0.00704355
0.0193742
0
0.200967
0
0.109449
0
0.0108725
0.0572613
0.0189518
0.19343
0
0.0520372
0.00628616
0.0100286
0
0.0906649
0.0124322
0
0.109449
0.0174519
0.0372427
0.0189518
0.0642057
0
0.0305019
0
0.0462516
0
0.109449
0.0163473
0.0125121
0.0651019
0.022997
0.0527868
0.0696507
0.00757739
0.0326988
0.00994319
0.0150647
0.00632629
0.051665
0.00732335
0.0210429
0.421614
0.00912965
0.0168202
0.0625547
0.00994319
0.0102382
0.00951742
0.0301279
0.0769999
0.0592465
0.0100252
0.0148816
0.0310385
0
0.687354
0.0188843
0.0168202
0.0162773
0.0102382
0.0579889
0.0592729
0.239631
0.102238
0.109578
0.0363787
0.286223
0.0188843
0.0168202
0.0709896
0.0592729
0.247373
0.102238
0.109578
0.0119722
0.286223
0.0206755
0.0188843
0.018687
0.00714358
0.00925859
0.0583861
0.0592729
0.253832
0.102238
0.109578
0
0.286223
0.0188843
0.018687
0.00714358
0.00925859
0.0583861
0.0374669
0.187029
0.0505731
0.0657345
0.141532
0.0568155
0.0188843
0.00925859
0.035276
0.0210664
0.0216009
0.0400818
0.0188843
0.00925859
0.0400818
0.0188843
0.00925859
0.00912227
0.00855321
0.0705283
0.00838431
0.0191774
0.0439069
0.0471434
0.182816
0.105132
0.0172955
0.079162
0.0179
0.00847466
0.0131398
0.0206964
0.0428056
0.295625
0.00826199
0
0.0347917
0.62773
0.0145815
0.0806026
0.0172955
0.0382856
0.0155491
0.0808178
0.00847466
0.278538
0.0105864
0.147277
0.00826199
0.0347917
0.711293
0.0818885
0.0172955
0.0155491
0.0808178
0.00847466
0.242939
0.0105864
0.147277
0.0163326
0.382716
0.044467
0.0346869
0.0808178
0.266968
0.105451
0.166302
0.0106795
0.0346869
0
0.0167226
0.0934876
0.105451
0.00764945
0.0189112
0.0106795
0.0520992
0.0167226
0.039907
0.0879818
0.0163079
0.00838372
0.00764945
0.0658691
0.0139064
0.043569
0.0325824
0.0485991
0
0.0294153
0.0275402
0.018066
0.318328
0.05662
0.0202834
0
0.00764945
0.223574
0.00701866
0.0451421
0.0325824
0.0144329
0.00671725
0.0785565
0.207729
0.0451641
0.00721964
0.556375
0.0641531
0.00759727
0
0.00764945
0.335572
0.0560186
0.0503813
0.0144329
0.00671725
0.0875079
0.0224672
0.322575
0.181707
0.52697
0.072661
0
0.00764945
0.335572
0.0560186
0.0503813
0.0144329
0.00671725
0.0875079
0
0.0298964
0.283394
0.221151
0.505203
0.0641531
0.00759727
0.00729172
0
0.00764945
0.327925
0.0560186
0.0503813
0.0144329
0.00671725
0.0875079
0.0224672
0.244145
0.249465
0.516167
0.0721825
0.00759727
0
0
0
0.00764945
0.327925
0.0560186
0.0503813
0.0144329
0.0144662
0.00671725
0.0875079
0.00913633
0.0290692
0.204027
0.261218
0.505203
0.0102507
0.0641531
0.010153
0.0064798
0.00764945
0.336013
0.0442024
0.0275732
0.0144329
0.00675551
0.00671725
0.0480293
0.0914896
0.0409789
0.300689
0.140638
0.0102507
0.0641531
0.0064798
0.00764945
0.249202
0.0675368
0.01384
0.0662363
0.270733
0.0100464
0.0102507
0.0641531
0.0064798
0.00764945
0.205173
0.0224389
0.01384
0.077916
0.270733
0.00764945
0.150099
0.0224389
0.01384
0.130058
0.290013
0.01384
0.0362921
0.310996
0.01384
0.0362921
0.0920685
0
0.0172781
0
0.0172781
0
0.0172781
0.0165444
0
0.0172781
0.00796241
0.0139561
0.0192503
0.0283619
0.00782401
0.010489
0.180022
0.0238684
0.0165444
0.00671059
0.0172781
0.0218631
0.0261062
0.0189518
0.0990729
0.00648252
0.126495
0.0343241
0.0090891
0
0.0233685
0.0136071
0.0637501
0.390061
0.066284
0.0165444
0.00854554
0.0108725
0.0125824
0.0341343
0.0189518
0.539111
0.00648252
0.0590088
0.0397157
0.0490478
0.0271777
0.0135375
0.218223
0.0137443
0.0987576
0.00741803
0.0165444
0.0108725
0.0449438
0.0189518
0.576484
0.00648252
0.0721223
0.021201
0.0282048
0.0185999
0
0.217086
0.0137443
0.0987576
0.00741803
0.0165444
0.0108725
0.0441101
0.0189518
0.465405
0.00648252
0.0721223
0.0107346
0.00704355
0.0193742
0
0.201918
0
0.0987576
0.0165444
0.0108725
0.0447492
0.0189518
0.186603
0.00648252
0.0520169
0.00628616
0.0100286
0
0.0985734
0.0124322
0
0.0987576
0.0174519
0.0247306
0.0189518
0.071896
0.00648252
0.0304816
0
0.05416
0
0.0987576
0.0163473
0
0.0796881
0.0229768
0.0527868
0.0696507
0.00757739
0.0326988
0.00994319
0.0150647
0.00632629
0.051665
0.00732335
0.0210429
0.421614
0.00912965
0.0168202
0.0625547
0.00994319
0.0102382
0.00951742
0.0301279
0.0769999
0.0592465
0
0.0148816
0.0310385
0.01601
0.687354
0.0188843
0.0168202
0.0162773
0.0102382
0.0579889
0.0592729
0.239631
0.0944149
0.117542
0.0363787
0.286223
0.0188843
0.0168202
0.0709896
0.0592729
0.247373
0.0944149
0.117542
0.0119722
0.286223
0.0206755
0.0188843
0.018687
0.00714358
0.00925859
0.0583861
0.0592729
0.253832
0.0944149
0.117542
0
0.286223
0.0188843
0.018687
0.00714358
0.00925859
0.0583861
0.0374669
0.187029
0.0427499
0.0736988
0.141532
0.0568155
0.0188843
0.00925859
0.035276
0.0210664
0.0216009
0.0400818
0.0188843
0.00925859
0.0400818
0.0188843
0.00925859
0.00912227
