0.0114804
0.0153846
0.0199505
0.0994821
0.0043329
0.0372007
1.03996
0.00304266
0.0155746
0.0956836
0.445734
0.342292
0.348596
0.00296986
0.112522
0.00303345
0.11261
0.911638
1
0.0494932
0.00286105
0.0979937
0.00345051
0.132048
0.078073
0.00554686
0.00562842
0.00578932
0.0237722
0.677078
0.00284466
0.00299306
0.00288331
0.00299306
0.00288272
0.00682076
0.998599
1
0.00264374
0.0121546
0.00578932
0.0168133
0.00300051
0.00261616
0.00829656
0.102959
0.055542
0.99004
0.00283624
0.0169971
0.00305568
0.00300051
0.00259624
0.0437543
0.00980232
0.998268
0.0103388
0.0197736
0.0079627
0.00257141
0.0110794
0.531739
0.00304935
0.00275977
0.0561166
0.00568838
0.00545742
0.00571197
0.102055
0.0575823
0.993353
0.176309
0.0111484
0.00678557
0.0056018
0.0027158
0.00274162
0.00274162
0.0598621
0.00274162
0.00357603
0.181785
0.192153
0.130381
0.00278562
0.00642837
0.0029829
0.0163347
0.00264027
0.00842959
0.0609402
0.0109633
0.0027158
0.00842959
0.00360037
0.378136
0.0026836
0.140678
0.16867
0.11986
0.00287343
0.0027158
0.0616545
0.135996
0.136458
0.172942
0.0057163
0.0585353
0.0027158
0.0039137
0.186742
0.00294293
0.12265
0.354774
0.00280336
0.00261395
0.0027924
0.00290659
0.0364066
0
0.00261395
0.0112096
0.0914507
0.5792
0.41307
0.0370915
0
0.0935564
0.978341
0.00266099
0.0220336
0.162355
1.01006
0.00261395
0.0156241
0.012726
0.0337503
0.00261395
0.00261395
0.105309
0.0157703
1.00638
0.0133151
0.0134445
0.0421592
0.0082069
0.00538292
0.00284173
0.0277651
0.00479542
0.99574
0.0214816
0.0951282
0.0245403
0.0788705
0.00380583
0.406856
0.984708
0.00269643
0.0454132
0.00824778
0.0698927
0.00337886
0.984634
0.00379862
0.12212
0.0218421
0
0.0158932
0
0.111238
0.00284379
0.00283347
0
0
0
0.00575607
0.00291228
0.00849066
0.00281498
0.0660719
0.00575607
0.00291228
0.00291228
0
0.0107978
0.00362552
0.0112228
0.00291228
0.276079
0.55894
0
0
0
0.00277624
0.00755316
0.00591776
0.00295085
0.0087048
0.0164619
0.00284379
0.0120736
0.0141401
0.093355
0.067137
0.664555
1
0.00272451
0.0154202
0
0
0.0027621
0
0.0027621
0.0162739
0.0386922
0.00291228
0.00309597
0.0456695
0.00267912
0.00286786
0.00270484
0.16597
0.00449185
0.00824035
0.011345
1.00306
0
0.00511865
0.00542452
0.00269885
0.00431609
0
0.00876955
0.0460223
0
0.00552469
0.0115402
0.00278206
0.00280781
0
0.00288564
0.00891691
0.0801232
0.00456599
0.00278206
1.0274
0
0.00257134
0.0025541
0.00556348
0.00315704
0.00278206
0.0256613
0
0.00427668
0.0398828
0.0304399
0.00826817
0
0.00304399
0
0.00304926
0.00304993
0.00278443
0
0.0138105
0.00287695
0.526659
0.00292002
0.00264159
0.0137911
0.0768195
0.00634463
0.00296616
0.0347453
0.0029561
0.0185172
0.00305059
0
0
0
0
0.00292444
1.00769
0.168696
0.011753
0
0.023408
0.0627761
0
0.00304399
0.00672064
0.00291808
0.0138999
0.0120335
0.0112086
0.00599678
0.00283932
0.404798
0.0914721
0.0171882
0.00291544
0.00255102
0.0871141
0.0495437
0.0248739
0.00281416
0.00675302
1.04094
0.0300135
0.00292096
0.00306214
0.151531
0.263443
0.0440182
0.00380671
0.00266401
0.00284484
0.0436336
0.00255705
0.0054873
0.00268208
0.00848141
0.0699912
0.0056098
0.00298118
0.156633
0.32767
0.00256239
0.00519709
0.00304399
0.0135959
0.0446406
0.00542657
0.0226599
0.0285102
0.00283754
0.0140972
0.0957668
1
0.00306945
0.00257968
0.00257968
0.0159874
0.00431609
0.00257968
0.00281945
0.00368526
0.0145175
0.026884
0.237266
0.00281945
0.0199158
0.0125999
0.0623108
0.0496501
0.835578
0.00304399
0.0333145
0.00304399
0.0099956
0.0555391
0.191158
1
0.943243
1
1
0.592377
0.0144874
0.0153846
0.0199505
0.120852
0.0043329
0.0372007
0.988626
0.00304266
0.018912
0.106864
0.427905
0.342292
0.348596
0.00296986
0.112522
0.00303345
0.11261
0.911638
1
0.0494932
0.00286105
0.0979937
0.00345051
0.132048
0.078073
0.00554686
0.00562842
0.00578932
0.0237722
0.677078
0.00284466
0.00299306
0.00288331
0.00299306
0.00593258
0.00682076
0.998599
1
0.00264374
0.0121546
0.00578932
0.0168133
0
0.00261616
0.00829656
0.0999583
0.055542
0.99004
0.00283624
0.0169971
0.00305568
0
0.00259624
0.0437543
0.00980232
0.998268
0.0103388
0.0197736
0.0079627
0.00257141
0.0110794
0.554673
0.00606972
0.00275977
0.0561166
0.00568838
0.00545742
0.00571197
0.102055
0.0575823
0.993353
0.176309
0.0111484
0.00678557
0.0056018
0.0027158
0.00274162
0.00274162
0.0598621
0.00274162
0.00357603
0.181785
0.192153
0.130381
0.00278562
0.00642837
0.0029829
0.0163347
0.00264027
0.00842959
0.0609402
0.0109633
0.0027158
0.00842959
0.00360037
0.378136
0.0026836
0.140678
0.16867
0.11986
0.00287343
0.0027158
0.0616545
0.135996
0.136458
0.156146
0.0027158
0.0554925
0.0027158
0
0.186742
0.00294293
0.12265
0.354774
0.00280336
0.00261395
0.0027924
0.00290659
0.0364066
0
0.00261395
0.0112096
0.0914507
0.5792
0.41307
0.0370915
0
0.0935564
0.978341
0.00266099
0.0220336
0.162355
0.971127
0.00261395
0.0156241
0.012726
0.0337503
0.00261395
0.00261395
0.105309
0.0157703
0.98584
0.0133151
0.0134445
0.0421592
0.0082069
0.00538292
0.00284173
0.0277651
0.00479542
1.01712
0.0214816
0.0951282
0.0245403
0.0788705
0.00380583
0.406856
0.984708
0.00537226
0.0454132
0.0109814
0.0698927
0.00337886
1.00791
0.00379862
0.12212
0.0218421
0
0.0158932
0.00672548
0.111238
0.00284379
0.00283347
0.00295085
0.00291228
0.00311775
0.00284379
0
0.00849066
0.00281498
0.0660719
0.00284379
0
0
0.00300042
0.0107978
0.00362552
0.0112228
0
0.276079
0.55894
0.00291228
0.00296431
0.00291228
0.00277624
0.00755316
0.00591776
0
0.0087048
0.0164619
0.00284379
0.0120736
0.0141401
0.0961082
0.0712348
0.683974
1
0.00272451
0.0154202
0.00291228
0.00265552
0.0027621
0.00291228
0.0027621
0.0162739
0.0386922
0
0.00587327
0.0456695
0.00267912
0.00286786
0.00270484
0.16597
0
0.00824035
0.011345
1.00306
0.00273191
0.00243422
0.00257968
0.00269885
0.00431609
0.00277178
0.00876955
0.0460223
0.00285915
0.00262732
0.0115402
0.00278206
0.00280781
0
0.00288564
0.00891691
0.0801232
0.00456599
0.00278206
0.990336
0.00273191
0.00257134
0.0025541
0.00556348
0.00315704
0.00278206
0.028557
0
0.00427668
0.0398828
0.0304399
0.00826817
0
0.00304399
0.00281539
0.00304926
0.00304993
0.00278443
0.00568276
0.0138105
0.00582779
0.526659
0.00292002
0.00264159
0.0137911
0.0738057
0.00634463
0.00296616
0.0273682
0.0029561
0.0185172
0.00305059
0.00291228
0.00292769
0.0145614
0.00273191
0.00292444
1.00769
0.168696
0.00887873
0.00291042
0.023408
0.0627218
0
0.00304399
0.00659805
0
0.0138999
0.0120335
0.0112086
0.00599678
0.00283932
0.404798
0.0914721
0.0171882
0
0
0.0871141
0.0467551
0.019043
0.00281416
0.00675302
1.04094
0.0251924
0
0.00306214
0.151531
0.276545
0.056656
0.00380671
0
0
0.040735
0
0.0054873
0.00268208
0
0.0699912
0.0056098
0.00298118
0.156633
0.329675
0
0.00519709
0.00304399
0.0135959
0.0420733
0.00542657
0.0226599
0.0285102
0
0
0.0957668
1
0.00306945
0.00257968
0.00257968
0.0159874
0.00431609
0.00257968
0
0.00368526
0.0145175
0.026884
0.237266
0
0.0199158
0.0125999
0.046652
0.0496501
0.835578
0.00304399
0.0333145
0.00304399
0.0099956
0.0555391
0.191158
1
0.943243
1
1
0.592377
