0.00264519
0.00328515
0.0030037
0.0347771
0.00946955
0.00306988
0.00274277
0.00256219
0.00283649
0.00262201
0.0116469
0.011033
0.0451716
0.370817
0.00267322
0.00283522
0.00999862
0.00267322
0
0.00522392
0.00248518
0.00796443
0
0.00789714
0.005364
0.0037434
0.00258678
0.0027822
0.00313991
0.0616968
0.00259561
0.00281205
0.00546549
0.00297353
0.0027822
0.00297418
0.00541769
0.0085937
0.00662253
0
0.00548462
0.0142835
0.00808139
0.141954
0.348049
0.00278125
0
0
0.00261132
0.00261132
0.00262432
0.00514519
0.00503509
0.00289575
0.0032716
0.00761624
0
0.00246108
0.00555033
0.0026487
0.00563164
0
0.0543172
0
0.00274277
0
0.00301027
0.0112529
0.0026211
0.0302267
0.00758732
0.00781707
0.0144685
0.00268613
0.00266506
0.00869989
0.00548803
0.0027822
0.0109533
0.0194362
0.00525488
0.101516
0.138631
0.593962
0.162098
0.00267706
0.00250308
0
0.00256802
0.00276075
0.00298785
0
0
0.00298785
0.00247105
0.00549858
0.00258046
0.00268411
0.00956254
0.00271738
0.00298785
0.0677522
0.0127489
0
0.00750757
0.00524268
0.00529782
0.00298785
0.0123116
0.0161542
0.0247863
0.00262526
0.00554899
0.0110444
0.0080771
0.00809107
0.00538473
0.00524268
0.00272654
0.0111896
0.0160354
0.0337536
0.226684
0.357615
0.377758
0.00276812
0
0.00264191
0.00298785
0.00299635
0.00286626
0.00574575
0.00252684
0.0026879
0.00301196
0.00581808
0.00548379
0
0.00773746
0.00512277
0.00797525
0.0128794
0
0.00321995
0.118884
0.00294079
0.0152539
0.00259283
0.00506388
0.010716
0.00261132
0.0402493
0.00740219
0.00309579
0.00289389
0.00278203
0
0.005252
0.00289389
0
0.0145622
0.00812154
0.0819362
0.00277621
0
0.00512778
0.00289389
0.00566138
0.00555704
0.00289389
0.00269696
0.0030775
0.0147591
0
0.00295183
0
0.0137394
0.00699217
0.00266747
0.00295183
0.0610878
0.00623703
0.0310361
0.013814
0.154621
0.232686
0.194592
0.0258455
0.0546626
0
0.00283682
0
0.00297418
0.00992775
0
0.00255241
0.00283602
0.0043073
0.00330464
0.00320932
0.00273058
0
0.00577559
0
0.00511967
0.00529265
0
0.00257505
0
0.00296613
0.00511967
0.00313977
0.00274051
0
0.00274526
0.0248275
0
0.0102769
0.00300456
0
0.00274051
0.0147665
0.00793054
0
0.0300397
0.00279389
0
0.00869532
0.00569709
0.0133794
0.0272027
0.00264563
0
0.00270136
0.00587744
0.00260496
0.0133268
0
0
0.0159529
0
0.244638
0.0032957
0.00275194
0.0112763
0.0030775
0
0
0
0.00551783
0.00315195
0.0229304
0.108792
0.0645451
0.602147
0.285648
1.01066
0.0325304
0.00255097
0.00580215
0
0.00819264
0.00594231
0
0.00433463
0.00789244
0.00311032
0.0184166
0.00298678
0.00270407
0
0.00308663
0
0.0270649
0.00276787
0.00802977
0.00353034
0
0.0150229
0
0.0133266
0.00244592
0
0
0.0153121
0.00295008
0.032008
0
0.00891075
0.0030263
0.014076
0.00474405
0
0
0.00276316
0.00268411
0.00563646
0.00465057
0.00708077
0.00302771
0.00310755
0.00261132
0
0.00552456
0
0
0
0
0.00547011
0
0.008264
0.00355872
0
0.00355728
0
0.00557829
0.0290708
0.0115499
1
0.373483
0.00263612
0
0.0025966
0.00306885
0.00250164
0
0.00266952
0.0049434
0.160536
0.00619633
0.0125342
0.00266536
0
0.00317476
0.0818264
0.00286519
0.00251084
0
0
0.00515525
0.00296526
0.00264563
0.00264686
0.00286549
0.00805444
0.00907434
0.00262912
0.0054765
0.155223
0.00264563
0
1
0.00296604
0.00295008
0
0.00328648
0.0171975
0.00556852
0.0195192
0.00264191
0.00263138
0.0874926
0
0.0159904
0.00549314
0.00691404
0
0.00261132
0.00264563
0.00570289
0
0.0175497
0.0026599
0.00264563
0.002987
0.00297539
0
0.00257428
0.0029544
0
0.00261336
0
0.00549375
0.00502204
0.00828913
0.00258487
0.00360476
0
0.00261336
0.00586349
0.043991
0
0.0138647
0
0.00608549
0.0196304
0.250416
0.98663
0.506185
0
0.00301732
0
0.00264563
0.00380766
0.00850565
0
0.00281089
0.00300312
0.00266536
0
0.00264563
0
0
0.00377948
0
0.00260706
0.00888453
0.00300397
0.00265498
0
0.00296275
0.00295008
0
0.00562516
0.0121544
0.0110574
0.00286315
0.00295008
0.77944
0.00271363
0
0.0157963
0.020438
0
0
0
0.00266536
0.00283537
0.0406202
0.00264999
0.00288594
0.00984456
0
0.00281539
0
0
0.00247105
0.0256519
0
0.0473964
0
0.00313359
0
0.00278203
0.00540644
0.00267633
0
0
0
0.00391822
0
0
0
0
0.0504172
0.00464095
0.00312556
0.0083318
0.0149117
0
0.00300397
0.00524882
0.00909865
0.00562003
0.0355695
0.206926
1
0.353617
0
0.00269355
0.00272328
0
0.0127914
0
0.00364938
0.0125736
0
0.00835029
0.00340633
0
0.00251473
0.0147389
0
0
0.0134988
0.26249
0.00264563
0.00289561
0.00267942
0.0026226
0.0113015
0
0.0424628
0.00289561
0
0
0.00289561
0.00268057
0.00259439
0
0.0180122
0.00269497
0.00300942
0.00670741
0.00883018
0.00915088
0.0402225
0
0.00285641
0.00310958
0
0.00537632
0.0113233
0.0131555
0.00303636
0.00944801
0
0.0149577
0.00273011
0.00300397
0
0.024763
0.0140705
0.0170544
0.00276611
0.0256584
0.00972537
0.00255145
0.00282154
0.00281275
0.0164675
0.0625235
0.00298758
0.0200962
0.0700004
0.249311
0.680754
0.760872
0.0112279
0.00563926
0.00255829
0.0109371
0.00540861
0.00271091
0.00295062
0.00563659
0.00788869
0.00265509
0
0.00271943
0
0
0
0.00246461
0.00248957
0.0029417
0.0029195
0
0.00247078
0.00281136
0
0.00819819
0.00268057
0.00260584
0.00561712
0.129957
0.00266536
0.00789962
0.00820649
0.00955893
0.0025919
0.0308464
0.00527869
0
0.00789962
0.0199322
0.0251866
0.00288428
0.00535266
0.0107972
0.0221468
0.00312956
0.0822056
0.0124555
0.00265309
0
0.00583431
0.00528732
0.0273232
0.0108183
0.00307106
0.00827897
0.00254219
0.00583171
0.00813007
0.00290851
0.00612259
0.0139864
0.0056132
0
0.0026413
0.00297084
0.00278457
0.00803063
0.0160987
0.0170385
0.0864919
0.713682
1.00933
0.32051
0.00291229
0
0.00454361
0.0496487
0.0139249
0.00291065
0.00268683
0.00279238
0
0
0.00262948
0.00695507
0.00298026
0
0.00527869
0
0.00283027
0
0.00277717
0.00259186
0.00293613
0.00289561
0.00444219
0.0202364
0.390351
0.934484
0
0.0025239
0.00515941
0
0.00247852
0
0.00307534
0.00766904
0
0.0138075
0.031054
0.00799654
0.00515941
0
0.023351
0.00265309
0.00250187
0.00530058
0.00400348
0.0617074
0.00269909
0.00253367
0.00277123
0.00258436
0.0168528
0.0111466
0.00275678
0
0.0029674
0.0443578
0.00499294
0.0125182
0.0272955
0.00270348
0.00272733
0.00280583
0
0.0186347
0.0352494
0.0202127
0.38508
0.0140291
1
0.990044
0.979229
1.00197
0.00272616
0.00823756
0.0407429
0
0.0075194
0
0.00271084
0.00272693
0.00291147
0.00805199
0.00808905
0
0.00306756
0.0056912
0.0076942
0
0.0420817
0.0420817
0
0.00263034
0.00402085
0.00303227
0
0
0.0142837
0
0.0229213
0.0169282
0.491713
0.980234
0.0243536
0.00283712
0
0.00268089
0
0.00250975
0.00286072
0.0105354
0.00273065
0
0.00271677
0.00274686
0
0
0.00930559
0.00250919
0.0140473
0.00571859
0.00237428
0.00575736
0.00414267
0.00731121
0.125845
0
0.00834923
0.0330455
0.0607953
0
0
0.00247081
0.080015
0.0764751
0.0135365
0.00387815
0.00304718
0
0.00231537
0
0.00571629
0.00247081
0.00262823
0.00809798
0.0286864
0.367915
1
0.357957
0.980309
0.979176
0.990176
0.00267753
0.00268683
0.0137937
0.00305396
0.00727721
0.00949033
0
0
0.00572107
0.00264682
0.00644054
0.00554227
0.011744
0.00285645
0
0
0.0151802
0
0.0107946
0
0.00286204
0.00525983
0
0.0145932
0.00605221
0.792839
0
0.00539826
0.00274686
0
0
0.00590489
0.0257212
0.0026377
0.00268089
0
0.0117723
0.00294309
0.00593411
0.0122255
0
0
0.00533248
0.00266888
0.00268701
0
0.0216551
0.00811492
0.00428421
0.0303672
0.00775399
0
0
0.0126043
0
0.00966124
0.00784661
0.00260632
0.0459569
0.00794331
0.0323752
0
0.0111188
0.00513707
0
0.00498241
0.00263067
0
0.00357425
0.00510808
0.0248255
0.0244881
0.309848
0.0786349
1
1.0185
0.00269976
0
0.0235598
0.0260893
0.00714035
0.00298983
0.00270686
0
0.0079977
0.00284239
0.00663272
0
0
0.00254448
0.00275903
0.0045541
0.00259186
0.00291864
0.00554471
0.00283604
0.0039391
0.00868774
0.00288869
0.00271485
0
0.0058989
0.00262607
0.00415842
0.00971361
0.0110323
0.665506
0.00268089
0.0026377
0
0
0
0.00253655
0.00539826
0
0
0.00269116
0.0101781
0.00247081
0.00562512
0.0026696
0.00313256
0.0335696
0.0167086
0.00251748
0
0.00713535
0
0.0112551
0.0324598
0.00280583
0.00292138
0
0
0.00560081
0.0135385
0.0103438
0
0.00271837
0.00247708
0
0.00282285
0
0.00724092
0.00837067
0.00558691
0.0665412
0.00996015
0.626393
0.00253295
0.00291408
0.00373502
0.0115768
0.0106734
0.00991228
0.00595008
0.00299502
0.00522931
0.00522314
0.0079623
0.0112017
0.00950125
0.00299604
0.00404462
0.00789795
0.00286269
0.00685934
0.00286406
0
0.00698453
0
0.00456899
0.00760603
0.00256117
0.00303737
0
0.00712888
0.0376423
0
0.00875357
0.915689
0.0356779
0.00846541
0.00254736
0.00279148
0.00260632
0.00276056
0.00544896
0.0116483
0.00868075
0.00306781
0.011578
0.0131802
0
0.0058865
0.0118362
0.00555189
0.0115921
0
0
0
0.00579098
0.00437678
0
0.0109722
0.0641771
0
0.00528412
0
0.00535453
0.0278872
0.00553408
0.00276699
0.00265604
0.00796686
0.00275108
0.0059147
0.0126961
0
0.00550983
0.00527393
0.0105219
0.00843383
0.00292511
0.00258405
0.00436174
0.00281019
0.00813868
0.0210932
0.0302042
0.61985
0.387042
0
0.00294858
0.00275678
0.00923641
0.0173273
0.0127005
0
0
0
0.00271274
0.0043528
0.00559007
0
0.035631
0.007432
0.0138364
0.00288799
0.00636562
0.0113577
0.00252297
0.00260632
0.00411524
0.0028073
0.00518254
0.0145795
0
0.00591981
0.00260632
0.00299878
0.00874627
0.0176876
0.00295896
0.0274454
1
1
1.03219
0.033587
0.00582483
0.00520969
0.0026147
0.00509233
0.00554928
0.0234337
0.0227968
0.00306142
0.0169475
0.00829418
0.00254025
0.0055622
0.00509233
0.00247892
0
0.00517629
0.0452054
0.00817484
0.00860769
0.0156732
0
0.00785206
0.00244298
0
0.0117094
0.0080726
0.00517605
0.0231189
0.0456575
0.00744457
0.0250548
0.00303425
0.0185617
0.00560809
0.00262717
0.00262607
0.00480299
0.0149408
0.0179087
0.0314866
0.00575526
0
0.00330697
0.00280611
0.0231918
0
0.00544045
0.0877932
0.00557773
0.00561264
0.0185962
0.00793734
0.021937
0
0.0162632
0.00587081
0.0247535
0.105447
0.0210459
0.332666
0.879988
0.00265679
0
0.00782663
0.00854797
0.0171306
0.0285363
0.00303364
0
0
0.0027802
0.00808545
0.00361087
0.0113158
0.0134782
0.00686927
0.0142257
0.00303889
0.0192023
0
0.00794054
0.00251873
0.0108316
0
0.00251873
0.00291803
0.00468129
0
0.00813547
0.00251873
0.0114285
0
0.0050417
0.00540615
0.0202489
0.0115377
0.00544562
0.00553907
1.02006
0.99044
0.839074
0.0110871
0.00268089
0.00508033
0.0056448
0.00274578
0.0399862
0.0333828
0.00561746
0.00584171
0.106597
0.00521298
0.0111998
0.0175118
0.00564629
0.00284188
0.0179528
0.00721738
0.00769192
0.00276056
0.00296481
0.00570337
0.00584663
0.00366449
0
0.0602422
0.0142162
0.0079475
0.00305227
0.00641527
0.00288695
0.00241521
0.00294199
0.00547849
0
0.00310667
0.0239213
0.0115263
0
0.00247546
0
0.015429
0.0116212
0
0.012771
0.124962
0.00912094
0.0151628
0
0.00272486
0.00511109
0.00280611
0.0103946
0.0348885
0.0030118
0.00550357
0.0700218
0.0135926
1
1
0
0
0.00255829
0.00463684
0
0.00288894
0
0
0
0.00519957
0.0118312
0.00368397
0
0.00823329
0
0.00312601
0
0
0.00268089
0
0.00508161
0
0
0.00274641
0
0.016242
0.00286318
0
0
0
0.00326568
0.0264808
0.0026672
0.0114323
0.906943
0.987477
0.185552
0.0194952
0.005499
0.00252297
0.0025485
0.0314411
0.0814435
0
0.00358654
0.00582768
0.195053
0.00251963
0.00516201
0.00252297
0
0.00302127
0.320956
0.00260825
0.00307745
0.008276
0.00293091
0
0.00274686
0
0
0.00308384
0.0041203
0.0075689
0.00750505
0.0141837
0.00406512
0.255051
0.00267718
0.00828168
0
0.00263831
0.00358654
0.00274686
0
0.00313174
0.174474
0.00835867
0
0.0645227
0.00903618
0.0221946
0.00287092
0.00866068
0.00386107
0.002722
0.0218184
0.0404355
0
1
0.122589
0.00870171
0.00746397
0.0790486
0.00950309
0.00680142
0.00280931
0.00594677
0.00256159
0
0.00520109
0.00280006
0.00295267
0.00865455
0
0
0.00856923
0.0207918
0.0230764
0.00268089
0
0.00256159
0.00262451
0.00376073
0
0.00278327
0.00265942
0.00268089
0.00265604
0
0.0217226
0.0171052
0.0329419
0.0080096
0.00560545
0.15541
0.98527
0.121866
0
0.00786018
0
0.00549665
0.0107333
0.0464456
0.00312283
0.00555004
0.00274729
0.0809455
0.00259983
0.00265604
0.0338863
0.00255717
0.00283115
0.0080508
0
0.00266471
0.00257705
0.00276228
0.00510652
0.00266709
0.00572972
0.0161527
0.0030241
0
0
0.00614933
0.00583339
0.00917118
0.00274686
0.00287092
0
0.0202156
0.00246684
0.00253075
0.0146445
0.00577623
0.00349866
0
0.00277758
0
0.00274537
0.00253075
0.00530162
0.00712691
0.041402
1.0005
0.00259983
0.0113733
0.00294858
0.0027849
0
0.00686519
0.0266273
0.00675378
0.00570093
0
0.00698757
0.00842536
0.00269976
0
0.0118043
0.0191945
0.00519649
0.00542821
0.73148
1.09449
0.0122573
0.00255438
0.00536265
0.019282
0.00285743
0.0111362
0.00263997
0.0024855
0.00261653
0.012863
0.0027897
0.00582171
0.00437857
0.0215345
0.00275034
0.00533818
0.0114897
0
0.00300703
0.00291864
0.00774502
0.0118399
0.00823083
0.032381
0.0124015
0
0.0140138
0.00268531
0.00250365
0.00749426
1
0.00273353
0.00302552
0
1.00344
0.00530771
0.00260937
0.00269644
0.00341662
0.00276216
0
0.0140472
0.00515559
0.00298677
0.00292589
0.00272478
0.00250552
0.0051816
0.00280944
0.00299666
0.0259976
0.0026611
0.00575721
0.0053233
0.00851985
0.00263419
0.00250253
0.00437615
0.00727752
0.00266753
0.0191595
0
0.00288547
0.00250253
0.00397458
0.0143905
0.00284621
0.00251695
0.00251022
0.0144875
0.00716494
0.00251022
0.30276
0
0.0112592
0.00266561
0.00274479
0.00251022
0.00959357
0.00261569
0.0272243
0.00305105
0.00276229
0.00259976
0.0194982
0.00267619
0.00263526
0.00259976
0.00814642
0.00995769
0.0026014
0
0.00809187
0.00258958
0
0.00280032
0.0259976
0.00967237
0
0
0.00268696
0.00545142
0.00280908
0
0.00280611
0
0.00579476
0
0.235854
0.0185132
0
0.00280611
0.0817119
0
0.00270533
0
0.00265452
0
0
0.0024855
0.005261
0.0024855
0.0104113
0.00270765
0.00645786
0.0114502
0.00821998
0
0.0116348
0.00255692
0.00250253
0.00287986
0
0
0.00256669
0.00251022
0
0
0
0.00246842
0.00280542
0.00259976
0.00375379
0
0.00246773
0.00259976
0.0156656
0.00271316
0.00529117
0.00246842
0.00827004
0.0103886
0.0104665
0.00271233
0.0132697
0.00416097
0.00383616
0.0025654
0.00271233
0
0.0111418
0.00268531
0.0201398
0.00538854
0.00252079
0.00260817
0.0792127
0.00897255
1
0.0088226
0.128541
0.00246912
0.00267996
0.0052707
0.00562737
0.0027061
0.00811829
0.0042427
0.00250036
0.00962281
0.00561989
0.002799
0
0.00526246
0.0109683
0
0.00250253
0.00790278
0.867321
0.00258882
0.00250253
0.00250253
0.0028778
0.589611
0.00250253
0.018118
0.00281986
0.00293812
0.00270351
0.00572597
0.00572597
0.00267054
0
0.00766409
0.00465838
0.0124029
0.00286933
0.0108526
0.24945
0.00309569
0
0.979935
0.0537884
0.00369999
0.00263879
0.00268356
0.00271802
0.00269568
0.00291215
0.00285018
0.0185027
0.00291215
0.00275152
0.00295712
0.0181464
0
0.00292156
0.00559934
0.00638674
0.00561184
0.00246842
0.00578566
0.115142
0.00275968
0.00246842
0.00304183
0.0110849
0.0141162
0.0189226
0.765738
0.00300444
0.00551885
1
0.323639
0.0028149
0.00268356
0.00268356
0
0
0.00537792
0.00265489
0.00269568
0.00293892
0
0.00268356
0.00267569
0.00260125
0.0027278
0.00267569
0.0106846
0.00571636
0.00861633
0.00267569
0.0103934
0.00269183
0.00301773
0.247935
0.0084464
0.0385976
0.00261991
0.0110426
0.00391449
0.00300139
0.00552109
0.0058546
0.0143281
0.0505596
0.00267979
0
0.0197421
0.00296443
0.0120238
0.00849695
0.00529118
0.00887132
0
0.0161825
0.0117836
0.00296443
0.00849695
0.00296443
0.00894278
0.0485658
0.0138269
0.0527913
0.897346
0.0056585
0.00301808
0.00296443
0.678969
1.00305
0.592331
0
0
0
0.00826284
0.0058332
0
0.00297412
0.00311554
0.0027002
0.00274801
0.00845803
0.00297369
0
0
0.00262037
0
0
0
0.0224106
0
0.00286041
0
0
0.00578803
0.0055768
0.00572597
0.0929585
0.0159995
0.00937735
0
0.00564911
0.0030606
0
0.00276748
0.00825463
0.00851656
0.0358543
0.0160512
0
0.00258844
0.0140799
0.00269568
0.00530577
0.0112813
0.00651248
0.0283337
0.00674306
0.00267658
0.00886478
0.107788
0.0742073
0.00671523
1.01352
1.01085
0
0.00287365
0.435142
1
0.201147
0
0.00259012
0
0
0.00280442
0.00291176
0
0.0027529
0.00535415
0.00266514
0.00296489
0.00281825
0.00278069
0.00294621
0.0027002
0
0.00281825
0
0.00301665
0.00276539
0.00281825
0.00267569
0.00264916
0.00299024
0.0120782
0
0.00247761
0.0027002
0
0.0129889
0.0537841
0.00298658
0.00268548
0
0
0
0
0.0119829
0.0204608
0.00264851
0.00280714
0.00295274
0.00863357
0.00288444
0.0110075
0.00601614
0.0169418
0.00299915
0.00430365
0
0.00584006
0.00882787
0.00585845
0.0093407
1.00018
0
0.0202181
0.515621
0.00281746
0.0029134
0.00285296
0.00280614
0.00281825
0.00261931
0.00242235
0.00326997
0.00257728
0.00298598
0.00285622
0
0
0
0.00276954
0.00273633
0.00285732
0.00247272
0.00370508
0
0
0.0416354
0.00302138
0.00271737
0.00252678
0.00864333
0.0371904
0.0457256
0.0107463
0.00265875
0.00385743
0.986915
0.00269748
0.00592325
0.00567903
0.00743193
0.00549273
0.012227
0.00836909
0
0.00276033
0.02032
0.00286231
0.00280649
0
0
0.013525
0.00567591
0
0
0.00281825
0.0170288
0
0.00555702
0.0515358
0
0.931993
0.00298841
0.00271504
0.010032
0.233215
0.441787
0
0.00291352
0.00257728
0.00305137
0.00510262
0.00292748
0
0
0.00361725
0.0849706
0.0201457
0.00292748
0.00257728
0.00541291
0.00281437
0
0.00565267
0.00830808
0.00250717
0.00538117
0
0.00914246
0
0
0.0149294
0.00605715
0
0.00251321
0.00286301
0.0134788
0.597035
0.00292156
0.00255752
0.00582301
0.00565294
0.0171374
0.00418892
0.00293452
0
0.00296878
0.00907045
0.00306427
0
0.00713241
0.0107286
0.0271654
0.0129901
0.00265505
0
0
0.0233022
0
0.00538354
0.00281377
0.010342
0.025869
0.00422993
0.00259679
0.014436
0.0432988
0.00352773
0.841662
0
0.00578358
0
0.00543717
0.536421
0.460194
1
0.0051055
0
0.00263033
0.00247791
0.00305886
0
0.00574074
0.00281506
0.00569799
0.00299024
0.0168351
0
0.00280692
0.00297411
0.0876469
0.00823519
0.00265875
0.00299024
0.0475863
0.290253
0
0.00260317
0
0
0.00472143
0.898347
0.00298885
0.0263551
0.0039013
0
0.0174976
0.00292156
0.00260935
0.00368209
0
0.0310019
0.0124715
0
0.00273258
0
0.0393133
0.00656259
0
0.00258768
0.00291914
0.0168871
0.0025484
0.00273258
0.00597375
0.00261913
0.00341573
0.0133603
0.0165651
0.134554
0.0186221
1
0.326801
0.00253547
0.0231305
1
0.29155
0.753493
0
0.00624758
0.0173552
0
0.00518279
0
0.00255843
0.00283408
0
0
0.00297781
0
0.00567863
0.042226
0.00429782
0
0.00293646
0
0.0112281
0.00293432
0.247597
0.00449098
0
0.198593
0
0
0.0346688
0.0254428
0.00464608
0.00580059
0.00546289
0
0
0.0458048
0.00439775
0.0149112
0.0026139
0.0479872
0.0253436
0.0166753
0
0.00577184
0.0197884
0
0.00254571
0.00837784
0.0174034
0.0252275
0.0509303
0.110962
0.0365487
0.990121
0.0109781
0
1.09569
0.0865151
0.461297
1.00134
0.00292719
0.00644666
0.00520559
0.00538218
0.00253066
0.0025638
0
0.005286
0.00280981
0.00314853
0.00252167
0.00786321
0.00252618
0.00256453
0.00269046
0.00269896
0.00262828
0.00268264
0.00527241
0
0.00258826
0
0.00982867
0
0.00527241
0.0468592
0.00548674
0
0.97305
0.592601
0.00253547
0.00277949
0.00889121
0.046
0.044893
0
0.00766505
0
0.00422579
0.00810048
0.0475938
0.0101613
0.061258
0.0024931
0.00266617
0
0.0255746
0.00257751
0.0025646
0.0136686
0.00814848
0.175169
0.00239272
0.00266617
0.00273245
0.00249555
0.0190255
0.0311749
0.162561
0.0442663
0.00263461
0.010569
0.9893
1.0257
0.785405
0
0
0.00253408
0.0163453
0.0101782
0.00264341
0.0025388
0.00264088
0
0.00509515
0
0.0152328
0.00536509
0.00252097
0.0025388
0.00261938
0
0.00264088
0.00270575
0.0025417
0.00314775
0.00268264
0.00292494
0.0138021
0.0025417
0.00264088
0.00270333
0.00797711
0.00525162
0.00786915
0.0025417
0.00294977
0.00268264
0.00540653
0
0.0645397
0.00267679
0.00263569
0.00795347
0.0734881
0.0121122
0.00268264
0.00271286
0.0118503
0
0.00303667
0.00257929
0.0150611
0.548154
1
0.00247569
0.0111825
0.0136548
0.00346201
0.0251709
0.054332
0.00526945
0
0.00507337
0
0.0199688
0.0495549
0.00786649
0.00282122
0.0172961
0.0111256
0.00259802
0
0.00816946
0.0278064
0.0102774
0.0192848
0.00540242
0.00850323
0.0571382
0.00522589
0.0048747
0.00528599
0.00779412
0.0107558
0.035067
0.0412855
0.207833
0.0449151
0.00279204
0.0118852
0.00784373
1
0.37357
0.984689
1
0.00271895
0.00256525
0.00303458
0.00320855
0
0.0159088
0
0.0109259
0.00272548
0.00547446
0
0.00271971
0.00520817
0.00255625
0.0117945
0.00548726
0.00271662
0.00570016
0.00271971
0.00538647
0
0.00272421
0.00362852
0.0648639
0.00278245
0.00528157
0.00313697
0.00272421
0.0106992
0.00533737
0
0
0
0.00296199
0.0025388
0.0110061
0.00812981
0.00262063
0.0031899
0
0.0106392
0
0.00505699
0.00809993
0
0.0353787
0.00534443
0.00541067
0.00796986
0.106531
0.00782847
0.00510076
0.00284055
0.00400338
0.00552071
0.763467
0.00246448
0.00813613
0
0.00542392
0.00339249
0.0289532
0.0082958
0.0298519
0.0147725
0.00298203
0.00783547
0.00269012
0.00484006
0
0.0144457
0.00556832
0.00800152
0.0192669
0.00880333
0.00293192
0.00257134
0.014713
0.00528887
0.00265735
0.00635462
0.00527874
0.0528006
0.0447885
0.0163015
0.00399976
0.00561296
0.0137565
0.0262464
0.00261578
0.00232746
0.00252167
0.00272997
0.00521799
0.00397504
0.00518097
0.0298137
0.0397635
0.209238
0.0337922
0.013815
0
0.00500448
0.757521
1.00459
0.998636
0.00248853
0
0.00566868
0.0294401
0.00550977
0.00531844
0.00526635
0.00305125
0
0.00297259
0.00411683
0.0107727
0.014499
0.00555179
0.0141784
0.00264928
0.00266188
0.00554285
0.00535927
0.00283102
0
0.00576657
0.0025388
0.00811465
0.0103822
0.0101255
0
0.00272421
0.00284698
0.00579287
0.00498506
0.00840479
0.00247591
0.0108944
0.00255201
0
0.00511656
0.00267447
0.00343798
0.0912508
0
0.002722
0.0582484
0
0.00505699
0
0.00288246
0.00658681
1.00482
0.00534709
0.00270835
0.0023302
0.00283827
0.00472889
0.0247202
0.030276
0.0108916
0.0174057
0
0.0107107
0.00546215
0.00477944
0.00946001
0.00846901
0.00618393
0.0221315
0.00842307
0.00314745
0.0610413
0.00259295
0.00567909
0.00273653
0.00292997
0.040693
0.00766643
0.00553439
0.0110247
0.132235
0.00290227
0.00747585
0
0.0024931
0.00305883
0.00741169
0.0164524
0.0506664
0.0387169
0.12914
0.00590478
0.00823826
0.024931
0.00551758
0.478457
0.948816
0.00268339
0
0.00360258
0.0143228
0.00524412
0.00267733
0.00261957
0.00300299
0.00542704
0.00249932
0.00557324
0.002567
0.00781803
0.00278978
0.00539688
0.0027485
0.00275039
0
0.00547228
0
0
0
0.00256566
0.00288916
0.00279205
0
0.00291959
0.00255201
0.0025832
0.0298966
0
0.0155486
0
0.00255201
0.00348002
1
0.973468
0.00521051
0
0.00261612
0.00589368
0.0322354
0.0162335
0.0323479
0.00245927
0
0.00790022
0.0165289
0.00533669
0.00607865
0.011255
0.191346
0.00253865
0.00254965
0.0027277
0.0106284
0.0195447
0.00252201
0.00844345
0.00259533
0.00842365
0
0
0.00496516
0.0052379
0.00261972
0.00256439
0.00862272
0.00273495
0.0199641
0.0204922
0.00793846
0.00828586
0
0.0105313
0.121756
0.0522717
0.00413609
0.00262104
0.00248685
0.0139043
0.00557283
0.00254953
0.00492017
0.00260341
0.00540027
0.00341779
0.00794765
0.0329711
0.00248281
0
0
0
0.00640963
0.00248699
0.00248699
0.00248281
0.00515187
0.00523804
0.00768726
0.00250748
0.0104186
0.00576657
0.00248699
0
0.0878988
0.00277765
0.0247214
0.0024117
0.00576657
0
0.00260439
0.0041817
0.642417
1.06195
1
0.995287
0.00527856
0.00254124
0.0763465
0.00651205
0.0029292
0.00766548
0
0.00259886
0.00279986
0.00532031
0.0125804
0.0163862
0.00306652
0.0974192
0.00256375
0.00248281
0.103981
0.010803
0.0029503
0.0026955
0.023103
0
0.00248281
0.0348581
0.00281783
0.0111441
0.113085
0.00331142
0.00248281
0.02751
0.520156
0.00545379
0.00803817
0
0.00284913
0.00518945
0.00275513
0.00357264
0.00859541
0.0158941
0.0246209
0.00250156
0.00260589
0
0
0.00519874
0.00260965
0.0027199
0
0
0.00267896
0.00257205
0.00813346
0.0507942
0.0379457
0.00267896
0.00826395
0.54044
1.00003
0.992958
0.00544437
0.00259295
0.111929
0.00756949
0.00259295
0.0218968
0
0.00254194
0.00853332
0.0833055
0
0.013091
0.0815866
0.00282411
0.0106086
0.0178513
0.121664
0.00410731
0.0100961
0.0026024
0.62304
0.00261435
0.00448716
0.00261839
0.00570155
0.002558
0.00250168
0
0.00250168
0
0.00261939
0.00541118
0
0.0261102
0.02142
0.00279205
0
0.286448
0.269492
0.620509
0
0
0.0279157
0
0.00253875
0
0.00280761
0.0250162
0.00556987
0.0459187
0.00285195
0.00450308
0.0592088
0.00511596
0.00285195
0.477761
0.00488873
0.00264415
0.00250168
0.00412867
0.00264415
0.00240404
0.00250168
0.00262241
0.0408732
0
0.00265618
0.110573
0.0397485
0.0280356
0.00258537
0.00280519
0.00276179
0.00286291
0.0276179
0.00250168
0.0057043
0
0.00250168
0.00261116
0.00430378
1
0.0575369
0.00798968
0.00289822
0.0106143
0.00299187
0.00259248
0.0729766
0.0810924
0.00261454
0.00263775
0
0.00291053
0
0
0
0
0.00416947
0.0514263
0
0.00250168
0
0.00254851
0.00264519
0.00328515
0.0030037
0.0347771
0.00946955
0.00306988
0.00274277
0.00256219
0.00283649
0.00262201
0.0116469
0.011033
0.0451716
0.396254
0.00267322
0.00283522
0.00999862
0.00267322
0
0.00522392
0.00248518
0.0104264
0
0.00789714
0.005364
0.0037434
0.00258678
0.0027822
0.00313991
0.0616968
0.00259561
0.00281205
0.00546549
0.00297353
0.0027822
0.00297418
0.00541769
0.0085937
0.00354503
0
0.00806949
0.0171822
0.00808139
0.123489
0.362233
0.00278125
0.00314946
0
0.0051611
0.00816507
0.00262432
0.00760719
0.00503509
0.00289575
0.0032716
0.00761624
0.00820101
0.00246108
0.00555033
0.00564542
0.00563164
0.00357126
0.0542613
0.00274526
0.00274277
0
0.00301027
0.00839585
0.00293692
0.0302267
0.00758732
0.0159225
0.0148874
0.00268613
0.00266506
0.0272028
0.00803973
0.0027822
0.00824055
0.0194362
0.0108507
0.0823923
0.138631
0.593962
0.15172
0.00267706
0.00250308
0
0.00256802
0.00276075
0.00298785
0
0
0.00553955
0.00247105
0.0079806
0
0.00268411
0.00637532
0
0.00298785
0.0550034
0
0.00285701
0.0108964
0.00246048
0.00529782
0.00298785
0.0123116
0.0161542
0.0240723
0.00262526
0.00276678
0.0110444
0.0080771
0.00809107
0.00538473
0.00246048
0.00272654
0.013837
0.0158871
0.0337536
0.226684
0.357615
0.366677
0
0.00296687
0
0.00298785
0
0.00286626
0.00311625
0.00252684
0.0026879
0.00301196
0.00581808
0.00297418
0
0.00773746
0.00254231
0.00533334
0.0128794
0.00298462
0.00321995
0.080637
0
0.0152539
0.00507554
0.00506388
0.0080915
0.00261132
0.0402493
0.00740219
0.00309579
0.00289389
0.00278203
0.00541494
0.00243018
0.00289389
0
0.0172685
0.00402522
0.0686094
0
0
0.00257051
0.00289389
0.00566138
0.00586177
0.00289389
0
0
0.0295893
0.00286686
0.00295183
0
0.00286626
0.00739733
0.00266747
0.00591786
0.0376439
0.0114831
0.0225281
0.0109615
0.160356
0.232686
0.194592
0.0258455
0.0546626
0.0029652
0.00283682
0.00300397
0.00297418
0.00992775
0
0
0.00283602
0.00866954
0.00330464
0.00320932
0.00571364
0.00288049
0.00577559
0
0.00511967
0.00792724
0.0033283
0.00257505
0.00472313
0.00296613
0.00511967
0.00313977
0.00522323
0
0
0.0182344
0.00263458
0.0102769
0.00300456
0.00255226
0.00274051
0.0300766
0.00527792
0.00418269
0
0
0
0.00869532
0.00569709
0.00458993
0.0402442
0.00264563
0
0.00537823
0.00562065
0.00260496
0
0
0.0123543
0.00857552
0.00301011
0.24431
0.0032957
0.00275194
0.0112763
0.00308857
0.00264181
0.014285
0.00247086
0.00296613
0.00315195
0.0229304
0.108792
0.0645451
0.602147
0.285648
1.01066
0.0325304
0.00274449
0.00580215
0
0
0.00594231
0.00296604
0
0.00789244
0
0.00914257
0.00565931
0.00270407
0.00288049
0.00308663
0
0.0270649
0.00276787
0.00812933
0
0.00288049
0.0150229
0
0.0133266
0.00727909
0.00298059
0.0172
0.00954801
0.00295008
0
0.00515999
0.00891075
0
0.0114349
0.00474405
0
0.00263049
0.00276316
0.00268411
0.00563646
0.00465057
0
0.00302771
0
0.00261132
0.00255169
0.00280822
0
0.00283169
0.00247086
0.00271318
0.00296894
0.00654775
0.00553327
0.00742108
0.00278054
0
0
0.00557829
0.0290708
0.0231369
1
0.385367
0.00263612
0
0
0
0.00250164
0.00274526
0.0028285
0.00410333
0.123897
0.00327728
0.00686316
0.00266536
0.00307897
0.00317476
0.0818264
0.00286519
0.00540249
0
0.00269764
0.00264563
0.00296526
0.00264563
0
0.00286549
0.00543518
0.00907434
0.00262912
0.00296688
0.118588
0.00264563
0.00252594
1
0
0.00295008
0
0.00328648
0.0171975
0.00283855
0.0222581
0
0
0.0874926
0
0.0159904
0.00588279
0.00335727
0
0.00261132
0.00264563
0.00570289
0.00539752
0.0175497
0
0.00264563
0.002987
0.00297539
0.0106718
0.00272758
0.00342841
0
0.00261336
0.00273349
0.0107811
0
0.00592229
0.00298893
0.00355925
0
0.00261336
0.00273005
0.043991
0.00283602
0.0231085
0
0.00608549
0.0196304
0.253146
0.98663
0.506895
0
0
0.0026083
0.00264563
0.0075338
0
0.00281978
0
0
0.00266536
0
0.00264563
0.00262366
0.0026083
0.00377948
0.00302166
0.00260706
0.0175789
0
0
0
0
0.00295008
0.00270965
0.00304742
0
0.0110574
0.00286315
0.00555837
0.764144
0
0.00254978
0.012524
0.0405892
0
0
0
0.00266536
0.00563096
0.0214969
0.00264999
0.00288594
0.00348821
0
0.00281539
0.0026083
0
0.00247105
0.0312466
0
0.0635174
0.00551153
0.00313359
0.0026083
0.00278203
0.00820203
0.00267633
0.0153102
0
0
0
0
0.00264191
0.00283602
0
0.0478376
0.00464095
0
0.0113991
0.0149117
0.00265366
0
0.00524882
0.00908231
0.0113956
0.0283297
0.248085
1
0.391215
0.00264215
0.00269355
0
0
0
0.00567583
0.00364938
0.0125736
0
0.00835029
0.00340633
0.00268683
0.00251473
0.0194067
0
0
0.0134988
0.273478
0.00264563
0.00289561
0.00267942
0.0026226
0.0113015
0
0.0424628
0.00289561
0
0.00254978
0.00289561
0.00268057
0.0055795
0
0.0190926
0.00269497
0.00300942
0.00670741
0.00883018
0
0.0303153
0.0222453
0.00285641
0.00310958
0
0.00262186
0.00763646
0.0131555
0.00303636
0.0146884
0
0.0149577
0.00273011
0.00264191
0
0.0216665
0.00730527
0.00836663
0
0.0285162
0.00972537
0.00255145
0.00546345
0.00549856
0.00745555
0.0698503
0.00298758
0.0200962
0.0496155
0.22735
0.680754
0.688226
0.0112279
0.00563926
0.00270366
0.00837879
0.00813283
0.00271091
0.00295062
0.00578571
0.00803405
0.00265509
0.0036868
0
0.00349682
0.0026083
0
0.00246461
0.00248965
0.0029417
0.0029195
0.00280002
0.00247086
0.00281136
0.00267579
0.00560633
0.00268057
0.00260584
0.00561712
0.129957
0.00541062
0.00532458
0.00290701
0.00649919
0.0025919
0.0653418
0
0.00259169
0.00262093
0.0231658
0.0251866
0.00566371
0.00535266
0.00538993
0.0196618
0.00312956
0.134933
0.0124555
0
0
0.00583431
0.0106491
0
0.0107061
0.00307106
0.0109321
0.00254219
0.00583171
0.00538699
0.0057323
0.00307492
0.0166395
0.0056132
0
0.00529439
0
0.00539287
0.00803063
0.0133102
0.0169764
0.0864919
0.713682
1.00933
0.333661
0.00291229
0
0.00454352
0.0496487
0.0142736
0.00291065
0.00268683
0.00279238
0
0
0.00262948
0.00695507
0.00298026
0
0.00268683
0
0.00283027
0
0.00277717
0
0.00293613
0.00289561
0.00420874
0.0203985
0.390351
0.936377
0
0.00507368
0.00247852
0.00282887
0.00247852
0
0
0.00370628
0.012025
0.0167042
0.0387033
0.00531565
0.00247852
0.00280583
0.0155091
0
0.00250187
0.00530058
0
0.0418568
0
0.00253367
0.00277123
0.00258444
0.0168528
0.00580961
0.00275678
0.00265309
0.0029674
0.047075
0.00499302
0.0125182
0.0280737
0.00270348
0.00272733
0
0
0.0160525
0.035373
0.0172814
0.38508
0
1
0.990044
0.979229
1.00197
0.00552854
0.0122861
0.0407429
0.0114198
0.0075194
0.0415671
0.00271084
0.00272688
0.00291147
0.00805194
0.0125139
0
0
0.0056912
0.0040258
0.00286045
0.0420817
0.0420817
0
0.00521931
0.0080511
0.00303227
0
0.00556411
0.0106192
0.0122591
0.0229213
0.0198661
0.491713
1.01964
0.0484224
0.00552396
0
0
0.00268683
0.00250975
0.00286072
0
0.00273065
0.00286045
0.00271677
0.0054337
0.00281364
0
0.0193589
0.00250919
0.0140473
0.00281575
0.00237428
0.00575736
0.00414267
0.00731121
0.125365
0
0.00834923
0.0408211
0.0607953
0
0
0.00247081
0.080015
0.0764751
0.0133943
0.00387815
0.00304718
0
0.00231537
0.00265309
0.00571629
0.00247081
0.00262823
0.0108543
0.0286864
0.376799
1
0.372348
0.980309
0.979176
1.03006
0.00267748
0
0.00484292
0.00305396
0.00345571
0.00949033
0.00307073
0
0.00291864
0.00264682
0.00644054
0.00554227
0.023259
0.00285645
0
0
0.0151802
0
0.0107946
0.00268683
0.00286204
0.00270154
0
0.0145932
0.00605221
0.792839
0
0.00539826
0.00274686
0.00274353
0.00280987
0.00590489
0.0257212
0.0026377
0
0
0.0117723
0.00294309
0.00299522
0.0122255
0.00302461
0
0.00533243
0.00266888
0.00561752
0
0.0216551
0.00811492
0.00428421
0.0403273
0.00775399
0
0
0.00668089
0.00278382
0
0.00784661
0.00260632
0.0431216
0.00272156
0.0323752
0
0.00822409
0.00513707
0
0.00498236
0.00263067
0
0.00357425
0.00510808
0.0248255
0.0272719
0.309848
0.0786349
1
1.0185
0.00269976
0
0.0235598
0.0213158
0.00714035
0.00298983
0
0.00293542
0.00513364
0.00284239
0
0
0.00796812
0.00254448
0.00275903
0.0045541
0.00268683
0.00291864
0.00554471
0.00283604
0.0039391
0
0.00288869
0.00278208
0.00280243
0.0058989
0.0054319
0.00415842
0.00971361
0.0110323
0.665506
0
0.0026377
0
0
0
0.00253655
0.00539826
0
0.00288323
0.00269116
0.0101781
0.00247081
0.00259591
0.0026696
0.00313256
0.0335696
0.0167086
0.00251748
0
0.00713535
0
0.0219953
0.0321513
0.00265309
0.00292138
0
0
0.00560081
0.0135385
0.0103438
0.00273219
0.00564651
0.00247708
0
0.00282285
0.00265604
0.00386023
0.00544856
0.00558691
0.0775177
0
0.626393
0.00253295
0.00291408
0
0.0115768
0.0146224
0.00991228
0.00595008
0.00299502
0.00522931
0.00522314
0.0079623
0.0112017
0.0203609
0.00299604
0.00404462
0
0.00562063
0.00352308
0
0
0
0.00288323
0.00443025
0.0149338
0
0
0.00302406
0.0071483
0.0253454
0.00300356
0.0119354
0.915689
0.0356779
0.00846541
0.00254736
0
0.00548955
0.00276056
0.00544896
0.0116483
0.00564532
0.00306781
0.0232878
0.0131802
0.00279743
0.00285106
0.0118362
0.00555189
0.0115921
0
0.00297256
0.00272541
0.00282795
0.00915022
0
0.0109722
0.0641771
0
0
0.00454352
0.00535453
0.020653
0.00253577
0.00276699
0
0.00796686
0.00275108
0.0059147
0.0173721
0.00303777
0.00550983
0.00261789
0
0.00577779
0.00292511
0.00258405
0.00436174
0.00281019
0.00813868
0.0210932
0.0302042
0.61985
0.356621
0
0.00294858
0.00275678
0.0128105
0.0173273
0.0127005
0
0
0.00288323
0.00271274
0.0043528
0.00862676
0
0.035631
0.007432
0.0135384
0.00288799
0.00636562
0.0113577
0.00252297
0.00260632
0.00411524
0.0028073
0.00518254
0.0145795
0
0.00591981
0.00260632
0.00299878
0.0086073
0.0265446
0.00602084
0.0214052
1
1
1.03219
0.0672119
0.00852848
0.00520969
0.0026147
0.00509233
0.0028073
0.0234337
0.0227968
0.00612331
0.0250584
0.00859296
0.00254025
0.00826585
0.00509233
0.00247892
0.00285952
0.00517629
0.0337172
0.00817484
0.00860769
0.0194633
0
0.00785206
0.00244298
0
0.0117094
0.0081194
0.00517605
0.0231189
0.0428625
0.00744457
0.0250548
0.00303331
0.0185617
0.00560809
0.00262717
0.00549013
0.00480299
0.0149408
0.0179087
0.0314866
0.00575526
0
0.00330697
0
0.0231918
0.00257633
0.00544045
0.0877932
0.00557773
0.0104433
0.00643108
0.00513123
0.021937
0.00257633
0.0108334
0.00587081
0.0219706
0.0992482
0
0.332666
0.903207
0.00265679
0
0.00782663
0.00854797
0.0171306
0.0285363
0.00303364
0
0
0.0027802
0.00808545
0.0072608
0.00850332
0.0134782
0.00686927
0.0114938
0
0.0192023
0.00831559
0.00794054
0.00251873
0.0108316
0.00286045
0.00251873
0.00291803
0.00468129
0.00285851
0.00813547
0.00251873
0.00843054
0
0.0050417
0.00259617
0.0167078
0.0115377
0.00821242
0.00553907
1.02006
1.00956
0.813686
0.00846102
0
0.00508033
0.00291864
0.00274578
0.0399862
0.0168367
0.0086673
0.00584171
0.107754
0.00258808
0.0111998
0.0175118
0.00275047
0.00284188
0.0227263
0.00721738
0.00769192
0.00562462
0.00296481
0.00570337
0.00584663
0
0
0.063587
0.0142162
0.0079475
0.00896714
0.00641527
0.00288695
0.0051781
0.00294199
0.00547849
0
0.00614269
0.0239213
0.0145243
0.00298426
0.00247546
0.00286406
0.015429
0.0226352
0
0.0102099
0.118913
0.0151991
0.0151628
0.00623267
0.00564381
0.00511109
0
0.0129709
0.0295184
0.0030118
0.00853581
0.0700218
0.0136867
1
1
0
0.00284756
0
0.00463684
0.0079635
0.00288894
0.00292732
0
0
0.00519957
0.00916219
0.00368397
0.00305975
0.00823329
0.00854284
0.00312601
0
0.00292815
0
0
0.00508161
0
0
0.00274641
0
0.0250265
0.00286318
0
0
0
0.00326568
0.0264808
0.0026672
0.0114323
0.906943
1.01983
0.185552
0.0194952
0.005499
0.00252297
0.0025485
0.0490706
0
0
0.00358654
0.00275287
0.167272
0.00539175
0.00516201
0.00252297
0
0
0.240537
0.00260825
0.00307745
0.008276
0.00293091
0.0027305
0.00274686
0
0.00280908
0.00308384
0.0041203
0.0075689
0.00750505
0.0141468
0.00406512
0.255051
0.00267718
0.0170074
0.00291995
0.00263831
0.00358654
0.00274686
0
0.00627687
0.086629
0.00835867
0.00559819
0.0614591
0.00600905
0.0222006
0.00582853
0.00866068
0.00386107
0.002722
0.0218184
0.0334209
0.00877836
1
0.122589
0.00296113
0.00746397
0.108784
0.00950309
0
0.00280931
0.00300032
0.00256159
0
0
0.00280006
0.00295267
0.00570727
0
0.00373103
0.00565377
0.0207918
0.0073551
0
0.0212439
0.00256159
0.00550981
0
0.00299453
0
0.00265942
0.00286045
0.00265604
0
0.0217226
0.0134901
0.0329419
0.00534969
0.00560545
0.17988
0.987133
0.140262
0.0108356
0.00786018
0
0.00549665
0.00347571
0.0298162
0.00312283
0.00838774
0.00274729
0.0809455
0.00259983
0.00557599
0.0338863
0.00552235
0.00283115
0.0122059
0
0.00266471
0.00257705
0.00276228
0.00504786
0.00266709
0.00867082
0.0161527
0.0030241
0
0
0.00614933
0.00583339
0.00917118
0.00274686
0
0.00772848
0.0202156
0.00246684
0.00253075
0.0146445
0.00577623
0.00349866
0
0.00277758
0
0
0.00253075
0
0.00712691
0.041402
0.977902
0.00259983
0.00853678
0.00294858
0.0027849
0
0.00686519
0.0266273
0.00675378
0.00570093
0
0.00698757
0.00842536
0.00269976
0
0.0118043
0.0191945
0.00519649
0.00542821
1.10924
0.971695
0.0122573
0.00255438
0.00536265
0.00668218
0.00285743
0.0111362
0.00263997
0.0024855
0.00261653
0.012863
0.0027897
0.00848785
0.00437857
0.0215345
0
0.00533818
0.0114897
0.0122591
0
0.00291864
0.00774502
0.0118266
0.00823083
0.032381
0
0.0146306
0.0140138
0.00268531
0.00250365
0.00749426
1
0
0
0.0125405
1.00344
0.00530771
0.00260937
0.00269644
0.00341662
0
0.00269723
0
0.00515559
0.00298677
0
0.00272478
0.00250552
0.00778026
0
0.00299666
0.0259976
0.0026611
0.00271562
0.0053233
0.00270752
0.00263419
0.00250253
0
0
0.00266753
0.0191595
0
0
0.00250253
0.00397458
0.0143905
0.00284621
0.00251695
0.00517865
0.0144875
0.00716494
0.00251022
0.324237
0.00283405
0.0112592
0.00266561
0
0.00251022
0.00959357
0.00261569
0.0272243
0.00305105
0.00276229
0.00259976
0.0194982
0.00267619
0.00263526
0.00259976
0.00814642
0.00995769
0.00530792
0
0.00533394
0.00258958
0
0.00280032
0.0259976
0.00629472
0.00280585
0
0.00268696
0.00267088
0.00280908
0
0
0
0.00298865
0.00301821
0.235854
0.0185132
0.00266842
0
0.0399328
0
0.00270533
0
0.00265452
0.00273063
0
0.0024855
0.005261
0.0024855
0.0104113
0.00270765
0.00645786
0.0114502
0.00539912
0
0.0120262
0.00255692
0.00250253
0
0.00266842
0.00266842
0.00256669
0.00251022
0.00266842
0.04215
0
0.00246842
0.00280542
0.00259976
0.00375379
0
0.00246773
0.00259976
0.0156656
0.00271316
0.00782691
0.00246842
0.00827004
0.0069652
0.0104665
0.00271233
0.0135782
0.00416097
0.00383616
0.0025654
0.00271233
0
0.0111418
0.00268531
0.0201398
0.00538854
0.00252079
0.00260817
0.105339
0.00897255
1
0.0057874
0.128541
0.00246912
0.00267996
0.0052707
0.00562737
0.0027061
0.00811829
0.0042427
0.00250036
0.00962281
0.00561989
0.002799
0
0.00526246
0.0109683
0
0.00250253
0.00790278
0.867321
0.00258882
0.00250253
0.00250253
0.0028778
0.589611
0.00250253
0.018118
0.00281986
0.00293812
0.00270351
0.00572597
0.00572597
0.00267054
0.00287041
0.00766409
0.00465838
0.0185538
0.00286933
0.0162346
0.24945
0.00309569
0.00296109
0.979935
0.0675778
0.00369999
0.00263879
0.00268356
0
0.00269568
0.00291215
0
0.0185027
0.00291215
0.00275152
0.00295712
0.0137132
0
0.00292156
0.00288114
0.00638674
0.0056516
0.00246842
0.00578566
0.141741
0.00549503
0.00246842
0.0058989
0.00836675
0.0112837
0.021878
0.765738
0.00300444
0.00817875
1
0.310854
0.0028149
0.00268356
0.00268356
0
0.0026599
0
0.00265489
0.00269568
0.00293892
0.00285105
0.00268356
0.00267569
0.00260125
0
0.00539371
0.0106846
0.00571636
0.00570178
0.00267569
0
0.00269183
0.00301773
0.247935
0.0055554
0.034375
0.00261991
0.0110426
0.00391449
0.00300139
0.00272397
0.00296767
0.0143281
0.0421144
0.00267979
0.00283292
0.0197421
0.00296443
0.00901286
0.0139905
0.00264811
0.00311202
0
0.00743373
0.0117836
0.00296443
0.0114132
0.00296443
0.00894278
0.0457395
0.0193204
0.0363155
0.910696
0.00259933
0.00301808
0.00296443
0.68907
1.00305
0.592331
0.00284846
0.00513751
0.00253033
0.00826284
0.00282504
0.00257728
0.00297412
0.00311554
0.00527748
0.00274801
0.00845803
0.00297369
0.00281377
0.00274797
0.00262037
0
0
0.00281377
0.0224106
0
0.00286041
0.00281377
0
0.00865844
0.0055768
0.00572597
0.0929585
0.0159995
0.00937735
0
0.00564911
0.0030606
0
0.00276748
0.00825463
0.00851656
0.0358543
0
0
0.00258844
0.0140799
0.00269568
0.00275647
0.0112813
0.00651248
0.0266529
0.0131792
0.00267658
0.0147806
0.105125
0.0768825
0.0064338
0.967809
1.01085
0.00259855
0
0.435142
1
0.201147
0
0.00259012
0.0163229
0.00247761
0
0.00291176
0
0.0027529
0.00267896
0.00266514
0.00296489
0.00281825
0.00288111
0.00294621
0.0027002
0.00281377
0.00281825
0
0.00301665
0.00276539
0.00281825
0.00267569
0.00540976
0.00299024
0.0120782
0.00284146
0.00247761
0.00551397
0
0.0129889
0.0537841
0.00298658
0.00268548
0
0.00290416
0
0.017238
0.0119829
0.0204608
0.00264851
0
0.00582315
0.00863357
0.00288444
0.0110075
0.00601614
0.0169418
0.00299915
0.00430365
0.00247761
0.00584006
0.00882787
0.00585845
0.0093407
1.00018
0.00259729
0.0202181
0.515621
0.00281746
0.0029134
0.00285296
0.00280614
0.00281825
0.00261931
0.00521809
0.00326997
0
0.00298598
0.00555194
0
0
0
0.00276954
0.00273633
0.00285732
0.00247272
0.00370508
0
0
0.0205224
0.00897541
0.00271737
0.00252678
0.00569462
0.0467584
0.0577901
0.0107463
0.00265875
0.00385743
0.986915
0
0.00592325
0.00296751
0.00743193
0.00267896
0.012227
0.00836909
0
0.00276033
0.010288
0.00286231
0.00280649
0.0026599
0
0.0162985
0.0028737
0.00970734
0
0.00547815
0.0170288
0.00362713
0.00555702
0.0515358
0.00389762
0.931993
0.00298841
0.00271504
0
0.250748
0.441787
0
0
0
0
0.00252607
0.00292748
0
0
0.00361725
0.0849706
0.00959404
0.00292748
0
0.00541291
0
0.00266848
0.0028376
0.00830808
0.00250717
0.00538117
0.00257728
0.00914246
0
0
0.0149294
0.00897721
0
0.00251321
0.00286301
0.0134788
0.61478
0.00292156
0.00255752
0.00582301
0.00565294
0.0170468
0.00418892
0
0
0.00296878
0.00907045
0.00306427
0
0.013604
0.0107286
0.0298811
0.00869845
0.00265505
0.00270856
0.00372816
0.0233022
0
0.00538354
0
0.010342
0.025869
0.00422993
0.00259679
0.014436
0.0583353
0.00352773
0.841662
0
0
0.0110941
0.00543717
0.536421
0.460194
1
0.0051055
0.00504709
0.00263033
0.00247791
0.00305886
0
0
0
0.00569799
0.00299024
0.0141032
0.00302764
0.00280692
0.00297411
0.0876469
0.00542142
0.00265875
0.00299024
0.0475863
0.248046
0
0.00260317
0
0
0.00472143
0.883501
0.00298885
0.0320745
0.0039013
0.0107251
0
0.00292156
0.00260935
0.00751906
0.00292589
0.0302585
0.0124715
0.00303208
0.00564884
0.00272794
0.0393133
0.00973193
0.0143001
0
0.00291914
0.00843554
0
0.00273258
0.00619514
0.0051546
0.00341573
0.0133603
0.0197532
0.147192
0.0114462
1
0.326801
0
0.0231305
1
0.29155
0.753493
0.00253618
0.00624758
0.00906297
0
0.00518279
0
0.00255843
0.00283408
0
0.00253547
0.00568225
0.002584
0.00567863
0
0.00429782
0.00253547
0
0
0.0112281
0
0.247597
0.00449098
0
0.184207
0
0
0.0346688
0.0254428
0.00464608
0.00580059
0.00546289
0
0.00879412
0.0364156
0.00439775
0.0149112
0.0026139
0.0476499
0.0341934
0.00835682
0
0.00577184
0.0197884
0
0.00254571
0.00837784
0.0174034
0.0226358
0.0509303
0.110962
0.0291313
1.02887
0.0109781
0
0.980024
0.0865151
0.479349
1.00134
0
0.00644666
0.00520559
0.00538218
0.00253066
0.0025638
0.00553299
0.00821712
0
0.00314853
0.00252167
0.00531124
0
0.00256453
0.00269046
0.00269896
0.00262828
0.00268264
0.00527241
0
0.00258826
0
0.00982867
0.00307044
0.00527241
0.0468592
0.00255955
0
1.02695
0.611158
0
0.00277949
0.00889121
0.0490361
0.0481923
0
0.0051774
0
0
0.00810048
0.0544674
0.0101613
0.0463321
0.0024931
0
0
0.0226006
0.00257751
0.0025646
0.0136686
0.00814848
0.142533
0
0
0
0
0.0190255
0.031551
0.162039
0.047583
0.00263461
0.0079028
0.9893
0.992642
0.785405
0.00299511
0.00253618
0.00253408
0
0.0101782
0.00264341
0.0025388
0.00264088
0
0.00509515
0
0.0152328
0.00264088
0.00252097
0.0025388
0.00261938
0
0.00264088
0.00250046
0.0025417
0.00314775
0.00268264
0.00292494
0.0138021
0.0025417
0.00264088
0.00270333
0.00797711
0.00813252
0.00786915
0.00529209
0
0.00268264
0.00540653
0
0.0645397
0.00267679
0.00518295
0.00807454
0.0743627
0.0121122
0.00268264
0.00546324
0.0118252
0
0.00303667
0.00257929
0
0.548154
1
0.00514185
0.0168462
0.0110756
0
0.0220838
0.0579196
0.00526945
0
0.00507337
0.00363568
0.0199688
0.0306566
0.0103972
0.00282122
0.0172961
0.00835244
0.00259802
0.0025417
0.00542689
0.0304102
0.0129957
0.0187335
0.00540242
0.00562256
0.0803852
0.00251814
0.0073821
0.00528599
0.0104192
0.00801057
0.0348583
0.0412855
0.206981
0.0518519
0.00562181
0
0.00777993
1
0.37357
1.00055
1
0
0.00256525
0.00303458
0.00320855
0.0114813
0
0.00305981
0.00547627
0.00538332
0.00547446
0.00299511
0
0
0.00519105
0.0117945
0.00548726
0.00271662
0.00285243
0
0.00531526
0.00262932
0
0.00362852
0.0522887
0.00278245
0.00528157
0.00311185
0.00272421
0.0106992
0.00533737
0
0
0
0
0
0.0110061
0.0137871
0.00262063
0.0031899
0
0.00796025
0.00278308
0.00505699
0.00517274
0.00255546
0.0285328
0.00840653
0
0.00796986
0.0926465
0.00526442
0.00510076
0.00284055
0.00469257
0.00248913
0.750698
0.00512233
0.00536292
0
0.00854605
0.00339249
0.0185536
0.00558661
0.0298519
0.00777805
0.00298203
0.00506226
0.00269012
0.00484006
0
0.00720205
0.00556832
0.0105839
0.0295114
0.00880333
0.00575889
0.00257134
0.014713
0.00256916
0
0.00635462
0.00527874
0.0658093
0.0448648
0.013622
0.0081904
0.00561296
0.0109385
0.0351059
0.00261578
0.00481901
0.00252167
0
0.00248614
0.00774205
0.00518097
0.0296836
0.0343404
0.217026
0.0377539
0.0137403
0
0.00500448
0.757521
1.0072
0.998636
0.00248853
0
0.00295752
0.0336367
0.00550977
0.00531844
0.00526635
0.00305125
0
0.00297259
0.00801111
0.0135474
0.00705363
0.00555179
0.0141784
0.00264928
0.00266188
0.00828057
0.00535927
0
0
0.00576657
0
0.00544848
0.0103331
0.014778
0.00265349
0
0.00284698
0.00579287
0.00498506
0.0112006
0.00247591
0.00554091
0.00255201
0
0.00511656
0.00267447
0
0.119094
0.00290661
0.002722
0.053947
0
0.00505699
0
0
0.00309461
0.989332
0.00278245
0.00270835
0.0023302
0
0.00472889
0.0120355
0.027626
0.00733784
0.0174057
0
0.0108039
0.00546215
0.00477944
0.00946001
0.0112632
0.00618393
0.0221315
0.0108682
0.00593392
0.0524925
0.00259295
0.00567909
0.00274997
0.00292997
0.049222
0.00766643
0.00553439
0.0138903
0.106589
0.00290227
0.00507878
0.00276389
0.0024931
0.00305883
0.0150338
0.0164524
0.0463025
0.0387169
0.156044
0.00590478
0.00823826
0.024931
0.00571683
0.45288
1.02584
0.00268339
0.00299112
0.00656223
0.0170617
0.00524412
0.00267733
0.00261957
0.00547007
0.00542704
0.00515289
0.00557324
0.002567
0.00515187
0.00278978
0.00271791
0.0027485
0
0.00276389
0.00268032
0
0.00275039
0
0.00510644
0
0.00279205
0
0.00291959
0.00255201
0.00801301
0.0298966
0
0.0155693
0
0.00255201
0.00348002
1
1.00697
0.00521051
0.0024972
0.00261612
0
0.0322354
0.0162335
0.0323479
0.00245927
0.00267896
0.00790022
0.013792
0.00533669
0.00607865
0.00845014
0.191346
0.00253865
0.00254965
0.0027277
0.00789659
0.0195447
0.00252201
0.00844345
0.00259533
0.00842365
0
0.00262096
0.00496516
0.0052379
0.00261972
0.00256439
0.00862272
0.00273495
0.0199641
0.0204922
0.00793846
0.00828586
0
0.0105313
0.121756
0.0522717
0.00413609
0.00538572
0
0.0103434
0.00557283
0.00254953
0.00492017
0.00260341
0.00540027
0.00341779
0.0108463
0.0329711
0.00248281
0
0
0
0.0133179
0
0.00275039
0.00248281
0.00515187
0.00262977
0.00520027
0.00250748
0.0104186
0.00876252
0
0
0.0781415
0.00258707
0.0302528
0
0.00576657
0
0.00260439
0
0.642417
0.964592
1
1.02236
0.00527856
0.00254124
0.0767733
0.00651205
0.0029292
0.00766548
0
0.00259886
0.00279986
0.00532031
0.0125804
0.00569603
0.00580806
0.131622
0.00256375
0.00248281
0.0954663
0.00800685
0.0029503
0.0026955
0.023103
0
0.00248281
0.0217164
0.00281783
0.0111441
0.106919
0.00331142
0.00248281
0.02751
0.520156
0.00791985
0.00803817
0
0.00284913
0.00518945
0.00275513
0.00357264
0.00573243
0.0158941
0.0246209
0.00250156
0.00520312
0
0
0.00794832
0
0.0027199
0
0.00275039
0
0.00536766
0.00792087
0.043974
0.0326272
0
0.00826395
0.54044
0.999971
0.992958
0.00544437
0.00259295
0.109146
0.00756949
0.00259295
0.0191771
0
0.00254194
0.0110664
0.0731066
0
0.0185203
0.0874144
0.00282411
0.0132876
0.025255
0.121664
0.00410731
0.0100961
0.0026024
0.62304
0.00261435
0.00448716
0.00261839
0.00570155
0.002558
0.00250168
0.00270748
0.00250168
0
0.00261939
0.00541118
0.00390264
0.0261102
0.0265344
0.00279205
0.00286469
0.286448
0.269546
0.611276
0
0.0102444
0.0304602
0
0.00253875
0.00372525
0.00280761
0.0250162
0.00556987
0.0431149
0.00285195
0.00450308
0.0592088
0.00511596
0.00285195
0.477761
0.00488873
0.00264415
0.00250168
0.00412867
0.00264415
0.00240404
0.00250168
0.00262241
0.0408732
0
0.00265618
0.110573
0.0397485
0.0280356
0.00258537
0.00280519
0.00276179
0.00286291
0.0276179
0.00250168
0.0057043
0
0.00250168
0.00261116
0.00430378
1
0.0575369
0.00798968
0.00289822
0.0106143
0.00299187
0.00259248
0.0729766
0.0810924
0.00261454
0.00263775
0
0.00291053
0
0
0
0
0.00416947
0.0514263
0
0.00250168
0
0.00254851
