0.0211938
0
0.00276186
0.0380592
0.00276186
0.00276186
0.00282114
0.00790433
0
0.0572699
0.0670672
0.00556921
0.00800289
0.0278762
0.002724
0.01733
0.00314752
0.00696905
0.00538881
0.0635903
0.00290226
0.0700147
0.0199298
0.128646
0.831353
0.00271113
0.00500192
0.0329657
0.0123449
1.00167
0.00259981
0
0.00276186
0
0.00272003
0.0164201
0.00276186
0.00403019
0.00282114
0.00282114
0
0.00561288
0.111011
0.00345232
0.00276088
0.643986
0.999003
0.325285
0.00282268
1
0.00644146
0.00258416
0.0501134
0.00581934
0.00256415
0.107851
1
0.47959
0.0029662
0.0118612
0
0.00278392
0.633891
0.00611297
0.0190296
0.00276675
0.0027541
0.00592089
0.00330492
0.0162952
0.0046127
0.0271498
1
0.15971
0.00261598
0.00256945
0.0121013
0
0.00256945
0
0.178224
0.010874
0.00261214
0.0880325
0.0029054
0.0142477
0.00228247
0.00743278
0.0052486
0.00290458
0.0720861
0.0164144
1
0.0169253
0.0111174
0.00344793
0.00286789
0.00270264
0.00266282
0.00303793
0.0256842
0.00513684
0.00279785
0.0110408
0.0140927
0.00630282
0.990043
1.00042
0.0231102
0.00279555
0.00263474
0.00250826
0.00250826
0.00259055
0.0036988
0.00742248
0.813069
0.00380576
0.00247416
0.00848189
0.0142679
0.00388777
0.0195122
0.0833838
0
0.00530081
0.023269
0.0225113
0.00427241
0.0172764
0.328897
0.0572757
0.983323
1
0.244604
0.00266043
0.0372848
1
0.0105159
0.00258225
0.0051024
0
0
0.00249638
0.038372
0.00397673
0.0137098
0.00260757
0
0.0641644
0.0195969
0.365175
1.03814
1
0.00410539
0.010558
0.0144992
0.0252702
0.00780504
0.00256945
0.00321052
0.00561199
0.00422831
0.00272144
0.00291173
0.00395316
0.00993678
0.00816431
0.00272144
0
0.00277729
0.00247416
0.0139275
0.070744
0.000651045
0.0129792
0.0190994
0.100871
0.0439008
0.00623489
0.0025846
0.00561199
0.0198736
0.00250826
0.013417
0.00262153
0.00326572
0.0158127
0.00297298
0.00542551
0
0.00320875
0.00585344
0.00283426
0.0025445
0.0572542
0.00303223
0.00261612
0.00277747
0.00737961
0.00559631
0.00250826
0.00543904
0.0107367
0.00264981
0.0369257
0.00295997
0.00583796
0.0301477
0.00263544
0.00280609
0.00257631
0.00537761
0.0957365
0.00921248
0.00537761
0.0105293
0.00278065
0
0.00295274
0.222111
0
0.861781
0.00263618
1
0.989946
0.0132607
0.0081967
0.0083042
0.0237242
0.0136249
0.00831437
0.00550597
0.00278378
0.00249431
0
0.00264001
0.00263259
0.00265221
0.0514686
0.00476106
0.00255145
0.00594579
0.0187073
1
0.0777721
0.00257291
0.00829808
0.00385192
0.0081837
0.00551065
0.00856627
0.0119768
0.00265996
0.997477
0.64459
0.00371532
0.0107497
0.00495198
0.00249431
0.00261947
0.0568318
0.011208
0.00325345
0
0.0218894
0.00539557
0.00848396
0.0111362
0.0342366
0.0046235
0.00302813
0.0111362
0.00299317
0.00288365
0.0308179
0.0117666
1
0.982983
0.00253234
0.00304149
0.0028595
0.0115336
0.99002
0.16841
0.0275808
0.00279459
0.00878016
0.00845739
0.0175603
0.00562212
0.00288365
0.00467769
0.00394606
0.00259553
1
0.0511129
0.00549494
0.00714999
0.0145982
0.0029687
0.0420598
0.994056
0.0474075
0.00279459
0.00267593
0.00277039
0.010924
0.00274324
0.0178075
0.00924994
0
0.00973387
1.00238
0.00629104
0.0173436
1.00989
0.00279459
0.00273766
0.00279459
0.00290405
0.00284252
0.00260637
0.00592933
0.0465037
0.986894
0.714728
0.00762161
0.00814684
0.00291042
0.00729389
0.398945
0.00299143
0.0298717
0.00536501
0.171694
0.0630928
0.00300461
0.0112019
0.00523699
0.00284924
0.0123409
0.008636
0.0054293
0.00837641
0.00475064
0.0516955
0
0
0.00280265
0.00280265
0.00240358
0.00308604
0.0226135
0.00870241
0.00248353
0.00278545
0.0277096
0
0.00278545
0.00294602
0.0193933
0.00278545
0.00307884
0
0.00500032
0.256949
0.00292544
0.00292544
0.00851578
0.0025203
0.0081181
0.00254512
0.00290499
0.00315095
0.0109945
0.00247431
0.0139984
0.0210211
0.0139639
0.00254512
0.0165703
0.00592148
1.0134
0.0260654
0.0854232
0.00564379
0.00808307
0.0462688
0.016774
0.00300012
0.00609682
0.00774948
0.0571147
0.00253367
0.00246665
0.0608789
0.00279661
0.0206154
0.08733
0.016774
0.0416635
0.0136963
0.00552302
0.998627
0.489067
0.00903588
0.00280401
0.00730553
0.00430093
0.015157
0
0.00295025
0.00372529
0.00259104
0.00409613
0.00253802
0.0147999
0.00295025
0.00822216
0.00799689
0.00293858
0.00544684
0.00333888
0.00546321
0.00637158
0.00549218
0.0165134
1.00829
0.00290622
0.00261859
0.995858
0.225639
0.0029048
0.00285296
0.00271163
0.00290431
0.0141721
0.0177905
0
0.00784699
0.00294688
0.0028993
0
0.748019
0.0133443
0.0026784
0
0.00279552
0.00862345
0.15666
0.984886
0.0069274
0
0.490471
0.00261437
0.00289501
0.00302303
0.00280265
0.0058093
0.010967
0.0109751
0.00271573
0.00330189
0.00280265
0.00290499
0.00286251
0.00290431
0.00614
0.00290431
0.0740208
0.00419285
1
0.0058405
0
0.00314654
0.0466998
0.00290431
0
0
0.00280829
0.0330598
0.0026784
0.0191166
0.00290251
0.0185807
0.0420794
1.0096
0.514238
0.00290581
0.00249657
0.0137662
0.00296893
0.00300779
0.00286729
0.0113508
0.0168789
0.0658022
0.0030998
0.0158432
0.0289778
0.0861964
0.0127233
0.991782
0.00292166
0.00533977
0.00698074
0.0167943
0.0073088
0.0140666
0
1
0.524616
0.00260952
0.00290731
0
0.014147
0.030079
0.0856229
0
0.43045
0.00261621
0.0148782
0.00271613
0.00282835
0.00261511
0.00279661
0.0114499
0.00312326
0.0148584
0.988863
0.326801
1
0.271509
0.00545328
0.00393015
0.00276055
0.00321145
0.0459419
0.413526
0.00267946
0.00682438
0.239077
0
0.00272788
0.00490333
0.0054841
0
0.00713212
0.00278545
0.0143668
0.0175478
0
0.00261511
0
0.00906207
0
0.047821
1.01416
0.0039285
1.03719
0.144845
0.245402
0.00297651
0.0187954
0.0244791
0.00683468
0.568768
0.00306553
0.0105475
0.00304881
0.00261443
0.0117049
0.00283747
0
0.0507973
0.00278545
0.00520076
0.0238033
0.0101595
1.00899
0.665961
0.00280408
0
0
0.00306943
0.00246211
0.00556525
0
0.00248111
1
0.00305398
0.011075
0.00335743
0.00404386
0.0023468
0.0731858
0.002852
0.00543679
0.0141626
0.0138037
0.0281945
0
0.00564745
0.0237788
0.0115029
0.00285457
0.00296036
0.157339
0.0143285
0
0.0110808
0.37357
0.985382
0.00268654
0.00246211
0
0.00246211
0
0.00287846
0
0.0054214
0
0.0661161
0.992047
0
0.00346305
0
0.00987421
0
0
0.0200205
0.0049279
0.00391351
0.00546039
0.0986563
0.00293377
0.00266536
0.0030448
0
0.0030217
0.0112029
0.00265705
0.00283118
0
1.0759
0.00640167
0.00834314
0.00355472
0.00288513
0.00620443
0.0117154
0.0177736
0.0116568
0.10912
0.00554173
0.00299135
0.00290593
0.157599
0.0562388
0
0.00262707
0
0.00250491
0
0
0.0383002
0.00246211
0
0.00822546
0.383831
1
0.00263386
0.00555424
0.00535021
0
0.00478333
0
0.00260552
0.00283747
0.0147526
0.00250491
0.0146803
0.0135008
0.310783
0.00259056
0.00265778
0.00296226
0.0294548
0
0.00265778
0.00856463
0.537708
0.564197
0.00247182
0.00261461
0.0086846
0.00839946
0.00516626
0.00273294
0.020388
0.00250491
0.00253733
0.0146881
0.00951499
0.00253733
0.00543869
0.0112238
0.0108783
0.00253733
0.61989
0.00976372
0.00524305
0.588603
0.159462
0.00521994
0.00250491
0.0255976
0.0054084
0.00554342
0.00281708
0.00409155
0.00732616
0.00241769
1
0.0211281
0.122686
0.0288322
0
0
0.00597587
0.00446081
0.0042562
1
0.0118961
0.012016
0
0.00293377
0.00302884
0.00488962
0.036482
0.00272484
0.00283643
0.0136242
0.0119889
0.00272484
0.00298869
0.00355413
0.00340605
0.00272484
0.0211938
0
0.00276186
0
0.00276186
0.00276186
0.00282114
0.00790433
0
0.0572699
0.0543808
0.00295753
0.00800289
0.0278762
0.002724
0.01733
0.00314752
0.00696905
0.00538881
0.0635903
0.00290226
0.067403
0.0199298
0.128646
0.819202
0.00271113
0.00500192
0.0329657
0.0123449
1.02046
0.00259981
0
0.00276186
0
0.00272003
0.0164201
0.00276186
0.00403019
0.00282114
0.00282114
0
0.00561288
0.111011
0.00345232
0.00276088
0.656673
0.999003
0.325285
0.00282268
1
0.00644146
0.00258416
0.0501134
0.00581934
0.00256415
0.107851
1
0.47959
0.0029662
0.0118612
0
0.00278392
0.646976
0.00611297
0
0.00276675
0.0027541
0.00592089
0.00330492
0.0188931
0.0046127
0.0271498
1
0.15971
0.00261598
0.00256945
0.0121013
0
0.00256945
0
0.178224
0
0.00261214
0.0880325
0.0029054
0.0142477
0.00228247
0.00743278
0.0052486
0.00290458
0.0720861
0.0164144
1
0.0169253
0
0.00344793
0.00286789
0.00270264
0.00266282
0.00303793
0.0256842
0.00513684
0.00279785
0.0110408
0.0140927
0.00630282
1.01394
1.00042
0.0231102
0.00279555
0.00263474
0.00250826
0.00250826
0.00259055
0.0036988
0.00742248
0.813069
0.00380576
0.00247416
0.00848189
0.0142679
0.00388777
0.0303381
0.0833838
0.00291061
0.00530081
0.023269
0.0225113
0.00883067
0.0172764
0.328897
0.0572757
0.983323
1
0.244604
0.00266043
0.0372848
1
0.0105159
0.00258225
0.0051024
0
0
0.00249638
0.038372
0.00397673
0.0137098
0.00260757
0
0.0641644
0.0195969
0.365175
0.943653
1
0.00410539
0.010558
0.0144992
0.0252702
0.00780504
0.00256945
0.00321052
0.00561199
0.00422831
0.00272144
0.00291173
0.00395316
0
0.00816431
0.00272144
0
0
0.00247416
0.0139275
0.070744
0.000651045
0.0129792
0.0163221
0.11323
0.0439008
0.00623489
0.0025846
0.00561199
0
0.00250826
0.013417
0.00262153
0.00326572
0.0158127
0
0.00542551
0.00294209
0.00320875
0.00585344
0.00283426
0.0025445
0.0572542
0
0.00261612
0.00277747
0.00737961
0.00559631
0.00250826
0.00543904
0.0107367
0
0.0369257
0
0.00583796
0.0301477
0.00263544
0.00280609
0.00257631
0.00514377
0.0988498
0.00921248
0.00514377
0.0103018
0.00278065
0.00455827
0
0.222312
0.00993678
0.861781
0.00263618
1
1.01407
0.0106109
0.0081967
0.0083042
0.0237242
0.0109023
0.00831437
0.00550597
0.00278378
0.00249431
0.00617925
0.00264001
0.00263259
0.00265221
0.0514686
0.00476106
0.00255145
0.00594579
0.0187073
1
0.0760815
0.00257291
0.00829808
0.00385192
0.00794986
0.00551065
0.0083215
0.0119768
0.00265996
0.997477
0.644474
0.00371532
0.0107497
0.00495198
0.00249431
0.00261947
0.0578339
0.014147
0.00325345
0
0.0297539
0.00266429
0.00848396
0.0111362
0.0342366
0.0046235
0.00302813
0.0111362
0.00299317
0
0.0357863
0.0117666
1
0.982983
0.00253234
0.00304149
0.0028595
0.0115336
0.99002
0.158034
0.0239762
0.00279459
0.00878016
0.00845739
0.0175603
0.00562212
0
0.00467769
0
0.00259553
1
0.0511129
0.00549494
0.00714999
0.0145982
0.0029687
0.039483
0.994056
0.0474075
0.00279459
0.00267593
0.00277039
0.010924
0.00274324
0.0178075
0
0
0.00973387
1.00238
0.00629104
0.0173436
1.00989
0.00279459
0.00273766
0.00279459
0.00290405
0.00284252
0.00260637
0.00592933
0.0465037
0.986894
0.714728
0.00762161
0.00814684
0.00291042
0.00729389
0.398945
0.00299143
0.0298717
0.00536501
0.171694
0.0630928
0.00300461
0.0112019
0.00523699
0.00284924
0.0123409
0.008636
0.0054293
0.00837641
0.00475064
0.0516955
0.00265474
0.00246665
0.00280265
0.00280265
0.00240358
0.00308604
0.0272559
0.0115489
0.00248353
0.00265474
0.0266115
0.0198993
0
0.00294602
0.0222398
0.00265474
0.00295684
0
0.00253367
0.268773
0.00292544
0.00292544
0.0113006
0.0025203
0.0081181
0.00254512
0.00290499
0.00315095
0.00532852
0.00247431
0.00833245
0.0210211
0.0139639
0.00254512
0.0111739
0.00592148
0.860261
0.0260654
0.090351
0.00564379
0.00808307
0.0495541
0.016774
0.00300012
0.00609682
0.00774948
0.0573856
0.00253367
0
0.0608789
0.00279661
0.0146571
0.0906991
0.016774
0.041799
0.00828407
0.00552302
0.986446
0.489067
0.00903588
0.00280401
0.00730553
0.00430093
0.015157
0.00259239
0.00295025
0.00372529
0.00259104
0.00409613
0
0
0.00295025
0
0.00799689
0.00293858
0.0082178
0.00333888
0.00836752
0.00637158
0.00549218
0.0192844
1.00829
0
0.0055229
0.993075
0.225639
0
0.00285296
0
0
0.0141721
0.0177905
0.00297168
0.00784699
0.00601402
0.0028993
0.00266115
0.763677
0.0133443
0.00533955
0.0118321
0.00279552
0.00862345
0.159454
0.984886
0
0.00266115
0.490471
0.00526836
0.00289501
0.00302303
0.00280265
0.00290499
0.010967
0.00552842
0.00271573
0.00330189
0.0055736
0.00290499
0
0
0.00614
0
0.0834008
0.00419285
1
0.00291773
0.002814
0.00314654
0.0346398
0
0.0029127
0
0
0.0330598
0.00558271
0.0191166
0
0.0261699
0.0321002
1.0096
0.514238
0.00290581
0.00503097
0.0137662
0.00296893
0.00300779
0.00286729
0.0113508
0.0168789
0.0658022
0.0030998
0.0239478
0.0289778
0
0.00441468
1.00822
0.00292166
0.00533977
0.00698074
0.0167943
0.0073088
0.0140666
0
1
0.524616
0.00260952
0.00290731
0.00284885
0.014147
0.0157278
0.0434129
0
0.403663
0.00261621
0.0148782
0.00271613
0
0.00261511
0.00545135
0.00840977
0.00312326
0
0.988863
0.326801
1
0.271509
0.00264903
0.00393015
0.00276055
0.00671527
0.0459419
0.330676
0
0.00682438
0.239077
0.00345207
0.00543095
0.00490333
0.00828416
0.009211
0.00713212
0
0.0172114
0.0265073
0.00995815
0.00261511
0
0.00906207
0.0027011
0.0548964
1.01416
0.0039285
1.03719
0.180971
0.245402
0
0.0292408
0.00745331
0.00683468
0.585662
0.00306553
0.00696258
0.00304881
0
0.0174496
0.00258526
0.00295402
0.0507973
0.00265474
0.00254866
0.0206837
0.0135644
1.00899
0.630565
0.00280408
0
0.00291567
0.00306943
0.00514837
0.00289521
0.00268626
0.00248111
1
0.00305398
0.011075
0.00335743
0.00404386
0.0023468
0.0715516
0.002852
0.0057226
0.0141626
0.0163751
0.00707542
0.00299445
0.00879764
0.0237788
0.00878959
0.00285457
0.00296036
0.139651
0.0220189
0
0.0110808
0.37357
0.985382
0
0.00246211
0.00268626
0.00246211
0.00268626
0.00287846
0.00387789
0.0054214
0
0.0661161
0.992047
0.0134313
0.00682087
0
0.00987421
0
0.00913152
0.0200205
0.0049279
0
0.00546039
0.0986563
0.00293377
0.00266536
0.0030448
0
0.0030217
0
0.00265705
0.00283118
0
1.0759
0
0.0111653
0.00355472
0.00574843
0.00307163
0.0117154
0.0177736
0.0117809
0.106243
0.00554173
0.00299135
0.00290593
0.157599
0.0562388
0
0.00262707
0
0.00250491
0
0
0.0383002
0.00246211
0
0.00822546
0.383831
1
0.00263386
0.00555424
0.00827154
0.00283747
0.00478333
0.0170692
0.00260552
0
0.0149026
0.00250491
0.014918
0.0135008
0.310783
0
0.00265778
0.00296226
0.0364138
0
0.00265778
0.00856463
0.537708
0.57825
0.00247182
0.00261461
0.0171901
0.00578825
0.00261461
0.00540952
0.0215566
0.00250491
0.00253733
0.0146881
0.00951499
0.00253733
0.00543869
0.00731932
0.0108783
0.00253733
0.61989
0.00976372
0.00265778
0.588603
0.149544
0.00521994
0.00250491
0.0255976
0.00281708
0.00271549
0.00281708
0
0
0.00241769
1
0.0211281
0.122686
0.0192276
0.0029083
0.0283747
0
0.00446081
0
1
0.0118961
0.0241784
0.00287058
0.00293377
0.00302884
0.00488962
0.036482
0.00272484
0.00283643
0.0136242
0.0119889
0.00272484
0.00298869
0.00355413
0.00340605
0.00272484
