0.0196286
0.669239
0.00551601
0.00531027
0.0130197
0.115421
0.0166535
0.00270092
0.536281
0.00272622
0.00811864
0.0248912
0.988146
0.00813741
0.161302
0.94129
0.0135722
0.00847012
0.124488
0.751731
0.00328172
0.00897679
0.0803474
0.00927654
0.00296477
0.00596138
0.0637164
0.153374
0.00533853
0.0139579
0.00265169
0.0340801
1.03826
1
0.07101
0.00777251
0.00817414
0.116196
0.716181
0.00300103
0.00300103
0.00263576
0.00542532
0.00553695
0.00746345
0.0027687
0.0901045
0.557702
0.0261221
0.00286369
0.00305307
0.00557701
0.487575
0.0125329
0.980677
0.951535
1
0.512161
0.00861921
0.204155
0.00545883
0.00300103
0.00269798
0.0294229
0.585165
0.0463321
0.00287373
0.00255426
0.0408752
0.0027276
0.0114522
0.245594
0.120637
0.00850481
0.0844092
0.0223367
0.0110476
0.403541
0.999029
0.15651
0.983285
1
0.0112048
0.00821689
0.391216
0.00712328
0.0536996
0.024986
0.0109306
0.112092
0.0027078
0.00257732
0.0313149
0.034351
0.611888
1
1
0.00300103
0.0322983
0.0180128
0.00264654
0.033396
0.00939869
0.0155466
0.00307407
0.00286215
0.0137117
0.00250632
0.00285515
0.0290017
0.0029126
0.0099664
0.00284737
0.0128582
0.00776554
0.00280006
0.00799235
0.00250632
0.00285515
0.0102404
0.0029642
0.00300214
0.00361018
0.00288814
0
0.00282679
1
0.00838013
0.0069755
0.0171687
0.0102404
0.00300214
0.00300103
0.0481241
0.0207107
0.00297694
0.0146077
0.0694935
0.0143438
0.00540154
0.00739161
0.00619683
0.774617
0.00698523
0.00298369
0.0194212
0.085421
0
0.0369875
0.00500172
0.025957
0.964041
0.0183558
0.169858
0.057908
0.578615
1
0.00267135
0.00958917
1
0.371521
1
0.00292685
0.0120566
1
0.821136
0.0283186
0.178238
0.00264852
0.515511
0.0820282
0.00283464
0.00291821
0.0579363
0.0195499
0.0214634
0.011026
0.00857716
0.0375823
0.00838832
0.00285209
0.0424035
0.0108191
0.00590006
0.77697
0.700794
0.00286316
0.00299165
0.00577685
0.00308865
0.00305334
0.00286383
0.020966
0.978278
0.00798837
0.00280536
0
1
0.00283592
0.00283592
0
0
0.0029517
0.00576205
0.163398
0.0120611
1.0137
0.00898691
0.00307338
0.0135722
0
0.0260918
0.00562704
0.00888052
0.0505742
0
0
0.00352205
0.00297928
0.0194796
0.0149627
0.0377339
0.339931
0.0353468
0.0144566
0.0148689
1
1
0.36286
0.0840827
0.00289384
0.056163
0.859255
1
0.00255063
0.00295196
0.00256459
0.00291197
0.00545389
0.00797351
0.0265458
0.00291197
0.0852562
0.0265249
1.08304
0.00587902
0.00586541
0.0597913
0.0204183
0.0266053
0.00295482
0.002731
0.0287989
0.00284563
0.00259401
0.0474531
0.0026585
0.0057138
0.0805397
0.0165076
0.849727
1.01638
1.03872
0.00264374
0.133356
0.955613
0.00870869
0.00382948
0.0026617
0.00270131
0.00968444
0.00294211
0.170165
0.00670159
0.384238
0.00301791
0.012609
0.00571585
0.00504962
0.00853526
0.46328
0.997098
0.00571585
0.847933
1
0.0297572
0.00501096
0.0373893
0.0050821
0.0251626
0.00259054
0.998669
0.00255466
0.00542693
0
0.00255466
0.00538261
0.00696726
0.00277374
0.0143823
0.168854
0.00520177
0.00743476
0.00239482
0.0128943
0.0024912
0
0.476058
0.984661
0.00513512
0.0395135
0.973787
0.00458996
0.00586309
0.109348
0.00730672
0.621563
0.00258046
0.00266637
0.00258046
0.00271858
0.00860152
0.0830883
0
0.00241185
0.00382948
0.00308569
0.25524
0
1
0.00291197
0.00290621
0.00970657
0.00415996
0.329564
0.00302343
0.00290694
0.00917547
0.0048449
1.01191
0.36818
0.69938
1
0.457771
1
0.0208394
