0.0303428
1.03454
0.00133377
0.00381667
0.00595458
0.0930261
0.0061907
0.00415564
0.00201975
0.773887
0.00142033
0.00142451
0.00543534
0.000769377
0.000783993
0.000738413
0.00276776
0.00270692
0.000731412
0.000664304
0.00139751
0.169241
0.250006
0.00253555
0.00360175
0.0152013
0.00151328
0.00282667
0.00343048
0.0139093
0.00143923
0.242065
0.115838
0.0169969
0.153816
0.00977457
0.0549457
0.0869759
0.0143426
0.0521611
0.00153801
0.00984529
0.00509392
0.263721
0.00486377
0.00154914
0.0244491
0.91176
0.884666
0.121444
0.0371077
0.0201552
0.000675415
0.00695182
0.479565
0.179298
0.00474428
0.00414954
0.000682829
0.0311533
0.0505627
0.0199435
0.0422044
0.00419509
0.153919
0.390069
0.0611091
0.740187
0.182993
0.00070548
0.000736833
0.00117061
0.0627034
0.0698704
0.0092862
0.0171405
0.0306872
0.0102046
0.0700482
0.190272
1
0.0123836
0.77778
0.0221998
0.0170788
0.0228403
0.0330185
0.00160023
0.0485682
0.000779713
0.00186011
0.0398319
0.00376868
0.0281037
0.482325
0.000754434
0.29548
0.297095
0.505747
0.0329003
0.0374107
0.00429514
0.0118444
0.00203893
0.00541192
0.00943552
0.00280244
0.00131212
0.00269703
0.375287
0.196218
0.00274178
0.0135239
0.00263862
0.00213541
0.0637584
0.00147475
0.2256
0.00137035
0.0013271
0.00332593
0.00130661
0.00264975
0.0208147
0.00143424
0.430135
0.00786702
0.0111569
0.00508322
0.00626873
0.0316791
0.00407294
0.00424771
0.0125676
0.340631
0.00275096
0.0924802
0.0337029
0.00181829
0.129189
0.023338
0.0397683
0.0240393
0.0703006
0.0310968
0.547238
0.0156535
0.00900626
0.0296237
0.0015627
0.000753575
0.00180125
0.0135988
0.015701
0.348012
1.00518
0.20949
0.0200998
0.0277575
0.0681472
0.00512248
0.0400026
0.166686
0.00515728
0.0183648
0.115259
0.00818696
0.0529143
0.538988
0.458356
0.169544
0.121371
0.00262091
0.0129767
0.00136537
0.00414753
0.270903
0.00427159
0.00137976
0.0241433
0.0119033
0.0245134
0.0043166
0.0692907
1.03318
0.0414603
0.362435
0.0217373
0.165427
0.0219984
0.0269271
0.0721404
0.536227
0.0216167
0.00145092
0.0398667
0.000693173
0.463378
0.0491529
0.209686
0.231419
0.0891677
0.640144
0.0126608
