0.0059878
0.00781956
0.0318621
0.0257202
0.0337522
0.00215489
0.0426695
0.131205
0.0401177
0.00229195
0.0717532
0.0832633
0.0435645
0.0042544
0.0757043
0.0728514
0.0559627
0.0042544
0.0757043
0.0543417
0.0559627
0.0042544
0.079618
0.0492107
0.0589406
0.0042544
0.0022491
0.079618
0.200097
0.0589406
0.0042544
0.0022491
0.079618
0.200097
0.00606859
0.00752131
0.160382
0.160382
0.101393
0.0142981
0.0500978
0.00528517
0.00457009
0.196166
0.00350994
0.112384
0.00233127
0.00457009
0.266125
0.00350994
0.0987769
0.00233127
0.00457009
0.266125
0.00350994
0.0987769
0.00233127
0.00457009
0.266125
0.00350994
0.0987769
0.00233127
0.00457009
0.266125
0.00350994
0.0317733
0.00233127
0.00521967
0.00376321
0.0441572
0.00233127
0.029677
0.00345557
0.0338413
0.0607257
0.0157935
0.0106779
0.233195
0.0480159
0.0157935
0.015081
0.0106779
0.233651
0.0380292
0.0157935
0.00780721
0.015081
0.0106779
0.238281
0.0380292
0.0157935
0.00780721
0.015081
0.0106779
0.238281
0.0380292
0.0157935
0.00780721
0.015081
0.0106779
0.238281
0.0380292
0.0157935
0.00780721
0.015081
0.0106779
0.238281
0.0380292
0.0157935
0.00780721
0.015081
0.0106779
0.44198
0.0315899
0.0067626
0.0208627
0.00780721
0.015081
0.447014
0.0191387
0.0130764
0.00798338
0.322894
0.0130764
0.21371
0.13376
0.00415695
0.00716021
0.0133139
0.00376785
0.00716021
0.00376785
0.0133375
