0.00367145
0.00423287
0.00483612
0.0321994
0.00639084
0.0041402
0.0407336
0.033688
0.00483612
0.0283623
0.0407678
0.0161909
0.0448874
0.0805074
0.00483612
0.0382857
0.0107467
0.0679248
0.00784703
0.0644898
0.0531548
0.00483612
0.0382857
0.0107467
0.0810865
0.0766364
0.0407801
0.00483612
0.0382857
0.0107467
0.0810865
0.0766364
0.0443394
0.00483612
0.0382857
0.0107467
0.0886141
0.0806188
0.0401211
0.00483612
0.030635
0.00700611
0.0955357
0.0887735
0.398511
0.00483612
0.0311246
0.00700611
0.102448
0.0847242
0.398511
0.0154544
0.0202215
0.00787133
0.00551289
0.377931
0.370193
0.271775
0.0232548
0.0074267
0.0506191
0.00392107
0.0038384
0.00812054
0.0227489
0.166959
0.0074267
0.0469417
0.00392107
0.0038384
0.151576
0.0241303
0.0379347
0.174304
0
0.0074267
0.0469417
0.00392107
0.0038384
0.123998
0.0241303
0.0041457
0.0454336
0.00599457
0.155
0.0074267
0.0359032
0.00392107
0.0038384
0.124054
0
0.0194317
0.00685893
0.0648309
0.142531
0.00859084
0.0112051
0.0277424
0.00701558
0.150521
0.00508975
0.0116137
0
0.0140058
0.0534354
0.00634275
0.134056
0.00744487
0.0402313
0.114684
0.0439275
0.00826126
0.0116137
0.00639147
0.0227987
0.011687
0.00744487
0.0402313
0.228196
0.0037291
0.0298877
0.0618889
0.0074877
0.0136344
0.133068
0.147883
0.0128337
0.0238322
0.0459399
0.236815
0.126831
0.0560148
0.00650847
0.254718
0.113841
0.0560148
0.00650847
0.265765
0.0999821
0.0599318
0.277551
0.0999821
0.0599318
0.277551
0.0926468
0.00642785
0.0599318
0.0269333
0.254012
0.0799976
0.0175121
0.0680401
0.0402515
0.75936
0.0531497
0.0410385
0.0716704
0.0469279
0.748175
0.0198488
0.0466933
0.0275259
0.668082
0.58077
0.106569
0.0208725
0.059816
0.0124019
