0.00305202
0.00349211
0.00287425
0.0145505
0.00291009
0.00299542
1
0.00610632
0.0134433
0.0194451
0.029127
0.00582541
0.0117527
1.02702
0.00262049
0.00274459
0.00277946
0.0197332
0.00374356
0.00556151
0.111293
0.0112307
0.962148
1
0.404351
0.0199274
0.00267095
0.0163031
0.0193546
0.00857069
0.0714294
0.0190478
0.0373314
1.01293
1.04722
1.00918
0.330998
0.0114469
0.00272274
0
0.00263018
0.00266087
0.00864194
0.00643265
0.0584526
1.06576
0.254298
1
0.227604
0.00246109
0.00615272
0.00276736
0.00250198
0.00246109
0.00256666
0.00246109
0.00256593
0.00246109
0.00246109
0.0105475
0.0123554
0.00615822
0.00253689
0.0114144
0.0102306
0.00310679
0.0194787
0.00542083
0.0174862
0.0477454
0.0201941
0.0301478
1
0.209659
0.00265882
0.0313711
0.020632
0.00324905
0.0295122
0.00308235
0.00291034
0
0.0111371
0.0406254
0.027211
0.276007
0.0740169
1.00198
1.05486
0.00266271
0.00464118
0.011165
0.0164819
0.00266121
0.00270534
0.00275147
0.00260516
0.0263693
0.0265306
0.0139291
0.0294885
0.022285
0.0334073
0.0109691
0.00266196
0.0161176
0.0134808
0.00781979
0.0268266
0.013371
0.0200565
0.0165489
0.0158391
0.0268266
0.0274134
0.0139857
0.0678068
0.0134505
0.0527386
0.0158216
0.0275371
0.04457
0.00483879
0.0196419
0.0158216
0.0226023
0.0139857
0.0185795
0.00276433
0.00260516
0.00260516
0.00287898
0.0374892
0.00851384
0.00266196
0.00260516
0.024321
0.0327034
0.0218672
0.250394
0.0133098
0.218007
0.304678
0.996317
0.996768
0.0236926
0.00459695
0.0432264
0.0236793
0.00520891
0.0246292
0.00272872
0.00289561
0.00502875
0
0.0113316
0.0715305
0.010468
0.00752465
0.0338538
0.0150154
0.0249689
0.00752465
0.0247931
0.0312106
0.0238435
0.0101341
0.00264318
0.0100103
0.0100381
0.00283739
0.0921521
0.0108866
0
0.00253106
0.0104827
0.0241385
0.0249338
0.0226535
0.0142852
0.0197274
0.010662
0.00266381
0.0245345
0.0126318
0.0126318
0.0252333
0.031289
0.010375
0.0126318
0.00782431
0.0273909
0.0270735
0.0228834
0.0734628
0.0767553
0.271287
0.185772
1
1.01307
0.0160504
0.0160549
0.0295713
0.0203901
0.0222003
0.0160594
0.0216856
0.00304079
0.00543736
0.00823575
0.00785334
0.0102435
0.00798212
0.00680246
0.0148542
0.00275704
0.0105057
0.00785334
0.0105057
0.060729
0.00823117
0.00266544
0.00402701
0.00757115
0.0336572
0.00296087
0.00759808
0.0321807
0
0.00302497
0.0214923
0.0163045
0.0037433
0.0163045
0.00299741
0.0192119
0.0493726
0.0358676
0.0357182
0.0397735
0.165209
1
0.00537
0.00271914
0.0043019
0.00920399
0.0469472
0.0248705
0.00537303
0.00578446
0.0213026
0.00275059
0.0204338
0.00265238
0.00277825
0.00403005
0.0026843
0.00277386
0.00263875
0.00965114
0
0
0.00249667
0.0344265
0.0266191
0.00595576
0.00372893
0.0102761
0.00937182
0.0266191
0.0221135
0.00589579
0.0367808
0.0186485
0.00499778
0.00801255
0.014502
0.00513678
0.00513533
0.00293372
0.0297466
0.00247328
0
0.0128626
0.00278705
0.00877472
0.0123296
0.00592482
0.0084009
0.0095534
0.00288551
0.0030152
0.00513533
0
0.00129685
0.00832098
0.0181305
0.00810842
0.0054043
0.00543299
0.052029
0.0297466
1.00094
0.00406655
0.00283373
0.0115092
0.00293561
0
0.0078269
0
0
0.0118222
0.0154062
0
0.945633
1.0102
0.00823386
0.0163194
0.00766257
0
0.0299745
0
0.00814557
0.0176414
0
0.0054772
0.01363
0
0
0.0166758
0.00295241
0.0257473
0.00289985
0
0
0.0411442
0.0207342
0.286519
0.950706
0.00250762
0.00250833
0.00377396
0.00851198
0.00669056
0.0165161
0.0025564
0.00250904
0.00787399
0.0928553
0.00268483
0
0
0.00698177
0.0118196
0.00529268
0.00285607
0.985077
0.179479
0.00284411
0
0.00287509
0.00324214
0.00263942
0.107172
0
0.0262116
0
0.0329136
0.00544538
0
0.00279867
0.00250833
0.00250833
0.0285824
0.0200543
0.0195405
0.00250833
0
0.00258545
0.00580204
0.028636
0.0465885
0.210532
0.978243
0.0026131
0.00291158
0.00299869
0.0047267
0.0338318
0.00268407
0.00265369
0.0029124
0.00299358
0.00352436
0.0962119
0.00865783
0
0.00499405
0.00289147
0.0311978
0.00268161
0.903661
0.0553437
0.0194888
0.0030308
0.0176727
0.00876757
0.0111213
0.0419231
0.00261384
0.052218
0.0684018
0.0792401
0
0.00530639
0.00272872
0.0224404
0.0047767
0.0369668
0.00370783
0.00588942
0.0209025
0.0977554
0.226678
0.00282011
0.00256742
0.0108208
0.0148237
0.0278714
0.00285245
0.0028217
0.00544219
0.0159749
0.0044353
0.00267519
0.0364473
0.00389384
0.0238594
0.00249583
0.00274617
0.00358196
0.00577981
0.00249583
0.00274617
0.0102981
0.00718562
0.024297
0.0215843
0.00831134
0.0137671
0.793683
0.129427
0.0199134
0.00683553
0.0166848
0
0.0187843
0.00547255
0.0223523
0
0.00273805
0.00433963
0.0163452
0
0
0.00466118
0
0
0.00282091
0.0104909
0.0145712
0.00261552
0.0364726
0.0165341
0
0.015683
0.00268483
0.00293725
0.100041
0.0947629
0.59177
0.0213793
0.00291021
0.0263975
0.0080216
0.0314608
0.0149752
0.00814721
0.0240761
0.0213914
0.00539483
0.023738
0.0864142
0.00251334
0.0025913
0.00667852
0.00291158
0.0052299
0
0.00262309
0
0.00853416
0.0052299
0.00684218
0.00282768
0.0319694
0.0603474
0.0111791
0.0111425
0.927465
0.137726
0.0027211
0.0027211
0.0178123
0.00268205
0.0028826
0.00285133
0
0.0027211
0
0.010752
0.0175124
0.00651648
0
0
0
0.00298949
0.0220123
0.00434432
0.0228256
0
0.00557556
0.011129
0.0117742
0
0.023909
0.026357
0.0195848
0.00309929
0.02337
0.0106217
0.030117
0.00519099
0.02673
1
0.00257546
0.00310291
0.0697738
0.143801
1.01208
0.0416876
0.00249068
0.151023
0.00248402
0
0
0.00827586
0.00269454
0.0109467
0.00258228
0.511374
0.00301633
0.00859022
0.0027211
0.0561805
0.00260659
0.0027636
0.0243945
0.267402
0.00267813
0.00260659
0.00833228
0
0
0.0224717
0.00248402
0.00268483
0.00248402
0.00261237
0.00519253
0.0315765
0.0349886
0.0446353
0.00280634
0
0.00258221
0.00248402
0.0032918
0.89867
0.00289377
0.124243
0.0317391
0.00251404
0.0317481
0.00768757
0.0625002
0.00672697
0.00251263
0.0316938
0.031757
0.0346799
0.00448464
0
0.00691536
0.0865001
0.00909573
0.00273898
0
0.00571732
0
0.00551152
0.00857574
0.00995473
0.085407
0.00865481
0
0.026628
0
0.00536983
0
0.0277776
0.00280757
0.00307298
0.00578816
0
0.00293609
0
0.0317481
0.0375114
0
0.00283777
0.595985
0.0360538
0.0317481
0.570334
0.0027629
0.0639483
0.0370715
0
0.00592654
0.00298812
0.00939414
0.00366822
0
0
0.00271036
0.00310193
0
0.00308295
0.00572322
0.00380717
0.00271524
0.00265459
0.00288508
0.00389565
0.00521755
0.0232197
0.00272428
0.0028795
0.00278851
0.00266325
0.00278851
0
0.00278851
0.00270844
0
0.00288753
1
0
0.00291056
0.00389903
0.00269079
0.00272155
0
0
0.0398385
0
0.00291731
0
0.0115064
0.00268131
0
0.00298314
0
0
0.00893694
0
0
0.00278296
0.00598561
0.00268483
0.00384957
0
0
0.00669988
0.00292319
0
0
0.00261902
0.00402724
0.00797859
0.0149739
0.00265921
0.00272286
0.0212182
0.00294165
0.00270985
0.00248822
0
0.00298885
0.00805449
0
0.0052839
0
0.00281145
0
0.00580252
0.00302871
0
0
0.00279641
0
0.00251334
0.00268864
0
0.00261892
0
0.00275868
0
0.00256638
0.00304228
0
0
0.00271615
0.00265459
0.00265459
0.00298021
0
0.00265459
0.00455966
0.00273931
0.00289653
0.00694541
0
0.00284838
0
0.00260284
0.00846047
0
0
0
0
0
0
0
0
0.00256775
0
0.00271524
0.00262404
0
0.00281442
0
0.00299467
0.00668431
0
0
0.00769451
0.00390609
0
0
0
0
0
0
0.00278713
0.0111481
0
0.00302311
0.00268483
0.00290427
0.00274755
0.0517926
0.002523
0
0
0.00261389
0
0.00536507
0
0
0
0
0.0199072
0
0
0.00248822
0.00417439
0.008984
0.0191568
0
0.00274193
0
0
0
0
0
0.00626058
0.00526937
0.00891845
0
0.00585831
0.00277628
0
0.00265459
0.00307835
0.00254662
0.00293037
0
0.861274
0
0.00281444
0
0
0.00404925
0
0.002523
0.00295791
0.0026947
0
0.00281824
0.00265459
0.00307099
0.00299272
0
0
0.00285397
0.00283942
0.00292734
0.0081747
0.00967948
0.00280133
0.00292734
0.00282818
0.0057806
0.00293037
0.00293037
0.0181761
0.00570463
0.00293037
0.0168866
0.00293037
0.00307974
0
0
0
0.0163751
0.00567252
0.00293037
0.00269454
0.00556327
0
0.00575107
0
0.00355414
0
0
0.00293037
0
0.00293037
0.0113702
0.00834399
0.00535633
0.0275363
1.11564
0.00299272
0
0
1.04132
0.725167
0.00252225
0.00288312
0.00582759
0.00271524
0.00270166
0.00626833
0.00270709
0.00285759
0.0111252
0.00277698
0.0027579
0
0.00270093
0.00267225
0.0027579
0
0.0131697
0.00252408
0.00292734
0
0.0028284
0.00277533
0.00545448
0.00252408
0.00516589
0.0025911
0
0.0340948
0.00268292
0
0.00280016
0.00371705
0.00996197
0.00262845
0.00268292
0.00268292
0.0034727
0.0100609
0.00592109
0
0
0.0056049
0.00864854
0
0
0.0200031
0.0168756
0.0149284
0.0498738
0.666366
0
0.977187
0.303102
0.00769179
0.00262057
0.00278703
0.00543203
0
0.00279576
0.00266071
0
0.00280865
0.00266071
0
0.00542996
0.00260378
0.00256693
0.021955
0.00545164
0.00571689
0.00266071
0.0024913
0.00306631
0.00829408
0.00533258
0.0231236
0.00551969
0.00266071
0.00355461
0.0114477
0.00897165
0.00273134
0.00247839
0.00522713
0.00266071
0
0
0.0407086
0.00545247
0.0106217
0.00536306
0.00266071
0.00278477
0
0
0.00588493
0.0221956
0
0.00265679
0
0.00264476
0.00299499
0.00377907
0.00845386
0.00571156
0.0305688
0
0.00266071
0.00277132
0.0156602
0.00277132
0
0.0227459
0.0288919
0.0724916
0.0222682
0.770214
0.996181
0.00274497
0.00275182
0.010017
0.00536168
1.05411
0.306583
0.0025135
0
0
0.0146606
0.0310307
0
0.00251421
0
0.00554553
0
0.0052375
0.005292
0.00251492
0
0.033793
0.00716869
0
0.0101163
0.00267187
0.0110846
0.00251421
0.00272503
0.00254005
0
0.00847688
0
0
0
0
0.0300626
0.00273168
0
0.00363558
0.00832808
0
0
0
0
0.0199833
0.0113083
0
0
0
0
0.0105625
0.00284112
0.00762589
0.00813029
0.0318902
0
0
0
0
0
0.00575241
0.00283845
0.00260151
0.00286821
0.0268858
0.0541697
0.00299807
0.00280102
0.00809614
0.0116367
0
0.00539891
0.00272593
0
0
0.00538912
0.00526791
0.0269256
0.0459622
0.00283841
0.00259984
0.00281824
0
0.0110683
0.00388925
0.00835471
0.00276946
0.0102318
0.0120544
0.0027505
0
0.00272328
0.00444986
0.0221207
0.0391188
0.0737578
0.0312991
0.992522
1
0
0.00283898
0.0117234
0
0.98079
0.644938
1.00674
0.00571248
0.00266146
0.00943271
0
0.00560356
0.00267187
0
0.00554076
0.0027485
0.00297903
0.0133835
0.00571571
0.00459628
0.00522637
0.00528999
0.0187799
0.00259569
0
0.00294008
0
0.00276252
0.0107523
0.00266071
0.00669648
0.0109074
0.00273527
0.0056279
0.00281066
0
0.00252572
0
0.00279356
0.002982
0.0028234
0.00578283
0.00266071
0.0056279
0.00528104
0
0
0.00827498
0.00795906
0.00556573
0.00280204
0.00252408
0.00264881
0.00414744
0
0.00543976
0.0240677
0.12358
0.0138122
0.0253247
0.00516236
0.00822018
0
0.0025386
0
0
0.00283589
0.0083658
0
0
0.00287539
0.00547143
0.00812836
0
0.030299
0.0200832
0.00276873
0
0.0325089
0
0
0.00281066
0
0
0
0.0190384
0.0143703
0.00283824
0.0204785
0.0169518
0.0140919
0
0.0129453
0
0
0.0168931
0.0079807
0.0163203
0.176762
0.0138694
0.00890279
0.0546482
0.0265261
0.0027325
0.00534419
0.00272919
0.00578226
0
0.00336818
0.0733335
0.0722856
0.320347
0.0842581
1.01008
1
0.652779
0.00278545
0.0456079
0.00800868
1
0.956775
0.535074
0.978797
0.00269688
0
0.0407069
0.0179637
0.00832144
0.0113349
0.0999588
0
0
0
0.0026984
0.0197885
0.0110955
0.00496546
0.0535945
0.00258564
0
0.00275896
0
0.00526295
0.00858458
0.00823704
0
0
0.00270359
0.00259569
0.0392691
0.00384506
0
0
0.00858458
0
0
0.00259371
0
0.00273084
0.0164711
0.0025831
0.00564694
0
0.00287234
0.0049049
0
0
0.0112197
0
0.0161221
0.00540103
0.0827365
0.0209848
0.0165782
0
0
0.00546605
0.00338309
0.00958018
0
0.159446
0.00544478
0.00291491
0
0.00287381
0.00266409
0.00521973
0.00359043
0.00592554
0.0217795
0.0295375
0.0117867
0
0.00254327
0.00526999
0.00424426
0.00271805
0
0.00288189
0
0.00260559
0.00676498
0.00788288
0.0272452
0.016981
0.00416317
0.0449147
0.0102526
0.00569886
0.00514691
0.005465
0.00259569
0.0137895
0.00586263
0.0698792
0.0174987
0.0619491
0.00826512
0.00561582
0.0405579
0.0195786
0.00255826
0.00253918
0.00281066
0.0081094
0.00265433
0.0083323
0.118419
0.0232763
0.037242
0.0872005
0.0454736
1.0093
0.22958
0.0120653
0.0105949
0
0.752622
0.961627
1.03839
0.00282794
0.00273938
0.0265257
0.0168868
0.0137018
0.0113326
0.0135811
0.00530892
0
0.0029194
0.00282874
0
0.0159829
0.00562281
0.00825353
0.00792041
0.0195619
0.00280421
0.00566047
0.0112581
0.00272328
0
0
0.00795466
0.00286219
0.00248391
0.00561089
0.00271554
0.00293943
0
0.0029022
0.0105565
0.0110399
0.00294375
0.00271554
0
0
0
0
0.0027961
0.0109395
0.0027509
0
0
0.00285108
0.0106915
0.00270843
0.0225491
0.00574325
0.00832378
0.0110765
0.00264059
0.00535769
0.00285108
0.00388783
0
0
0
0.00543167
0.00504584
0
0.0227594
0.12622
0.025792
0.00278654
0.0055402
0
0.00259228
0.00455118
0.00566794
0.00262642
0.00627824
0.00638487
0.0138901
0.0512889
0.00831681
0.00294458
0.00552406
0
0.0056132
0.00258378
0.00542614
0.014341
0.0201135
0.0197116
0.0802528
0.00280239
0.00504704
0.00278847
0
0.00822082
0.00543328
0.00267012
0.0449504
0.0429554
0.0329785
0.012951
0.401579
0.137812
0.00291027
0.0320943
0.00534814
0.937559
0.00569253
0.00523725
0.0376656
0.0839421
0.0603726
0.0222711
0.0168701
0.00854202
0.00247915
0.0114603
0.00552482
0.00296106
0.00513023
0.0239576
0.0112651
0.0127591
0.067574
0.0163891
0
0.00867596
0.00282874
0.0051393
0.00555884
0.0028551
0
0.0028536
0.00296106
0.00246056
0.00994728
0.0027485
0.00246056
0.00307406
0
0.0440594
0
0.00875475
0.00305815
0.00842102
0
0.00293943
0.00247954
0.0027485
0.00265944
0.00853137
0.0403323
0.00778089
0.0107092
0
0.00529471
0
0
0.00320414
0
0.00575156
0.011038
0.0105541
0
0.0111488
0.0132795
0.00646222
0.00252408
0.00287234
0.00532029
0.00692829
0
0
0.0105337
0.00524665
0.00239182
0.00296082
0.00386475
0.0504016
0.00573266
0.0238285
0.0435705
0.0144599
0.00528117
0.00547967
0.00807257
0.00270141
0.00270096
0.00715452
0.00586663
0.0168534
0.0211757
0.0076848
0.00538754
0.00543223
0.0722595
0.0077258
0.011346
0.00546313
0.0110658
0.0077904
0.00304795
0.0166725
0.0136162
0.0247863
0.011464
0.00311753
0.024838
0.0468678
0.00540114
0.0049047
0.0135773
0
0.0113936
0.0278686
0.0358487
0.0328379
0.0342657
0.059646
0.0355979
0.400309
0.438955
0.00293667
0.0116584
0.0163775
0.972987
0.00537503
0.00255791
0.0160169
0.003113
0.00725817
0.0798639
0.0644976
0.0137726
0.00275566
0.00289565
0
0.00558717
0.00833833
0.0107002
0.0057637
0.0585715
0.00519445
0.00548376
0.00590081
0.00820509
0.00284135
0
0.0264806
0.0170629
0.0132003
0
0.00247038
0.0106247
0.00269931
0
0.0112203
0.00527376
0.00275653
0.00278694
0.00543096
0.00287381
0.00257797
0.0133227
0
0.0111271
0.00781615
0.00847578
0
0
0.00524268
0.0106909
0.00290798
0
0.0163919
0.00254964
0
0.00401703
0.00706257
0
0.0109467
0.00526989
0.0131899
0.00828156
0.00240836
0
0.0136608
0.0139206
0
0
0
0
0.00264853
0
0.00281934
0
0.0304065
0
0.0253919
0.0214353
0.00550809
0.0079907
0.0026222
0
0
0
0
0.0142216
0.0300869
0.0131416
0.00858507
0.0167912
0.0511413
0.013276
0.00276769
0.00657816
0
0.00576957
0.0270028
0.00281573
0.00285889
0.00424311
0.0114058
0.0223244
0.00352896
0.018718
0
0.0113644
0
0
0.00265261
0.00865435
0.00249898
0.00845419
0.00519856
0.0485094
0.00398134
0.412823
0
0.00853433
0.976917
0.0029727
0
0
0.0215292
0.0136935
0.00879144
0.00296106
0.00558101
0
0
0.00785224
0.0086268
0.0110591
0.0290171
0.00776355
0
0.005312
0.00254327
0.00265666
0.00526889
0
0.00297057
0
0.00269765
0
0.00543941
0.0155516
0.01445
0
0
0
0
0
0.00826669
0
0.0157313
0.00292257
0.00295762
0.00256267
0
0
0.0027485
0.00551475
0.00250625
0.00904096
0.00346471
0.0130985
0
0.0080892
0.00288672
0.00517975
0
0
0.00545782
0.00294776
0.00278622
0.0036186
0.00286199
0.0283488
0.00462211
0
0.00264325
0.00262458
0.00286287
0.00285751
0.00900658
0
0.00573025
0.0307223
0.0173531
0.00258515
0.0046967
0.00555809
0.0028374
0
0.00776764
0
0
0.00285689
0.011474
0.0122422
0.0168045
0.0630878
0.00275003
0.00540695
0.00268942
0.00281305
0.00314635
0.00555936
0
0.00261046
0.0138081
0.0525724
0
0.00261279
0.0080695
0
0.00293677
0
0.00529792
0.0115902
0.0725003
0.00550229
0
0.00267113
0.500548
0.00506528
0.0052468
0.0283503
0.0493081
0.011226
0.00277139
0.01344
0.00287986
0.00254327
0.00267212
0.0189834
0.0134991
0.079706
0.00833082
0.00816932
0.00275572
0.00279544
0.00510921
0.0133916
0.00295737
0
0.00259706
0.00521828
0
0.00885184
0
0
0
0.00530899
0.00855621
0.0028296
0.00255147
0.00796899
0.00529821
0.00556273
0.00787991
0.00522568
0.00545543
0
0.0286967
0.00574744
0
0.013682
0.00275003
0.00510859
0
0.0107453
0
0
0.00550642
0
0.735376
0.00287797
0.0109351
0.0104904
0.00284376
0.00555971
0
0
0.00542009
0.0192902
0.0149914
0.00261819
0.0136809
0.00543356
0.0026549
0.00278622
0.0149732
0.0111566
0.00590995
0.0129317
0.013723
0.00272622
0.130898
0.00547565
0
0.00514724
0.0111483
0.01768
0.0307317
0
0.0115255
0.0110071
0.0176953
0.00273492
0.00748355
0.0110825
0.00514724
0
0.0326452
0
0.00568588
0.007176
0.00541009
0.0254436
0
0.402731
0.00461831
0
0
0.00534146
0.0206822
0.00862308
0.00248012
0
0.00277177
0.0026133
0.00277255
0.00358431
0.0222838
0.00252918
0.00775394
0
0.00254327
0
0.0026994
0
0.00538861
0.00561968
0.00276972
0.00271429
0.00241634
0.00269765
0.00281805
0.0134431
0.00283415
0.0105535
0.00576867
0
0.00276972
0.00249178
0
0.00268649
0.00277817
0.00273071
0.0109121
0.00283651
0
0.00563038
0.00252408
0.0055726
0
0.00770876
0.00553345
0.00362864
0.0917819
0.00826577
0
0.0402405
0.00531799
0.0028127
0.00527258
0.0694433
0.00863027
0.0025113
0.0113436
0.00277817
0
0.00262973
0.00270887
0
1.02542
0.980698
1.00317
0.15143
0.00526355
0.0103644
0.0054858
0.00512082
0
0.0228223
0.056395
0.0190037
0.0315217
0
0.00802211
0.0132799
0.0134609
0.00277177
0.00494781
0.0287815
0.0108647
0.0222594
0.0163027
0.00554163
0.2688
0.00276972
0.005176
0
0.00277177
0.0432014
0.0166386
0.00889035
0.00580847
0.0106551
0.0106537
0
0.00847852
0.00593881
0.00261889
0.0184671
0
0.00285016
0.0129923
0
0.0230903
0
0.613219
0.00410429
0.0028593
0.00550955
0.0243095
0
0.00261645
0.00790713
0.00373813
0.00261645
0
0
0.00829564
0.0166303
0
0.0242639
0.00261645
0
0
0
0.00535872
0.00268662
0.00267012
0.00249178
0.00269148
0
0.00296095
0.0059086
0.00274393
0.00275797
0.00267505
0
0.00800597
0
0.0106638
0
0
0.00818163
0.00249857
0.00288276
0.00528268
0
0
0.115526
0.00281802
0.00509615
0.0375634
0.00259499
0
0.00232374
0.00261378
0.00257797
0.00424183
0.00260877
0.558475
0.473895
0.365946
0.00255003
0
0.00497869
0.00544313
0.00254722
0
0.0175495
0.0548276
0.00715077
0.0110228
0.00807443
0.005222
0
0.00380209
0.00500134
0.00708468
0.011184
0.0182471
0.00842695
0.00548215
0.0809611
0.00265278
0.00274146
0
0.0190397
0.022881
0
0.00403767
0.00267752
0.00972106
0.00783778
0.00310522
0
0.0220008
0.00912236
0
0.00395852
0
0.00369575
0.00981168
0.00783778
0.531514
0.00264431
0.00811821
0.00261578
0.0131029
0.0030587
0.002873
0
0.00276951
0.007734
0.0255512
0.00728003
0
0.00302789
0
0.00263986
0
0.00753163
0.00495416
0
0.00558573
0
0
0.00264506
0.00274227
0.00495416
0
0
0.0055174
0.00259482
0.00834541
0.0135754
0.00259758
0.00522766
0.00521577
0.00401151
0.0905554
0
0
0.00286219
0.0463634
0.0137406
0.00247915
0.00258371
0
0.00269369
0.0187653
0
0.55789
0.0737805
0.371753
0.0027849
0.00796151
0
0.00257445
0.0203532
0.0502119
0.0166942
0.0281259
0.00587467
0.00518833
0.00525535
0
0.0109924
0.0055747
0.00315584
0.0112073
0
0.0680232
0.00547109
0.00264506
0.00265261
0.0204144
0.00445055
0.00301914
0.0144374
0.00264506
0
0.00887504
0
0.00776064
0.00533987
0.0148053
0.356976
0.00573438
0
0
0.00520051
0.00261105
0
0.00265433
0
0.00266316
0.00286219
0.00857472
0.021814
0.00594345
0.00286219
0
0.00255074
0.00255841
0
0.00266391
0
0.00555096
0.00265433
0.00555293
0.00278049
0
0.00286084
0.00267505
0.00269605
0.00516869
0.00294469
0.00269369
0.00294469
0
0.32216
0.00293451
0.00830822
0.00893484
0.00573198
0.0395049
0.00516869
0.00294469
0
0.057194
0.0030432
0.359268
0.833566
0.265443
0
0.00280414
0.00561304
0.00736172
0
0.0633387
0.0192817
0
0
0
0
0.00493492
0.0168345
0.0311142
0.0112024
0.0861625
0
0.00513823
0.0766731
0
0.00433121
0.00290668
0.00294854
0.00513823
0
0.0027705
0.0216033
0.0201016
0.0027028
0
0.00269605
0
0.0024839
0.934883
0
0.00685987
0.0471928
0
0.00286219
0.00252048
0.002873
0.00834378
0.00260891
0.00249141
0
0
0.00265785
0.00258826
0
0.0029087
0.00250269
0.00382255
0.00819439
0.00257797
0.0150754
0.00267867
0
0
0.0214062
0.00778911
0
0.00265899
0.00254005
0.245499
0.757899
0.222277
0.00245044
0.00277139
0
0.00641464
0.00557574
0.0277703
0.00284914
0.00277139
0.00261356
0.00268647
0.043348
0.00265127
0.00275698
0.0120797
0.00259414
0.00321891
0.00292053
0.0166214
0.00308772
0.00249141
0.00258483
0.00438079
0.00268476
0.0089387
0.00497727
0
0
0.00832799
0.0029794
0.00249071
0.00298041
0.00257156
0
0.0107332
0.00287234
0.0025664
0.00289385
0
0.00246621
0.00280682
0
0.00906367
0.00279222
0
0
0.0128482
0.0267012
0.97419
0.408936
0.00253748
0.0142547
0
0.00244359
0
0.0200259
0.00318021
0.00256422
0.00258766
0
0.00258342
0.0101585
0.00324242
0.00288591
0.00263877
0.00261429
0.00281572
0.0104784
0.00543669
0.0104759
0.0052673
1.2057
0.0023224
0.00267865
0.00246048
0
0.00256422
0.00540542
0.00256422
0.00404877
0.00256422
0.00288591
0
0
0
0
0.00288753
0.00376854
0
0
0
0
0
0
0
0
0
0
0.00292624
0.0107081
0.0025163
0
0
0
0
0
0.00533016
0.00258748
0.00263798
0.00383351
0.00533317
0.00263798
0
0
0
0.00515428
0.00577344
0.00515428
0.00263798
0.0100928
0
0.00269369
0.00269369
0.561955
