0.6231
0.202888
0.36351
1.03741
0.201683
0.1703
0.993858
0.254327
1.02451
0.158729
0.481298
0.378808
0.12105
0.15506
0.988459
0.364556
0.323492
0.189932
0.306174
0.786426
0.246046
0.161483
0.331502
0.284557
0.314724
0.181255
0.464267
0.732074
0.119846
1.0237
0.135357
0.6231
0.202888
0.36351
0.913973
0.177686
0.1703
1.07519
0.254327
1.02451
0.171719
0.481298
0.378808
0.12105
0.15506
0.988459
0.364556
0.323492
0.189932
0.306174
0.786426
0.246046
0.161483
0.331502
0.284557
0.314724
0.181255
0.464267
0.657867
0.119846
0.967113
0.135357
