1
1
0.32561
0.998376
1
1.00721
0.467727
0.00261854
1
0.729747
1
0.21954
0.014845
0.00287278
0.00296899
0.00309635
0.0137435
0.0111337
0.00309547
0.002836
0.00573586
0.202921
1.03503
0.898428
0.00535654
0.00535654
0.00306122
0.00563056
0.00265783
0.0294117
0.00267402
0.00307186
0.00563056
0
0.00294034
0.00282637
0
0
0.0110175
0.00278609
0.00851848
0
0.80797
0.996815
1.01194
0
0.0117741
0
0
0
0
0
0
0.00879191
0.00281977
0.0137096
0.0604427
0.0110077
0.0543489
0.00296899
0.0197061
0.0136686
0
0.0107214
0.0345878
0.190609
0.0564438
0.0963144
1
0.00281528
0.00281528
0.11799
0.0121872
0.00445349
0.0120685
0.202553
0.552424
1
0.0035306
0.00303806
0.00281528
0.00308268
0
0
0.010509
0.020215
0.0029894
0
0.00258564
0.00356132
0
0
0
0.0280629
0.305666
0.0418295
1
0
0.00480783
0.00302159
0.00609072
0.00353067
0.0166347
0.00300131
0.0103967
0.0138758
0.00291992
0.056029
0.0027029
0.00276939
0.00286651
0.146957
0
0.00391426
0.00285424
0.00538365
0
0.00855322
0
0
0.0217703
0.00257425
0.00387769
0.0115942
0.00904793
0
0.00277942
0.0055277
0.107668
0.00428586
0.00268227
0.0026564
0.244004
0.0100585
0.980892
0
0.00287046
0.00332442
0.0115215
0.00310327
0.997224
1.01721
0
0.00257425
0
0
0.00429287
0.00815435
0.057198
0.0361476
0
0
0
0
0.00268904
0.054961
0.00509125
0
0
0.00508946
0.0203154
0.0480222
0.997816
0.00599499
0.00302945
0.00288073
1
0.660403
0
0.0315521
0.0120655
0
0.00257425
0.0177509
0.00938666
0
0.0194324
0.00708904
0.00293851
0
0.00267923
0.00538517
0.0742818
0.00279994
0.00287436
0.00538517
0.0100972
0.00561283
0.10976
0.997627
1
0.156491
0.00257425
0.00680132
0.0126186
0.00882669
0.00294223
0.00844883
0.00294223
0.00441334
0.00287436
0.0026564
0.00287436
0.0505175
0.00414282
0.00726963
0.00255102
0.00287436
0.00455057
0.00304708
0.00664638
0.00807416
0.00262096
0.0436324
0.00508849
0.0139175
0.535054
0.0388906
0.00269491
0.0154455
0.00301229
0.00838872
0.0162644
0.00478364
0.0026685
0.00257409
0.0234696
0.068236
0.00291571
0.00269139
0.00391959
0.00283779
0.25904
0.0173009
0.0058732
0.115946
0.00249541
0.00672847
0.0570973
1
0.12041
0.00280864
0.00276421
0.0035105
0.0201854
0.00280963
0.0102982
0.528239
0.0113217
0.00346665
0.0101294
0.348789
0.35802
0.0854997
0.682055
0.00273
0.0137948
0
0.00273
0.00687562
1
1.0177
0.312264
0
0
0
0.0674991
0.00924298
0.0146817
0.00693711
0.0120333
0.00569938
0.00891287
0.0464896
1
1.00002
0.512045
0.00280565
0.0103707
0.00290405
0.00294883
0.00744882
0
0.00287968
0.0102668
0.0265645
1.01328
1
0.0104057
0.00275897
0.96455
0.524936
0.00584624
0.00288719
0.0054996
0
0.00356666
0.0224661
0.00263391
0
0.00303326
0.00868136
0.0224676
0.00683752
1.00148
0.974719
1
0.547577
0.518175
0.00289729
0
0.00281807
0
0
0.0428035
0
0
0
0.00275523
0.00375713
0.00287673
0.00275523
0.00253066
0
0.00784778
0.00580278
0.00286601
0.133815
0.0228017
1
1.0346
0.388493
1
0.29155
0.947511
0.0280632
0
0.00290667
0.00285349
0.00288975
0
0.00286828
0.00543948
0.00422906
0.00271732
0.017405
0.0276271
0.0227386
0.00944881
0.00271732
0
0.0088976
0.00305067
0.00293485
0.12916
0.00343015
1.03659
0.0794664
0
0.00271732
0.216579
1.00597
0
0.00283543
0.0029209
0.00294516
0
0
0.00282253
0
0.00301753
0
0.00839774
0.00260364
0.00819708
0
0.00804564
0.0128593
0.0335875
0
0.0270402
0
0
0
0.00287002
0.00276814
0.00616322
0.00542265
0.00283349
0.00287311
0.0100074
0.0832892
0.00546584
0.00275897
0.00560163
0.00894511
0.0530931
0.0201975
0.301251
0.0478583
0
0.0333877
0.00831222
0.957033
0.0160061
0
0.00257786
0.00556431
0.00362554
0.0107801
0.00289245
0.00281993
0.00252477
0.00261294
0.0118031
0.00538874
0.00726046
0
0.00727872
0.0350862
0.00276814
0.00289859
0.00586066
0.174778
0.00361004
0.0322077
0.0276924
0
0.0118635
0
1
0.0164969
0.00251195
0.0286338
0
0.00277799
0.00721912
0
0
0.0125908
0.00738759
0.0027514
0.0097851
0.00543149
0.00352501
0.00283349
0.012428
0.00526844
0.00395272
0.00821348
0.0028589
0.00282113
0.00284638
0
0
0.0151089
0.0185452
0.0446107
0.980442
0.00572141
0.0026176
0
0
0
0
0.0420189
0
0.00547919
0
0.00550556
0.00568645
0.00797345
0
0.00871334
0.00281993
0
0.00459556
0.00312926
0.00263514
0.00907481
0.0056221
0
0.00263514
0.00388189
0.00459542
0.0171655
0.244935
0.00530833
0.00259279
0
0.00259242
0.00259718
0
0.00284653
0.00284653
0.00387535
0.729578
0
0.00253798
0
0.00581771
0.0033561
0.0179398
0.00272271
0
0
0.00546013
0.00330854
0
0.015684
0.00308026
0
0.00550136
0.00298997
0.0769845
0.00497763
0.00580884
0.00996657
0.00571268
0.00553933
0.00589077
0.00293283
0.13611
0.00360587
0.0184644
0.00298997
0.0381362
0
0
0.00542703
0
0
0.0025971
0
0.00277799
0.00469645
0.0636138
0.00273574
0
0.00410672
0.00284337
0.449903
1.00269
1
0.0785884
0
0.00546013
0.00797209
0.00553933
0.00545336
0.00259388
0.00599304
0.00260803
0.0165084
0.00272271
0.0614327
0.00424677
0.00252936
0
0.00254806
0.00926033
0.0353277
0.0126519
0
0.36428
0.00257849
0.0230802
0.00251195
0
0.00257058
0.00566646
0
0.00459231
0.0223328
0.0115972
0.00566646
0.00290846
0.00876629
0.59807
0.990603
0.747645
0.0057022
0.0276527
0.0663076
0.0157643
0.00393604
0.00305086
0.0107556
0.139625
0.00298658
0.0133955
0.147647
0.0026386
0.0189982
0.00997745
0.0108474
0
0
0.0217095
0.00261369
0.100239
0.00366829
0.0108474
0.689478
0
0
0
0
0
0
0
0.00290846
0.018068
0
0.00415494
0.599563
0.242138
0.176752
0.0083011
0.00251968
0.040707
0.00262038
0
0.0251531
0.00304516
0
0.00560696
0
0.00472101
0.0297952
0
0.00243194
0.0149329
1
0.00264104
0.0624118
0.0658469
0.0345251
0.00809754
0.0251945
0.0052864
0.00260374
0.0151291
1
0.023516
0.00259645
0.00259718
0.00335546
0
0.0025971
0.0652377
0.0803915
0.0107404
0.00262038
0.0117961
0.0025971
0.00271426
0.00808944
0.00389565
0.00959537
0.00250741
0
0
0
0
0
0
0
0.22975
0.00546653
0.00313143
0.002932
0.00263798
0.0035072
