0
0.154848
0.00832836
0.0154039
0.464705
0.0473122
0.0154039
0.720841
0.00720909
0.077699
0
0.104322
0.765424
0.00917158
0.00720909
0.077699
0
0.119225
0.0153235
0.630202
0.0351578
0.00917158
0.00720909
0.16737
0.0118029
0.0124125
0.120094
0.0125665
0.0236399
0.00737704
0.684518
0.0546109
0.00917158
0.00720909
0.217739
0.0131268
0.022949
0.0253446
0.163299
0.00679165
0.00737704
0.976979
0.0173226
0.00917158
0.0230273
0.00720909
0.34356
0.0131268
0.022949
0.0886953
0.0646376
0.294167
0.0764389
0.0271994
0.0534922
0.990312
0.0868016
0.00917158
0.0304345
0.00720909
0.459632
0.0258764
0.022949
0.0766941
0.0113421
0.307994
0.0126079
0.159187
0.0201989
0.118022
0.977397
0.0505044
0
0.00917158
0.030215
0.00720909
0.0144327
0.540009
0.0258764
0.0335393
0.140331
0.00725797
0.0113421
0.355703
0.0120892
0.0126079
0.160377
0.0274311
0.156256
0.996946
0.0338662
0.0171624
0.00917158
0.0228078
0.0143034
0.0144327
0.553739
0.0258764
0.0335393
0.139547
0.0113421
0.341997
0.0120892
0.0364774
0.163139
0.0274311
0.227735
0.884434
0.0338662
0
0.00917158
0.0146743
0.0143034
0.0144327
0.879615
0.0258764
0.0335393
0.152765
0.0235538
0.343219
0.0233408
0.0238695
0.127767
0.0274311
0.00714852
0.281063
0.788982
0.0508992
0.00917158
0.0239586
0.00720909
0
0.0144327
0.799037
0.0127496
0.093008
0.205795
0.0120801
0.0122117
0.288758
0
0.0971177
0
0.015439
0.136089
0.0339654
0.0206822
0.315022
0.694198
0.0338662
0.0199566
0.00917158
0.0168253
0.00720909
0.00668213
0.0443226
0.0214731
0.992322
0
0.103797
0.216462
0.0120801
0.00819914
0.00680408
0.0122117
0.211238
0
0.0975096
0.0113686
0.0286956
0.121509
0.0274311
0.0139872
0.367655
0.629464
0.0338662
0.0200055
0.00917158
0.0253674
0.00843367
0.0141834
0
0.0553356
0.0137403
1.00519
0
0.120006
0.192526
0.0235134
0.0166978
0.0144234
0.0122117
0.2731
0
0.111429
0.0113686
0.0286956
0.178099
0.0207198
0.0139872
0.419665
0.520212
0.127791
0.0760263
0.0491973
0.0163476
0
0.0210762
0.0553356
0.0142895
1.00875
0.0285021
0.0850209
0.181306
0.0479417
0.00849867
0.0219762
0.0377134
0.24385
0.00747317
0.00819954
0.137952
0.0239512
0.0730516
0.171487
0.0134876
0.00683863
0.491911
0.382141
0.0388745
0.113918
0.0183938
0.0965638
0.0236792
0
0.0210762
0.0446073
0.00694529
1.01112
0.026378
0.0120544
0.193873
0.101776
0.0739772
0.0161214
0.0219762
0.0249876
0.159511
0.00747317
0.0166775
0.197287
0.0239512
0.0730516
0.070058
0.0134876
0.00683863
0.451415
0.266225
0.0835746
0.172262
0.0183938
0.0962905
0.0236792
0
0.0210762
0.0335943
0.0132756
0.00744259
0.86909
0.0137524
0.0242193
0.150558
0.114004
0.0979617
0.00849867
0.0284637
0.0884502
0.0703181
0.0146497
0.00847796
0.221518
0.0730516
0.0439992
0.00669597
0.00683863
0.376882
0.190868
0.0107492
0.0505129
0.134927
0.0371331
0.0640034
0.0320216
0
0.0135754
0.0110934
0.0335943
0.0132756
0.00744259
0.783802
0.0242193
0.173143
0.112519
0.10947
0.00849867
0.0219762
0.0639625
0.113763
0.0214909
0.0175824
0.237047
0.0588972
0.0652647
0.00669597
0.00770917
0.139014
0.140837
0.0209035
0.0674082
0.133096
0.00749774
0.0275139
0.0321011
0.0236792
0
0.0135754
0.0110934
0.0335943
0.00744259
0.752334
0.0139439
0.0242193
0.184526
0.112519
0.10947
0.0163006
0.0219762
0.0639625
0.101631
0.0214909
0.0272352
0.247901
0.0588972
0.0797398
0.00770917
0.0198285
0.126223
0.0209035
0.0839246
0.113188
0.00749774
0.00877391
0.031785
0.0236792
0.00718511
0.0135754
0.0110934
0.0335943
0.0064808
0.00744259
0.715282
0.0139439
0.0242193
0.184915
0.137806
0.10947
0.0163006
0.029063
0.0625537
0.0585764
0.0140177
0.0272352
0.298099
0.0588972
0.0729841
0.0152381
0.0329398
0.126231
0.0209035
0.136691
0.0756258
0.00749774
0.015103
0.0236792
0.021318
0.0135754
0.0110934
0.0335943
0.00744259
0.661684
0.0139439
0.012165
0.163139
0.149814
0.0853325
0.00780189
0.029063
0.199995
0.074468
0.0140177
0.0271454
0.210587
0.0434582
0.103307
0.0152381
0.0458704
0.154193
0.0209035
0.136691
0.0584327
0.00749774
0.0224315
0.0236792
0.0283358
0.0135754
0.0223413
0.0538644
0.645511
0
0.012165
0.141412
0.149814
0.0874539
0.00780189
0.029063
0.23849
0.0730409
0.0140177
0.0271066
0.197068
0.0281627
0.11188
0.0152381
0.0605704
0.135864
0.0209035
0.136691
0.019509
0.00749774
0.00955211
0.03166
0.0236792
0.0283358
0.0135754
0.0223413
0.0538644
0.645511
0.012165
0.163852
0.136741
0.0877538
0.00780189
0.029063
0.240042
0.055316
0.0140177
0.0271066
0.158882
0.01426
0.134605
0.0152381
0.0735593
0.127095
0.0209035
0.153101
0.00749774
0.00955211
0.0243316
0.0236792
0.0283358
0.0135754
0.0223413
0.0436502
0.615434
0.012165
0.141915
0.125059
0.1018
0.0295295
0.029063
0.286202
0.0696878
0.00717651
0.0443327
0.135315
0.01426
0.149996
0.0152381
0.198159
0.0996624
0.0209035
0.153084
0.0540759
0.00955211
0.0243316
0.00843367
0.0283358
0.0135754
0.0223413
0.0436502
0.607925
0.0222735
0.121065
0.125059
0.0902204
0.0221082
0.029063
0.332831
0.0556274
0.00717651
0.0362609
0.110617
0.0134878
0.0282656
0.179673
0.00762819
0.0152381
0.614465
0.071851
0.0209035
0.189939
0.0742149
0.00962858
0.0165408
0.00843367
0.0145657
0.0135754
0.0110934
0.0436502
0.00773136
0.530726
0.0222735
0.144171
0.111881
0.0640841
0.0221082
0.029063
0.37111
0.0417503
0.00717651
0.01822
0.133549
0.0134878
0.0860764
0.200864
0.00762819
0
1.00567
0.0441484
0.0209035
0.228109
0.0742149
0.00962858
0.00825472
0.00843367
0.0433429
0.00629167
0.0110934
0.0219006
0.00773136
0.500638
0.0222735
0.186777
0.111881
0.0636441
0.0143063
0.029063
0.42251
0.027129
0.0145217
0.01822
0.159856
0.0267595
0.0851007
0.208105
0
0
0.998017
0.0347533
0.0209035
0.262503
0.0568661
0.0654941
0.0376255
0.00843367
0.0361693
0.00629167
0.0110934
0.0321366
0
0.00694901
0.372449
0.0222735
0.281179
0.0865549
0.0622445
0.0143063
0.00761929
0.472981
0.0145947
0.0145217
0.0702107
0.0864228
0.0134878
0.141062
0.272769
0.00785637
0
1.0037
0.0164646
0.0209035
0.383361
0.0568661
0.00713141
0.0475057
0.0466031
0.00843367
0.0435438
0.00629167
0.0110934
0.0318
0.00691379
0.22181
0.0323671
0.267097
0.0609598
0.23924
0.0143063
0.0144248
0.612156
0
0.00734516
0.0783191
0.0625812
0.0249471
0.0844704
0.318124
0
0.0202018
0.993769
0.00805766
0.0209035
0.392653
0.0388657
0
0.0381678
0.0545766
0.00843367
0.0221442
0.00629167
0.0110934
0.0203385
0.00691379
0.00714825
0.14775
0.0122867
0.0509588
0.202811
0.0375227
0
0.382659
0.00726662
0.0145847
0.633853
0.0276156
0
0.0861628
0.0962062
0.0237173
0.167966
0.257234
0
0.0274768
1.00232
0.0258839
0.0204457
0.418661
0
0
0.0281038
0.0315639
0.0221442
0.0318276
0.00691379
0.0147734
0.0619214
0.0122867
0.0509588
0.213269
0.00921289
0.391931
0.00726662
0
0.578501
0.0276156
0.00710165
0.0857163
0.0860772
0.0237173
0.183284
0.213226
0
0.0341961
1.00562
0.0270861
0.00969647
0.120207
0
0
0.0546499
0.0235818
0.0145221
0
0
0.0204875
0
0.0139663
0.031006
0.0619305
0.179273
0.0255188
0.0183083
0.465829
0.0209881
0.563648
0.041773
0.00710165
0.0677183
0.0737354
0.0247777
0.0972875
0.175804
0
0.047574
1.00981
0.0173271
0.0702976
0
0
0.0552033
0.0144583
0
0
0
0
0.0215022
0.045481
0.10469
0.177433
0.0255188
0.0188786
0.528664
0.0339519
0.558561
0.041773
0.00710165
0.0590353
0.060263
0.0247777
0.111536
0.1405
0
0.0538135
0.807667
0.0262652
0
0.0702333
0
0
0.0461023
0.0229107
0.0109506
0.00728961
0.0146841
0.0306899
0.136973
0.325755
0.0129358
0.0285798
0.73425
0.0339519
0.559102
0.0141574
0.00710165
0.041413
0.0817302
0.0247777
0.151357
0.112197
0
0.0543412
0.728003
0.0262652
0.00972362
0.0702333
0.0177109
0
0.0368911
0.0155799
0.0109506
0.00728961
0.0146841
0.0226196
0.16089
0.316174
0.0285798
0.997641
0.0274494
0.663634
0.0274135
0.0678215
0.0586145
0.03769
0.235078
0.0769866
0.0145139
0.0613756
0.646816
0.00835577
0.00972362
0.0515866
0.0177109
0
0.0279427
0.0155799
0
0.0109506
0.00728961
0.00753589
0.0226196
0.14951
0.242419
0.00978325
1.01287
0.00758715
0.0274494
0.436421
0.0274135
0.0930152
0.0467579
0.0380344
0.180526
0.0693934
0.00727041
0.0613756
0.586253
0.00835577
0.00972362
0.0165449
0
0
0.00944082
0.00711624
0
0.0109506
0.00684099
0.00697842
0.0971912
0.179654
0.0192089
0.969347
0.015179
0.0203159
0.292309
0.0674414
0.0368201
0.025432
0.150565
0.0628039
0.00677156
0.0484227
0.52688
0.00972362
0.0335867
0
0
0.00944082
0
0.0222049
0
0.00697842
0.0872583
0.138258
0.00978325
1.01697
0.00758715
0.0203159
0.254789
0.0071474
0.0414678
0.0362861
0.025432
0.0983194
0.028295
0.00677156
0.0340573
0.427028
0.0190957
0
0
0.00881147
0
0.0222049
0
0.0770876
0.0544488
0.00978325
0.81325
0.0203159
0.0717239
0.00714299
0.0500086
0.0230632
0.0129123
0.0678701
0.0138954
0.00677156
0.0271034
0.325983
0
0.0170291
0
0.00662834
0
0
0.0565739
0.0642351
0.0189953
0.433318
0.0203159
0.0487292
0.0143631
0.0500086
0.0247308
0.0132465
0.0071311
0.00677156
0.0276225
0.247108
0.00811558
0.0170291
0
0.00662834
0
0
0.0459274
0.0189953
0.286321
0
0.0272906
0.00700812
0.0500086
0.0115333
0.0374648
0.0277583
0.00677156
0.0204025
0.158202
0.00811558
0.0170291
0
0.00662834
0.0459274
0
0.0189953
0.273254
0
0.0272906
0.00700812
0.0500086
0.0115333
0.0374648
0.0130581
0.00677156
0.0277315
0.11215
0.0336814
0
0.00662834
0.0669324
0.0189953
0.26139
0.0200819
0.00700812
0.0333448
0.0374648
0.0264348
0.00677156
0.0351279
0.11215
0.0336814
0
0.00662834
0.0107356
0.0669324
0.0092121
0.26139
0.0269136
0.00700812
0.0160413
0.0374648
0.0264348
0.00677156
0.0421656
0.11215
0.0170291
0.00662834
0.0107356
0.0562853
0.0092121
0.26139
0
0.0136205
0.00700812
0.0160413
0.0374648
0.0264348
0.00677156
0.0825464
0.0994828
0.00662834
0.0107356
0.0562853
0.0092121
0.26139
0
0.0136205
0.00700812
0.0160413
0.0374648
0.0830807
0.0923749
0.0459274
0.0092121
0.26139
0.013674
0.00806865
0.0374648
0.013438
0.12402
0.0593582
0.0459274
0.0092121
0.26139
0.00682719
0.00806865
0.0256462
0.013438
0.0969011
0.0191181
0.0459274
0.0092121
0.26139
0.00806865
0.100968
0.0191181
0.0375473
0.0459274
0.0092121
0.200339
0.00806865
0.0874414
0.00631766
0.15447
0.0129699
0.0503101
