0.184862
0.997135
1
0.590355
1
1.02025
1.00101
0.11533
0.998171
0.2508
0.986543
0.159418
0.541771
0.520834
0.065334
0.560059
0.0395224
0.0185458
0.384696
0.0367523
0.0406048
0.0392004
0.0410506
0.0392004
0.051131
0.0375375
0.0396854
0.0409929
0.00250848
0.0807096
0.0791057
0.984944
0.0226639
0.0201304
0.0194884
0.020426
0.0194884
0.0484865
0.0243605
0.0170106
0.019808
0.0204374
0.0393416
0.00520728
0.0053506
0.00729627
0.00910441
0.00535211
0.0053506
0.0525333
0.0053506
0.00561196
0.012369
0.00888743
0.0145915
0.0056263
0.0146951
0.0053506
0.00844832
0.00784897
0.0525333
0.845456
0.00259069
0.00409057
0.00271663
0.00259069
0.00706553
0.00252502
0.00259069
0.935571
0.611643
0.00259069
0.00777208
0.00259069
0.00302581
0.00271748
0.0194302
0.446598
0.0366279
0.0126425
1
0.111497
0.792775
0.283299
1
0.00309175
0
1
0.7728
0.499077
0
0
0.00297666
0.00302862
0
0.00312044
0
0.00311184
0
0.00318928
0.476675
1
0.0447273
0.00404149
1
1
0.62648
0.497924
0.00294096
0.00304607
0.00294179
0.00294179
0.00294262
0.0110317
0.00294179
0.00294179
0.00305292
0.0176508
0.0145471
0.00294179
0.00294179
0.00294179
0.00291273
0.00305292
0.00365353
0.00294179
0.00464494
0.00296929
0.00280844
0.00735449
0.0030891
0.00294179
0.00490299
0.0126077
0.00298629
0
0.0077029
0.00294179
0.00464494
0.738146
1
0.0126077
1
0.436142
0
0.997038
0.972775
0.0341595
1.02168
0.243639
0.612383
0.236462
0.130179
0.124429
0.0899964
0.285927
0.482302
0.0151169
0.00257588
0.245684
1.01661
0.00264542
0.00254562
0.00254562
0.00258617
0.00263037
0.00253342
0.00254562
0.0127281
0.00266786
0.693487
0.0648283
0.0565726
0.324142
0.0540236
0.982413
0.0566521
0.0771766
0.572123
0.612355
0.557
0.00252975
0.0463474
0.00252904
0.00361189
0.035056
0.00252904
0.00252904
0.0334273
0.140556
0.17487
0.00265285
0.0317343
0.00344868
0.0632414
0.0215619
