0.00947481
0.127456
0.0284414
0.0189569
0.558828
0.00786012
0.00664194
0.0922156
0.0372788
0.737276
0.00786012
0.0167826
0.163123
0.0330155
0.0670297
0.803676
0.0154424
0.0126649
0.171608
0.0330155
0.00717538
0.0864709
0.00706639
0.0237685
0.776992
0.0139121
0.0154424
0.0126649
0.255615
0.0330155
0.0149617
0.0158145
0.106347
0.00882574
0.0147757
0.0237685
0.821854
0.0154424
0.0126649
0.346319
0.00828087
0.0508548
0.0307333
0.0311257
0.152477
0.00882574
0.00706639
0.0360509
0.965131
0.0153496
0.0161779
0.0154424
0.0126649
0.0071903
0.530895
0.00828087
0.0508548
0.0381376
0.0161301
0.0311257
0.0189072
0.190028
0.00734649
0.00882574
0.0736266
0.0360509
0.0961781
0.999827
0.0100071
0.0590829
0.0169139
0.0154424
0.0126649
0.0071903
0.749425
0.0341502
0.0658798
0.0227615
0.0161301
0.0311257
0.0359463
0.208552
0
0.00882574
0.0818349
0.0235628
0.245802
0.998237
0.0306569
0.0291401
0.0154424
0.0126649
0.0071903
0.016953
0.0180324
0.722807
0.0341502
0.116221
0.0695553
0.0161301
0.0153112
0.0359463
0.278112
0.00697171
0.0378283
0.00882574
0.104062
0.0474998
0.0142284
0.330067
1.0062
0.0106777
0.0152897
0.0135076
0.0154424
0.0071903
0.0180324
0.724423
0.0258694
0.149418
0.0842887
0.0161301
0.0153112
0.0359463
0.30618
0.0378283
0.00882574
0.00829946
0.111462
0.0122823
0.0356415
0.482416
0.900162
0.0106777
0.0288682
0.0135076
0.0100711
0.0156995
0.00786012
0.0273694
0.0071903
0.0180324
1.00552
0.0168402
0.131155
0.100512
0.0161301
0.0153112
0.0359463
0.295415
0.00698316
0.0299286
0.00882574
0.0478244
0.206706
0.0122823
0.486661
0.796576
0.0106777
0.0152897
0.0135076
0.0100711
0.0149624
0.00786012
0.0273694
0.0071903
0
0.903608
0.0168402
0.148695
0.107222
0.0161301
0.0148908
0.0536569
0.204495
0
0.0232742
0.00882574
0.0478244
0.206706
0.0122823
0.55763
0.735848
0.0106777
0.0152897
0.0278775
0.0100711
0.0149624
0.040746
0.0134607
1.00942
0.0168402
0.148973
0.0458727
0.0161301
0.0148908
0.0536569
0.166856
0
0.0156934
0.00882574
0.0478244
0.154213
0.0122823
0.625871
0.639504
0.044694
0.0109785
0.0152897
0.0135076
0.0100711
0.041217
0.0363016
0.860173
0.0168402
0.113009
0.0150996
0.0161301
0.0536569
0.083739
0
0.0464287
0
0.039525
0.110495
0.0240805
0.682785
0.510759
0.0299125
0.0391925
0.0285406
0.0135076
0.0197246
0.0136851
0.0102467
0.0519839
0.637377
0
0.0648508
0.00705924
0.047629
0.0366178
0.0662087
0
0.0529646
0
0.0157826
0.101263
0.0122823
0.00773685
1
0.392806
0.0138826
0.0152897
0.013452
0.0189626
0.0170328
0
0.0102467
0.0182946
0
0.602257
0
0.116738
0.029452
0.047629
0.0145993
0.0546108
0.0477887
0.00720065
0.0535144
0
0.0256953
0.0594867
0
0.980134
0.260074
0.0138826
0.0300262
0.0152897
0.013452
0.0189626
0.0326651
0
0.0102467
0.0351644
0
0.385129
0
0.0969619
0.0293777
0.047629
0.0145993
0.0546108
0.0188693
0
0.0189578
0.0925186
0
0.0175293
0.0229981
0.540726
0.156125
0.0138826
0.0323846
0
0.02776
0.0446612
0.00807097
0
0.0102467
0.0168698
0.286038
0.0168515
0.130733
0.0217806
0.047629
0.0312007
0.0364382
0.0379528
0
0.0189578
0.0922448
0.0232848
0.0125346
0.493149
0.02956
0.0138826
0.0199267
0.0135378
0.0485046
0.0628777
0.0248537
0.0123597
0
0
0.0168698
0
0.25805
0.00845596
0.1467
0.00718213
0.00697242
0.0161546
0.0145993
0.0171028
0.0364382
0.028441
0.021712
0.0922448
0.0386682
0
0.18031
0.02956
0.0138826
0.0195742
0.0135378
0.0144018
0.0485046
0.0653313
0.0167828
0.0123597
0.0169672
0.248887
0.00845596
0.182548
0.0141441
0.0317516
0.0145993
0.0171028
0.0364382
0.028441
0.021712
0.0916552
0.022961
0
0.18031
0.02956
0.0138826
0.0195742
0.0135378
0.0144018
0.0199159
0.0802408
0.0167828
0.0502773
0.0169672
0.00991603
0.00889815
0.24027
0.0162644
0.149418
0.00718213
0.032242
0.0145993
0.0171028
0.0369482
0.028441
0
0.021712
0.0837767
0.00764437
0.0228988
0
0.193684
0.0224646
0.0290664
0.028986
0.0135378
0.0144018
0.0102624
0.078951
0.0167828
0.0379641
0.0166798
0.222313
0.0256622
0.166785
0.00718213
0.063819
0.0145993
0.0171028
0.0564889
0.0191848
0
0.021712
0.0688581
0.0155425
0.0311051
0
0.193684
0.0224646
0.0290664
0.028986
0.0143153
0.0144018
0.0192474
0.0785807
0.0167828
0.0252334
0
0.0166798
0
0.222313
0.0162644
0.0104029
0.165076
0.0806459
0.0145993
0.0171028
0.0564889
0
0
0.021712
0.069111
0
0.0155425
0.0531178
0
0.20756
0.00814528
0.0290664
0.0394088
0.0143153
0.0192474
0.0620696
0.0167828
0.0517157
0
0
0.222313
0.182969
0.00653544
0.112535
0.0145993
0.0171028
0.112405
0.021712
0.0538458
0.0176522
0.0155425
0.0458495
0
0.362701
0.00814528
0.0290664
0.0390745
0.0276172
0.015084
0.0102624
0.0646688
0.0083295
0.0252334
0.0186169
0.016129
0.221286
0.0091865
0
0.183932
0.00653544
0.0964476
0.0145993
0.0171028
0.130586
0.00930941
0.021712
0.0618659
0.00881995
0.0238259
0.105235
0
0.0146115
0.759541
0.00814528
0.0497766
0.042215
0.015084
0.0102624
0.0155185
0.0383106
0.0095052
0.016129
0.179398
0.00792102
0.010169
0.313763
0.00653544
0.0796107
0.0145993
0.0335579
0.188074
0.0185987
0
0.041537
0.0766722
0.00881995
0.0834717
0.194959
0
0.0146115
1.00078
0.00814528
0.0595752
0.042215
0.015084
0.0102624
0.0775684
0.0756574
0.0100478
0.0165436
0.152437
0.00792102
0
0.433163
0.0616573
0.0335579
0.36561
0.0179887
0
0.041537
0.113659
0.0175413
0.125316
0.187351
0.0368025
0.00739027
1.00563
0.0233702
0
0.08994
0.028359
0.0287242
0.109374
0.00816844
0.0642837
0
0
0
0.0301207
0.0620339
0.00792102
0.00912473
0.377158
0
0.124708
0.0316393
0.0335579
0.438595
0.0181253
0
0.102107
0.114635
0.0264735
0.208894
0.238901
0.0245103
0.0221748
1
0.0304604
0
0.170678
0
0.0279168
0.139072
0.00816844
0.0924631
0
0.0157897
0.0362768
0.0152697
0.0701546
0.00813504
0
0.442227
0
0.00689919
0.185134
0.048568
0
0.829819
0.00963727
0.0599282
0.121878
0.036076
0.24816
0.296328
0.0236526
0.0437165
1.00684
0.00703585
0.248916
0.0136321
0.0144385
0.0471761
0.0926394
0.00816844
0.0901946
0.0213475
0.0157897
0.0550726
0
0
0.0301414
0.0349111
0.00901853
0.0176935
0.382253
0.0148254
0.00689919
0.21966
0.0459627
0.0180206
0.973919
0.0277856
0.00716112
0.180256
0.114454
0.00922071
0.206365
0.285361
0.0246768
0.0291942
1.03189
0.00703585
0.0574458
0.264494
0.0147382
0.0144385
0.093985
0.0951151
0.0169214
0.0803251
0.014038
0.0157897
0.0636595
0.0179842
0.00873401
0.0449491
0.0616735
0.00901853
0.0174207
0.500418
0.0149444
0.00689919
0.252341
0.0618797
0.0501713
0.840524
0.0468128
0.00746135
0.31862
0.165255
0.0259585
0.190144
0.194447
0.0235289
0.00772907
0.977736
0.0144648
0.071614
0.216195
0.0455185
0.122755
0.15919
0.0150647
0.0528813
0.0201712
0.0325787
0.0543938
0
0.00816671
0.0756875
0.0614229
0.0180325
0.0739721
0.613734
0.0376847
0.0147304
0.301408
0.0328524
0.0494019
0.914842
0.0451786
0
0.41983
0.16523
0.0257967
0.176099
0.18619
0.0241872
0.0154352
0.673568
0.0145856
0.0603851
0.177481
0.0581709
0
0.110749
0.202841
0.0150647
0.0394044
0.0138166
0.0338553
0.0553777
0
0.00794846
0.0457277
0.0705893
0.033401
0.129525
0.568508
0.0223346
0.0436367
0.347425
0.0162095
0.0815217
0.934506
0.0730515
0.00735899
0.374919
0.149708
0.0354193
0.242923
0.105365
0.0241659
0.0231935
0.371324
0.0142419
0.119342
0.156491
0.0540664
0.0136122
0.112319
0.142744
0.0160686
0.0272378
0.0170664
0.0554167
0
0.00794846
0.0971637
0.0619685
0.0506936
0.129449
0.623339
0.0147541
0.0430807
0.490531
0.0790621
0.0639929
0.884424
0.0537567
0.00720298
0.391906
0.157757
0.0437889
0.333614
0.0892772
0.0120568
0.0231935
0.200395
0.0213919
0.0913063
0.11677
0.0402053
0.0273458
0.122105
0.0970398
0.0076285
0.0256213
0.0170664
0.0368648
0
0.00794846
0.0472349
0.036516
0.0161832
0.177653
0.666835
0.0231544
0.0573997
1.0206
0.0756946
0.0963679
0.982677
0.0361673
0.01501
0.454309
0.156127
0.0352299
0.300001
0.0433512
0.0257588
0.0232325
0.157538
0.0224056
0.0618968
0.0579496
0.0538726
0.0140092
0.0839138
0.0829451
0.0245377
0.0170664
0.0193385
0.0161433
0.0941386
0.036516
0.0340116
0.186899
0.601958
0.00745349
0.0483246
0.98202
0.0298894
0.0488363
0.932063
0.0179033
0.020942
0.335302
0.112211
0.0639746
0.207321
0.00761716
0.00744725
0.116636
0.0143827
0.0144105
0.0379664
0.0131353
0.0153814
0.122958
0.0336924
0.0121312
0.00662444
0.0844773
0
0.0172307
0.0162738
0.047266
0.0362757
0.0167154
0.112986
0.441364
0.030169
0.0345344
0.996802
0.0298894
0.0155789
0.806697
0.0187756
0.00690224
0.19673
0.0456493
0.0182678
0.206154
0.0155894
0
0.0308694
0.0566873
0.0142113
0.0451578
0.00913478
0.0131353
0
0.0664034
0
0
0.0121312
0.00662444
0.016789
0.018938
0
0.0162738
0.0299986
0.0189862
0.0165434
0.0551882
0.373378
0.0141928
0.0206265
0.711601
0.0163253
0.0315584
0.445718
0
0.0221965
0.197202
0.0389787
0.00957301
0.197302
0.0155894
0
0.0304591
0.0419808
0.0210787
0.0282443
0.0282253
0.0153814
0.0290998
0
0.0186406
0.00833999
0.0299986
0.0280612
0.00809013
0.0367931
0.129092
0.0072679
0.0137525
0.563057
0.0163253
0
0.208525
0.0140169
0.0203657
0.0299815
0.00957301
0.0397811
0
0.0286516
0.00687276
0.015822
0.00967435
0.0133347
0.0104294
0.016628
0.00985906
0.015127
0.034395
0.0088083
0.00891333
0.079765
0.0070132
0.388172
0.0954633
0.00679701
0
0.00807332
0.00704212
0.0112205
0
0
0.00967435
0.015127
0.0263654
0.0320654
0.00785334
0
0.0442567
0.0185011
0.00679701
0
0.00807332
0.00708943
0.00967435
0.0154505
0.00942869
0.015127
0
0
0.00967435
0.0154505
0.00942869
0.015127
0
0
0.0158931
0.00967435
0.00942869
0.015127
0
0
0.0287668
0.015127
0
0
0
0.0186624
0
0
0.00878003
0.0113579
0
0.00924583
0
0.0220539
