0.182681
0.423523
0.0118228
0.283804
0.0108055
0.0118228
0.00677874
0.0138635
0.237077
0.555035
0.0165946
0.0318571
0.0118989
0.0319932
0.0202674
0.0245563
0
0.0139022
0.0138635
0.212317
0.628055
0.0165946
0.0162778
0
0.00781551
0.0228495
0.0296063
0
0.106357
0.0202674
0.0296434
0.0739266
0.0365829
0
0.0592714
0.0122745
0.237062
0.0123641
0.735973
0.0165946
0.0162778
0
0.00781551
0.0228495
0.0429287
0.0296063
0
0.106357
0.0131533
0.0296434
0.0739266
0.0365829
0
0.0901191
0.0122745
0.475429
0.033835
0.790298
0.0165946
0.0162778
0
0.00781551
0.0429287
0.0391402
0
0.106357
0.0296434
0.0871152
0.0365829
0
0.168715
0.0120834
0.777684
0.0370571
0.0452053
0.771655
0.0165946
0.048029
0
0.00781551
0.0429287
0.0391402
0
0.181526
0.0377047
0.0736014
0.0365829
0.0075288
0.0073375
0.144904
0.0120834
0.0155042
0.669316
0.0190982
0.22409
0.673657
0.0164416
0.0165946
0.0163585
0
0.0149147
0.00781551
0.0429287
0.0104205
1.00365
0.0120271
0
0.0377047
0.0377449
0.0940308
0.0075288
0.0073375
0.11467
0
0.0120834
0.0124039
0.612693
0.0190982
0.224331
0.446404
0.0164416
0.0340736
0.0163585
0.00781551
0.0134603
0.984315
0.0672364
0.0250114
0.00980159
0.0208441
0.0075288
0.0073375
0.0719218
0.0120834
0.0124039
0.481844
0.0190982
0.235533
0.343375
0
0.0340736
0.0134603
0.775317
0.0185322
0.0153262
0.0118228
0.0075288
0.0073375
0.0433308
0.0164877
0.0124039
0.431343
0.235533
0.203857
0.0081103
0.0340736
0.0134603
0.19491
0.0181369
0.0151243
0.0288389
0.220121
0.0178824
0.246484
0.190663
0.0149823
0.0218984
0.0222984
0.00663312
0.0161161
0.228972
0.4429
0.00651481
0.0149823
0.0106664
0.00688693
0.0222984
0.0619196
0.378588
0.00651481
0.0149823
0.0222984
0.0507905
0.134921
0.0124864
0.0229396
0.0124864
0.0229396
0.0124864
0.0229396
0.0348081
0.0348081
0.0348081
0.161311
0
0.0120112
0.00936924
0.345289
0.00680392
0.0348207
0
0.0196879
0.0146144
0.0119244
0
0.0607026
0.0282471
0.690562
0.013647
0.0348207
0.0159102
0
0.0196879
0
0.0292965
0.0121385
0.0382908
0.133582
0.0183315
0.00950015
0.997639
0.0348207
0.0159102
0
0.0196879
0.00819243
0.0775362
0.00705986
0.0292857
0.0121385
0.0514609
0.121602
0.00950015
0.997639
0.0129276
0.0348207
0.0159102
0
0.0158983
0.115069
0.00705986
0.0219665
0.0164984
0.0121385
0.178037
0.167464
0.00950015
1.01769
0.0129276
0.0170187
0.0159102
0
0
0.0375676
0.0242209
0.115069
0.00705986
0.0148038
0.0164984
0
0.356246
0.0943888
0.0188259
0.659183
0.0124402
0.0089894
0.00826452
0
0
0.0118985
0
0
0.0375676
0.0326039
0
0.0311042
0.231151
0.00668189
0.0857367
0.00736467
0.0164984
0.0228618
0.024137
0.0307356
0.290005
0.0831006
0.0373047
0.00932575
0.755685
0.0261747
0.0089894
0.00860624
0
0
0.0138611
0.0118985
0
0
0.0375676
0.0406219
0
0.0521285
0.311019
0.0938513
0.0149128
0.0164984
0.0444587
0.031284
0.458345
0.0470376
0.0189123
0.0279577
1.00234
0.0463642
0.0089894
0
0
0.0280479
0.00884769
0
0
0.0759181
0.0406219
0.013014
0.0217664
0.329669
0.00658684
0.0866824
0.0220865
0.0164984
0.055653
0.0118635
0.0150308
0.447756
0.0800218
0.0467258
0.947432
0.0463642
0.0089894
0.0142886
0.0416488
0
0.0140154
0.0179956
0
0.0265677
0.0974136
0.0324294
0
0.0217664
0.445021
0.00721585
0.00658684
0.10269
0.0145385
0.0164984
0.0554412
0.0231345
0.0150308
0.7373
0.0800218
0.0175087
0.0283564
0.562405
0.0336951
0.0089894
0.0142886
0.0568298
0
0.0140154
0.00884769
0
0.0265677
0.117873
0.0244115
0.0133351
0.0109456
1.00115
0.00721585
0.013019
0.0940461
0.0142571
0.0164984
0.0446295
0.0118635
0.0477799
0.635369
0.0910804
0.0172565
0.0286508
0.313521
0.0336951
0.0089894
0.0142886
0.0280479
0.00738846
0.00884769
0.0181442
0
0.0189819
0.0167055
0.0265455
0.721357
0.0280011
0.0807813
0.0142571
0.0164984
0.0219168
0.0238844
0.0467781
0.454484
0.104014
0
0.0189264
0.254673
0.0264149
0.0089894
0.00738846
0.0181442
0.0135886
0.0180837
0.364024
0.0144312
0.0113622
0.0150308
0.0468435
0.0198438
0.0102615
0.132981
0.00621381
0.0089894
0.00738846
0.0181442
0.042127
0.0144312
0.0874848
0.00646215
0.0089894
0.00738846
0.0181442
0.0713096
0.0559916
0.00646215
0
0.0226924
0.0226924
