0.00994931
0.020961
0.0110667
0.0126816
0.0103391
0.00688402
0.0126816
0.00691484
0
0.00939953
0.00688402
0
0.0447709
0.0073361
0.0339324
0.0158683
0
0
0.026168
0.00939953
0.0148968
0
0.0122875
0
0.18139
0.0073361
0.00722775
0.0181426
0.0158683
0
0.0334027
0.00960197
0
0.00896842
0
0.018441
0.0302047
0
0.00974997
0.0251696
0.317087
0.0192836
0.0151491
0.0181426
0.0314234
0.0256023
0.0162945
0
0.00758071
0.240674
0.00960197
0.0398144
0.0270177
0.018441
0.0465194
0
0.00974997
0.135545
0.00698862
0
0.327753
0.0212475
0.0151491
0.0181426
0.0444278
0.0237066
0.0135185
0
0.00758071
0.963759
0.00960197
0.00857387
0.100853
0.109978
0
0.00904145
0
0.010787
0.127673
0.0144338
0.00866702
0.00974997
0
0.208404
0.0323843
0.0134395
0.638696
0.00971977
0.0229342
0
0.0266438
0.0517313
0.0288727
0.0344871
0
0.0226594
1.00439
0
0.161473
0.128415
0.0100255
0.0178284
0.0103461
0
0.164014
0.0154893
0.0172491
0.0272899
0
0.247548
0.00663243
0.0140074
0.0113871
0.814424
0.0193069
0.0309324
0.00709663
0.00817207
0.0266438
0.0319056
0.0130044
0.0464336
0
0.00705144
0
0.981199
0.00877333
0.0166246
0.0560071
0.0753622
0.0169992
0.0100255
0.0341346
0.0228409
0.0315284
0.127193
0
0.0143448
0.0237208
0.0180284
0
0.295745
0.0135213
0.0279514
0.0113871
0.557646
0.0190815
0.0202265
0.0300775
0.00619073
0.0252102
0.0342272
0.0130044
0.0341492
0
0.0152687
0.982991
0.0182333
0.0162142
0.11526
0.0510142
0
0.0251493
0.00972293
0.0789235
0.0110243
0.0299175
0.0452319
0.0179429
0.00731352
0.272728
0.0396928
0.0139439
0.0113871
0.504637
0.0190815
0.0202265
0.0154147
0.00619073
0.00765725
0.0117463
0.0342272
0.0112789
0
0.00759869
0.832846
0.00945993
0
0.0955741
0.00803288
0.0162415
0.0498196
0.00972293
0.100499
0.0214966
0.0693748
0.0363362
0
0.25606
0.0126981
0.0139439
0.0614757
0.249252
0.0379832
0.00971977
0.0147016
0.0191671
0.00773642
0.0117463
0
0.0139706
0
0.637435
0.00945993
0.0206798
0.0253537
0.0355551
0.0101404
0.0500352
0.00972293
0.0925832
0.0214966
0.0455245
0.00916466
0.00747263
0.207398
0.00653829
0.0284759
0
0.197855
0.0757983
0.00971977
0.0218272
0.0191671
0.023628
0.0267025
0.0168802
0
0.0124502
0.00714093
0.337032
0.047452
0.0786231
0.0503469
0.0345686
0.0104803
0.0171818
0.010879
0.0228402
0.115688
0.0107815
0.0314646
0.0538581
0
0.00747263
0.258267
0.00626534
0
0.0523308
0.0379832
0.0210273
0.00760028
0.00671715
0.0156509
0.0743705
0.0172542
0.0426603
0.0240564
0.00737781
0.0146826
0
0.409879
0.0578555
0
0.0991409
0.110075
0.0873975
0.0306309
0.0340801
0
0.169846
0.0107815
0.0232368
0
0.00747263
0.105812
0.0132176
0.0114148
0.0208406
0.0322689
0.0221512
0
0.0384876
0
0.0429734
0.0355811
0.0299192
0.0155587
0.0782698
0.0250629
0.472004
0.00958816
0
0.09821
0.0521315
0.0328704
0
0.0274396
0
0
0.0593332
0.0225984
0.00826956
0
0.0924897
0.00689978
0.0381585
0.0115552
0.0200933
0.0196605
0.0221512
0.00658682
0.0162174
0.050622
0.0180609
0.0156828
0.0486049
0.0732538
0.0139244
0.0153064
0.0241115
0.266572
0
0.13729
0.0428734
0.0328704
0.0102724
0.036284
0
0.0601602
0.0115315
0
0.00826956
0.00957711
0.0169822
0.0774907
0.0143115
0.130148
0.0115552
0.0291754
0.0226557
0.00658682
0.024763
0.0256037
0.0180609
0.0156828
0.036284
0.0455932
0.00674979
0.022953
0.0233029
0.0221105
0.13784
0.010573
0.179271
0.0253135
0.0165561
0.00967473
0.00903698
0.0113071
0
0.0524255
0.023436
0.0147891
0.00839105
0.0164259
0.145143
0.0132814
0.0143115
0.168297
0.0222932
0.0291754
0.00715022
0.024763
0.0515571
0.0345003
0.036284
0.0455932
0.00613944
0.037922
0.0233029
0.0113851
0.13784
0
0.00781002
0.160555
0.0170162
0.019573
0.0105028
0.00903698
0.0213531
0
0.0445872
0.0345632
0.0147891
0.0232553
0.00904955
0.00832351
0.146872
0.0146193
0.181155
0.0222932
0.019632
0.0152809
0
0.024763
0.0638596
0.0164394
0
0.0236341
0.0317486
0.0233558
0.0228187
0.0113851
0.0859266
0
0.177195
0.0170162
0.0165023
0.0209414
0.0181271
0.0213531
0.0340736
0.00734905
0.0111272
0.0425206
0.0244034
0.00904955
0.0160055
0.102689
0.0146193
0.309017
0.0230353
0
0.0470017
0.0395058
0.0164394
0
0
0.0604349
0.0302633
0.0079636
0
0.0324911
0.0077231
0.09911
0.00808667
0.0111233
0.0181271
0.0100459
0.0325296
0.0149321
0.0111272
0.0436972
0.0240338
0
0.0160055
0.129136
0
0.457792
0.046634
0.00789806
0.0244474
0
0.0312394
0.00660878
0.00686177
0.00823102
0.0113851
0.0162142
0
0.113315
0.0205981
0.0181271
0.0100459
0.042829
0.00777496
0.0111272
0.028908
0.00779653
0.00832351
0.0946979
0.0138012
0
0.497073
0.0114874
0
0.00789806
0.0135915
0
0.0160746
0.00823102
0
0.0185059
0.0205981
0.00909015
0.00988298
0.00777496
0.0101801
0.0137536
0.00772929
0
0.0541221
0.251797
0.010456
0.00823102
0
0.00909015
0.00957826
0.00777496
0.0101801
0
0
0.0131286
0.149362
0.0404345
0.0130006
0
0.0183331
0
0.0111735
0.0130006
0
0.0122204
0.0183331
0
0.0111735
0.0130006
0.01527
0
0.0246358
0.0254962
0.0188004
0.0834074
0.0215831
0.00713357
0.014583
0.00770391
0.00726303
0.012902
0.0065223
0.0144981
0.382476
0.00699518
0.00711526
0.00801889
0.00946324
0.0431813
0.0396511
0.693776
0.144363
0.00713357
0
0.00770391
0.11941
0.012902
0.0447624
0.656872
0
0.00758057
0.0139921
0.0146835
0.016192
0.00946324
0.0520768
0.0396511
0
1
0.197155
0.00713357
0.0304124
0.00770391
0.136007
0.012902
0.0292168
0.667785
0
0.014852
0
0.0135934
0.00711526
0.00946324
0.0166765
0.0396511
0
0.781096
0.0114825
0.185481
0.00713357
0.0147591
0.00770391
0.187242
0.0260392
0.0292168
0.571072
0
0
0.00711526
0.0124153
0.00946324
0.0079356
0.117153
0.427176
0.172894
0.00713357
0.0147591
0.00774961
0.20104
0.0260392
0.00693755
0.044551
0.261735
0
0.00711526
0.0124153
0.0160904
0.095935
0
0.0175187
0.274949
0.161934
0
0.00756792
0.00871127
0.202283
0.012902
0.0304083
0.154812
0.0107371
0.0100483
0
0.00711526
0.0115733
0
0.0161997
0.058961
0.462768
0.0100091
0.0924367
0.0142874
0.00774961
0.11413
0.012902
0.00632044
0
0.0587724
0.0107371
0.0100483
0.0331304
0.0135387
0.00711526
0.0161997
0
0.404296
0.0610669
0
0.0290649
0
0.0679393
0.012902
0.0239705
0.00658725
0.0162492
0
0
0.0872717
0.0102913
0.0151714
0.0239705
0.00658725
0.010433
0.0102913
0.00658725
