0.00340537
0
0
0.656077
0.00259632
0.0186128
0.233401
1
0.105376
0.166241
0.0423092
0.0353826
0.103344
0.0490246
0.0153798
0.0201719
1
0.148526
0.0111916
0.0384243
0.998354
0.150731
0.00296647
1
0.00295366
0.00820684
0.00286457
0.0806613
0.927317
0.0878918
1.01227
1
0
0.0437346
0.00304625
0.890049
0.00546922
0.0057624
0
0.00278583
0.0057624
0.0056856
0.00593414
0.00261117
0.00284549
0.0987655
0.021609
0.666268
1
0.54627
1
1
0
0.425757
0.0282452
0.00270526
0.0103192
0.0336924
0.013065
0.00884076
0.219837
0.250765
0.527318
0.990045
0.355234
0
0.00300387
0.0191525
0.00293938
0.0445866
0.324855
0.384827
1.07879
0.0246735
0.00845122
0.00454872
0.00537795
0.0213823
0.252056
0.988074
0.541856
0.0105785
0
0.0224415
0
0.0289814
0.314097
1
0.127076
0.00728262
0.013932
0
0.0591192
0.00479669
0.0086566
0.0982039
0.0056038
0
0.0286375
0.00291787
0.00296647
0.826469
0.00591504
0.00319779
0.0425171
0.00296647
0.00436957
0.00295746
0
0.00873914
0
0.0057624
0.0645057
0.00350076
0.0144054
0.0616391
1.00875
0.999895
0.98604
0.0432803
0.220034
1.02042
0.314237
0.424004
0.28579
0.216241
0.845931
0.364147
0.00273324
0.00279618
0.00372714
0.00273324
0.00988372
0.00284313
0.00423588
0.364183
0.214685
0.00271291
0.0881666
0.0091803
0.00344056
0.00296511
0.0144211
0.0178799
0.00937758
0
0.00296511
0.00303439
0.102167
0
1
0.00296511
1
0.287947
0.00282435
0.00271291
0.00271291
0.0114358
0.00867438
0.00568476
1
0.00261725
0.00829451
0.00652079
0.00261498
0.00839797
0.00288321
0.0222013
1
0
1
1
0.00270158
0.00270158
1
0.00589721
0.00269391
0.011379
0.0282051
0.103479
0.801391
0.0116268
0.39698
1
1
0.0025857
0.00270158
0.00270158
0.839549
0.0734982
0.478652
0.97595
0.00527489
0.49183
0.00351816
0.329589
0.00574944
0.00260295
0.00281327
0.00731013
0.436364
0.0450533
0.00510684
0.00251775
0.00246271
0.227316
0.00647829
0.00289806
0.00286708
0.00252687
0.00295047
0.02698
0.00269622
0.00390462
1
1
0.0164811
0.00296259
0.00262031
0.00246271
0.0332665
0.00421145
0.00278582
0.0321809
0.00246271
0.0026501
0.00494186
0.00259677
0.0657344
0.18589
0.00538697
0.00548363
0.00564785
0.00842107
0.00818055
0.0162676
0.00298854
0.822468
0.0191208
0.0101734
0.00750889
0.0400387
0
0.00750889
0.0140757
0.0026604
0.0549883
0
0.00750889
0.00298854
0.00298854
0.244026
0.00806996
0
0.00606947
0.00564003
0.00251102
0.0104508
0.00246271
0.00246202
0.00246271
0.070258
