0.00742789
0.00967646
0.125555
0.0262641
0.0765483
0.272064
0.0954794
0.0262641
0.305413
0.0123385
0.437403
0.105522
0.0520819
0.383584
0.021182
0
0
0.0123385
0.196112
0.0176611
0.00769891
0.0142631
0.0961243
0.0167469
0.199389
0.294017
0.021182
0
0.0123385
0.2467
0.0176611
0.00769891
0.0142631
0.127543
0
0.292974
0.308817
0.021182
0
0.0123385
0.27727
0.0176611
0.00769891
0.0142631
0.127125
0
0.254763
0.274382
0.021182
0
0.0123385
0.313552
0.0176611
0.00769891
0.0142631
0.0577783
0
0.239736
0.0071289
0.240572
0.021182
0
0.0123385
0.165561
0.0176611
0.00769891
0.0142631
0.019855
0.201553
0.0071289
0.205307
0.021182
0
0.0123385
0.0972348
0.0176611
0.00769891
0.0129405
0.137961
0.0134595
0.0642875
0.0069567
0.14213
0.0846848
0.00773129
0.0303894
0.0069567
0.00775413
0.0146795
0.341934
0.0125728
0.061136
0.0226083
0.27053
0
0.0420288
0.00688757
0.0250706
0.0069567
0.0182166
0.0285904
0.747009
0.0501073
0.0258697
0
0.0116012
0.262743
0.0070737
0.0420288
0.00688757
0.036985
0.0069567
0.0182166
0.0285904
0.488014
0.130365
0.0946491
0.013246
0
0.0116012
0.134483
0.0420288
0.00688757
0.0250706
0.0069567
0.0182166
0.0118537
0.0285904
0.186585
0.130365
0.0946491
0.013246
0
0.0116012
0.127064
0.0420288
0.00688757
0.0250706
0.0069567
0.00911521
0.0118537
0.0285904
0.120041
0.130365
0.0865302
0.013246
0
0.0212367
0.127064
0.0211403
0.00688757
0.0131799
0.0069567
0.0182166
0.0295334
0.0118537
0.00801966
0.120041
0.102062
0.0119004
0.0155295
0.00900064
0.078391
0.0374495
0
0.0116012
0.127064
0.0306677
0.00671487
0.00874844
0.0118537
0.00888913
0.18925
0.0602023
0.0165104
0.0622175
0.0110071
0.0558718
0.0260001
0.00969692
0.0637672
0.00955976
0
0.01905
0.0133095
0.00642131
0.0113788
0.0113788
