0.00931833
0.0283409
0.291182
0.0283409
0.848343
0.0283409
0.651412
0.0283409
0.651412
0.0283409
0.651412
0.0283409
0.651412
0.0283409
0.651412
0.0283409
0.651412
0.0169081
0.381574
0.186797
0.0604395
0.0156868
0.0230302
0.052814
0.015536
0.107623
0.0544378
0.219423
0.0072117
0.00814387
0.0556842
0.0664515
0.00731946
0.015536
0.00701075
0.181344
0.0671318
0.0650767
0.564303
0.0072117
0.00784225
0.154425
0.0124302
0.0663975
0.00790518
0.0143215
0.111824
0.0223331
0.0681379
0.0823701
0.861924
0.00784225
0.175055
0.0193029
0.0105465
0.0656811
0
0.00790518
0
0.00646179
0.0102206
0.010691
0.046447
0.0150495
0.0404085
0.528562
0.00718156
0.0183541
0.00711865
0.00678271
0.0180861
0.0264711
0.0196688
0.0105109
0.0105109
0
0.0140946
0.0842473
0.134471
0.0150112
0.0188481
0
0.0467586
0.0107861
0.121083
0.0150112
0.0129453
0.069593
0.0772847
0
0.148565
0.0234383
0.00734788
0.0821032
0.702231
0
0.203939
0.0319274
0.00749675
0.0113195
0.0146983
0.105653
0.991483
0
0.203939
0.0319274
0.00749675
0.0113195
0.0146983
0.105653
0.991483
0
0.177748
0.0319274
0.00749675
0.0113195
0.0146983
0.127823
0.991483
0
0.162936
0.0404353
0.00749675
0.0113195
0.0146983
0.127823
0.991483
0.150392
0.0476409
0.00749675
0.0113195
0.0146983
0.127823
0.991483
0.0694243
0.0085079
0.00749675
0.0113195
0.0146983
0.0713904
0.991483
0.0546452
0.0085079
0.00749675
0.0113195
0.00735918
0.047402
0.721113
0.0546452
0.0085079
0.00749675
0.0113195
0.047402
0.0419884
0.0546452
0.0085079
0.00749675
0.0113195
0.047402
0.0546452
0.0085079
0.00749675
0.0113195
0.047402
0.0113195
0.00608556
0.0151531
0.0106697
0.00627573
0.0128492
0.0151531
0.0105085
0.0210911
0.0644834
0.0374809
0.00719327
0.0117624
0.0259915
0.0435023
0.340265
0.0504316
0.0463112
0.0185433
0.0123131
0.009573
0.032161
0.0358099
0.0337173
0.0175875
0.0544981
0.0382491
0.0233228
0.011446
0.0352763
0.0445414
0.0193531
0.00680741
0.789803
0.123083
0.0629778
0.0185433
0.0123131
0.009573
0.0205582
0.0419834
0.00738429
0.0172192
0.0433855
0.0382491
0
0.0317087
0.013312
0.0539159
0.0295292
0.744232
0.102737
0.0642673
0.0181935
0.0205582
0.00871351
0.0248552
0.021858
0.00753695
0.027661
0.009482
0.021858
0.0127761
0.00721214
0.00727912
0.0127761
0.00721214
0.00727912
0.0127761
