0.00286099
0.0801367
0.0163686
0
0.174423
0.501439
0.204606
0.317561
0
0.00344794
0.00558858
0
0.0116019
0.0114929
0.159317
0.673061
0.709758
0
0
0.00587506
0.0057501
0.15828
0
0.912329
1.05367
0
0
0.00373526
0.00286099
0
0.0668792
0
0
0
0
0
0.087995
0
0.00717849
0.0179293
0
0.00589197
1.05765
0.3121
0.993767
0
0.0417756
0
0
0
0.00650185
0.197505
0.00497201
0.686922
0.46741
0.998049
0.00801008
0.22678
0.160393
1
0.0082645
0.692191
0.00529666
0.00809499
0.0273088
0.162772
0.105792
0.996831
0.00256452
0.00285913
0.00258661
0.00258734
0.00259944
0.00254264
0.00828026
0.00254264
0.0218516
0.0191421
0.00255848
0.0273781
0.00270628
0.0112831
0.0025574
0.0274131
0.00285372
0.157653
0.212574
1.00889
0.0591596
0.00273217
1.00613
0.00708509
0.00253796
0.0404596
0.00270833
0.00546137
0.00258734
0.0134111
0.00269061
0.00790206
0.0106451
0.00258734
0.00765333
0.00282522
0.00550738
0.125924
0.0387986
0.99374
0.978356
0.00332216
0.0134975
0.0146979
0.0120089
0.0109561
0.00278559
0.00271649
0.105002
0
0.00624335
0.00272595
0.33807
0
0.99145
0.00289282
0.0214093
0.0190404
0.00254264
0.00254264
0.931603
0.00259477
0.00259477
0.00933525
0.00259477
0.00259477
0.0613527
0.0555512
0.0151311
0.113901
0.00257296
0
0.0157827
0.0186376
0.147425
0.00278713
0.0248945
0.00238106
0.016095
0.0174608
0.454606
0.136985
0.00338449
0.0111205
0.0150333
0.00255513
0.0108018
0.017376
0.00265173
0.0025574
0.0247092
0.00279837
0.0025574
0.012329
0.0284776
0.0111166
0.791648
0.00274889
1.00584
0.00277734
0.0161134
1.00378
0.0046584
0.0028486
0.0028486
0.0069876
0.800498
0.00265269
0.0150095
0.0296826
0.0296798
0.0104845
0.0124361
0.00264061
0.00559869
0.00290176
0.00290176
0.0156685
0.716768
0.00288345
0.0144173
0.0124966
0.0110633
0.858244
0.00290176
0.00290176
0.0124361
0.00273037
0.0619831
0.0777084
1
1.00605
0.00289119
0.002681
0.00257853
0.00288454
0.0540916
0.00603938
0.00296148
0.0216259
0.0228706
0.002681
0.880645
0.00346662
0.00876866
0.00288454
0.00346793
0.00288454
0.00376245
0.0288454
0.00302783
0.00286524
0.0214893
0.00286524
0.00286524
0.00306991
1
0.00256134
0
0.00387474
0.0311125
0.00311709
0.00260625
0
1.00202
0.28414
0.00259638
0.0380062
0.00517515
0
0.00265496
0
0
0.00256134
0
0.00866824
0.00278384
0.0602951
0
0.00255734
0
0.00360997
0.00285923
0.00950207
0.00875382
0.00265566
0.00789004
0.00298599
0.00993098
0.0163377
0
0.0199062
0.0155018
0.00303439
0
0.010817
0.00268651
0.0277063
0
0
0.0106603
0
0.00275355
0.0248625
0
0.00570999
0
0.0100747
0
0
0.028159
0.0569747
0
0.00551489
0.952349
0.00284274
0.00285387
0.0135909
0
0.0405645
0
0.00554255
0.002915
0
0.00565408
0.0167152
0.0618227
0.00565408
0.00565408
1
0.999737
0.038568
0.00851845
0.997516
0.00562521
0.0111719
0.0119699
0.0184335
0.0111719
0.0124132
1
0.710035
0.00721136
0.00830749
1
0.00268016
0.536839
0.526336
1
0.00558338
0.0103838
0.159519
0.533177
0.993755
0.00579663
0.0161548
0.00256115
0
0.0672731
0.00785488
0.253825
0.274745
1
0.538684
0.00922401
0.00282433
0
0
0
0.00691444
0.00283405
0
0
0.00286022
0.00263496
0.00906828
0.00846158
0.00285165
0.00397396
0.0211026
0.0183749
0.0118633
0.011205
0.0729015
0.0072684
0.0390805
0.167461
0.694176
0.00277219
0.00246693
0.00540731
0.00288667
0.010374
0.00252825
0.00565198
0.0175139
0.00249773
0.00258173
0.00298372
0.00258716
0.00416289
0.0140137
0.00331967
0.0322463
0.00273575
0.00249773
0.00249773
0.00283718
0.00288876
0.0198895
0.0026756
0.00564421
0.0107969
0.0107582
0.00834131
0.0055587
0.00273575
0.00834131
0.0192955
0.00281456
0.0139794
0.0899607
0.991912
0.00501852
0.0831208
0
0.0266265
0.00281781
0.00255399
0.00247385
0.00692311
0.00281627
0.00264306
0.00276531
0.00274364
0.00331882
0.0028336
0.00344072
0.00835277
0.00289237
1.00406
0
0
0.00797809
0.00289237
0.002961
0.00834131
0.00505425
0.00854821
0.0087336
0.00869573
0.270349
0.00262017
0.00262171
0
0.0488896
0.010761
0.00800609
1
0
0.0221462
0
0
0.00273525
0.0135353
0
0.00276569
0.00265404
0
0.00264669
0
0.00277625
1.0178
0.00303915
0.00276531
0.00799941
0.003388
0.00251466
0.127009
0.00595488
0
0.00265032
0.00294475
0.00261317
0.377021
0.00801548
1
0.00557843
0
0.00255399
0.00248816
0.00251017
0.00288667
0.00565236
0.00301363
0.00565236
0.00276569
0.00284383
0
0.00355478
0.991525
0.0110353
0.00479453
0.00633147
0.0142994
0
0.00929571
0.00259441
0.00827001
0.00391948
0
0.0361646
0.00508257
0.00285933
0.0498796
0.215123
0
0.00390821
0.0058162
0.00552457
0.0025726
0.0498796
0.010253
0.0677048
0.0059494
0.493345
0.0137037
0.0810048
0.0498975
0.00760556
0.00290484
0.00255399
0.00761786
0.00761571
0.0165918
0.0492937
0.00761786
0.00273575
0.00263331
0.00578507
0.00761786
0.0407879
0.00761786
0.0035159
0.516632
0.0583022
0.0055994
0.00278608
0
0.0739162
0.0580734
0
0.0052239
0
0.414035
0.00264049
0.0568448
0.00308802
0.00584067
0.00948985
0.00265379
0.00264049
0.00286483
0.0175468
0.108966
0.00406708
0
0.00548744
1.11537
0.00276553
0.00691276
0
0.00276569
0.00959917
0.00276569
0.0387789
0.809686
0
0.00275971
0
0
0
0.00284848
0
1
0.00285111
0.0075984
0.0256113
0.849672
0.00292942
0.00846158
0.00248543
0.0026133
0.00248543
0.00338922
0.737027
0.00846158
0.13593
1
0.0112238
0.00266191
0.0550394
0.00277091
0.0112238
0.0071946
0.0137599
0.599563
1
0.110573
