0.0187781
0.00657636
0.00546976
0.307128
0.167715
0.14738
0.564784
0.811683
0.675889
0.942398
0.00589805
1
0.32561
1
0.00614816
0.694615
0.374552
1
0.463423
0.25124
1.03364
0.321246
0.0357874
0.0110942
0
0
0
0.00595823
0.00548458
0.00555496
0.0274866
0.212487
0.989763
0.0112581
0.00285706
0.00274912
0.00284156
0.00362364
0.00269006
0.00286726
0.00259296
0.0057128
0.0026341
0.00276511
0.00279679
0.00856562
0.106652
0.0551803
1.0233
0.0149947
1.00081
0.0394822
0.00269322
0.00266187
0.0135096
0.0584842
0.00263879
0.00267832
0.0108909
0.0198556
0.00296241
0.00276492
0.0112321
0.0240269
0.100345
1
0.00908618
0.00371832
0.0102326
0.00272677
0.00278994
0.00272677
0.00273202
0.991753
0
0
0.0084038
0.0225924
0.0110222
0.00257814
0.0107825
0.00528482
0.134122
0.00345076
0.00528593
0.00261111
0.0107825
0.00528482
0.0034528
0.00554493
0.478541
0.0407581
1
0.00286941
0.00625259
0.0404234
0.0205867
0.00263382
0.00272677
1.00457
0.00272677
0.00367405
0.0182811
0.00272677
0.0192888
0.0617874
0.00262396
0.0476567
0.0152535
0.228795
0.00259377
0.00549764
0.160764
0.00331598
0.00833949
0.00549764
0.0140405
0.598728
0.00262991
0.0879232
0.0148485
0.0106691
0.00890117
0.00909567
0.00273433
0.00274912
0.0137835
0.00530092
0.0125111
0.00685649
0.787055
1
0.0166349
0.985374
0.00480916
0.00294079
0.00294079
0.00721374
0.769245
0
0
0
0
0
0.0168672
0.0947858
0.0121719
0.00276138
0.0146796
0.865361
0.0624971
0
0.0126902
0.0783528
0.464769
1.01439
0.00279707
0.0222079
0.0028627
0
0.00309114
0.0117524
0.115493
0.00308546
0
0.00297819
0.0894833
0.977194
0.0323958
0.010485
0.00878447
0.010571
0.00269224
0
0.00304761
0
0
0.00297921
0.940197
0.20942
0.00531123
0.00298942
0
0.00253184
0
0
0.0193239
0.00298278
0.0316437
0.0201826
0.977743
0.00298278
0.00470524
0.00744872
0.00312592
0
0.0059574
0.00714938
0.00298278
0.969924
0.403603
1
0.00319583
0
0.949756
0.587129
1
0.0526767
0.501274
0.950421
0.489941
0.896068
0.0110287
0.0145536
0.00252336
0.0161457
0.230989
0.29155
1
0.00301703
0.00270082
0.00965377
0.0061664
0.00353069
0.0192661
0.0135951
0.0336887
0.0964371
0.0026023
0.00260303
0.00317312
0.00260303
0.00260376
0.00264427
0.00271263
0.00280885
0.00266669
0.00271
0.00280885
0.00280885
0.00280885
0.0130366
0.016143
0.00280885
0.00295212
0.00521556
0.00279333
0.0998279
0.00279333
0.00279333
0.00261195
0.00559409
0.0310978
0.0324122
0.00279333
0.779165
0.0496615
0.00286959
0.00270389
0
0.00260303
0.00259113
0.00266697
0.00247507
0.00247507
0.00247507
0.00295012
0.992448
0.00517211
0.00554201
0.00428997
0
0.00264427
0.00314053
0.0298932
0.00275603
0.00271096
0.00528703
0.0139315
0.00517211
0.0137194
0
0
0.0989124
0.00292318
0.00271096
0.00309936
0.0052971
0.00252034
0.00609244
0.0991973
0.0304269
0
0.00844917
0.994935
0.0152966
0.00271096
0.00281716
0.00271096
0.00259467
0.00271096
0.00271096
0.00257587
0.0135548
0.00271096
0.00420717
1.00245
0.00296764
0.0112992
0.0132554
0.00849488
0.00721164
0.00278776
0.142655
0
0.00311893
0.0173541
0.00517484
0
0.00373017
0.00260649
0.00308078
0.350061
0.0110423
0.00280896
0.00808049
1.00277
0.00273097
0
0.00550897
0.00504468
0.00531003
0.00259113
0.0025145
0.00278008
0.00257587
0.00247507
0.124452
0.00406716
0.00257587
0.0061788
1.0068
0.0193552
0.00487664
0.00280885
0.00614963
0.0428501
0.0361973
0.175586
0.00291256
0.0162552
0.0525655
0.0336816
0.00280883
0.0439336
0.00615869
0.447328
0.0028219
0.0287642
0.02525
0.0113772
0.00250149
0.00292474
0.00259113
0.0106463
0.00259113
0.00259113
0.114252
0.0522717
0.0203715
0.0114861
0.118646
0.00594871
0.00268163
0.00458881
0.00727421
0.00867677
1
0.444312
0.00558228
0.00487196
0.548747
0.404174
0.350591
0.0678606
0.402925
0.00249747
0.00848674
0.0124873
0.00249747
0.00814194
0.00312183
0.00249747
0.241579
1
0.110573
