0.024827
0.00842205
0.397032
0.0363846
0.0116892
0.0491907
0.0868805
0.928741
0.0841376
0.00258974
0.00927281
0.0342555
0.223532
0.00272276
0.019514
0.00248392
0.00255675
0.0372587
0.0162452
0.00587922
0.0139816
0.0116723
1
0.0434185
0.295769
0.0616774
0.0138374
0.00927643
0.0365473
0.00576106
0.0209585
0.0093112
0.0339712
0.167015
0.0117224
0.00686426
0.22869
0.0708667
0.016123
0.00597439
0.00268507
0.0363159
0.00283575
0.0273522
0.104857
0.00547043
0
0.989113
0.547634
0.0115074
0.0028085
0.00542693
0.00291037
0.170562
0.0161247
0.00291957
0.0040037
0.00288107
0.895523
0.0134254
0
1
1.00416
0.00283727
0.00284414
0.0699959
0.00289804
0.193363
0.0119784
0.992214
1.0041
0.0110755
0.115384
1.04207
0.0162638
0.986211
1
1
0.635761
0.0029082
0.433652
1
1.0099
1
0.756882
0.368071
0.00260202
1
1
0.00891915
0.00807713
0.00807636
0.010229
0.00272221
0.00274542
0.821138
0.0520454
0
0
0
0
0
0
0.00358366
1
0.0868138
0
0
0.0134339
0.00308549
0.00298921
0.00520344
0.110573
0.0389114
0.0471753
0.0596988
0.108872
0.0681539
0.00262639
0.00569194
0.0128475
0.00251939
0.00262639
0.0270049
0.00269087
0.00289821
0.0221341
0.00263506
0.00269087
0.00350982
0.0119528
0.00289821
0.0429577
0.998072
1.00547
0.00253236
0.00246693
0.00345321
0.00556616
0.00268677
0.00305899
0.0025597
0.00542897
0.00267856
0.0281473
0.208704
0.00292144
0
0.00552147
0.026886
0.00896135
0.00852607
0.00518768
0.00292144
0
0.00292144
0
0.00280003
0.00278304
0
0.0154208
0.00350686
0.0388159
0.0068734
0.0420303
0.00586548
0
0.00271333
0.00262471
0.00372429
0.0342111
0
0.010801
0.0144881
1
0.00305812
0.0028054
0.00417922
0
0
0
0
0
0.00268985
0.0209731
0.0093678
0.053318
0.0902041
0
0
0.00351229
0.0269162
0
0.00259297
0
0
0.00312798
0.00318453
0.0252024
0.0853291
0
0.00263712
0
0.00264179
0.00280936
0
0.00280392
0.00887369
0.00297223
0.810625
0.122458
0.00537581
0.00271333
0.00310136
0.00266451
0.0114979
0.158566
0.00403694
0
0.00517952
0
0.00365972
0
0.00896955
0
0.00537764
0.00269087
0.00269764
0.00698081
0.0275506
0.0420444
0.0143753
0.0274532
0.00249808
0.0119528
0.00297881
0
0.00265699
0.00822019
0.00594151
0.00544168
0
0.0307071
0.00589084
0
0
0.00271333
0.00269977
0
0.005672
0.00273446
0
0
0.005672
0.83368
0.00305116
0
0
0.00400692
0
0
0
0.0100626
0.0327569
0.00311031
0.00588208
0.00255708
0.00289765
0.00296822
0
0
0.00267604
0
0.00267604
0.492884
0.0133118
0.0145808
0
0
0
0.00267604
0.992634
0.0064662
0.00861698
0
0.00568868
0.00848629
0
0.00296282
0.00861698
0.00834791
0
0
0
0.00850702
0.00530846
0.0156325
0.0112548
0.00268335
0.0175171
0.0100177
0.00291146
0.013185
0.00513815
0.00544168
0.0182589
0.00279866
0.0185175
0.00305921
0
0.0372626
0.00292144
0.0147579
0.109553
0
0
0.00314122
0.00265969
0.0219323
0.0193078
0
1.06478
0.00272575
0.0080028
0.0165144
0.972664
0.00262269
0.00250406
0.00365783
0.00894254
0.00273509
0.00567507
0
0
0
0.00810873
0.206569
0.00810873
0.81322
0.129925
0.00299774
0.00292059
0.00251265
0.00251265
0.00307
0.00251265
0.00243177
0.00251265
0.00256772
0.00418775
0.00250406
0.00250406
0.00250406
0.00250406
0.0608703
0.00799542
0.00561738
0.00252024
0.00252024
0.00252024
0.0134035
0.00540549
0.00254902
0.00299774
0.00299774
0.00299774
0.00299774
0.0229057
0.00869163
0.00339092
0.0106577
0.00311685
0.044905
0.0027306
0.0115838
0.0102055
0.014989
0.00423027
0.00249591
0.0412672
0.00262958
0.00249591
0.00239275
1
0.0818466
0.0103663
0.00296254
0.0117947
0.00303582
0.0223017
0.00249591
0.00725348
0.00251923
0.0124345
0
0
0.00325553
0
0
0.478846
0.0106967
0.141258
0.00305129
0.00275505
0.00296895
0.0127369
0.00296811
0.00299024
0
0.0029773
0.00454773
0.00298156
0.00289589
0
0.00299604
0.00574702
0.130664
0.0392055
0.10687
0.00398785
0.110505
0.00263583
0
0.00299604
0.00292442
0.0216527
0
0.0086752
0.0224709
0.0109502
0.0178632
0.50709
0.00801452
0.00537733
0.0118201
0.972786
0.0254959
0.00287869
0.00874094
0.908673
0.00863958
0
0.0271511
0.00647969
0.00270168
0.00298637
0.00302526
0.00300225
0.00296811
0
0.00300225
0.00263185
0
0.00375682
0.0521957
0.0106921
0.0777563
0.146244
0.00960649
0
0
0.00304387
0.362103
0
0
0.00834895
0
1
1
0.00265732
0.00523034
0
0
0.00302973
0.00299712
0.0125332
0.0520181
0.143581
0.0809398
0.0574121
0.00303
0.00319873
0.0160536
0.0783179
0.0029764
0.00267474
0
0.00545559
0.00292442
0
0.0127446
0.0160536
0
0.00593311
0.00292442
1.01417
0.0856924
0.00267561
1.02167
0
0
0
0
0
0
0
0.0170711
0.0245855
0
0.0026091
0.0026544
0.0065168
0.0623471
0.00312316
0
0.00785626
0.011352
0.00247041
0.00267561
0.00265804
0.00670273
0.361428
0.0186398
0.00267561
0.00820635
0.002769
0.00247041
0.0662013
0.993239
0.0105875
1
0.00287987
0.00824031
0.0118073
0.0131883
0.00278612
0.00538147
0.00559441
0
0.0141647
0.00524355
0
0.0039392
0.00823611
0.129797
0.0269984
0
0.00402164
0.940209
0.0191198
0.998769
1
0.324434
0.57226
0.6052
0.562058
0.420571
1
0.0174649
