0.0610934
0.15365
0.15365
0.15365
0.15365
0.15365
0.15365
0.15365
0.15365
0.15365
0.0292667
0.00802159
0.080406
0.0115721
0.0292667
0.00802159
0.59466
0.0881956
0.022734
0.0258035
0.771695
0.010545
0.181684
0.022734
0.0436018
0.889325
0.010545
0.181684
0.022734
0.0155023
0.0436018
0.997967
0.010545
0.210915
0.022734
0.0436018
0.978071
0.010545
0.210915
0.022734
0.0436018
0.978071
0.010545
0.220441
0.0112451
0.0436018
0.978071
0.010545
0.220441
0.0112451
0.0436018
0.978071
0.0760102
0.010545
0.4862
0.00745984
0.02582
0.678278
0.0738313
0.010545
0.204725
0.0177984
0.534193
0.324649
0.010545
0.140869
0.311986
0.0382033
0.0107525
0.122319
0.0366114
0.0183247
0.00822842
0.0297201
0.0909501
0.0909501
0.0909501
0.0909501
0.0909501
0.0909501
0.0909501
0.0909501
0.224659
0.188346
0.0430312
0.058776
0.0133477
0.050334
0.0170773
0.0588174
0.270897
0.00758527
0.0428621
0.0769892
0.0170773
0.0588174
0.278901
0.00758527
0.0277143
0.254909
0.0170773
0.0444137
0.285846
0.00758527
0.0277143
0.401252
0.0170773
0.0444137
0.285846
0.0219079
0.0675799
0.611636
0.0170773
0.0444137
0.301149
0.0214425
0.053953
0.604118
0.0170773
0.0444137
0.301149
0.0214425
0.053953
0.604118
0.0170773
0.0444137
0.301149
0.0214425
0.053953
0.604118
0.0170773
0.344759
0.00836781
0.0406052
0.604118
0.0170773
0.341625
0.00666745
0.0274103
0.573765
0.0161657
0.25402
0.0130438
0.46414
0.23119
0.152657
0.275505
0.275505
0.0205863
