0.37816
0.147949
0.050744
0.687848
0.0153243
0.131448
1
0.219799
0.0155648
0.0088068
0.0508539
0.731982
0.235045
0.138026
0.122159
0.257264
0.177788
0.0408471
0.252988
0.200648
1
0.156792
0.061957
0.775826
0.159581
0.00711105
0.0228933
0.0591552
0.02293
0.745806
0.47604
0.0844506
0.248218
0.237421
0.00257003
0.00264925
0.00276336
0.00295178
0.0243293
0.0630194
0.31632
0.0151088
0.0217593
0.005997
0.00297321
0.0243293
0.0464578
0
0.0126505
0
0
0.00297321
0.00300223
0.0578471
0.00300223
0.0489159
0
0.00300223
0.00300223
0.00612603
0.0578861
0.250025
0.0980877
0.309163
0.611304
0.095211
0.00710378
0.0125874
0.00278042
0.00550016
0.00257003
0.0357365
0.068854
0.355664
0.00304229
0.00282428
0.00258842
0.00286975
0
0.0468872
0.0689075
0.0168715
0.00281792
0.00310743
0.0469237
0.322372
1.04308
1.03531
0.394109
1.00374
0.236518
0.0273011
0.0110362
0.116041
0.00303477
0.00790521
0.00850244
0.0161687
0.116935
0.151952
0.0107143
0.127294
0.0164078
1
0.996012
0.00284357
0.00597292
0.104616
0.00608127
0.00295178
0.0657158
0.0442767
0.00277266
0.488215
1.04246
0.00304637
0.00290105
0.00275623
0.06515
0.00635859
0.00484501
0.00547988
0.0313094
0.00290105
0.00257883
0.163409
0.00292637
0.0658561
0.0112033
0.0180134
0.00547108
0.847194
0.0084658
0.0937633
0.00255426
0.0925835
1.0059
0.731705
0.00811114
0.0239914
0.0112586
0.381191
0.0271976
0.011131
0.0129007
0.148926
0.00743971
0.00288717
0.0428764
0.998311
1
0.00291378
0.0598619
0.165045
0.533585
0.980572
0.0107211
0.202375
0.429403
0.881844
0.0108679
0.00263265
0.322175
0.00413862
0.951687
1
0.99568
0.0113582
1.01491
0.0321788
0.192129
0.740652
0.19914
0.00291654
0.0150485
0.00538361
0.00293344
0.168686
0.00251767
0.994237
1
1
0.00836238
0.584376
0.0462974
0.762095
0.0998682
0.00297713
0.00293462
0.0110266
0.0437799
0.00303571
0.0110544
0.0703062
1.02
0.99026
0.0490634
0.0668677
0.1332
0.00899887
0.0379672
0.145372
0.702211
0.0146554
0.00606525
0.160778
0.00823293
0.0149653
0.164009
0.996668
0.884336
0.219072
0.0247549
0.00267328
0.0727831
0.00601716
0.110013
1.00533
0.00601716
0.0423429
0.00560405
0.00601716
0.0095673
0.00282194
0.00289908
0.00601716
0
0.00307747
0.00290991
0.0152962
0.0025634
0.121538
0.137272
0
0.118548
1.00032
1.00665
0.76562
0.739718
0.00298661
0.0141746
0.194369
0.349951
0.00899535
0.00280193
0.00278862
0.00280522
0.186597
0.003276
0.999758
0
1.00033
0.00280522
0.00286339
0.095558
0.00291898
0
0.00287309
0
0.0705904
0.00969645
0.0976655
0.555972
1
0.003099
0.00287112
0.0808644
0
0.00791189
0.0579715
0.00366872
0.00280522
0.282442
0.00283025
0.00458885
0.118591
0.0091777
0.128484
0.00280161
0.127169
0.974472
0.99115
0.00792142
0.0256548
0.0143551
0.00260939
0.01413
0.00286264
0.823827
0.0548727
0.0112767
0.0739988
0.70807
0.025474
0.0700867
0.865529
0.0179112
0.0429979
0.0818607
0.87136
0.00304234
0.0151147
0.130514
0.939509
1
0.184201
0.634099
0.735258
1.00025
0.0145901
0.00390951
0.048978
0.170166
0.968843
0.0030497
0.00561992
0.00297705
0.0030497
0.248884
0.00443287
1.00162
1.00318
0.0120855
0.786195
0.00832415
0.00391923
0.0199631
0.116541
0.165759
0.00292792
0.00453806
0.00559655
0.00292792
0.154747
0.00761948
1
1
0.0183481
0.274736
0.403215
0.465927
0.0387904
0.00765563
0.00281508
0.0103001
0.921431
0.0273669
0.0979273
0.0143814
0.0274137
0.064166
0.014406
1
0.0755222
0.118897
0.00299956
0.0507399
0.374575
0.0384569
0.0424795
0.0698149
0.0384842
0.559244
0.455915
0.167595
0.0235338
0.0318475
0.0417168
0.358874
0.184521
0.111653
0.148493
0.148759
0.0748607
0.019038
0.833848
1.00569
0.00296335
0.00277627
0.047513
0.188135
0.889551
0.00785278
0.00773485
0
0.0622121
0.119866
0.118955
0.852521
0.989644
0.0119228
0.0117764
1
0.0694036
