0.0369465
0.0433892
0.0117234
0.0117234
0.0607509
0.0193364
0.0579964
0
0.0117111
0.012684
0.0430695
0.123539
0.0117234
0.0341488
0.0299598
0.291209
0.0801428
0
0.0117111
0.012684
0.017699
0.0430695
0
0.115448
0.0117234
0.0133144
0.204783
0.338629
0
0.0117111
0.012684
0.00847125
0.0673083
0
0.0140874
0.0387857
0.0117234
0.204783
0.196408
0
0.012684
0.00847125
0.175816
0.0140874
0.0104927
0.204783
0.0284541
0.171807
0.0647766
0.0072729
0.0299893
0.0294319
0.204783
0.0209101
0.00771713
0.0426223
0.204783
0.0209101
0.00771713
0.0426223
0.204783
0.0209101
0.00771713
0.0426223
0.204783
0.0209101
0.00771713
0.0426223
0.316817
0.0143446
0.0174223
0.0421249
0.0210391
0.0299055
0.0210391
0.0299055
0.0210391
0.0299055
0.0373126
0.0309139
0.0299055
0.0210391
0.0299055
0.118463
0.00768691
0.0210391
0.0463437
0.0743862
0.00865334
0.0210391
0.0299055
0.189652
0.00817098
0.116518
0.0210391
0.123151
0.0106305
0.489872
0.172611
0
0.0068905
0.0137521
0.0111744
0.0171292
0.0307461
0.108511
0.0106995
0.0106305
0.0132023
0.260682
0.191437
0
0.0068905
0.0434092
0.0324787
0.204207
0.0106995
0.0106305
0.00847124
0.41088
0.191437
0
0.126299
0.0106995
0.191944
0.198642
0.0431586
0.061759
0.0106995
0.172872
0.00755938
0.198642
0.0431586
0.172872
0.00755938
0.206227
0.0340497
0.172872
0.00755938
0.227582
0.00840268
0.172872
0.00755938
0.227582
0.00840268
0.0377401
0.273842
0.0512434
0.00920705
0.0226922
0.0454685
0.0226922
0.00920705
0.0542828
0.0226922
0.00920705
0.0542828
0.00801159
0.0308631
0.00920705
0.0542828
0.00801159
0.142665
0.00920705
0.0542828
0.00801159
0.0299685
0.00920705
0.0542828
0.00801159
0.116276
0.00920705
0.0542828
0.00801159
0.0491267
0.572006
0.0542828
0.00801159
0.0326953
0.473642
0.0685745
0.0350509
0.320751
0.0542828
0.256801
0.0142241
0.109254
0.0211563
0
