0.198797
0.198797
0.198797
0.0165209
0.0297662
0.0165209
0.0246068
0.35368
0.0238243
0.0246068
0.544458
0.0238243
0
0.0246068
0.602558
0
0.0184618
0.0246068
0.661177
0
0.0171328
0.0246068
0.898396
0
0.0171328
0.0250368
0.0490738
0.999921
0.0321945
0.0171328
0.0250368
0.0246068
0.999921
0.064667
0.0246068
0.669173
0.314272
0.161373
0.0435286
0.018795
0.0149601
0.0452657
0.702431
0.154379
0.0317348
0.018795
0.0149601
0.0184387
0.0452657
0.511597
0.196
0.0317348
0.0390036
0.0339383
0.184027
0.0184387
0.0718758
0.023848
0.589318
0.330126
0.0317348
0.0390036
0.0442348
0.0830274
0.243775
0.0184387
0.0489068
0.023848
0.509665
0.610114
0
0.0280783
0.0317348
0.0565343
0.116326
0.0136161
0.290394
0.0180629
0.0617266
0.0141096
0.0184387
0.0489068
0.0255369
1.01313
0.529109
0
0.0553543
0.0639559
0.0749336
0.0512224
0.0136161
0.454835
0.0281186
0
0.0527296
0.70455
0.588113
0
0.0571973
0.0565343
0.0358212
0.0136161
0.67208
0.0281186
0
0.0271927
1.0184
0.450468
0
0.0253308
0.018795
0.0358212
0.857425
0
0.025097
0.864404
0.459834
0.873291
0
0.72038
0.508576
0.0275629
0.455969
0
0.72038
0.44188
0.0275629
0.35854
0.686126
0.19939
0.0275629
0
0.629164
0.0171971
0.650238
0.110226
0.0554368
0
0.022769
0
0.714741
0.0171971
0.267117
0.0445738
0.0554368
0.0194099
0.0446248
0
0.710987
0.019789
0.0171971
0.267117
0.0221511
0.0554368
0.0198054
0.0446248
0
0.798708
0.0399813
0.0171971
0.267117
0.0221511
0.0554368
0.0446248
0
0.945271
0.0994093
0.015234
0
0.16745
0.109904
0.196126
0.0196371
0.0670811
0.0321053
0.99859
0.158958
0
0
0.0656557
0
0.112848
0.0196371
0.0646301
0
1.01617
0
0.0198436
0
0
0.0224564
0
0.863887
0.0198436
0
0
0.0224564
0.3845
