0.00696437
0.00763065
0.0129685
0.00160266
0.0129685
0.00160266
0.0129685
0.0129685
0.0129685
0.0746535
0.00511305
0.118099
0.00166023
0.156603
0.1432
0.158506
0.232962
0.260596
0.260596
0.0170329
0.0170329
0.00268085
0.000819958
0.0256543
0.0122917
0.0154293
0.0096096
0.0170243
0.00531491
0.0143609
0.00120745
0.0544446
0.00907503
0.0143609
0.00112644
0.0800127
0.00531491
0.000960315
0.0180216
0.00142593
0.00112644
0.0518442
0.0292933
0.0245822
0.00142593
0.00112644
0.0649129
0.0318931
0.0245822
0.00112644
0.0649129
0.0318931
0.00528574
0.00112644
0.0562292
0.0318931
0.00528574
0.00101183
0.0562292
0.0279152
0.0751304
0.00101183
0.0344517
0.0201271
0.110033
0.0344517
0.00734003
0.132567
0.0159647
0.123574
0.0159647
0.135692
0.0159647
0.153024
0.00870609
0.199164
0.00249761
0.10953
