0.00568133
0.00151022
0.00144277
0.32539
0.0049497
0.00257521
0.0012841
0.00475783
0.00273437
0.00720857
0.00318223
0.00267813
0.0163733
0.0213227
0.0217982
0.015113
0.160159
0.0249967
0.616358
0.0966151
1
0.561763
0.57622
0.0017393
0.0165948
0.00271064
0.0163408
0.0013964
0.0039062
0.0027404
0.00134996
0.0508794
0.658918
1
0.00159443
0.00663304
0.0300703
0.00546661
0.00306814
0.00129646
0.00546661
0.00129646
0.128355
1.00781
0.206911
0.00140429
1.00533
0.646782
0.00139244
0.0130735
0.00331013
0.00427061
0.00190126
0.019325
0.0307608
0.0374054
0.00413366
0.00593702
0.308204
0.00666444
0.00130632
0.00426917
0.0124
0.0377102
0.00705277
0.00292848
0.00190738
0.297794
0.0106116
0.00568223
0.007097
0.331553
0.0078237
0.00128781
0.0088456
0.00553507
0.00562489
0.182765
0.00940532
0.0139162
0.00405148
0.114411
0.453658
0.0020209
0.00644717
0.0102697
0.434026
0.14693
0.00407014
0.00286227
0.0131001
0.0945778
0.00941214
0.00968175
0.00597741
0.0473759
0.00550439
0.00280584
0.00221717
0.0672368
0.0124579
0.0276632
0.00170945
0.470997
0.0094757
0.00219584
0.640316
0.00286048
0.051309
0.00144635
0.0014534
0.359834
0.00145206
0.0030091
0.00206115
1
0.0133351
0.00148528
0.579947
0.27409
0.00423186
0.0103896
0.00366921
0.010572
0.333581
1
0.00255319
0.00329112
0.00137844
0.00217718
0.00989605
0.00262203
0.0108655
0.00139527
0.0295366
0.0664133
0.0185091
0.0608803
0.00129261
0.00188029
0.0187041
0.00137888
0.00133955
0.00822131
0.203078
0.00196983
0.00137888
0.00198972
1
0.00459626
0.68386
0.982296
0.562822
