0.117257
0.0387538
0.123631
0.0339531
0.0387538
0.106845
0.0421348
0.0387538
0.0544156
0.0676911
0.0387538
0.0363144
0.0765143
0.0387538
0.0363144
0.0765143
0.0387538
0.01784
0.0855194
0.0387538
0.0942153
0.698411
0.742267
0
0.0108175
0
1.00729
0.00751434
0.00776515
0.00937843
0.0100364
0.0320417
0.153639
1.00582
0.00751434
0.00776515
0.00937843
0.0100364
0.0320417
0.153639
1.00582
0.0150306
0.00776515
0
0.0320417
0.0765007
0.664285
0.00776515
0
0.0212243
0.0187544
0.28932
0.0141843
0.0761286
0.0131749
0.0212176
0.0666332
0.0197165
0.0422474
0.0666332
0.0197165
0.104215
0.0576312
0.0259183
0.32894
0.0576312
0.0334004
0.681272
0.0678971
0.0334004
0.694621
0.0482766
0.0469175
0.748393
0.0586581
0.0469175
0.650101
0.00760991
0.0557598
0.0265886
0.0148214
0.602647
0.0164489
0.0103815
0.00642592
0.0148214
0.459515
0.0693287
0.0492819
0.0148214
0.136132
0.413155
0.152864
0.0148214
0.0671287
0.0211345
0.0148214
0.0671287
0.0411691
0.0148214
0.0671287
0.354903
0.0148214
0.0671287
0.812273
0.0148214
0.0671287
0.0102475
0.997574
0.0204459
0.950486
0.723969
0.377311
