0.0133042
0.0569832
0
0
0.262563
1
0
0.163448
0
1
1
0.00304978
0.0174569
0.790567
1
0.0491927
0
0.757156
0.0228623
0
0
0
0
0.00323276
0
0.020425
0.00276429
0
0
0.0030798
0.00565405
0.0420973
0.139375
0.126176
0.00249977
0
0
0.00268914
0
0
0.00254506
0.00261165
0.00518568
0.00261165
0.00288157
0.00288157
0.00306552
0
0.00335844
0.00975375
0
0
0.0495228
0.00272044
0.00267073
0
0
0.00567195
0.0665804
0.0026972
0.00271948
0.0109982
0.0321647
0.00264808
0.0172592
0.0273454
0.00509177
0.0104662
0.00262704
0.00293642
0.0121229
0.0116175
0.104631
0.279182
0.0136284
0.991519
0.00704628
0.00281851
0.00529804
0
0.00298678
0
0
0.0198711
0.00288759
0.00625624
0
0.00750079
0
0.00250026
0.00705258
0.00308165
0.00518476
0.0112349
1
0.205168
1
1.00542
0.00281851
0.00380014
0.00302824
0.00289144
0.00290948
0.00304389
0
0.00286868
0
0
0.00326149
0.0030095
0.00296145
0
0.0135609
0.00290156
0.00856299
0.0864808
0.00298224
0.0148481
0
0.0110898
0.00301381
0
0.00295451
0
0.00257402
0.00834953
0.00282288
0.00295451
0.00264062
0.00279775
0.00583135
0.0206712
0.190095
1
0.734216
1.00187
0.394193
1.02235
0.0025475
0.0232171
0
0.0052845
0.00292753
0
0
0.00290632
0.00738717
0.0166766
0.00302596
0
0
0
0.00271218
0
0.00904059
0.00282297
0.0327453
0.00934538
0.00271218
0.00387454
0.0030061
0.00870733
0
0.00302137
0.00263771
0.00247619
0.00292283
0.00580659
0.00583421
0.0134605
0.00551723
0.00539681
0
0.00546181
0.0145593
0.0236159
0.168382
0.0933317
1.00365
0.993956
0.9907
0.397571
0.979187
0.00271187
0.0370674
0.0124428
0.0039679
0.0393785
0.00271034
0
0.00249907
0.0140942
0.00271111
0.0028113
0
0
0.00306073
0.00303507
0.00296145
0
0.00267998
0.00281528
0.00732062
0.0206658
0.0027987
0
0.0107615
0
0.00290703
0.00382187
0.0841844
0.0111603
0
0.00419805
0
0.00609571
0.016651
0.00292368
0
0.00513324
0.00293642
0.129101
0
0.00561925
0.00564836
0.0106541
0.00520788
0.00371429
0
0.00302445
0.0121137
0.0171509
0.0708006
1
1
0.0152252
0.188037
0.240955
1.02131
0.00970701
0.00313222
0.0104857
0
0.00289378
0.00353762
0.0120064
0.00269962
0.00325852
0.00311866
0.00265488
0.00250693
0.00305221
0.00350187
0.0111721
0
0.0148072
0
0.00284266
0.00260682
0.00448017
0.00592259
0.00290343
0.00351359
0.0119944
0.00307182
0.0211941
0.00292171
0.0034002
0.00303938
0.00301866
0.00282258
0.0027591
0.00521091
0.00588349
0
0.0225685
0
0
0.00277397
0.00236054
0.0057456
0.00263098
0.0121858
0.00580794
0.160231
0.0221865
0.0469969
0.983291
0.00269066
0.0028445
0
0
0.00290866
0
0
0.00648986
0.00248477
0.00813653
0.00299623
0.00308413
0
0.0029355
0.0028443
0
0.00880651
0.00271218
0
0.0160412
0.00948101
0.00304975
0
0.0028443
0.043455
0.00291038
0
0.0028443
0.00274735
0.00304111
0.00289413
0.00335589
0
0
0.00290948
0.00305679
0.03044
0.00590901
0.0325985
0
0.00396747
0.0106849
0.00846038
0
0.00250026
0.00584544
0.0153298
0.0118937
0
0.00271127
0.00284468
0.00259203
0.0494133
0.0111334
0.513074
0
0.00265937
0.00283617
0.0110303
0.0111918
0.0104557
0.00301417
0.00273179
0.00536213
0
0.00815974
0.0107492
0
0.0109834
0.00298925
0.00534037
0.0081739
0.00769327
0
0.011063
0.0028443
0.00281851
0.00339049
0.011791
0
0
1.01201
0.00257402
0.00255894
0.00289413
0
0
0.0111721
0
0.00286087
0.0126721
0.00275123
0.00249907
0.00273451
0.0125807
0
0.00387257
0.0182994
0.00272044
0.00289
0.00300584
0.0049083
0.00412248
0.00866073
0
0
0.00269375
0.00546
0.014228
0
0.00589816
0.00795658
0.00288794
0.0029973
0.00301554
0.0623139
0
0.0117152
0.00278255
0.00273271
0
0
0.00624868
0.00250026
0.0111789
0.0147483
0.00567468
0
0.00574582
0.00532184
0.0842461
0.0308325
1.00458
0.961831
0.00515336
0
0.00249311
0
0.00836325
0.00288492
0
0.00249311
0
0.00585001
0.00764622
0.00595361
0.00805873
0
0.00293642
0.00535668
0.0116206
0
0.00411603
0.00289987
0.00269962
0.00256728
0.00874496
0.0250478
1.08014
0
0.00300028
0.00876748
0.0115818
0
0.00264192
0
0.00270243
0
0
0.00293642
0.00518304
0
0.00297848
0.00353587
0.00782962
0.0122247
0.00251168
0.00364533
0.00542727
0.0114242
0
0.00295185
0
0.00855512
0.0358345
0
0
0.00541411
0.0049054
0.00855512
0.00499131
0.00293642
0.00309814
0.00818237
0.00787867
0.022631
0.0421402
1.0648
1.01258
0
0.00321252
0.00546506
0.00776924
0.00309389
0
0.00259691
0.00272457
0
0
0.00687075
0.0252152
0
0.00677749
0
0.00559191
0.00817946
0.00546023
0.00263771
0
0.00256728
0.00805779
0.00293642
0.00557998
0
0.00264621
0.00771458
0.0126164
0.00575711
1.00091
0.00270243
0.00270243
0
0
0.00621745
0.0240671
0.00294383
0.00270243
0.0171395
0
0.00252254
0.00294498
0.00260978
0.0111721
0.010911
0.00814577
0.00278677
0
0
0.00294498
0.00263515
0.0226153
0.0071095
0
0.00546166
0.00295451
0
0.00515184
0.0590083
0.00259532
0.0029689
0.00310407
0
0.00481906
0.0028813
0.00264181
0.0608398
0.997276
0
0
0.00405464
0
0.00545869
0.00518277
0.00260098
0
0.00258221
0
0.00278818
0.00418775
0.00304807
0
0.00533741
0.0146809
0
0.0090069
0.00260098
0.00275184
0.00249311
0.00597592
0.0215325
0.00259594
0.0869066
0.0285127
0.00247511
0.00288794
0.00564311
0.00445444
0
0.00504929
0.00511493
0.00292567
0.00283905
0.0153448
0
0.00391023
0
0.00264008
0.00537671
0.00250116
0.0076724
0.0163656
0.00528783
0
0.00516423
0.00277397
0.00531908
0.00525234
0.00266224
0.0900685
0
0.00827728
0
0.00531908
0.00372141
0
0.002791
0.0918109
0.00835865
0.00278911
0.00260252
0.00263771
0
0.00737033
0.0432941
0.0097995
0.00491928
0.00645082
0
0
0.00263845
0.00524759
0.00508094
0
0.00289405
0
0
0
0.00579898
0.0233795
0.00879254
0.00603935
0
0.00706403
0
0.00286545
0.00364152
0.00261621
0.0128111
0.0027416
0.00289987
0.0093715
0
0.00375761
0.00274883
0.00282471
0.804579
0.00918485
0.00789865
0.00294383
0.00564311
0.00265488
0.00755091
0
0.114285
0.0052579
0.00265488
0
0.0149944
0.00275209
0.00291213
0
0.00569892
0.00990635
0.0027952
0
0.0649114
0.00981661
0.00637913
0.00563417
0.0146952
0.0165857
0
0
0
0.0229653
0.00268499
0.00589664
0.00762642
0.00559342
0.00279535
0.00267334
0.00303136
0.00402888
0.0056915
0
0
0
0.0165962
0.0040307
0
0.00562632
0.00572222
0.00268713
0
0
0.0261183
0
0.00272764
0
0.00283617
0.00270754
0
0.007689
0.013525
0.00271111
0.0055638
0.00691862
1
0.00572706
0.00844602
0.0028672
0
0
0.00550714
0.0193237
0.0058556
0.0195666
0.0838872
0.00581458
0.00287554
0.0113276
0
0
0.0049083
0.00276749
0.00867855
0.00266754
0.00300286
0
0.00458048
0.0237846
0.024002
0.00276749
0.00250026
0.00539943
0
0.00527741
0.0225145
0.00752816
0
0.00275857
0.00274829
0.00727392
0.00825269
0.0112348
0.00988015
1
0
0.0250754
0.361612
0
0.00278941
0.00562883
0
0.00297663
0.00275566
0.00531804
0.00285342
0.00586826
0.00297654
0.00305883
0.00279773
0.00595861
0.00541669
0.00271111
0.00320874
0.00296077
0.00572365
0.00285452
0.00278832
0.0141808
0
0
0.949662
0
0.00531557
0.00292753
0.00256728
0
0.00296457
0
0.00308782
0.0114231
0.00296577
0.00830167
0.00285888
0.00531557
0
0.0027798
0.00267977
0
0
0.00258809
0.0108912
0.0123241
0.00259516
0.00294383
0.00278818
0.00290374
0.015415
0.00575212
0.0643506
0.00274829
0
0.00440238
0.00310009
0
0.0224798
0.0145953
0.00260746
0.00573217
0.0219702
0.00849419
0
0.0293142
0
0.00513559
0.00570406
0.0111886
0
0.017913
1.00693
0.00299481
0
0.024225
0.00714981
0.137214
0
0.00250097
0
0.00252864
0.00255247
0.00414646
0.0130774
0.00306319
0.00249956
0
0
0.00250026
0
0.00455114
0.00256317
0.00299104
0
0.00523094
0.0271867
0
0
0.00278832
0.00263771
0.00263771
0
0
0
0.00836413
0.00263771
0.00275231
0.0102773
0
0.322121
0.0026437
0.00275123
0.00344049
0.00731882
0
0.00468889
0.0194953
0.0028321
0.00594355
0
0.0211728
0.00274061
0.00261165
0.00381851
0.002743
0.0058687
0.0030289
0.00318981
0.00264125
0.00289413
0.00279645
0.0833491
0.0138934
0
0.0108679
0.00297201
0.0031541
0
0.00281401
0.0272044
0
0.0177456
0
0
0
0.00887615
0
0.0230132
0.00328295
0.00908702
0.66623
0
0
0
0.014603
0
0
0.088407
0.904042
0
0.345704
0
0.00268865
0
0.00264598
0
0
0
0.0349145
0
0.0105007
0
0
0.273257
0.00394094
0
0.00542448
0
0.00378983
0.0238572
0.0340848
0.00274829
0.00542448
0.0209422
0
0.0030597
0.00521129
0.00287562
0.010702
0.00293708
0.00997932
0
0.00583701
0.0195423
0
0
0.00287562
0.0216366
0.00960772
0
0.00284326
0
0
0
0.00545273
0.00532152
0.00258663
0
0
0
0
0.00277669
0.0118448
0.00838783
0
0.563489
0.00568756
0.870589
0
0.00441574
0
0
0.00299243
0.00297321
0
0.00289689
0
0.0111402
0
0.0422048
0
0.00259938
0
0.0110509
0
0
0.00283848
0
0.0029469
0
0.00269641
0
0
0
0
0.00263672
0
0
0
0
0
0
0.002814
0
0
0
0.0028443
0
0
0
0
0.0640451
0
0.00296428
0
0.00854472
0.0028435
0
0
0.00381681
0.00285217
0.00298553
0.00853291
0
0.00755834
0.00297074
0
0.0028443
0.0028672
0.00377917
0
0.0169457
0.00287657
0
0.00302774
0.00721031
0
0.00282718
0.00274829
0
0
0.00417439
0.0110394
0
0
0.00264378
0.00260658
0
0.0105382
0
0.00294407
0.0339411
0
0.00309608
0.00273846
0.0168612
0.00304564
0
0
0.0028443
0
0.00308407
0
0.00294267
0
0.0028443
0.00276846
0.00273846
0
0
0
0.0669753
0
0.00290554
0
0.00272991
0
0
0
0.0149517
0.00295969
0
0
0.00264378
0
0.0110874
0.00376502
0.00837287
0.00264378
0.00276972
0
0
0.0040254
0
0
0
0.00262791
0.0110394
0
0
0
0.00260682
0
0.00267076
0.00412669
0.0173581
0
0.00281962
0.00243275
0.00305621
0.00307509
0
0.00260682
0
0.00287072
0.00310605
0.00535278
0
0.00829925
0.00518166
0.00997047
0.0026189
0
0.116467
0.00273145
0
0
0.00274061
0.00262004
0
0
0
0
0.00266964
0.00290665
0.00254773
0
0.00259938
0.00585187
0
0.00572313
0.0029469
0
0
0.0025157
0.00295664
0.0108633
0
0
0.00593256
0
0.0029736
0.00298771
0.00383978
0.00303878
0.00593256
0
0.00288991
0
0.00593256
0.00276972
0.00387861
0.00284907
0.00276418
0.00281962
0
0.00570801
0.0188993
0
0
0.00284259
0.00276418
0
0
0.0053119
0
0.0106986
0
0
0.0026707
0.00556668
0.00259538
0.00285807
0.110957
0
0.00260682
0.00300365
0.00927269
0.0144233
0.0081144
0.0210976
0.0276418
0.00518155
0.330897
0.002735
0.00545777
0
0
0.00545777
0.002735
0.00557111
0.00303212
0.00268359
0
0.00272552
0.00309113
0.00277329
0.00275123
0.00275123
0.00261092
0.00416827
0.0053693
0
0
0.0028247
0.00284851
0.0233784
0.0030077
0
0
0
0.00855967
0.00290554
0.00283253
0.00828144
0.00860159
0
0
0.00261092
0.00739099
0
0.00282146
0.00577387
0.0786832
0
0.0203049
0.00355571
0
0.00272859
0.00275623
0
0.0026728
0.0164084
0
0.00267074
0.00560687
0
0.00465326
0
0.013391
0.00314067
0.00847679
0.00275623
0.00434533
0.00279282
0
0.0105382
0.00267226
0.00697878
0
0.00281962
0.00285892
0.00517262
0
0.0136632
0.00542884
0.00856477
0.00275047
0
0
0.0187564
0
0
0.0119189
0.0280851
0.0274283
0.0405322
1
0
0.0158179
0
0.786477
0.372578
0.00264303
0
0.00295787
0
0.00255672
0.00273577
0.00410044
0.00310865
0.00256495
0
0.0024854
0.00288326
0.00285636
0
0.0029736
0
0
0
0.0024854
0
0
0
0
0
0.00257931
0
0
0.0211889
0
0.00597745
0.0070808
0.00300365
0
0
0
0
0
0.00955938
0.0112286
0
0.032754
0
0
0.00276972
0.00312518
0.00374379
0.00280425
0.0165594
0
0.00611006
0.00274582
0.00808557
0.00260467
0.00274582
0.00799032
0.0029508
0.00287986
0.0066538
0
0.00249796
0.00274582
0.00274582
0.00251945
0
0.00516045
0
0.968437
0.00609654
0.0137291
0
0.988886
0.0313897
0.00272629
0
0.00285492
0.0026593
0.00486738
0
0
0.0026593
0.00300925
0.00851252
0.0026593
0
0.00582606
0
0
0.0036459
0.00259938
0
0
0.00282105
0
0
0
0
0.00670509
0.00548423
0
0.00288345
0.00562976
0
0
0.00512742
0
0
0.0124898
0
0
0
0
0
0.0053278
0.00299365
0
0
0
0
0.00393416
0.0170192
0
0
0
0
0
0.00287679
0
0.0326987
0.0031951
0.0171266
0.00274473
0.00613971
0.0319517
0.00719197
0
0.00287679
0
0.00543862
0.00924287
0.00292312
0
0.00315804
0.013875
0.31174
0
0.00287679
0.131879
0.00835369
0
0.00271566
0
0.00292944
0
0
0
0.00352716
0.0241801
0
0
0
0.00284851
0
0
0
0
0.016211
0.0190274
0
0.00286662
0
0
0.00278573
0.00291638
0
0.00304244
0
0.00288202
0.00260182
0.0056903
0
0.00568547
0.0029866
0.00968184
0.0226876
0
0.00256303
0.0025537
0.00255312
0
0
0.00283631
0.00345953
0.0104225
0.00585789
0
0.00266379
0
0.00290645
0
0
0
0
0.00253699
0.00840154
0
0.0202735
0
0.00256303
0.00282482
0.00391516
0.0111169
0
0.00283631
0.0113982
0.0314854
0.0024571
0
0
0.00371662
0.0202372
0.00808381
0.0101737
0.00749263
0.156253
0.00300396
0.00269967
0.0104875
0.00573231
0.204394
0.00273422
0
0
0
0
0
0.00300068
0.00246215
0.00272349
0.00515406
0
0.0317625
0
0
0.0105843
0
0.00787142
0.00287679
0
0.00288448
0
0.00505264
0
0
0.00278573
0
0
0.00580311
0
0
0.00531204
0.0137754
0.00300188
0.00256724
0.00246084
0.0174273
0
0
0.00588567
0.00285492
0.00297222
0
0.00268359
0
0.00445395
0.0147727
0.003266
0.00834323
0.00781488
0.00864423
0
0.0826771
0
0.00278495
0
0.021967
0
0
0.00281161
0.00261744
0.00284851
0.00560423
0.0136221
0.02145
0.00278157
0.00279174
0
0
0
0.00572782
0.00261744
0.0049115
0.00299147
0.0028816
0.00720504
0.0119646
0.00280263
0
0.002735
0.00607622
0.0129892
0.00810982
0.0029291
0.00588031
0.00382577
0.0573597
0.00794498
0
0
0
0.0102762
0.0132105
0.0298936
0.048464
0.0830085
0.0429727
0.086489
0.00788617
0.621567
0.00567736
0
0.0134131
0
0.00291786
0
0
0
0.00267135
0
0
0.00257478
0
0.00305945
0.00583148
0.00261744
0.00291162
0.00299141
0.00331082
0.00278925
0.00583481
0.00300188
0.00536856
0.00268359
0.00540811
0
0
0.00301549
0.00635498
0
0
0.00863472
0.00253399
0
0.00555608
0
0
0
0.00527798
0.00283953
0
0
0.00234228
0.00797095
0.00288108
0
0.00260044
0.0404775
0
0.00262976
0.00285492
0.00558442
0.00250054
0
0.0416952
0.00299405
0.00277012
0.0024854
0.00510944
0.0026064
0
0
0.00577153
0.018887
0.0212331
0
0.0149124
0.00296193
0.00785907
0.0028562
0.00564338
0.00298865
0.00362884
0.00293145
0.00286672
0.0215574
0
0.00292221
0.00357157
0
0
0.00583985
0.00284369
0.00642408
0
0
0.00399524
0.00912976
0.00543183
0
0.00267853
0
0.00893403
0.00859563
0
0.00597834
0.0241708
0.0974236
0.0193996
1.01378
0
0.543734
0.00286184
0.0184697
1.00444
0.967502
0.0025377
0
0.0025823
0
0.00926998
0
0.00273031
0.00253627
0
0
0.00286434
0.00264941
0.00844507
0
0
0.00278683
0
0.00295896
0.00253699
0
0.00575917
0.00295896
0
0.00260301
0.0431518
0.00850675
0.00551589
0
0.00832637
0.00561826
0
0.00250054
0
0
0
0
0.00273068
0.00253352
0.00502929
0.00254773
0
0.0117784
0.084625
0.00849961
0.0173503
0.00259785
0.00527841
0.00253352
0.00358473
0.00405378
0.168894
0.0117099
0
0.00279174
0.00307841
0
0
0
0.0303905
0.0176214
0
0
0
0
0.00264043
0
0
0
0.00311695
0.0173279
0
0
0.00413277
0
0.00996522
0.00298772
0.00516285
0.00823029
0
0
0
0.00906335
0.00904327
0.0344657
0
0.00258085
0.0306606
0.00275831
0.00547229
0.00264316
0.00270374
0
0
0.958576
0
0.854877
0
0.0216434
0
1
1
1
0
0.0028881
0
0.00295531
0.00564008
0.00278683
0
0.00278683
0
0.00285233
0.00862991
0.00268101
0.0033442
0
0.00275623
0.00277662
0
0
0.0054717
0
0.00556202
0
0
0.00281962
0
0.00301619
0
0.0027448
0.00281722
0
0.00301217
0
0
0
0.00262363
0.00544052
0.00564821
0.0055811
0.00265045
0.00374293
0
0.00578568
0.00564821
0.023264
0.00539345
0.00289712
0.00291523
0.00274482
0
0
0.0157661
0.00289279
0.0028102
0.00282939
0
0.00280131
0
0.00351697
0.0180219
0.0260493
0
0.00282939
0.0028102
0.0136403
0.00301911
0.00674187
0.00265284
0.00299237
0.0334441
0
0.00870448
0
0.00294547
0
0
0.0400544
0.00275841
0.00556291
0.00554483
0
0
1.05005
0.998172
0.00290131
0.016548
0.00538599
0.432366
0.997634
0.259274
0.00492078
0.00571474
0.00281643
0.00284661
0
0.00284129
0.0167307
0.00276856
0
0.00546336
0
0.00527079
0.00279174
0
0.00691704
0
0.00305598
0.0029096
0.00275623
0
0.00274482
0.00289992
0.00580678
0
0.00279301
0.00252597
0
0.00300188
0
0
0.00541407
0.0144253
0.01311
0.00301079
0
0
0
0
0
0.00631493
0.00534054
0.00286213
0.00278844
0
0.00734474
0.00949503
0.0117934
0.00283944
0
0.00286273
0
0
0.00296587
0
0
0.00282893
0
0.00261744
0.00275271
0.00567437
0.00687217
0.0505865
0.00272306
0
0
0.00262239
0
0
0.00683749
0
0.997789
1
0
0.0115874
0.00278844
0.31564
0.576095
0.0970121
0.00246353
0
0.00334994
0.00360658
0.00271825
0.00567764
0.00283794
0.00276856
0.00278923
0
0.0118502
0.00262945
0.00276856
0
0.00562735
0
0
0.00602424
0.00297449
0.00278871
0.00286421
0.00287112
0.00575054
0.00265568
0
0.0028881
0
0
0.00292315
0
0.00275109
0.0125519
0.00268115
0
0
0
0
0.013275
0.00267336
0.00304089
0.00267915
0.0101258
0.00818509
0
0
0.0026038
0
0.00465075
0.00579058
0.0150435
0.00270854
0.00565795
0.0138123
0.00436362
0.00879242
0.002831
0
0
0.00256756
0.00565795
0.00306086
0.00565795
0.00441454
0
0
0.715706
0.00301425
0
0.00273893
0.509081
0.00262901
0.00277509
0
0.00724089
0.00290255
0.00299141
0
0.00275545
0.00299141
0.00274541
0.0026305
0.00264857
0.00755061
0.00469786
0.00313506
0.00299141
0.00270854
0.00550535
0.00277768
0.00298368
0
0
0
0
0.00480047
0.00262976
0
0
0
0.011199
0.00290491
0
0.00808725
0.00281722
0
0
0.00278469
0.0030835
0.00351414
0.00274541
0
0.00440281
0
0
0
0.0297197
0.013354
0.00588262
0.00260763
1.08357
0.00496209
0
0.0131681
0.0158576
0.00530898
0.00933678
0.0115062
0
0.00385744
0
0.0174757
0.00560409
0
0.0026593
0.00279174
0
0.00741511
0
0.00309101
0
0.00266207
0.00248554
0.0054749
0.0026593
0.00422709
0.00269729
0
0
0
1.01928
0
0.00538155
0.00269937
0.00324448
0
0.00305587
0.00537852
0.0027045
0
0.00537659
0.0336769
0
0.00513429
0.00262493
0
0.0110253
0.00584282
0.00825087
0.00261284
0
0
0.00281131
0
0
0.00351831
0.0312841
0.00265965
0
0.00534922
0
0.00281131
0.00270563
0.00281131
0.00306138
0
1.00119
0
0.00279986
0.00305587
0.00295454
0
0.00867439
0.0034909
0.0148449
0.00565864
0.0024854
0
0.00543211
0.00577225
0.0120473
0.00298471
0.0029338
0
0.0174545
0.00254887
0.00260044
0.00854954
0.00253655
0
0
0
0
0
0.00260044
0.00300365
0
0.00261744
0.018106
0.0100122
0.717569
0.0053441
0.00837168
0
0
0.00879101
0
0
0
0
0
0
0.00540157
0
0.00258009
0
0.00549303
0.00264916
0.00252597
0
0.0057136
0.00281115
0.00833109
0.00253699
0
0.00382151
0.0368787
0.00303899
0.00253699
0.016706
0
0
0.0785131
0.00267505
0.00413875
1.01323
0
0.00265499
0.0056443
0.00562853
0
0.010585
0
0
0
0.00497811
0
0.00956281
0.00283371
0.0345151
0.00262976
0.00261744
0.0147155
0.00258542
0
0.00590711
0.0106035
0.00262976
0.00274508
0.00886286
0
0
0.0117809
1.07904
0.0315734
0
0.00298949
0
0.00276469
0.0037281
0.00407177
0.00260301
0
0.0110331
0.00549512
0
0.00285104
0
0.00996001
0
0
0.00269293
0
0
0
0
0.00267505
0
0.00260207
0
0.00294271
0.0027521
0
0.00276505
0.00274743
0.00261744
0.00253352
0
0.00606114
0.00794355
0
0
0.00253699
0.00257157
0.00261744
0.0040003
0
0.812713
0.00254728
0.00542435
0
0.00268826
0
0
0.0113709
0.00390971
0.00542435
0
0
0
0
0
0.00955707
0.00365943
0
0.00575858
0.0203413
0.00285104
0
0.00924935
0.0027562
0
0
0.00276406
0
0
0
0
0.00269113
0
0
0.683153
0
0.00968106
0
0
0
0.0121548
0.00260301
0
0.00251237
0.00268127
0.00250054
0.00261778
0
0
0.00268127
0
0
0
0
0.00517317
0
0
0.00515443
0.0606814
0
0.00580588
0.00830208
0.00261744
0
0.011031
0.991349
0.506807
0.00281722
0.00261917
0.00295419
0
0.00296928
0.00281722
0
0
0.00317031
0
0.00295914
0
0
0
0
0.00272959
0.00252269
0
0.00260301
0
0
0.0253859
0.862187
0.00285185
0
0.00249984
0
0.00451459
0
0
0
0.00692742
0.00260997
0
0.00268127
0
0.00275562
0.0081588
0.0421655
0
0.013433
0.0234676
1.00581
1.1254
0.00269592
0.0138922
0.00978243
0
0.00475344
0
0.00652162
0
0.0247416
0
0.00286698
0
0
0
0
0
0.953279
0.0106113
0.00390452
0
0.00263339
0
0
0
0.00264802
0.0127366
0.0028881
0.00969285
0.00881526
0
0.00251392
0.510852
0.00268127
0.00295406
0.00528428
0.00272044
0.00297918
0
0
0
0
0.00249079
0.00824829
0
0.00276815
0.00265174
0.150197
0.00273146
0.0026225
0.00300188
0.00312482
0.0039155
0
0.0027239
0.00262976
0.00788927
0.00268127
0.128458
0.00263815
0.00281759
0.00310002
0
0
0
0
0
0
0.0964685
0
0.11364
0
0
0.00292552
0
0.00292552
0.0420212
0
0
0.00292552
0
0
0
0
0
0
0
0
0.00292552
0.00292552
0
0
0
0.00398934
0
1.01691
0.0109707
0
0.112118
0.0539479
0.0988936
