0
0
0
0
0
0
0.00264977
0.00264995
0.0793995
0.0430099
0
0.0648239
0.17696
0
0
0
0
0
0
0.123746
0.753292
0.0191088
0.00312929
0.00259518
0.0219371
0.0126983
0
0
0.00298055
0
0.00298055
0.00298055
0
0
0
0.0127392
0.00292198
0.00306799
0
0
0.00292198
0
0.0737963
0
0
0
0
0
0
0.00395843
0
0
0
0.00365619
0
0.00274123
0
0
0
0.00261641
0.00780696
0
0.167702
0.00246922
0
0.00246783
0.00405493
0
0
0.00273824
0.00284165
0.00284165
0.00945763
0.00290086
0.00273625
0
0.0148377
0.014439
0.00298055
0
0.00258892
0
0
0.00264346
0.0026134
0.00308566
0
0
0.00577617
0.0141725
0.00563687
0.207725
1.06557
0.454761
0.97794
0.00246474
0.00568882
0.00716389
0.00246474
0
0.00252294
0.00281315
0.00272849
0.00542945
0
0.0026467
0.0169869
0.00272849
0.0090374
0.00272849
0.00267837
0.00533068
0.00829091
0.00272849
0.0260508
0
0.00448668
0.0281761
0.00287546
0.00251188
0
0.00261024
0.0055612
0.0683968
0.00263061
0
0
0.00261024
0.00569579
0.00261024
0
0
0
0
0.0111453
0
0
0
0.0258983
0.0385101
0.0141697
0.046492
0.917844
0.828692
0.737305
0
0.00439082
0.00271886
0
0
0
0.0026552
0.00933447
0
0.00246474
0
0
0.00246474
0
0.0308979
0.00277383
0.00371131
0
0.00262154
0
0.00260219
0.00261271
0.00273539
0.00261271
0
0.00823958
0.00289132
0.00278788
0.00268688
0
0.00261271
0.00247188
0.00817872
0.00445355
0
0.0055496
0.00282116
0.00528
0.00398847
0.0365815
0.00263508
0.00262873
0
0.00259814
0.00250616
0.00297909
0.00255939
0.00808034
0
0.00266288
0
0
0.00292087
0
0.0104063
0.0133531
0.00551068
0.00291254
0.00788743
0
0.00264379
0.00279876
0.00292087
0.00341061
0.00595612
0.0111647
0
0.0347276
0.175962
0.130119
0.00289166
0
0.00528393
0.00454132
0.00289247
0
0.00280033
0.0816424
0.00583822
0.0138139
0.00301513
0
0
0
0.00271984
0.00277383
0
0.00282226
0.00272329
0
0.0392495
0
0.0051006
0.00545407
0.00505291
0.00269425
0
0.0499789
0.00309408
0
0.00266618
0.00265199
0.00278788
0.00290271
0.00553357
0.0156763
0.0139852
0
0.00358463
0.00260882
0
0.00279625
0
0.00279625
0
0.00686524
0.0813951
0.00526635
0.0029371
0.00279625
0.00246999
0.00279625
0
0.0117616
0.00267188
0.00946102
0.00282099
0.110715
0.00252275
0
0.0142404
0.00281107
0.0176542
0.0315202
0.00291766
0.0076688
0.0062664
0.01131
0.0360919
0.0881262
0.844377
0.0313553
0.677699
0.00284663
0.00542905
0
0
0.0191573
0
0.00264421
0.00550983
0.00938667
0
0.00281296
0.00533786
0.00541436
0
0
0.0132464
0
0.0028642
0.00272243
0.00262873
0
0
0
0
0
0.00267188
0.00278788
0.0393151
0.00290073
0.00289808
0.00266143
0.00284623
0
0.0209091
0.0216416
0
0.00304479
0.00637039
0.00267188
0
0.00315447
0.115754
0.0029218
0.00538513
0.00527286
0.00883594
0
0.00368476
0.0230279
0.0027103
0.00284743
0.0025035
0.00300851
0
0.0446885
0.00730495
0
0.0246379
0.00721312
0.00286009
0.0121071
0.00281944
0.0133245
0.00568236
0.00486996
0.0262188
0.0487205
0.156996
0.298126
0.0406162
0.824885
0.00261098
0
0.0339942
0.0126301
0.00302861
0.00290273
0.00705032
0.00296958
0.00270649
0.00561125
0
0.00275296
0.0140521
0
0
0
0
0.00255662
0
0
0
0
0.00284686
0
0.00263137
0
0
0
0.00266143
0.00297473
0.0028381
0
0
0
0
0
0.00543261
0
0
0.00470223
0.00288279
0.00267188
0
0.00262929
0.0111973
0
0.00953719
0.0361695
0.0410807
0.00278788
0.00289247
0.0025197
0.00321679
0.00406438
0.00938111
0.0317005
0.00266143
0.00497533
0
0.00278788
0.00550401
0.00561837
0.00380166
0.00979768
0
0.0093352
0.00255375
0.00528773
0.0196765
0.0322882
0.00293015
0.0081225
0.00285455
0.0024939
0.00502769
0
0.0281541
0.00275474
0.0199986
0.144117
0.140282
1
0.0574313
0.205168
1
0.865299
0.00249297
0.00270649
0
0.0053041
0.00278307
0.0110068
0.00512051
0
0.00277651
0
0.00288314
0.00285154
0.0107956
0.00273508
0
0
0.00560283
0.00267409
0.00279625
0.0231608
0.00303813
0.00278086
0.00548032
0
0.00280726
0.00344141
0.0160359
0
0.00564661
0
0
0.00265594
0.0029849
0.00290458
0.0350555
0.00273949
0.00297473
0
0.0028853
0.00324471
0.0131092
0.00279398
0.00279625
0
0.00511921
0.00501295
0.0108084
0.0531424
0.0111209
0.00286617
0
0.00262183
0.00279625
0.00546501
0.0152112
0.054042
0.00538147
0.00273405
0.00530854
0.0110627
0.00259792
0.00804945
0
0.00277089
0.00785968
0.00279985
0.0110483
0.0108192
0.188878
0.00268599
0.00259792
0.0162652
0.00549343
0.00259792
0.00267265
0.00542132
0.0144722
0.0110928
0.134931
0.956008
0.729817
0.995871
0.718266
1.02986
0.00277305
0
0
0.0026354
0.00912425
0.00271136
0.0028805
0.00277462
0.00289449
0.00289456
0.00273882
0.121153
0.011356
0.00531391
0.00477974
0
0
0
0
0.00271178
0.00276309
0.00560515
0.00264683
0.00276568
0
0.00664531
0.00271178
0.00295633
0.0028671
0.00563165
0.00266857
0.00446705
0.0171503
0.00305404
0
0.00264683
0.00264683
0.00269381
0
0
0.00591059
0.0235085
0.0054856
0.00533968
0.00289325
0.00264683
0.00282482
0
0.00358872
0
0
0.00250616
0
0
0.00425793
0
0
0.0307517
0.0027543
0.00283622
0
0
0.00290976
0.00295024
0.0458067
0
0
0
0.00277383
0.0056941
0
0.00265957
0
0
0.00250118
0.0458173
0.0541517
0.00277153
0.00823638
0.0136873
0.0811224
0
0
0.00280296
0.00265957
0.00420226
0.00841747
0.0136093
0.0196585
0.276411
0.0965236
0.837109
1
0.201921
1
0.672439
1.01027
0
0.00407779
0.0429335
0.0086466
0.082929
0.00567479
0
0
0.00278788
0
0
0
0.0149144
0.0039407
0
0
0.00277967
0.00758503
0
0.121394
0.00247188
0
0.0078814
0
0.00249025
0
0.00247188
0
0
0
0
0.00382489
0.045225
0.00555179
0.00546682
0
0
0.00277373
0.00293845
0.00297481
0.00250616
0.00298055
0.00292163
0.0033232
0
0
0.00557234
0
0.0082525
0.0027318
0
0
0.00564494
0
0.00268537
0.00712348
0.0113037
0
0.00284743
0
0
0.00393932
0
0.00293098
0.00696802
0.138312
0
0.00776877
0.00282482
0
0.00258221
0.00871865
0.0158629
0
0
0
0.00260219
0
0.0122545
0.00540848
0.00552919
0.277118
0
0.00776547
0.0125836
0.00844899
0
0.00265995
0
0.0195784
0
0.00260219
0
0.00512973
0.00260219
0.00378413
0.0189959
0.0296239
0.0256581
0.175151
0.091201
0.745569
0.996073
0.16524
0.413633
0.987454
0.989537
0
0
0
0.00532202
0
0.00303453
0.00677754
0.0111456
0.00975335
0
0
0.00532202
0
0.0086452
0
0
0.0121258
0.0029135
0.00517307
0
0
0.00268755
0
0.0172293
0.00369045
0.0055696
0.00294095
0
0.00295508
0.00550254
0.00268755
0.00298055
0
0.00992943
0.0134883
0.00289947
0.00866179
0.00649198
0.00255431
0.00268755
0.00578029
0.00262929
0.00292087
0
0.0359955
0.00292983
0.0401111
0.0052969
0.00623908
0.0155356
0.00269425
0.00880303
0.00298055
0
0.00275277
0.00423724
0.00744369
0.00284471
0.00282482
0.00525936
0.00822055
0.00723714
0.00393743
0.020995
0.00308244
0.00847447
0.00263753
0.00377279
0.00680174
0.0146662
0.0343939
0
0.00791474
0.00259172
0.00575018
0.0197041
0
0
0.00290218
0.00810349
0.020094
0.00252279
0.00510703
0
0
0.00259172
0.00326543
0.0163439
0.0755219
0.0256153
0.192161
0.143626
0.169735
0.914977
1
0
0.00256934
0
0
0.00253871
0
0.00717467
0.0139862
0
0.00858195
0
0
0
0.00512523
0.00255431
0
0.00834771
0.00711857
0
0
0.00271617
0.00400235
0.0190868
0.0209701
0.0106716
0.00289456
0
0.00405973
0.00613062
0.00246474
0.0138169
0.00275624
0.00804024
0.00272479
0.00543088
0.00568452
0.00595122
0.0111209
0.0274352
0.0027111
0.0057019
0
0.00795851
0.00780626
0.0109456
0.00552077
0.00259448
0.0378567
0.00307525
0.00838458
0.0105285
0.0025164
0.0081138
0.00247692
0.00802559
0.0196966
0
0.0065291
0.0160844
0.00249265
0.00272568
0.0057805
0
0.00278817
0
0.0490871
0.00281692
0
0.00242103
0.00292495
0.00359663
0.00580069
0
0.0147681
0.00543771
0.00529705
0.0423616
0
0.00537286
0.00819953
0.0172357
0.011858
0.0028361
0.00548599
0
0.00267807
0.00260401
0.00565693
0.00265798
0.0104793
0.00549839
0.00291411
0.0441527
0.0102449
0.286324
0
0.00813371
0
0
0.0126027
0.00743585
0.00984357
0
0
0
0.00518714
0
0.00298652
0.00861145
0.00383337
0.0110722
0
0
0.00272829
0.0071624
0.00294021
0.0029056
0.00739807
0
0.00247395
0.0071619
0.00260521
0
0
0.00275582
0
0
0.00555116
0
0
0.00260521
0.00252493
0.0142188
0.0700269
0.0148108
0.00887733
1.0156
0
0.00522916
0.00791909
0.00253733
0.00553207
0.00325483
0.0115124
0.00300471
0.00852351
0.0118874
0.0107907
0
0.00272413
0.00252264
0.0389104
0
0.00522355
0.00598252
0.00394793
0.00890889
0.00292332
0
0.00264551
0.00265957
0.00315252
0
0.0054935
0.00690804
0.00566322
0.00818239
0.0555748
0
0.00281977
0
0.0179996
0.0114765
0
0.0056709
0.00290943
0.00551464
0.0293879
0
0.00273929
0
0.00285974
0.0030257
0
0.00312472
0.00442157
0.00294225
0.0509422
0.0102723
1.00025
1.02696
0.00255359
0.00546602
0.00265798
0.00256861
0
0
0.00415365
0.00785381
0.0056411
0
0.00252531
0.00255431
0.00264882
0.00533567
0.00409469
0.0113195
0.00696629
0
0.00275341
0
0.00716343
0.011385
0
0.00631311
0.00538969
0.00262659
0.0114279
0.00504756
0.00249801
0
0.0238147
0.00524531
0.00291603
0.00264767
0.00252603
0.00508562
0.0401123
0.0796574
0.0243059
0.0136892
0.998498
0.0502034
0
0.0106513
0.00263336
0.00541783
0
0.00521836
0.0044216
0.0227551
0.0115907
0.00533991
0.0165336
0.0188397
0.00244263
0.008176
0
0.00726405
0.0105306
0
0.00585202
0.00766492
0
0
0.00261063
0.00524548
0.00287386
0
0.00533825
0.00462625
0
0.00882965
0.00795152
0.0400012
0.00282941
0.0217634
0
0.00334186
0
0
0.0171019
0.0284436
0.0246685
0.0113582
0
0.00328945
0.00264551
0.0026524
0.0113884
0.00263705
0.00262621
0
0.0166142
0.0108257
0.0172736
0
0.00284794
0.0198413
0.00255484
0
0.00274601
0.00263705
0.00277147
0.00558528
0.011127
0
0.926129
1.00461
0.00273081
0
0.00254715
0
0.0044368
0.0152116
0.0170833
0.0128841
0.00572363
0.00566444
0
0.00254787
0.00546338
0.00278224
0.00547244
0.00644081
0.00278494
0.0286829
0
0.0085096
0
0.00770006
0.00259157
0
0.0126731
0.0027597
0.00284743
0
0
0.00540246
0
0.00264056
0
0.008132
0
0.0382212
0.117787
0.00303534
0.0192459
0.905266
0.0252103
0.0196717
0.0183829
0.00262822
0
0.0144674
0.0644541
0.00526978
0.0173056
0.108827
0.0211652
0.00270207
0.00280628
0
0.0122427
0
0
0.00844564
0
0.00714213
0.00275645
0
0.00517622
0
0.00863178
0
0
0.0114516
0.0167643
0
0.014296
0
0
0
0.00511256
0.00579107
0.0115614
0
0.00540478
0.00285169
0.00273004
0.0143982
0.00788502
0.0208515
0.00549586
0.0056849
0
0.00551189
0
0.0059244
0.0100401
0
0.0234804
0.013407
0.977077
0
0.00245544
0.00252493
0
0.00617701
0
0
0
0.00252564
0
0.00548197
0.00531767
0
0.00800783
0.00734306
0.0052374
0.0040465
0.0157749
0.00263108
0
0
0.0259744
0
0
0.00258356
0.00394891
0.0077747
0
0.00268914
0.00549168
0
0
0
0.00291157
0.0027964
0.0186511
0
0.00278075
0.00261527
0.00533849
0.0035848
0.248441
0.00860544
0.00410576
0.00266
0.0133424
0.00533348
0.00519892
0.00245617
0.00275865
0
0.328284
0.00270524
0.00262659
0.00256298
0
0
0
0.0109467
0
0
0.0860353
0
0.00284794
0.00501558
0.00431079
0.00567382
0.0151238
0.327527
0.0085447
0.00273539
0
0
0
0
0.00850875
0.0223021
0.00621571
0
0.00287696
0.0074749
0
0.0136656
0
0.00566749
0
0.00491414
0.00273198
0.00570644
0.0305068
0.0196924
0.00912688
0.00638767
0
0
0
0.00247395
0
0
0.00973261
0.00803568
0.0026058
0
0.00276799
0
0
0.0121978
0
0
0.00538116
0.0141985
0.00835713
0.0199089
0
0
0.00257879
0.0228252
0.00268071
0.00295484
0.00256842
0.00252264
0.00956183
1.01062
0
0.00790255
0.00280516
0
0.00557913
0.0387208
0.032178
0.00295574
0.00824887
0.00292623
0.11442
0
0.00279024
0.00508524
0
0.00297692
0
0.0157461
0.00849254
0
0.0153402
0
0.00264451
0.00476962
0.00566818
0
0
0
0.00911487
0
0.0358603
0.00754335
0.109475
0.00306987
0.0181619
0.00508524
0
0
0
0.0058842
0.00270822
0
0.0330184
0.0190149
0.00247876
0.0191024
0
0.00268071
0.0133257
0.0226278
0
0.0986344
0.0190437
0.0027264
0.00791768
0.0156916
0.00259172
0.0189448
0.00567568
0.0109288
0.0112864
0.00267087
0
0.114778
0.0153841
0.00556761
0.00252374
0.00395977
0
0.00263705
0.00831107
0.00503821
0
0.015969
0.00558394
0
0.00256473
0.00276635
0.00263705
0
0
0.0042105
0.00812713
0.00575616
0.00274716
0.00773719
0.0532924
0.00286149
0
0.00609189
0.00552995
0.00280295
0
0.0029524
0
0.0141909
0
0.0137808
0
0.00770116
0.00579047
0
0.0131605
0.0028476
0.988713
0.00262727
0.00535977
0.00293436
0.00283714
0.00544892
0.00561316
0.063769
0
0.00876928
0.00534309
0
0.324786
0.00278449
0.00283714
0.00554789
0.00283714
0.0113982
0.00576587
0
0
0.00644138
0.00281006
0
0
0.00295157
0
0.0576769
0
0.0188211
0.00489742
0.0447294
0
0.00670182
0
0.00245417
0.0103166
0.00294871
0.0337889
0.0332207
0.0140636
0.00252965
0
0.0027597
0.016102
0.00657562
0.00773863
0.0194813
0.0357828
0.00271525
0.025019
0
0.00806442
0
0.00403401
0.00670457
0.00527181
0.0160919
0
0.00253572
0.00535375
0.0220003
1
0
0.00814835
0.0112083
0
0.129239
0.00268146
0
0.00280748
0.0110064
0.00261189
0.0109374
0
0
0.0025121
0.00281501
0
0.00833975
0.0025121
0.00355256
0.00793525
0.00288345
0.0190381
0.00280748
0
0
0.00263577
0.00290611
0
0.00252493
0.00514916
0.00355454
0
0.00262873
0
0.00514936
0.0134311
0.00255312
0
0.0167362
1
0.00273541
0.0101747
0.00250149
0.00260518
0.00284743
0.00265798
0
0.00259627
0.0139745
0.00266603
0.0511106
0.00505254
0
0.00535359
0.0079699
0.0026258
0.00284381
0
0.00274559
0.00708879
0.00553412
0
0.00282889
0.00266921
0
0.0154239
0.00259798
0.0215328
0
0.0401063
0.00293083
0.0228638
0
0
0.00854356
0.00841631
0
0.0194367
0.016705
0.00261289
0.0109679
0.00283779
0.00256401
0.00827892
0.0658166
0
0.0563297
0.0346208
0.00293083
0.00826973
0.00801396
0.00483956
0.00256401
0.00837259
0
0.00276485
0.0140363
1
0.00258934
0.0222059
0.00765677
0.234508
0
0.00272902
0.00253965
0
0.00539238
0.00257945
0.0044207
0
0
0.00267191
0
0.00292307
0
0
0.00274139
0.0133172
0
0
0.00908832
0.0179442
0.0246543
0
0.00277325
0
0
0.00267267
0
0
0
0
0.00281551
0.0169136
0
0.00245388
0.00545679
0
0
0.00259268
0
0.00528774
0.931636
0.00246179
0.0053539
0.00255312
0.00340077
0.019868
0.00297786
0.0473344
0
0.00263876
0.0709698
0.00255312
0.00333015
0.00651814
0.0798803
0
0.00281802
0
0.0278153
0.00278075
0.00834169
0.00261226
0.0260239
0.00953073
0.00284639
0.273203
0.00280861
0
0.00267771
0.00297937
0.00312872
0.0520104
0.158547
0.0207943
0.00256401
0.0108203
0
0.0133449
0.00660457
0.0139416
0.00561715
0.473876
0
0
0.0276048
0.00548912
0.00255269
0.0108676
0.00274519
0
0
0.159023
0.995437
0.00293011
0
0.0596604
0
0.561248
0
0.00292307
0.00286344
0
0.0036639
0.00565773
0.00257609
0
0
0
0
0.00289654
0.00257682
0.00405453
0.00910962
0.00544161
0.00280444
0
0
0
0.00379222
0.00295116
0.00573901
0
0
0.00273977
0
0
0.00694416
0.00293181
0.00367475
0.872102
0.00419716
0.00694766
0.00268071
0
0
0
0.00268174
0.0313226
0
0
0.0113386
0.00777148
0.0348806
0
0.00444364
0
0.0572867
0.0028357
0.00277401
0
0.00283697
0.00536702
0
0
0
0.00333273
0.00532533
0.00602075
0.00250725
0.0408323
0.00269654
0.00267202
0.00275828
0
0.00283697
0.00999818
0.0111895
0.00661804
0
0.00297652
0
0.0107722
0
0.0246442
0.00290984
0.00559179
0.00955178
0.0163651
0.00256401
0
0.0162624
0
0.00273245
0.00266739
1.01285
0
0.00337176
0.00819109
0.986628
0.00257754
0
0
0
0
0.00428099
0
0.00574324
0.00300766
0
0
0.00944929
0
0
0
0
0
0
0.00770377
0
0.0805867
0.00419016
0
0
0
0
0.00364139
0
0.00241035
0
0
0
0
0
0
0
0.00260725
0
0
0.00854327
0
0.00263664
0.00254155
0.0027597
0
0
0.00575611
0
0
0.00917507
0.00257444
0
0
0
0.00264992
0
0.00576029
0.00264094
0
0.00296803
0.0029384
0
0.00587673
0
0.00306295
0.00266938
0.0385108
0
0
0.0128885
0.00293168
0.00565939
0.00530038
0
0.0056018
0.866673
0.00771134
0.00279807
0.00277506
0
0.00662682
0.0110476
0.00385567
0.00557255
0.0028178
0.00369839
0.00293136
0.00843493
0
0
0.00426545
0.0036496
0.00875233
0
0.0322411
0
0
0
0.0107207
0.00292729
0
0
0.00267267
0.00443549
0.00305089
0
0
0.00525691
0
0
0
0.00257682
0.00515373
0
0.0064741
0.00271379
0.0109917
0.00259125
0.00257682
0
0
0.00275088
0
0
0
0.00590826
0.00241152
0
0.00565477
0.00521457
0.0109002
0.00255573
0.00311955
0
0.0028245
0.00291525
0.00272256
0
0.0167878
0.0107428
0.0029091
0
0.00295046
0.00830942
0.081285
0
0
0
0
0.0905412
0
0.00547642
0
0.00257038
0.00256795
0.00268405
0.00262864
0.0053304
0
0
0.0070448
0
0.00259157
0.00269741
0.00302279
0
0
0.00262659
0.00253852
0.00288061
0
0.00296461
0.00251082
0.00563728
0
0.00275401
0.0197653
0.00262659
0.00296461
0.00844
0.00296461
0
0.00246559
0.0111173
0.00280206
0
0.00349498
0
0.00550557
0.00259116
0
0.0108715
0
0.00256298
0
0.00284102
0
0.00560353
0
0.00258475
0.00288735
0
0
0
0.00575621
0.00293845
0.00863919
0.00296341
0.00248711
0.00294451
0
0
0.0160645
0.00861798
0.00283479
0.0054361
0.0026564
0.00265232
0.00274629
0.00835597
0
0
0.00511773
0.00985229
0.00265232
0.00253965
0.00881065
0
0.00853542
0.0314927
0.00269482
0.00549431
0.00511773
0.216991
0
0.00259157
0
0.00289291
0.00271499
0.00248628
0.002552
0
0.0025923
0
0.0042107
0
0.0027597
0
0.00260891
0
0
0.00806172
0.00251082
0
0.00246559
0
0.00257682
0.00978508
0
0.00283567
0.00380506
0.00765809
0.00525499
0
0
0
0.0027597
0.00262464
0.00498158
0
0.0116248
0
0.00834971
0
0
0.00514727
0.00292232
0
0
0
0
0
0.00284501
0.00269741
0.00276759
0
0.00248194
0
0.0141786
0.00722976
0.00275679
0
0
0
0.00255234
0.00248194
0.00523979
0.00531754
0.00296302
0.0056077
0.00449611
0.00263748
0.0192008
0.0110584
0.00598183
0.00276632
0.00231036
0.00252493
0.00553934
0.00312573
0.00861108
0.00515655
0
0
0.0030156
0.00791762
0.00513586
0.0195632
0.00535883
0.0119117
0.0175327
0.00298181
0.0149038
0
0.0531536
0.00248194
0.308659
0.00259083
0.00262538
0
0.00271025
0
0.00273035
0
0
0
0.00444517
0.0108302
0.00296195
0.00280005
0
0
0.00269671
0
0.00539942
0.00267401
0
0
0.00252301
0.00280172
0
0.00537208
0.00465635
0
0.0210662
0.00267401
0
0.0120221
0.00258641
0.00254621
0
0
0.00286219
0.00245915
0.00256298
0.00260725
0.0044341
0
0
0.00252853
0.00286219
0.00961775
0
0
0.0133604
0.00545754
0
0
0.0758754
0
0.00321022
0
0.00254839
0
0.00500495
0
0.00448881
0.00739549
0
0.00273961
0
0
0
0.00254839
0.0116287
0.00314692
0.00248194
0.00369839
0.00584143
0
0.00844934
0.0052018
0
0.00535556
0.00524993
0.0028287
0.00554349
0
0.00886363
0.00857857
0
0.0329125
0.0210849
0
0.00269049
0.00535483
0.00556826
0.00616569
0.00529356
0.0188149
0.0405926
0.864532
0.00600678
0.00521618
0
0.00254839
0.467631
0.0590929
0.00253781
0
0.00288875
0.00275642
0.00614802
0.00299583
0
0.0105134
0.00529644
0.0028178
0.0124587
0
0.00586649
0.00305755
0.0057448
0.00283479
0.0109016
0.00537753
0.00298181
0.00535669
0
0.00545313
0
0.00530665
0
0.00272404
0
0
0.00798743
0.00269671
0.00640039
0
0.00545313
0
0.00782176
0
0
0.0028887
0.0025436
0.00290524
0.00241693
0
0.008018
0.00275642
0.00573244
0.0181867
0.0159735
0
0
0.0100225
0.00268993
0
0.00250663
0.00528261
0
0
0.00552883
0.0036639
0.0180885
0.0105615
0
0.0479891
0
0
0.00259536
0
0
0
0
0.00383746
0.00253699
0.00936037
0.016036
0
0.00250663
0.00520926
0.00501092
0
0.00253987
0.021461
0.00855571
0
0.0306286
0.0582786
0.00743664
0.00259198
0.00514011
0.00253987
0.0104145
0.00601595
0.00813495
0.00538657
0.0255575
1.06139
0.00260277
0.0140318
0.00868779
1.02924
0.0523619
0.00252192
0.00280707
0
0.00329471
0.00539191
0.0318702
0.00284712
0.00264689
0.00280549
0
0.00532056
0.00895589
0
0.00562737
0.00575637
0
0.00865578
0.00257583
0.00522809
0.00253965
0.00263075
0.00859915
0
0.00269671
0.00261079
0.00798053
0.00284391
0.00402854
0.00267401
0.00298181
0.0107213
0.00252953
0.0115573
0
0.00309573
0.00774885
0.00296773
0
0
0.00464942
0.0118917
0
0.00296773
0.0261466
0.00261525
0.0142954
0.0207617
0
0
0
0.00446388
0
0.0258158
0.0111958
0.0316758
0.00508164
0.0055146
0
0
0.00284952
0
0.00359273
0.019512
0.0085042
0.00305273
0
0.0188806
0
0
0.00571171
0.00271931
0.00354872
0.0142213
0.0206358
0.00937734
0.00581454
0
0
0.0052984
0.00275022
0.048262
0.00277944
0.0226396
0.0030262
0.00836309
0.0822329
0
0.00274355
0.0055254
0.00298226
0.0126617
0.00862305
0.00880107
0.475107
0.0029195
0.0681893
0
0.0664401
0
0
0.00283438
0.0104608
0
0
0.00611857
0.00259125
0.00513257
0.00290606
0.00408324
0.00384061
0.00739549
0.00293201
0.00572509
0.00293242
0
0.00282505
0
0.00275642
0
0.00258475
0
0
0
0.0112531
0
0.00263075
0.0147204
0.00264022
0
0
0
0.00539146
0.00297257
0.00287019
0.00272216
0.00260222
0.00277777
0.00272216
0
0.00396825
0
0
0.00253965
0.0226563
0
0.0168871
0
0
0.00272216
0.00272708
0.00277777
0
0.00268115
0
0.0222616
0
0
0.00293201
0.00256644
0
0.011536
0.00728756
0.00948575
0.0139897
0
0
0.0592701
0.00263032
0.00240303
0.00293201
0.00270527
0.0028752
0.00256644
0.00758151
0.00261894
0.0110478
0.0306351
0
0.00846478
0.00515236
0
0
0
0
0
0.0697852
0.00255163
0.00284895
0.0497101
0.0200563
0.00814707
0.00529011
0.00253987
0.0513943
0
0.0141466
0.00565164
0.00553166
0.0329362
0.0110021
0.111732
0.992082
0
0.00261564
0.0206346
0.00565417
0.147493
0.00263001
0.00259271
0
0.0109789
0
0.00863696
0
0.0057672
0.00263173
0.0025115
0.00270929
0.0478508
0.017589
0.0201674
0.00586427
0.00304318
0
0.0054733
0.00272246
0
0.00261206
0.00545748
0
0.00298181
0.00285964
0
0
0.00252487
0.00264886
0.00338114
0
0.00252264
0
0.027235
0.00285964
0
0.00295234
0
0.0317778
0.00287537
0
0.0030875
0.0108809
0.00254108
0.00298181
0.00265754
0.0087042
0.00749468
0.00336383
0.00730201
0.0399815
0.00298181
0.00569096
0
0.00692692
0.0364718
0.00262714
0.00575714
0.00591737
0.00510897
0
0.00576597
0.0054003
0.00514788
0
0.0271317
0
0.00524995
0.00269162
0
0.0240985
0
0.00507225
0
0.00253852
0.0027598
0.00572089
0.0054003
0.0127385
0.0106254
0.0050534
0
0
0
0.00254838
0.00548676
0.0051929
0.00281897
0.0079146
0
0.0301013
0.00847462
0.00868389
0.0326423
0.0479517
0.00265072
0.00278911
0
0.00542882
0.0031067
0
0
0.016896
0.0294947
0.0353643
0.022653
0.0359454
0.0431319
0.700554
0.0462351
0.00554772
0.515437
0.00270776
0.00503803
0.00262019
0
0.00266938
0.00257477
0.0135571
0.00285569
0.00526201
0.00299195
0.00595585
0.00285601
0
0.00256315
0.00284712
0.00264625
0.00265741
0.00285964
0
0
0.00561086
0.00258355
0
0.00317968
0
0.0081768
0.00256315
0
0
0
0
0
0
0.00284183
0
0
0.00858472
0.00431365
0
0.0385567
0.00279756
0.00799245
0.00292154
0
0.00257045
0.00265245
0
0.0100403
0.00850487
0.00269448
0.00292154
0
0.00266508
0.00257045
0.00266862
0
0
0.00728364
0.00553128
0
0.0215401
0
0.00281846
0.00340477
0.00272246
0
0.00373706
0.0391683
0.00582998
0.00564941
0.00777648
0.00937774
0.00531257
0
0.00285601
0.00333884
0.00272246
0.00666879
0.00556924
0.00302835
0.0995043
0.0194543
1
0.107911
0.604513
0
0.00525275
0.0180859
0.00256315
0.994554
0.863202
0
0.00264096
0.00290953
0
0.00595022
0.0450204
0.00285601
0.00283986
0
0.00264625
0
0
0
0.00268094
0.0181712
0.00286506
0.00272246
0.0026714
0.00538442
0
0.0112418
0.00285488
0
0.00263467
0.00397417
0.00294766
0.00256855
0.00268706
0.00842274
0
0
0
0
0.00553035
0.00285601
0.00285601
0
0
0
0.00263894
0.0860823
0
0.0135754
0.00285601
0
0.00952571
0
0.0793653
0
0
0.00252427
0.00262493
0
0
0.0139229
0
0.00493266
0.00292154
0
0
0
0.00876052
0.00275782
0.00373497
0.00717478
0
0
0.00266508
0
0.0179059
0.0664975
0
0.0325013
0.0109775
0.00266508
0.00266938
0.00296773
0.0173154
0
0.965416
0.213137
0.867448
0.00832543
0.0194817
0.00257058
1
1
1
0.00290442
0.00270929
0
0
0.00794785
0.00264625
0
0
0.00270776
0
0.00259475
0
0
0.0027633
0.00264625
0
0
0
0.002893
0.00557633
0
0
0
0
0.00266739
0
0.00254839
0.00305245
0
0.00266938
0.00266938
0
0.0101994
0.00265925
0
0.00793653
0.00812253
0.00266938
0
0
0
0.00266938
0
0
0.00715547
0.00691301
0.0152392
0.0107939
0.00266938
0.00586849
0.00253428
0.00585647
0.00284014
0.0132172
0
0.00286467
0.017975
0.00256642
0.00296461
0
0.0058656
0
0.00570368
0
0.0193866
0.0151553
0.00256116
0
0.00296461
0
0
0
0.00265222
0.942145
1.00597
0
0.0341225
0.0053392
0.0561931
1.00773
0.259274
0
0
0.00528018
0
0.00493058
0.00279734
0.00251025
0
0
0
0.00551803
0
0
0.00305511
0.00254839
0
0.00284684
0
0
0
0.00295604
0.00262464
0
0.00263467
0
0
0
0
0.00991285
0
0
0
0.00579896
0.00677131
0.00545867
0
0
0.00274315
0.0158731
0
0.00559934
0
0.0102081
0
0.00848422
0
0
0
0
0
0
0
0.0038888
0.00558775
0
0
0
0.00263829
0.00296773
0
0.00600643
0.0209475
0.0234432
0.00257808
0.0102575
0.0027107
0.00284712
0.00714139
0
0.00814996
1.01798
1.00317
0
0.0222654
0.0543758
0.663384
0.629797
0
0
0
0.033425
0.00299187
0
0.00290382
0
0.00272906
0
0
0.0122665
0
0
0.00290464
0
0
0
0.00256644
0
0.00567252
0.00266698
0.00301843
0
0
0.00256644
0
0.00549951
0
0
0.00562861
0
0
0.00535231
0
0
0
0.00264838
0
0
0
0.002794
0
0.00282721
0
0.0145434
0.00547513
0.00865
0
0.00549116
0.0211875
0.00593576
0.0088452
0.0141516
0.00284785
0.00248945
0
0.0212031
0.00865366
0
0.00268045
0.0305865
0
0.00286219
0.0053392
0.014366
0.00558465
0.00813696
0
0.00299691
0.00263169
0.0053392
0.00286219
0.00286219
0.00384966
0.00278691
0.0420934
0.694097
0.00954063
0.361901
0.361205
1.07861
0.00290546
0
0
0.00303302
0.00303239
0.00252648
0
0.0380634
0.00276166
0.0103416
0
0.00254839
0
0
0
0
0.00884523
0
0.0289327
0.00267311
0
0.00268117
0
0.00345626
0
0
0.00415337
0.0225665
0.0297667
0.939399
0.00292154
0
0.00496468
0.00690586
0.00864524
0.0113907
0.00292154
0.00281332
0
0.0152711
0.0134057
0.00252998
0.0196205
0
0
0.00285814
0.0650558
0
0
0.00306332
0
0
0.00298044
0
0.00762743
0
0.00486352
0.00272571
0.124214
0
0.981906
0.98064
0.0632397
0
0
0.00262464
0
0
0
0
0.00289991
0
0.00269329
0.0028467
0.00290524
0
0.0057896
0.00267311
0
0.0107058
0.00290439
0.00290464
0.00273655
0.00263467
0
0.002751
0
0.0204799
0
0
0.0113137
0.981795
0.00641964
0.00277357
0.00307352
0
0
0
0.0029643
0.00323073
0.00305521
0
0.00270389
0.00290524
0.0141818
0.00286938
0.0657815
0.00689009
0.0087488
0.00282036
0.0139057
0
0.0986723
0.00270389
1.00684
0.0182883
0.00531942
0
0.00334471
0.00437316
0.00818678
0.00241519
0.00262464
0.00673179
0
0
0.00254839
0.00283461
0.00255832
0
0.00597457
0.00254839
0.00276166
0.00283461
0
0.00826365
0.0029232
0
0.00284199
0.0044422
0.00283931
0
0.0455942
0
0.00816625
0
0
0
0
0.00276566
0
0.840296
0
0.00281332
0
0.00602855
0.0171459
0
0
0.00527498
0.00557329
0.00307352
0.00305389
0.0149608
0
0.0054177
0.0265746
0.00257058
0.00911675
0.00689009
0.00365495
0.966813
0.589475
0.00254807
0.00369775
0.00275967
0
0.00393696
0
0.00849281
0
0.00545089
0
0
0.00283461
0
0
0
0
0.00290077
0.00254839
0
0.00263467
0.00773076
0
0.00784556
0.00530986
0
0
0.00270596
0.802904
0
0
0
0.00259009
0
0.00574587
0
0
0.00246516
0
0
0.00284457
0.00259199
0
0
0
0.00897835
0.010508
0
0.00780567
0
0.00929293
0
0
0.941109
0
0
0.00258116
0
0
0.00289511
0
0
0
0
0
0
0.00263047
0
0
1.01004
0.444171
0.00988002
0.0032808
0.00270435
0.0276065
0.0143236
0.0041617
0.0043658
0.0140125
1.00859
0
0
0
0
0
0
0
0
0
0
0
0.00288839
0.00276166
0.0026279
0
0.00267028
0.00267311
0.00285405
0.00267311
0.00276166
0.12466
0.0104271
0.00267311
0.0348236
0.994642
1.16738
0.0068775
0.00532907
0.004585
0.00288298
0.00563025
0
0.00281277
0.0320959
0
0
0.0056149
0.00445398
0.0125186
0
0
0.00757394
0
0.0056149
1.07742
0
0
0
0
0.00259361
0.00262618
0.00262618
0.0144049
0.00262618
1.00232
0.00297856
0.00280213
0.012117
0.0075402
0
0
0
0
0
0
0.00498274
0.00592666
0.571392
0.02054
0.00292734
0
0.0032526
0.014817
0.00387108
0.00289127
0
0.00372594
0.0127192
0.00278962
0.00289127
0
0
0.00241931
0.147725
0.00256315
0.00257134
0.00256315
0.00274623
0.00289127
0.0059536
0
0.00456516
0
0.00801689
0
0.00277856
0.00277699
0.00281909
0.00281909
0.00277777
0.0470761
0.0125973
0.0285575
0.0894508
0
0
0
0
0
0
0
0.0638499
0
0
0.0036997
0.0812137
0
0
0.00255592
0.0123484
0.00255484
0.0443964
0.00258525
0.0538379
0
0
0
0
0
0
0.00237839
0.00246968
0.00550607
0.00750827
0.0675421
0.00352811
0
0.00259028
0.00411613
0.00290365
0.00388623
0.00397906
0.695409
0.0106871
0.453497
0.00740903
0.00259056
0
0.00279206
0
0.00735568
0.427503
0.0254065
0.995128
0.00462744
0.00411274
0.00229923
0.00246968
0.0057035
0.00246968
0.00279166
0.00246968
0
0.0499959
0.00289309
0.0123379
0.0833835
0.0912813
0.00289309
0.00237906
0.00309974
0.0161388
0.00289309
0.16946
1.04694
0.0120224
0.00289309
0.0135628
0.0591043
0.00246968
0.00542512
0.00904186
0.930161
0.0989167
1.00025
0.101014
0.00542512
0.00542512
0.98875
0.0647963
