0.0315524
0.104159
0.0171472
0.0315524
0.142246
0.133814
0.0315524
0.142246
0.133814
0.0315524
0.142246
0.133814
0.0209674
0.00822218
0.142246
0.133814
0.0209674
0.00822218
0.142246
0.133814
0.0209674
0.00822218
0.142246
0.133814
0.0209674
0.00822218
0.142246
0.15946
0.0209674
0.00822218
0.150266
0.531149
0
0.0461073
0.554605
0
0
0.00801967
0.94511
0.0155055
0
0
0.0459533
0.00801967
0.0164111
1.00406
0.0228136
0.00707087
0
0
0.0915337
0.0149921
0.00821683
1.00406
0.0174086
0.0205695
0.0228702
0.00707087
0
0.0369518
0.0756698
0.00697238
0.798042
0.0844922
0.0160352
0.0341621
0.00705861
0.0205695
0.0298973
0.00790157
0.00862402
0.00707087
0
0.0195677
0.106294
0.756877
0.0938323
0.0341621
0.0073638
0.0175491
0.162812
0.00929525
0
0.0298973
0.00790157
0.00862402
0.00707087
0.0298029
0.00863689
0.302549
0.248125
0.0938323
0.0341621
0.0073638
0.0175491
0.171939
0.00929525
0
0.0298973
0.00790157
0.00862402
0.00707087
0.0298029
0.00863689
0.303198
0.239875
0.0938323
0.0341621
0.0073638
0.182578
0.00929525
0
0.0298973
0.00927875
0.00790157
0.00862402
0.00707087
0.0298029
0.00863689
0.34706
0.20563
0.0938323
0.0341621
0.0073638
0.212209
0.00929525
0
0.0298973
0.00927875
0.00790157
0.00862402
0.00707087
0.0298029
0.00863689
0.363546
0.0144796
0.171593
0.0938323
0.0184415
0.014435
0.0165045
0.0073638
0
0.484493
0.0193231
0.0165822
0.00736465
0.00927875
0.00862402
0.0519305
0.0179582
0.0139363
0.381056
0.199686
0.0366415
0.101729
0.00907684
0.015751
0
0.0073638
0
1.0117
0.0100278
0.00826664
0.0163973
0.0228851
0.0668066
0.0179582
0.411236
0.0976804
0.0366415
0.101729
0.00819614
0.0073638
0.997412
0.0100278
0.00868578
0.0243257
0.0572249
0.0179582
0.00777895
0.385547
0.0269412
0
0.00819614
0.728386
0
0
0.0226175
0.196608
0.00808222
0.00942251
0
0.00819614
0.115884
0
0
0.0113597
0.114511
0.00808222
0.00942251
0
0.00819614
0.040116
0
0.0817169
0.00920993
0.00819614
0.0163705
0.169479
0.0249511
0
0.0765054
0.0319013
0.0186948
0.00922849
0.0163705
0.342433
0.0413648
0.0161258
0.0765054
0.277583
0.113792
0.00922849
0.00712567
0.313726
0.0413648
0.0161258
0.0663758
0.0176409
0.276134
0.169668
0.00922849
0.303152
0.0413648
0.0161258
0.0663758
0.306569
0.187498
0.00922849
0.260011
0.0600417
0.0161258
0.0663758
0.200891
0.356964
0.00922849
0.188474
0.108956
0.0161258
0.0548074
0.00925045
0.18715
0.408939
0.00943552
0.00922849
0.179136
0.0997388
0.0161258
0.019632
0.0329693
0.00810796
0.219869
0.540628
0.00922849
0.00773297
0.0394105
0.0338854
0.00798577
0.0355346
0.0115458
0
0.493314
0.973181
0.0253221
0.00758647
0.00867131
0.0355346
0
0.414505
0.577525
0.00887524
0.0448158
0.00758647
0.0273133
0
0.0234083
0.0539979
0.0105472
0
0.0389571
0.38408
0.00782048
0.915253
0.0266761
0.0448158
0.0273133
0
0.0234083
0.0899564
0.117246
0.567552
0.00782048
0
1.02123
0.0266761
0.0448158
0.0273133
0
0.0317915
0.0713459
0.0784406
0.469708
0.00782048
0
0.952161
0.0178009
0.0358242
0.0273133
0
0.0317915
0.0355346
0
0.020376
0.154502
0.00782048
0
0.90762
0.0178009
0.0358242
0.0273133
0.0234083
0
0.020376
0.0450962
0.213936
0.0177689
0.0395317
0.280568
0.57362
0.270714
0.0313885
