0.0533054
0.444719
0.0363123
0.0300663
0.030202
0.570822
0.772649
0.0106769
0.00319674
0.00317663
0.017083
0.024109
0.00300135
0.00276993
0.00276993
0.00276993
0.00291192
0.00279665
0.0439279
0.0101254
0
0
0
0
0.0142347
0.00288642
0
0
0
0.00290755
0.00282298
0
0
0.0200694
0.00280101
0.00280022
0
0
0.00276993
0
0.00579512
0.0140011
0
0
0.00350027
0.0028582
0
0.00580632
0
0.0842623
0.0112146
0.0771101
0.00284717
0
0.010463
0.00288429
0
0.00276993
0.00924388
0
0
0
0.0138743
0
0
0.00290284
0.00346857
0
0
0.00832691
0.00338617
0.050015
0.0277787
0.736881
0
0
0
0
0
0.00303944
0
0.00276993
0
0
0.00314013
0
0.00274946
0
0
0
0
0
0
0
0
0
0
0
0
0
0
0
0.00344336
0
0.00285841
0
0.234487
0
0.00924951
0
0.00275469
0.00275585
0.0277255
0.0344771
0.779124
0.0666946
0.00280022
0
0
0.00278274
0
0.0158636
0.00288731
0
0.00329326
0
0
0
0.0165593
0.00284887
0.00316659
0
0
0
0
0
0.00549082
0.0303914
0.00280339
0.00540381
0.0102914
0
0.0166115
0
0.00280283
0.00553443
0.00980297
0
0.00332229
0.15638
0.00279269
0
0.00277232
0.0143238
0.0167218
0.0628418
0.163846
0.486896
0.856506
0.0027678
0
0.00292446
0.0028355
0.00276858
0
0
0.0028726
0
0
0.00278247
0.00265951
0.00280022
0.00308506
0.005605
0
0
0
0.00560243
0.00267728
0.00275988
0
0.00547086
0.00289305
0
0.0100165
0.0499784
0.00332229
0
0
0.00283994
0.00551132
0.00443791
0.00286288
0
0
0
0.00840578
0.0119423
0.0131401
0.101265
1.08001
0
0
0.00627468
0.0130587
0.00284067
0
0
0
0.0199811
0
0
0
0
0
0.0057137
0.00284717
0
0
0.00276225
0.00284717
0.0048006
0.0118711
0
0
0
0.00285323
0.0082273
0.00275988
0.0115739
0.00528875
0.0410354
0.00280248
0.00944753
0.00275988
0
0.00551657
0.00985989
0
0.00563701
0
0
0
0.017941
0.0103483
0.00399365
0.0100955
0
0
0.00264393
0.00552701
0
0.00280079
0.00685905
0.0163497
0.00289407
0.00553758
0.00315634
0
0
0.00264393
0.0083481
0.00628029
0.00278848
0.0809277
0.0626619
1.01103
0
0
0.00281727
0
0.00554122
0
0.00277948
0.00289016
0
0.00364044
0
0.00272779
0.00336825
0.00273541
0.00258232
0.00276489
0
0.00259249
0.0162034
0.00857385
0.00275395
0
0
0.00332392
0
0.00279253
0
0.0140426
0
0
0.00566025
0
0.0133483
0
0.00267724
0.00544869
0.00330957
0.0774176
0.0201973
0.00273641
0
0
0.010647
0.0822983
0.00524365
0.00551035
0.00580202
0
0.0028884
0.00545088
0.00288827
0.00571088
0.0111602
0.162602
0
0.00267404
0
0.00283643
0.00275469
0.0108227
0.0203395
0.033191
0.0845229
0.966895
0.992537
0.00535971
0.00270254
0.0186604
0
0.0333561
0.00827351
0.0134369
0.00270178
0.00287174
0.00270254
0.0166117
0.00279341
0
0
0.00276539
0.00269622
0.00685837
0.00268274
0.00254908
0.00288216
0.00548445
0
0
0.00283559
0
0.0638193
0.026928
0.089969
0
0.00555442
0.00531704
0.00258232
0.00274335
0
0
0.0145231
0.00531704
0.0161421
0
0.00274335
0.0117479
0.00276588
0.0112229
0.0036621
0
0.00269257
0
0
0.00547083
0.00276368
0
0
0.0113615
0.0190515
0.0299668
0
0.00265027
0
0.0169058
0.019106
0.00279268
0.00280647
0.00276539
0.00265567
0.00270112
0.00292722
0
0.0110561
0.0110349
0.00513678
0.00411596
0.514636
0.00576014
0.00287174
0.0266811
0.00263224
0.00264393
0
0.00269442
0.00546045
0.00420434
0.0138694
0.0276111
0.107709
0.0142836
0.875977
1.01034
0.999432
0.981152
0
0.00375871
0
0
0
0.00271876
0.0137159
0
0.00265567
0.00440993
0.00291291
0.00259988
0.0056821
0.00288137
0
0.0393902
0.00804822
0.00270863
0.067015
0.0349172
0.118103
0.039255
0.00258232
0
0.00283228
0
0.00290418
0.00564668
0.0214775
0.00258232
0
0.00709826
0.0111424
0.00269607
0.00265027
0.00265642
0.00419649
0.00339498
0.0402054
0.0326595
0.00262276
0.00563253
0.00267898
0
0.00258561
0.00573236
0.00839298
0.00536104
0.00271711
0.00280022
0
0.0220407
0.00825761
0.00399554
0.380176
0.00273865
0.0406528
0.00274308
0.00555186
0.00296727
0.00279193
0
0.0083588
0
0.00279218
0.00554664
0.169797
0.0099441
1.03415
0.98907
0.989621
0.68074
0.944809
0.00256306
0
0
0.00719905
0.0100295
0.00538711
0.00533221
0.00825722
0.0144335
0.00267696
0
0.00528356
0.0042529
0
0.00299306
0.0111719
0.00256306
0.00266237
0
0
0.00309731
0.172263
0.0161605
0.0788602
0
0.00300013
0
0.00353897
0
0.00259706
0.00828844
0.00292032
0.078855
0.0148774
0
0.00554153
0.00266736
0.00563253
0.0117998
0.0104603
0.0135531
0
0
0.00345687
0.0029236
0.00929193
0.00283475
0.00376015
0.309924
0.00265176
0.0193672
0.00288278
0.00536588
0
0.993206
1.02177
0.709338
0.107993
0
0.0026774
0.00883441
0
0.00418057
0.0056085
0.00279766
0.00419166
0.0099294
0.00309391
0.00779454
0
0.00299363
0.00595919
0.00372396
0.0220062
0.00287469
0
0.00859338
0
0
0.00293416
0.00628671
0
0
0
0.0027278
0
0.00279672
0.0104093
0.0330017
0.00285672
0.00378521
0.00606851
0.0102794
0
0.00525164
0.0198575
0
0.00300449
0
0
0.00273769
0.0028498
0.00286185
0.00265176
0.0027901
0
0.0025821
0.00279766
0.112806
0.00292805
0.00286262
0
0.00292722
0
0.00300245
0
0
0.00298828
0.00384057
0
0
0
0.00271441
0
0
0
0
0
0.0373829
0
0.00311763
0.0246497
0.00292325
0
0.00311554
0.0141833
0.00300013
0.0194948
0.00266418
0
0.00279766
0
0.00272801
0
0.00732169
0.00292306
0.00388657
0.0088806
0
0
0
0.00281409
0.00666045
0.00949231
0.0028498
0.0159536
0.0028498
0.00539197
0.00291593
0
0.00808598
0.00276814
0.0028498
0
0.00285386
0.0201883
0.187511
0.00579975
0.00296727
0.00351115
0.00407736
0
0.00259915
0.00258232
0
0.0116535
0
0
0.00308812
0.00709143
0
0
0
0
0.00288026
0
0
0
0
0
0.00293416
0.0175342
0.0173859
0.00301044
0.00597823
0.0179957
0.00297882
0.00280135
0.00273734
0.00300451
0.0247304
0.00287531
0.00271601
0
0
0.00557352
0.00260603
0.0117479
0
0
0.0279286
0.00246549
0.00845728
0
0
0.00496926
0.0120926
0.00418382
0
0.00932553
0.00829667
0.00280424
0.00265027
0.00525252
0.00293843
0
0.00878603
0
0.00265945
0.00349678
0.0106998
0
0
0.0100868
0
0.00293621
0
0.00258433
0
0.00259988
0.00249727
0.0028234
0.00310995
0
0
0.434025
0.00285414
0
0
0.00594954
0.007972
0.00710659
0.0026578
0.00285575
0
0.00824436
0.00372352
0.0062153
0.00267454
0.00722801
0.00819074
0.0029834
0.0039867
0.00249727
0.00265027
0
0.00823318
0.0045106
0.0057446
0
0.00681073
0.00265027
0
0.00840878
0.00292325
0
0.0225983
0.0499804
0.0119732
0.00603217
0.985491
0.0244351
0.00272931
0.00301312
0.00265027
0.00559635
0.0241904
0
0.0061042
0.00584096
0.0244139
0.00545799
0.00819271
0.00609197
0.00282505
0.0159016
0
0.0128814
0
0.00254525
0.00276814
0
0.00295249
0.0244385
0.0243752
0.0301736
0.00308595
0
0.0027206
0.00277767
0.00743779
0.00542673
0.0251537
0.0230506
0.00843327
0.00258433
0
0.0242827
0
0
0.00640124
0.00264151
0.00287698
0
0.00534337
0.00302764
0.0138474
0.0183207
0.00647961
1.04842
0.00249675
0.00270653
0
0.00649599
0.0413625
0.0138021
0.00778876
0
0
0.00289848
0.00559507
0
0.00594368
0
0.00291871
0.00732002
0.00881165
0
0.00335988
0.00581
0.0281401
0.00400025
0
0
0.00305388
0.00276494
0
0.00739121
0.0853664
0.00574761
0.987624
0.0660468
0.0109457
0.00295343
0
0
0
0.00390763
0.00307915
0.0828026
0.00594594
0.00566598
0.00276181
0
0.00603878
0.0124785
0
0.00254408
0.0059582
0.00307803
0.00876844
0.0076904
0
0.0279107
0.00444729
0.411246
0.00886029
0.00569896
0.00300477
0
0.00297998
0.17026
0.0138818
0.00578363
0.0145547
0.00557187
0.0362535
0
0
0.00287797
0
0
0.00578363
0.00297848
0
0.00928748
0.0587762
1.04168
0.00518871
0.00292032
0
0.164093
0.00945934
0
0
0.00267379
0
0.00288781
0
0.00254908
0.00280989
0.00295144
0
0.0031147
0
0
0.00285588
0
0
0.00297831
0.01421
0
0.00270653
0
0.00601337
0.00270653
0.00280563
0.898284
0.828411
1.01281
0.0214126
0.00795129
0
0.00292849
0.00270653
0
0.0368833
0
0.00291444
0.119256
0.00297101
0.0337787
0.00303028
0.00284948
0.0137649
0
0.00674595
0.0028979
0
0.01611
0
0
0.00285588
0.00795794
0
0.00545576
0.0446938
0.00401321
0.0106283
0
0
0.00545576
0
0.00297059
0
0.0153618
0.0199216
1
0
0.0217112
0.0115604
0
0.00425132
0
0.00292057
0
0.00816132
0.0112858
0
0.00573523
0
0.00290292
0
0.00544497
0.00246427
0
0.00770468
0.00299491
0.0267352
0
0.00791181
0.00770468
0.0245941
0.0182237
0
0.00254944
0
1
1.00581
1.02045
0
0.00665257
0.011772
0.00305143
0.00306413
0.042774
0
0
0
0
0
0
0.00258151
0.0054857
0.00284086
0
0
0
0.00300477
0.00300477
0.0143686
0
0
0
0.00300477
0.00303583
0.00291106
0.00391927
0.00294523
0
0.607838
0.00255967
0.00293399
0.00599223
0
0.00820749
0
0
0.00247088
0.00271299
0
0
0
0.00301172
0.00302368
0.00538841
0.0114005
0.522155
0.00286977
0.00294538
0.00269121
0.0541151
0.00298038
0.00297785
0
0.00294538
0
0
0.00569217
0.00298315
0
0
0
0.0029322
0.00563978
0.0216775
0
0.00788271
0.0214121
0
0
0
0.0030464
0.00291558
0
0
0.00383872
0
0
0.155297
0.0140367
0
0.00833364
0.00280278
0.00603993
0
0.00270398
0.00274422
0
0.00265507
0.0103294
0
0.0282584
0.00253739
0
0
0.00253176
0
0
0
0.00253176
0
0.00852609
0.0129576
0.0407099
0.133431
0.0192242
0.196242
0.00270367
0.00299116
0.00722582
0.00330232
0.0791398
0.00912037
0.0207064
0
0.0212736
0.00579394
0
0.018496
0.00293882
0.00284086
0
0
0.0289033
0.0799582
0.00274413
0.0576095
0.00931377
0.00263481
0.00304377
0
0.00347489
0.0274679
0.0209008
0.00257327
0.00259828
0
0.00339934
0
0.00277042
0.251848
0.0197464
0
0
0
0.705076
0.00801447
0
0.00300693
0.00534241
0.00300641
0.012279
0
0.0024984
0.0109401
0
0
0.00255928
0.00393925
0.00781837
0.00293797
0.00540949
0
0.0028637
0.00292938
0
0.00292032
0.00253176
0.00263255
0
0
0
0.00758762
0.0379764
0.00832879
0.0597462
0.0712543
0.0199427
0.257876
0.00440672
0
0.0110387
0
0.00734065
0.0464072
0.0308898
0.00367188
0.0122761
0.0029015
0.00288598
0
0.00562709
0.00268536
0.00690213
0.0352494
0.00582406
0.00273001
0.00299116
0.00292291
0.00276199
0.00292932
0.0210601
0
0
0.00294005
0
0.00286923
0.00258255
0.0110508
0.00299374
0
0.00288541
0.00288114
0.002917
0.00307991
0
0.00270398
0.0024984
0
0
0.00280278
0.00295514
0.00259786
0.00316072
0
1
0
0.00277606
0.00566136
0.00291975
0.00281355
0.00277685
0
0.0163011
0.00931255
0
0
0.00901079
0.00272073
0.00269518
0.00286923
0.00286923
0
0
0.00892343
0.00286923
0.00287753
0.0110655
0.0199291
0.00297993
0.00261679
0.00394408
0.0106443
0.00306798
0.00261564
0.319117
0
0.00261679
0.00526681
0.00263757
0
0.00275748
0.00275748
0.0221818
0.00307541
0
0.0239059
0.00274891
0.00275748
0.0028079
0.00278522
0.0063968
0
0.00253832
0.00278212
0.00284549
0.00302622
0.0255675
0.00327073
0
0.00275541
0.00294045
0.00277528
0.00263285
0.00253825
0.0083289
0.00566807
0.00273396
0.00253825
0.003348
0.00263285
0.0257635
0
0
0.00265507
0.00255928
0.0110681
0
0.0170943
0
0
0.0118178
0.0026812
0
0.00529944
0.00288884
0.00848246
0.00259553
0.00991688
0.0218078
0.00851993
0
0.00273596
0
0.0100651
0
0.00282749
0
0.00282749
0
0.00281188
0
0.00282749
0.00253053
0.00286754
0.00292291
0.0153557
0.00290449
0
0.00277606
0.00260014
0
0
0.164347
0.00257653
0.00287207
0
0.00286923
0.00292697
0
0.00257679
0.0178469
0
0
0.00296944
0.00298153
0.00262186
0.00288577
0.00357897
0
0
0.00554594
0.00277606
0.00510049
0.00279621
0.00258255
0.00267332
0.00551902
0.00250035
0.00286671
0.0173402
0.00393217
0.00258255
0.0132334
0
0.00715622
0.00276881
0
0.00292389
0.00270684
0.00576712
0.00282977
0.00274891
0
0.00568376
0.00400998
0.0159835
0.00265302
0.00853155
0.00279071
0.00284385
0
0.0025765
0.00280612
0.00301118
0
0.00375053
0.00549616
0.00739838
0.00579549
0.0104647
0.00279698
0.00286923
0.00271967
0.00566369
0.00263285
0.00258552
0.021457
0
0
0
0.0190622
0.00279698
0.00781792
0
0.00295873
0.00853938
0.00550284
0.00293369
0
0
0.191764
0.0545317
0
0.00568979
0.00279619
0
0.00305672
0.00279698
0.00286923
0
0.00300529
0
0
0.0195903
0.00295062
0.00286923
0
0
0.00275218
0.0136741
0.0114494
0.00342254
0.0126753
0.00537451
0.00841314
0.00294687
0
0.00390792
0.00788398
0.00304147
0.0056145
0.00782533
0.00258255
0.0130762
0
0.00495677
0.00936901
0.00569514
0.00272084
0.00888224
0.0142637
0.00284625
0.00307788
0.00283867
0.00258493
0.003049
0.0060639
0.00611224
0.0272182
0.00287632
0
0
0.00577483
0.00647791
0.0270525
0.00272182
0.017646
0.188091
0.0028659
0
0.00277606
0.00313546
0.00276007
0.00298717
0
0.00863185
0.00527348
0.00284525
0.00293616
0.00266652
0.00253513
0.00311015
0.00283867
0.0220187
0.00260014
0.00296423
0
0.00267448
0
0.00314289
0.0515835
0.00303944
0
0.00297557
0.229861
0.00259831
0.00883817
0
0.00270398
0.00264085
0.00260014
0.00562135
0.00891739
0
0.00851258
0.0114637
0.00289072
0
0.0106299
0.00257525
0.0041433
0.00604124
0
0.0170046
0.00290528
0.00853957
0.00942236
0.00585796
0.00568376
0.00272182
0
0
0.00539514
0.00306343
0
0.0169112
0.0165173
0.00540491
0.00272182
0
0.0212876
0.00272182
0.0116105
0.00294998
0.0133892
0
0
0.00251263
0.0225054
0.956512
0.00811444
0.00251263
0.00249065
0
0.00251192
0.00286671
0.00532217
0.00401753
0
0
0.00261761
0.00519703
0
0
0.00265679
0.00297494
0
0
0
0.0029015
0.0027319
0.0029015
0.00277931
0.00254682
0
0
0.00548128
0.00261679
0.00898823
0.00304313
0.00284835
0.0435026
0.00431629
0.00870449
0.00271792
0.00593415
0.0656248
0.00296079
0
0.00296324
0.00863258
0.0210874
0.00262395
0.00238491
0
0.00262395
0.00307811
0
0.011286
0
0.00544131
0.00262395
0
0.00298511
0
0.00570355
0.00260014
0
0.00253513
0
0.00306559
0.0295921
0.0107652
0.0120241
0.0088143
0
0.0142546
0.971943
0
0.0804658
0
0.0268262
0.606747
0.00589152
0
0.0059388
0.00298579
0.0498298
0.00283947
0.00295806
0.00257866
0.00876523
0.00833329
0.00277447
0.002917
0
0
0.00293616
0.0115191
0.00547211
0
0
0.00247319
0.00801615
0
0.00277447
0.00867517
0.00277447
0
0.0107782
0.0195905
0.00277447
0.00286359
0.0148327
0.00298608
0
0.00293016
0.0325368
0.0139821
0.00933993
0
0.0150677
0.0492505
0.00253412
0
0.00575301
0
0.0353487
0
0.00289033
0
0.0269196
0.014382
0
0.0125375
0.00299738
0.00890053
0.00590337
0.00615851
0.0191315
1
0
0.00632144
0
0.20971
0
0.00819187
0
0.0026223
0
0.00283787
0.0035502
0
0
0.00294636
0
0.00539126
0.00274333
0.00261679
0.00287753
0.00313577
0.00277793
0.0035905
0.00274333
0.0322004
0.00261679
0
0
0.00285578
0
0.00285578
0.0121533
0.00583489
0.00313577
0
0
0.0128403
0.00307555
0
0.00313831
0.0115365
0.0110106
0.0127593
0
0.0028628
0.0028195
0.00408556
0.00561139
0.00297571
0.0103717
0
0.00873506
0.00286862
0.00304902
0.0029331
0
0.00981296
0.00298986
0.0147825
0.0259733
0
0
0.00286862
0
0
0.00738241
0.00890417
0.00590489
0.0213579
0.0193146
0.515994
0
0.00301729
0.00286862
0.906918
0.00283787
0.00298704
0.00802593
0
0.00289898
0
0
0
0
0
0.00389425
0
0.010119
0.169096
0.0223621
0
0
0
0.00288496
0
0
0
0
0.00306078
0
0.0142661
0
0.00271622
0.00301084
0.00295733
0.00271792
0
0.00274333
0
0
0
0.00836962
0.00546661
0.0847563
0.00569754
0
0.00297755
0.0154239
0
0.00295871
0.00273967
0.0028195
0.00598725
0.021638
0.00304824
0
0.00287479
0
0.00295001
0.00571241
0.00708942
0.0179309
0
0
0
0
0.00286229
0
0.0148139
0.00309217
0.00307307
0.00366462
0.0117414
0.00261548
0
0
0.0045552
0.0264218
0.0178726
0.0444966
0.0406852
0.134279
0
0
0.00273967
1.04458
0
0
0
0
0.00288417
0
0
0.00285153
0
0.00277525
0.00518145
0
0
0.00307494
0.00600482
0
0.00350185
0.00291847
0
0
0
0.00306265
0.00321363
0.00283867
0
0
0
0
0.00297962
0.00299062
0
0.00299323
0.00294946
0.00299062
0.0432989
0.00894779
0.0145462
0.0421127
0
0.00301792
0
0
0
0
0
0.00308237
0
0
0.0177029
0
0
0.0177709
0
0.0025819
0.0028195
0
0.00298743
0.00402271
0
0.0438508
0
0.0029283
0
0.00354834
0.0420097
0.0030809
0
0.00816568
0.0283259
0
0
0
0
0.00358577
0.0556461
1.06757
0.0030136
0
0
0.00302434
0.0390018
0.00286671
0
0.00955571
0.00286671
0.00285088
0.00289333
0
0
0
0
0
0.00307855
0
0.00273967
0.00295128
0.00322809
0.0245017
0
0
0.0124249
0.0147468
0.00285955
0.00984345
0
0.00288506
0.0060132
0.00294998
0.00295128
0.00267053
0.00303992
0
0
0
0.0156824
0.00906944
0.00295128
0.00279131
0.00257971
0.00463397
0
0.00293761
0.00868774
0.00788637
0.00553364
0.00915371
0.00274331
0.00294998
0.0028195
0.00300678
0.00825447
0.00983759
0.0711691
0.00294308
0.0229439
0.0104571
0.00279412
0.0028195
0
0.00283867
0.00959175
0.939463
1.04115
0.0209091
0.0168731
0
0.00837262
0.00274755
0
0.0026496
0.00521819
0.0113554
0.00592043
0.0120856
0.00561445
0.00256421
0.00278294
0.00543924
0.0029358
0.00365578
0.0102875
0.0112459
0.00551579
0.00280757
0.0217172
0.00807392
0.00275834
0.00258434
0.00543924
0
0.0510781
0.0546436
0.0195449
0.00274526
0
0.00276779
0.00718697
0.0163214
0.0492204
0
0.00294998
0.00689584
0.0199887
0
0.0353219
0.00842482
0.0029283
0.00267323
0
0.00304941
0.0482119
0.00302464
0.0029283
0.0028195
1.05677
1.04408
0.0175321
1.00133
0.00269195
0.00276614
0.00467536
0.0316166
0.0101148
0.0025969
0.0132641
0.00269271
0.00269347
0.00434446
0.0126253
0.0151639
0.00285892
0.00257463
0.00267079
0.00262213
0.00264185
0.00643239
0.00264937
0.0026854
0.00262213
0.00719227
0.059845
0.00269271
0.00269271
0.00264937
0.00273935
0.00323125
0.00867726
0.00254259
0.00772745
0.0350962
0.0128318
0.0053966
0.00264937
0.00269271
0.00317925
0.0497101
0.104906
0.0245293
0.0980384
0.00280383
0.00264038
0.00337482
0.00740979
0.0434508
0.0222614
0.00280757
0.00280383
0.00269783
0.00281605
0.0151375
0.00539342
0.00819922
0.0176599
0.00815748
0.00536733
0.00280757
0.00261469
0
0.00520909
0.0134183
0.292022
0.00264308
0.00279705
0.0280226
0.00263686
0.00280757
0.00818451
0.00536733
0.00701891
0.94912
1.01065
0.0470275
0.99454
1.00541
0.00287384
0.0200153
0.00274044
0.00731628
0.00267729
0.00256244
0.0055385
0.00267729
0.0479731
0.00267729
0.00410443
0.0110872
0.00582888
0.00807845
0.0346071
0.00267729
0.00263038
0.0359681
0.226399
0.05232
0.164836
0.00232002
0.00974802
0.00434097
0.0787293
0.0281875
0.00247487
0.00538222
0
0.00835755
0.00810363
0.0110625
0.00749804
0.0189454
0.00263284
0.0132461
0.00272567
0.489078
0.0298818
0.00244357
0.00263284
0.00263284
0.0040453
1.0057
0.988442
0.00877613
1.00552
0.627615
0.00273889
0.00439236
0.00286016
0.00407723
0
0
0.00269581
0.0185031
0
0.0205883
0.0195567
0.0333902
0
0.0042566
0.0198355
0.00302709
0.00248236
0.00354624
0.097888
0.00287184
0.00275818
0.00248236
0.00248236
0.993383
0.0248236
0.298614
0.00247487
0.00273967
0.00292909
0.0030716
0.00399421
0.00292909
0.00292909
0.00282776
0.00292909
0
0
0
0
0.00272295
0.00299802
0.0027793
0.00974732
0.0083379
0
0
0.00299441
0.00299441
0.00313902
0.00394318
0.00296991
0.0111953
0.620983
0.00463217
0.00273967
0.00273967
0
0.00287767
0.0670577
0.997468
1
1.00631
0.00473872
0.00251376
0.00290093
0.00400198
0
0.00299441
0
0.00577371
0.701435
0.992469
0.00684917
0.00508081
0.00247487
0.00283132
0.0247487
0.0120969
0
0.00895627
0.00237827
1
0
0
0.857395
0.389722
0.0031201
0.620747
1
0.101388
0.152318
