0.0375821
0
0.0703057
0.103403
0.0287458
0.00630365
0.0169028
0.109357
0.303698
0.0191325
0.0160882
0.00630365
0.0169028
0.109357
0.303698
0.0107613
0.0191325
0.00630365
0.0169028
0.109357
0.303698
0.0104153
0.0191325
0.00630365
0.0169028
0.109357
0.303698
0.0104153
0.0191325
0.0255144
0.109357
0.303698
0.00922701
0.0191325
0.0255144
0.011638
0.109357
0.322724
0.00922701
0
0.0191325
0.0169028
0.0232734
0.129978
0.407614
0.00922701
0.00743546
0
0.00943145
0.00718223
0.0169028
0.00774481
0.00754237
0.0467078
0.123063
0.702423
0.0262351
0.00957361
0
0.00815317
0
0.0123727
0
0.00774481
0
0.0350724
0.0744719
0
0.579295
0.00848238
0.0193586
0.00716308
0
0.014521
0
0
0
0
0.00774481
0.0143643
0
0.0350724
0.0412003
0
0.0294596
1.01405
0.0171788
0.0481264
0
0.00810243
0
0
0.0258906
0
0.014301
0.00897782
0.0157834
0.0143643
0
0.0581528
0.0139575
0
0.039252
1.0125
0.0423605
0.0377349
0
0.010178
0.00716308
0
0
0
0.0498375
0.0131812
0.00897782
0.022903
0
0.0140187
0.0109242
0.114683
0.0207813
0
0.0293554
1.0125
0.0144432
0.042511
0.027651
0.00716897
0.00716308
0.00825748
0.0378605
0.00935085
0.0103936
0.0565028
0.0131812
0.00935207
0.0376929
0
0.0140187
0.0112986
0
0.0913927
0.0208944
0.013012
0.00986176
0.993138
0.0432952
0.058281
0.0369471
0
0.00946152
0.00791723
0.0116241
0.0531814
0.0212014
0.0917108
0.00879879
0.0131812
0.0627009
0.0153404
0
0.0459691
0
0.0560407
0
0.0914935
0.0136841
0.00640835
0.00986176
0.830154
0.0859733
0.0334805
0.0558405
0.014749
0.00708159
0.0236207
0.029915
0.0448282
0
0.0528448
0.110033
0.0179921
0.0131812
0.0350988
0.0153404
0.00822258
0.0451444
0.0573826
0.0567512
0.243243
0.00666717
0.00640835
0.321565
0.0131342
0.157854
0.0257919
0.00901136
0.0283863
0.0290331
0.0183306
0.013936
0.00689279
0.0116241
0
0.0750052
0.0275931
0.0138375
0.0313458
0.123974
0
0.0131812
0.0270852
0.0301113
0.0595276
0.0450904
0.013624
0.0566968
0
0.220359
0.00666717
0.00640835
0.0294895
0.273405
0.0490363
0.142952
0.0260005
0.0277707
0.0219335
0.00946152
0.00708159
0.00689279
0.133475
0.0466808
0.0138375
0.0522622
0.110446
0.0262256
0.0360326
0.0376678
0.0592807
0.0433158
0.0275719
0.0583936
0
0.00717239
0.220359
0.00640835
0.0386401
0.244773
0.036304
0.171775
0.0260089
0.0385296
0.0219335
0.00946152
0.00708159
0
0.00804232
0.256957
0.0361425
0.0152133
0.0414545
0.116921
0.0372526
0.0266031
0.018516
0.0302635
0.00816493
0.0680122
0.0295182
0.0419698
0.0282638
0
0.27
0.0206427
0.00640835
0.0481048
0.224925
0.0486383
0.187279
0.041262
0.00976668
0.129265
0.0295022
0.0191741
0.00708159
0.00760033
0.0171801
0
0.0169746
0.0192654
0.94036
0.0806853
0
0.0634561
0.0977012
0.0101292
0.02838
0.0368398
0.0381695
0.0265674
0.0843873
0
0.0282778
0.0452557
0
0.0154219
0.332808
0.0212551
0.00640835
0.0486386
0.196814
0.060938
0.218692
0.0349831
0
0.0193287
0.137046
0.0144555
0.0191409
0.0139012
0.0150272
0.0347417
0
0.00845352
0
0.980982
0.0262603
0.0304429
0.152434
0.125973
0.0458341
0
0.00944148
0.0306846
0.0273808
0.0776282
0.0144928
0.0140609
0.0163049
0
0.023357
0.346326
0.0495086
0.00617752
0.0193477
0.0990701
0.0485847
0.278574
0
0
0.069777
0
0.0147989
0.0253351
0.0127808
0.0171306
0.0100705
1.00635
0.0283119
0.0138717
0.153831
0.0914491
0.0372794
0.0384921
0.0189724
0.00812535
0.0280949
0.142824
0.0621498
0.00685184
0.220903
0.0276316
0.021312
0.0288626
0.0609043
0.0928338
0
0.010027
0
0.0592933
0
0.0097126
0.0229196
0.0259653
0.00867708
1.01333
0.009091
0.0557373
0.00660876
0.00844852
0.0424192
0
0.00887048
0.0407778
0.0289584
0.0791486
0.088797
0.0147294
0
0.041144
0.0465224
0
0.00953296
0.00768781
0.0097126
0.0079793
0.00816811
0.0388387
0
0.437494
0
0.0342989
0.0129563
0.0259873
0.00943632
0
0.0412941
0.0139292
0.0480632
0
0
0.0119963
0.00718414
0
0.0207643
0.0306889
0
0.0102485
0.00935912
0.00744801
0
0.266461
0.0456903
0.0129423
0.0409833
0
0.00824134
0.0243515
0.0139292
0.016207
0.0725757
0
0
0.0100612
0
0.0146709
0
0.0102485
0.02821
0.00667626
0.00744801
0.521588
0
0.0146629
0.0782699
0.0263081
0.0119939
0
0.00824134
0.0933408
0.0160249
0.189425
0.0309812
0.0109507
0.0460776
0.00983416
0.0194925
0.0180815
0.00667626
0.700578
0.00955307
0.0146629
0.0217821
0.0270355
0.0141258
0
0
0.0163955
0.11045
0.0300715
0
0.326855
0.150085
0
0.0621818
0
0.0194925
0.00704501
0.00862616
0.0261181
0.00755177
0.00980796
0.610496
0.00911911
0
0.0322286
0.0273568
0
0.0141258
0
0
0.0269332
0.0933408
0
0.0300715
0.336609
0
0.190134
0.046257
0
0.0194925
0.00704501
0.0269012
0.00732027
0.0252931
0.00872717
0
0.546954
0
0
0.0440196
0.0270053
0.0183501
0
0
0.00903444
0.0852648
0
0.00784199
0.0453259
0.0107533
0
0.350393
0
0.209285
0
0.0319494
0.0200629
0.0090815
0.0485222
0.00704501
0.0172514
0.0159341
0.0084218
0.0262242
0.424782
0.00907822
0
0.10638
0.0336215
0
0
0
0.0157731
0.017254
0.0617742
0
0
0.0613535
0
0.270665
0.279275
0.0107678
0
0.0297209
0.0208605
0.0294868
0.0101092
0
0.0172514
0.0159341
0.0084218
0.0262242
0
0.328325
0.00907822
0
0.106642
0.0407696
0.0119243
0.00862958
0.00812842
0.0254546
0.0693706
0.0302888
0
0.0460991
0.0107339
0
0.238811
0.0066473
0.461746
0.0305054
0.0114505
0.0786983
0.00833875
0.030674
0.0198553
0.0072685
0.0363397
0.0156364
0.0245226
0.0396136
0
0
0.310787
0.0281449
0.0161524
0.107275
0.027005
0.03953
0.0176865
0.0159739
0.0344173
0.0387592
0.0304014
0.0223918
0.0892462
0
0.0303503
0.199606
0
0.020878
0.973152
0.0209769
0.0239418
0.0941582
0.00855809
0.0110745
0.0482437
0
0.0072685
0.0100303
0.0151585
0.0245226
0.0396136
0.0177345
0.0925019
0.00955307
0
0.12121
0.00661132
0.0659415
0.026553
0.0163753
0.0900768
0.0392653
0.0455055
0.0376288
0.0594119
0.0338336
0.0610277
0.204471
0.013788
0.0135749
0.971668
0.0920424
0
0.121094
0
0.0497022
0
0
0.00998747
0.00786175
0.0245226
0.0394849
0.0164936
0.00965165
0
0.0899871
0.0137852
0.00944795
0.0268432
0.00945323
0.0084606
0.0825383
0.0154527
0.0150349
0.0525239
0.0600847
0.0336503
0.0762995
0.180223
0.0481701
0.0417209
0.797728
0.0307983
0.0128376
0.152386
0
0.0589325
0.0101119
0
0.0247745
0.0392279
0
0
0
0.0188636
0.0309621
0.113354
0.0209235
0.00944795
0.0657718
0
0.00788773
0.0820054
0.0163707
0
0.0377784
0.0756892
0.0338545
0.0988298
0.202118
0.0294628
0.0278577
0.981765
0.092658
0.0121949
0.184644
0
0.0208329
0.0194947
0.00985606
0
0.0283515
0.0166606
0
0
0.00965165
0.0309621
0.101043
0
0.0904127
0.00788773
0.128849
0
0.0293011
0.022579
0.0757884
0.0349812
0.11463
0.300381
0.021964
0.0279871
1.01359
0.04231
0.0121949
0.169172
0
0.0108645
0.0391775
0.0205461
0.0184
0.00823097
0
0
0.0494341
0
0.0162169
0.0995332
0.00714567
0.0909724
0.00788773
0.082374
0
0
0.0218506
0.0453368
0.0455671
0.0539095
0.2186
0.0146491
0.0346476
1.02104
0.0426231
0
0.107122
0
0
0.0198674
0
0.0191594
0
0.0330233
0
0.0313739
0.0339668
0.00712245
0.0525212
0
0.108799
0.00816748
0.00742264
0
0.0455117
0.13508
0
0.0147003
0.8212
0.0420623
0
0
0.00979716
0
0.014961
0.0162169
0
0
0.0525073
0
0
0
0
0.0113193
0.0309238
0.0125441
0.00736844
0.342766
0.0103249
0
0
0.0077166
0
0.0163509
0.0162783
0
0.595673
0.081856
0.00727838
0.0528655
0.0163509
0.0162783
0.0119742
1.00663
0.0096068
0.098105
0.00727838
0.0528655
0.0129193
0.0162783
0.415357
0.0816323
0.0771616
0
