0.00768978
0.0856218
0.0139373
0
0.00688442
0.198454
0
0.00768978
0.00769216
0.0942648
0.00833719
0.0139373
0.017171
0
0.519281
0.0174287
0
0.0647895
0.0174183
0.0457121
0.017171
0.0168735
0
0.372785
0.0818315
0.0174287
0
0.0460256
0.0121971
0.0174183
0.0139373
0.0121002
0
0.017171
0.0168735
0
0.37461
0.0963552
0
0.0174287
0.0372106
0.0121971
0.0174183
0.0104138
0.0139373
0.0121002
0
0.017171
0.0168735
0
0.00898148
0.362378
0.0963552
0
0.0174287
0.00705983
0.0276609
0.0121971
0.00908112
0.0216954
0.0139373
0.0121002
0
0.017171
0.0168735
0
0
0.362378
0.00919195
0.123071
0.0084558
0.0174287
0.0187028
0.0143379
0.0276609
0.00908112
0.0216954
0.0139373
0.0105021
0.0071818
0.0168735
0
0
0.362378
0.203101
0.00722565
0.0174287
0
0.0187028
0
0.0143379
0.0276609
0.0106325
0.00908112
0.0216954
0.0105021
0.0071818
0.0168735
0
0
0.337242
0.365046
0.034618
0
0.00864301
0.0106325
0.00912946
0.0114709
0.0149722
0
0.0105021
0.0174709
0.0168735
0.00704495
0.15038
0.671855
0.0531573
0
0
0.00864301
0.0106325
0
0.0105021
0
0.0168735
0.0238951
0.642577
0
0.00864301
0.0106325
0.0103375
0
0.0105021
0
0.0168735
0.0238951
0.952703
0.00778829
0.021662
0
0.0136869
0.996517
0.00768994
0.0368117
0.00627027
0.0135206
0.00778829
0.0213496
0
0.0168802
0.00704658
0.0485107
0.00942072
0
0.996754
0.0164486
0
0.0192538
0.00627027
0.0135206
0
0.00778829
0.0725277
0.0113583
0.0851632
0.0168802
0.00704658
0.0556272
0.00942072
0.931328
0.0252422
0.00755833
0
0.0073806
0.0192538
0.00627027
0.00687936
0.0257159
0
0.0283478
0.00778829
0.114973
0
0.0181165
0.0358189
0.0101625
0.0738467
0.0168802
0.0069186
0.13181
0.0128473
0.81163
0.0244746
0
0
0.0226426
0.055149
0.012621
0.00687936
0.0264541
0.00820365
0
0.0416305
0
0.00778829
0.0940594
0.0132158
0.023452
0
0.00645264
0.185317
0.0323713
0.0069186
0
0.178969
0.0128663
0
0.00795331
0.415373
0.00913564
0.0328231
0.00818792
0
0.0149855
0.0536167
0.0131113
0.0135918
0.0136949
0
0
0.0850941
0.00929088
0.0112851
0.00778829
0.104475
0.0132158
0
0.0355262
0.0134511
0.249935
0.0321528
0
0.0269802
0.0100934
0.00662993
0.255138
0.025679
0.00741267
0.257631
0.0186383
0.041718
0.00879236
0.00760492
0.0520443
0.00627027
0
0.0136949
0.0332953
0.00774917
0
0.12478
0.034558
0.0333152
0.0859406
0.0132158
0.0492933
0.0134511
0.214521
0.0317323
0.0141975
0.0342915
0.018119
0.00654526
0.261493
0.0503675
0.0193006
0
0.230024
0.0183769
0.0341277
0.0243988
0.0352131
0.00760492
0.0520443
0.0128234
0.0202416
0.0136949
0
0.0488206
0.00774917
0.336541
0.0527655
0.0505687
0.0959175
0.0132158
0.0167576
0.0365761
0.0107979
0.0134511
0.283446
0.0648405
0.00711509
0.0208216
0.00916198
0.00654526
0.250217
0.0257081
0.0193006
0.0230827
0.230024
0.0266168
0.133704
0.0742066
0.0352131
0
0.0520443
0.0200651
0.0418471
0.0257378
0.00700231
0.0317646
0.00862251
0
0.010887
0.954909
0.0284145
0
0.0490466
0.105873
0.0158976
0.0370392
0
0.0205125
0.0226931
0.301445
0.0172517
0
0.0403678
0.0182653
0.00659359
0.470415
0.0193006
0.0315261
0.167382
0.0257124
0.150584
0.0248811
0.0166394
0
0.104086
0.013588
0.013429
0.0922389
0.0144111
0.0320869
0.00862251
0
0.993765
0.027456
0
0.0493856
0.126269
0.030478
0.0165343
0.0857541
0.0308433
0.0226785
0.432342
0
0.00703287
0.0197536
0.0191642
0
0.490481
0.0128657
0.0197239
0.0239234
0.0902896
0.0257124
0.165671
0.0163705
0.0166394
0
0.0895967
0
0
0.0811981
0.00740883
0.0163737
0.00747584
0.996399
0.0363895
0
0.106174
0.129582
0
0.0165343
0.0491117
0.0102046
0.0148212
0.458891
0
0
0.0281443
0
0
0.43703
0.0126455
0.00977005
0.024088
0.0417013
0.0590228
0.0165732
0.017065
0.00753364
0
0
0.0279704
0
0
1.04452
0.00913224
0.0106787
0.0254032
0.0755819
0.0172478
0.0262033
0.159371
0
0
0.0215576
0
0.308544
0.0105969
0.0084826
0.0137023
0.0243684
0.00786695
0
0.0357892
0.00694798
0
0.00808677
0.692513
0
0.0175309
0.0533611
0.036283
0.0131637
0.0433313
0.0345937
0
0.0136605
0.013752
0.0073273
0.154418
0.0072627
0.028376
0.0249744
0.0258654
0.00826912
0.0541312
0
0
0.0233735
0.355726
0.0255238
0.0211324
0.0147763
0.0387365
0.0116197
0.0109026
0.049724
0.034
0
0.0136605
0
0.0100685
0.00710038
0.049496
0.00975458
0.0237078
0.00758494
0.0163244
0.0163748
0.0161195
0.0188787
0.00826912
0.0710796
0.00724495
0.0209095
0
0.00756686
0
0.716201
0.0106211
0.0329109
0.031483
0.0147763
0.0534145
0.0116197
0
0.0443236
0.120499
0
0.0201832
0.00681743
0
0.091221
0.0300691
0.047656
0.00659814
0.0163244
0.016573
0.0247879
0.0193262
0.00826912
0.0723832
0.00724495
0.0350155
0
0.0310104
0.0159628
0.00744724
0
0.810298
0.0171139
0.0106211
0.084597
0.0991722
0
0.0368852
0.0251136
0.0103268
0.0147655
0.104275
0.0175981
0.00699486
0.0213118
0.00647434
0.14812
0.00975458
0.0402254
0.0210051
0.0348052
0.0413473
0.0319523
0.0193262
0.0239474
0.0552704
0.00724495
0.0346689
0.0125247
0.0310104
0.0082102
0.0109869
0.621526
0.0357525
0.021774
0.0693198
0.0547208
0.0140486
0.0356088
0.0379088
0.0294671
0.0697811
0.00699486
0.0198298
0.0299241
0
0.120531
0
0
0.124787
0.026971
0.0340884
0.0660025
0.00823946
0.0389106
0.0236876
0.0552704
0.0136834
0.0344334
0.0250209
0.0154552
0
0.0156242
0.0109869
0.52067
0.0452228
0.021774
0.0862379
0.0331324
0.0294751
0.0356088
0.0358579
0.00765473
0.070333
0.00699486
0.0282519
0.0190638
0
0.127983
0.0129806
0.00933405
0.147147
0.0202168
0.0332139
0.041687
0.00823946
0.036724
0.0153305
0.106404
0.0136834
0.0203274
0.0250097
0.007677
0.0154552
0.0170571
0.0329447
0
0.461993
0.0268917
0.021774
0.119724
0.0331324
0.029211
0.0180841
0.0358579
0.0218594
0.0541509
0.0212847
0.0190638
0.012901
0.157556
0.0248827
0.00933405
0.168945
0.00659814
0.0332139
0.0584758
0
0.0233449
0.10582
0.0350326
0.0138977
0.0250097
0.007677
0.0154552
0
0.0396818
0
0.417756
0.0187967
0.0218092
0.112051
0.0328738
0.0154265
0.0529308
0.0358579
0.00718639
0.0517828
0.0217145
0.0206412
0.0176419
0.012901
0.137059
0.0253593
0.0285186
0.26684
0.0136569
0.034561
0.0756309
0.0247032
0.0167279
0.00826912
0.0881529
0.00667978
0.00727849
0.0397048
0.0153037
0.0542174
0.00729948
0.0310199
0.00967882
0.233449
0.0187967
0.0453017
0.134058
0.0334196
0.0154265
0.0716061
0.0588164
0
0.0883987
0.0159877
0.00743257
0.040025
0.0129605
0.0881012
0.0385241
0.0285141
0.79139
0.0136569
0.0173265
0.0571525
0
0.0172902
0.0629151
0.12848
0.0131139
0.0149423
0.0400699
0.007677
0.017641
0.0150406
0.0152211
0.00967882
0.172689
0.0180907
0.0448357
0.116933
0.0113468
0.0303257
0.0746216
0.0469848
0.0104061
0.0151208
0.0870043
0.0497107
0.0141837
0.0558033
0.0203403
0.057799
0.0261454
0.0194908
1.03523
0.0136569
0.0263801
0.0243259
0.0349793
0.0550668
0.0524034
0.00643412
0.0149259
0.015198
0.0361819
0.0157555
0.00796622
0.0200495
0.129903
0.0280546
0.0443272
0.0757909
0.0319449
0.0295273
0.0190389
0
0.0102071
0.0291737
0.0674787
0.0497576
0.00711127
0.0552831
0.00901753
0.100625
0.109177
0.0130487
0.00958723
0.966262
0.0693508
0.0173265
0.0494755
0.0363237
0.0550668
0.0174964
0.00708981
0.0147984
0.00752096
0.017641
0.0154822
0.00779755
0.0103707
0.0880969
0.011339
0.0672405
0.010642
0.0911911
0.0243557
0.0321358
0.101341
0.0341687
0.0324667
0.00758845
0.0416409
0.0090331
0.0862382
0.150156
0.0254476
0.0286445
1.01743
0.0709296
0.00909866
0.0663537
0
0.0222637
0.0184694
0.00673925
0
0.0342098
0.00748048
0.00779755
0.0316492
0.0733661
0.0176751
0.0840422
0.0108281
0
0.0359731
0
0.010911
0.0857929
0.0683716
0.0164228
0.0138218
0.0207681
0.0183326
0.0956316
0.207123
0
0.00943399
1.01245
0.0715723
0.00869105
0.0834221
0.0147216
0.0512757
0.00673925
0.017641
0
0.00779511
0
0.029992
0
0.0582366
0.0104026
0.014287
0.0359731
0
0.021351
0.0715584
0.0168728
0.0158483
0.0208389
0.0478838
0.0190705
0.062463
0.121239
0.0129591
0.00931748
1.03204
0.0566283
0.0249405
0
0.00737708
0.0345771
0.0142524
0
0
0
0.029992
0.0168889
0
0.0537355
0.0126231
0.0104849
0.042693
0
0
0.0408094
0
0.00687565
0.056681
0.0256059
0.0105896
0.840143
0.0352143
0.00853253
0
0.0177535
0.0149525
0.0133681
0.0166855
0.014872
0
0.00861496
0.018116
0.0126231
0.0136214
0.0135198
0.0131871
0.00732821
0.0254589
0.0096932
0.329603
0.00659946
0.00822126
0.00721955
0.0133681
0
0.00851709
0.0136214
0.0103471
0.00638141
0.0129591
0.00659946
0.00807036
0.0142099
0
0.0174661
0.00794872
0.00851709
0
0
0.0136214
0.00951546
0.00638141
0
0.00659946
0.00749266
0.00794872
0
0.00851709
0
0.0136214
0.00714855
0.00951546
0.00638141
0.0126334
0
0.00659946
0.00974151
0.00794872
0
0.00851709
0.0171854
0.0136214
0.00714855
0.00638141
0.0126334
0.00973845
0.00659946
0.00776374
0.00744523
0.0100254
0.0159792
0.0109336
0.0678903
0.00688996
0.00714855
0.00927628
0.00638141
0.00973845
0.00659946
0.00833587
0
0.0106552
0.0349176
0.017009
0.574473
0.0135448
0.0519354
0.0167133
0.0141659
0.00927628
0.24198
0.00973845
0.0241342
0.014367
0.00784708
0.0170143
0.0349176
0.017009
0.997272
0.0135448
0.0109642
0.0590106
0.348177
0
0
0.014367
0.0349176
0.017009
0.42905
0.0450454
0.249854
0
0.0077675
0.0109336
0.258417
0.014243
0.00677414
0.00677414
