0.00287216
0.00298128
0.00304679
0.00979759
0.0462212
0.00298128
0.00298731
0
0.00373234
0
0.0821115
0.00285656
0.588463
0.00263857
0.00263857
0.0131928
0.0724234
0.00502846
0.00263857
0.00310392
0.0027544
0
0.00281201
1.00625
0.00312049
0.00870525
0.0357393
0.00296843
0.00292742
0.00325722
0.187651
0.00489838
0.00979953
0.00321392
0.00332447
0
0.00276998
0.00735622
0.00299715
0
0.0029594
0.0155484
0.0029594
0
0.00265804
0.0032529
0.00287954
0.0410557
0.00283923
0.039849
0
0.00975869
0.0377933
0
0.00267328
0.00299715
0.00291532
0.0133913
0.00282187
0.00267826
0.00266574
0.111276
0.00260305
0
0
0
0.00261269
0
0
0
0.080217
0.00354103
0.266559
0.00377898
0.00995145
0
0.00309451
0.00409161
0
0.0089794
0.00292786
0.0028067
0.00312504
0.00580922
0.0179829
0.0298128
0.00286893
0.00571833
0.0049688
0.00298128
0
0.0285916
0.0037266
0
0.256416
0.0149064
0
0
0.0270848
0.45359
0.00301943
0
0
0.00313908
0.00306324
0.0166761
0.00299715
0.00593722
0.00817404
0.0134503
0.115326
1.0157
0.109023
0.00889178
0
0.00563839
0.402129
1
0
0
0.00260616
0
0.00246325
0.00837077
0
0.00283588
0
0.00254539
0.00261269
0.0153411
0.00271844
0.00338751
0.00261269
0.00266035
0.0156761
0.00349339
0.0582144
0.0114783
0.00573679
0.00266035
0.0130656
0.838508
1.00894
0.00288648
0.00291373
0.00283513
0.00566558
0.0105057
0.00470662
0.00280763
0
0.00556012
0.0030774
0.0133849
0.00274255
0.00292086
0.060206
0.0600001
1.00625
0.00260644
0.00539021
0.00280278
0.0271737
0
0.00272807
0
0
0.0161899
0.0167729
0.993832
1.01004
0.00266633
0.00265812
0.009233
0
0.00257024
0.00266708
0
0.0055398
0
0.00271333
0
0.00379384
0.0462254
0.0378873
0.0770423
0
0.00264549
0
0.00754406
0
0.0156757
0
0.00522985
0.00381012
0.0086388
0.00539608
0.00247101
0
0.0027784
0.00282452
0.0186778
0.019901
0.0289936
0.017127
0.00259164
0.0182287
0.00969331
0.00521152
0.00247101
0.00247663
0.00292094
0.00537934
0.00390159
0.358024
0.00277978
0.0259813
0.00264356
0.00232295
0.00247101
0.00558529
0.01358
0.00271078
0.17334
0.0270504
1
1.00117
1.00125
0.987413
0.00259854
0
0.00273891
0.0036304
0
0.0108003
0
0.00693022
0.0367466
0.00250158
0
0.00269239
0
0
0.0160623
0.00711704
0
0.00275769
0.0380455
0
0
0.00265425
0.00286751
0.00332947
0.0547587
0.0158585
0.0988866
0.010902
0.0376906
0.00247744
0.00554593
0.00565066
0.00256501
0.0128895
0
0.0105057
0
0.0067727
0.00547778
0.00259164
0
0.00332744
0.0394654
0.0143711
0
0.00737748
0
0.00283757
0.00259927
0.00259927
0.117721
0.00260603
0
0.00810325
0.29094
0
0.00537842
0
0.0193137
0.00256463
0
0.00259927
0.00382889
0.00250809
0.0026846
0.0193704
0.0850051
0.00922185
1.00147
1.00831
1
0.518052
0.985818
0.00273132
0
0.00273209
0.00275769
0
0.0138694
0.00733463
0.019764
0.00289197
0.00273209
0.00275769
0.00285351
0.00561071
0.00376048
0.00952905
0
0.00838751
0.00464858
0.00260238
0
0.0116587
0
0
0.011153
0.00280152
0.00273209
0
0.0896856
0.018114
0.107933
0.00654393
0
0.00277306
0
0
0
0.00263023
0.0350904
0.00277306
0.00547016
0.00766527
0.00512461
0
0
0
0.0112508
0.0203157
0.0158396
0.00777492
0
0
0
0.0114308
0.0283753
0
0
0.00554363
0.0130021
0.0105262
0.395852
0.00286898
0.00263926
0.00292449
0.0562538
0.00544473
0
0.0054577
0.00365595
0.00566005
0.00583733
0.0136786
0.156809
0.0410968
1.00886
0.975088
0.769318
0.123273
0
0.00446139
0
0
0.00278426
0.00291487
0
0
0.00287061
0.00390356
0.00274661
0
0.00833269
0.00962748
0.0027941
0.00877797
0
0.00267853
0.0029708
0
0.00761891
0.00286637
0
0
0.0165221
0.00266891
0.00262603
0.00278864
0.00764167
0
0.0066822
0.0326787
0.0169442
0.00281802
0
0.00284536
0.0312643
0.0165221
0.00268499
0.00292449
0.00264615
0.0112874
0
0
0.00524985
0.00285918
0.00261236
0.0029327
0
0.0107272
0.0194002
0.12402
0.00543209
0
0.00248737
0
0
0.00262208
0
0.00339186
0
0
0
0
0.00715063
0.00262208
0
0.0029089
0
0
0.00262208
0.00262208
0
0.0210463
0.0344431
0.00850892
0.0174273
0
0
0.0026849
0
0.00805525
0.0223434
0.00302757
0
0.00549019
0
0.00260983
0.00262208
0.0118845
0.0276422
0
0.00254757
0
0
0.00412314
0
0.00274286
0.00275368
0.00539748
0
0.00283531
0.00621989
0.0266987
0.00281654
0.00258542
0.00273108
0.00262208
0
0.0081863
0.00789439
0.0128444
0
0.00266023
0.00265462
0.00520978
0
0.00267743
0
0
0.302954
0.00264595
0.0169394
0.0086918
0.00273891
0.00282404
0
0.00281108
0.0143078
0
0.00268821
0.00640322
0.00259138
0.00278588
0.00887749
0.00532463
0.00268198
0
0.00723824
0
0.0052495
0.00259138
0.00280829
0.00854469
0.0516833
0.0108555
0.0954244
0.147282
0.00280152
0.00298018
0.00256436
0.00273324
0.00271757
0.0373752
0.00605564
0.0201689
0.00521462
0.00230471
0.00861575
0.00256436
0.0109579
0.00306318
0.00584157
0.00753103
0.00266515
0.00259164
0
0.00559109
0.0047941
0.00526963
0.00262377
0.00372209
0.0153326
0.00291933
0.0107893
0.00910695
0.00678339
0.00250988
0.00278588
0
0.00880864
0.0180894
0.011011
0.00345123
0.00281482
0.00265462
0.0109047
0.00534952
0.00273108
0.0225877
0.0257944
0.0349477
0.00582381
0.00273209
0.0195409
0.00510279
0.00273715
0.00273108
0.00587073
0.0079139
0
0.0112876
0
0.0742561
0.983502
0.0211431
0.00827421
0.0133316
0
0.00845616
0.00297704
0.00281154
0.00282744
0.0036103
0.00557804
0.0129582
0
0.00294809
0.00419056
0.00724556
0.00849539
0
0.00262887
0
0.0027277
0.00271324
0.00258234
0.00716965
0
0.0027809
0
0
0.00549912
0
0
0.045119
0.0260744
0.0380317
0.987317
0.0163678
0.00571228
0.00549291
0
0
0.0318991
0.00586207
0.00864415
0.0117312
0.00536788
0.00275967
0
0.002598
0.00549291
0.00308653
0
0.00749403
0
0
0.00275368
0.00353901
0.0128574
0.00798466
0.00499602
0.0215984
0
0.0142443
0.00289172
0.00269235
0.00260238
0.00281301
0.0116282
0.0224941
0.011402
0.00271223
0.00273715
0.00269551
0.0567218
0.00276598
0.00269551
0.0559144
0.0202451
0
0.00533119
0.00550705
0.0029458
0.00269551
0
0.0134024
0.0101749
0
0.0056899
0.0407129
0.0198161
0.473867
0
0.00565557
0
0
0.00567832
0.0207715
0.0175582
0
0.00305333
0.00271071
0.00299676
0
0
0
0.0053996
0.0046005
0.00845601
0.0182144
0.0148279
0
0.00393586
0
0.0078116
0.00297292
0.00281802
0.0132101
0.00256436
0.00373193
0.00278109
0
0
0
0.00601191
0
0
0.00369379
0.056816
0.0222345
0.0141879
0.988849
0.0403913
0.00837479
0
0.00266391
0.0168955
0
0
0.00364971
0.00287301
0.0950547
0.00523286
0
0.00846711
0
0
0.0796206
0
0.0057878
0.0162168
0
0.00273133
0.00257502
0.00526332
0
0.0089834
0.0109242
0.0317475
0
0.245847
0.00555908
0.00743232
0.00267578
0.00275368
0
0.00821885
0.0836568
0.00254994
0.00304332
0
0.00278588
0.00255509
0
0.00521321
0.0490918
0.00542226
0.0134072
0
0
0.00560724
0.00270623
0
0.00255509
0
0.0223108
0
0.00887534
0
0.00849015
0.0459872
0
0.977253
0.0026469
0.00768187
0.00540909
0.00751285
0.181131
0
0.00278007
0.00271052
0.00251805
0
0.00820813
0.00559126
0.0046962
0.0112741
0.00814715
0
0
0.00342266
0.0109579
0
0
0.00761298
0.0573996
0
0.00299761
0.00271324
0.00259289
0
0.00984014
0.0027469
0
0.0026545
0.00859124
0.00262404
0.925656
0.828411
1.01937
0.0194406
0.00298018
0
0.00550258
0.0379819
0
0
0.118383
0
0.00262404
0
0.0157434
0.00265047
0.0150241
0.00861058
0.00260238
0.00267108
0.00276484
0.00526115
0.00828723
0.0550059
0.0484798
0
0.0178945
0.00247059
0
0.00274703
0.0310532
0.0114663
0.00261206
0.00264543
0
0.0209264
0.00300006
0
0.0736775
0.00537059
0.00790467
0
0.0161418
0.00276598
0
0
0.00282847
0.00300006
0.0109861
0.00277921
0
0.0499687
1
0.00558481
0
0.00834989
0.0194526
0.00812729
0
0
0.00288928
0.00258245
0.0110769
0
0.00281154
0.00802843
0.00309215
0
0
0.013808
0
0.00292449
0.00278038
0
0
0.00545381
0
0.00760995
0
0.00286806
0
0
0.00257005
0.0383249
0.00272147
0.023087
1.05579
0.996269
1.08447
0.00275368
0.00262404
0.00549339
0.0129743
0.0473033
0.00280493
0
0
0.0856723
0.00559236
0.0114308
0.00280783
0.00944429
0.00278398
0.0028668
0.0170604
0.00460778
0.0231388
0.00313088
0
0.00307242
0.059194
0.0128334
0.00283434
0
0
0
0.076015
0.0117295
0.00333849
0.0112015
0.0027998
0.0138233
0.00451458
0
0
0.00292449
0
0.00389925
0
0.0118486
0.0139019
0.670959
0.00837603
0.0110959
0.00269886
0.00755355
0
0.00266225
0
0
0.00552392
0.00834269
0
0
0.0101013
0.00527774
0.00286452
0.0053979
0
0.00313539
0.00524678
0
0.0053979
0.0150172
0.0111199
0.00865431
0.0029153
0.0197112
0.87975
0.00290167
0
0.00577341
0.00312793
0.0256622
0.00603625
0
0.00273514
0.00822611
0.00598156
0.00300344
0
0.0262404
0.00267259
0.00604322
0
0
0
0.0056083
0
0.00439007
0.00736908
0.00298618
0.00535336
0.00381455
0
0
0.00278038
0
0.00267896
0.029374
0.0219337
0.00578077
0
0.00269369
0
0
0.00292449
0.0439541
0.00818607
0.0112869
0.0483808
0.00281203
0
0.00291729
0.00269369
0.00593867
0
0
0.00568994
0.00547652
0.0240349
0.00795623
0.418264
0.00285692
0.00251924
0
0.00830105
0.0142379
0.00251995
0
0.00278038
0.00288761
0.00301139
0.0063928
0
0.0178746
0.0249123
0.00299139
0
0.00547545
0
0.017993
0.00536239
0.00515753
0.0296022
0.0202795
0.266116
0.0303385
0.232189
0
0
0
0.0532799
0.00414322
0.0992186
0.00301525
0
0.0210551
0
0
0.0143535
0
0.0278116
0
0.00278038
0
0.00837765
0.00291801
0.0516383
0
0.0031483
0.00550741
0.0553917
0
0.0195173
0.00262769
0.00297898
0
0
0
0.00313775
0
0.0055056
0
0.00984777
0.00266554
0
0.00291729
0
0.00283392
0
0.00307121
0.00557808
0.00831631
0.0871119
0.0193213
0.00302068
0
0.00297898
0
0
0
0
0
0
0.00558928
0
0
0.00310595
0.965787
0.00292464
0.00572664
0.0025328
0.00780421
0.00408246
0
0.00285772
0.00292629
0.00280823
0.00255455
0
0
0
0.00556274
0.00952575
0.0088335
0.00298069
0.00266023
0
0.00280118
0
0.00361467
0.00287821
0.0183378
0
0.00280118
0
0.0415496
0.0082525
0.0253697
0.108744
0.0368166
0.270558
0.00441447
0.00663728
0
0
0.00289503
0.00497789
0.00341567
0.0106832
0.0031117
0
0.0112625
0.00546861
0
0.00461662
0.00284181
0.00516729
0.00746683
0
0.00294415
0.00298673
0.00571007
0.00303863
0
0.0105702
0.00294415
0
0.00264282
0.00298673
0
0.00262914
0
0.00263356
0.0103874
0.003123
0
0.00280384
0.00283392
0
0.00290874
0.0140178
0.00738588
0
0.00283392
0.00286029
0.00283392
0
0.002721
0.00296187
0.00306135
0
1.00909
0
0.00248512
0.00425088
0
0.00288557
0
0
0.00265005
0.0077642
0.00843111
0.00251013
0.00288639
0.0027556
0.00290399
0
0
0
0.00786612
0.00280118
0
0.00255455
0
0.00824435
0.00379688
0.0250169
0.00269051
0.00294232
0.00869967
0
0.0349796
0.00264027
0
0.167748
0.0041421
0.00843646
0
0
0.0272063
0.0124602
0.00273139
0
0.0025719
0.00251596
0.00283614
0.00274577
0
0.005404
0.00266791
0.00276377
0
0.00633665
0
0.00267851
0.00251361
0.00268811
0.135413
0.00641439
0.00299413
0.00296455
0
0.0027616
0
0.00585094
0.00280197
0.00262551
0.0153643
0.00520082
0
0.00254454
0.00547648
0
0
0.00550981
0
0.00775216
0.00266231
0.00373912
0
0.00258405
0.0027125
0.00876967
0.014624
0.00542899
0.00243983
0.00289186
0
0
0.00283824
0.0109897
0.00829062
0.010164
0.0025574
0.00563007
0.00264255
0.00283953
0.00332508
0.00264687
0
0.00518781
0.0124331
0.00247303
0
0.0109083
0.00572615
0.00264255
0.076793
0.00528787
0.00306708
0.00257945
0
0
0
0
0.00528987
0.00257945
0.00263282
0.00301936
0.00260303
0.0106555
0.00296455
0
0.00296455
0.00261801
0.0214873
0.00867656
0.00296455
0
0.00293855
0.00264659
0.00275488
0.00288639
0.00258405
0.00263089
0
0
0.00521533
0.00258405
0.00387218
0.00281145
0
0.00553349
0.00571873
0.00844086
0.00516042
0
0.0192977
0.00263356
0.0073909
0.00277465
0.00769365
0
0
0.0041082
0.00264557
0.00290408
0
0
0
0
0.00272319
0.0026188
0.00275718
0.00253215
0.114665
0.0376088
0
0.00280118
0.00269369
0.00267275
0
0.00850317
0
0.00273061
0.00575792
0.00270826
0
0
0.00261307
0.00248857
0.00297397
0
0.00432648
0
0.0220267
0.00291018
0.00870365
0.0027517
0.00271422
0.00264461
0.00248857
0.0230076
0.00297397
0.00546917
0.00650016
0.00856848
0.00278024
0.00254312
0.0071664
0
0.00645349
0.00263152
0
0
0
0.013975
0
0.00288589
0.00267275
0.01059
0.00285425
0
0.00298335
0.00705999
0.00287304
0.00249275
0.00270687
0.00277451
0.0149567
0.052258
0.00253215
0
0.00574895
0.00285425
0
0.0116887
0.00259974
0
0.0162133
0.116464
0.00255383
0
0.00575832
0.00254315
0
0
0.00705669
0.00294332
0.00248155
0.00271499
0.00542954
0
0.00522585
0.00277971
0
0.00840053
0.00294415
0.00577114
0.00269182
0.00293733
0.00546339
0
0
0.0106145
0.00294415
0.00280016
0.0188922
0.00297122
0
0
0.0125027
0
0
0.0028692
0.029033
0.00554643
0.00269289
0.00306024
0.00418954
0.00807867
0.00273532
0.0215607
0.0283651
0.006785
0.00269289
0.00286433
0.00403933
0.0096902
0.00311598
0.0027616
0.00289889
0.01158
0.00267472
0.00289889
0
0.00850034
0.00793007
0.00280872
0.00259772
0.00991252
0.00289889
0.0117762
0.00267472
0.00290385
0.00313921
0.00245979
0.00513805
0.00513401
0.00296536
0.00541896
0.00256622
0.00271908
0.00864959
0.0362917
0.0250457
0.0223612
0.00251924
0.0396923
0.00513805
0.00264255
0.00865736
0.00547614
0.00562715
0.0288511
0
0.00571137
0.00755773
0.00277609
0.0108508
0.872872
0.00261654
0.00250537
0.00589759
0.0054926
0.00556169
0.00286893
0.00292546
0.00257445
0.00270193
0.00253144
0
0.00291403
0.00250467
0
0.00264881
0.00267279
0.00568755
0.00265377
0.00261237
0
0.00555298
0.00555219
0
0
0.00598616
0.00278905
0.00546396
0
0.00260303
0.00275041
0
0.00270697
0.00823816
0.0086512
0.00543507
0
0.00511318
0.00869666
0.00271629
0.0209435
0.0113305
0.00548992
0.0465847
0.0026188
0.00260303
0
0
0.00835314
0
0.0116361
0
0.0026188
0.0028259
0
0
0.00781322
0.0197594
0.0165696
0.0049296
0
0
0.00547967
0
0.0026232
0.0458171
0
0.00570146
0.00263356
0.00278112
0
0.0102991
0.00857886
0.0148582
0.016829
0
0.00263356
0.00637935
0.00263356
0.00860833
0.00575791
0.0107721
0.0135712
1.01038
0
0
0.0128809
0
0.0349901
0.945842
0
0
0.00283776
0.00628141
0.0664982
0.0026753
0.00279185
0.00278551
0.0051255
0
0.0150111
0.00329395
0.0053385
0.00622238
0.00852476
0.0028259
0.0054414
0.00297122
0
0.00564898
0.0106613
0
0.00297042
0
0.00297042
0
0
0.00485659
0
0.00539803
0
0.0692447
0.00248857
0
0
0.0127304
0
0.00276885
0.0107559
0.0136872
0
0.00266641
0.0147672
0
0.00287382
0.019064
0
0.00581368
0.0374093
0.0208319
0.00285588
0.00590862
0.00492887
0.0290809
0.00291333
0
0.0052081
0.0113288
0.00774227
0.015937
0.0057435
0.00762425
0.0103878
0.0120204
0
0.00575198
0
0.00859241
0.00280513
0.0028259
0.00834652
0
0.00849899
0.0118005
0.018043
0.00587497
0.0208281
0.00569343
0.0057553
0
0
0.00625151
0.00549272
0
0.0184387
0.0270355
0.00287523
0.00539248
0.00539906
0.00788816
0
0
0.0211335
0.025788
0.00864531
0.0144156
0.0502339
0.639267
0.00746683
0.00553823
0.298432
0
0.00290106
0
0.00846236
0.00252059
0.00282079
0
0.00255686
0.00250911
0.00820324
0.00326385
0
0
0.00282079
0.0027419
0.00546999
0.00282079
0.00260913
0.00281627
0
0
0.00273257
0.0027863
0.00291006
0
0.00607883
0.00359531
0
0.0641001
0.00273257
0.0027462
0.0212761
0.0082135
0.00272676
0.0110077
0.00252205
0.00263622
0
0.00579076
0.00771071
0.00892627
0.0190031
0.00265607
0.00555827
0.0202686
0.0221694
0.00274676
0.00545481
0.0124037
0
0
0
0.00292546
0.00261975
0.00271957
0.00283681
0.0107831
0.00379436
0.0100011
0.00256358
0
0.00261975
0.0125377
0.00528875
0.0111532
0.0054312
0
0
0.00561935
0.0220002
0.00551418
0.00562562
0.0310067
0
0.011238
0.00250478
0.00263785
0.00267388
0.00288088
0.0054913
0.0110276
0.051198
0.00271163
0.0172901
0.0289089
0.0410511
0.00287503
0.00267388
0.00257445
0.0165243
0.00263785
0.0146269
0.00581742
0.0114146
0.0506042
0.0483336
0.818976
0
0.0579847
0.00267388
0.844203
0.00526621
0
0.0109282
0
0.00265841
0.00296824
0.0027318
0
0.00524918
0
0.00357238
0.031831
0.031169
0.0794874
0.030233
0
0.00283681
0
0
0.00261975
0.00594061
0.0027543
0.00261975
0.0161438
0
0.00271136
0.0155446
0.00261276
0.0265274
0
0.00276378
0
0.00289155
0.00662046
0
0.00275105
0.0290819
0.0806161
0
0.00267826
0.00267999
0.0222012
0.00603858
0.00532099
0.00274752
0
0.00819302
0.00289843
0.00436467
0.00661278
0.0291313
0
0
0
0.00270266
0.00249033
0.00278024
0.00273216
0
0
0.0142296
0.00556484
0
0.0276196
0.00558003
0.00549843
0.00261727
0
0.00551749
0
0.0525937
0.00851952
0.00583312
0.0134842
0.0238115
0.00255626
0.00263785
0.00559688
0.00334162
0.0129201
0.00267388
0.00859449
0.00857277
0.010994
0.0309265
0.042249
0.758343
0
0.00274036
0.0587431
1.07079
0
0.00545687
0.00274881
0.00950778
0
0.00572497
0
0
0.00532755
0
0.00494146
0.010917
0.00259967
0.00645256
0.00293855
0
0.00262637
0.00274967
0.00267388
0
0
0.00602822
0.00255455
0.00267472
0
0
0.00277286
0.00557034
0.0112611
0.00546917
0
0
0
0.00267826
0.00499967
0.00419016
0
0
0.00271615
0.0392962
0.00278421
0.0228548
0.002706
0
0
0.00265377
0
0.0796685
0.00273732
0.0028778
0
0
0
0.00818382
0.00571212
0.00373987
0.0103709
0.00553291
0.00555744
0.0162899
0
0
0
0.00540129
0.00284732
0.00741314
0
0
0.0105488
0
0.0253754
0
0
0.00263785
0.00271866
0.106809
0.00544518
0.00558256
0.0321006
0.017496
0
0.00552555
0.00265518
0.00676676
0.468945
1.00117
0
0.00892546
0.00828258
0.00267547
0
0.0181112
0
0.00272456
0.0897596
0.00272403
0.00289799
0.0132996
0.00269613
0.0172442
0.00277818
0.00274146
0.00283943
0
0
0.00266307
0.00535214
0.00827016
0
0
0.00267388
0.0401738
0.00280667
0.00275419
0.0027063
0
0
0
0.0115313
0
0.00265518
0.0824029
0
0.0168047
0.00257615
0.00279172
0
0.0803477
0.00564817
0.0029119
0
0.00251131
0.00277145
0
0.00344288
0
0.00742917
0.0229178
0
0.00279401
0.00497846
0.00806305
0.0026514
0
0.0130971
0.00873455
0.00275806
0.00416131
0
0.00510755
0.00278008
0.00533992
0.00280584
0.00999334
0.0679014
0.00275731
0.0520467
0.0104775
0
0
0.0026514
0.00879285
1.06764
1.15826
0.0028415
0.00419724
0.0508747
0.00269058
0.00262728
0.00268019
0.00327069
0.00263892
0.01856
0.00265686
0.00265686
0.0026576
0.00262654
0
0
0.00305636
0.00562052
0.00265686
0
0.00535311
0.00267793
0
0.0026496
0.00265686
0.00267388
0
0.002998
0.0112566
0
0.0027229
0
0.00535311
0
0.00267388
0
0.0114595
0.00273443
0
0.00252951
0.00283681
0.00268304
0
0.0024936
0
0.00358164
0
0.00250715
0.00814886
0.0165941
0
0.00262654
0.0475389
0.0378974
0.0110099
0.00247866
0
0
0.00445647
0.00305636
0.0161102
0.0551302
0.00253855
0.00262654
0
0
0
0.00634011
0.00255569
0.0110983
0.0315717
0.0056745
0.00256309
0.00274423
0.0027687
0
0.00530153
0.00262654
0.005562
0.0423637
0.0159558
0.00262654
0.00269058
0.00576436
0
1.02723
0.991516
0.0817611
0.0026593
1.03058
0.00957751
0.0134606
0.00246594
0.00246594
0.0096989
0.00560521
0.0319896
0.00268773
0
0.00542162
0.00246594
0.00246594
0.00294935
0.00540272
0.00541811
0
0.0025468
0
0.00279027
0.0025575
0
0.00243771
0.00313287
0.00822641
0.00567626
0.0025575
0.0188048
0
0.0025575
0.003069
0.00263086
0.047516
0.0456773
0.0475864
0.0990517
0.00279401
0.00238648
0.00257723
0.00979022
0
0.0603577
0.048145
0.00561305
0.0025376
0
0.0034875
0.0223936
0.0026888
0.00537375
0.00885619
0.00525582
0.0108119
0.00254032
0.0026593
0.00245894
0.00792756
0.00635081
0.287163
0.00265383
0.0273017
0.0026593
0.00507792
0.00283421
0.00254032
0.00664826
0.979954
1.02285
0.0217625
1.29954
1.00196
0.00330176
0.010646
0.00259757
0.00268773
0.00344956
0.00263051
0.0227373
0.00262316
0.00279897
0
0.00272657
0
0.00269933
0
0.0151485
0.00258704
0.00258704
0.00818623
0.00541405
0.00274826
0.00255094
0.026151
0.00258704
0.00258704
0.00262845
0.0282417
0.129866
0.0432232
0.193213
0.00974088
0.00416352
0.0424608
0.0272663
0.0026976
0.00259757
0.00262316
0
0.00399687
0.00533895
0.00543139
0.00267128
0.0134326
0.00826019
0
0.00399693
0.562351
0.00275808
0.00276095
0.0147569
0.0029601
0.00275703
0.00526219
0.00526219
0.990267
0.990476
0.00269147
0.00888207
0.978109
0.628906
0
0.00793699
0.00399058
0.00264162
0
0
0.00495263
0
0
0
0
0.00263852
0
0
0.00399058
0.0054117
0.059409
0
0.00880169
0.00272152
0
0.0027683
0
0
0.188888
0
0.975797
0.288198
0.00299716
0.002998
0
0
0.00275703
0
0.0090005
0.00299885
0.00314421
0.00272657
0
0
0.00263435
0
0.00293247
0.002998
0.00895557
0.00307849
0.00269103
0
0.00268773
0
0.0369726
0.00838833
0
0.00419417
0.008155
0.0085495
0.00272657
0.00256541
0.00256541
0
0.002998
0
0.00278823
0.0160732
0.00558395
0.0175679
0.113824
0.00279611
0
0.00279611
0
0
0.00282196
0.0430275
0
0.0111325
0
0.00404817
1.04571
0.00256468
0
0.00256541
0
0.00256541
0.00272657
0
0
0.00274933
0.0240417
0.0644555
0.986936
0.00381288
0
0.00571504
0.00268773
0.008597
0.0231964
0.892294
0.967261
0.00260573
0.00284589
0.0209708
0
0
0.0119833
0.701435
0.990738
0.002998
0.00288965
0.007495
0.00845104
0.00499667
0
0.0112425
0
0.00508765
0.0493281
0.00508765
0
0.0117213
0
0.00508765
1
0.00680021
0.00558395
1.01628
0.723066
0.0173675
0.101382
0.00356239
0.00890597
0.0178119
0.749349
0.00447779
1
0.162386
0.00310305
0.141263
0.0154708
0.00278396
