0.00769631
0.00583725
0.0828281
0.0341371
0.0272208
0.0253276
0.15316
0.645427
0.540074
0.00308469
0.0924
0.726258
0.0230717
0.0484394
0.79336
1
0.583534
0.080053
0.0310573
0.0112884
0.111844
0.010532
0.0113701
0.00303362
0.00292411
0.536814
0.0681593
1
0.938043
1.00288
0.596075
0.0561107
0.00562959
0.138331
0.0233454
0.0132077
0.00870536
0.00569139
0.00853423
0.396848
0.00549519
0.0232275
0.107071
0.828357
1
1
0.648428
1
0.00253769
0.0832598
0.00257899
0.11362
0.0385122
0.00261833
0.00554106
0.00374512
0.0232919
0.464334
0.011473
1.00831
0.985385
0.641138
0.124575
0.00295899
0.00280518
0.00278523
0.00775143
0.0296484
0.0319347
0.966368
0.00807248
0.0397947
0.00830538
0.0167285
0.798126
0.322639
0.00362537
0.0026625
1
0.0712903
0.825594
0.793114
0.00294879
0.00301113
0.0108089
0.996599
1
0.547071
0.402384
0.0829355
0.014333
0.00574053
0.0297152
0.167379
0.0651751
0.0216865
0.027976
0.017276
0.765769
0.00552514
0.0409802
0.0139453
0.0800086
0.0083309
0.00958524
0.00284161
0.00640873
0.0168324
0.0029882
0.00387611
0.00778003
0.0346227
0.0244541
0.00625082
0.0148815
1
0.615407
0.00470041
0.308347
0
0
0.00290436
0.00290436
0.00404024
0.00306676
0.0029752
0
0
0
0.00309676
0.0223101
0.00303978
0.00306676
0
0.0161057
0.00295203
0.33056
0
0
0
0.00308223
0
0.00807299
0.00384358
0.0128458
0.847872
0.00808049
0
0
0
0.00852813
0
0.750884
0.00986056
0.00305146
0.00290436
0
0
0.0120252
0
0.00295203
1.00119
0.23074
0
0.017331
0.0328398
0.0425399
0.0426689
0
0.00713037
0
0.57189
0.385274
0.0177122
0.976983
0.00290436
0.00824097
0.0129715
0.0143132
0.157321
0.00841323
0.0117708
0.00262177
0
0.462166
0.00717413
0
0.169431
1.03811
0
1.08881
1.03043
0.00290669
0.0346932
0.171774
0.0137348
0.226436
0.0224205
0.00527176
0.00300269
0.00554167
0.00246802
0.00370203
0.642461
0.0111662
0.00246802
0.00246802
1.00339
0.984323
0.00822674
0.992386
0.624999
0.0269659
0.0240628
0.00521042
0.0476214
0.0168084
0.00521042
0.15141
0.00560281
0.997648
0.293897
0.069323
0.98338
0.904658
1.04031
0.323272
0.461664
0.460873
0.261857
0.0764986
0.189582
0.328295
0.03059
0.0500052
