0.00628824
0.0386214
0.0749576
0.0145528
0.216699
0
0
0.0130441
0.0317716
0.00834727
0.0535887
0.0132214
0.460362
0.00841814
0
0
0.00856084
0.0464675
0.0636515
0
0.0413406
0.00924975
0.0720401
0.0240768
0.0283765
0.365696
0.00841814
0.00937788
0.0285847
0.00751478
0.0120151
0.0307699
0
0.0148082
0.0946186
0.0416646
0.00924975
0
0.0750577
0.0121116
0.0283765
0.421952
0
0.0128832
0.0589269
0.00937788
0.0151285
0.00751478
0.0111113
0.0127371
0.0112897
0
0.0464715
0
0.00879219
0.0221195
0.109827
0
0.0300332
0.0416646
0.0290276
0.0156719
0.0922299
0.0265101
0.312477
0.0169825
0.0259636
0.0671835
0.00937788
0.01635
0
0.00739725
0.0142816
0
0.0116953
0
0.0105966
0.0227974
0.00692082
0
0.0907951
0.00766162
0.00879219
0.045882
0.0290451
0.155729
0.0154905
0.0442058
0.0327884
0.0197778
0.0159009
0.0702091
0
0.0395465
0.274139
0.0354031
0.0262624
0.0602858
0.0187328
0.030044
0.0444083
0.00640861
0.00711708
0.0133546
0
0.0116953
0.0120897
0.0105966
0.0456489
0.0134157
0.0127584
0.118884
0.0448603
0.0169448
0.0464555
0.0267952
0.0213709
0.168539
0.00788479
0
0.0919633
0.0324173
0.0380474
0.0548849
0.0903645
0.0243285
0.0262924
0.299943
0
0.0398937
0.145363
0.0284645
0.0304841
0.116917
0.0533834
0.0289547
0.0393369
0.0330736
0.026293
0
0.0216163
0.0571804
0.00692082
0.00633959
0.165744
0.0906757
0.0249118
0.0527766
0
0.0643425
0.398702
0.0405872
0.0167982
0.122637
0.0402185
0.047665
0.0860358
0.123629
0.033936
0.0131641
0.403804
0.10182
0.0925915
0.223877
0.00935488
0.0978156
0.11624
0.0755323
0.026538
0.0368959
0.0795518
0.0240844
0.0218367
0.0125469
0.0242923
0.463899
0.103952
0
0.0596645
0.243853
0.00776638
0.033454
0.105482
0.053479
0.0433618
0.365444
0.0483045
0.0318582
0.257629
0.0240455
0.0288366
0.109801
0.119792
0.0224176
0.0676712
0.453185
0.0700381
0.0788085
0.171391
0.0192158
0.0798039
0.14636
0.0762953
0.0330698
0.0520573
0.0398043
0.075056
0.0449412
0.0518597
0
0.898222
0.103416
0.0137779
0.132602
0.336743
0.0219799
0.0253382
0.133985
0.118758
0.0770056
0.611504
0.0566903
0.133428
0.15473
0.0235599
0.0288879
0.205111
0.104942
0.0350813
0.124186
0.314505
0.0704775
0.0787538
0.163547
0.0202277
0.0763437
0.252252
0.0994912
0.107345
0.0446293
0.095575
0.065448
0.0329411
0.0656098
0.00800057
1
0.128526
0.0202019
0.24944
0.339066
0.0296839
0.0418779
0.149481
0.158772
0.0555247
0.674317
0.0796038
0.0825669
0.264891
0.0240017
0.0380397
0.289628
0.104083
0.0364248
0.139238
0.242602
0.0862084
0.130927
0.11317
0.039741
0.0461628
0.175661
0.0459439
0.171482
0.037482
0.0944916
0.0773285
0.146927
0.0649691
0
0.999192
0.139705
0.0212373
0.288233
0.277703
0.0366235
0.0255446
0.166547
0.0798162
0.0566425
0.639027
0.0788813
0.0514159
0.17037
0.0388187
0
0.314271
0.0327992
0.0594168
0.164728
0.197845
0.105133
0.106049
0.145678
0.0199576
0
0.0989414
0.0460228
0.18486
0.0528231
0.0665805
0.0243988
0.100449
0.0252368
0.0167851
0.999472
0.0570854
0.0207106
0.294448
0.199341
0.0302637
0.00808
0.120006
0.0532251
0.0675289
0.319886
0.0553734
0.0169552
0.106333
0.031646
0.0466291
0.249308
0.0691758
0.0588709
0.192675
0.0990882
0.0174562
0.0908449
0.112282
0.00997241
0.0308096
0.0297089
0.0147944
0.205554
0.0453215
0.0125855
0.026481
0.128866
0.0260615
0.0256112
0.710234
0.0238373
0
0.054191
0.0758781
0.0443769
0.00858039
0.0515071
0.0392564
0.0548187
0.167179
0.0483797
0.0323862
0.107309
0.0307773
0.0569694
0.183126
0.0709297
0.0234003
0.257735
0.0469957
0.0181177
0.0252247
0.0169037
0.00949726
0.0158563
0.0459309
0.0225667
0.0278126
0.0213689
0.0422415
0
0.233272
0.00844595
0.246521
0.0125666
0.0147416
0.0538458
0.0295218
0.00728784
0.00797311
0.0313602
0.0136086
0.0778531
0.151735
0.0245814
0.0158888
0.105724
0
0.0668258
0.135241
0.0176997
0.0357213
0.434666
0.0457658
0.0181177
0
0.0174086
0.0195392
0.0580019
0.00731034
0.00687847
0.00703839
0.0119931
0.0933239
0.0129164
0.017064
0.0582112
0.0118079
0.00706522
0.0400725
0
0
0.0335096
0.0076052
0.0127866
0.0669812
0.0459775
0.00877603
0.0906576
0.00803115
0.0374088
0.103734
0.0169543
0.0719179
0.466256
0.060453
0
0.00949726
0.0747307
0.00731034
0.0218944
0.0462872
0.026526
0.0347607
0.00732108
0.0127866
0.0679974
0.0149314
0.00877603
0.0147501
0.0162548
0.0278927
0.0308829
0.0472705
0.326073
0.00710808
0.0128079
0.00949726
0.00683458
0
0.0108667
0.00637885
0.00723062
0
0
0.0232161
0.0153884
0
0.00803115
0.00989819
0.0476109
0.118178
0.148462
0.146121
0.0141252
0.00675543
0
0.0682911
0.0122687
0.0133277
0
0.00964566
0.0417737
0
0.00797513
0
0.0133277
0.00964566
0.0345212
0
0
0.0399038
0
0
0.00672545
0.0126047
0
0.0264621
0.00964566
0.0129986
0.0126795
0
0.0327094
0
0.0157297
0
0.0797796
0
0.0250326
0
0.0148845
0.0132126
0.0259508
0.0118717
0
0.046507
0
0.0177322
0.0129986
0.02349
0.00788396
0.0160007
0.0091848
0.0235761
0.223402
0
0
0.0513548
0
0.0156823
0.0148845
0.00742051
0.0264351
0.0133461
0.0241114
0
0.0154132
0.0113561
0
0.0134265
0.0788974
0.0149329
0.00710372
0.105628
0.00732036
0
0.0678411
0.0164706
0.0151977
0.00769686
0.0634612
0.0384189
0.0171026
0.0228047
0.600834
0.019263
0
0.0387746
0.00847882
0
0.0470963
0.0430114
0.00631329
0.0133461
0.0357628
0.0112673
0.0250261
0.0388159
0.0449439
0
0.00692229
0.0653714
0.0149329
0.00727565
0.209628
0
0.0262397
0.151249
0
0.0646692
0.0882447
0.0077895
0.10016
0.0309287
0.0167417
0.0228242
0.481103
0.0191928
0.0688573
0.0256051
0.0167019
0
0.0465502
0.0431927
0.0201148
0.00714613
0.0261954
0.035738
0
0
0.0235231
0.0224274
0
0.0199834
0.0587682
0.0153831
0.0072631
0.606438
0.00728365
0
0.195636
0.0300087
0.00788445
0.0968496
0.0447298
0.0301612
0.109074
0
0.0339573
0.0232027
0.195246
0.0318044
0.0348441
0.0514205
0.00846839
0
0.0434533
0.00728548
0.0134276
0
0.0265925
0.0356903
0.0115204
0
0.00793371
0.0331551
0.0113718
0.00688679
0.0519633
0.0153831
0.0217796
1.00847
0.0070355
0
0.130202
0.0297412
0.0235469
0.0802961
0.0441634
0.0156777
0.127321
0.0156286
0.0338884
0.0567678
0.0910633
0.0255088
0.0349863
0.0258154
0.00833625
0.0152865
0
0.0077998
0.0133052
0.0259764
0
0
0.00770736
0.0222684
0
0.0135732
0.0458669
0.0299897
0.00732445
0.910682
0.0287235
0.0381959
0.0537594
0.074992
0.0157043
0.0163597
0.0301267
0.00788819
0.063879
0
0.0169526
0.0342132
0.0384434
0.0125628
0.137308
0.0160055
0
0.00763212
0.00656891
0
0
0
0.00770736
0.0109677
0
0.0269122
0.013633
0.0358516
0.527419
0.0111216
0.04584
0.00765716
0.031825
0.0152332
0.0822044
0
0.0232317
0.0258054
0.0125275
0.0124327
0.0158427
0
0
0
0.00770736
0.0271652
0.00649935
0.165739
0.00710977
0
0.00748851
0.00922736
0.0556298
0.027061
