0
0
0.127492
0.00779299
0
0.00844009
0
0.00760727
0.363368
0
0.015615
0
0
0
0
0
0.00806456
0.00781971
0.0125869
0.0252127
0.0211723
0.975482
0
0
0.0170973
0.0137516
0.00779299
0.0165333
0
0
0.0145245
0.0267198
0
0.0188661
0.0832845
0.0567298
0
0.0504548
0.0125869
0.0124043
0.00857332
0.0879865
0.0498654
0
1
0.00926838
0
0.0118792
0.0197769
0.00782201
0
0.0145478
0.0278718
0.108829
0.0179134
0
0.0550237
0.0331541
0
0.0929401
0.0240432
0.0516685
0.00822314
0.10053
0.0486976
1.01207
0.0177422
0.0112045
0.0260663
0.020124
0.0145478
0.0133474
0.093935
0.0359209
0.0102775
0.0170937
0.0539146
0.0642746
0
0.128453
0.0125869
0.0516685
0.00735796
0
0.086891
0.0437327
0.0209391
0.948104
0.0260888
0.0324753
0
0
0.0390178
0.0339639
0.0067255
0
0
0.0068602
0.093935
0.0338734
0.0102775
0.0170937
0.088826
0.0180577
0
0.065115
0
0.125231
0.0105673
0.0890548
0.0147203
0
0.148011
0.0344831
0.0110945
0.0384781
1.01996
0.0108172
0.0172806
0.0228193
0
0.00807335
0.0504787
0.0339639
0.0067255
0.0165831
0.00611444
0
0.0068602
0
0.121846
0.0179134
0.0102775
0
0.0760119
0.0376021
0.00732654
0.0712848
0
0.133924
0.0209908
0.0138074
0.114957
0.022596
0.220072
0.0543674
0.0218483
0.0270186
0.536221
0
0
0.032958
0.00807335
0.064146
0.0590754
0.0067255
0.0160776
0.00611444
0.00995567
0.0068602
0.0123248
0.0074276
0.121846
0.0714817
0.0293749
0
0.053898
0.0360913
0
0.0302095
0.00801303
0.0314126
0.151415
0.0218666
0.0138074
0.113715
0.0147203
0.016529
0.219971
0.0550558
0.0218697
0.0372996
0.563645
0
0
0.0831984
0.014281
0.00807335
0.0513914
0.0661329
0.0067255
0.0320411
0.00646739
0.0205901
0.0135939
0.0123383
0.0133435
0.136254
0.0691245
0.0102775
0.034777
0.0728369
0.110501
0.0151028
0.00708795
0
0.221931
0.055375
0.013616
0.149684
0.0307301
0.00884963
0.288362
0.0670954
0.0322188
0.078203
0.617567
0.0200196
0.0579836
0.0405738
0.0148891
0.031524
0.0395187
0.0522877
0.0339865
0.0226178
0.0129674
0.0388263
0.0716295
0.0370798
0.0134864
0.230143
0.151448
0.0293454
0.113939
0.110888
0.0562935
0.0294073
0.0448514
0.0317504
0.0283885
0.262648
0.0566496
0.0133827
0.185249
0.0299951
0.0305696
0.333885
0.0799096
0.033563
0.0807126
0.935412
0.0191407
0.0423581
0.0834352
0.0319583
0.0157275
0.0788439
0.0506591
0.0796403
0.0395537
0.0371441
0.0569115
0.0503859
0.0407773
0.0263708
0.594277
0.200096
0.0692853
0.134566
0.116573
0.0759936
0.0566575
0.125828
0.0411301
0.0589582
0.303096
0.120897
0.00687933
0.183769
0.0229198
0.0361771
0.329786
0.0932628
0.0558255
0.112113
1.09527
0.0482108
0.0416991
0.0708406
0.0619692
0.0238496
0.103888
0.0380211
0.141257
0.0465664
0.0443729
0.0580576
0.071455
0.0273577
0.013046
0.988351
0.188809
0.0491641
0.203867
0.191231
0.207782
0.0634828
0.175783
0.0238583
0.114662
0.464422
0.154613
0.0407216
0.195401
0.0310549
0.0554801
0.508015
0.127463
0.0586339
0.0992739
0.311332
0.0389022
0.083798
0.122361
0.0780482
0.0562586
0.176115
0.101332
0.173968
0.10176
0.0442339
0.0581679
0.0138008
0.182829
0
1.03363
0.154392
0.104394
0.671688
0.191675
0.0941117
0.0492643
0.169585
0.08247
0.0874706
0.464717
0.100387
0.0685471
0.244547
0.0389246
0.0643272
0.440899
0.0545722
0.0791278
0.111603
0.348648
0.0795009
0.0661821
0.161656
0.0305687
0.0330189
0.199387
0.0392022
0.0469241
0.0699325
0.025495
0.134999
0.0210352
0.156324
0.0800245
1
0.168714
0.0649269
0.852116
0.223523
0.212655
0.0782078
0.14892
0.0810929
0.128847
0.3545
0.101164
0.074644
0.258664
0.0451911
0.0312224
0.320449
0.0999793
0.0442888
0.132097
0.211809
0.0091413
0.0418014
0.165632
0.0461542
0.0489983
0.160957
0.0717977
0.0209078
0.0628904
0.0454536
0.0674669
0.0720119
0.0637886
0.040853
0.992785
0.149453
0.0735884
0.681553
0.174703
0.265847
0.0344237
0.0299731
0.0645332
0.0585132
0.245362
0.0224572
0.0899076
0.242289
0.043965
0.0319394
0.348973
0.0723035
0.0891323
0.153724
0.229301
0.0287618
0.0592811
0.0929308
0.0443039
0.0247398
0.13868
0.0203679
0.0956609
0.0480973
0.0256109
0.0394505
0.00697501
0.0497578
0.00656549
0.943346
0.134883
0.0284404
0.267423
0.0706295
0.184937
0.0354951
0.0674633
0.0587071
0.235559
0.194195
0.0110658
0.03278
0.121678
0.0378796
0.0957405
0.27579
0.00648795
0.0110588
0.15089
0.165936
0.0193274
0.0194026
0.0315513
0.0452118
0.00757204
0.0521213
0.0258466
0.0701414
0.00807378
0.0196707
0.0300059
0.0492279
0.0257527
0.0131875
0.347941
0.0336797
0.0192609
0.216905
0.064282
0.0389316
0.0422438
0.037165
0.00858672
0.086706
0.0640777
0.0226769
0.0129473
0.108144
0.0374418
0.0476605
0.261642
0.014155
0
0.326385
0.14909
0.0283911
0
0.0219383
0.0142922
0.00757204
0.0762439
0
0.0340444
0
0
0.0360591
0.0129313
0
0.0523973
0.0339198
0.266869
0.0128759
0.0199853
0.0209839
0.0145255
0.0158643
0.115188
0.0329978
0.00651695
0.0959931
0.00788446
0.0399534
0.141535
0
0.0224266
0.379334
0.0382927
0
0.0142922
0
0
0.0267513
0.015482
0
0
0.0848823
0.00992048
0.0673559
0.0386805
0.0135022
0.0151023
0.0158643
0.0149427
0.00851619
0
0.0238789
0.0159731
0.070428
0.304188
0
0.006703
0.00658929
0.00798385
0.00706791
0.00992048
0.0325199
0.0135022
0
0.0238789
0.0212946
0.109625
0.0110189
0
0.08481
0
0.0137522
0.0188046
0.0162935
0
0.00850635
0.0131516
0.012566
0.658776
0.0088174
0.017293
0
0
0.00675379
0.0162935
0.0139402
0.0165428
0.0250613
0.0358517
0.999441
0
0
0
0.0108093
0
0.0365643
0.00690687
0.00936337
0
0.0274186
0.00881682
0
0.0232777
0.924861
0.019414
0
0
0
0
0.00770434
0.0106599
0.0370701
0.00690687
0.0147406
0
0.0122818
0.0537223
0.0163018
0
0.0114808
0.440093
0.019414
0.0107335
0.00703897
0.0106599
0.0543287
0
0.0147406
0.0485667
0.0130507
0.0240918
0
0.31972
0.0405813
0
0
0.0313806
0.0106599
0.036147
0
0.0070064
0.0633731
0.00927422
0.0121855
0
0.0267906
0
0.0330226
0
0.202254
0.019414
0.0158606
0.0313806
0
0
0.0106599
0.0680881
0
0.0070064
0.00813391
0.0799423
0.0130271
0.0267906
0
0.0653693
0.0120466
0.0106467
0.0951664
0
0.012646
0.0132078
0.0206472
0.00752234
0.00652857
0
0.0106599
0.0680881
0.0150784
0
0.0745573
0.0121855
0.0150557
0.0391365
0.0490088
0
0
0.135943
0
0.01677
0.0159931
0.00789338
0.012646
0.0350332
0.0165953
0.010078
0.00752234
0
0.0127834
0
0.0198779
0.0651998
0.0149707
0.10037
0.0513764
0.0253966
0
0.0870443
0
0.00694681
0.0123669
0.258545
0.00935062
0.0244644
0.0308982
0.00777881
0.0130387
0.0484607
0.00781807
0.0201248
0.0284502
0.00689285
0.0136068
0
0.0183156
0.214197
0.00621247
0.0212323
0.373685
0.1307
0.0563268
0.0130507
0
0.174559
0.0698493
0
0.542162
0
0.028264
0.0747713
0
0.0302928
0.0312753
0.0125165
0.0278936
0.0323101
0.0298721
0.00706919
0.0245753
0.0254677
0.0648337
0.293249
0.0315798
0.882899
0
0.114388
0.0167156
0.0833547
0.035728
0.0071066
0.155533
0.129759
0.0104375
0.332825
0.017579
0.0374224
0.0586118
0.0102315
0.0310589
0.0121112
0.0074123
0
0.00772954
0.0122339
0.0188663
0.0216034
0.0122717
0.00642625
0.0381671
0.0555815
0.275001
0.0129453
0
0.991314
0.0236374
0.236767
0.0243391
0.0109929
0.0535488
0.0477673
0.0143649
0.156724
0.0349029
0.0129963
0.0106997
0.137084
0.017579
0.0372945
0.0166366
0.0102315
0.0172823
0.00783302
0.0257991
0.00631933
0.0134055
0.00620658
0.00939238
0.00706919
0.0244488
0.0264
0.0252216
0.0177217
0.0364288
0.338656
0.00621247
0.0185948
0.995792
0.00779191
0.0158473
0.322781
0
0.0223034
0.0346373
0.0354272
0.0143649
0.140157
0.0479182
0.0108144
0.0584273
0.0354814
0.0277052
0.00809757
0.00976726
0.00789612
0
0.00611694
0.00949304
0.00675346
0.0122717
0.019558
0.0507996
0
0.0185537
0.147697
0
0.0180727
0.937394
0.0143425
0.00815492
0.155307
0.0113105
0.0403548
0.0481988
0.0146156
0.10062
0.0127847
0.0106997
0.0191802
0.027928
0.0154268
0
0.0132222
0
0.01265
0.0157705
0.00894418
0.0320185
0.0124313
0.593838
0.00726185
0
0.0421985
0.0342651
0.0071066
0.0387491
0.0104239
0.0091044
0
0
0.0154413
0.00642947
0.00713505
0
0.0363913
0.128141
0
0.0136163
0.00752489
0
0.0452649
0.00753394
