0.0389336
0.0542254
0.181071
0.356205
0.440849
0.440849
0.440849
0.0123456
0.432262
0.0123456
0.289539
0.148422
0.10328
0.0230889
0.0167058
0.0716689
0.123091
0.0148724
0.031143
0.031143
0.00818824
0.0841765
0.00930977
0.0087743
0.243291
0.0141656
0.00818824
0.4225
0.0286576
0.0409718
0.00929443
0.0786003
0.0218498
0.0257208
0.356095
0.0286658
0.00818824
0.742966
0.0858705
0.0109132
0.0282171
0.0141035
0.00929443
0.020076
0.11072
0.0216934
0.104533
0.218935
0.0142132
0
0.885618
0.0298981
0.0323909
0.0478146
0.0176213
0.111058
0.0216934
0.156019
0.135113
0.0142132
0
0.994996
0.0298981
0.0214431
0.0378462
0.00832683
0.120633
0.0107145
0.168614
0.082771
0.0142132
0.848356
0.0100154
0
0.0326757
0.00902858
0.0447042
0.0969094
0.0518824
0.441823
0.0323267
0.0114395
0.0384213
0.0152818
0.0122825
0.0122825
0.0862362
0.0548621
0.0115124
0.0186292
0.368445
0.0288489
0.197961
0.021963
0.0369057
0.0107081
0.0186292
0.4655
0.18574
0.0437309
0.0250731
0.0112752
0.0107081
0.0351336
0.0147312
0.837904
0.00940312
0.173091
0.114296
0.0115124
0.0421626
0
0.0220924
0.070775
0
0
1.01122
0.017337
0.00940312
0.160808
0.113126
0.0115124
0.0614684
0
0.0235301
0.070775
0
0
1.01122
0.017337
0.0857558
0.157057
0.0115124
0.0614684
0
0.0232464
0.0894998
0.0437028
0
1.01122
0.00869798
0.0484072
0.178788
0.0115124
0.0614684
0.0236321
0.0894998
0.0576342
0
1.01122
0.00869798
0.0367294
0.189281
0.0115124
0.0614684
0.0236321
0.0894998
0.0576342
0
1.01122
0.00869798
0.0367294
0.0971152
0.0115124
0.0209293
0
0.0118621
0.070775
0.0295629
0.996989
0.024305
0.0865077
0.0213863
0
0.0161331
0
0.48774
0.024305
0.0322328
0.0213863
0
0.0161331
0.488465
0.0119599
0
0
0.0161331
0.488409
0.0453627
0.00947448
0
0.0111908
0.0384546
0.0554631
0.0161331
0.542207
0.00800246
0.00947448
0.0480452
0.0111972
0.468404
0.153178
0.010781
0.104006
0.0128071
0.744531
0.0322478
0.00795106
0
0.00947448
0.0985198
0.11903
0.0134745
0.7756
0.331558
0.0340905
0.281704
0.0926859
0.00842841
0.773274
0.00722456
0.0251342
0
0
0.00947448
0.148144
0.164777
0.0134745
0.993629
0
0.815677
0.0347723
0.0776739
0.192804
0.119458
0.00842841
1.00196
0.00722456
0.0255966
0.00886199
0
0.0122488
0.00947448
0.268739
0.22419
0.029747
0.0134745
0.979528
0.00827588
0
0.987619
0.0617897
0.0771779
0.306082
0.116996
0.00842841
0.994248
0.00886196
0.00886199
0.00788271
0.010471
0.073444
0.00947448
0.379756
0.172841
0.0134745
0.979528
0.00827588
0.0149069
0.966286
0.0423923
0.0873438
0.32586
0.0535853
0.00842841
0.749505
0.00857084
0.00886199
0.00788271
0.0114733
0.0245852
0.00947448
0.352838
0.150463
0.00895608
0.0134745
0.979528
0
0.867888
0.0363022
0.0650416
0.36479
0.0535853
0.00842841
0.593734
0.0177574
0.0123363
0.00947448
0.301587
0.0448903
0
1.04752
0
0.717492
0.0169684
0.0434026
0.195315
0.025816
0.00842841
0.298497
0.00886199
0.0123363
0.124885
0.0227521
0.685485
0
0.315193
0.0223237
0.161657
0.0127169
0
0.240291
0.0123363
0.0678791
0.0116135
0.331373
0.182923
0.00820363
0.0223237
0.0363535
0.0127169
0.137506
0.0123363
0.0366856
0.0428293
0.0127169
0.0561535
0.0123363
0.0127169
0
0.0123363
0.0127169
0
0.0123363
0.0127169
0
0.00772591
0.0127169
0
0.00795426
0
0.00745777
0.0154482
0.0220935
0.0469518
0.0347956
0.235904
0.0347956
0.705473
0.0347956
0.854677
0.0347956
0.854677
0.0347956
0.854677
0.0347956
0.854677
0.0347956
0.808888
0.0347956
0.748337
0.0347956
0.612681
0.0394957
0.0218701
0.0367632
0.0347956
0.213329
0.0397999
0.0278788
0.0347956
0.0439412
0.0347956
0.0558722
0.0160401
0.0377354
0.017498
0.0810316
0.332529
0.214081
0.0312759
0.0216112
0.0556469
0.0347585
0.0539523
0.0462361
0.809855
0.37629
0.0312759
0.0327895
0.00998684
0.0737896
0.0347585
0.0717897
0.0313036
0.883139
0.39109
0.0312759
0.0543763
0.0203245
0.0747995
0.0347585
0.054098
0.0158465
0.837367
0.445167
0.0312759
0.0223736
0.0743399
0.0347585
0.188444
0.0158465
0.69628
0.372294
0.0152358
0.0111952
0.0374071
0.0347585
0.0892741
0.503193
0.170606
0.0111952
0.0279906
0.0172605
0.276003
0.00752029
0.0484446
0.176865
0.0202993
0.0941657
0.216753
0.0405545
0.275199
0.216753
0.101002
0.718181
0.216753
0.0103592
0.0549298
0.101002
1.00317
0.216753
0.0103592
0.0549298
0.101002
1.00317
0.216753
0.0103592
0.0549298
0.101002
1.00317
0.216753
0.0103592
0.0549298
0.101002
1.00317
0.216753
0.0103592
0.0549298
0.101002
1.00317
0.216753
0.0103592
0.0272422
0.0608332
0.800122
0.216753
0.0103592
0.0136765
0.0201687
0.590344
0.208179
0.0180554
0.0103592
0
0.0201687
0.42131
0.00684466
0.200659
0.0180554
0.0483233
0.0102193
0.0117685
0.343158
0.00886916
0.137118
0
0.0175817
0.00879547
0.317346
0.00886916
0.0638286
0.0173517
0.0214971
0.0095644
0
0.0873218
0.0715068
0.00879547
0.796743
0.00805755
0.0199616
0.0157808
0.134917
0.297413
0
0.0846187
0.378063
0.0911317
0
0
0.994795
0.00805755
0.0177631
0
0.300637
0
0.73699
0.0119606
0
0.2754
0.0172515
0.0197195
0.340885
0.255584
0.0169027
0.982651
0.0161162
0
0.0140068
0.30106
0.889776
0.0119606
0.293328
0.0174852
0.0572937
0
0.816647
0.255994
0.00829625
0.94609
0.00805755
0.285853
0.939023
0.0119606
0.284593
0
0.00882687
0.220025
0.793634
0.0963002
0.00829625
0.775135
0.0512221
0.269803
0.988845
0.00812496
0.301827
0.00882687
0.0964314
0.59606
0.0197474
0.51866
0.00878719
0.185016
0.0090605
0.788605
0.199715
0.0563928
0.428794
0.0197474
0
0.395787
0.0988812
0.0090605
0.502061
0.0950418
0.0379113
0.254617
0.214214
0.0150731
0.0988812
0.244161
0.0453305
0.0197195
0.100762
0.0765518
0.0318768
0.0132253
0.027116
0.0296461
0.0352098
0.182296
0.0259857
0.517873
0.0259857
0.830387
0.0259857
0.994683
0.0213361
0
1
0.0213361
0
1
0.0213361
0
1
0.00601482
0
0.71338
0.00601482
0
0.280623
0.00601482
0.145019
0.0147701
0.0154694
0.00967168
0.101495
0.00838766
0.0485403
0.00777211
0.0501641
0.0501641
0.00788563
0.00784416
0.0672429
0.0138046
0.0162778
0
0.522282
0.00788563
0.00784416
0.225869
0
0.0307314
0.0620295
0.109282
0.724569
0.0155818
0.00784416
0
0.412094
0.0334777
0.0124973
0.0740128
0.0784767
0
0.145269
0.482633
0.0154385
0
0.523482
0.0267627
0.104032
0.0322821
0
0.126913
0.017351
0.329243
0.0075943
0.562981
0.0267627
0.0901168
0.0408436
0.119012
0.017351
0.260569
0.0075943
0.401012
0.0267627
0.0600978
0.0246809
0.0819031
0.243549
0.149351
0.0267627
0.0301217
0.032296
0.0824336
0.112762
0.126145
0.111161
0.0278316
0.290378
0.602556
0.785833
0.785833
0.785833
0.785833
0.785833
0.649555
0.306979
0.185425
0.0128957
0.130182
0.00753478
0.0102341
0.0328479
0.0146392
0.0122503
0.215893
0.0695331
0.0280759
0.261071
0.00757031
0.00997334
0.0242332
0.392281
0.0176058
0
0.115495
0.0963527
0.638821
0.0451814
0.026762
0.0313618
0.13758
0.565324
0.0188433
0.00791609
0.247962
0.165737
1.01278
0.0680848
0.0349417
0.0414645
0.0613858
0.00966706
0.0140893
0.824988
0.0177164
0.0204464
0.0118109
0.00791609
0.00709109
0.316418
0.23315
0
1.00613
0.0190583
0.114046
0.0608308
0.0516109
0.121214
0.00966706
0.0140893
1.00228
0.0178662
0.0204464
0.0222383
0.0156295
0.00679343
0.00625344
0.346809
0.271735
0
1.00613
0.0387932
0.185848
0.0270803
0.0307498
0.206017
0.0184173
0.0438213
0.727856
0.00918181
0.0204464
0.0117557
0.0228449
0.00679343
0.31775
0.273677
0
0.0131902
1.02326
0.1938
0.0525906
0.0597919
0.131101
0.029732
0.520779
0.00918181
0.0204464
0.0117557
0.0072154
0.305627
0.120384
0
0.0131902
1.01829
0.140956
0.0175549
0.00943901
0.0588244
0.00941999
0.029732
0.293106
0.00918181
0.0204464
0.0733708
0.0949118
0.65532
0.0380502
0.00841146
0.00943901
0.0260519
0.0140893
0.205272
0.0194313
0.0413961
0.0545483
0.455071
0.0131349
0.162571
0.0506876
0.0490438
0.085762
0.205062
0.80794
0.975717
0.975717
0.975717
0.975717
0.975717
0.975717
0.911515
0.0067999
0.014356
0.00937312
0.00673001
0.26434
0.0128704
0.0132608
0.119294
0.0189148
0.0327038
0.0136269
0.00902047
0.0697215
0.00677783
0.0088304
0.0196028
0.276951
0.140026
0.0586403
0.00902047
0.0613266
0.00677783
0.00662288
0.0196028
0.966685
0.31552
0.0572165
0.00902047
0.00727904
0.0780601
0
0.0337619
0.0196028
1.01631
0.328893
0.0994367
0.00902047
0.105436
0
0.00727859
0.0602387
0.829532
0.389643
0.0717865
0.00902047
0.0698459
0
0.00727859
0.05341
0.796531
0.281174
0.058054
0.00902047
0.0375979
0
0.0396985
0.628601
0.147232
0.0148921
0.0203077
0.0329504
0.266188
0.0337846
0.146713
0.0408738
0.291923
0.0408738
0.754823
0.0408738
0.00907618
0.0154746
1.00508
0.0408738
0.00907618
0.0154746
1.00508
0.0408738
0.00907618
0.0154746
1.00508
0.0408738
0.00907618
0.0154746
1.00508
0.0408738
0.00907618
0.0154746
1.00508
0.0408738
0.00767503
0.818278
0.0408738
0.695825
0.0408738
0.491496
0.0408738
0.0843362
0.00739973
0.306812
0.00708923
0.00743722
0.00722836
0.242989
0.0152002
0.00813645
0.0477618
0.0289932
0.0282884
0.00683707
0.70315
0.0105119
0
0.0454328
0.00813645
0.290275
0.0423156
0.224665
0.040194
0.933796
0.0198473
0.019015
0.0454328
0.0748555
0.84418
0.248508
0.0213118
0.0172291
0.204689
0.0679375
0.98924
0.0295849
0.00718918
0.0454328
0.0665693
1.0083
0.284674
0.0106217
0.0270932
0.0197012
0.526673
0.0530579
0.928421
0.00977216
0.0135993
0.0141104
0.0454328
0.0665693
1.0083
0.286454
0.00888655
0.0320006
0.0324961
0.010135
0.526673
0.0397573
0
0.829657
0.0170966
0.0278692
0.00714369
0.00718918
0.100574
0.115382
1.0083
0.21966
0.0319765
0.0178397
0.010135
0.510639
0.00607403
0.524054
0.0157363
0.00718918
0.0447976
0.081614
0.840387
0.177437
0.00990574
0.00946212
0.010135
0.378384
0.00607403
0.0176056
0.272908
0.0296261
0.041783
0.54608
0.114177
0.018672
0.206948
0.00607403
0.138159
0.014565
0.0249886
0.287618
0.0526903
0.0873794
0.00688865
0.0623448
0.0081727
0.0382595
0.0143085
0.0152461
0.0255521
0.183176
0.567102
0.685139
0.685139
0.685139
0.685139
0.672767
0.624789
0.599282
0.0424558
0.0132576
0.122218
0.0130203
0.0147191
0.0489996
0.122665
0.00823686
0.0163142
0.0524258
0.00828272
0.0127199
0.315673
0.247189
0.00823686
0.0169463
0.0163142
0.0694311
0.0549879
0.0127199
0.00899748
0.777154
0.556395
0.00823686
0.0169463
0.0983461
0.0863846
0.0698897
0.0127199
0.00899748
0.796455
0.583787
0.00823686
0.178985
0.0693793
0.00939612
0.0984153
0.0127199
0.713386
0.64944
0.163215
0.0900686
0.0997997
0.0127199
0.00751377
0.665491
0.497264
0.0815648
0.00805993
0.0710805
0.112028
0.467295
0.286332
0.041719
0.255779
0.0546521
0.147234
0.507893
0.690613
0.690613
0.690613
0.690613
0.690613
0.562068
0.407202
0.310655
0.0340733
0
0.223896
0.0203047
0.153736
0
0.014077
0.0156728
0.0614717
0.0458119
0.0297565
0.0089075
0.489948
0
0.0199813
0
0.0075134
0.00920984
0.0313187
0.319904
0.0746393
0
0.27311
0.0089075
0.688835
0
0.0303404
0
0.00717968
0.0147558
0
0.0075134
0.0152893
0.00920984
0.128777
0.844602
0.108091
0
0.0168279
0.27581
0.0089075
0.99934
0.0522492
0
0.00717968
0.0075134
0.0152893
0.0252339
0.227618
0
0.991419
0.136167
0
0.00786565
0.602325
0.0270902
0.0089075
1.00519
0.0214673
0
0.00717968
0.0075134
0.0152893
0.0414211
0.0170453
0.212395
0.991419
0.12237
0.0256466
0.0157497
0.632517
0.0270902
0.0089075
0.934262
0.0411918
0.00717968
0.0148326
0.0268875
0.0250146
0.230151
0.991419
0.122204
0.00813429
0.0154062
0.621674
0.0089075
0.755857
0.0111082
0.0140238
0.0075134
0.0268875
0.0170453
0.114837
0.800772
0.0903253
0.00813429
0.417539
0
0.478359
0.0111082
0.0153311
0.0991113
0.522054
0.0742216
0.0168133
0.209748
0
0.288309
0
0.00810761
0.00847362
0.032056
0.276532
0.0468211
0.00813429
0.0881641
0
0.138044
0
0.0105977
0.0149344
0.0290865
0.0287916
