0.00769637
0
0.00769637
0.0184056
0.0264501
0.00769637
0.0184056
0.0264501
0.00769637
0.0184056
0.0264501
0.00769637
0.0184056
0.0264501
0.00769637
0.0184056
0.0264501
0.00769637
0.0184056
0.0264501
0.00769637
0
0.0217161
0.0264501
0.00769637
0
0.45086
0.00769637
0
0.45086
0.00769637
0.45086
0.45086
0.407142
0.0992501
0.0337824
0.631391
0.854214
0.854214
0.854214
0.854214
0.537596
0.05108
0.0168291
0.00800371
0.0253164
0.0494519
0.00800371
0.0253164
0.0494519
0.00800371
0.0344145
0.0494519
0.00800371
0.112063
0.0494519
0.0601172
0.112063
0.0494519
0.0521135
0.112063
0.0494519
0.0521135
0.0867465
0.0303878
0.0494519
0.0521135
0.0867465
0.0854875
0.0521135
0.0867465
0.0854875
0.490792
0.0268795
0.0718596
0.0854875
0.898115
0.0268795
0.0854875
0.958093
0.0268795
0.958093
0.0268795
0.0251173
0.00678501
0.978855
0.0351408
0.00678501
0.841578
0
0.01005
0
0
0.0301872
0.00791732
0.151068
0.0549009
0.0766849
0.436985
0
0.01005
0
0
0
0.0301872
0.00791732
0.841999
0.0895389
0.0077314
0.0828965
0.151388
0.020391
0
0
0
0.00952422
0.0301872
0.00791732
1.00241
0.111436
0
0.0077314
0.127339
0.124918
0.020391
0
0
0
0
0.00952422
0.0301872
0.00791732
1.00241
0.131809
0
0.133546
0.117225
0.020391
0
0
0
0
0.00952422
0.0301872
0.00791732
1.00241
0.131809
0
0.104154
0.0479766
0.107895
0.020391
0.0110473
0
0
0
0.00952422
0.0301872
0.00791732
1.00241
0.071896
0
0
0.0965177
0.0479766
0.100066
0.020391
0
0
0.0301872
0.00791732
0.459799
0.071896
0.0173878
0
0.0965177
0
0.0117185
0.0869875
0
0.020391
0
0.0301872
0.00791732
0.0705461
0.0534773
0.0080207
0.0890186
0.0117185
0.0411637
0.020391
0
0.0197467
0.13065
0.0191943
0.0080207
0.0550784
0.0117185
0.0177396
0.020391
0
0.00969896
0.00929965
0.0236613
0.0191943
0.0080207
0.00680441
0.0091843
0.00970455
