0.00337833
0.705894
0.00825815
0.0640013
0.0485416
0.344528
0.650869
0.00372095
0.00560543
0.00309482
0.164732
0.184847
0.233401
1
0.172898
0.272762
0.00552825
0.376661
0.314996
0.00579944
0.394554
0.18717
0.96491
0.0416708
0.00540875
0.0801395
0
0
0
0.002659
0.0348988
0.00275737
0.00536687
0.182006
0.0395351
1
0.943075
0
0
0.0026498
0.0323649
0.0127766
0.00263912
0.0790233
0
0.987202
0.176095
0.402914
0.996796
0.139987
0
0.00804703
0.123903
0
0.00810525
0.594693
0.999866
0.988075
1
0.00267804
0.133587
0.119384
0.00267804
0.00337228
0.383237
0.0096953
1.0031
1
0.663547
1
0.026506
0.0055952
0.0206873
0.576888
0.0122605
0.00567737
0.0845429
0.981016
0.936852
0.124023
0.673464
0.717093
0.76111
0.498517
1
1
0.317888
1
0.359448
1
0.0806223
0.637022
1.01371
0.0381745
0.00268648
0.0190505
0.702466
0.00350672
1
0.0258078
0.0656233
0.0479287
0.986487
0.16984
0.0171053
0.0218402
0.0173984
0.352044
0.0577292
0.0081493
0.210485
0.976136
0.0188061
0.645805
0.871394
0.709351
0.536724
0.749606
0.0192711
0.733015
0.31554
1
0.0202215
0.00571674
0.0234089
0.014205
0.0432538
0.311798
0.00986457
0.011314
0.00275544
0.161177
0.00358712
0.39793
1
0.00665619
0.00278366
0.00266759
0.00540959
0.00731546
0.00720789
0.00568752
0.131601
0.0135892
0.00278366
0.00447056
0.00845286
0.360812
0.0105373
0.00846238
0.982502
1
0.954623
0.373666
0.0425923
0.00865245
0.00898292
0.00295262
0.0521599
0.00293942
0.254928
0
0
1
0.33126
1
0.994865
1
0.285479
0.401429
0.1779
0.00254448
0.00249712
0.00249642
0.00309007
0.00242212
0
0.0127049
0
0.00885787
0.00331972
0.00988748
0.00885787
0
0
0.00832635
0.00835859
0.00832707
0.0688143
0
0.0556815
1
0.992147
0.373906
0.149127
0.0593058
1.00734
0.00272003
0
0
0.00273491
0.00257733
0.00271074
0.0169131
0.00925559
0.0575929
0.0287089
0.00824927
0.0148089
0.0287959
0.00296179
0.00256954
0.00252386
0.00548834
0.00599042
0.00252386
0.00548834
0
0.00526312
0.837448
0
0.0151432
1.02213
1.01341
0.00296464
0.00256942
0.00297752
0.0106956
0.00301504
0.00265292
0.00284732
0.0116844
0.0345416
0.0358047
0.0169328
0.145964
0.0498529
0.00366744
0.0181247
0.00848358
0.00293572
0.00258701
0.00860576
0.392625
0.0108062
0.00720747
0.00261568
0.00313928
0.00880271
1.00074
1
0.995184
1.03453
0
0.0162561
0.0804873
0.0115942
0.0977199
0.745896
0.0117163
0.00296448
0.289347
0.00444672
0.00310401
0.00741522
1.00065
0.967477
0.635367
0
0.497783
0
0.0390139
0.0163354
0.422963
1.47325
0.578651
0.00588882
0.0180107
0.00315325
0.00583655
0
0.00735808
0
0.013647
0.301438
0.00307244
0
0.00957984
1.00347
1
0.00263694
0.00494427
0
0.00263694
0.00565059
0
0
0.0171834
0.002699
0.0048778
0.0191763
0
0
0
0.0547644
0
0.18589
0
0.549228
0.00274266
0.00263694
0
0.0186205
0
0
0
0
0.0552121
0
0.0088526
0.0027999
0.00379397
0.0122938
0.971716
0.0102232
0.0168093
0.00528306
0.00678573
0.00280166
0.332197
0.023032
0.00463436
0.0082465
0.0214944
0
0.00337694
0.00249395
0.113351
0.00282555
0.0027559
0.00295092
0.00591582
0.0177055
0.00295092
0.00442638
0.00354111
0.00295092
0.00359583
0.00272239
0.00263694
0.0100233
