0.00258575
0.654043
0.0593001
0.044976
0.319221
0.660756
0.0107123
0.0754524
0.291134
0.062962
0.00296339
0.233401
1
0.484419
0.764218
0.0365063
0
0.0305297
0.00858669
0.00310876
0.262551
0.0154295
0.12455
0.958373
0.00898374
0.0179519
0.0053063
0.101305
0.0162181
0.00526521
0.230077
1.00147
0.944458
0.00536195
0.03016
0.00534035
0.0736396
1
0.178378
0.634589
0.0121868
0.992541
0.261243
0.00858852
0.016376
0.114694
0.00291248
0.00780833
0.0107417
0.00862967
0.550492
0.0375959
1.01201
1.00401
1
0.135869
0.119384
0.389785
1
1
0.661497
1
0.0053447
0.0275436
0.400471
0.00542319
0.112563
1.01305
0.650355
0.128073
0.939159
1
0.00327977
0.00251497
0.00685854
0
0.0107784
0.0170239
0.0149967
1
0.19211
0
0
0.00263782
0
0.0197088
0
0
0.00251497
0.00612497
0.00870841
0.654987
0.913849
0.746832
0.00712509
0.00412505
0.00836728
0.0078376
0.0158073
0.0369956
1
1
0.989525
0.01104
0.00273953
0.00270207
0
0
0
0
0
0.0277311
0
0
0
0.0132966
0.0128003
0.00314076
0.0448012
0.317888
0.916905
1.0115
0
0.00839155
0.00700845
0
0.00560676
0.0280338
0.0108642
0.0564185
0.0110344
1
0.359448
1
0.00265347
0
0.0214222
0
0
0.00744816
0
0
0
1
0.0165778
0.639263
0.994165
0
0
0.00268109
0
0.027864
0.00352508
0.00274237
0.0567711
0.278961
0.632783
0
0
0
0.0548372
0.011321
0
0.0642008
0.00430096
0.0157206
0
0
0.00560676
0.0876292
0.00639609
0
0
0.00264492
1.00696
0.605909
0.0136268
0.00280852
0
0.00379211
0.0795002
0.702466
0.00270521
0.0174437
0.00303629
0.00270521
0.0025373
0
0.0209843
0
0.00385884
0.0178756
0.00255844
0.00590408
0.0105345
0
0
0
0.0030998
0.0742847
0
0
0.00311891
0
1
0.0622424
0.00300224
0.00433363
0.0125955
0.0427986
0.0670088
0
0.00302116
0.00675296
0
0.0109647
0.0380174
0.0109647
0.00300224
0.0419905
1.02535
0.0123818
1.00731
0.991226
0.0800479
0
0.0545806
0
0.0138331
0.00333709
0.0822252
0.00270119
0
0.0114178
0
0
0.182114
0.0376259
1.00958
0.0591264
0.00291473
0.00262
0.0462216
0.00415717
0.0111632
0.00287547
0.00536545
0.00287547
0.00272531
0.00264666
0
0.00504285
0.00557665
0.06921
0.0191003
0.00476652
0.00504285
0.29083
0.00266593
0.0801412
0.00504285
0.00504285
0.00292976
0.985484
0
0.00504285
0.8794
0.0341149
0.00538516
0.0109366
0.0222114
0.0229027
0.00298796
0.00743574
0.0107532
0.019435
0.0133635
0
0
0.0057568
0
0.209245
0.351476
0.112077
0.738209
0.00291712
0.069009
0.0215733
0.010311
0.212581
0.985857
0.0304872
0.0198684
0.0147837
0.278265
0.375467
0.011022
0.0291716
0.0162916
1
0.990772
0.756641
0.86046
0
1
0.45187
0.430469
1
0.00551305
0
0.0106569
0.062398
0.0880278
0.00300366
0.232514
0.39793
1
0.00271506
0.0166588
0.00276942
0.0168123
0.00264281
0.00417286
0.00267461
0.00275953
0.00860958
0.00264281
0.00264281
0.0135389
0.00720767
0.0222534
0.0144698
0.110931
0.0068871
0.00863931
0.00854165
0.326976
0.010648
0.016757
1.003
1
0.960759
0.373666
0.00300819
0.0174594
0.0027073
0.00298719
0.0431633
0.00583379
0.00266542
0.00319781
0.23843
0.00409646
0.0173406
0.0068679
0.0542852
0.00743168
1.0221
0.333563
1
1.01714
0.999043
0.324237
0.414999
0.588393
0
0.00975408
0
0.00685216
0
0.00264252
0.0100004
0
0.00347856
0
0.00852749
0.00309357
0.00584824
0.102884
0.0729569
1
1
0.00781487
0
0.39433
0.248188
0.0480503
1
0
0.00287819
0
0.00289395
0.00286836
0.0257779
0.00841922
0.0332263
0.0393388
0.00845668
0.039458
0.0161383
0.0423265
0.00574111
0.0138496
0.951361
0.921428
0.987292
0.00293626
0.0072088
0.00870227
0.150885
0.0498529
0.00759837
0.0183015
0.00301945
0.00535988
0.0057032
0.00838567
0.434744
0.00716145
1.0134
1
1.0138
1
0.00278157
0.0137722
0.12518
0.368327
0.00556862
0.359264
0.0081831
1.01505
0.477745
0.644509
0.750359
0.637575
0.738989
1
0
0.520932
1
1
0.201778
0
0.00264877
0.00629775
0.18589
1
0.684963
0.772778
0.00267448
0.00307947
0.0317393
0.14094
0.987003
1.01569
1
0.00833372
0.971993
0.772681
1
0.00805649
0.0110159
0.00553949
0.00737609
0.154764
0.038675
0.00277105
0.00795431
