0.0796302
0.592949
0.719177
0.585349
0.0495476
0.0175569
0.013299
1.00006
0.00779054
0
0.789133
0.0689904
0.0175569
0.013299
0.996811
0
0.00779054
0.00764168
0.0309698
0.934476
0.110834
0.0175569
0.013299
0.921569
0
0.00779054
0.00941636
0.00764168
0.0303768
0.00877769
0.950477
0.110834
0.00866937
0.013299
0.0120728
0.725865
0
0.0146931
0.00764168
0.0455234
0.0173662
0.998184
0.100143
0.00866937
0.013299
0.0120728
0.597346
0
0.0146931
0.0165151
0.0847373
0.0173662
0.998078
0.0204249
0.00866937
0.013299
0.346171
0.00779054
0
0.0239098
0.71651
0.00704625
0.00737728
0.140708
