0.117664
0.00797388
0.0126515
0.322203
0.0138029
0.0235795
0.0126515
0.322203
0.0138029
0.00797388
0.0126515
0.322203
0.0138029
0.00797388
0.0126515
0.322203
0.134692
0.00797388
0.0126515
0.322203
0.237989
0.00723379
0.00797388
0.0126515
0.322203
0.450263
0.00723379
0.0147348
0.00797388
0.0126515
0.00827165
0.294284
0.0169681
0.866043
0.0202438
0.0606027
0.00797388
0.0126515
0.00827165
0.308638
0.0169681
0.904206
0.0202438
0.167055
0.00797388
0
0.0126515
0.0158528
0.148559
0.0169681
0.926605
0.0202438
0.023595
0
0.0126515
0.00961657
0.00827165
0.0300568
0.0169681
0.629651
0.0117836
0.0267391
0.038171
0.0078306
0.00961657
0.00827165
0.014354
0.239864
0.0267391
0.0743638
0.00961657
0.00827165
0.014354
0.12429
0.0267391
0.0809133
0.00961657
0.00827165
0.014354
0.0536222
0.0220947
0.00961657
0.014354
0.0536222
0.0668687
0.497924
0.914607
1
0.857281
0.718233
0.00856139
0.0129499
0
0.672288
0.00856139
0.0129499
0.0158328
0.153824
0.0174282
0.011714
0.0129499
0.0158328
0.237763
0.0174282
0.011714
0.0129499
0.0321903
0.0196911
0.0107156
0.0640939
0.00886685
0.0226551
0
0.0733338
0.0380814
0.0107156
0.0479615
0.00886685
0.0346951
0
0.0733338
0.183346
0.0400411
0.0107156
0.00964158
0.0386825
0.00886685
0.023754
0
0.115741
0.532703
0.0400411
0.0218136
0.00964158
0.0233447
0.0173862
0.0340741
0
0.204751
1.02324
0.0196911
0.0107156
0.0114493
0
0.026805
0.0161097
0.00937724
0.0849354
0.0348964
0.296119
0.0677629
0.0247739
0.00750769
0.20405
1.03057
0.0583011
0.0114493
0.0190424
0.026805
0.0246142
0.00937724
0.179518
0.0875671
0.00677748
0.432804
0.114316
0.0144335
0.0247739
0.0149525
0.230652
0.987521
0.0570294
0.0322935
0.0114493
0.0202731
0.026805
0.00850445
0.0271669
0.231799
0.106059
0.818406
0.103903
0.028517
0.0247739
0.0143159
0.220463
0.998822
0
0.0605803
0
0.022784
0.0102184
0.0696933
0.016382
0.101532
0.0707909
0.777324
0.0800384
0.0144335
0.0124463
0.0152742
0.148371
0.81587
0
0.0399215
0.00804185
0.0113347
0.0825202
0
0.00800638
0.0511521
0.0615779
0.61428
0.0326865
0.0124463
0.00744479
0.0575518
0.333859
0.039547
0.00979159
0.0114912
0.00804185
0.0113347
0.111985
0.00656015
0.0398477
0.00896387
0.0171297
0.51063
0.0156983
0.0163807
0.0198985
0.039547
0.00979159
0.0114912
0.00804185
0.111857
0.00656015
0.0398477
0.0171297
0.325675
0.0156983
0.00879413
0.0198985
0.0595142
0.00979159
0.0449281
0.00656015
0.047726
0.0171297
0.232513
0.00825354
0.0198985
0.0107308
0.195084
0.00825354
0.0198985
0.0151236
0.642119
0.00825354
0.827821
0.00825354
0.989582
0.00825354
0.789025
0.151146
0.240203
0.111648
0.016823
0.066979
0.016823
0.0555722
0.00705847
0.0320531
0.380042
0.0320531
0.417993
0.0320531
0.0379511
0.0905269
0.0379511
