0.00132282
0.013308
0.00685895
0.0124968
0.0314935
0.0730267
0.00685895
0.0314935
0.436858
0.0102662
0.0314935
0.965849
0.0474472
0.0102662
0.0314935
0.0107164
0.0960631
0.246017
0.0066133
0.0613233
0.0321996
0.0626631
0.10989
0.0188489
0.582389
0.0321996
0.0626631
0.10989
0.00973583
0.0147305
0.00982353
0.455499
0.0160671
0.0626631
0.11065
0.00973583
0.00982353
0.160877
0.0160671
0.0626631
0.0960631
0.00973583
0.0444904
0.00973583
0.0116586
0.00777674
0.0292242
0.0116586
0.0145669
0
0.0246372
0.0689936
0.0116586
0.0686532
0.0285955
0
0.0646841
0.288588
0.0129841
0
0.0116586
0.0686532
0.0646841
0.206842
0.0384725
0.0180132
0.085619
0.031828
0.0306044
0.0254884
0.0180132
0.0254884
0.0713836
