0.024448
0.758806
0.303132
0.0717616
0
0.0693902
0.0686103
0.0669594
0.0627367
0.960454
0.354927
0.0497079
0.0025123
0.00255138
0.00257945
0.0168413
0.0515408
0.00261958
0.014487
1.04547
0.00541215
0.00565535
1
0.00541215
0.0330459
0.00355716
0.00259249
0.00720984
0.0304994
0.0405607
0.00261107
0.0310506
0.409886
1
0.258016
0.00291856
0.0207947
0.0032052
1.00273
0.1898
0.00247429
0.00262061
0.00287096
0.00552024
0.00262061
0.0023357
0.15114
0.00987593
0.00492008
0.00236477
0.00239618
0.00504748
0.00228279
0.00247418
0.00519383
0.00560958
1.00555
0.224749
0.0026397
0.00539025
0.00279168
0.00256725
0.00265369
0.00265369
0.0101664
0.00233414
0.00262266
0.0139598
0.0169224
0.00262266
0.0024042
0.00254326
0.00265369
0.0026397
0.00258167
0.0049512
0.0187614
0.994776
0.150059
0.00265757
0.00524465
0.00315104
0.00483972
0.00255227
0.00265757
0.00265757
0.00265179
0.00262812
0.00251187
0
0.00255227
0
0.0377179
0.00315104
0.00483972
0.00255227
0.00286038
1
0.284333
0.0118358
0.0058736
0.0058736
0.0348064
0.00266328
0.0384022
0.714913
0.00462995
0.0312154
0.00816158
0.030483
0.0058736
0.00259559
0.0145075
1.01054
1
0.00315128
0.00314935
0.16275
0.0274481
0.00294944
0.0370899
0.00457442
0.00251985
0.0355223
1
0.00333853
0.00315128
0.00290814
0.101282
0.00577235
0.0318873
0.0332024
1
0.115175
0.029816
0.0300714
0.010571
0.196363
0.00278642
0.482203
0.00258764
0.00262386
0.0298607
0.022818
1
1
0.665374
0.112025
1
0.304107
0.00598342
0
0.592724
0.00304282
0.323866
0.0184803
0.15799
0.00283824
0.00260244
0.301842
0.00291653
0.00282949
1
0.0336755
0.00296793
0.00294622
0.653697
0
0.0587006
0.00566032
0.194713
0.054877
0.03483
0.0336765
0.0197891
0.0339939
0.975705
0.349493
0.00312752
0.00593374
0.00290474
0.0046723
0.00290513
0.00279924
0.00574986
0.00273288
0.0111372
0.821746
0.00493228
0.0113707
0.0518355
0.00279924
0.00554719
0.00305091
0.0138439
0.0541464
0.00563424
0.0140527
0.417979
0.00270936
0.00449706
0
1.03272
0.00360819
0.00303055
0.00297869
0.00275359
0.00278816
0.00269367
0.0118209
1
0.341066
0.00550795
0.00289844
0.00307376
0.00566454
0.00570841
0.025544
0.756785
0.2247
0.00850153
0.00861917
0
0.00292086
0.0373562
0.0350843
0.0077863
0.00851827
0.302931
0.0025827
0.297679
0.00539995
0.00851827
0
0.0566607
0.0259131
0
0.00821914
0
0.00850042
0.0398989
0.0794637
0.00857028
0.00861366
0.0348123
0.540069
0.153953
0.153131
0.0026016
0.00301368
0.0179267
0.00563561
0.00304539
0.00313761
0.00262733
0.00275031
0.00259426
0.0159563
0.0113008
0.0542537
0.0229104
0.0145117
0.0203221
0.567474
0.139479
0.0211315
0.0258003
0.00360638
0.00275653
0.0198728
0.00535
0.00870838
0.0275628
0.0401144
0.0229683
0.00286568
0.00269965
0.00266812
0.00260012
0.00793359
0
0.055177
0
0.0290587
0.0560078
0.00875315
0.0251989
1
1.02389
0.852591
0.358063
0.00867056
0.00269251
0.0054416
0.0140204
0.00592979
0.00572205
0.00530934
0.0118249
0
0.00978493
0.0114889
0.00315431
0.00311939
0.00290684
0.0296175
0.0103062
0.00279766
0.00313094
0.00529669
0.00283887
0.00307607
0.0421362
0.00311939
0.00602046
0.00574074
0.00604393
0.00542646
0.00566648
1
0
0.00905377
0.00302942
0.00584108
0.00296793
0
0.0143846
0.0212851
0
0.00886247
0.00634557
0
1.00015
0.986029
0.667728
0.00581639
0.0091706
0.00266466
0.00451067
0.00261657
0.00566438
0.0247101
0.0030882
0
0.017605
0.00300864
0.00308193
0.00307866
0.564302
0.00286951
0.00279439
0.0092688
0.00290075
0
0.0218427
0.00389761
0.0281013
0.0061579
0.00566438
0
0.00313201
0.984126
0.0175918
0.0030522
0.0673142
0.0054093
0.00302571
0.0164337
0.0118273
0.00800961
0
0.0288042
0.00230073
0.00420414
0.020508
0.00295973
0.0333772
0.00596625
0.247662
0.00287689
0.00750475
0.00280519
0.0489728
0.00313196
0.701858
0
0.00259039
0.00241444
0.00314143
0.262905
0.00255407
0.00307309
0.0027856
0.0125402
0.257591
0.00266976
0.0806113
0.00305644
0.0267676
0.00906858
0.00264859
0.00484163
0.0424254
0.00261517
0.00529536
0.00264677
0.00564487
0.00235931
0.00290663
0.0391088
0.00264677
0.0243198
0.00555522
0.00764029
0.00269133
1.01049
0.00253041
0.00480925
0.00238992
1
0.00326954
0.0058244
0.00530377
0.693922
0.00301204
0.00308508
0.00300343
0.185831
0.132225
1
0.00305646
0.164671
0.987098
0.189074
0.290075
0.823127
0.0576577
0.103925
0.0461218
0.00582564
0.238274
0.0177965
0.00266104
0.0165003
0.00589568
0.705291
0.00286747
0.00262136
0.00291285
0.255932
0.0420821
0.00954447
0.0352386
0.642941
0.0624602
0.00811997
0.00793134
0.00790274
0.00793232
1.01226
0.0412901
