0.0288655
0.984171
0.73076
1
0.147809
0.0158207
0.00713842
0.00409659
0.0142927
0.00708315
0.00930386
0.998011
1
0.261685
0.213904
0.0444937
0.108637
0.977587
0.320542
0.143439
0.210249
0.00683889
0.00715944
0.115787
0.0024166
0.0104632
0.00142645
0.00465031
0.00570288
0.00246486
0.00160972
0.00254636
0.00144294
0.00314125
0.421228
0.00166493
0.0207215
0.00144294
0.00139361
0.0291807
0.010822
0.917233
1
0.196482
0.501393
0.0972478
0.0531651
0.00148627
0.0166133
0.0132413
0.0533499
0.00131116
0.00132935
0.00274896
0.00148028
0.00138297
0.98021
1.00113
1.03095
0.30721
0.00546213
0.0012745
0
0.0573343
0.00134354
0
0.00444199
0
0
0.282354
0.00128496
0.00439545
0.0546717
0.00704906
1
1
0.313614
0.00132016
0
0.00145564
0.00528076
0.0170589
0.0013326
0.00124302
0.0013326
0.00194098
0.00970056
0.00135445
0.0012745
0
0.0489388
0
0
0.0311923
0.989151
0.988949
0.243573
0
0
0
0
0.0013326
0.00446426
0.00148809
0
0.00289523
0
0
0.00145625
0.00622109
0.00415009
0.0400885
0
0
0
0
0.00764698
0.00145185
0.00138671
0
0
0.0012745
0
0.00140981
0.0105573
0
0.0013125
0.00140981
0
0.00145485
0.00140981
0.00283666
0.0529713
0.0942323
0.00148851
0.00156077
0
0.00140981
0
0
0
0
0
0.00126218
0
0.0012745
0.00444294
0.00247035
0
0.00221357
0.00135382
0
0.0280663
0.00494594
0.613574
0.0831062
0.00147835
0.00148809
1
0.00757097
0.0012745
0
0.00130949
0.00188417
0
0.00395675
0.00136948
0.00150282
0
0.00852072
0
1
0.291931
0.00180129
0.0015084
1
0.0013326
0.0237944
0.00247457
0
0.00546213
0.00551495
0
0
0.00138297
0.00746496
0.0249233
0
0.00151319
0.00148534
0.00436416
0.00845758
0.00371185
0.999346
0.914674
0.00184325
0
0
0.00548892
0
0.0298364
0.00245767
0.00201789
0.00137336
0.0479674
0.0490613
0
0.0110516
0.0833194
1.00397
0.00163745
0
0.0027541
0
0.00148809
0.0253724
0.00202921
0.0153619
0.682674
0.00267007
0.00140981
0.0817642
0.999257
0.00602844
0
0.0056366
0.029423
0.0018286
0.00281462
0.0530758
1
0.140523
0.0013688
0.00142511
0.00746341
0.302196
0.305764
1
0.0237138
1
0.139268
1
0.039232
0.307499
0.0162695
0.0666202
0.00714835
0.0189771
0.00706373
0.0707144
0.966723
0.845675
0.30016
0.220062
0.664898
0.0216287
0.0581085
0.528365
0.136288
0.999348
0.993358
0.261772
0.134308
0.0245025
0.119755
0.944218
0.506345
1
1
0.716872
0.259189
0.121928
0.0876643
0.21277
0.746995
1
0.488146
0.434937
0.0276161
0.0807605
0.0868384
0.00151291
0.0871017
0.00306328
0.99935
0.596082
0.702098
0
0
0
0.00968836
0
0.00140094
0.0237858
0.00417579
0.0160504
0.00275943
0.00134992
0.00174662
0.0042085
0.00191369
0.00420415
0.00154193
0.019765
0.00544719
0.0462457
0
0.00408991
0.0242651
0.997951
1
0.503046
0.0067895
0.00120071
0.00128085
0.0202014
0.00137128
0.00417992
0.0711524
0.145763
1.05371
0.00144854
0.00895784
0.021106
1.05131
0.00128085
0.00676644
0.522099
0.00140518
0
0.00491466
0.999861
0.00135409
0.00131527
0.0245327
0.00548937
1
0.0653466
0
0.00211513
0.147073
0.0048032
0.00130323
0.00979639
0.0635932
0.00137788
0
0.00446528
0
0
0.374924
0.993904
0.00403088
0.00293316
0.00142681
0.00365238
0.0790255
0.562389
0.0101353
0.110573
1.00278
0.00252967
0.0440394
0.00130978
0.0757272
0.600009
1
0.00131402
0.00149869
0.274118
0.00571188
0.00288674
0.00440427
1
