0.544931
0.321634
0.0179288
0.0368241
0.0149877
0.00504161
0.00765452
0.027725
0.00378516
0.12127
0.00612394
0.00928424
0.00402699
0.00504161
0.0166958
0.0278079
0.388518
0.00623942
0.00612394
0.000497496
0.00402699
0.00504161
0.00354092
0.0227827
0.00857039
0.06817
0.00437002
0
0.508694
0.00817598
0.00504161
0.0050695
0.00736172
0.00770279
0.0173686
0
0.112341
0.00832061
0.54499
0
0
0.00347089
0.00817598
0.0150818
0.00697449
0.00830783
0.0291697
0.164181
0.00395058
0.456646
0.00375295
0
0.00917689
0
0.147047
0.00347089
0.00817598
0.0150818
0.00711538
0.0438344
0.21669
0
0.373484
0.00824288
0.915042
0.00675838
0.00747357
0.00817598
0.0103706
0
0.00652482
0
0.0366082
0.00812709
0.254453
0.00367757
0.309394
0.00371898
0.00854395
0.00968639
1
0.00347089
0.00817598
0.0103706
0
0
0.00734223
0.0366082
0.0169603
0.270795
0
0.00367757
0.287443
0.00371898
0.00854395
0.00968639
1.00177
0.0124068
0
0
0
0.0527245
0
0.186739
0.00367757
0.226529
0.00371898
0.00854395
0
0.00968639
0.274753
0.0124068
0
0
0.0305186
0
0.141031
0.00367757
0.113376
0.00371898
0.00854395
0.346743
0.0083798
0
0.0157523
0.0615761
0.00367757
0.0907619
0.179437
0
0.00753598
0.00852768
0.184779
0.432868
0.26902
0.167112
0.363907
0.173954
0.00386142
0.00852789
0.0630845
0.00548197
0
0.0100029
0.00864578
0.0146269
0.00321067
0.0077619
0.189523
0.00548197
0
0.0100029
0.00864578
0.143208
0.0229976
0.0204676
0.00397029
0.134356
0.00548197
0
0.0100029
0.00864578
0.157533
0.0229976
0.0242452
0.00397029
0.127307
0.00548197
0
0.0100029
0.00864578
0.349543
0.0229976
0.0320757
0.120207
0.0070707
0.0100029
0
0.00509608
0.152094
0.0229976
0.00780986
0.0567406
0.0944649
0.0100029
0.00785524
0
0.107178
0.0303764
0.0607126
0.087612
0.00490236
0.0079244
0.09514
0.0154402
0.056508
0.0805297
0.00490236
0.0371505
0.00829266
0.00799124
0.0110347
