0.0200184
0.682528
0.0991289
0.773776
0
0.00280258
1
0.215371
0.00295657
0.00269
0.00484952
0.00295353
0.00290971
0.00281909
0.0174403
0.00290971
0.00293864
0
0.00280149
0.0431477
0.00281909
0.00871195
0.0212296
0.00553243
0.0446052
0.00279273
0.0169145
0
0.00576694
0.00281909
0.00272144
0.00290672
0.00354726
0.00278923
0.00292643
0.00338291
0.00281909
0.00990056
0.0750411
0.0169145
0
0.00280047
0.0119919
1
1
0.17947
0.744717
0.00281697
0.00293545
0.0246075
0.00298563
0.00290672
0.00876084
0
0.00280047
0.00327119
0.019668
0.10335
0.00288612
0.00280984
0.00296172
0.0210738
0
0.00295274
0.0133501
0.00280984
0.00280984
0.00349166
0.00330769
0.0111798
0.0029762
0.0230449
0.0329497
0.00569458
0
0.00290672
0.00292358
0.0338025
0.010885
0.0399968
0
0.00292451
0.0187009
0.259613
0.00294506
0.00331283
0.0791255
0.00241382
0.00849334
0.00304574
0.00291185
0.027976
0.0190488
1.04735
1.01666
0.235216
0.56579
0
0.00298861
0
0.00703089
0
0.00276167
0.00270862
0
0.00280047
0.00291978
0.00275861
0.00280047
0.00469041
0.0124633
0.0283936
0.00832493
0.142188
0.00275743
0.00280047
0.0124633
0.00292515
0.00286875
0.00876771
0.0115416
0.00700744
0
0.015133
0.00272548
0.00275861
0.00673864
0.00323132
0.00871126
0.00294461
0
0.00487004
0.00526008
0.00291779
0.00367234
0
0.00810618
0
0.014076
0.00267218
0.00279933
0.00285003
0.0064736
0.0251193
0.517621
0.0181721
0.0196003
0.00533703
0.00261171
0
0.00279863
0.00276167
0.00621956
0.00284674
0
0.0811321
0.118119
1
0.958028
0.420825
0.665148
0.00279854
0.0027988
0.00728721
0.00282177
0.00288868
0
0.00291359
0
0.00567782
0.00287122
0.00552241
0.00290143
0.00266127
0.00282008
0.00849263
0.00544894
0.00846612
0.00684331
0.0836793
0.061454
0
0.00280047
0.00286875
0.00849945
0.0029128
0.020991
0.00584571
0.00562707
0.0171281
0.0026845
0.00286875
0.00559737
0.00291955
0.00344732
0.00287147
0.00280959
0
0.00581619
0.00344858
0.0274892
0.0642553
0
0
0
0.0846679
0.00286892
0.00279933
0.00266127
0.00259968
0
0.00268343
0.00280916
0.0053669
0.00287043
0.00532986
0.0555819
0
0.00266127
0.00271102
0.0028696
0.00540412
0.00548634
0.188961
1.00167
0.990182
1.11344
0.331595
0
0.00474349
0.012829
0.0324788
0.00259856
0.00285885
0
0
0.00249344
0.00293545
0
0.00472595
0.0378547
0
0.00547905
0
0
0.00458815
0.00562736
0.00773449
0.00287501
0
0.00263814
0.00286875
0.00275196
0.00275289
0.00688223
0.00280916
0.00557266
0.00581658
0.0056107
0.00562736
0.00269305
0
0.00847345
0.00878793
0.055974
0.00269305
0
0
0
0
0
0.0056132
0.00270753
0.00269305
0
0.0103746
0.0119984
0.00271351
0.0174947
0
0.00836277
0.00277121
0.00286875
0.00281491
0.00286875
0.00291996
0.0131185
0.00268916
0.00841551
0.282065
0.00291157
0.00570116
0.0281081
0.00251997
0.00286875
0.00290361
0.00286875
0.00886916
0.0164101
0.00275035
0.0136092
0.13553
0.0829479
0.999492
0.173688
1.02345
0.330249
0.00249203
0.0079048
0.0432919
0
0.00677592
0.0373476
0
0.0024849
0.00266859
0
0.00284609
0.00397572
0
0.00269207
0.00275661
0.00413102
0.00264958
0.00280916
0.0145405
0
0
0.00268999
0.0167616
0.00276167
0
0.00535786
0.00275289
0.00376226
0.0475161
0.00883776
0.0286575
0
0
0.00795302
0.00251796
0.00298774
0.00987146
0
0.00261823
0.00270347
0.00550348
0
0.00251796
0.0026368
0
0
0.0105854
0.0241953
0
0.00255893
0.00278296
0.00388069
0.0149266
0.0832539
0.00592918
0
0.0114368
0.00273072
0.00258713
0.00277311
0.00275663
0.00846007
0.00279198
0.00296108
0.00269447
0.0274997
0.00293545
0.083155
0.00295296
0.0126177
0.0653503
0.00261185
0.00305818
0.00555313
0.00265856
0.00275078
0.00601026
0.00555166
0.00251524
0.00787829
0.014958
0.057051
0.0610522
0.95669
0.240162
1.01683
0.418063
0.00269371
0.00534577
0.0138192
0.00708673
0.00962943
0.00296818
0.00552117
0.00777275
0.00257485
0
0.00534427
0
0.0175773
0.00380864
0.00273686
0.00472638
0.00556194
0.00275786
0.0354809
0.012455
0.00270347
0.0168718
0.00306044
0.0113553
0.00265025
0.00654598
0.00285298
0
0
0.00360731
0
0.0141293
0.0054666
0
0.00291996
0.00274894
0.0113553
0
0.00554894
0.00657239
0.0468909
0.00291996
0
0.0029557
0.00555235
0.00269303
0.00606282
0
0.00849108
0.00296467
0.00293545
0.00264455
0.00286627
0.0113553
0
0.00960805
0.00530486
0.0182369
0.0060865
0.0121301
0
0.00269303
0.00581309
0
0.00537898
0.012078
0.00843914
0.00793413
0.00333581
0.0240902
0
0.00294728
0.00562771
0.021526
0.0027647
0.00273072
0.0057166
0
0
0.00380864
0.00548673
0.00867995
0.0336529
0.042744
0.0952796
0.00279778
0.00268058
0.00534747
0.00826842
0.0221882
0.00877466
0.00742946
0.00289206
0.0081457
0.00291595
0.00848985
0.00555799
0.00267983
0
0.0028603
0.0276257
0.00526696
0.00245788
0.0113127
0
0.00849108
0.00273846
0.00280231
0.00448872
0.00768334
0.0198463
0
0.00802248
0.0157051
0.00584404
0.00582011
0.00962433
0.00602763
0
0
0.00291871
0
0
0.0415876
0.00305722
0
0.00291871
0
0.00296822
0
0
0.00349914
0
0.00525439
0.00524236
0
0.0109247
0.00288772
0.00363717
0.0110079
0.00334882
0.0323587
0.00305832
0.00544303
0
0.0024845
0.00266726
0.0111516
0.00280211
0.0193345
0
0.00558907
0
0.021195
0.00265025
0.00554064
0
0
0.014111
0.00300289
0.00284148
0.00923365
0.00259107
0.0074199
0.00286121
0.00283036
0.00701982
0.00303201
0
0.0351642
0.0112586
0.291174
0.00529115
0.00278605
0
0.00285866
0.00376533
0.0114838
0.0109971
0.0104385
0.00577128
0
0.00278448
0.00247773
0.00591962
0.00255862
0.0412386
0.00278526
0.00563112
0
0.00296074
0.00383944
0
0.0028873
0.00752431
0
0.00427382
0
0
0
0
0.00586484
0.00564393
0
0
0
0.0185442
0.0489088
0.00582374
0.0180387
0.0123728
0.00539592
0.00551484
0
0.00267983
0.0105975
0
0.0235627
0.00302721
0.00306877
0.00845303
0
0.00830468
0
0.00278943
0.0123679
0.00562299
0.00602275
0.00393241
0.0176752
0
0.00525159
0
0
0.00451125
0.00658097
0.0158856
0
0.0029217
0.00800101
0
0.00255776
0.00526841
0
0.00911234
0.00866928
0.00676688
0.00961949
0
0.00279857
0.00802889
0.00503518
0
0.0027839
0.00457359
0.0078399
0.00576169
0.00888839
0
0.00241136
0
0
0.00797931
0.00538997
0.0058183
0
0.0104447
0.361665
0.558297
0
0.00507849
0
0.0026227
0.00294413
0.00660428
0.0170459
0.0174338
0
0.00303411
0.00286645
0.0054114
0
0.0028794
0
0.00253722
0.00275019
0.0112736
0.00440501
0.00601692
0.00675744
0.00541293
0.00875632
0.00788249
0.00841161
0
0.00673258
0.00550594
0
0.00278526
0
0.00265917
0.00283141
0.0155788
0
0.00283898
0
0.0109987
0.00284178
0
0
0.0258475
0.0173506
0.0150714
1
0.0157317
0.00835189
0.00284178
0.00291981
0.00278984
0
0.00590694
0.00813825
0.0245763
0.00292546
0
0.00827388
0.005599
0.00284178
0
0.00268636
0
0.00290798
0.00281751
0.0078161
0.00875383
0
0.00536042
0.00290034
0.0103314
0.00607503
0.00281575
0
0.0118098
0.0225347
0.0271467
0.00267983
0
0.0028518
0.00591132
0.00561753
0.00362936
0.00542861
0.0121153
0.00276167
0.00258881
0.00594307
0.0214265
0.0368632
0.00302707
0.0028731
0
0
0
0.00598989
0.00839125
0.00507633
0.0086912
0
0.0121565
0.0215482
0.962079
0.0208946
0.404458
0
0.00531581
0.0207716
0
0.00437907
0.0075935
0.0108168
0
0
0
0.00299344
0
0.0028873
0.00577449
0.0052461
0.0551456
0
0.00800576
0.0085458
0.00800893
0
0.00292585
0.0028873
0.0112122
0.00290421
0
0.00556549
0
0.0028199
0.0219113
0
0.00600207
0.00302227
0.00290421
0.00290421
0.00274093
0.00754613
0.0123799
0.00295299
0.987528
0
0.00534398
0
0
0.0029917
0.021334
0.00296548
0.00302368
0.0338614
0.00255776
0
0.00304527
0
0
0.00238527
0.0024745
0
0.0236018
0
0.00446764
0.0153864
0
0.00742946
0.00241555
0.00376226
0.0029727
0.00549132
0
0
0.00273158
0.0026227
0.0142323
0.00867428
0
0.00832255
0
0
0.00273158
0.0027453
0.0106533
0.00588086
0
0.0168516
0.0309575
1.01163
0.00268055
0
0.00253983
0.0422838
0.021692
0.00880954
0
0
0.00273555
0.00253983
0
0.00285329
0.0112919
0.0112993
0
0
0
0.00755388
0.00513598
0.00310152
0
0.0142785
0.00285866
0
0.004288
0.00295504
0
0.00263006
0
0
0
0.00612571
0
0.029235
0.00605727
0.0216864
1.01116
0.0201853
0.00542307
0.00548943
0
0.0241594
0
0.00305652
0
0.00290678
0.0540445
0.0112399
0
0.00283026
0.234313
0
0.00302679
0.0289304
0
0.00263867
0.0110004
0.00421738
0
0.011495
0.0195649
0
0.242451
0.00588315
0.00281159
0.0122198
0.0089846
0.00748241
0.260455
0.00558195
0.00250401
0.013712
0.00283203
0.00250401
0.0144917
0
0.00434792
0.00702973
0.00538409
0.0051757
0.00250401
0
0.0108237
0.00970282
0.00292253
0.00612898
0.0285279
0.0166327
0.65525
0.00255817
0.00279425
0.00257664
0
0.0028484
0.0451459
0.010493
0.014719
0.00269371
0.00266406
0.00265512
0.00271176
0.00902265
0.0082779
0
0.00372869
0.0125394
0
0.0151604
0.0302038
0.00290421
0.00292585
0.0025271
0.00299266
0.0120858
0.00292585
0.00562924
0
0.00255745
0.0234468
0.00380207
0.0126061
0.00293028
0
1.08559
1
0.0314406
0.0164963
0.00535431
0.0213527
0.00305155
0.00285206
0
0.15405
0
0.00532299
0
0
0.0340721
0.0200543
0.00233802
0.00281159
0.00438636
0
0.0271368
0
0.00292194
0
0
0
0.03222
0.00308788
0.00272459
0
0.00282812
0.0200111
0
0.00570122
0.0410947
0.00299192
0.00380606
0
0.00287325
0.00282812
0.0174892
0
0
0.00552259
0.00292772
0.00282282
0
0.0194505
0.00291485
0.00305149
0.030086
0.998804
0.00281238
0
0.0279412
0.00264736
0.00292203
0.0028108
0.00815631
0
0.00606725
0.00292107
0
0.00579431
0.00269447
0.00290429
0
0
0.00298139
0.00277944
0.00292585
0
0.00276551
0.970773
1.00227
0.00289235
0.00558502
0
0.00268636
0.00266127
0.01878
0
0.0026125
0.169181
0
0.00558502
0.0114054
0.00917586
0
0.0316945
0.0115938
0
0.00267804
0
0
0.0248621
0.00281118
0.00283123
0
0.00273158
0.00811514
0.0370219
0
0.00275066
0
0
0.00266002
0.0173028
0.012051
1
0.00293787
0.011256
0
0
0.00561987
1.02294
0.00282865
0.00255745
0.0267675
0
0.0055381
0.00290318
0.00255745
0.0027877
0.0069123
0.00730024
0.020478
0.0192589
0.0110051
0
0.00546198
0
0.00281491
0.0370398
0
0
0
0.00270732
0.00274918
0.00734992
0
0.00567568
0.00269447
0.00353205
0.024852
0.442343
0.00538083
0
0.00256784
0.00273126
0.0197652
0.00268636
0.0289869
0.0137916
0.022034
0.0745351
0.00306131
0.0375075
0.00302815
0.231833
0.00443857
0.00761868
0
0.00294143
0.00305483
0.00305483
0.00307051
0.00367234
0.0469589
0
0
0
0.47231
0.2328
0
0.00279863
0.0029413
0.00579031
0.00260948
0.00674657
1
0
0.989229
0.0944238
0
0.00288402
0
0
0.00748705
0.00499137
1.00002
0.0361276
0.464323
0
0
0.00297652
0
0.00588572
0.0574784
0.0210711
0.00288223
0.00290679
0.00731385
0.183818
0.00380706
0.0146933
0.00289314
0.97228
1.00551
0.332979
0.316457
1.01178
0.00299566
0
0.00299397
0.00287068
0
0.00678742
0.00299482
0
0
0.00270489
0.00314762
0.0146581
0.0143065
0
0.00289047
0
0
0
0.00302439
0
0.00559441
0.00328631
0
0.00302281
0.0190772
0
0
0
0.00767049
0.0147021
0.0435692
0.0341392
0.0984165
0.0025936
0
0.0025936
0.00481745
0.0194711
0.0254745
0.00546402
0.0025936
0.00299965
0.0025936
0.00433095
0
0.00251593
0.00748705
0.012085
0.00259068
0.002762
0
0.278778
0.0139102
0.00302281
0
0.00400174
1
1.01428
1
0.0232004
0.00299482
0.98213
0.302389
1.0163
0.00587737
0
0.0055608
0.00291752
0
0.00466961
0.00643732
0
0.00555374
0.00279221
0.01124
0.00289047
0.00806427
0.0837663
0.00792934
0.00620028
0.15977
0.00285652
0
0.00556469
0.00472866
0.00298368
0
0.0231543
0
0.0106422
0.0223474
0.292654
0.0362977
0.0361105
0.0027895
0
0.00265491
0.00279221
0.00408384
0.060433
0.0273018
0.0057949
0
0
0.00279221
0.00587675
0.00311523
0.010415
0.0052726
0.00280645
0.0104606
0.0114007
0.00688996
0.00547297
0.00707614
0.188983
0.00291752
0.0151943
0.00859953
0.00280645
0.00265234
0.00268347
0.0112345
0
0.00368551
0.946319
0.986506
1.01321
0.00539946
0.00894488
1
0.985308
0.112887
0.565642
0
0.00893427
0.00899398
0.00269143
0
0
0.0183513
0.00559928
0.00285341
0.00294884
0
0.0403714
0.00294613
0.00289571
0
0
0.00277226
0.00289314
0
0.00289314
0
0.00300012
0
0.0112909
0.00289314
0.0083271
0.0123351
0.23149
0.00810528
0.0510898
0.00244355
0
0.00638505
0.00336428
0.0295285
0.0112568
0.00257986
0.00404314
0.00273633
0
0
0.00718318
0.017451
0.00277758
0.0043237
0.00504642
0.00548424
0.00257986
0.00290834
0.027936
0.117221
0.00573864
0.0108395
0
0.00257986
0.00287141
0.00950576
0.00893959
0.0139293
0.993162
1
0.00280749
1.01784
0.361964
0
0.00272257
0.00540835
0
0.00279025
0.00274957
0.00297962
0.00282064
0.00289047
0.00289047
0.00289047
0
0
0.0112158
0
0.0169754
0.0416819
0.00285341
0
0.0482532
0.0334104
0.00292717
0.00268028
0.00285341
0.00320864
0.0160817
0.00837255
0.00576188
0.0029237
0.00268303
0.00279884
0.0130747
0.00270975
0.00289047
0.00870542
0.00306154
1
0.0173428
0
1.00556
0.291369
0.00450762
0
0.0195002
0.00263808
0.00257986
0
0
0.00703598
0
0.00257986
0.00246954
0.00262975
0.00300293
0.005165
0.00344569
0.0126806
0.00294226
0.0537888
0.00542269
0.00289356
0
0.0155281
0.00596518
0.00391556
0.00568595
0.011218
0.00410201
0.00269332
0.00979891
0
0.00812902
0.00292768
0.0071088
0.146093
0.00562599
0.00377018
0.0109341
0.00239935
0.00293676
0.00644965
0.0105638
0.00304102
0.0112005
0.0671558
0.0106567
1.00981
0.00255128
0.0543944
0.980032
0.933552
0.0115143
0
0
0.00690084
0
0
0.00279863
0.0028319
0.00542497
0.00279863
0.00279863
0.00288487
0.00267858
0.00255128
0
0
0
0.00255128
0
0.0045993
0
0.00260948
0.00296283
0.0263146
0.00294752
0
0.00918009
0
0.00522087
0.00291329
0.0084941
0.0335685
0
0.00285359
0.131439
0.983544
0
0.00432227
0.00695803
0
0
0
0.00710566
0.00279863
0.0100784
0.00261594
0.00272169
0.00286104
0.00290662
0.00316457
0
0.00286104
0.00286104
0.00293302
0.00253165
0
0
0
0
0
0
0.00979891
0
0.00255128
0
0
0.00271647
0.00267476
0
0.00292855
0.00398877
0.00273052
0
0.00423261
0.00951941
0.0137096
0.0167491
0.273374
0.00520883
0.00296743
0.017638
0.00273687
0.00258954
0.00521176
0.00255128
0.005573
0.00514589
0.00267303
0
0.00247286
0.0028541
0
0.00279863
0.00305417
0.0554061
0
0
0.00623951
1.39876
0.00314241
0
0
0
0
0
0.003088
0.0304911
0
0
0.00313173
0.0200814
0.995969
0.00637685
0
0.00530531
0
0.00425093
0.00575927
0
0
0.00530531
0.00661278
0.00255128
0.00286104
0
0.0117467
0.00281063
0.00253165
0.00288487
0
0
0.00514114
0.00406217
0.0278347
0.00314147
0.00313203
0
0
0.00253165
0.00260948
0
0.00399805
0.00817257
1.0177
0.143278
0
0.008614
0.00300695
0.00474685
0.00816116
0.00339986
0
0.00293967
0.00253165
0.00259631
0.011841
0.00596519
0.00279144
0
0.00928455
0.011149
0
0.00251037
0
0.00279214
0
0
0.00646999
1
0.367371
0.00264641
0
0
0
0
0.00298724
0.0039685
0
0
0
0
0.00965743
0.00275322
0.00278702
0
0
0.00502414
0.00275403
0.00273744
0.00260008
0
0
0.0562971
0
0
0
0.990526
0.00293967
0.0094784
0.00252076
0.00771919
0.0108441
0.00783579
0.00419953
0.0030555
0.00915951
0.0114858
0.0103045
0
0.00275403
0.0118398
0.00272019
0
0.00281199
0
0
0
0
0.00374707
0
0
0.0410654
0.594708
0.00286185
0
0
0.00686944
0.00277894
0
0.00261421
0
0.00569871
0.00261494
0
0.00270531
0.00261494
0
0.00273798
0
0.00285582
0
0.00825036
0.00265077
0
0.00502386
0.00286104
0.00268951
0
0.00368551
0.00302703
0.972897
0.972636
0.00288487
0.00254796
0.00400864
0.0100239
0.0164925
0.00326868
0.0137389
0
0
0
0.00699693
0.00269436
0.00288619
0.0130747
0.00294848
0
0
0.0114172
0.00283767
0.00412886
0.00303238
0.00266623
0.0134333
0
0.00273798
0.00434846
0.00819479
0.00326868
0
0
0.462851
0.963944
0
0.00548445
0.00542205
0.00253237
0.00876899
0
0.00619663
0
0
0.00277747
0.00269114
0.0063412
0
0.002588
0.00538242
0.00563529
0
0
0.0185465
0.00537731
0.00435119
0.00546988
0.0057528
0.00273744
0.00274778
0.010598
0.144297
0.983606
0.00256863
0.00457976
0.0041939
0.0170851
0
0
0.00563265
0.00254241
0.00435119
0.0292656
0
0
0.00264567
0
0.00279214
0.00887602
0.00271789
0.0164867
0
0.00830999
0.00801151
0.003211
0.00268725
0.00264053
1
1
0.0349662
0
0.00264567
0.00272246
0.00254486
0.00277004
0.00268859
0
0.00261494
0.00274778
0.00298615
0.0108988
0
0.106836
0.829081
0
0.00288487
0.00307035
0.00734918
0.0159518
0
0.00288487
0.00489945
0
0.00591278
0.0136956
0.00267654
0.00261472
0.0156472
0.00271801
1
0.00268125
0.00268666
0.00268591
0.00268666
0.00295981
0.00947599
0.0274778
0.142393
0.232232
0.00544417
0.00305397
0.00320541
0.0058183
0.011356
0
0
0.0220557
0
0.0185734
0.00257846
0.00256511
