0.00504425
0.998889
0.0415694
0.276397
0.0238584
0.0421712
0.0172124
0.0326212
0.0688392
0.179458
0.494407
1
0.0470148
0.00614505
0.00614679
0.000666767
0.00918275
0.000659227
0.00614679
0.00614852
0.011289
0.0817018
0.015367
0.00990998
0.00704973
0.00681356
0.00219192
0.0495499
0.000778474
0.0816935
0.00681356
0.0166761
0.0305841
0.0256121
0.0118423
0.000637142
0.000666767
0.000666767
0.00219192
0.0195576
0.00397269
0.000666767
0.00200936
0.000666767
0.000692154
0.0126692
0.00101527
0.0226237
0.00791822
0.0366199
0.00972291
0.003589
0.77863
1
0.0855829
0.817527
0.0040119
0.00401303
0.00401303
0.00401416
0.017547
0.00870889
0.00145298
0.00523439
0.00153988
0.00291083
0.00412196
0.00401303
0.0235159
0.00143353
0.00401303
0.000827566
0.00196491
0.00369704
0.000749274
0.00153368
0.000692836
0.00347112
0.00146294
0.00504085
0.00168044
0.00884409
0.00600156
0.00143627
0.015692
0.00182656
0.00140036
0.00181168
1
0.149031
0.023882
0.0594827
0.000651659
0.0006516
0.000717224
0.0459972
0.000651784
0.00840459
0.00355594
0.00216606
0.00139361
0.00147593
0.00284475
0.0106376
0.00147593
0.00284475
0.00375893
0.00274764
0.095661
0.00134031
0.00220555
0.000616552
0.00279257
0.000668428
0.00268855
0.00234216
0.0148759
0.0006516
0.000644092
0.00131545
0.00709176
0.00212753
0.00630877
0.0159565
0.0006516
0.000679359
0.00499188
0.000630486
0.00147593
0.000405353
0.00335713
0.00442778
0.0107816
0.00139733
0.0006516
0.00147593
0.00211369
0.00147465
0.481411
1
0.0431902
0.0007006
0.000676052
0.00130976
0.00483983
0.000700798
0.00285519
0.00655164
0.000731938
0.00809945
0.000681193
0.00620958
0.000676052
0.00555532
0.00825561
0.0212836
0.0034705
0.000710789
0.000687562
0.00129988
0.00553353
0.00575939
0.00507039
0.00223552
0.000682373
0.00344549
0.00623403
0.000911243
0.00350399
0.00553353
0.000661066
0.0007009
0.0110671
0.00490084
0.00492468
0.00364497
0.000700798
0.00553353
0.000697757
0.225908
0.459069
0.255684
0.0869155
0.0033574
0.00287971
0.00559724
0.00267869
0.0117711
0.00335835
0.00335929
0.00814106
0.00413933
0.0143929
0.000635864
0.0121099
0.000671183
0.00286728
0.00335835
0.00726596
0.00161582
0.004039
0.00347127
0.00335835
0.0039397
0.0108989
0.0395588
0.00721801
0.00287971
0.00127136
0.00328258
0.00754537
0.00276998
0.000700898
0.00142629
0.00287971
0.0161331
0.0181639
0.0029427
0.000646328
0.00330954
0.00468941
0.00328258
0.000625027
0.00468941
0.00208342
0.0123097
0.000657687
0.0109419
0.000625027
0.00328258
0.000892895
0.00397537
0.000675597
0.0646735
0.00350399
0.00616991
0.000676794
0.00697248
0.667432
0.449806
0.352909
0.0609595
0.000697766
0.00216279
0.00489124
0.0103525
0.00504086
0.0512588
0.00993098
0.000697963
0.000697963
0.00341493
0.00331968
0.00190353
0.00097686
0.00065124
0.000697963
0.0512588
0.00065124
0.000697963
0.00065124
0.000656971
0.000725758
0.00065124
0.00065124
0.000706598
0.00416419
0.0363101
0.0013873
0.0238807
0.119587
0.00319254
0.000668355
0.000674571
0.00952989
0.00703273
0.00467292
0.00319254
0.00319254
0.000654055
0.000659298
0.000697963
0.00195372
0.0103525
0.00395492
0.00188604
0.000688661
0.0034986
0.00071852
0.000978462
0.995424
0.0486807
1
0.127852
0.00689804
0.000675613
0.00154344
0.00138286
0.00278201
0.0199201
0.000685151
0.00280137
0.0359602
0.00198898
0.0755815
0.426559
1
0.115221
0.525031
0.192053
0.338662
0.000761032
0.0487321
0.198999
0.0105667
0.00698181
0.0182516
0.112088
0.02706
0.00701267
0.0221186
0.067475
0.00136695
0.00136734
0.0097547
0.0111088
0.000780404
0.00138263
0.00136773
0.00629501
0.0162509
0.0952404
0.458872
0.00833787
0.00302053
0.00213801
0.0045578
0.00130775
0.00354764
0.00737212
0.00233627
0.0336863
0.0810181
0.000676623
0.000676814
0.00460964
0.0202556
0.000681541
0.000677004
0.0135038
0.0405113
0.190937
0.498238
0.00112802
0.000681541
0.00169203
0.000644667
0.0141189
0.0675188
0.0727734
0.00963415
0.00652055
0.0236223
0.0641674
0.00821644
0.00631616
0.00657602
0.0171798
0.00429536
0.0070125
0.0042075
0.0105187
0.045092
0.00438428
0.00450803
0.265628
0.0134219
0.0217218
0.0288611
0.278778
1
0.307349
0.564632
0.603091
0.626441
0.0738154
0.0028016
0.00470477
0.0059146
0.00136889
0.00343322
0.00264174
0.00131653
0.00343322
0.00401463
0.0120916
0.00316764
0.00840718
0.00276491
0.00343322
0.00267732
0.00194772
0.010747
0.00644384
0.00352378
0.0138454
0.00212462
0.0067977
0.041505
0.00530902
0.00352378
0.0115848
0.00971272
0.0040732
0.0132563
0.00426522
0.000737837
0.0091829
0.00340897
0.00336544
0.0125284
0.00712001
0.000708624
0.00548348
0.0125753
0.00415378
0.00273439
0.00396619
0.00834014
0.0535433
0.0535788
0.0108802
0.00396246
0.00423828
0.00264174
0.00423828
0.0155424
0.0114471
0.018164
0.00267732
0.00247353
0.00423828
0.00429368
0.00378591
0.00844102
0.00211202
0.00765146
0.00276715
0.00580008
0.00202801
0.00559419
0.028135
0.00273439
0.00253256
0.00605013
0.194058
0.627226
0.00276715
0.0791345
0.0184087
1
0.00277461
0.00281593
0.00378463
0.0027754
0.0014024
0.00141234
0.0027754
0.00383882
0.0164681
0.0104077
0.00146258
0.0027754
0.0014155
0.00141274
0.00432563
0.0041778
0.0166524
0.00336583
0.00769825
0.0137243
0.0041778
0.0027754
0.000651308
0.0014024
0.00326442
0.0014155
0.00855649
0.00145537
0.00474133
0.0366341
0.0034846
0.0106784
0.0014024
0.0014155
0.00131721
0.00146737
0.0013487
0.00146282
0.0269667
0.00145537
0.00133883
0.0064156
0.00141274
0.00438221
0.195153
0.115728
1
0.00146737
0.12372
0.0344961
0.330339
0.00073522
0.000735427
0.000735427
0.00692802
0.00315289
0.000735427
0.000735427
0.00204861
0.000756036
0.00272802
0.000735427
0.000762359
0.000684802
0.000741514
0.00144031
0.00342968
0.00274193
0.00179545
0.114184
0.000713978
0.000684802
0.000897725
0.00146601
0.0134525
0.628168
0.176314
0.155557
0.220041
0.45988
0.0274658
0.0525766
0.00881644
0.0709691
0.00881893
0.00881893
0.0293964
0.00881893
0.00881893
0.00898772
0.00881893
0.000644944
0.00881893
0.00842129
0.0106438
0.0154597
0.231649
0.00152245
0.00140125
0.00196594
0.00347139
0.00318857
0.00098628
0.00211613
0.00108288
0.00397979
0.00172757
0.466289
0.806437
0.649844
0.0433403
0.00284883
0.00355143
0.000706395
0.00137537
0.00214163
0.000723956
0.00426172
0.000706395
0.000706395
0.000669367
0.00148519
0.00217866
0.0063097
0.000686008
0.00147226
0.000708816
0.00217866
0.000706395
0.000735412
0.000724657
0.000708816
0.00264898
0.00391992
0.00135898
0.000706395
0.00117733
0.00201537
0.000724657
0.000706395
0.00148757
0.000675337
0.00857325
0.10787
0.00369731
0.125693
0.0716952
0.00793995
0.0415834
0.0034369
0.0034369
0.0305955
0.00212561
0.0206214
0.0034369
0.0079139
0.0034369
0.00812495
0.00142827
0.0035496
0.0034369
0.00472422
0.00949067
0.00793772
0.00605377
0.00985842
0.0055813
0.00793772
0.0111865
0.0288486
0.00946124
0.00136571
0.056944
0.0470446
0.00278679
0.00850292
0.00667169
0.00148503
0.00208397
0.0326001
1
0.459552
0.14997
0.236662
0.0325432
1.00425
0.00124588
0.000704109
1
0.0034191
0.0109202
0.00813717
0.0345645
0.451735
0.0512084
0.00426673
0.0032618
0.00278214
0.00285809
0.0201748
0.000660249
0.000692419
0.000660249
0.000660249
0.000660055
0.000660249
0.000660249
0.000660249
0.000660249
0.000660249
0.000660249
0.676424
0.00207892
0.000660249
0.000694217
0.000692574
0.00090034
0.00277579
0.00090034
0.455639
0.0047854
0.00469335
0.99194
0.00288509
0.00469335
0.00492976
0.00492157
0.00469335
0.00741055
0.00586668
0.00469335
0.00452682
0.0013806
0.00144102
0.0013806
0.0013806
0.0013806
0.00144684
0.0013806
0.00147921
0.0013806
0.0013806
0.0013806
0.0013806
0.0013806
0.52071
0.00209874
0.00144684
0.00165672
0.0540834
0.01032
0.0107826
0.0103171
0.0103142
0.00132577
0.0154757
0.0103171
0.0103171
0.0418383
0.0104375
0.0114635
0.0108021
0.00072531
0.0123806
0.00901418
0.00770697
0.0077048
0.00770697
0.00770697
0.0395974
0.000697931
0.00805939
0.00963372
0.00544083
0.0157583
0.00837168
0.00526956
0.00562798
0.00548464
0.00630334
0.0021325
0.00500241
0.00209153
0.000754825
0.00654161
0.000743762
0.0222752
0.00295448
0.00293245
0.0394382
