0.0102925
0.00693772
0
0
0.0069686
0.00982768
0
0
0
0
0.00812006
0.011036
0
0.0141045
0
0.00908055
0
0
0.00640829
0.0106438
0
0.0144024
0.0103938
0.0197199
0.00693772
0.00884446
0.0145303
0
0
0
0
0.0116208
0.00775509
0.0375592
0.011036
0.00638742
0.0149047
0
0.00710811
0.00809945
0
0.00908055
0.0118452
0
0.00910287
0.0102334
0.0194521
0
0
0.0144024
0
0.0102925
0.00693772
0.00927201
0.0182925
0
0.00707357
0.00868632
0
0.00766972
0.0116208
0.00775509
0.0158336
0.011036
0.00687847
0.0149047
0.0281518
0.00710811
0
0.017023
0
0.00908055
0.0110859
0.009237
0.00910287
0.0102334
0.00641382
0
0.0144024
0
0.020864
0
0
0.00927201
0.0182925
0
0.0139984
0
0
0.0116208
0.0213945
0.00775509
0.00771354
0
0.0149047
0.0281518
0.00705128
0
0
0.0343922
0
0.00908055
0.0110859
0.009237
0.0181402
0.0102334
0.00641382
0
0.361193
0.0144024
0
0.020864
0.0131275
0
0.00927201
0.0182925
0
0.0139984
0
0
0.0116208
0.0213945
0
0.00771354
0.00687847
0.0149047
0.0281518
0
0
0
0.017023
0.00745176
0
0.0191437
0.0110859
0
0.0181402
0.0102334
0.00641382
0
0.402541
0.0144024
0
0.020864
0.0131275
0
0.00927201
0.0182925
0
0.0139984
0
0
0
0.0116208
0.010635
0
0.00771354
0.00687847
0.0149047
0.0281518
0.00696645
0
0
0
0.00745176
0
0.0191437
0.0110859
0
0.0181402
0.0102334
0.00641382
0
0.0111338
0.402541
0
0
0.020864
0.0272473
0
0.00927201
0.0182925
0.0145303
0.0139984
0.00868632
0
0
0.0116208
0.010635
0
0.00771354
0.0120252
0.00679571
0.0149047
0.0281518
0
0
0
0.00745176
0
0.00907897
0.0110859
0
0.0181402
0.0102334
0.00641382
0
0
0.527087
0
0
0.020864
0
0
0.00927201
0.0283569
0
0.00707357
0.00868632
0
0.00772989
0.0240893
0.010635
0
0
0.0120252
0.00679571
0.0149047
0.0281518
0
0
0
0
0.00745176
0
0.00907897
0.0110859
0.009237
0.0181402
0.0102334
0.00641382
0.010899
0
0.571309
0
0.0110185
0.0102925
0
0
0.00927201
0.0283569
0
0.0140527
0.0172722
0
0
0.0116208
0
0
0
0.0120252
0.00679571
0.0300699
0.0281518
0
0
0
0.00745176
0
0.00907897
0.0110859
0.009237
0.0274612
0.0102334
0.00641382
0
0.730982
0.0143173
0.0230462
0.0102925
0.0278258
0
0.00927201
0.0285649
0.0152742
0.0203879
0
0.0204081
0.0322021
0.0348466
0
0.0281489
0
0.0231294
0.00679571
0.0300699
0.0278752
0.00709006
0.0241941
0.00716162
0
0.0140385
0
0
0.0110859
0.009237
0.035955
0.0302264
0.0202332
0
0.764729
0.0279356
0.0332974
0.0376613
0.0278258
0
0.0077208
0.0285649
0.0731051
0.0272506
0.00929383
0.0207315
0.00753789
0.0116208
0.0104803
0.00717126
0.0155633
0.034395
0.0134654
0.0151652
0.0302263
0
0.0236931
0.015447
0
0.00755854
0.0106162
0.0231856
0.0188066
0.0274612
0.0305798
0.0202332
0.00993157
0.0223147
1.05759
0.0572875
0.0455006
0.0206875
0.0282496
0.00760946
0
0.0586999
0.0872745
0.0214771
0.028227
0.0506939
0.0551756
0.0116208
0.0106183
0.108827
0.00759966
0.0232908
0.0279444
0.0146167
0.0609037
0
0.0470369
0.0157315
0.0172936
0.0478101
0.0216692
0
0.0235176
0.0188066
0.0373933
0.0608006
0.00678801
0.0309246
0.0223147
1.03129
0.0146005
0.0564262
0.0390522
0.0535845
0.0218681
0.0529294
0.0677033
0.072556
0.0477415
0.0286398
0.0744318
0.0457603
0.0128309
0.0466729
0.373112
0.0226937
0.0230438
0.0212865
0.082142
0.0612208
0.00743043
0.0254066
0.0321898
0.0351032
0.087685
0.0607733
0.0195381
0.0360918
0.00918269
0.0552666
0.0853033
0.0197533
0.0225844
0
0.753196
0.114784
0.13438
0.0594007
0.0395802
0.00725372
0.0351827
0.0395126
0.10348
0.0421684
0.0570905
0.0623005
0.0221912
0.0128309
0.0593603
0.735847
0.0532271
0.0740676
0.0708944
0.0563766
0.0464188
0.00743043
0.0587455
0.0394829
0.0351032
0.0428051
0.051195
0.0195381
0.0600074
0.0292183
0.0563488
0.135714
0
0.0303928
0.0251581
0.24929
0.241614
0.155625
0.116524
0.0288109
0.0145908
0.0437315
0.0683089
0.146777
0.070448
0.105393
0.0424525
0.0460147
0.0372993
0.0596634
0.993492
0.0816247
0.084979
0.14017
0.0988867
0.0142111
0.0288857
0.0669436
0.0463508
0.0498056
0.0499401
0.061012
0.0195381
0.0458845
0.0672945
0.0376832
0.146628
0.0199878
0.0420351
0.0475035
0.0753801
0.198143
0.15311
0.115381
0.0839864
0.0497521
0.0698043
0.0873746
0.253177
0.0977276
0.0860227
0.0850235
0.00757968
0.0510412
0.0940701
1.00043
0.0666927
0.0976991
0.102727
0.0947078
0.0588038
0.00769265
0.0992756
0.0791563
0.130748
0.109948
0.0398737
0.0095172
0.0704232
0.0283748
0.0648468
0.204314
0.0133728
0.0429132
0.143864
0.138455
0.224335
0.119563
0.0973835
0.11276
0.0506415
0.0499189
0.0195275
0.236715
0.0929538
0.124793
0.130829
0.014745
0.125054
0.0942664
0.971792
0.0970738
0.0374536
0.109548
0.12204
0.0588038
0.0208849
0.0978812
0.111793
0.131139
0.119001
0.00991282
0.0376375
0.0584241
0.026755
0.0906725
0.230685
0.0390973
0.0436414
0.128453
0.303585
0.220829
0.131341
0.115949
0.059217
0.0351741
0.0844068
0.0676844
0.260506
0.0770417
0.0961139
0.0987775
0.0383811
0.113334
0.0934621
1.00093
0.0818591
0.0736852
0.131676
0.121102
0.105702
0.0148845
0.113619
0.0704181
0.13298
0.118007
0.0402168
0.0390432
0.0583611
0.00887696
0.0987581
0.252249
0.0196879
0.0635295
0.105448
0.232253
0.164704
0.120494
0.105591
0.0549303
0.035458
0.0841419
0.0687492
0.190231
0.0560172
0.0776607
0.0546533
0.037249
0.123575
0.0947168
1.00285
0.102988
0.0605907
0.0892998
0.137015
0.0747236
0.0281892
0.0787783
0.094456
0.1874
0.133197
0.0723334
0.0491338
0.106637
0.0296831
0.098661
0.184336
0.0336822
0.0508694
0.0697872
0.190705
0.178319
0.120151
0.179483
0.0819603
0.0343846
0.101718
0.0482727
0.262253
0.0694194
0.122921
0.0744994
0.0367753
0.09955
0.0945821
0.95729
0.110751
0.0487287
0.137789
0.249283
0.135375
0.0284841
0.11317
0.112019
0.168057
0.10275
0.0924737
0.0789295
0.189736
0.0293868
0.0811443
0.161862
0.0259208
0.0612542
0.047389
0.183814
0.208012
0.162698
0.202009
0.0679853
0.0481468
0.092384
0.0785744
0.307377
0.0693824
0.0847599
0.0649698
0.0987837
0.124053
0.102602
1.04713
0.0971494
0.0622464
0.109309
0.216691
0.213947
0.0430169
0.102907
0.125705
0.174384
0.124248
0.0421821
0.0689222
0.115741
0.0697904
0.0905124
0.182318
0.0329591
0.0614377
0.071223
0.161071
0.16794
0.186014
0.18365
0.187815
0.0544143
0.0831747
0.0799986
0.234696
0.0966803
0.0933674
0.126988
0.138672
0.136404
0.0671239
0.654263
0.0669811
0.110484
0.122932
0.434687
0.171333
0.0580737
0.121497
0.148262
0.134455
0.130812
0.0704974
0.0479004
0.162631
0.110135
0.100698
0.25381
0.0261037
0.0626558
0.105965
0.183345
0.1385
0.275247
0.238274
0.208087
0.0900942
0.150426
0.0701214
0.31896
0.0972808
0.130577
0.191272
0.122645
0.137476
0.0557491
0.333693
0.0883258
0.109257
0.185707
0.395622
0.154421
0.0859077
0.127925
0.178062
0.116467
0.174059
0.0999341
0.0593823
0.21128
0.136856
0.100578
0.347161
0.0397276
0.116508
0.165649
0.151111
0.207222
0.367697
0.24476
0.252472
0.10695
0.107634
0.0388383
0.301552
0.0893817
0.147537
0.190604
0.131416
0.1761
0.0440195
0.275589
0.103412
0.16756
0.219944
0.413775
0.215507
0.0654638
0.101696
0.164911
0.221438
0.200845
0.181036
0.0813601
0.294063
0.116981
0.155788
0.335898
0.0815218
0.191374
0.24047
0.182662
0.211468
0.469044
0.196537
0.306181
0.159518
0.130911
0.078216
0.209761
0.111192
0.147116
0.194261
0.123788
0.100757
0.0447328
0.221776
0.103777
0.154657
0.268935
0.523331
0.278188
0.0708137
0.187814
0.171546
0.342668
0.200829
0.22276
0.0897841
0.317972
0.0883544
0.20187
0.328675
0.0542717
0.128303
0.323544
0.164478
0.240503
0.38644
0.203837
0.228658
0.187926
0.1829
0.0968817
0.346513
0.111399
0.193772
0.227829
0.139129
0.063115
0.112449
0.0953602
0.125532
0.141508
0.30858
0.46991
0.232371
0.0712855
0.17187
0.148056
0.275891
0.119957
0.21457
0.11099
0.251318
0.0972622
0.193305
0.367104
0.0479038
0.139942
0.375051
0.210979
0.284449
0.243622
0.204393
0.200715
0.195453
0.175849
0.106185
0.32
0.105327
0.185108
0.246176
0.139202
0.1498
0.112888
0.191329
0.120272
0.167583
0.269883
0.343184
0.184514
0.07812
0.131083
0.157205
0.328854
0.149194
0.234054
0.0826018
0.249896
0.0802199
0.211986
0.332033
0.0538612
0.108015
0.372385
0.154467
0.270904
0.255998
0.157894
0.197294
0.167748
0.184067
0.0856067
0.39268
0.13294
0.195688
0.192674
0.14032
0.138256
0.16043
0.163313
0.0827613
0.178428
0.269698
0.342828
0.186142
0.112361
0.141041
0.148976
0.296066
0.134286
0.171244
0.0808658
0.287279
0.128697
0.202554
0.330956
0.0811598
0.10835
0.611261
0.164717
0.239975
0.256698
0.149423
0.16603
0.195735
0.217324
0.0857977
0.463189
0.127413
0.177438
0.22315
0.132651
0.163777
0.137111
0.13384
0.0819944
0.177818
0.247238
0.276395
0.199761
0.0999831
0.0876749
0.124442
0.451573
0.11414
0.160512
0.0915624
0.262028
0.139857
0.240407
0.28697
0.102124
0.118211
0.954023
0.208026
0.269263
0.222805
0.127298
0.1917
0.17448
0.211224
0.0667474
0.5092
0.10588
0.187131
0.2426
0.147618
0.113168
0.125512
0.111379
0.083522
0.142409
0.248089
0.274949
0.201857
0.114071
0.105781
0.155594
0.430832
0.121011
0.141641
0.0714706
0.249235
0.139147
0.231769
0.297803
0.0882699
0.108522
1.06028
0.162776
0.239777
0.190271
0.0779345
0.190969
0.182304
0.234788
0.0778015
0.507909
0.10588
0.158716
0.267222
0.147953
0.113168
0.101495
0.0748165
0.0965566
0.118876
0.269467
0.235333
0.312186
0.0858412
0.114073
0.133331
0.395736
0.0851542
0.0678109
0.0993415
0.286507
0.136508
0.243921
0.287607
0.130666
0.0764698
1.05835
0.129623
0.269289
0.202121
0.0477285
0.192427
0.166515
0.151629
0.0864364
0.567224
0.114219
0.112021
0.203798
0.13185
0.0871857
0.114814
0.0682076
0.0898653
0.106178
0.255716
0.204662
0.281177
0.0992226
0.0811457
0.134512
0.412193
0.0701516
0.12039
0.149823
0.249621
0.137556
0.194228
0.256083
0.103637
0.0985543
1.03965
0.132214
0.26906
0.225096
0.0566201
0.203097
0.136922
0.161562
0.106311
0.497849
0.0997938
0.0929864
0.149241
0.116107
0.0642539
0.113896
0.044972
0.127282
0.131312
0.249367
0.190002
0.264599
0.136615
0.0407562
0.0941458
0.479996
0.0690676
0.0908817
0.120065
0.262617
0.115963
0.194557
0.254061
0.117755
0.10889
1.0172
0.111677
0.296219
0.257703
0.122209
0.178479
0.124916
0.111639
0.0939013
0.452495
0.0854263
0.101421
0.14645
0.131282
0.0517841
0.103735
0.058963
0.113248
0.131188
0.282171
0.147432
0.232491
0.10946
0.0572873
0.133011
0.432823
0.0627015
0.0910553
0.0697311
0.238373
0.118672
0.296632
0.275079
0.0882175
0.0878996
1.02766
0.122682
0.327147
0.245592
0.13307
0.135563
0.110431
0.126704
0.0839791
0.381079
0.0993658
0.0911965
0.187804
0.0832761
0.0514512
0.103635
0.0599035
0.0993832
0.144755
0.233749
0.120115
0.17095
0.0797007
0.0162383
0.116597
0.519226
0.0497571
0.0612346
0.0487903
0.177923
0.0989342
0.300198
0.224084
0.0809001
0.0536107
1.01516
0.0642952
0.271573
0.243671
0.151978
0.160168
0.0986259
0.0757747
0.0933866
0.321456
0.0915899
0.0912112
0.147446
0.0535912
0.0516241
0.0919574
0.0580469
0.121247
0.0843733
0.241672
0.147863
0.185448
0.0906688
0.00799868
0.109756
0.342599
0.0422909
0.0499458
0.100326
0.205743
0.0780733
0.195266
0.269171
0.0753168
0.130164
1.02706
0.0735536
0.154382
0.288898
0.106259
0.294878
0.108621
0.0851573
0.0928495
0.322805
0.0634656
0.10076
0.125396
0.11363
0.0612304
0.0907331
0.0580469
0.0593837
0.107703
0.145949
0.0825834
0.141387
0.408948
0.0810285
0.0945093
0.328173
0.0347032
0.051485
0.0607459
0.14043
0.118044
0.0880743
0.102493
0.072948
0.0656657
0.946695
0.0436035
0.207553
0.180118
0.220393
0.221064
0.0710467
0.161554
0.0574743
0.36772
0.0490839
0.157406
0.0830128
0.0373947
0.0126528
0.158602
0.0510973
0.0437668
0.107205
0.131101
0.0809734
0.0602694
0.782514
0.0891559
0.0860581
0.258799
0.0755191
0.0212586
0.133293
0.16087
0.107131
0.0523415
0.0528472
0.0654079
0.0657798
0.535733
0.0220733
0.233848
0.225182
0.250895
0.193293
0.0855759
0.167679
0.0564177
0.367441
0.0836234
0.18452
0.0721461
0.0309478
0.0492641
0.15654
0.0488078
0.0516507
0.105757
0.144344
0.0664167
0.10595
0.993858
0.146925
0.0468315
0.136536
0.0614821
0.0204083
0.192976
0.149706
0.0579587
0.045473
0.0697181
0.058839
0.0649627
0.164883
0.0221103
0.249053
0.235728
0.182013
0.217006
0.082337
0.158965
0.0865766
0.245783
0.0693292
0.247145
0.156494
0.0913949
0.0633659
0.133341
0.0708998
0.059237
0.187139
0.165558
0.109764
0.0884245
1.00635
0.147143
0.0612749
0.204361
0.0543605
0.0203405
0.142666
0.127554
0.0871901
0.0896111
0.090676
0.0721244
0.0648211
0.174204
0.0099365
0.359783
0.276923
0.228052
0.229862
0.0822116
0.153854
0.0382405
0.257867
0.0951666
0.23222
0.146754
0.0823145
0.100408
0.1371
0.122946
0.0300423
0.11719
0.166269
0.0707331
0.102608
0.928086
0.184845
0.13098
0.308292
0.0610215
0.0410434
0.10105
0.13657
0.02796
0.172752
0.0816386
0.0719739
0.115543
0.198755
0.0207093
0.332254
0.271332
0.218512
0.217171
0.130796
0.13358
0.0283646
0.198196
0.123814
0.219478
0.114072
0.136418
0.0727823
0.103326
0.129419
0.059724
0.188533
0.123231
0.0291045
0.0742358
0.978995
0.158773
0.0691495
0.463731
0.0630872
0.0497827
0.110668
0.114809
0.0569008
0.152742
0.1021
0.0409214
0.0821147
0.316746
0.0643832
0.33169
0.347853
0.189014
0.201059
0.108813
0.117141
0.0300919
0.211005
0.13667
0.188582
0.0928507
0.0981019
0.0246784
0.0671705
0.11468
0.0298873
0.153844
0.0897603
0.0264347
0.0453312
0.986933
0.161878
0.0843235
0.343762
0.0548282
0.0102161
0.109904
0.11898
0.0558338
0.127489
0.0925087
0.060821
0.102899
0.208444
0.0308776
0.262137
0.270087
0.179481
0.147578
0.186794
0.115994
0.0396088
0.212302
0.136756
0.178941
0.10251
0.0899312
0.0129109
0.066845
0.0787275
0.0441836
0.152591
0.144873
0.0540669
0.0433237
0.938414
0.11902
0.0768524
0.21919
0.0761836
0.0413956
0.100017
0.0717745
0.0753343
0.136289
0.11079
0.0274923
0.0824441
0.199337
0.0532323
0.33184
0.300872
0.19162
0.118512
0.173685
0.085489
0.0473854
0.242293
0.116506
0.274319
0.0918525
0.0600435
0.0975497
0.0904022
0.123203
0.0218486
0.0714031
0.156103
0.0405712
0.0743449
0.849158
0.0934164
0.0615531
0.326511
0.0820362
0.0403369
0.0589437
0.0899359
0.0761127
0.225334
0.0605636
0.0408752
0.0939794
0.118523
0.0213605
0.489345
0.198391
0.0856775
0.106665
0.198267
0.118221
0.0302534
0.19944
0.117019
0.234453
0.0406579
0.0372968
0.0865688
0.159963
0.0650753
0.0371644
0.118012
0.0751048
0.0134312
0.0427216
0.218556
0.126569
0.0541838
0.405482
0.0807358
0.0490735
0.0598876
0.0471401
0.114299
0.235693
0.0596693
0.0138744
0.0922619
0.0939652
0.0205678
0.456516
0.211027
0.0939612
0.154024
0.170534
0.144451
0.0105987
0.3016
0.103392
0.281942
0.0411408
0.0220857
0.0733376
0.113308
0.123027
0.0452118
0.221632
0.0730052
0.0550353
0.0886574
0.0567711
0.0959024
0.0790839
0.387961
0.0538043
0.040121
0.0696583
0.0711148
0.123202
0.206647
0.0676161
0.0135607
0.105126
0.0589635
0.020994
0.399162
0.188533
0.132886
0.128407
0.156805
0.0761209
0.0284845
0.205247
0.0768931
0.337743
0.0611446
0.0372686
0.0758421
0.0664644
0.108619
0.0731327
0.224654
0.0723459
0.111333
0.102782
0.175926
0.093726
0.063703
0.3383
0.0547865
0.0505112
0.0486941
0.0480931
0.113726
0.225656
0.0797581
0.0209655
0.13898
0.0705267
0.0640272
0.410647
0.142771
0.123358
0.11335
0.143913
0.0589204
0.0200324
0.160609
0.097385
0.255561
0.050519
0.0372686
0.111143
0.134598
0.086567
0.0588701
0.227076
0.0673113
0.0696376
0.118084
0.133807
0.0878841
0.053785
0.437829
0.0420929
0.0504911
0.0676528
0.0481377
0.0942532
0.180721
0.101602
0.0829156
0.127834
0.0590949
0.0644823
0.320104
0.123207
0.0766164
0.137089
0.149611
0.0593185
0.0103509
0.132927
0.069507
0.201698
0.0498494
0.0378686
0.0764418
0.145998
0.0928684
0.080551
0.225326
0.0403696
0.112082
0.121219
0.0648788
0.0964337
0.0538543
0.47397
0.027969
0.0191632
0.0797948
0.0713846
0.104083
0.151829
0.109282
0.0829844
0.167851
0.0579734
0.0203854
0.337556
0.0670349
0.0667615
0.124298
0.14321
0.0669272
0.0193183
0.119371
0.0828105
0.1205
0.083931
0.0149633
0.0398589
0.055951
0.0647658
0.0363042
0.238114
0.0264083
0.109081
0.119067
0.056541
0.048383
0.11048
0.206313
0.0143352
0.0383034
0.0487105
0.0238762
0.087238
0.161208
0.0792355
0.0611248
0.178056
0.0947543
0.0317944
0.130107
0.0651564
0.067265
0.0974519
0.11145
0.0421781
0
0.0912242
0.0964526
0.0751599
0.0948744
0.0381025
0.0912732
0.100254
0.0572675
0.0366275
0.248771
0.0327208
0.107584
0.0880818
0.0496987
0.0397639
0.126141
0.204917
0.0366199
0.0095488
0.0498515
0.0591693
0.096254
0.169029
0.0405988
0.0616912
0.188354
0.160679
0.0537914
0.115181
0.0538955
0.0772181
0.0548773
0.110787
0.0517617
0.0294261
0.0596664
0.10452
0.0833529
0.127853
0.0229828
0.0395068
0.09133
0.042671
0.0585037
0.262911
0.0273414
0.0931607
0.0720761
0.0496987
0.0314843
0.0937381
0.187515
0.0211181
0.0301703
0.0484719
0.0840924
0.114628
0.204254
0.0607621
0.0616912
0.232036
0.138957
0.0423823
0.128714
0.0436918
0.108217
0.0412224
0.110732
0.042688
0.0265623
0.0734488
0.0909996
0.0915156
0.138734
0.0236682
0.0503032
0.0692712
0.0505329
0.0503409
0.274137
0.0201758
0.0941819
0.0301919
0.042936
0.0163246
0.0933035
0.205213
0.0147521
0.040347
0.0386904
0.0714632
0.0778385
0.213679
0.041317
0.0681297
0.251134
0.0932
0.0099365
0.113429
0.0436918
0.0892674
0.0146666
0.118197
0.0418993
0.0265623
0.0734488
0.0916009
0.044817
0.106292
0.0155109
0.0267352
0.0690635
0.0358624
0.0357839
0.286405
0.0201758
0.12197
0.0430534
0.0427991
0.0245324
0.132385
0.156527
0.00758849
0.0418067
0.048116
0.0351612
0.0877052
0.223817
0.041317
0.0680563
0.304447
0.0464417
0.0210082
0.0850373
0.0546109
0.0865832
0.0288001
0.0984239
0.0421592
0.00973646
0.0288122
0.0561199
0.0461814
0.127197
0.0155109
0.0384284
0.067956
0.0435223
0.0447132
0.298977
0.0132034
0.0813075
0.0142478
0.0350798
0.0245286
0.0935642
0.0719881
0.00758849
0.0515022
0.0583537
0.0229742
0.0581244
0.233327
0.041317
0.0824154
0.223923
0.034428
0.0110717
0.0698788
0.0436918
0.047362
0.0146666
0.0995101
0.0252114
0
0.0288122
0.057013
0.00968248
0.0978976
0.0155109
0.0623328
0.0218695
0.0217598
0.022582
0.20516
0.0132034
0.0276782
0.062256
0.0350798
0.022884
0.0796009
0.0365413
0
0.0307401
0.00951829
0.0223972
0.0483477
0.15266
0.0318411
0.0555733
0.10605
0.034428
0.0118491
0.0698788
0.0437787
0.01053
0.0146666
0.0622586
0.00809618
0
0.0149376
0.0426528
0.0389831
0.0228538
0.0155109
0.0372496
0.0333904
0.0287213
0.0146146
0.20516
0.00660638
0
0.0156301
0.0280618
0
0.0558046
0
0
0.0209231
0.0101705
0.0571438
0.0376034
0.115376
0.0220616
0.06882
0.08623
0.0352512
0.0232856
0
0.0219762
0
0.0146666
0.0556261
0
0.0196628
0.0149376
0.0214164
0.00968248
0.0112626
0.00748983
0.0261791
0.035134
0.0144695
0
0.0585769
0.00745014
0
0
0.0139093
0.00820783
0.0082494
0.0164696
0
0
0.0305412
0.0113914
0.051565
0.0787793
0.0304751
0.0278761
0.0207101
0.0244221
0.0100222
