0.194763
0.598146
0.0386833
0.0349472
0.207671
0.130535
0.278631
0.263137
0
0.040101
0.0103098
0.032726
0
0
0.00790421
0
0
0.00786575
0
0.0459994
0.0398662
0.0416476
0.041364
0.0389942
0.031962
0.0301338
0.990276
0.161745
1.01274
0.205596
0.0254133
0.025622
0.0423555
0.0254133
0.0253036
0.0254133
0.00283537
0.026474
0.00285588
0.0253036
0.20465
0.219501
0.0244662
0.0247689
0.0386309
0.0346284
0.0244662
0.0319125
0.00571049
1.02431
0.025621
0.00577318
0.0246815
0.230736
0.152631
0.334869
0.032154
0.0326813
0.0438464
0.0533534
0.032154
0.0303119
0.00828941
0.0254162
0.0743649
0.00803412
1.0361
0.130986
0.33678
0.427898
0.404889
0.316081
0.221814
0.601428
0.210744
0.35894
0.038356
0.039926
0.0383452
0.0383344
0.0575178
0.0383452
0.0383452
0.0383452
0.0401331
0.0377934
0.0383452
0.0383452
0.0359037
0.0401656
0.0401331
0.0388618
0.0383452
0.0401331
0.0383452
0.0396901
0.209561
0.164387
0.31168
0.618433
0.0328321
0.0301761
0.0301676
0.0407641
0.0301761
0.0301761
0.00274045
0.0328229
0.0342313
0.00264679
0.0298779
0.0328229
0.028343
0.0343436
0.0342313
0.0331296
0.00539584
0.0301761
0.00535171
0.031471
0.0301761
0.0340627
0.49352
0.186213
0.340571
0.23941
0.181632
0.622988
0.0209107
0.0209765
0.0180668
0.0209048
0.0209048
0.00285778
0.0185212
0.0028329
0.0141321
0.0216595
0.0141749
0.0210913
0.208499
0.650202
0.0636916
0.111537
0.0652765
0.15801
0.988482
0.398439
0.410282
0.131913
0.00540004
0.0054627
0.00272906
0.00539699
0.00704154
0.00272906
0.00272906
0.00266946
0.00266946
0.00584798
0.00277403
0.0028527
0.0459087
0.0028527
0.00272906
0.00372144
0.00421494
0.0435973
0.00275594
0.00272906
0.00269576
0.00409359
0.00283597
0.389717
0.247452
