0.03296
0
0.193488
0
0.193488
0
0.193488
0
0.193488
0
0
0.435103
0
0
0.606441
0
0
0.531731
0
0
0.595927
0
0
0.697506
0
0
0.0359119
0
0.853034
0
0.708042
0.0546129
0
0
0.851626
0.017504
0.0135574
0
0.0411293
0.672565
0.046243
0.0250529
0.112516
0
0.0474497
0.0449127
0
0
0.657398
0.0523893
0.0135574
0.0236489
0.0133773
0.0248244
0.991948
0
0.169127
0.0765629
0
0.246901
0.0125423
0.0471479
0.0889183
0
0
0.297325
0.0706854
0.0124437
0.0262673
0.0483574
0.0135217
0.0165623
0
0.998287
0
0.23386
0.212538
0.0164276
0.381692
0.0125423
0.108356
0.160466
0
0.0325012
0.486328
0.0352285
0.110417
0.0236489
0.00986789
0.0285933
0.0135217
0.0162457
0
0.998508
0.0555049
0.233702
0.188845
0
0.00984784
0.00828145
0.451001
0.117441
0.21982
0.0127439
0.0432254
0.599196
0.017152
0.0595348
0.00739606
0.0836392
0.0233051
0.00986789
0.0144005
0.0135217
0.030862
0
1.01076
0.0369726
0.13663
0.225492
0
0.00984784
0.0153723
0.380932
0.142226
0.178285
0.0264597
0.0325574
0.695997
0.017152
0.0370256
0.00739606
0.0681628
0.0233051
0.0135217
0.0227142
0.00750678
0
0.970578
0.0180466
0.1361
0.23485
0.0165362
0.00984784
0.014583
0.419969
0.155017
0.248677
0.0263088
0.0325574
0.586653
0.017152
0.0250375
0.00739606
0.0553756
0.0233051
0.0135217
0.0227142
0.00750678
0.980598
0.0180466
0.098812
0.209318
0.0165362
0.00916595
0.00709088
0.380826
0
0.180766
0.231461
0.0263088
0.0217465
0.541281
0.0339202
0.0250375
0.00739606
0.0147222
0.0233051
0.0135217
0.0227142
0.00750678
0.734766
0.0180466
0.0918709
0.165773
0
0.00916595
0.00709088
0.219705
0
0
0.142896
0.194414
0.0257845
0.0217465
0.490116
0.0167682
0.0250375
0.00739606
0.0147222
0.0453083
0.0146003
0
0.00754394
0.980883
0.0357891
0.0774501
0.116285
0.00916595
0.00709088
0.178653
0
0
0.130702
0.0186423
0.221676
0.0135649
0
0.419492
0.0167682
0.0250375
0.00739606
0
0.0232142
0
0.00754394
0.00700693
1.00364
0.0180466
0.02947
0.0923927
0.00916595
0.0215957
0.103405
0
0
0.214761
0.0186423
0.175335
0.0135649
0.0433452
0.286229
0.0548775
0.0250375
0.00739606
0
0.0440816
0
0.00754394
0.00700693
1.00732
0.0180466
0.0445013
0.0589389
0.0692829
0.0210183
0.0294803
0.144765
0
0
0.286822
0.0186423
0.156307
0.146978
0.215417
0.0180355
0.0258941
0.00739606
0.0139121
0.0161486
0.0104468
0
0.00700693
0.983639
0.134644
0.0498795
0.0102339
0.119898
0.0451935
0.0957125
0
0.392493
0.056543
0.120139
0.0144504
0.216461
0.139179
0.0532054
0.0133004
0.00796843
0.0266983
0.0161486
0.0104468
0
1.00338
0.0204981
0.0453274
0.0244923
0.21894
0
0.0676153
0.0664591
0
0.464363
0.00919151
0.0770419
0.0508897
0.0144504
0.297912
0.0836617
0.0259906
0.0155324
0.0262598
0.0161486
0.0107286
0.0260337
0.922771
0.201766
0.0246799
0.202059
0
0.0605244
0.0681417
0
0.00997879
0.430424
0.0982221
0.0686987
0.0126547
0.0144504
0.379024
0.0703758
0.0548589
0.0133004
0.00756393
0.0252954
0.0320696
0.0115268
0.010863
0.0260337
0.00739685
0.00742525
1.00244
0.0528971
0.288996
0.0170837
0.202059
0
0.0529059
0.0681417
0
0.00997879
0.440521
0.0982221
0.0772254
0
0.0144504
0.379024
0.0495709
0.0548589
0.0133004
0.0658162
0.0320696
0.0115268
0.010863
0.0260337
0.0146266
0.976377
0.0528971
0.326075
0.202059
0
0.0454842
0.0392074
0
0.00997879
0.39553
0.0777232
0.0428039
0
0.0297574
0.611517
0.0638579
0.127536
0.0133004
0.039117
0.0320696
0.0235197
0.010863
0.0405013
0.937035
0.0528971
0.0372784
0.303663
0.167978
0
0.0627887
0.0298829
0
0.383663
0.0777232
0.0598491
0
0.0450757
0.844734
0.0566977
0.109207
0.0133004
0.03944
0.0320696
0.0235197
0.010863
0.0405013
0.925382
0.0528971
0.0177325
0.303373
0.201394
0.063479
0.0196166
0
0.287347
0.0777232
0.0963137
0
0.0450757
0.857391
0.0566977
0.109207
0
0.0543099
0.0320696
0.03582
0.010863
0.0260337
0.889095
0.0528971
0.0177325
0.296003
0.200652
0.0787905
0.0196166
0
0.215463
0.0579973
0.133247
0
0.0450757
1.00018
0.0566977
0.128486
0
0.0281962
0.0320696
0.0474166
0.010863
0.0271549
0.779254
0.017055
0.0362657
0.326477
0.147306
0.00765458
0.11733
0.010317
0
0
0.156027
0.0998619
0.166236
0.0116833
0.0450757
0.999989
0.0501599
0.109867
0.0117871
0.0147947
0.0320696
0.0705027
0.0134089
0.630439
0.0362657
0.320315
0.1661
0.00765458
0.214332
0
0.117991
0.13915
0.174135
0.0240187
0.0450757
0.997578
0.0293968
0.0924117
0.0246588
0.0147947
0.015921
0.048496
0.0280265
0.414167
0.0177325
0.31831
0.13197
0.00765458
0.148987
0
0.00902224
0.106098
0.00848594
0.12045
0.1743
0.0123354
0.0450757
0.997578
0.0567632
0.0128717
0.00655117
0.0147947
0.0598961
0.00834278
0.323933
0.0177325
0.187103
0.0664258
0.00765458
0.132461
0.00902224
0.0593672
0.0174455
0.060757
0.147561
0.0600352
0.997578
0.0948937
0.0123002
0
0.188604
0.139486
0.0969982
0.347526
0.130751
0.0455341
0.0360052
0.201357
0.0864116
0.0279449
0.997578
0.00663226
0.148439
0.00703156
0
0
0.0280134
0
0.0744695
0.2544
0.0541888
0.932091
0
0.123932
0.046547
0.0367961
0
0.0812497
0.0438857
0.0288819
0.985064
0
0.0164038
0.00703156
0
0
0.0693384
0.0140962
0.049144
0.485435
0.0606001
0.00989499
0.937633
0
0.253389
0.00947962
0.0926964
0
0
0.158939
0.0288819
0.631126
0
0.00824897
0.018755
0.0222816
0.015956
0
0
0.0416207
0.00779958
0.0213397
0.0123423
0.016636
0.796213
0.131498
0.0198309
1.01846
0
0.330423
0.00947962
0.118525
0
0.00892931
0.236511
0.0171176
0.0581017
0.689719
0
0.00784316
0.0361821
0.0149404
0.0291092
0
0
0.0150613
0.0543984
0.00779958
0.0212181
0.0123423
0.016636
0.808301
0.152746
0.0172985
0.0399163
0.998122
0.389024
0.00947962
0.146985
0.0237648
0
0.181583
0.0261173
0.136019
1.00259
0
0.036486
0.0149404
0.0506469
0
0
0.0279079
0.00779958
0.00684215
0.0136469
0.0510311
0.698146
0.091009
0.0172985
0.0200854
0.915936
0.0312838
0.367608
0.00947962
0.0837971
0.0469772
0
0.259819
0.0260305
0.15085
0.974026
0.00738385
0.00850332
0.0728227
0.00749565
0.0285355
0
0.0155669
0
0.0107542
0.014808
0.027703
0.00779958
0.00684215
0.00654024
0.013175
0.019692
0.562218
0.112911
0.0164866
0.0279029
0.889677
0.0230516
0.342777
0.0180346
0.141518
0.0246125
0
0.281581
0.0352751
0.136975
1.01133
0.0137323
0.0728227
0.0144404
0.0361589
0.0155669
0
0.0107542
0.027703
0
0.00684215
0.00654024
0.013175
0.019692
0.501546
0.0820354
0.0164866
0.0194285
0.879462
0.0380162
0.313473
0.00855494
0.0764189
0.0365553
0
0.343362
0.0352751
0.0910057
1.00119
0.0137323
0.0597231
0.0144404
0.0218487
0.0155669
0.0107542
0.0142595
0
0.00684215
0.0133442
0
0.0376305
0.422491
0.104557
0.00837015
0.0194285
0.921186
0.00885576
0.0230516
0.24085
0.0115939
0.115144
0.0478316
0.262345
0.0270587
0.0908277
0.99959
0.0137323
0
0.0708504
0.0144404
0.0152682
0.0155669
0.0107542
0
0.0149412
0.0133442
0
0.0179384
0.307554
0.0673096
0.00837015
0.00984132
0.937462
0.00885576
0.0305438
0.143726
0.0115939
0.104588
0.0230974
0.198673
0.0270587
0.0770877
0.925922
0.0137323
0
0.0366257
0.0144404
0.0147477
0.0122738
0
0.0230571
0.00654024
0
0.0184992
0.0955699
0.0530236
0.00984132
0.884438
0.00885576
0.0220433
0.069831
0.0115939
0.124079
0.0229025
0.0989836
0.0270587
0.0131953
0.046418
0.77054
0.0137323
0
0.0189143
0.0144404
0.0141387
0.0122738
0.0230571
0.00654024
0
0.0184992
0.0394114
0.05239
0.00984132
0.568724
0.00885576
0.0220433
0.0917915
0.0115939
0.104629
0.0592661
0.0179088
0.0131953
0.046418
0.554046
0.0137323
0.00872609
0.0189143
0.00749565
0.00710286
0.0122738
0.0133076
0.0127433
0.0162149
0
0
0.0184992
0.0448643
0.00984132
0.399699
0.00885576
0.0220433
0.0530844
0.0115939
0.0949805
0.00958413
0.0191431
0.00873316
0.046418
0.431996
0.0137323
0.00749565
0.0149149
0.0122738
0.0251871
0.0162149
0.00644111
0.0390431
0.021584
0
0.288022
0.00885576
0.0447514
0.00747578
0.0477652
0.00958413
0.0191431
0.00873316
0.046418
0.339252
0.0137323
0.00792269
0.00749565
0.00781199
0.0127433
0.0162149
0.00644111
0.0390431
0.021584
0
0.271256
0.00885576
0.0446416
0.00747578
0.0394275
0.0181829
0.0388221
0.0598766
0.192425
0.0137323
0.00721533
0.0074722
0.0252934
0.0162149
0.00655264
0.0390431
0
0
0.284772
0.00885576
0.0381176
0.0294717
0.00958413
0.0578105
0.116325
0.0915009
0.0137323
0.0154643
0.0157522
0.0252934
0.019733
0.0390431
0
0.118762
0.00885576
0.023383
0.039384
0.00879289
0.0366661
0.159033
0.0103411
0.0137323
0.0154643
0.0157522
0.0578168
0.085359
0.0318882
0.0112788
0.0294267
0.00879289
0.0390515
0.215329
0.0103411
0.0137323
0.0178667
0.0581178
0.0163441
0.0094873
0.0418968
0.146185
0.0178667
0.00783886
0.00868005
0.0418968
0.102284
0.0178667
0.0573019
