1.30116
0.0288942
0.0289024
0.0289024
0.0443537
0.0289024
0.0289105
0.0289024
0.0737205
0.0754827
0.0845262
0.0737205
0.0765767
0.902089
0
0.3386
0.235998
1.00095
0.0994722
0.0510171
0.241488
0.161592
1.01545
0.0173526
0.00301475
0.00347053
0.0638989
0.038042
0.0318905
0.00302565
0.00258275
0.0550588
0.00267831
0.0407497
0.0108454
0.0724272
0
0.0384015
0.0108264
0
0.780616
0.199898
1.00356
0.989108
0.0158561
0.0271429
0
0.0157923
0.0662731
0.00565084
1.03551
0.131863
0.967249
1.00758
0
0.00272076
0
0.00296562
0
0.0299823
0.0724982
0.0816566
0.0174546
0.0200207
0
0.00554349
0.00263956
0
0
0.0101123
0
0.0134295
0
0
0.00289408
0.482959
0.327201
0.00542247
0.00350517
0.0239479
0.0536754
0.15258
0.0497384
0.0171728
0.00279698
0.00570916
0.00556278
0
0.00297352
0.013814
0.00345349
0.0277309
0.0091139
0
0.00874868
0.0272484
0.00280336
0
0
0.00289998
0.992439
1
0.014576
0.893143
0.0102659
0.0127628
0.0286586
0.0102601
0.0127628
0.00284389
0.0342943
0.00567163
0.00261926
0
0.00511906
0.00261262
0.00435437
0
0.00281083
0.00563407
0.00258386
0.00261926
0.00263408
0.0649707
0.313401
0.070906
0.0737073
0.00773168
0.00261262
0.00900337
0.0116413
0.0113592
0.0136635
0.00773168
0.0444823
0.0079008
0.00557389
0.00817619
0.00285449
0.018148
0.0151391
0.0196531
0.0251831
0.00273272
0.0193804
0.00526085
0.0106576
0.010263
0.00560875
0.0212977
0.199245
0.0137439
0.010263
0
0.010263
0.00282664
0.00545839
0.0058692
0.0265968
1
0.0174897
1.00724
1
0.928491
0.00793277
0.010504
0.00287757
0.0105524
0.00385085
0.040123
0.0120873
0.00450644
0.0829034
0.015645
0.0104981
0.00793501
0.00793724
0.00783496
0.00277223
0.0164152
0.0216409
0.00431636
0.0229859
0
0.00309598
0.00273935
0.00505744
0
0.0426816
0.0025688
0.00287757
0.00269004
0.00505744
0.00566951
0.00525885
0.00266606
0.00287757
0.0025688
0.0139003
0.106295
0.0473558
0.0275452
1.00072
0.00287757
0.0025688
0.00269784
0.0037398
0.00830467
0.0145034
0.00535352
0.0249425
0.00245983
0.0100774
0.00260058
0.00528869
0
0.0585595
0.0361807
0.0118406
0
0.00746592
0.0837207
0.00281017
0.0108772
0.00783496
0.0406315
0.00281742
0.01226
0.0314196
0.00266606
0.00783496
0.00783496
0.00439189
0.0108317
0.00855283
0.00587011
0.0320976
0.0201225
1
0.25392
1.00825
1.09152
0.00282624
0.00766795
0.00282703
0.0130105
0.00363881
0.0106752
0.0132238
0.00766363
0.00282703
0.00282783
0.0102314
0.00269665
0.0256692
0.00544992
0.00284671
0.00296305
0.00368744
0.0220609
0
0.00562795
0.00514755
0.00638814
0.0105847
0.0138062
0.00282703
0.00514755
0.00654103
0.00537632
0.0025819
0.00282703
0.0107583
0.0162353
0.0400417
0.00512319
0.00290986
0.632881
0.00691414
0
0.00800284
0.0105847
0.00276334
0.0373875
0
0.0223033
0.00309873
0.072145
0.00799715
0.0199127
0.046261
0.011094
0.00424055
0
0.0229998
0.0355077
0
0.0298885
0.0111189
0.0181261
0.00562482
0.0108642
0.0207166
0.0159896
0.00791832
0
0
0.00766579
0.0205645
0.00535013
0.00999886
0.0441709
0.00292016
0
0
0.00766579
0
0.00766579
0.00371458
0.0052628
0.076199
0.0202222
0.0363997
0.0217938
1
0.117042
0.977648
0.00432378
0
0.00434399
0.00251497
0.0027426
0.0031242
0.00287562
0
0
0.00546336
0.00272076
0.00261286
0.00837709
0
0.00272076
0.00277591
0.113888
0.00556465
0.00272076
0.00270507
0
0.00398909
0
0.00278339
0.0181318
0.00272076
0.00270507
0
0.00348701
0.0111023
0.00260951
0.0517764
0.00573698
0.00258009
0.0100441
0.0177637
0.00592407
0.00580233
0.00266308
0
0.00299248
0
0.0231811
0.104382
0.010777
0.00404574
0.002704
0.00581459
0
0.00277936
0.168678
0.934198
0.0275055
0
0
0
0.0178604
0.00295321
0.0600979
0
0
0.00394685
0
0
0.00669605
0.020337
0.0379626
0
0.00300814
0.00944891
0.00834337
0.0171717
0.00297309
0.00456069
0.00911758
0.00290539
0.0120934
0.00766859
0.347926
0.0026064
0.00585776
0
0.00284256
0.00554454
0.0837166
0.924228
0.969457
0
0.0207042
0.0601433
0.0115932
0
0.0509494
0
0.0251027
0.0028402
0.00897745
0.0169412
0.00297093
0.0381478
0.0055476
0.0202497
0
0.00594308
0.0409575
0.0194166
0.995695
0.0763205
0.00797908
0
0.00276836
0.00428891
0.0141791
0.0027426
0.0075236
0.0174682
0.097167
0.230037
0.992192
0.0181087
0.00285891
0.0704357
0
0.0281065
0.00279677
0.00298856
0.00849091
0.00258888
0.0290661
0.00572104
0.00258888
0.00258888
0.010885
0.019213
0.0237492
0.988108
0.0892638
0.0279359
0.00309525
0.00348888
0.0727034
0.00280291
0.00257756
0.0027426
0.0204153
0.00854008
0.00613581
0.822561
0.277375
0.00266606
0.0278463
0.00566554
0.0158343
0.00265987
0.0550903
0.0399869
0.0655028
0.415846
0.00273515
0.00817747
0.0841466
0.00307833
0.0207503
0.0116069
0.0279343
0
0.0168745
0.0192325
0.0799738
0.031949
0.119573
0.00261908
0.00261982
0.00801371
0.0430464
0.0379759
0.00264911
0.00262056
0.0215197
0
0.0496608
0.00386836
0.00277648
0
0.00296574
0.00310475
0.0127103
0.0159997
0.0611764
0.0259282
0.0224979
0.131243
1.00264
0.00504819
0.0073219
0.0502072
0.0117448
0.014115
0.0476147
0.00367356
0.00280392
0.00771483
0.0084238
0.0332963
0.0097107
0.00261982
0.00261982
0.0170766
0.00554122
0.0186937
0.0225284
0.0172433
0.00261982
0.00357248
0.00300858
0.0198381
0.129118
0.238684
0.19247
0.985057
0.00760982
0.00761196
0.0081922
0.00290436
0.0237647
0.00534635
0.00766513
0.00761411
0.0130395
0
0.0545348
0.0134201
0.0029482
0.0121794
0.0137118
0.152699
0.0192205
0.0106116
0.0193811
0.576201
0.375669
0
0.00271173
0.00295603
0.00285353
0.00643921
0.0354851
0.00896442
0.0109269
0.0621234
0.00311767
0.0085646
0.00292029
0.022071
0.0342995
0.00584179
0
0.0119303
0
0.00761196
0.0101974
0.0337438
0.0109794
0.00684409
0.0220385
0.0101974
0.00992865
0.00584069
0.0458013
0.0908913
0.194112
0.642604
0.364673
0.00299514
0.00283365
0.00386919
0.0220333
0.00285434
0.00280362
0.00290365
0.0798209
0.00286309
0.013713
0.00855298
0.010493
0.0112712
0.321379
0.162017
0.00853986
0.00851536
0.00277504
0.00855681
0.00295603
0.00285628
0.0277638
0.0114903
0.00274081
0.0241941
0.00349703
0.0611519
0.00272822
0.00254368
0.0143813
0.00291787
0.00284671
0.0165086
0.00865249
0.017547
0.0116183
0.0222207
0.00284671
0.0216779
0.0580516
0.231059
0.00263837
0.00548221
0.00262338
0.00286216
0.00864891
0.00263461
0.00263986
0.00263911
0.00258506
0.00326017
0.0129734
0.00411401
0
0.00300274
0.116346
0.0109364
0.116156
0.00797539
0.215067
0.00355388
0.0294215
0.00389158
0.0027677
0.016993
0.0202662
0.00287739
0.00260824
0.0503434
0.010777
0.0059611
0.00838289
0.00938961
0.00568942
0.00268106
0.00263911
0.00263911
0.0080501
0.00276301
0.156354
0.021054
0.00540738
0.00263911
0.0791734
0.00298338
0
0.0413216
0.00556001
0.53595
0.00247423
0.00402687
0.0037767
0.00953054
0.0107997
0.00300269
0.0026686
0.003793
0.0440454
0.00844994
0.00290633
0.00299514
0.0113257
0.0381675
0.0242721
0.0105233
0.225256
0.00290633
0.0137869
0.0113301
0.00818622
0.0029233
0.0105699
0.00278279
0.0396372
0.0137441
0.00286217
0.00806212
0.00331958
0.0137396
0.00268106
0
0.0132136
0.733895
0.00843915
0.042187
0.0039723
0.00771411
0.00294992
0.00298521
0.00266003
0.00889037
0.0109267
0.00266823
0.0211404
0.00275392
0.00260111
0.012757
0.00304342
0.00284708
0.0111866
0.00604611
0.00284671
0
0.041485
0.00285606
0.967791
0.00275714
0.00266054
0.0124557
0.002953
0.00889875
0.00992412
0.00572647
0.00566555
0.0076716
0.00593425
0.00284724
0.00525893
0.0116055
0.0177362
0.00557995
0.00620567
0.00284521
0
0.00284521
0.00280441
0.348029
0.00284902
0
0.00860404
0
0.00252931
0.0105702
0.0145013
0.00545572
0.00728043
0
0
0
0.0113008
0.00594846
0.00537423
0.0340393
0.00805642
0.00310408
0.776796
0.105441
0.00299662
0.00290633
0.00787652
0.00582674
0.0138698
0.00277576
0.00284475
0.0052932
0.00682778
0.00911708
0.00273935
0.00294315
0
0.00318442
0.0830468
0.173547
0.00299662
0.00509341
0.00528698
0.00306049
0.00802707
0.00802707
0.00291769
0.0226585
0.00252992
0.00802707
0.00802707
0.00554606
0.0158153
0.00802707
0.0106957
0.0042094
0.0158609
0.0099888
0.00259872
0.013929
0.00802707
0.00823199
0.0776606
0.00575118
0.00801801
0.0198262
0.00584773
0
0.00864007
0.00284006
0.0063131
0.00572717
0.0159288
0.00862182
0.00271714
0
0.00271714
0.00429237
0
0.00271714
0.00305225
0.00592123
0.0028961
0.0213377
0.959542
0.00247525
0.216648
0.00289412
0.00883963
0.00247251
0.00858937
0.0080304
0.00503525
0.00809302
0.0133295
0.0080304
0.00503525
0.00503525
0.0466262
0.0142876
0.0180146
0.0205773
0.0215818
0.0314684
0.00552551
0.00879514
0.0180146
0.030866
0.0055767
0
0
0.00314893
0
0.0181185
0.00574829
0.0189867
0.00299304
0
0.00274009
0.018035
0
0.0112998
0
0.00357891
0.988418
0.0027853
0.0129599
0.00261341
0.943587
0.710217
0.00278308
0.0162934
0.00291834
0.00278387
0.00568391
0.00278387
0.00824989
0.00291026
0.00547558
0.00278387
0.0125849
0.0440079
0.00293646
0.00293646
0.00307831
0
0.00275852
0
0.067938
0.00604595
0.0320792
0.00293646
0.005182
0.00557116
0.00884127
0.0643276
0.00571358
0.00992412
0.0302157
0.0026647
0.0209145
0.00913092
0
0.0227143
0.00300142
0.0328485
0.00247525
0
0.00287632
0
0.98986
0.0347843
1.00012
0.0109151
0.00276505
0.00369364
0.0257347
0.00557633
0.0109182
0.00838137
0.00298796
0.00265492
0.0109182
0.00279799
0.00857824
0.0114273
0
0.0109182
0.00551483
0.00580283
0.0136557
0.00582267
0.0113679
0.00265567
0.00273752
0.00273752
0.0192858
0.00265567
0.0136557
0.00273752
0.00286748
0.0114958
0.0112833
0.00273752
0.00391074
0
0.00557105
0.0905069
0.00273752
0.00273752
0.0138397
0.116384
0.0165911
0.0165113
0
0.0110035
0.0110035
0.0204508
0.047874
0
0.0110035
0.0122652
0
0.0110035
0.0150048
0.00560996
0.0510817
0.0172407
0.00277857
0
0.113583
0.00575139
0.0338556
0.00539197
0.00294714
0.00551987
0
0.00359753
0.340674
0.758216
1.01042
0.00298684
0.010697
0.999386
1.00536
0.0267235
0.0184344
0.0208981
0.0267311
0.0030344
0.0267311
0.0107823
0.00401649
0.00646028
0.0111805
0.030661
0.00301423
0.0267311
0.0279123
0.0165163
0.0103736
0.0263255
0.00276911
0.00247788
0.00569053
0.00339949
0.0132328
0.0263255
0.0289938
0.0148673
0.0197681
0.0104737
0.00247788
0.00266832
0.00247788
0.0329298
0.00809039
0.00365804
0.0671272
0.00266832
0.00247788
0.00266832
0.00391245
0.0082702
0.141152
0.0509282
0.016852
0.0303249
0.0242332
0.0269018
0.0058607
0
0.0260948
0.0284604
0.0242332
0.0113792
0.00253449
0.0242332
0.00268977
0.0445772
0.0193345
0.00508866
0.00406904
0.146367
0.0566344
0.0258369
0
0.00702834
0.965866
0.769402
0.347282
0.0124287
0.99913
1.04
0.00679713
0.00306385
0
0.00555556
0.00249732
0
0
0.00311302
0
0.011585
0.0160623
0.00297211
0.00265497
0.0025562
0.0752893
0
0.0340154
0.0109679
0.052988
0.125701
0.0177932
0.00531461
0
0.0103238
0.0200457
0
0
0.00348709
0.00289471
0
0.00267139
0
0
0.149458
0.00299459
0.0263652
0
0.00326676
1.00664
0.467574
0.159089
0.00837008
1
0.771508
0.00942031
0.0772681
0.00294582
0
0.042438
0
0.00563011
0
0.00557497
0.00257731
0.00280415
0.00757192
0.00828562
0
0.00254976
0
0.0232288
0.00982917
0.0249125
0.202055
0.658483
0.0570959
0.0254194
0.00368374
0.00420537
0
0.0145267
0
0.0027243
0
0.00421357
0.00891421
0
0.00430536
0.00780852
0.00516189
0.00871712
0
0.034871
0.022582
0.00272387
0.940031
1.00715
0.0506118
1
0.848326
0.0129457
0.0258904
0.00286546
0.0129384
0.00278053
0.0155538
0.0156151
0.00254166
0.0155467
0.0127007
0
0.0132638
0.00279865
0.00805952
0.00249978
0.00266509
0.00391358
0
0.00821495
0.0114001
0.00249978
0.0164556
0.00249978
0
0.207847
0.166798
0.057656
0.0302039
0.00612283
0.0157521
0.0321545
0
0.00318556
0.00267253
0.00272014
0.00269684
0
0.0183694
0.0171927
0.0132638
0.0083791
0.00986691
1.01083
0.0447439
0.00298316
1.00603
0.99394
0.989085
0.00273277
0.0190878
0.0146985
0.0381736
0.00283946
0.0162981
0.00273354
0.00537805
0.066611
0.00295356
0.0132466
0.0164012
0.00273354
0.00286546
0
0.0191878
0
0
0
0.00852635
0
0.00288504
0.00286213
0.0191878
0.00746394
0.00549454
0.0198169
0
0
0.00859212
0.00556598
0.0225843
0
0
0.0114915
0
0.00852635
0.00849434
0.00355079
0.017285
0.0247012
0.0114915
0.0332409
0.0101629
0.00301718
0.00664254
0.127668
0.155248
0.0700466
0.0661597
1.03666
0.00273354
0
0.00372755
0.00405214
0.0271691
0.060013
0.00278354
0
0.00273354
0.00271303
0.0102508
0.0156842
0.00298335
0.00569209
0.00260458
0.00296028
0.083685
0.113156
0
0.00291598
0.010713
0.0223148
0
0.00850474
0.0110652
0.0114086
0
0.00733521
1.00589
0.110588
0.0117152
1.00606
0.76681
1.11215
0.00876881
0.00801653
0.0151504
0.00280042
0.0425938
0.0134031
0.00537128
0.00536976
0.0091149
0.00877375
0.010238
0
0.057442
0.00537128
0.0126997
0.0163452
0.00877129
0.0108928
0.00256685
0.0028626
0.00877129
0.0075739
0.00887556
0
0.0122664
0.0159093
0.0075739
0.0025295
0.00877129
0.0895041
0.0190598
0.00528559
0.0186508
0.127451
0.0295119
0.00724902
0.00918413
0.0209388
0.00290408
0.0142502
0.168965
0.0410314
0.0439812
0.828869
0.0328923
0.0310666
0.00411122
0.0788295
0.0330431
0.0174331
0.0190235
0.0375342
0.00283576
0.0217854
0.0149625
0.00289664
0.0187744
0
0.0206268
0.0281616
0.086961
0.00299511
0.00931861
0.0187744
0.0187744
0.0118012
0.0222916
0.0173129
0.092744
0.00409066
1
0.0194531
0.634953
0.459301
0.00546489
0.0086312
0.00286465
0.00570685
0.00546797
0.00867667
0.0189586
0.0414137
0.0162954
0.00514147
0.00546643
0.0192606
0.00278162
0.0170841
0.00286657
0.0190542
0.0189586
0.00319237
0.110258
0.00594396
0.0108371
0.0213607
0
0.279175
0.00286657
0.0170779
0.00295899
0.239468
0.293141
0.0442278
0.016561
0.00843158
0
0.00506861
0.0111876
0
0.00586767
0.00890322
0.00248447
0.0110666
0.00281334
0
0.0519915
0.00274762
0
0.00368151
0.0112916
0.037512
0.0108797
0.026648
0.00899137
0.00279558
1
0.00286626
0
0
0.00278162
0
0.00279912
0
0.00286562
0
0.00377622
0.0637035
0.00298931
0.0112947
0.00532045
0.15582
0.107915
0.0219368
0.00312399
0
0.00275301
0.0116151
0.0128583
0.0030054
0
0.00305231
0
0.0142305
0.00283759
1
0
0
0.00208408
0.00564115
0
0.00270059
0
0.00277316
0.00285978
0.0371712
0.00309411
0
0.00269548
0.132185
0.873981
0.637009
0.00280025
0.00478855
0.02041
0.0169138
0.0175121
0.00248447
0.00668759
0
0.0173437
0
0.0118649
0.00475654
0.00264042
0
0
0.00481165
0.00258358
0
1.01976
0.0107813
0.0113236
0.000763984
0.00772523
0
0.00754904
0.00755117
0.00371019
0.0226471
0.00754904
0
0.00300409
0
0
0.00303905
0
0.0682025
0.0136255
0.00437247
0.0954702
0.657486
0.93972
0
0.0383534
0.0180934
0.00300889
0.00594054
0.00870658
0
0.00833976
0.0400853
0.00754904
0.034135
0.00382801
0.00791864
0.00510417
0.00754904
0.0215084
0.00860637
0.00951313
0.0170956
0.00754904
0.824672
0.00618366
0.0318575
0.00300028
0.0618259
0.00269823
0.00296514
0
0.0027154
0.00269548
0.100962
0.00591453
0.00279542
0.00542166
0.00277975
0.00385069
0.136908
0.470577
0.9701
0.987505
0.0111131
0.0664769
0.00574962
0
0.00291575
0.00289169
0.138108
0.0293697
0.025933
0.00899455
0.0174512
0.0152477
0.030913
0.363641
1
0.0101205
0.0380698
0.00287349
0.00455016
0.0778225
0
0
0.0607396
0.00298477
0.252486
0.706532
1.04717
0.0565606
0.0104935
0.00306263
0.415966
0
0.014578
0.0380596
0.00343615
0
0.00273306
0.0170484
0.0162834
0.0435806
0.202727
0.12719
0.0453596
0.00267225
0.0302482
0.00274739
0.0907192
0.00299973
0.00255993
0
0
0.00985589
0.0053976
0.865737
0.345444
0.0166854
0.00299264
0.00849699
0.0316612
0.00279558
0.00278004
0.00767485
0.0328418
0.0382038
0.0193449
0.00293461
0.0303824
0.00306038
0.0194952
0.0193503
0.0193558
0.00302507
0.0835517
0.0193503
0.0149987
0.00249978
0
0
0.00277975
0.0188669
0.00303149
0.00850998
0.0284264
0.00288782
0.00459482
0.345513
0.00262438
0.0138917
0.0409239
0
0.00383084
0.01187
0.0153124
0.00310422
0.00326665
0.0193503
0.0258327
0.0232993
0.0193503
0.0252395
0.01062
0.0278506
0.0193503
0.0532568
0.0405077
0.00267055
0.117323
0.00258264
0.00256075
0.002532
0.00283068
0.184126
0.00259794
0.0392325
0.00823293
0.041901
0.00548457
0.0408338
0.00296815
0.0144409
0.0436495
0.00536341
0.00817315
0.0238005
0.00258471
0.00288422
0.00258778
0.0050482
0.00571533
0.0044121
0.0311238
0.00258778
0.00252113
0.0135272
0.00283235
0.00535767
0.187848
0.00264091
0.00736394
0.0114597
0.170462
0.00509593
0.0167096
0.00285097
0.0129241
0.0140569
0.00258778
0.0129389
0.201828
0.013952
0.00258778
0.0147551
0.00255815
0.00392676
0.0058921
0.00277715
0.00248765
0.00352865
0.0224964
0.00403498
0.00309846
0.002638
0.0216065
0.00280862
0.754101
0.00516429
0.00664814
0.00599268
0.0432129
0.00279558
0.0137209
0.00306837
0.00857931
0.0161007
0.00824867
0.0357736
0.00688228
0.00299352
0.00287581
0
0.0133655
0.00283209
0.00248447
0.0222386
0.00289618
0.00308654
0.00292064
0.0196381
0
0.00277715
0.00833144
0.00277715
0.00682843
0.00308176
0.0115286
0.0128749
0.00886513
0.00801177
0.0124224
0.00611293
0.0107229
0.167684
0.00519915
0.661816
0.00306735
0.00519915
0.00265347
0.00609705
0.00301752
0.00294629
0.00562087
0.142212
0.00279155
0.00269686
0.0114403
1
0.00291324
0.00396735
0.140872
0.00925715
0.0668759
