0.316255
0.0529834
0.647766
0.0161861
0.0644392
0
0.429334
0.0161861
0
0.0644392
0.0210704
0.021811
0.132578
0.0161861
0.011118
0.00737601
0.0644392
0.042131
0.021811
0.610409
0.0161861
0.011118
0.00809142
0.00737601
0.0644392
0.0632673
0.0422322
1.00096
0.0161861
0.011118
0
0.0759871
0.0633365
0.0204212
0.752659
0
0.0161861
0.00737489
0.0759871
0.0204212
0.39565
0.0209316
0
0.0161861
0.00999673
0.0529834
0.084735
0.0209316
0.0617398
0.0161861
0.00999673
0.0529834
0.0103115
0.00821709
0.320567
0.0161861
0.00766413
0.0755591
0.0204212
0
0.99787
0.011386
0.0323455
0.0390385
0.221813
0
0
1.00058
0.0161593
0.0390385
0.00945609
0.146694
0
0
0
0.3124
0
0
0.0234584
0.0786887
0
0
0
0.0446519
0
0.0156404
0.0673661
0
0
0.0154504
0.00797627
0.0330466
0.087485
0.0298621
0.0418495
0.0140951
0.0533006
0.0140951
0.0533006
0.00871659
0.0140951
0
0
0.0755535
0.0189385
0.0400301
0.00792581
0.00871659
0
0.00698196
0
0.0101744
0.0389072
0.00930604
0
0.0979466
0.0189385
0.867554
0.162759
0
0.00698196
0
0.0213664
0.0195758
0.0389072
0.00930604
0.0519643
0.237981
0.0189385
0.993005
0.170528
0
0.0101744
0.0195758
0.0195084
0.0188849
0.0552957
0.0588787
0.99926
0.155072
0
0.0101744
0.0195084
0.0095789
0.142335
0.0399402
0.305906
0.0230099
0.0975092
0
0
0.0197129
0.0218441
0.0201874
0
0
0.0195084
0.0095789
0.00913952
0.0327548
0.0191262
0.0399402
0.634589
0.0528201
0.0975092
0
0.0532368
0.0108864
0.161569
0.0161291
0.0341892
0.300174
0.388391
0.0191262
1.00243
0.00780242
0.0180768
0.00671423
0
0.00611018
0.0641265
0
0.315777
0.0161291
0.00865254
0.360195
0.345402
0.0191262
1.02116
0.00796803
0.00836868
0.00904757
0
0
0.00611018
0.0314285
0
0
0.233436
0.0329032
0.018249
0.340992
0.170478
0.018474
0.435215
0.0071166
0.00836868
0.00904757
0
0
0.00611018
0.0314285
0.0279728
0
0.233436
0.0329032
0.0360736
0.00644593
0.371803
0.104455
0.0188774
0.217115
0.0071166
0.00836868
0.0162474
0.0123926
0.0314285
0.119307
0.233436
0.0339032
0.0360736
0.00644593
0.362047
0.0512291
0.0188774
0.114961
0.0071166
0.00836868
0.0071846
0.0162474
0.0123926
0.0314285
0.441826
0.233436
0.0177741
0.0360736
0.00644593
0.3709
0.0415335
0.0188774
0.136147
0.0139466
0.0167157
0.0162474
0.0196329
0.043365
0.986914
0.317733
0
0.0273581
0.520761
0.0103204
0.0359399
0.0770463
0.0071166
0.0256141
0.0170522
0.00724037
0.0100152
0
0.833394
0.179353
0.0178635
0.00861735
0.345903
0.0103204
0
0.0427527
0.0071166
0.0256141
0.0112579
0.00849909
0.0120171
0.00724037
0.0100152
0
0.0785646
0.0799086
0.0596418
0
0.00728248
0.0256141
0.0112579
0
0.0264667
0.0107057
0.0338734
0
