0.124224
0.177451
0.274369
0.376885
0.266107
0.600346
0.554685
0.0170871
1
0.00310482
0.0147779
0
1
0.00525765
0
0
0.00687538
0.0446866
0.999468
0.0677014
0
0.0031135
0.00389854
0
0.0671017
0.993439
1.00804
0.00836845
0
0.00311757
0.0104606
0.0224132
0.999964
0
0.00312306
0.00298888
0.029791
0.00297933
0
1.01305
1.03713
0
0.00309493
0
0
0.00298843
0.0447345
1.01584
0.00300089
0.00298843
0.0864033
0.008938
0.0112066
0.00278948
0.922347
0.0146102
0
0
1
0.0471268
0.00295558
0.00291673
0.00611939
0.00278948
0.244429
0
0
0
0.00303381
0
0.00782586
0.00806068
0.0126972
0.0119013
0.0337267
0
0.00286968
0
0.00893552
0
0.991213
0.968617
0
0.00443338
0.00890279
0
0
0
0.0173047
0.00300142
0
0
0
1
0
1.00975
0
0.0126972
0
0.00586799
0
0
0.00301102
0.0214936
0
0
0
0.33193
0
0
0
0.00293319
0.00306125
0
0
0
0
0.114868
0
0
0.00286395
0.00924995
0
0
0.206991
0.00296822
0.00887039
0.138262
0.0109448
0.00296844
0.00298258
0
0.00284524
0
0.00290279
0.00567929
0
0.00290279
0.00290279
0.00299079
0.00567929
0.00637914
0.0878948
0.00264108
0.00893883
0.00298447
0
0.00301573
0.170121
0.00611135
0.00284522
0.0980389
0.995599
0.00284524
0.00299028
0.00290579
0
0.00305329
0.00280126
0.0145001
0.0451609
1
1.02409
0.00297443
0
0.0030108
0.00304848
0.0147957
0
0.00306666
0
0.00405166
0.0177709
0.00650608
0.00914002
0.0879891
0
0
0.464224
0.0141522
0
0.00281798
0
0.00301134
0.0104119
0
0.0392532
0.00378613
0
0.82787
0.181376
0
0
0
0
0
0
0
0.0323101
0
0.0333033
0.0514433
0.107784
0.00559018
0
0.00258224
0.00291359
0.00695533
0.0814886
0.479639
0
0.0243082
0.00855982
0.495464
0.264925
0.00305546
0.00248862
0.00293736
0
0.00336874
0.00618628
0.00304954
0
0.00407455
0.0110968
0.0292774
0.00844871
0.00393622
0
0.00731934
0.0116051
0.0230229
0.40605
0.118814
0.329678
1.00711
0.0549584
0.944625
1
0.00674338
0.0864785
0.00272691
0.00276407
0.00260465
0.028805
0
0.00833425
0.00677775
0.00278824
0.0156446
0
0.00291825
0.00899652
0.0056455
0.0113457
0.0548959
0.000268413
0.931801
0.010716
1
0.987827
0.00295741
0.00269811
0
0
0.00870716
0
0.0148709
0
0.00334723
0
0
0.00537693
0.00308635
0.0510836
0.0313105
0.00270421
0.896688
0.0337348
0.002612
0
0
0
0.00276755
0.0057198
0.0114258
0.0118609
0.00537954
0.0257925
0.188831
0.00276755
0.0372278
0.00298839
0.00584397
0
0
0.00610875
0
0
0.00269014
0
0.0289135
0.00275473
0
0.0196174
0
0.253863
0
0.129256
0.00292779
0
0
0
0.00610341
0.00250977
0.00418256
0.00964622
0.0250147
0.00305656
0.37873
0.00292243
0.00268604
0.00269038
0.0111037
0.00578888
0.00596425
0.0217138
1.01965
0.00616219
0.00326684
0.00523693
0.0500815
0.00292779
0.0104397
0.00582523
0.0177541
0.0078277
0.00292779
0.0132304
0.0201824
0.00975932
0.0078277
1.00619
0.00584397
0
0.00584397
0
0.00286791
0.0168933
0.00286807
0.00578888
1.00305
0.977098
0.0200805
0.00657545
0.0159726
0.0056085
0.0507093
0.0646543
0.00280045
0
0.00736512
0.00878169
0.0190762
1
0.00293125
0
0
0.641145
0.992644
0
0.0169482
0.0100019
0.00373098
0
0.00998494
0.00545366
0.00260642
0.0928687
0.00272479
0.0199848
0.00258088
0.00260642
0.00355421
0.0218997
0.00526852
0.00304978
0.00298874
0.0196408
0.00259974
0.10894
0.166017
0.0113312
0.00266717
0.0202039
0.00266717
0.00881037
0.00266717
0.00266135
0.0026621
0
0.0400353
0.00313149
0.0463314
0
0
0.311474
