0.382701
0.546677
0.503206
0.691225
0.445386
1.00481
0.0216048
0.00263377
0.0285865
0.0368889
0.00278771
0.00278771
0.503697
0.05688
0.00278771
0.00291316
0.00309745
0.00291316
0.00278771
0.00643317
0.00278771
0.00287826
0.0104539
0
0
0.0139385
0.0166645
0.00594947
0.00869544
0.00371315
0.0325723
1
0
0
0.0150704
0
0.00923938
0.00300792
0.00395973
0
0.00260362
0.0118792
1
0.0121837
0
0
0
0
0
0
0
0.0165054
0
0.00270788
0
0.00607792
0
0
0.00330107
0.00264489
0
0
0.00285114
0.0125559
0.0412634
1
0.113894
0.00292472
0.00899262
0.00271985
0
0.0206531
0.00300774
0.0136709
0.00265357
0.00275375
0.00275141
0.00344631
0.00277181
0.00289714
0.00327981
0.0334925
0.00286521
0.00279281
0.00265186
0.00272384
0.00280154
0.00449333
0.00280699
0.0115753
0.0251787
0.0231547
0.0196783
0.0143495
0.0271811
0.393162
1.03876
1.05365
0
0
0
0.0110554
0.00555459
0
0
0.0137983
0
0
0
0
0
0
0
0.00274705
0
0.00539194
0.00279229
0.00279109
0.00275375
0.00299012
0.0027806
0
0.0027804
0.0142608
0
0.00275375
0.00578242
0.0055525
0.00966452
0.0183503
0
0
0
0
0
0
0
0.00277181
0
0.00683857
0.00623395
0
0
0.00287434
0
0
0.00580326
0.00562854
0
0
0
0.0339972
0.0140711
0.00859852
0.0204074
0.22684
0.986818
0
0.00364711
0.00282782
0
0.0190811
0
0
0.00273515
0
0
0.0115654
0.00281353
0.00279229
0
0
0.00279229
0.00279229
0
0.0167307
0.00284782
0.00825419
0.0109852
0
0
0
0
0.022418
0
0
0.00840012
0.00353372
0.00555143
0
0.00362009
0
0.0258576
0.00294374
0
0
0.0549331
0
0.0137663
0
0
0.00267547
0.00292747
0.00280359
0.301619
0
0.002696
0
1.07513
0.989018
0.00557697
0.00280359
0
0.00478653
0.0238232
0.0164255
0.00281039
0.00280905
0.00280359
0.00467265
0.00296849
0.00280359
0
0
0
0
0
0.00419724
0.00809336
0.00614482
0.0202784
0.0165456
0.00275375
0.00266838
0.0119921
0.0027713
0.00287192
0.0138924
0.00279816
0
0.00385398
0.00965356
0
0.00260573
0.00281768
0.00418898
0.0101167
0.000599897
0.00266846
0
0.00271994
0.00553735
0.00280359
0
0
0
0.00281039
0.00549692
0
0.0275996
0.0026566
0.096127
0.00552623
0
0
0
0
1.06599
0.389964
0
0.00406479
0
0.0379237
0
0.00855578
0.00280359
0.00277181
0
0.00447546
0
0.00697308
0.00302421
0.00862188
0.0044824
0
0
0.00280293
0
0
0.00298827
0
0.00537989
0
0
0
0.00302524
0.0153895
0.132823
0.0178907
0.0442455
0.0122065
0.0417362
0.0108073
0
0
0.00274949
0.00302043
0.0112207
0.00893868
0.0109872
0.0029574
0
0
0.00274949
0.00286992
0.00302921
0.00348854
0.06278
0.00286237
0.00286992
0.00312491
0.00290543
0
0
0.0152822
0.0214506
0.00848463
0
0
0.0058022
0
0.00430487
0.0168458
0.00896481
0.0203576
0
0
0.00555697
0.0856348
0.0281828
0.0334794
0.0335496
0.00581679
0.00568501
0.0412288
0.0026823
0.00574336
0.0083329
0
0
0
0.00850338
0.0319794
0.967957
0.65116
0.00283366
0
0.00271337
0.0230129
0
0.0098962
0.00299764
0
0.00293146
0.00283446
0
0
0.00268115
0
0.00601795
0
0
0.00628187
0.00297083
0.0122505
0
0.00283562
0.0232695
0.00669629
0.00563855
0.0165898
0.00297205
0.0231328
0.00569407
0.0248808
0
0.00563855
0.00286992
0.00283562
0.00284889
0.00348631
0.0945054
0.0028821
0.0373947
0.0201687
0.00286992
0.0026519
0.00291698
0.00299219
0.00280293
0.00272077
0
0.012125
0.00311246
0.0112257
0.0193206
0.0332849
0.00560507
0.00293778
0.00557866
0.00288212
0.00428768
0
0
0.0107071
0.00591292
0.00760149
0.012785
0.0107192
0.00528772
0.01437
0.00287754
0.0056648
0.00364977
0.00655815
0.00296529
0.0586855
0.0203341
0.00879906
0.00302888
0.0026566
0
0.0118782
0.00580898
0.00545296
0.0113063
0.0105652
0.0829586
0.00284684
0.00305185
0.00263915
0.0617472
0.00278389
0.00579465
0.00554362
0.0112468
0.00361541
0.00837601
0.00298918
0.0119579
0.0840208
1.1251
0.550416
0.00282837
0.00541661
0
0.00275692
0.0041607
0.0155358
0.00494932
0
0
0
0
0.00282917
0
0.00263915
0.00290766
0
0
0.00311051
0.0144827
0
0.00261071
0.00403956
0.00813444
0.00865094
0.0133042
0
0.0413095
0.00264002
0
0
0
0.00293945
0.00271148
0
0.00264002
0
0.00264002
0
0.00769164
0
0.0119617
0.0147105
0.0156712
0.00297497
0.00296959
0.00549873
0.00298827
0
0.00279233
0.0400846
0.00600261
0.0028599
0.00583951
0.005338
0
0
0.00264002
0.021022
0.00275942
0.0068251
0.034897
0.00608032
0.00271616
0.00512589
0.00293984
0
0
0.00695855
0.0170137
0.00285057
0.00588514
0.00845516
0
0.0027686
0.0351482
0.00550782
0.00880122
0.00283562
0.00263915
0.0400549
0.0109822
0.00857226
0.00349715
0.0365142
0.00586771
0.00865116
0
0.0160831
0.00283562
0.0026946
0.00268983
0.00847007
0.00300103
0.0116493
0
0.24392
0.00265723
0.00293311
0.00289005
0.0028855
0.00264002
0
0.00360144
0.0092823
0.00289696
0.00559513
0
0.00568456
0.00293229
0.00289158
0.00264106
0.00403222
0.00276897
0.00284383
0.00422698
0.008527
0
0.00718812
0.0111071
0
0.00820347
0
0.00428868
0.00267709
0.00524173
0.00730115
0
0.00579633
0.00267709
0
0
0.0146153
0.0365257
0.00294029
0.0231139
0.0128465
0.00297052
0.00267709
0
0.0026519
0
0.00598446
0.0031014
0.00267709
0.00259742
0.00299783
0.0026519
0
0
0.0241801
0
0.00285823
0.00408886
0.00879456
0.0621703
0.00282482
0.00289607
0.00310867
0.00569864
0
0.00470803
0.00676151
0.00792478
0.0276248
0.00304896
0.00528674
0
0.00282482
0.0044884
0.00306396
0.00706204
0.0370926
0.0029203
0
0
0
0
0
0.0027833
0.0148407
0.00304896
0
0
0.00318593
0.00286164
0
0
0.00568057
0.00296776
0
0.447328
0.00271413
0.00293229
0.00824923
0.0031679
0.0335311
0.0128711
0.00311985
0.00276258
0.00280982
0
0.00255679
0.00536263
0.00468537
0.00268108
0.0153899
0.00290659
0.0117782
0.0233544
0.00552628
0
0.00679095
0.00805614
0
0.0362097
0
0
0.00457274
0.00291289
0.00757072
0.0086522
0.00582017
0
0.00277593
0.00275692
0.00274949
0.0027506
0.00446128
0.0089022
0
1
0
0.00560708
0.00267801
0
0
0.00304232
0.0128383
0
0.00587554
0.0334032
0.00531802
0
0
0.00525384
0.00311261
0
0.0114772
0.00423914
0.00289399
0
0
0.0056476
0.0028314
0.00580042
0.00565317
0
0
0.0089022
0.00292553
0.0121005
0
0.00282917
0.00284287
0.0105892
0.00277143
0.0123599
0.00820771
0
0.00375748
0.00286164
0
0.0113809
0.00559213
0.00531679
0.0056667
0.00296762
0.00289939
0
0
0.00297452
0
0
0.0104573
0.0055827
0.0117628
0
1.03313
0.00535291
0.00276666
0
0.00271148
0.00276588
0.00429536
0
0
0.0116659
0.00296629
0.00264106
0.00296229
0.00271413
0.00569816
0.00345735
0.00595855
0.0146857
0.00276933
0.00749861
0.00268973
0
0
0
0.0043413
0
0
0.0147892
0
0.00875577
0
0
0.632947
0
0.00535819
0
0.00267709
0.0359589
0.00298419
0.0709023
0.0029674
0
0
0
0
0.0179296
0.00310533
0.00964726
0.00276729
0.00573576
0.00604879
0
0.0245818
0.020296
0.00440176
0
0
0.00743631
0.00290659
0.00272503
0
0.0029674
0.00748143
0
0.0153731
0.00881853
0.00302399
0.00280391
0.0055717
0.0121225
0.00540694
0.00563117
0.0292861
0.00289396
0.00634349
0.00301363
0
0.0134699
0.00601922
0.00289757
0.00263899
0
0.00845087
0.00515529
0
0.0058734
0.0179164
0
0.00539558
0
0
0.00582585
0
0.00428426
0.00290895
0.00286156
0.00271337
0
0.0028855
0.0028288
0
0.00884665
0.00592656
0.00764784
0.00740009
0
0
0
0.0115878
0.00281878
0.00628848
0.00555975
0
0.00271175
0
0
0
0.0166497
0
0
0
0
0.938428
0.0221249
0.00275692
0
0.0248757
0.0036634
0.0578361
0.00571144
0.0803126
0.00821328
0
0.0029348
0
0.00385053
0.011691
0
0
0
0
0
0
0
0
0.00289757
0.0276052
0.00297419
0.0378337
0
0
0
0.0252799
0.00286164
0
0.00816454
0.0132839
0.0028784
0.0355787
0
0
0.00283737
0.0028855
0
0.0449173
0
0.00976322
0.00583453
0
0
0
0
0.00284822
0.00548645
0
0
0
0.002902
0
0.00753863
0.0302114
0
0.00271148
0
0
0.0122996
0.00279041
0
0.00271148
0
0.935814
0
0.00295453
0.0183271
0.0244776
0.00274344
0
0
0
0
0.00423415
0
0
0
0.00474676
0.0194929
0.0167343
0
0.00281591
0.00289116
0
0
0.00575731
0.0121308
0
0
0
0
0.00296713
0.00300084
0.0038048
0.00276738
0.0220596
0.00286317
0.0142037
0.00574787
0.00274344
0
0.00627441
0.00739495
0.00739495
0.852546
0.00274344
0.0128574
0
0.00282996
0
0
0
0.00299557
0
0
0
0.00271148
0.00591634
0
0.00276477
0
0
0.00261967
0.00265544
0
0.00877611
0.00255876
0.00267437
0.00415711
0
0.0263357
0
0
0
0.0306782
0.00261967
0
0.00555082
0.00368917
0.00306882
0.384014
0
0.00378514
0
0
0.0122832
0.00564476
0.00273321
0.0191718
0.00554653
0
0
0.00395419
0.00258905
0
0
0.0649292
0.0122497
0.00299111
0.00288702
0.00293288
0.00317584
0
0
0.00293882
0
0.00982735
0
0
0.00263283
0.0135149
0
0.00876067
0
0.057081
0.00296495
0.00294349
0.833602
0.00298138
0.00272823
0
0
0.0086385
0.00310802
0.00288491
0.00298222
0.0177542
0.0027677
0.00262843
0.00411285
0.0234857
0
0.00282051
0.013597
0
0
0.00569926
0
0.00271529
0.00260497
0
0.00271529
0
0.00283915
0.00300061
0.0058651
0
0
0.00305943
0
0.0177674
0.00586287
0.00901754
0.0029081
0.0115371
0
0.00594298
0
0.195648
0
0.00311961
0.00289635
0.00294281
0.00298138
0.00286829
0.00579551
0.00573369
0.00298222
0.00275985
0
0.00286748
0.00389791
0.0028795
0.00420212
0.00866405
0.00291216
0
0
0.0216726
0.0057807
0.00282051
0
0
0
0
0
0
0.00301359
0.00837306
0
0
0.00300993
0.00276376
0
0
0.00278101
0
0.00299797
0.00279249
0.0121512
0.00928026
0
0
0.0111835
0.00868797
0.0106323
0.00313964
0.00267592
0.302037
0.00286667
0
0.00252235
0.00575035
0.0167238
0.00289635
0.00257763
0.00582636
0.00298222
0.0028795
0
0
0
0
0
0.00306682
0
0.00836272
0.00298222
0
0
0
0
0
0.00602254
0.00274219
0.00287875
0.00584516
0.00362818
0
0.00560791
0
0.00821989
0.0028795
0
0.00577197
0
0
0
0.00298
0
0.00283847
0
0
0
0.0187811
0
0
0
0.00298
0
0
0.00573883
0
0
0
0
0
0
0
0.00611219
0.00850467
0.0083281
0.00264561
0.0292279
0.0087845
0.0202358
0.00580503
0.0118595
0.0233899
0.0171888
0.00950892
0
0
0.00292279
0.573576
0
0.0028795
0.00292078
0.00583984
0.00292078
0
0.00567122
0
0
0.00936886
0
0.002697
0.00251424
0.0061668
0
0.00286748
0.00292279
0.00299358
0.00266127
0.00286412
0.00312818
0
0
0.00261967
0.00278386
0.00298222
0
0.0027276
0.00275481
0.0028795
0
0.0209413
0
0
0.00557282
0.0112271
0.00306374
0.00275417
0.00285739
0.00268306
0.00288491
0.00550983
0.00444394
0.00776715
0
0.00577818
0.0200427
0.00574319
0.00714289
0.00288491
0
0
0.00271456
0.00388358
0
0.00305655
0
0.00287417
0
0.00298222
0
0.012385
0
0
0.00310046
0
0.00809099
0.00283613
0.00298
0.0215778
0.00605012
0.00452488
0.00298222
0.00286854
0
0.00298032
0
0
0.00258521
0
0.0101137
0.00285145
0.0137152
0.00286969
0
0.00887456
0.0114651
0.00296502
0.0250118
0
0
0.00590078
0
0.0206277
0.00298222
0.0149271
0.00560409
0.0251563
0.0210096
0.00306391
0.00288063
0.0175953
0.697549
0.0621404
0
0.0106249
0.00300324
0
0.00251424
0
0
0.00566521
0
0
0.00450745
0
0.00304399
0.00277688
0
0
0.00273286
0
0
0.00579114
0.00275985
0
0
0
0.00451806
0
0.0140047
0
0.00275985
0
0.00859827
0.00289457
0.0141581
0.00269964
0.00547602
0
0.00772231
0.00403543
0.0170419
0
0.014078
0.0630428
0.00848639
0
0.00269964
0.00268599
0.00547189
0.00874941
0
0.0200584
0.009033
0
0
0
0
0.00560211
0.00291739
0.00779696
0.0371247
0
0
0
0.0171551
0
0
0.00560211
0.00276813
0
0.0117454
0.00579702
0.00896761
0.0341004
0.00295819
0.0059028
0
0.00848368
0
0.00885014
0.0285405
0.00267592
0.00298
0
0.00299198
0
0.0381707
0.0146852
0.0113202
0.0213406
1.0034
0
0.00582956
0.0133315
0
0.9178
0.119845
0.00268523
0
0.00320319
0.00619249
0.0174107
0.00299466
0.00582172
0.00268599
0
0.00286492
0
0.0107123
0.00331111
0
0.00314235
0.0167696
0.00268599
0
0.00255812
0
0.00288643
0.0181561
0.00280793
0.00271529
0.0057221
0.00291612
0.00297391
0.00389401
0
0
0.0117093
0.00268599
0
0
0
0.0087897
0
0.00263522
0
0
0.0132607
0.00297122
0
0.0147025
0
0.0237103
0
0.00286621
0
0
0
0.00508015
0.0117128
0.0290534
0.00575003
0.0650825
0.00251424
0
0
0.00865617
0
0.0319994
0.029034
0.00287504
0.00295133
0.0110381
0
0
0.00302073
0
0
0.00384388
0.0520655
0.00276224
0.0630785
0.00876034
0.00267592
0.00293534
0.00301751
0.0514758
0
0.0423223
0.00610829
0.00560957
0.0419854
0
0.00242073
0
0.00554561
0
0
0.0221061
0
0.0029761
0.003022
0
0.86756
0
0.0419422
0.00268599
0.0907209
0.00286331
0.00579277
0
0.0171849
0.00298569
0
0.00286412
0
0
0.00286412
0
0
0
0.00369894
0.0122759
0.00860245
0.00301942
0.0059134
0.00286412
0
0
0.00575029
0.00602967
0
0
0
0.00586773
0.00373539
0.00552262
0.00579114
0
0.00284419
0
0.00288643
0.00580959
0
0.00537493
0.00905096
0.0029504
0
0.00302353
0.00895316
0.01216
0.00288643
0.00574043
0
0.0244328
0.00914031
0.0086093
0.00590784
0
0.00286854
0.00311471
0.00406168
0.0331002
0.0177486
0.00298174
0
0.0124129
0.00591391
0.00251899
0.00574043
0
0
0
0.00777637
0.00861212
0.00584417
0
0
0.00624113
0.00555189
0.00292279
0
0.00287643
0.0157913
0.0729302
0.00571454
0.0146986
0.0234568
0.0319138
0.00290181
0.00292279
0.0158473
0.00876477
0.00398563
0.00308796
0.0181474
0.0322753
0.0379474
0.933675
0.00307876
0
0.011064
0.00557112
0.314515
0.00290596
0
0
0.00335511
0.00285768
0.00273779
0
0.00584353
0.00588032
0.00297481
0
0.00531494
0
0.00701379
0.00558479
0.0121878
0
0.00593528
0.00292279
0
0
0.00300964
0
0
0
0.00290565
0.00304821
0.0177895
0.00583815
0
0
0
0
0.00254763
0.00849305
0
0.00540484
0
0
0
0.0035433
0.00826095
0
0.0111994
0.0117959
0.0805648
0
0
0
0.00773273
0
0.00579487
0.00297857
0
0.00240027
0
0.00566889
0
0.00294588
0.0183016
0.0290666
0.0120193
0.00612148
0.00251424
0.0128342
0.00566889
0
0
0.00566889
0.00948397
0.0166045
0.0117394
0.00748664
0.0124807
0.00589854
0.0056951
0.00293137
0.00611715
0.0143083
0.0135584
0.0233853
0.00868634
0.0115301
0.0150737
0.082964
0.00273318
0.00271977
0.00835239
0.00297354
0
0.0288695
0.00285967
0
0.0317064
0.0523343
0.105785
0.0719275
0.984021
0.00566461
0.0237357
0.00872438
0.951628
1.0989
0.00285223
0
0.00252936
0.0150432
0.00620835
0.00538838
0.00297373
0.00542942
0.00285303
0.0260348
0
0.00951413
0.00864746
0
0.00641169
0.00519623
0
0.00861521
0.00286324
0.0026744
0
0
0.0101848
0.00281928
0
0
0.00539178
0.00255813
0.00565593
0.00285914
0.0841224
0
0.0027947
0
0.00255813
0.00543731
0.08854
0.00286866
0.0165236
0.00849382
0.0158049
0.00249243
0
0.00256196
0.00267693
0.00403916
0
0.00290916
0.00799135
0.0210313
0.0849559
0.00857432
0.0254624
0
0.00269028
0.00790794
0.00266099
0.00293137
0.0040452
0.0155848
0.086783
0
0.00848671
0.00284891
0.00545728
0.0030193
0.00279671
0
0.00868838
0.0332779
0.0207595
0.00882328
0.00288452
0.00250594
0.0690192
0
0.00236164
0.00279671
0.00295133
0.0087713
0.00578114
0.00279671
0
0
0.0110089
0.0521833
0
0.00302633
0.0125217
0.00327929
0.00267259
0.00542102
0.00274772
0.00297373
0.0201266
0.04019
0.00545043
0.0165203
0.0119972
0.0455685
0.00268803
0.00262967
0
0.00889223
0.00801669
0.0103019
0.0588455
0.0561151
0.214462
0.0709482
0.737506
0.967963
0.00284748
0.0110868
0.00841142
0.00530407
0.609697
1.00608
0
0
0
0.00968928
0
0
0.0359641
0.00535847
0.00298672
0
0.00289704
0
0.0213445
0.00248765
0.00983466
0.00535847
0.00284963
0.00821117
0
0
0
0
0.00254907
0.00443359
0.00286488
0.00285303
0
0.00502438
0
0.0449932
0
0.00273997
0.00784866
0
0.00258949
0.00277249
0.0031289
0.00363229
0.0121514
0.00304132
0.00571044
0
0.169597
0.00758781
0.00864611
0
0.00265241
0.00532399
0.00269919
0.00277471
0.00326862
0.172591
0.00906276
0.00592373
0.00562169
0.00253213
0.00529157
0
0.00925453
0.00880067
0.0255444
0.0156934
0
0
0
0.0211957
0
0.00239489
0.00293137
0
0.00527982
0.0114172
0.006631
0.0132525
0.00918321
0.00603407
0.0122324
0.006952
0
0.00571687
0
0.00806764
0.008519
0
0.00290008
0.0349575
0.0180988
0.048037
0.00866087
0.00600774
0.0266824
0.0404621
0.00561022
0.00239835
0.00264461
0.0112199
0
0
0.0182997
0.0354049
0.0110648
0.0334464
0.0182372
1.01166
0
0.0221912
0.0104947
1
0.959764
0
0
0
0.00256005
0
0.00260699
0.00859349
0.0210282
0
0
0
0.00299198
0.0110461
0.00256077
0
0
0.00328057
0.00275742
0
0.00303536
0.00281596
0.00279036
0
0
0.00549764
0.00270412
0.00283988
0
0.00280551
0.00278475
0
0.0110056
0.010991
0
0
0
0
0.00549764
0.00280551
0.00276948
0
0
0.00265241
0.00828539
0.00281513
0
0.00524105
0.00760385
0.00261679
0
0.0085321
0.0292168
0
0.00527521
0.00290793
0.00280551
0.00338803
0.00278014
0.0208153
0.00873236
0.0111224
0.0028711
0.00277064
0.00290279
0.00461774
0.0070102
0.016418
0.0501346
0.0262344
0.00277064
0
0.00277064
0.00279549
0.00545621
0.0140493
0.00343097
0.0109074
0.0127124
0.115825
0.00556746
0.00563287
0.00258072
0
0.00285914
0.00822397
0.00286894
0.00787818
0.0141065
0.00869145
0.0470573
0.015898
0
0
0.00517455
0
0
0.00547826
0.00285914
0
0.00638111
0.960433
0.0668345
0
0.354842
0.0053766
0.00945277
0
0
0.00294069
0.0106626
0.00564643
0.00591738
0.00301703
0.00528859
0.00504563
0.00282345
0.00292124
0
0
0.00562912
0
0
0.00542558
0.0166696
0.00536588
0.00258395
0.00315221
0
0.00564474
0.00256196
0.00701374
0.00283606
0.00266868
0.00851679
0.00281807
0
0.0144763
0
0.00845575
0.0103981
0
0.0028398
0
0.00264461
0.00241159
0.00285242
0.010004
0
0.0027517
0.00276813
0.00683452
0.0115611
0
0.00654936
0
0.00264461
0.00590329
0.0025301
0.00317354
0.00549041
0.0513858
0.0208855
0.00849899
0
0.0025282
0
0.00513397
0.00791309
0.00871038
0.00761202
0
0.0146181
0.00283168
0
0.00268608
0
0
0.0082909
0.00531729
0.0022115
0.0280872
0
0.00303444
0.0106773
0
0.00818766
0
0.0057534
0.00692996
0.0587806
0.0059526
0.00270191
0.0112131
0
0.00237764
0.00558479
0.0027463
0.00541625
0
0.0213025
0.00515474
0
0
0.00361388
0.884917
0.00275235
0.0241873
0.00558479
0.140953
0.00299282
0.032379
0
0.0114571
0.016772
0.00289354
0.00286746
0.00545418
0.00546563
0.00562494
0.00299113
0.00270788
0.00824576
0
0.00310918
0.00819934
0.00287141
0.00851006
0.00270788
0.00836683
0.0026744
0
0.00688617
0
0
0.00291079
0.00285303
0.00480511
0.00279065
0
0.00558775
0.00269892
0.00276407
0
0.00828565
0.00256005
0.00278475
0.00279065
0.00288695
0.0117032
0
0.00336592
0
0.00528474
0.00282383
0.00285303
0.00257641
0
0
0
0.00265243
0
0.0199358
0.00246042
0
0.00269188
0.0154632
0.0847802
0.0117656
0
0
0
0.00272389
0.0133732
0.00769568
0.0177257
0.00284339
0.00263331
0.00267817
0
0.00562408
0.00558792
0
0.00282175
0.0031071
0.00343287
0.0123983
0
0
0.0845683
0
0.0121475
0.0184877
0
0
0
0.00525548
0.0042895
0.00397652
1.07508
0.00284558
0
0
0.161266
0.00284768
0.00262922
0.00251439
0.00820728
0
0
0.00264788
0.0025265
0.00252578
0.00825049
0
0.00253074
0.0025265
0.00277503
0.0025265
0.00276972
0
0
0.00803907
0
0
0.00255778
0
0.00271384
0.00545937
0.00588285
0
0
0.00508991
0.00291166
0.00523247
0.00284827
0.00273382
0.00283484
0
0.00517345
0
0.00682186
0.00288886
0
0.00789062
0
0.00256005
0.00558855
0.00550733
0.00356629
0
0.0292627
0.0137361
0.0147959
0.0300888
0
0.00243724
0.0028899
0.00546807
0
0
0.0200474
0.0195769
0.00285822
0
0
0
0.00243008
0.00260762
0.00489654
0.0154205
0
0.00692923
0.00387116
0.0027024
0.00830007
0.0187083
0
0.00289624
0
0
0.0189889
0.00883565
0.00757189
0
0.00573922
0.00549278
0.0276422
0
0.00558229
0.00260762
0.00254205
0.0194091
0
0
0
0.00561228
0
0.00552696
0.905122
0.0028256
0.00966229
0.00264862
0
0.00277064
0
0.00253142
0
0.00338976
0.00850178
0.0168175
0
0.00258395
0.0027868
0.00276274
0.0050079
0.00246173
0.00509026
0
0.00246929
0.00305333
0.00276422
0.00887598
0.00533044
0
0.00250196
0
0.00291166
0
0
0.00579203
0.00246042
0
0.00584105
0.00402657
0.00900599
0
0.0146317
0.00264788
0.00255778
0
0.00256457
0.00353112
0.00296937
0.032502
0.0111725
0.0175145
0.0231478
1.33343
0.00284848
0.00278235
0.00305858
0.00262267
0
0
0.0126839
0
0.00302522
0
0.00289052
0.00278664
0.00244257
0.00298487
0
0.00290281
0.00664795
0.00554603
0
0.00289052
0.00287079
0.00275768
0.00519733
0
0.0163699
0.00870282
0.0217095
0
0
0.0092888
0.00540725
0.00265521
0.00276274
0.00265528
0.00289464
0.00516078
0.0233808
0
0.00626375
0
0.00278664
0.467022
0.00519793
0.0134837
0.0028158
0.00696946
0.0235249
0
0
0
0.00258395
0.00567544
0.0178461
0
0.00347523
0.00546275
0
0
0.0105517
0.00290631
0.00552692
0.00564662
0.00705596
0
0.00506947
0
0
0.0105704
0.01563
0.00277471
0
0.0029231
0.00699714
0
0.00533442
0.00531716
0.00798814
0.00277471
0
0.0079631
0.00287824
0
0.00832071
0
0.013098
0.00835875
0.00546428
0.0130964
0.00404006
0
0.105369
0.00815499
0.00887036
0
0.0266063
0.00257489
0.00519778
0.00278475
0.147457
0.0146468
0.00285222
0.962401
1.03956
0.0739998
0.00764163
0.00560839
0.00545854
0.00573158
0.00643429
0.0382326
0.00995581
0.0151692
0
0.00282175
0.0131034
0.00677445
0.00455644
0.00269188
0.0053409
0.0110461
0.0119739
0.0353701
0.00578346
0.00274185
0.0775105
0.0025282
0.00274517
0.00250487
0.00494975
0.00284339
0.0286393
0
0.00906721
0.00730747
0.00273531
0.0028201
0.00389331
0.00275675
0.00999696
0.00562421
0.00278974
0.00278031
0.0277215
0.00305512
0
0.00721214
0.0239678
0.0054361
1
0.00811594
0
0.00840984
0.00895461
0
0.00258395
0
0
0.00539463
0.00281675
0
0.0199502
0
0.00870552
0.00271046
0.00258395
0
0
0.0185053
0
0.0057895
0
0.00834373
0
0.00287824
0.00537552
0.00286597
0.00295884
0.00296858
0
0.00295884
0.0056065
0.00256005
0.00286586
0.00292349
0.00287824
0.00570843
0.00279687
0.00567369
0.0202001
0.00258172
0.00278475
0.00291496
0.0657036
0.00309739
0.00296053
0.0391177
0.00863326
0.00278475
0.00713919
0.0294548
0.0028601
0.583193
1.01589
0.00504214
0.00256457
0.00307389
0.00530165
0.0187774
0.0387836
0.00382079
0.0110731
0.00737361
0.0130525
0.00410485
0.00533573
0.00357423
0.00298794
0
0.00782396
0.00279499
0.0499722
0
0.00278
0
0.00849661
0.0437748
0
0.00394078
0.0108043
0
0.00264426
0.00377815
0.010025
0
0.0028248
0.00288991
0.00775249
0.00291283
0.0317071
0.00757872
0
0.0028248
0.00506065
0.00421366
0
0.00278356
0.00256324
0
0
0
0.00470497
0.00264715
0.00632049
0
0.00256397
0.00541873
0.0028248
0.00287259
0
0.00253003
0
0.00287824
0
0.00295772
0
0
0
0.00290435
0.00265747
0.00789166
0
0.00279036
0
0.0280643
0
0.0156359
0.00282175
0
0
0.178128
0.293073
0.00269477
0
0.00253003
0
0.00260686
0.0221889
0.00729222
0
0.00267333
0.00250746
0
0.00305233
0.0105596
0.00282131
0.0680559
0.00281925
0
0.00288991
0.0294058
0.00429688
0.00793851
0
0
0.00278356
0.00446021
0
0.00902284
0.00806134
0.00360143
0.00295921
0
0
0
0
0
0.00313231
0
0.00441851
0
0.00291248
0
0.00302129
0.00279036
0
0.00289052
0.0634806
0.00265141
0
0.00555843
0.00289052
0.00292424
0.010843
0
0.078753
0.201432
0
0.00292502
0.00302078
0.00545785
0.0216592
0.0046293
0.00465061
0.0060529
0.00730747
0.0108371
0.00261467
0.0282298
0
0.00561423
0.00856029
0.00298659
0
0.00283066
0
0.00430924
0
0.0127891
0
0
0
0
0.0232639
0
0
0
0.00250479
0
0
0
0.00260289
0
0
0.00292299
0.00292299
0.00292349
0
0.00984093
0.00301355
0.00298331
0.00292299
0.00292299
0.00292299
0.0216086
0.201508
0.221266
0.00298571
0
0.00542428
0.0216086
0
0.00293363
0.00720285
0.0184502
0.00298271
0
0.00320127
0
0.00287824
0.00891141
0
0.00291476
0
0
0.00290797
0.0169606
0
0
0.00289387
0
0
0
0
0
0
0
0
0
0.00947503
0
0.0292349
0
0.501772
0
0.00590468
0
0
0
0
0.00289417
0.003602
0.0123353
0.00281323
0.00300986
0
