0
0.260132
0
0.00654369
0.602005
0.00654369
0
0.410855
0.0131613
0.164422
0
0
0.0144769
0.0131613
0.627018
0
0
0.0206022
0.0203728
1.00381
0
0.0206022
0.762732
0.0192681
0.0131613
0.413502
0.0556517
0
0.00654369
0.0800808
0.0169322
0.0556517
0.0249332
0
0.0141728
0
0.0208295
0.0106929
0
0.0329919
0.0129834
0.0177728
0.0556517
0.499753
0.0169129
0.00829348
0
0.00935922
0.0143975
0.0647169
0.0636434
0
0.0221972
0.0329919
0.0129834
0.0155627
0.0385154
0.0179989
1.00175
0.0169129
0.027454
0.0172491
0
0.0188891
0.129784
0.0737673
0
0
0.0329919
0.0129834
0.0192474
0.0179989
0.992062
0.0169129
0.0138011
0.0172491
0.00935922
0.109088
0.0207959
0.00705659
0.0300776
0.0492028
0.0388173
0.558663
0.0138011
0.0174916
0.00952987
0.0218131
0
0.0524246
0.0492028
0.0195699
0.0966359
0
0.00853598
0
0.0103877
0.0145886
0.00727479
0
0.0193885
0
0.00853598
0
0
0
0.0144605
0.0119923
0.075861
0.00939681
0.0103722
0.0222068
0
0
0.0125992
0
0.0119923
0.0164796
0.0577437
0.0137178
0.0175385
0.00939681
0.0147689
0
0.0103609
0.0132717
0.021558
0
0.0363863
0
0.0119923
0.00982604
0.0164796
0.0163378
0.0393492
0.0137178
0
0.0175385
0.00939681
0
0.0203171
0
0.0082691
0.0531317
0.00748647
0
0.0606699
0.0123384
0.0256894
0.00982604
0.00940451
0.0347413
0
0.00910285
0
0.0538191
0.00866571
0
0.0175385
0.0214514
0.00882392
0.00624169
0.00927945
0
0
0.013772
0
0.320756
0.0300168
0
0.132847
0.014206
0.0259672
0.0184296
0
0.0348324
0
0.00910285
0.01717
0
0.0269741
0
0
0
0
0.0171715
0.0203111
0
0
0.00699912
0.036959
0
0
0.00714351
0
0.855533
0.0151108
0
0.0486084
0.012274
0.039798
0.0280315
0
0.0173907
0
0.0193833
0.0171556
0.0270728
0
0.0111066
0.0184531
0.0171715
0.0636698
0.00960282
0.00888133
0.0069833
0.0276579
0.010133
0.0146101
0
0.007531
0.919689
0.0290321
0.0359507
0
0.012274
0.0276145
0.0184296
0
0.0173907
0
0.00910285
0.0168188
0.0670678
0.0173903
0.0335538
0.0206359
0.0620032
0.0169769
0.00790092
0.0644026
0.0290971
0.068147
0.0291977
0
0.0081175
1.00106
0.0216377
0
0.0359507
0.0124097
0.0237567
0.0138308
0.00982604
0.0171723
0
0
0
0
0
0.0142223
0.0542896
0.0173903
0.0321621
0.0183451
0.0200603
0.0179926
0.00869965
0.0540633
0.0144981
0.0585048
0.0221525
0.0103357
0
0.758934
0.00651467
0.0251847
0.0237567
0.0138308
0
0.0151567
0
0
0.010283
0.0168188
0.0142223
0.0528157
0.0173903
0.0111066
0
0
0.019071
0.0165513
0
0.0537219
0.0144981
0.0790325
0.0431496
0.0103357
0.511536
0.00901481
0.0165151
0
0.0116609
0.0137199
0
0
0.010283
0.0168188
0.0142223
0.0121137
0.0351753
0.0325486
0.0151105
0.0821562
0.00816148
0.0127401
0.0442477
0.122511
0.0281724
0.0207398
0
0.871745
0.00753395
0.00975592
0.0640334
0.0128216
0.0141385
0.0116609
0.0140664
0
0.0168473
0
0.010283
0.0142223
0.119948
0.0351753
0.0114032
0.0116906
0.0459964
0.195007
0
0.00684132
0.0274273
0.27581
0.13463
0.0104041
0.00832684
1.00071
0.0207048
0.00837182
0.121975
0.0128216
0.0278477
0.0252301
0.0118697
0
0.0168473
0.0108998
0.0163016
0.0159183
0.0106669
0.0322097
0.0142223
0.0807059
0.0104116
0.0116906
0.0151217
0.232532
0
0.00684132
0.0266627
0.0128012
0.3253
0.117303
0
0.0158965
0.927735
0.0285599
0.0183345
0.123012
0.0128216
0
0
0.0118697
0
0.0168473
0.0108998
0.0152047
0.0151266
0
0.0159183
0.0199689
0.0142223
0.0807094
0.00842462
0.0104116
0.0240122
0.0178018
0.211088
0
0.0167197
0.01392
0.0264034
0.0283332
0.285879
0.109628
0.00965834
0.0326078
0.570723
0.00661033
0.0183345
0.0930098
0.0128216
0
0
0.0247697
0.0171845
0.0168473
0
0.0091099
0.0334333
0.00975375
0
0.0142223
0.0929863
0.0166546
0.0210475
0.0325151
0.0385808
0.251505
0
0.0200984
0
0.0266021
0.304678
0.0581976
0.0192693
0.024799
0.244576
0.0076414
0.0168369
0.0470346
0.0128216
0.0431249
0.0239218
0.0169685
0.0168473
0
0.0156038
0
0.0334333
0.0287782
0
0.030563
0.0930742
0.00842462
0.0212526
0.342801
0.0178018
0.0326841
0.251324
0
0.0178736
0.0131727
0.00881599
0.0557059
0.296022
0.0360312
0.0192693
0.00739899
0.00604814
0.0168369
0.0305639
0
0.0288759
0.03759
0.0289913
0.0317358
0
0
0.0310987
0.00988855
0.0159183
0.0197608
0.0156608
0.0454341
0.118316
0.00842462
0
0.951744
0.0178018
0.0161037
0.241876
0.0259883
0.0487727
0
0.0275929
0.327104
0.0292984
0.0287759
0.00739899
0.013189
0
0.0168369
0.0305639
0.0130425
0.0126866
0.0531071
0.0191126
0.0169685
0.0554111
0
0
0.0156038
0.0338765
0.0198053
0.0321781
0.0295969
0.105041
0.016882
0.0109508
0.996344
0.0178018
0.0151021
0.23134
0
0
0.0415891
0
0.0550733
0.336061
0.0226035
0.0286609
0.0231576
0.0563075
0
0.0172896
0.0305639
0.0256955
0.0135465
0.0137907
0.0191126
0.0169685
0.0185349
0
0.0179581
0.0190706
0
0.0164677
0.0909495
0.0252182
0.0109508
0.863279
0.0373141
0.0151021
0.141515
0.00983258
0
0.0139687
0.00859385
0.260005
0
0
0.0541396
0.0563075
0.0151577
0.00891773
0.0465528
0
0.0117042
0.0137907
0
0.01037
0.0140433
0
0.0201119
0
0
0.0394941
0.00842462
0.204956
0.0178018
0.0320142
0.0195695
0
0.00709168
0.0173992
0.0284699
0.0210941
0.0392407
0.00604814
0
0.00891773
0.0159747
0
0.0117042
0
0
0
0
0
0.0323739
0
0.0832986
0.0200478
0.0195071
0
0.00997031
0.0073138
0
0.0154672
0.00891773
0
0
0.0222029
0
0
0.00806819
0.00692781
