0.00641238
0.0577756
0.330878
0.00880009
0.012825
0
0.00729823
0.018694
0.0129282
0.00682024
0.0208487
0.010373
0
0.58309
0.00663237
0.012825
0.00947373
0.0128089
0
0.00729823
0.00928062
0.0129282
0.0140625
0.010373
0.0109352
0
0.411403
0.00663237
0.012825
0.00947373
0.0128089
0
0.00729823
0.00928062
0.0129282
0.0140625
0.010373
0.0109352
0
0.196062
0.0146087
0.012825
0.00947373
0.0128089
0
0.00928062
0.0242341
0.00929662
0.0140625
0.010373
0
0.628038
0.0146087
0.00654097
0.012825
0.00947373
0.0128089
0
0.00928062
0.0242341
0.0140625
0.010373
0
0.995575
0.0146087
0.00654097
0.012825
0.00947373
0
0.0199812
0.00928062
0.0242341
0.0140625
0.010373
0
0.752658
0.0172941
0.0095026
0
0
0.00654097
0.01388
0.017529
0.012825
0.0190569
0.00902881
0
0
0.0403812
0.00791856
0.00928062
0
0.0230812
0
0.00738381
0.0119589
0.403154
0
0.0095026
0.00883162
0.00700106
0
0.051919
0.00652009
0.00866589
0.0717675
0.0241956
0.00935656
0.0154511
0.020136
0.0189365
0
0.0210608
0.0204
0.00834513
0
0
0.024438
0.0075899
0
0
0.0108821
0
0.0774261
0
0.0274157
0.00898451
0
0.0139896
0.054573
0.020078
0
0.153307
0.0241956
0
0.00947373
0.0286386
0.0124206
0.0282806
0.0191089
0.00822787
0
0
0.0248465
0.0299568
0.0300837
0.0102503
0.0120998
0.0236289
0.0415707
0.00871047
0.0140846
0.0337262
0
0.00977491
0.0310651
0.0186618
0
0.0139948
0.0180747
0.0277576
0.00928078
0
0.678658
0.0117344
0.0178186
0.110249
0.0306286
0.0197282
0.0128298
0.0286669
0.0188099
0.0206258
0.0165744
0.0204581
0.0146233
0.0507345
0.0149607
0
0.0585056
0.0101439
0.0120998
0.0360973
0.0209237
0
0.0140584
0.0350249
0.00939373
0.0289006
0.0627314
0.0189925
0.00902158
0.0214417
0.0134257
0
0.0207694
0
1.00477
0.037869
0.0188403
0.108842
0.082875
0.0195974
0.0255471
0.0218567
0.00935684
0.0206258
0.0564373
0.0204581
0.0146233
0.0761123
0
0.0204444
0.11047
0.0520064
0.0244703
0.0235584
0.0277011
0.0141853
0.0173273
0.00974179
0.0289006
0.0644524
0
0.0263686
0.00744686
0
0
0.00712375
0.00927511
0.00728516
1.00212
0.0377062
0.00962097
0.0777569
0.0841292
0.00962666
0.0255471
0.0218163
0.0281266
0
0.0571193
0.0211031
0.0149752
0.0380761
0.00771545
0.0204444
0.12545
0.041603
0
0.037767
0.0212509
0.00909863
0.0217634
0.0347716
0.00974179
0.0093579
0.0315164
0.00838232
0.0218399
0
0.0180061
0
0.00927511
0.00728516
0.784756
0.0251607
0.0190661
0.0154511
0.0424735
0.00962666
0
0.0281432
0.0188001
0
0.0410995
0.0310416
0.00744864
0.0129097
0.0150594
0.0102274
0.037394
0.0313916
0
0.0367579
0.00727732
0.00756903
0.0191328
0.0471392
0.0183091
0
0.0144032
0.0140027
0
0.00676087
0.00959474
0
0.416862
0.0124612
0.0309997
0.0108987
0
0.0253623
0.028274
0.00935684
0.0413055
0
0
0.0150594
0.0302112
0.0206141
0
0
0.021741
0
0.00986888
0
0
0.00873712
0.00676087
0.137838
0
0.0152966
0
0
0.0161545
0
0.00734124
0.0127204
0
0.0171859
0
0.00668833
0.0103827
0
0
0.0530494
0.0434018
0.009466
0.00851474
0.00668833
0
0.019032
0.0171406
0.0164682
0
0
0
0.0185868
0.0290495
0.00966129
0.00895432
0.0114379
0
0.019512
0.0243709
0.00719592
0.0114581
0.0236531
0.00805091
0
0
0.0171406
0.00848849
0.00670797
0.0123605
0.0136654
0.00934238
0
0
0.00852833
0.0456282
0.01984
0
0.0114379
0.00852591
0
0.009168
0.0139419
0.0249776
0.00756486
0.0107285
0.0221571
0.0122947
0.106413
0
0.00805091
0.00713593
0
0
0.0171406
0.00848849
0.00670797
0.0123605
0.017079
0.0205192
0.00934238
0
0
0
0.00852833
0.0614706
0.01984
0
0
0.00945644
0.0392385
0.00859631
0.0286921
0.0285265
0.0127328
0.0077042
0.0411942
0.0214426
0.0369695
0.371622
0.00674322
0
0.0142186
0
0
0.0191769
0
0.0171406
0.0254833
0.0138016
0.0144074
0.017079
0.0470648
0.00934238
0
0
0.0125747
0.00908707
0.173152
0.0107495
0.00969333
0.013102
0.0270763
0.139175
0.0241904
0
0.0577847
0.0378901
0.00803755
0.0106141
0.0290995
0
0.0249141
1.03935
0.0067746
0
0.0363696
0.034352
0.0291476
0.0470388
0.0171406
0.0437237
0.00709364
0.0278115
0.0165053
0.00664875
0.00853038
0.0214854
0.00955773
0
0.0179513
0.156734
0.0107495
0.0198821
0.0621324
0
0.0100356
0.137014
0.00754523
0.0214631
0.0436566
0.0746036
0
0.121008
0.0366373
0.00936169
0.0246803
0.968219
0.00666932
0
0.0581713
0.0164985
0.0102309
0.0290325
0.031398
0
0.00910674
0.00709364
0.0141245
0.0364085
0.0125592
0.0094614
0.007661
0.0474413
0
0.0350203
0.155254
0
0.0185553
0.100723
0
0.0100356
0.195542
0.00754523
0.0104727
0.0451784
0.110354
0.00758748
0.183037
0.10218
0.00995542
0.0364635
1
0.0134415
0
0.00740103
0
0.01925
0.0378651
0.0318319
0
0.0163553
0
0.0261704
0.0904582
0
0
0.0154179
0
0
0.0260258
0.0605939
0.010096
0
0.0637121
0
0.0100356
0.177174
0.0104727
0.0149739
0.0869866
0.133442
0.0583007
0.0102014
0.0241688
0.934739
0.00616503
0.0184385
0.0355327
0.0162071
0
0.0290325
0.0303794
0
0.0270088
0.00714141
0.0148148
0.0179049
0.00655358
0.00674068
0
0
0.0187225
0.0470102
0
0.00871619
0.0892171
0.0149426
0
0.0762587
0.00790206
0.0104727
0
0.0645338
0.00772489
0.121173
0.0382356
0
0.0117832
0.633842
0.0350484
0.0273421
0.145493
0
0
0.0191552
0.0285238
0.0169425
0.0266802
0.00673881
0.0690938
0.00692812
0.00787764
0.0100771
0.036933
0.095007
0.00981991
0.0255062
0.0218448
0.018657
0.0758
0.040609
0.0231602
0.036638
0.00794464
0.149008
0.0371712
0.158758
0.0241688
0.912749
0.00740814
0.0184385
0.181336
0
0.0285262
0.0616589
0
0.0354066
0.00673881
0.070936
0.0196388
0
0.0191607
0.0280367
0.203963
0.00981991
0
0.0128262
0.0213351
0.0189462
0.34319
0.0486075
0
0.0424987
0.0622378
0.0148541
0.259161
0.180965
0.157104
0.0235851
1
0.0478583
0.0269535
0.165901
0.0334051
0.027635
0.028794
0.0467897
0.0362912
0.0348438
0.00673881
0.0176064
0.0129107
0.0138057
0.0466274
0.0177703
0.168939
0.0384513
0.00762864
0.0175629
0.307097
0.0241241
0.019159
0.0573966
0.0609929
0.00690944
0.287714
0.197976
0.0200613
0.0363231
0.991084
0.0818679
0.00909853
0.0795195
0.0333424
0.0273116
0.00873497
0.0148441
0.0171581
0.0166996
0.021305
0.0129153
0.0365254
0.0130377
0.0138057
0.0468531
0.0246617
0.0451292
0.153407
0
0.00896594
0.0368002
0.00652265
0
0.246773
0.0231501
0.063539
0.0620342
0.00690944
0.278331
0.139725
0.00993024
0.0362803
0.748552
0.0534029
0.00839844
0.0425251
0
0.0276717
0.0092198
0.0148441
0.00779268
0.0145288
0.0129153
0.0130377
0.00936446
0.02867
0.0101703
0.0113944
0.0178224
0.10459
0.019881
0.0185694
0.0626374
0.00652265
0.00908488
0.347815
0.030658
0.0706091
0.0246966
0.00690944
0.23685
0.0573859
0.0199427
0.0360517
0.310369
0.033
0.00839844
0.00723264
0.0187394
0.0275096
0
0.016685
0.107419
0.0277751
0.0172797
0.0133474
0.00936446
0.0213777
0.0230003
0.0546484
0.121134
0.0100952
0
0.180997
0.00709647
0.00944556
0.245139
0.0228315
0.0093771
0.0852499
0.0600605
0.0143246
0.368265
0.0207117
0.0297632
0.011725
0.0725748
0.0062496
0.0563445
0
0.0154918
0.0183779
0.0277934
0.0156332
0
0.0997821
0.00707912
0.0415802
0.0172797
0
0.00855139
0.0283535
0.00974194
0.0363209
0.0366267
0.135044
0.030421
0.0187862
0.550683
0.0137005
0.00870893
0.283021
0.00786134
0.0926454
0.0477031
0.0296444
0.333086
0.0226244
0.0392533
0.0356848
0.287087
0.013668
0.064743
0
0.0328639
0.00944368
0.0368804
0.0146185
0.0166917
0.0912463
0.054893
0
0.00608573
0.0179303
0.0282205
0.00974194
0.0124135
0.0827773
0.199072
0.0197314
0.00963935
1
0.00709647
0.0176322
0.379178
0.00786134
0
0.092481
0.0477031
0.0224016
0.395146
0.0226244
0.0197367
0.0598623
0.263777
0.00695468
0.0754692
0.0134329
0.0165672
0.0183779
0
0.0638159
0
0.027909
0.0172569
0.00725786
0.0376169
0.0534722
0.128816
0
0.0197082
1.03351
0
0.28439
0
0
0.0570507
0.0123392
0
0.282542
0.00676036
0.0105608
0.0706369
0.315047
0.0127661
0.12298
0
0
0.0184465
0.0143623
0.00894674
0.0360423
0.0453055
0
0.0101184
0.446904
0
0.11708
0.00746224
0.021389
0.0115553
0
0.15417
0
0.0243532
0.0633152
0
0.114102
0
0.0143623
0.00894674
0.00913361
0
0
0.26454
0
0.0115553
0
0.0206761
0
0.0129502
0
0.114102
0
0
0.0143623
0.0725376
0
0
