0.00357488
0.00675968
0.0031075
0.00304452
0.00308663
0.00297906
0.252225
1.30232
0
0
0
0.472869
0.0422752
0.0149815
0
0.00302792
0
0.976487
0.243019
0.00299629
0
0
0.143307
0.964141
0.00312311
0.00304406
0
0.998709
0.0031327
0
0.00299629
0.00613036
0.0298768
0
0
0
0
0.55767
0.00579132
0.00374099
0.00550789
0.00579132
0.0167874
0.00430908
0.0145849
0.00271141
0.00285832
0.00605911
0.00530335
0.0116961
1.00277
0.0418979
0.00256618
0.0389076
0
0
0
0.00262225
0
0
0.00272908
0.00265513
0.00542401
0.00835481
0.00519937
0.0243011
0.701025
0
0
0.00274017
0
0.00276632
0.00274017
0.00570606
0.00275276
0.00281272
0.00268903
0
0
0.00572493
0.0616993
0.00556307
0.00810271
0.0879949
0.0605382
0.474208
0.98716
0
0.0137506
0
0.0068753
0
0.00273839
0
0.0028766
0
0.00282537
0
0.00282543
0
0
0.00296589
0
0.00254792
0
0.0116961
0
0.00913292
0.0194378
0.00682881
0.00281319
0.0105975
0.00291575
0.0173463
0.00693317
0.00748116
0
0.00270288
0.0386622
0
0
0.00715711
0.00258589
0.00281239
0.0918397
0.909352
0
0.0030749
0.00274934
0.00250628
0
0.00249096
0.00571601
0.00282599
0
0
0.00298844
0
0.00266581
0
0.00296589
0.0148294
0
0.00569657
0.00554158
0
0.00564105
0
0.0771696
0
0
0.258888
0.0027509
0.00286029
0.0322279
0.00307994
0.00295646
0.00286029
0.00281379
0
0
0.00286029
0
0.00410759
0.0408651
0
0
0.00395827
0
0.0102745
0
0.00278739
0.00286427
0
0.00248509
0.0139297
0.0148069
0.0422273
0.00282463
0.00533171
0.00282543
0.00282623
0.00546573
0.00546481
0.00295462
0
0.00286029
0.00847629
0.00288546
0.00561041
0.00287716
0
0.0106524
0
0
0
0.0115462
0.00259171
0.00264769
0.00847629
0.00259179
0.00541714
0.00415619
0.00263889
0.00296589
0.00282543
0
0.00813954
0.00255113
0
0.00279064
0.00282543
0.00293795
0.00284127
0.00267093
0.0170546
0.0101029
0.244782
0
0
0.0106951
0.00250628
0
0
0
0
0.00296138
0.00533875
0.00341136
0.00294165
0.00276264
0.00259857
0.00296138
0.00300994
0.00283723
0.00269412
0.0126916
0
0.00290719
0.00250628
0.00300994
0
0
0
0.00326906
0.0028789
0.0106594
0.0220893
0.0339385
0.00256389
0
0
0.00256244
0
0
0.00256317
0.00899269
0.00275012
0
0.00821963
0.00428223
0
0.00285525
0.0062354
0.00276264
0
0.00308694
0.0221974
0
0
0
0
0.00272514
0.00355906
0
0
0
0.00272293
0.00377835
0
0
0.00267634
0
0.00353414
0.00310382
0
0.00288269
0.00294524
0
0.00794715
0.00301964
0.00774119
0.00268801
0.00305432
0.00294524
0
0.00571483
0
0
0.0111492
0.00961188
0.0868224
0.00299391
0.0034175
0
0
0.00282599
0.00268837
0
0
0
0
0
0.00393745
0
0.0026603
0
0.00249587
0.0054551
0.00278598
0
0.00249372
0.00505785
0.00680106
0.00299756
0.00288446
0.00261553
0.00256618
0.00249372
0.0111885
0.0979408
0.023739
0.0153793
1.03649
0.0128297
0.00278598
0.00283718
0
0.0032869
0.0121014
0.00271866
0
0.00858495
0.00557633
0
0
0.00280583
0
0
0.0187733
0
0.00485003
0.00649643
0.00771954
0.00814169
0.00988628
0.0061583
0
0
0
0.00433095
0.00727505
0.00531464
0.00290079
0.00282599
0
0.0249646
0.00297974
0.00914149
0.0157393
0
0.00315981
0.00282599
0
0.00557611
0.00469375
0.00812753
0.00816931
0.0349402
0
0.488424
0.00295909
0.0155458
0.00851193
0
0
0.00295992
0.00564248
0
0.002628
0.00770725
0
0
0.00280265
0.00310871
0.00256618
0
0.00282365
0
0.00259171
0
0
0.00570935
0.00442539
0.0173699
0.0204211
0.0121774
0.988428
0.0177495
0.00259171
0
0
0
0.00278598
0
0.00410982
0
0.00308021
0.00289737
0.00777512
0.00295909
0
0
0.00296183
0
0
0.00286248
0.00392874
0
0.00273989
0
0
0.00298993
0.0058718
0.00533818
0
0
0.00589734
0
0
0
0.00545629
0
0.00882461
0.00586274
0
0.00275012
0
0
0.00275012
0
0.0238497
0.00873107
0.0265003
0
0
0.00281312
0
0
0.00275012
0
0.00271769
0
0.00555678
0.00315148
0.0541619
0
0.972873
1.02795
0.00294928
0
0.00845775
0.00694863
0
0.00249442
0
0.00283553
0.00581877
0
0.00467716
0.00785966
0
0.00286196
0
0
0.0125911
0.00294524
0.00251259
0.0029622
0
0.00807873
0
0.0030166
0.00261255
0.00294524
0.00256618
0.00305327
0.0223602
0.0481171
0.01764
0.0239942
0.996482
0.017164
0.0082909
0
0.00277079
0.0029622
0.00571454
0
0
0.0031034
0.00296809
0.0347098
0.00857571
0.00288374
0.00546491
0
0.0177579
0
0.0145132
0.00283625
0.00254144
0
0
0.00718852
0
0.0142201
0
0.00618584
0.00300142
0
0
0.00272522
0.00582605
0
0.00607744
0
0.00294524
0.0174437
0.00305474
0.0108168
0.0184462
0
0
0
0
0.0165152
0.00572982
0.0111493
0.0143729
0.600429
1.01958
0.00295825
0
0.0023948
0
0.00528839
0
0.00895283
0
0.00249587
0.00285403
0
0.00844418
0
0
0
0.0058829
0.00284148
0
0.00854645
0.00852445
0.00289031
0
0.00308952
0.00256317
0.00605068
0.021629
0.0566008
0.0118314
0.00614038
1.00706
0.061757
0
0.00280385
0
0.00256618
0
0.0849293
0
0.00388836
0.00609238
0.0138132
0.0108677
0
0.00272522
0.00256618
0.00296652
0
0
0.00265292
0.00293826
0.0166507
0.00293948
0
0
0
0
0.00431097
0.00769853
0.00801609
0.00249729
0.0257012
0.0822926
0
0.00841154
0.00277258
0.00393283
0.00278598
0
0
0.00862194
0
0.00571671
0
0.0268674
0
0.00843521
0.00595042
0.00921392
0.00743177
0.0172917
0
0.00301537
0.00811592
0.00540621
0
0.00299068
0.0133526
0
1.04536
1.00681
0
0.0152038
0.0812688
0.00440068
0.00693197
0
0
0.00591067
0.00816756
0.00530092
0.00302485
0.011245
0
0.00287325
0.00300237
0.00762904
0.0157295
0
0
0.0206908
0
0
0
0.00296367
0
0
0
0
0
1.00794
0.977608
0.0302509
0
0
0.00283098
0.00280385
0.0412355
0.0170644
0.00290894
0.00294789
0
0.0939024
0.00275556
0
0.00280385
0.00283098
0.0174601
0.00290651
0.00260512
0.00397997
0.00941241
0.0026005
0.00278598
0.00494797
0.00875081
0.0195746
0.00423284
0
0
0.00928659
0.00270066
0
0
0
0
0
0
0.00249372
0.00282372
0
0.0209705
0.00278598
0.0237545
0.00306472
0
0.0111956
0
0.0025216
0
0.00249372
0
0.00277131
0
0.0117911
0.00603407
0.0111495
1
0
0.00282452
0
0
0.0114456
0.00294157
0
0
0
0
0
0.00581763
0.0030726
0
0
0.0147039
0
0
0.00289031
0
0
0
0.00290418
0.00294078
0
0
0
0
0.0508556
1.03336
1.00273
0.00278149
0
0
0
0.00296132
0.0462418
0.083429
0.0428605
0.00283098
0
0.024884
0
0.00499292
0
0
0.00277765
0
0
0.0123171
0
0.0144216
0.0127756
0.00305943
0.00277765
0.00283223
0.00588121
0
0
0.00889893
0.00278751
0
0
0.0118932
0
0
0.012585
0
0.00291556
0.00276817
0
0.00424922
0
0.00284073
0
0
0
0
0.0253355
1
0.193602
0
0.00565926
0.00892419
0
0.00405369
0
0
0
0.00295909
0.0027756
0.00578147
0.00285629
0
0
0.00886554
0
0.00622492
0
0.00290089
0
0.00578147
0
0.00280245
0.00295778
0.00591644
0.614767
0.00581924
0
0
0
0
0
0
0
0.00297866
0
0
0.0026181
0
0.00289278
0
0.00744877
0.0125814
0.00573944
0
0.00300142
0.00306032
0
0.00764304
0.00293358
0.00874828
0
0.0657915
0.00296011
0
0.00293566
0
0.00292557
0.0162053
0
0.00602656
0
0
0.00276817
0.0028593
0
0.00887963
0.00295306
0.0148929
0.012795
0
0
0
0.0231607
0
0
0.00286787
0.0059433
0.00282876
0
0.00309592
0.00311666
0.0605582
0
0
0
0
0.0115709
0
0
0
0.00296608
0
0
0
0
0
0.698391
0.00265812
0
0.0179476
0
0.010973
0.00310492
0.00333942
0.0300226
0.00306113
0
0
0.00321581
0.00289435
0.00299884
0.00351793
0.00599183
0.00603268
0
0.00638887
0
0.170039
0
0.00308341
0.0445527
0.207559
0.00285432
0.00422727
0.0030682
0.00424551
0
0.00302073
0.00291215
0.487452
0.00418378
0.0114401
0.0251686
0.00277258
0.00602288
0.00263805
0.00293566
0.00373187
0.00297372
0
0.00293566
0.00310434
0.00610303
0.00282876
0.0149026
0
0.00601128
0
0.00366958
0.992456
0.00963999
0.355421
0.0122798
0.00697753
0.00373734
0.324633
0.531215
1
0.00298499
0.00407045
0.00298499
0.00298499
0.00836377
0.00298184
0.00310501
0.0550151
0.00358447
0.746284
0.631164
0.00250913
0.987393
0.00282272
0.00732987
0.0549061
0.312793
1
0.00281694
0.00298499
0.00752258
0.00250913
0.00249649
0.00250913
0.00286529
0.00250913
0.00267088
0.006451
0.00726187
0.00243317
0.00290519
0.00405163
0.00290536
0.00250913
0.0059069
0.00930951
0.961217
0.00286529
0.00489727
0
0.00711111
0.116686
0.313783
0.00293983
0.00584434
0.00584434
0.00297472
0.0246015
1
0.0030492
0
0.0658121
0.0109008
0.962927
0.634526
0.00289965
0.00263114
0.00290413
0.00303589
0.00292652
0.00358447
0.00965034
0.00883319
0.00586265
0
1
0.980011
0.00248675
0.00390722
0.0161329
0.014925
0.94594
0.620925
0.00559686
0.00311562
0.00639641
0.0188185
0.00885868
1.0011
1.02926
0.00716323
0.0085908
0.0059531
0.00290536
0.0526551
0
0.0031282
0.00876558
0.051594
0.641994
0.0124771
0.00292652
0
0.00583065
1
0.618408
0.018464
0
0.0263479
0.21817
0.00296832
0.313915
0.00298466
0.00293835
0.0121819
