0.0373927
1.33951
0.326942
0.00303978
1
0.224913
0.894817
1
0.00256552
0.0151989
0.285481
0.0153931
0.0696666
0.00303896
0.0198824
0.0103141
0.00286707
0.00251351
0.00285516
0.0126032
0.270847
0.0132308
0.0117439
0.0212051
0
0.994553
0.00825131
0.00312118
0.0312153
0.917239
0.00285153
0.00598391
0.177209
0.00306285
0.00297663
0.0129785
0.023124
0.0029259
0
0.00576749
0.00875883
0.0029259
0.0121424
0.0029259
0.0029259
0.00594569
0.00309714
0.104685
0
0.97671
0.002996
0.00731474
0.002996
0
0.0255646
0.0926209
0.955045
0.0117755
0.00570478
0.55107
1.00185
0.896563
0.00284817
0
1.00751
1
0.858916
1
1
0.792943
1
0
1
0.0254701
0.724291
1
0.0112221
1
0.146564
0.526267
0.0841855
0.00464732
0.023793
0.382732
0.00270284
0.00802718
0.00623732
0.269067
0.0213095
0.373666
0.134604
1
0.221044
0.600884
1
0.311384
0.995495
0.00848404
0
0.983332
0
0.284878
0
0
0.00926548
1
0.00305355
0
0.0218963
0.543831
0.665732
0
0
0
0
0.629458
0.981861
0
0
0
0.00800711
0.899377
0.382583
0
0.580719
0.96243
0
0
0
0.00307257
0
0.0139362
0
0
0
0
0.369083
0
0
1
0.31143
0.00303403
0.0087092
0.225934
0
0.0211955
0.00309486
0
0
