0.0249118
0.023847
0.0249118
0.229202
0.012535
0.0135817
0.6797
0.012535
0.0135817
0.794195
0.012535
0.0135817
0.794195
0.012535
0.0135817
0.498999
0.00631855
0.0137552
0.266138
0.0127178
0.266138
0.0127178
0.266138
0.0127178
0.290297
0.0125695
0.0097159
0.0195353
0.404205
0.0347797
0.0195353
0.525539
0.0347797
0.0205247
0.0360138
0.323394
0.0416403
0.0598055
0.0270695
0.193064
0.0489972
0.0156874
0.0395839
0.0355106
0.153747
0
0.0627542
0.0142957
0.0395839
0.0270695
0.140079
0
0.0627542
0.0124331
0.0395839
0.036283
0.126815
0
0.0845085
0.0149248
0.106131
0.0124631
0.159723
0.0365844
0
0.0124631
0.434809
0.00881958
0
0.849739
0
1.00325
0
0.721828
0.273106
0.0330084
0.0133567
0.0211198
0.0562992
0.0137782
0.0115404
0.0562992
0.00674181
0.0115404
0.0562992
0.172096
0.00674181
0.0115404
0.0562992
0.172096
0.00674181
0.0115404
0.0562992
0.172096
0.0105976
0.0713128
0.172096
0.0850998
0.172096
0.0850998
0.172096
0.0850998
0.172096
0.0850998
0.172096
0.172096
0.0331404
0.190173
0.0331404
0.0180776
0.0331404
0.0180776
0.0331404
0.0180776
0.0331404
0.0180776
0.0331404
0.0180776
0.0439357
0.0439357
0.0287336
0.0439357
0
0.541245
0.0149396
0.0439357
0
0.0414722
0
0.994743
0
0
0.0149396
0.0563883
0
0.0206193
0
0.338887
0.0126102
0.0206193
0
0.0132779
0.0126102
0
