0.0175604
0.108005
0.0175604
0.414338
0.0175604
0.730462
0.0175604
0.80316
0.0175604
0.80316
0.0175604
0.616855
0.0175604
0.207722
0.0175604
0.207722
0.0175604
0.207722
0.0139109
0.0143636
0.00883165
0.2273
0.0207079
0.00771475
0.0180663
0.00642993
0.548344
0.0105071
0.0137641
0.00771475
0.0571301
0.679645
0.0190255
0.0574003
0.00890196
0.0327027
0.0974326
0.46271
0
0.0650161
0.00890196
0.00971837
0.0484104
0.0133156
0.0974326
0.340912
0
0.00885434
0.0732238
0.0315435
0.00971837
0.0484104
0.0133156
0.134847
0.269041
0
0.012292
0.125108
0.0103007
0.0146229
0.00971837
0.0410445
0.0133156
0.0858379
0.00839028
0.252688
0
0.0196595
0.012292
0.140624
0.0103007
0.0146229
0.0410445
0.0133156
0.0965485
0.00839028
0.226858
0
0.0196595
0.012292
0.155951
0.0103007
0.00671028
0.0146229
0
0.0410445
0.0133156
0.143511
0.00839028
0.164008
0
0.0196595
0.012292
0.201124
0.0103007
0.00671028
0.0146229
0
0.0169848
0.00745474
0.107752
0.00839028
0.132007
0.0190736
0.0139742
0.0121691
0.0370819
0.0100623
0.620858
0.0103007
0.0135741
0.0476262
0
0.00778161
0
0.0123326
0.0172453
0.00820762
0.0908291
0.159738
0.0190736
0.0267947
0.0121691
0.0196595
0.0138461
0.0124844
0.0100623
0.959972
0.0103007
0.0135741
0.100752
0
0.00778161
0
0.0433472
0
0.0712339
0.159518
0.0190736
0.0693934
0.0121691
0.0138461
0
0.0100623
1.00369
0.0289581
0.117414
0
0.00778161
0
0.0124678
0.0609656
0
0.154697
0.101176
0
0.0705166
0.0136833
0.882783
0.00784536
0.084087
0
0
0.0432976
0.0267562
0.0524369
0.0514821
0.0418326
0.0071777
0.398446
0.0207526
0.0146851
0.0509403
0
0
0.0260552
0.0134615
0.0206745
0.0428512
0.0418326
0.0592085
0.0103666
0
0.0339114
0.0146624
0.00865892
0.0103784
0.0281375
0.0300912
0
0.0166883
0.0146624
0
0.0541678
0.0145733
0.0146624
0.155574
0.0145733
0.0146624
0.155574
0.0145733
0.0146624
0.155574
0.0145733
0.0146624
0.155574
0.0145733
0.0146624
0.155574
0.0145733
0.0146624
0.155574
0.0140153
0.0146624
0.155574
0.0286559
0.155574
0.155574
0.155574
0.015556
0.00763016
0.00763016
0.00770084
0.527817
0.801529
0.412474
0.13701
