0.268337
1.32195
0.753806
0.0138004
1
0.299653
0.900242
1
0.794748
0.00503183
0.00562331
0.00265193
0.0123718
0.157071
0.0196659
0.00289105
0.00251266
0
0.00272689
0.0116772
0.038262
0.98954
0.00850266
0.0130283
0.00265405
0
0.0273611
0.559029
0.950577
0.00259699
0.00295061
0.00264927
0.0137459
0.00299458
0.0115194
0.0923502
1.00311
0
0.0027822
0
0.00288383
0.0295298
0
0.0115642
0.241657
0.00259658
0.0025508
0.010836
0.00291332
0.00258537
0.00311071
0.00300279
0.00302242
0.0658777
0.0426697
0.00259658
0.00259658
0.00295161
0.00259796
0.0171165
0.0043464
0.0166042
0.00290239
0.00304203
0.00313241
0.0137103
0.00290239
0.0124388
0.00294999
0.00304421
0.013278
0.0128625
0
0
0.00266215
0.00585847
0.00258995
0
0.0911657
0
0.935104
0.00492164
0.0083111
0.0094679
0.00738246
0.00290843
0.0220241
0.00287934
0.0220526
0.0205874
0.00286272
0.00419659
0
0
0.00295081
0.00266788
0.00442254
0.0434028
0.00600653
0.0366168
0.988016
0.0345487
0.00295081
0.00259658
0.0126358
0
0.00871055
0.00287601
0.0111282
0.00591583
0.00553684
0.00365131
0.00574931
0.0259412
0.01078
0.0498104
0.00276971
0.00289048
0.00574931
0.005433
0.00273082
0.0240029
0.914101
0.984426
0.00265784
0.0506487
0.00604844
0.0123564
1.00542
0.010932
0.00289048
0.0126556
0
0.00289048
0.00286823
0.00805359
0.0150648
0.00559751
0.0122975
0.0031249
0.0124569
0.991925
0.970825
0
0.00455473
0
0.00288466
0
0.00410407
0.00312846
0
0.00895602
0.00727472
0.0295065
0.00304568
0.0183276
1
0.0443372
0.00295161
0
0.00594651
0
0
0
0
0.0114928
0
0.00721166
0
0
0.00298217
0.0493655
1.10734
0.98241
0.00285964
0.00288466
0.0227405
0.00572156
0.00291744
0.00797338
0.0108393
0
0.00295081
0.797462
1.03315
0.0106199
0.0104178
0.0126498
0.00286182
0.00305631
0.0104712
0.00601865
0.00308673
0
0.0505809
0
0.0741295
1
0
0
0.00584256
0
0.00289048
0.0128201
0.972784
0.983031
0
0
0.00684902
0.0433657
0
0
0.00597616
0.00301608
0
0.0126358
0.0152987
0.0248822
1
0.0953835
0.00292168
0.00289048
0.00304543
0.00289048
0.00295796
0.825963
0
0.00594651
0.0555539
0.00303442
0.00298132
0.00297049
0
0
0.00593932
0.022239
0
0.00619718
0.0241583
0.0621569
0.00593096
0.147555
0.00286545
0
0
0.0112664
0
0.0294919
0.00299172
0.142676
0.00600518
0.121371
0
0.0124761
0
0.553181
0.00530199
0.02651
0.175108
0.373666
1
0.441135
0.595956
0.991799
0.0357981
0.300364
1
0.0263613
1.05808
0.284309
0.894323
0.971607
0.592602
0.669733
0.992377
1
0.420731
1
1
0.635563
1
0.487051
0.225934
0.197321
