0.0118609
0.00616816
0
0.155537
0.00830338
0.0118609
0
0
0
0.716681
0
0
0.0270458
0.0260962
0
0.0283523
0.0186936
0
0.0354092
0.0106611
0.0224945
0.109085
0
0.0290591
0.997358
0
0
0.0199281
0
0
0.00830338
0.0391095
0.0549696
0
0.0130941
0.0325611
0.0106611
0.014222
0.0293316
0.123519
0.0290591
0.997358
0
0
0
0
0
0.00830338
0.0391095
0.0482208
0.0267114
0.0166683
0.0203615
0.0301169
0.0297513
0.10915
0.0434771
0.997358
0
0
0
0
0
0
0
0.00830338
0.0530681
0.0133908
0.0269293
0.0166683
0.0185503
0
0.0312373
0.0158949
0.0374621
0.0940344
0.0286838
0.766879
0
0
0
0
0
0
0.00830338
0.0248742
0.00615616
0.0105321
0.0166683
0.0205762
0.0158949
0.0224829
0.0815154
0.218403
0
0
0
0.0107643
0
0
0
0
0.00830338
0.0248742
0.00615616
0
0.0105321
0.0178187
0.00970038
0.0224829
0.0815154
0.191847
0
0
0
0.0107643
0
0
0
0
0.00830338
0.0248742
0.0195181
0.00724025
0.00615616
0
0.0178187
0
0.0156458
0.0815154
0.203311
0.00825457
0
0
0.00755897
0.0171109
0.014011
0.00799021
0
0.0275553
0.0248742
0.0195181
0.00615616
0.0165606
0
0.00793493
0.0815154
0.0126589
0.30932
0
0.0152799
0.0109638
0.00755897
0.0171109
0.00695871
0.0263328
0
0.0184869
0.0131986
0
0.0086091
0.0347997
0.0185936
0.00733758
0.0112451
0.0563697
0.0815154
0.0126589
0.698942
0.0152799
0
0.00755897
0.0171109
0.0138183
0.0268951
0.0130591
0.0184869
0.0335637
0.0201689
0
0
0.0105568
0.0086091
0.0515123
0.0174647
0.0159017
0.0704666
0.0406522
0.0261167
0.904354
0.019827
0.027329
0.00924936
0.00755897
0.016534
0
0.0154388
0.08647
0.0121842
0.0184869
0.0076137
0.0398376
0.0187595
0.0176742
0.0105568
0.0846961
0.0174647
0
0.0106514
0.0154116
0.0907256
0.0553317
0.539935
0.0383671
0.0134368
0.00924936
0.00755897
0.016534
0.0154388
0.00884574
0.114896
0.0121842
0.0192121
0.0076137
0.033387
0.0367892
0.0176742
0.0119217
0.0204726
0.066457
0
0
0.0907256
0.0417482
0.00731383
0.355232
0.0383671
0.0134368
0.0105025
0.00924936
0.00755897
0.0350945
0.0131853
0
0.00781429
0.13191
0.0253709
0.0076137
0.0260607
0.113334
0.0176742
0.00991583
0.0515293
0.0978447
0.040777
0.00731383
0.260056
0.0383671
0.0134368
0.00719464
0.0105025
0.00924936
0.00755897
0.016534
0.00659928
0
0.00787473
0.166325
0.0254127
0.0181317
0.0076137
0.046205
0.0586979
0.0329357
0.00991583
0.0839641
0.0105703
0.0845025
0.0140755
0.0078447
0.237229
0
0.0185401
0.0280785
0.0107061
0.00719464
0
0.00924936
0.00755897
0
0.00659928
0
0.0156102
0.00701649
0.200749
0.0523793
0.0076137
0.032827
0.0399384
0.0810296
0.00991583
0.0839641
0.0105703
0
0.0845025
0.0140755
0.0078447
0.237229
0
0.0384997
0.0280785
0.0107061
0.0207814
0.00924936
0.00755897
0.00659928
0
0.0156102
0.00843612
0.252016
0.0260237
0
0.0154204
0.0267799
0.0194725
0.0649481
0
0.0110348
0.0154186
0.0839641
0
0.132888
0.0140755
0
0.156461
0.00808644
0.0932485
0.0281118
0.0107061
0.0207814
0.0114662
0.00924936
0.00751034
0.017856
0.0156102
0.00843612
0.435722
0
0
0.0236835
0.0134491
0.0398639
0.0312769
0.0123008
0.0101721
0.0509349
0
0.0214843
0.110527
0.0140755
0
0.107616
0.00808644
0.0765615
0.0146417
0
0.0208212
0.0431846
0.0156472
0.0384833
0
0.00819912
0
0.78701
0.0132732
0.019311
0.0641466
0.0277981
0.0384749
0.0312769
0.0123041
0.0204885
0.00814122
0.173714
0.0378744
0
0.0323193
0
0.104642
0
0.173
0.0775515
0
0.0105451
0.00751848
0.0773167
0.0156472
0.0384833
0.00682167
0.0548586
0.00701649
0.991222
0.0267912
0
0.113134
0.062704
0.0390934
0.0152614
0.0143958
0
0.00815812
0.260023
0.0378744
0
0.0415022
0
0.0158072
0.224864
0
0.04295
0.0859479
0
0.0803786
0.0157252
0.0105451
0.0143976
0.0787373
0.00813683
0.0365781
0.00682167
0.0185193
0
0
1.00263
0.0130489
0
0.129249
0.0633532
0.0192576
0.0167484
0.0143071
0.0100873
0.0080474
0.382615
0.0183846
0
0.0309219
0
0.0313967
0.217285
0.0131044
0
0.0561745
0.0864498
0
0.0388385
0
0.00751848
0.0461188
0.0108217
0.0318737
0.0365781
0.0376789
0.0153287
0
0.985589
0.0130489
0
0.0406068
0.0494992
0.0143071
0.0100873
0.0080474
0.209209
0
0.00778992
0.0316221
0.014887
0.00783867
0.112555
0.0265629
0
0.0290519
0.0372699
0.0604118
0.0147348
0.0147874
0.0115081
0.0108217
0.00782346
0
0.00677761
0.0191596
0.713331
0.0188508
0.0472458
0.0211661
0
0.0273098
0.0160146
0.158232
0.0214138
0.0102855
0.014887
0.0160458
0.0673608
0
0
0.0148754
0.0125598
0.0391978
0.0115081
0.0152593
0.0194941
0
0.0191596
0.0160644
0
0.363859
0.0133331
0.0188508
0.0243671
0.0208893
0.0819393
0
0.0173194
0.0180548
0
0
0.0150359
0.0282951
0
0.0391978
0.0100817
0
0
0.0160644
0.210233
0.0272691
0.00821887
0.020747
0.0819393
0
0.0149723
0.110468
0
0.0154774
0.0654182
0.418064
0.0154774
0.0654182
0.418064
0.0154774
0.0654182
0.418064
0.0154774
0.0654182
0.418064
0.0154774
0.0654182
0.418064
0.0154774
0.0654182
0.418064
0.0154774
0.0654182
0.418064
0.0978481
0.418064
0.418064
0
0.00782626
0.0233494
0.571004
0
0.00782626
0.0390388
0.177345
0
0.00682766
0.00782626
0.0390388
0.124036
0
0.00682766
0.00782626
0.0390388
0.110858
0
0
0.00682766
0.00782626
0.0390388
0.110858
0.0224421
0
0.00682766
0.00802028
0.00782626
0.0162744
0.0977403
0.0114636
0.0224421
0
0.00682766
0.0172493
0.00782626
0.0162744
0.0977403
0.0114636
0.0224421
0.00919119
0
0.0172493
0.00782626
0.0103208
0.0162744
0.0977403
0.0114636
0.00757608
0.0180818
0.015171
0
0.00919119
0
0.0789966
0
0.0172493
0.00782626
0.0114139
0.024734
0.00682458
0.0977403
0.00757608
0.0180818
0.00772338
0.0162309
0
0
0.00938008
0.0200592
0.016557
0.620627
0.00874621
0.0172493
0.00782626
0.0114139
0.0137404
0.27474
0.00682458
0.0977403
0.00757608
0.0180818
0.00772338
0.00995963
0
0
0.00938008
0.0200592
0.0249381
0.997825
0.0171981
0.00782626
0.0114139
0.340449
0.00682458
0.0828466
0.00757608
0
0.00995963
0.0200592
0.016557
0.848457
0.0171981
0
0.0114139
0.233893
0
0.00757608
0
0.016557
0.155292
0.00869491
0
0.0969816
0.00757608
0.0628694
0.0246856
0.00757608
