0.00724979
0.00281893
0.00549858
0.286489
0.0447973
0.586411
1.01001
0.00268822
0.00287482
0.00313199
0.00277111
0.00282602
0.00280907
0.00579324
1.01171
0.00254335
0.673775
0.00747493
0.00262413
0.548359
0.0165679
0.00288785
0.0375809
0.00908573
0.0114488
0.272701
0.00875551
0.0832718
0.419693
0.00294601
1
0.00263186
0.00403032
0.00253285
0.0778904
0.00472656
0.0107057
0.011258
0.00299062
0.00314307
0.00267842
0.00283628
1
0.00793107
0.445114
1
0.00545944
0.372006
1
1.0003
0.00275933
0.0374331
1.00026
1
0.373941
0.0155696
0.00603276
0.0141134
0.172777
0.0436121
0.590244
0.96592
0.00285429
0.0027656
0.00297533
0.910469
0.00278189
0.0027783
0.00270511
0.00283171
0.644451
0.00692018
0.0216923
0.245046
0.0657422
0.0297557
0.0238485
0.00830677
0.00665773
0.037429
0.0170601
0.00746487
0.0606518
0.174418
0.329158
1
0.0140822
0.00515461
0.00539494
1
0.383847
1
0.00291107
0.00302226
0.0154595
0.296774
1.00263
0.0278596
1.00086
1.00185
1.00396
0.358471
0.0159751
0.0206642
0.00766439
0.00581303
0.0284363
0.129532
0.0880376
0.546188
0.979833
0.0029919
1.01049
0.00310431
0.722331
0.247932
0.017443
0.00269601
0.0121478
0.0167698
0.0105097
0.0862571
0.115114
0.0886175
0.286987
1
1
0.370323
1
0.00722914
0.146618
0.982826
0.0275359
1.00173
0.00370953
0.0181268
0.996888
1
0.380591
0.0224287
0.00352266
0.00267176
0.118499
0.0467689
0.740644
0.954778
0.00529562
1
0.00549459
0.639092
0.226815
0.155587
0.0154781
0.0446051
0.00255344
0.00321754
0.0411187
0.0175278
0.337618
1.00304
1.00395
0.391227
1
0
0.0225039
1
0.0280661
1.0054
1
1
0
0.365794
0.028206
0.096599
0.223558
0.393376
1.06344
0.938085
0.754434
0.0954937
0.0148085
0.0499258
0.124576
0.298984
0.870144
0.999935
0.363227
1
1
0.012698
0.991684
1
0.0256512
1
0.0764249
0.0324517
0.377074
