0.0129476
0.0278144
0.0129476
0.0324119
0.219274
0.0133316
0.077396
0.0129476
0.0299885
0.0324119
0.479353
0.0415292
0.00737844
0.147759
0.109325
0.0129476
0.0197001
0.0448374
0.0324119
0.538448
0.0559915
0.00737844
0.147498
0.00670343
0.127542
0.0129476
0.0197001
0.0608476
0.0324119
0.498401
0.0559915
0.00737844
0.112133
0.127542
0
0.0129476
0.0197001
0.0828567
0.0324119
0.513423
0.0559915
0.00901891
0.00737844
0.00934517
0.0697907
0.00712309
0.109395
0
0.0197001
0.0967274
0.0324119
0.793573
0.0559915
0.00901891
0.00737844
0.0417977
0.0404115
0.0132846
0.0184026
0
0.0197001
0.0370312
0.0161711
0.469341
0.00733999
0.0184026
0.0154563
0.257305
0.0067914
0.0257036
0.0178815
0.0067914
0.0257036
0.0178815
0.00888915
0.0422341
0.00710103
0.0151989
0.25755
0.0067914
0.0257036
0.0178815
0.0183956
0.00701331
0.0136655
0.0280629
0.0216332
0.617094
0.00843993
0.00920278
0.0067914
0.0173979
0.0178815
0.350195
0.00701331
0.00733276
0.153091
0.0280629
0.0639762
0.0728366
0.325333
0.00843993
0.0284797
0.0067914
0.0178815
0.350195
0.00701331
0.00733276
0.153091
0.0709091
0.0873209
0.318042
0.00869129
0.0284797
0.0178815
0.398936
0.00701331
0.0137374
0.153091
0.0709091
0.0873209
0.318042
0.00869129
0.00920278
0.0144148
0.0174715
0.647903
0.153091
0.112331
0.0296036
0.0451231
0.0194353
0.0174715
0.462144
0.0188079
0.111436
0.112331
0.0292602
0.115487
0.00901218
0.0194353
0.0174715
0.25206
0.00657475
0.0188079
0.0130871
0.0106307
0.0661882
0.546858
0.159422
0.00981817
0.0316911
0.289552
0.0141033
0.0279464
0.0188079
0.0316926
0.061206
0.0670204
0
0.676286
0.168053
0.0316911
0.00905705
0.350501
0.0145218
0.0216545
0.0553791
0.0209749
0.145575
0.0607527
0.842537
0.149791
0.00720439
0.0316911
0.00905705
0.254365
0.0359654
0.0357965
0.0280848
0.00989869
0.158484
0.0739721
0.737509
0.0250223
0.00999116
0.00720439
0.0326356
0.00905705
0.0161372
0.180527
0.0240207
0.0357965
0.0280848
0.00989869
0.0133612
0.12208
0.0298111
0.00848501
0.010804
0.881671
0.00720521
0.00720439
0.0477787
0.0177338
0.0213277
0.104109
0.00695465
0.0209652
0
0.0133612
0.0756894
0.0154958
0.0215738
0.864466
0.0114282
0.0148603
0.0326356
0.0350844
0.0213277
0.0194747
0.00663245
0.00698077
0.0133612
0.0414973
0
0.0105945
0.582872
0.0121974
0.00833335
0.0194747
0.0133612
0.0209046
0.0112492
0.287133
0.0962254
0.00646392
0.251548
0.00661702
0.109851
0.0203571
0.650679
0.00661702
0.109851
0.0203571
0.650679
0.00661702
0.00806824
0.109851
0.0203571
0.650679
0.0144953
0.031462
0.00661702
0.19474
0.0131075
0.0111616
0.109851
0.0203571
0.650679
0.0103731
0.0144953
0.031462
0.00790045
0.228534
0.0190905
0.18564
0.0131075
0.0112511
0
0.0111616
0.014137
0.109851
0.0407466
0.00849603
0.560732
0
0.00647384
0.0103731
0.0144953
0.031462
0.0079071
0.0072619
0.268588
0
0.156923
0
0.0215113
0
0.0111616
0.109851
0.0165848
0.0158668
0.00842752
0.0475157
0.0150915
0.00809567
0.00647384
0.0103731
0.0219091
0.0117058
0.0453942
0.0079071
0.0072619
0.25393
0.0124141
0.137498
0
0.0102603
0
0.00707068
0.0111616
0.109851
0.00732613
0.00808873
0.0158668
0.490646
0.0222376
0.0177518
0.0103731
0.0133181
0.0219091
0.009992
0.0300171
0.00918329
0.0384156
0.00688491
0.0138986
0
0.417977
0.00898489
0.0124141
0.00923334
0.126908
0.0140599
0.0102603
0.0160309
0.0222987
0.0111616
0.124582
0.148562
0.00808873
0.0158668
1.0076
0.0291133
0.0283563
0.0103731
0.00652566
0.00726298
0.0194998
0.00918329
0.0466768
0.0212271
0.0138986
0
0.426432
0.0359224
0.035472
0.126908
0.0140599
0
0.00768388
0.0111616
0.0148219
0.0286041
0.49822
0.00808873
0
1.0076
0.0216891
0.0193263
0.00948974
0.0121605
0.00652566
0.00726298
0.009992
0.023063
0.0104245
0.0235188
0.0222803
0.0071633
0
0.394283
0.0121874
0.0178729
0.0140599
0.0163291
0.0220587
0.0111616
0.121664
0.441685
0.0341204
0.988262
0.104046
0.0185386
0.0155921
0.009992
0.0111277
0
0.0104245
0.0161335
0.0691101
0.0222803
0
0.184092
0.0269829
0.0276863
0.0283251
0.0165812
0.327639
0.492547
0.0163702
0.493173
0.0221135
0.0214586
0.010444
0.0161335
0.0536984
0.00753391
0.00766957
0.147196
0.00986777
0.0140599
0.00684757
0.0317086
0.241266
0.406394
0.617273
0.0138627
0.010444
0.0160968
0.00753391
0.00766957
0.029116
0.0140599
0.0151162
0.016272
0.178123
0.17976
0.843195
0.0138627
0
0.0160968
0.00753391
0.00745085
0.00913483
0.0140599
0.12139
0.1097
0.00970023
0.245738
0.0081014
0
0.00826117
0.00753391
0.00745085
0.0158988
0.0645189
0.0382906
0.00970023
0.0127903
0
0.00753391
0.0247713
0.00639141
