0.444841
0.0403324
0.03059
0.151992
0
0
0
0
0
0
0.00937386
0.00366824
0
0.260983
0.873655
0
0
0.00612318
0
0.102522
0.997813
0
0.0032193
0.00295621
0
0
0.0109827
0
0
0
0.206118
0
0.00303721
0.00304023
0.0444709
0.709661
0.0343394
0
0.00582316
0.00305354
0.00622183
0
0.00302102
0.00382772
0
0
0
0.0227968
0.0442751
0
0.0152558
0
0.198325
1.01293
0.800356
0
0
0.0109827
0
0.0889423
0.00733488
0
0.0217205
0.906774
0.985203
0.00593688
0.00298904
0.00582316
0.0151739
0
0.0292872
0.00294025
0.00574792
0.0886632
0.951007
0.0175165
0.985154
0.00268873
0.003003
0.0412172
0.00817201
0.110953
0.0160152
0
0.00266683
0.0171793
0.00823114
0
0.00884807
0.547181
0.0437171
0
1.03993
0.92802
0.999215
0.032745
0
0.00288156
0.0939396
0.0442596
0.514251
0.999034
0.159423
0
0.0216885
1.0046
1
0.481039
1
0.708933
0.997653
0.819211
0.984136
0.277606
0.0174109
0.0537607
0.00769301
0.0674
0.107352
1
0.927846
0.00334228
0.00256929
0.132516
0.0109818
0.00256929
0.170323
0
0.00698841
0.99826
0.14267
1
1
0.011639
1
0.0100067
0.00678692
0.0041108
0.00276686
0.00268247
0.00436872
0
0.00276686
0.00276686
0.00259532
0.00255964
0.0429954
0.0221895
1
0.75009
0.987641
0.04014
0.00256565
0.00266957
0.0163845
0.00556002
0
0
0.00838145
0
0.0027782
0.0134199
0.169415
0.0963076
1.00299
0.707868
0.00922285
1
0.994574
0
0.00409366
0.00723196
0.00410222
0.00273136
0.00731249
0.0175249
0.00565326
0.00273321
0.00641112
1
0.0118461
0
1
0.994247
0.00270837
0.00269912
0.00285547
0.00336338
0.00276621
0.016426
0.0216345
0.0713652
0.0298917
1
0.01674
0.00636986
0.0299823
0.00278363
0.0325045
0.0245973
0.00829105
0.00563994
0.0479707
0
0.00849255
1
0.300411
0.990045
0.030938
0.0147989
0.0026365
0.00295977
0.00647286
0.1033
0.971769
0.0520493
0.00278351
0.00516629
0.00256412
0.158749
0.0053802
0.0953937
0.297637
0.051872
0.033793
0.0053802
0.0134505
0.182129
0.498279
1.01842
0.0109144
0.0053802
0.660833
0.10769
0.0181345
0.0906726
0.206639
0.00537214
0.00694062
0.010684
0.016682
0.00263689
0.010684
0.016026
0.0158249
0.166125
0.010684
0.0138607
0.00272066
0.00877667
