0
0
0.0599367
0.01177
0
0.0152548
0
0
0.596434
0
0.0157609
0.0599367
0.01177
0
0.0624214
0
1.00071
0
0.0157609
0.0599367
0.01177
0
0.0624214
0
1.00071
0
0.0103255
0
0.00810315
0.0599367
0.00993896
0.01177
0
0.0326741
0
1.00071
0.010754
0.0145332
0.0103255
0.0254144
0.0320818
0
0.00993896
0.0585005
0
0.0656682
0
0.98971
0.0213244
0.0145332
0.0103255
0.0254144
0.0320818
0
0.0157061
0
0.0585005
0
0.040927
0
0.997192
0.0145332
0
0.0156998
0
0.0354468
0.0207463
0.0323191
0
0.765537
0
0.0115573
0
0.0326079
0.30104
0
0.00798248
0.102222
0.0466661
0.0876915
0.602449
0.960735
0.968491
0.843125
0.0197013
0.00825751
0.0477046
0.120508
1.00065
0.00999943
0.0106109
0
0.0163733
0.0508439
0.0700622
0.0146444
0.00909915
0.178755
0.56084
0
1
0
0.0427594
0.0163733
0.016254
0.0508439
0.0703826
0.00867993
0.190568
0.56084
0
0.926909
0.00986894
0.0427594
0.0182731
0.017983
0.0211498
0.0278198
0.0149274
0.0171638
0
0
0.0939852
0.409585
0.451921
0.0387633
0.0737405
0.014336
0.00893542
0.0180274
0.069331
0.0386121
0.00893542
