0.00336736
1.29485
0.0140646
0.00256734
0.0622569
0.789226
0.00295115
0.00257613
0.98674
0.994253
0.528888
0.100564
0.20847
0.991675
1
0.945687
1
0.624567
0.00260543
0.0245362
0.00279017
0.220012
0.00658748
0.0404986
0.00277187
0.00376319
0.903366
0.0912843
0.0025796
0.0142469
0.00263982
0.00586504
0.0361258
0.0056801
0.00286172
0.0110389
0.0154912
0.370129
0.0611839
0.00310132
0.00280665
0.0084349
0.0275002
0
0
0.00286476
0.00286869
0.0852268
0
0.00276282
0.506571
0
0.0206194
0.00292859
0.86324
0.00390957
0.002983
0
0.00290701
0
0.00565158
0.0069417
0.00300472
0
0.00836747
0.0256345
0
0.961826
0
0.0216458
0
0.0028847
0.00961566
0
0.0057722
0.004121
0.00301898
0
0.0216352
0.00924324
0
0.00870616
0
0
0.0144766
0.00292458
0
0.00629581
0
0
0.00288751
0
0
0.0173082
0
0.00836525
0.00596892
0.00295564
0.00274925
0
0.00271452
0.0257252
0
0.0183791
0.00278221
0
0.00288751
0
0.00433126
0
0.00277309
0.00826415
0
0
0.0156609
0.00273335
0.0056801
1.05117
0.0182214
0.00288985
0
0
0.00314184
0
0.00299717
0
0.0409604
0.0205189
0
0
0
0
0.00295564
0.00288985
0.0286756
0.0250154
0.00288985
0.00567015
0.0256784
0.894599
0
0.00865061
0.0849376
0.00279997
0
0.00787147
0
0.0395915
0.00591956
0.0101794
0.00583948
0.00284753
0.00274185
0.00842194
0.0279699
0.00274185
0.00279997
0.00274185
0.105961
1.02179
0.00839992
0.00274185
0.00598352
0.00302348
0.0089038
0.027856
0.0181826
0.496038
0.0147782
0.00275694
0.00271396
0.0185479
0.0568311
0.00592886
0.0039281
0.0180705
0.147402
0.200692
0.994619
0.774234
0.988863
1
0.954404
1
0.173977
