0.25143
0.011666
1.03839
0.0200567
0.0532698
0.0198652
0.0537835
0.531428
0.357324
0.0119936
0.059802
0.0916103
0.0591517
0.0926174
1.36159
0.829619
0.590167
0.99383
0.0888869
0.0959277
0.0877151
0.0972092
1
1.0018
0.756455
1
0.0951253
0.139129
0.0935587
0.141459
0.99158
0.994247
0.830703
1.01479
0.648872
0.0745196
0.00507078
0.106785
0.0782247
0.0053596
0.00507078
0.109044
1.0007
1.03616
0.59004
0.886961
0.0594648
0.0284196
0.0207626
1
0.0276838
0.0213145
1
0.49601
0.156845
0.146639
1.00447
0.713703
1
0.803872
0.989746
0.107964
1.00307
1.01426
0.462895
0.983487
0.0447326
0.0336164
0.0339326
0.0317735
0.712024
0.0653739
0.0320724
0.0443158
0.0659888
0.406293
0.424463
0.0103912
0.996833
0.0608604
0.0143389
0.0144742
0.0314179
0.715773
0.0752948
0.0317143
0.0602917
0.0760051
1.00403
0.205533
0.241554
0.382974
0.988933
0.0407498
0.0171754
0.0173553
0.0200846
0.52758
0.0600163
0.020295
0.0403274
0.0606449
1
0.123013
0.153288
0.148175
1
0.784631
0.0706112
0.0714961
0.0717348
0.0726338
0.561849
0.72979
0.915257
0.068902
0.0699774
0.0843264
0.0856425
0.603326
0.395718
1
0.938543
0.486578
0.0611982
0.0624038
0.0826474
0.00247734
0.00261725
0.00247734
0.0816584
0.997954
0.969022
0.0905488
0.00882139
0.00904033
1
0.0622347
