0.00341134
0.00258732
0.249388
1.30473
0.216356
0.00251597
0.226541
0.41607
1
0.890485
1.04429
1
0
0
0
0
0.0105627
0.0122166
0.483895
0.0103703
0
0.00607733
0.00580025
0.0146049
0.00292097
0.00292918
0.0428675
0.00283739
0.00283739
0
0.0252138
0
0.00283739
0.00609511
0.00897716
0.00283739
0.387457
0.101331
0.548496
0.0142451
0.00284902
0
0.00370355
0
0
0
0
0
0
0.0072744
0.0866703
0.936476
0
0.0122895
0.00302774
0
0
0.00945798
0.32561
1
0
0.00301039
0
0
0.00576999
0.00289479
0
0.0103108
0
0.00513448
0
0
0.301911
0.0343378
0.00290954
0
0.443101
1.15513
0.988019
0.00591643
0
0
0
0
0.00341882
0.0170941
0
0
0.00590775
0.0216751
0
0.0639803
0.00285053
0
0.148103
0.967662
1
0
0.00297045
0
0.00297045
0.00297045
0.0060175
0.00973657
0.00307717
0.0109536
0
0.00302425
0
0.0862767
0
0.00738465
0.0321397
0.0336054
0.350338
0.0848302
0.00582309
0.00276636
0.0117752
0
0.00840611
0.0113364
0.00296054
0.00840611
0.011292
0.00343825
0.00270633
0.00551275
0.0028203
0.107038
0
0.016203
0.00271489
0.00280363
0.00286383
0.00274754
0.00286287
0.00248116
0.0296284
0.00281863
0.0115744
0.0111366
0.0523175
0.10484
0.0663129
0.636052
0.00413526
0.00248116
0.149686
0.0106335
0.00652596
0.00480979
0.00288587
0.016367
0.00552724
0.12234
0.00258944
0.0104409
0.00826475
0.00258944
0.00555026
0.0103558
0.0142195
0.011046
0.00308661
0.0193257
0.00556723
0.0365202
0.00257657
0.0297379
0.00559488
0
0.587192
0.00267058
0.0287918
0.0134235
0.0111496
0.262967
0.0133529
0.726266
0.988688
1
0.983949
1
0.00747628
0.00751264
0.00825179
0.00284138
0.0783492
0.00507359
0.00824055
0.0027506
0.00271434
0.0103558
0.0027431
0.00547219
0.0288674
0.00287257
0.0107833
0.0026094
0.00553226
0.00747201
0.0205733
0.00267058
0.0387402
0.00305428
0.00252149
0.0828156
0
0.00391558
0.00278872
0.0110705
0.00276639
0.200717
0.0502781
1
1.04928
0.167441
0.98208
1.05366
0
0.00298094
0.00248116
0.00573835
0.00507359
0
0.0026094
0.00260678
0.012368
0
0.00271064
0.00293319
0.00253151
0.023985
0.00279993
0.00353562
0.0194692
0.00293319
0
0.0369284
0.0033261
0.00526867
0.00255001
0.0105286
0.00593113
0.014322
0.327037
0.018625
1.00609
0
0.00275463
0.00267641
0.0589692
0.0081875
0.00872437
0.00566301
0.00303065
0
0
0
0.0026094
0
0.00544065
0.0149842
0.00526867
0.0200422
0.00255001
0.00787469
0.0197971
0.00349097
0
0.00267641
0.00338143
0.00558058
0.0796376
0.0200771
0.00261184
0.00750111
0
0
0.190244
0
0
0.00845777
0
0.0113835
0
0
0
0.00536104
0
0
0.002576
0.0027506
0.173639
0.002576
0.00760926
0.0126835
0.00282073
0.241321
0.904972
0.0210157
0.01331
0
0.00567644
0.00430974
1
1
1
0.0507323
0.00297045
0.0026094
0.0208027
0.00769354
0.00297045
0.02427
0.00268106
0.00384638
0.0137007
0.00897488
0
0.00340118
0.0198396
0.00273176
0.00269246
0.0121472
0.842126
0.533463
0.0565266
0
0.00280742
0.00548929
0.00526867
0.00255001
0.00249676
0.00551497
0.00255001
0.00274213
0
0.389223
0.418858
1.00098
0.655701
0.00552046
0.0107461
0.0236591
0.00255001
0.0171156
0.026888
0.00672642
0
0.0111832
0.0299518
0.00448428
0.00259552
0
0.00711656
0.00275463
0.002576
0.085418
0
0.0137202
0.002576
0.0147087
0.0786749
1.00397
1
0.368566
0
0.0129914
0.0126827
0.0111326
0.0400249
0.983522
0.0306332
0.108695
0.00311334
0.00270769
0
0.0747201
0.00275982
0
0.0165116
0
0
0.00801767
0.0056676
0.00429477
0.00669834
0
0
0.0129157
1.0051
1
0.00282373
0.00672284
0.0660441
0.00267641
0.00334227
0.00258084
0.00960903
0.00277862
0.00261184
0.0143514
0.0333013
0.0234033
0.0253952
0.076369
0.122
1
0.0312308
0.00261184
0.0054729
0.0682783
0.0111936
0.00261184
0
0
0.00309265
0.00268252
0.0114715
0.0290758
1
1.00087
0.0899939
0.00374403
0.00374637
0.00248684
0.00266277
0.0188456
0.0207453
0.0748051
1.00211
0
0.00253654
0.0041247
0
0.0221061
0.00290004
0
0.00260313
0.00258722
0.0355944
0.0024921
0.00248801
0.0025954
0.0123741
0.999378
1.01934
0.913979
0.356221
0
0.00295009
0.00273904
0.0334288
0.687858
0.00256241
0.00541598
0.029642
0.00241963
0
0
0.00256241
0
0.0212665
0
0
0.00295306
0.00251487
0.0118052
0.00725909
0.0128001
0.939843
0.0412922
0.0248871
0.0520814
0.0106118
0.0173103
0
0
0.00268243
0
0.00287858
0.0848692
0.101365
0
1
0.00255132
0
0.0030377
0.00293202
0.00539247
0
0.00241342
0
0.0103452
0.00256241
0.00269057
0
0
0.00256241
0
0.00290926
0.00354442
0.00246341
1
0.00442476
0
0.00391369
0.00282373
0.00282373
0.0113944
0.00295468
0.00276993
0
0.00252432
0.00830763
0.00311924
0
0.00275872
0
0
0
0.0313171
0.00637251
0
0.00257427
0
0.00835075
0
0
0.00242176
0
0.00252759
0.00293646
0
0.0138302
0.00266191
0.00258175
0.00270978
0.00272602
0.00257427
0.0056218
0.0029719
0.00276604
0
0.0164066
0.00777338
0.00256661
0.00525422
0.0103437
0.00249758
0.00298668
0.00249229
0.00260847
0
0.00600732
0.00573117
0
0.00249229
0.002553
0.00746403
0
0.00275872
0
0.0618676
0.00615207
0.00287175
0.00246341
0
0.00270978
1.06114
0.00313128
0.00601006
0.0080063
0
0.00274086
0.00271636
0
0
0.00268794
0.0027838
0.00278358
0.00282164
0
0.0211659
0.0481733
0.00249758
0.00291271
0.00678787
0.05098
0
0.00241718
0.0122153
0.0123898
0
0.00249758
0.00555305
0.0102315
0.00295468
0.00510019
0.00285024
0
0.0083205
0.00605172
0.00249229
0.0162084
0.0133248
0.00281027
0.0364498
0.0105476
0.00249229
0.0186567
0.993224
0.00280579
0.110225
0.00257427
0.166987
0
0.00276604
0
0.00283665
0
0
0
0.00245409
0
0
0.0123895
0.0281154
0
0
0
0.0799941
0.00285024
0.0146754
0.0252036
0.00374637
0.0058974
0.00276879
0.0105702
0.0244185
0.102547
0.0240806
0.0027838
0.0164639
0.0163949
0.999981
1.00292
0.0908744
0.995332
0
0.00284413
0
0
0
0
0.00252748
0.0141891
0
0
0
0.00561696
0
0
0.00519008
0.0181967
0.0027838
0
0.0027838
0.00292642
0.00260602
0.0280069
0
0
0.0027838
0
0
0.228041
1.01233
0.0534716
1
1
0.0332224
0.00516965
0.0121707
0.00274965
0.00260255
0.00242989
0.00542778
0.00260255
0.0149415
0.00260255
0.00562164
0
0.00260255
0.00354893
0.00273486
0.0106655
0
0.002698
0.0115136
0.0371552
0
0.002698
0.00616471
0.762462
0
0.002698
0.99315
0.00287785
0.00287097
0.0107661
0.00737228
0.00287097
0.00391496
0.568608
0.981997
1
0.00388998
0.460387
1
0.0994798
1
0
0.134413
0.529615
1.00196
0.00588254
0.00295038
0.0188227
0.00289016
0.0212695
0.190104
0.525113
0.131645
1.00032
0.232602
0.013578
0.0397075
0.0379505
0.00285874
0.00291707
0.00300227
0.00650831
0.0409467
0.00703857
0.00331095
0.0026171
0.00276858
0
0.0197904
0.0262517
0.902131
0.392561
0.989053
1.00355
0.661534
0.0043447
0.00246269
0.00553933
0.0986038
0.00272757
0.00890829
0.00278206
0.00277604
0.00860128
0.0065204
0.284106
0.00348585
0.0121831
0.00248099
0.0112836
0.0867472
0.0075789
1
1.00074
0.649363
1
1
0.00265883
0.00263289
0.0448322
0.00275682
0.00989253
0.00279343
0.0284498
0.237188
0.0483583
0.978423
0.00602054
1.00634
0.125591
0.00267406
0.00846209
0.0440127
0.00803409
0.131923
0.0029124
0.983087
0.0027992
1.00321
0.158784
0.0135305
0.0923431
0
0.00262794
0.00434694
0.0109266
0.173923
1
0.0036008
0.00276139
0.972707
0.999503
1
0.00263289
0.0224127
0.0475433
0.132701
0.00816274
0.00813681
0.274318
0.985842
0.997537
0.00581049
0.0626796
0.00288114
0.0153912
0.290191
0.999403
0.726674
0.0087763
0.0712193
0.021491
0.00376127
0.00270413
0.200987
0.00254423
0.0488087
0.00565686
0.0302569
0.00954087
0.00254423
0.00346941
0.090953
0.00254423
0.187753
1
0.00938477
0.0445797
0.99187
1
0.0940581
0.0162156
0.00549089
0.0660954
0.954404
0.0127062
0.309987
1.0035
0.0274958
0.217436
0.174586
0.0221627
0.0514452
0.629922
0.00288328
0.00827648
0.870068
0.152318
1
