0.00685937
0.321785
1.32152
0.281271
0.00522971
0.108088
0.39503
1
0.857863
0.968636
0.986405
0.53484
0.0274146
0
0
0.102636
0.997628
1
0
0
0.978794
1
0.966599
0.131047
0.0316777
0.0106525
0.110171
0.0107423
0.00259214
0.00356592
0.00811872
0.528785
0.0124807
0.91552
0.987192
0.011781
0.0325782
0.00277308
0.0934612
1.08165
0.172606
0.210221
1
1.00067
0.943345
1
0.626819
0.00337488
0.0026188
0.0910103
0.018698
0.0350644
0.0231472
0.00561256
0
0
0.932818
0.135874
0
0.0229842
0.0298665
0.00311787
0.00292668
0
0.012536
0.00306747
0.00570896
0.0038153
0.78797
0.175489
0.00289484
0.0282535
0.00834856
0
0.042203
0
0.00293577
0.00287228
0.00869683
0.00296441
0.040783
0
0.00293451
0
0.0115783
0.167728
1.04859
0
0
0.0113827
0.00490736
0.00887934
0.00736104
0.00307735
0.002937
0.00703032
0.00296925
0.00265151
0
0.00581689
0
0.00265151
0.00265151
0.0172635
0.00290602
0.0116139
0.0264045
0.0035307
0.00265151
0.973671
0
0
0
0
0
0
0
0.00305083
0.0029376
0.00886004
0
0.00293248
0.00321487
0.00503022
0
0
0.00265151
0
0
0.00302853
0.0114882
0
0.00283704
0.00294441
0.0116055
0.00309068
0.00269187
0.00293451
0.00288448
0.0117163
0.0152359
0
0.00288448
0.00576434
1.12779
0.00249338
0.00605735
0.00294441
0.129078
0.00261374
0.00890766
0.0152831
0
0.0406252
0.00311635
0.0281868
0.0260802
0.00313186
1.03997
0
0.0125545
0
0.00255704
0
0
0
0.00314073
0
0.00616899
0.0245974
0.00261719
0.00405455
0.00293879
0.00588114
0.0405625
0
0.00261719
0.00840451
0.00293879
0.00863111
0.0127827
0.00447998
0
0.00550167
0.00298117
0.0139701
0.0438911
0.0351292
0.0355758
0
0.0139701
0.00931288
0.00287302
0.0086318
0.0390592
0.34841
0.9671
0.0087752
0.0115369
0.907849
0
0
0.0028909
0.00299401
0.00887678
0.00286213
0.00551026
0.00287992
0
0
0.0131783
0
0.00579558
0.00298117
0.00314664
0.00864009
0.0220009
0
0.434231
0.0149574
0.989892
0
0.00293683
0.00312998
0.010733
0
0.00858557
0.00287923
0
0.0211624
0
0.00301305
0
0.00933835
0.0120064
0.00313615
0
0.026523
0.0616309
0
0.00833227
0.965825
0.00295249
0
0.00281868
0
0.00292172
0
0
0.00299474
0.0119505
0
0.0297897
0
1.00837
0.422782
0.0250977
0.00308848
0
0
0.0141803
0
0.00822646
0.376312
0.0196155
0.00745292
0
0.0634148
0.00294336
0.00253692
0.00741896
0.0504329
0.0505859
0
0.00338241
0.341124
0.960162
0.00267947
0.102104
0.00269767
0.294192
1.00683
0.653315
0.214596
1.06353
0.782954
1
0.932501
0.889982
1
0.173977
