0.0311456
0.0222647
0.00268302
0.00280988
0.00520798
0.0282108
0.223537
1.00863
0.00286544
0.339009
0.10637
0.0250416
0
0.0029027
0.940054
0.0133171
0.0053729
0.00279392
0.00542455
0.0142898
0.00258746
0.630221
0.00254897
0.651225
0.00529229
0.0026915
0
0.662249
0.00499775
0.0106181
1
0
0
0.0380784
0
0
0
0.00527049
0.00296202
0
0.00259504
0.0383452
0
0.00277176
0
0.00280893
1
0.00342261
0.0107248
0.00290941
0
1
0.60122
0.00256307
0.00268851
0.00279944
0.00258331
0.478014
1
0.0114547
0.00276928
0.00508464
0.00559678
0.00525174
0.00259528
0.00273781
0.00259255
0
0.00289512
0.00836159
0
0.00292665
1
0.228668
1.07312
0
0.00269133
0
0
0.00259296
0.119191
0.00269133
0.00289512
0
0.00286845
0.00262013
0
0.00276929
0.0496754
0
1.00076
0.00296955
0.996309
1
0.0030563
0.00298994
0.00295699
0.00265576
0.00255521
0.00265986
0.028602
0.0124234
1
0.00283385
0.00264103
0.00278343
0.00271235
0.00271478
0.0425383
0.00260388
0.0109043
0.0316757
1
0
0.00561023
0.0197716
0.00316123
0.017695
0.0319185
0.0286622
1
0
0.0113355
0.019335
0.0112189
0.0930167
0.128111
0.0138484
0.0190375
0.124091
0.359703
1
0.00298596
0.00281811
1
0.997685
0.00314745
0.00265599
0.00571398
0.00262452
0
0.187552
0.00260017
0.00297105
0.207164
0.446329
0.995215
0.176751
0.00290857
0.00561668
1
0.352463
0.00268914
0.0163048
0.00264018
0.0682839
0.0136227
0.0467302
0.773768
0.00547
0
0.00534875
0.994748
0.0196066
0.00293267
0.780015
0.15125
0.00304959
0.0110537
0.00565928
0.0277891
0.989108
0.00546357
0.00297448
0.0110823
0.107894
0.950605
0.0650451
0.00416078
0
0.0621177
0.00439524
0.0331791
0.00999868
0.0117032
0
0.00500559
0.00294207
0.0027168
0.011668
0.482828
0.00558189
0.0357526
0.00294207
0.00580866
0.00554211
0.00292473
0.00143337
0.00841635
0
0.00296725
0.00145499
0.00939315
0.00256717
0
0
0.01187
0.0110189
0
0
0
0.00259875
0.0121178
0.00630868
0
0.00443025
0.00818592
0
0
0.0323409
0.831469
0
0.00335887
0.00295729
0.0108819
0
0.0123157
0.0077277
0
0.00254905
0
0.00261842
0
0.00294207
0.00261439
0
1
0.0057457
0
0
0.0146152
0.00292922
0
0.0029131
0.00271484
0
0.00257271
0
0
0.00303394
0.00254895
0
0.0028689
0.00869958
0.059145
0
0.00873863
0.00864981
0.00283252
0
0
0.00285726
0.0053897
0.0107471
0.00325344
0
0.00303744
0.00298879
0.0083083
0.0065843
1
0.00284697
0.0304416
0.0752948
0.00302198
0.00284063
0
0
0
0
0.037177
0.0027218
0.00264088
0
0.00251713
0.00263125
0
0
0
0.00272973
0.00258475
0
0
0
0
0
0.00295879
0.00292775
0.00274839
0
0
0
0
0.00282094
0.010227
1
0
0.697406
0.82687
0.0027032
0.00832238
0.00293044
0.00289129
0.00249396
0.0026702
0.00924047
0
0.00300091
0.0109177
0.00301656
0.0026064
0.00268385
0.00283304
0.00590583
0
0.00273811
0
0.00258886
0.00292138
0
0.00284183
0
0.00307636
0.00274866
0.00800979
0.00271484
0.00259597
0.0180352
0.0157999
0.0193289
0.0699402
1.06561
0.696773
0.00283349
0.97651
1.00782
0.00304645
0.00336717
0.00468211
0
0.00312818
0.00629316
0.00278395
0.00580223
0.00282557
0.00286602
0.00927237
0.00294207
0.00592468
0.00862024
0.0114675
0.0376753
0.00243487
0.00266345
0.00273421
0.00278366
0.00519759
0.00266399
0
0.00538241
0.00263984
0
0.00514323
0.00271823
0.0026427
0.0117577
0.00255162
0.00279112
0.00551044
0.00264149
0.00761761
0.0615662
0.00597454
0.00270175
0.00287823
0.00293581
0.0025367
0
0.00790241
0.991824
0.00296507
1
1.32061
0
0
0.00436606
0
0
0.00535233
0.00445606
0.00267362
0.00311492
0.0028965
0.00529766
0
0.00498184
0.00466368
0.00299645
0.00848796
0.00266067
0
0.00278008
0.00276315
0.00790145
0.00271258
0.0318336
0.0139696
0.972173
0
0.0024739
0.00282589
0.00274653
0.00250459
0.00283749
0
0.0107201
0.00534588
0.0024934
0
0.0192908
0.00542913
0
0.00368199
0.00380639
0.0163035
0.00798031
0.00265272
0.00263475
0.00288225
0.00471775
0
0.0030751
0.00738843
0.00447537
0
0.00287877
0.998692
0.00282611
0
0.00298588
0.00480183
0
0.00239935
0
0
0.0024636
0
0
0
0
0.00263341
0.00307466
0.00501484
0
0.0119122
0.00250578
0
0.00262189
0.952603
0.00307466
0.00274211
0.00234868
0.00250478
0.0207816
0.00247967
0
0.00246016
0
0.00273945
0.00271436
0.00320352
0.00265566
0.00738592
0.00250646
0.00259235
0.00804124
0.00513084
1
0.0232472
0.00532773
0.00251864
0.00267443
0.0136096
0.0673204
0.00264313
0.00557709
0
0.0025872
0.00532824
0.00269754
0.00262887
0.00252792
0.00280944
0
0
0
0
0
0.00552233
0.260746
0
0.00264463
0.0108728
0.00262272
0.0186559
0.0024948
0.0757074
0.00550671
0.00550693
0.194032
0.00249588
0.00269803
0.144942
0.00269966
0.00265373
0.0299044
0.00925436
0.00274211
0.895488
0.0947783
0.980891
0.167045
0.131396
0.0393115
0.0267999
