0.0109765
0.0354179
0.0109765
0
0.250011
0.0104581
0.611687
0.0104581
0.726778
0.0104581
0.726778
0.0104581
0.461256
0.0210149
0.0430969
0
0.0089449
0.0155029
0.0379246
0.0335169
0
0.0226381
0.00728645
0.0202333
0.50977
0.0541741
0
0.0089449
0.0155029
0.0379246
0.0437335
0
0.095323
0.0213483
0.988106
0.0541741
0
0
0.0089449
0.0155029
0.0280859
0.0437335
0
0.107937
0.0213483
0.988106
0.0541741
0.0183286
0.0129726
0.021174
0
0.00945888
0.0221995
0
0.0497128
0.0321881
0.990099
0.0541741
0.0183286
0.021174
0
0.00945888
0.0112915
0.0155635
0.0251899
0.456862
0.0112915
0.00788224
0.0370936
0.102503
0.0112915
0.00788224
0.0370936
0.0117884
0.00981783
0.129248
0.0185447
0.013604
0.045125
0.224844
0.0067173
0.0194158
0.129248
0.0710355
0.0269911
0.0893422
0.0222951
0.444714
0.0135146
0.00981783
0.172582
0.0710355
0.0269911
0.103065
0.0447849
0.367478
0.0135146
0.0171024
0.67114
0.0177483
0.044968
0.0345212
0.0128147
0.124483
0.0204677
0.22072
0.044968
0.0207818
0.00661241
0.00906314
0.102083
0.00755588
0.0204677
0.0127121
0.342848
0
0.0190806
0.0195412
0
0.00914675
0.014599
0
0.00755588
0.0278925
0
0.989454
0.0823906
0.0207319
0.0190806
0.0390836
0
0.0676006
0.0109864
0.0109039
0.00755588
0.0150794
0
0.995254
0.0823906
0.0390353
0.00957086
0.0175466
0.0390836
0
0.134099
0
0
0.833916
0.0115193
0.0662026
0.0207319
0.00851652
0.0175466
0.0390836
0.0192974
0.188871
0.0197124
0
0
0.249122
0.0662026
0.0207319
0.0138137
0.0541974
0.0195412
0.0542158
0.206092
0.319614
0
0.204131
0.0662026
0.0207319
0.0138137
0.0541974
0.0195412
0.0158665
0.0542158
0.198199
0.781773
0.0124188
0.160001
0.012297
0.0821259
0.0541974
0.0158665
0.0542158
0.01139
0.21319
1.00806
0.0124188
0.0105892
0.145315
0.0821259
0.0166365
0.0541974
0.0138168
0.0709091
0.0112716
0.213649
0
1.00806
0
0
0.0105892
0.145315
0.0821259
0.0918348
0.0709091
0.0112716
0.213649
0
1.00806
0.0105892
0.131795
0.0821791
0.0541974
0.0542158
0.0112716
0.184518
0
0.916713
0.0577371
0.116133
0.0345252
0.0542158
0.0226615
0.127467
0
0.418783
0.0106619
0.00771509
0.0106508
0
0.0138566
0.0535147
0
0.0166298
0.0542158
0.0226615
0.0880814
0.0107595
0.736531
0
0.00771509
0.0164397
0.0106508
0
0.0363976
0
0.0166298
0.0201966
0.0527762
0.0225891
0.05979
0.00634294
0.999933
0
0.00771509
0.0188728
0.0106508
0.0064896
0
0.0166298
0.0201966
0.0175845
0.0225891
0.0446316
0.999933
0
0.00771509
0.0106508
0
0.0201966
0
0.0159097
0.0225891
0.0211964
0.902668
0.00771509
0
0.0201966
0
0.0159097
0.0227739
0
0.307461
0.00771509
0
0.0159097
0.0114563
0.171074
0
0.0201393
0.030172
0
0.00969501
0.0655678
0.0065319
0.0350928
0.0264907
0.0182142
0.0186856
0.058321
0.0218823
0.408716
0.0065319
0.0104251
0.00671045
0.0527813
0.130228
0.0186856
0.0362622
0.555857
0.0110224
0.0278071
0.0181603
0.00671045
0.169201
0.0180483
0.0182247
0.030223
0.0435225
0.437549
0.0110224
0.0278071
0.00671045
0.0275902
0.0709978
0.0368131
0.031135
0.03637
0.0113567
0.0373563
0.0110224
0.0278071
0.0191173
0.0348705
0.0185883
0.00902365
0.0278071
0.00902365
0.0278071
