0.00755306
0.655255
0.00306911
1.36956
0.0683019
0.037512
0.0331712
0.024731
0.0302629
0.710017
0.167518
0.00290747
0.00598614
0.00264164
0.00930486
0.103827
0.845399
1
0.111589
0
0.0301648
0.100811
0
0.0685079
0.782955
1.01639
0.992072
0.00278359
0.00868288
0.0116937
0.0440644
0.00274089
0.0116466
0.114507
0.00461214
0.997299
0.0374145
1
0.339266
0.00291427
0.0050648
0.01424
0.00300288
0.00293845
0.0109243
0
0.00286664
0.0144157
0.0430965
0.0345895
0.00339399
0.0165135
0
0.00893733
0
0
1
0.106847
0.0246906
0.00576115
0.00423604
0.00868161
0.00595927
0.0330935
0
0
0.00286664
0.00296175
0
0.00288723
0.00284136
0
0.789132
0.943057
0.0147345
0.00376916
0
0
0.0439771
1.05141
0
0
0
0.00299067
0.00864927
0
0
0.10042
1.10997
0
0.88365
0.0106776
0
0
0.00284852
0
0.0029746
0.0236499
0.0347473
0
0.00292153
0
0.00289036
0
0
0.00571079
0
0.00573522
0.00300001
0.00567377
0.00615475
0.629839
0.0188204
0.0103222
0.014768
0.0344113
0.0057798
0.0029746
0.0808235
0.0126594
0.00295211
0.0216455
0.00286664
0.0029746
0.0115441
0
0.1076
0.0110506
0
0
0
0
0
0
0.00310606
0
0.00805598
0.866181
1
1
0.922624
0.670109
0.482712
0.828411
0.77175
1
0.476488
0.0132372
0.00308224
0.983835
1
0.00584884
0.00386422
0.076419
0.39588
0.533613
0.0149743
0.00293451
0.00424585
0.0290612
0.0205596
0.0268979
0.253455
0.271446
0.00287448
0.0285405
0.0440479
0.0227361
1
0.0045043
0
0
0.00282876
0.00281265
0.0303449
0.00296165
0.00268904
0.0505844
0.0108949
0.00304728
0.00322812
0.0029983
0.03831
0.06611
0.0308815
0
1
0
0.00282015
0
0.00268378
0
0.00622058
0.00295448
0.00287448
0.00802631
0
0.00296682
0.00287448
0.00295448
0.00391975
0
0.00486036
0
0
0.00607503
0
0.00495552
0.652353
0.415807
0
0
0.00418782
0
0
0.0030343
0.00987243
0.0632851
0
0.0030343
0.00299221
0.00298056
0.23582
0.00311447
0.00390013
0.0110261
0
0
0.0111065
0.0121413
0.343676
0.0901425
0.178436
1.00912
1.01422
0
0
0
0
0
0
0.00308564
0
0
0.00810907
0.00267808
0.0748137
0.00295448
0.00265618
0.00295448
0.00297333
0.200997
0.00794895
0.0114709
0.990924
0
1.01963
0.499447
0.00308081
0
0.00306395
0
0.014807
0.0168843
0.931315
0.971369
0.0693584
0
0.00900873
0.00467641
0.00985413
0
0
0.0293751
0.0121067
1.00038
0.629422
0
0
0.00293148
0
0
0.00296956
0.00868417
0.0029649
0.0061548
0
0
0
0
0.0141382
0.00342129
1.03246
0.945456
0
0.0350224
0.0146036
0.00910536
0.0334898
1.02553
0
0.00874384
0.00389354
0
0.00766669
0.256196
0.0126012
1.07626
0.00300866
0
0
0.00303745
0.00799494
0.00303922
0.0144397
0.00306429
0.990067
0
0
0.00293711
0
0.0286008
0.0121003
0.00879443
0.00838831
0.171
0
0.00291189
0.00285443
0.00303996
0.0146723
0.00929347
0.831555
0.00686152
0.00905755
0
0.00302069
0
0.00286888
0.0337674
0.00316786
0.058778
0
0.00825824
0.00518864
0.00950359
0.0187062
0
0
0
0
0
0.00302604
0
0
0
0
0
0.0206426
1.00019
0.00297251
0.00313663
0.00766669
0.00303647
0.00745769
0.0251906
0.498531
0.650606
0.399792
0.0656403
0.743934
0.985042
0.40075
0.349993
0.398572
0.498966
0.180197
0.488783
1
0.353875
0.150247
0.355628
0.0541684
