0.00504605
0.00504605
0.00504605
0.00515693
0
0.0436066
0.05132
1.29914
0.0188016
0
0
0.00587609
0
0
0.00588676
0
1.32569
0.519682
0.0743732
0.00571222
0.00571222
0.00567401
0.00571222
0.00588585
0.0516833
0.00611013
0.00537792
0.00614421
0.815489
0
0
0
0
0.00609536
0.00805784
0.00816032
0.0195926
0.00571222
0.00571222
0.00577251
0.0117036
0.204058
0.654407
0
0
0.00598496
0
0.169215
0.00564049
0.00540534
0.00683211
0.00556724
0
0.00504747
0.00583992
0.006026
0.0058959
0.00589258
0.00589424
0.0295968
0.0111139
0.00844743
0.00620265
0.00591986
0
0.00503519
0
0
0.00522459
0.00540534
0.00675667
0.0270267
0.00513111
0.00618627
0.00739983
0.00855938
0.00657763
0.00611216
0
0.00591986
0.00616611
0.00930778
0.00589777
0.00533157
0.00618708
0
0.0293889
0.0996874
0
0.0350431
0
0
0.00528322
0
0.00519708
0
0
0.0169924
0.00564049
0.00522471
0
0.00522005
0.00564049
0.0153832
0.00511161
0
0
0.0055591
0
0.139942
0.0168202
0.0073678
0.00543739
0.005432
0.0532273
0.0892325
0.449199
1.18391
0
0
0.012678
0
0
0
0
0
0
0
0.00645773
0.0155936
0
0
0
0.0642929
0
0
0
0.00538125
0.0120149
0.0823749
0.0165121
0.0371365
0.005247
0.00507122
0.0104747
0
0.00590476
0.00620936
0
0.00534974
0.0741883
0.00507122
0.0051265
0.00723111
0.00555283
0
0.00507122
0.0102752
0.00530538
0.0140744
0
0.0337325
0
0.00476498
0
0.0385321
0
0
0.0053882
0.0186768
0.0719227
0.00530487
0
0
0.00594596
0
0.00520209
0.0273251
0.0107035
0.0482203
0.23651
0.763857
0.652841
0.216019
1.14969
0.967874
0.00570672
0
0.00570834
0.00570994
0
0.0190278
0
0.0053023
0.00613835
0.00541145
0
0.00538144
0.0483677
0.00526844
0.0113657
0.00574196
0.00535526
0.0340522
0.00683987
0.0111087
0.0373294
0.00533815
0.00580826
0.00616784
0
0.00508826
0.00536491
0
0.00599504
0.00599504
0.00570857
0.0062955
0.0317445
0.0118868
0
0.0111563
0.00599504
0.00570857
0.00548953
0.00578486
0.0342514
0
0.0066656
0.025693
0.0815273
0.00520209
0.00525707
0.00550147
0.119051
0.00533865
0.0137763
0
0.00570834
0.00867016
0.0219656
0.00535906
0.026324
0
1.03648
0.505169
1.03797
0.748074
0
0
0.0112713
0
0
0
0.00528725
0.00694977
0.00521083
0
0
0
0
0.0406681
0.0740961
0.0268123
0.0114757
0.00562101
0
0.00570834
0.00537914
0
0.00562574
0
0
0
0.00580317
0
0.0189383
0.00553278
0
0
0.00526769
0.00926911
0
0.0401254
0
0.00599504
0
0.015001
0
0.0178554
0
0
0.00535006
0
0
0.00691736
0.00562414
0
0
0.00612433
0
0
0.00553386
0
0.00599179
0.00567578
0.0134181
0
0
0
0.448484
0
0.00575175
0
0
0.0166052
0
0.00570834
0.00599261
0
0.00723784
0
0
0.00781645
0
0.00570834
0.0115549
0.0233232
0.00597061
0
0.00538144
0.0116004
0.0132761
0.0696855
0.0110849
0.0232574
0.00560209
0.0104507
0.0115549
0.00509339
0.0122918
0.00547937
0.00614767
0.0314775
0
0.0213722
0.00555981
0.00536246
0.00626143
0.00749076
0.0104042
0.0107249
0
0.0599261
0.0164516
0.0107249
0
0.00625889
0.0104042
0.0510147
0
0.00519288
0
0.00515706
0.00547111
0.0103441
0.00589638
0.00529655
0.00623721
0
0.157232
0
0
0
0.0599261
0.94627
0.649499
0.00529535
0
0.00529386
0.0177725
0.0238278
0.0317913
0.00532359
0
0.00526623
0.010412
0.0088231
0.0110221
0.15819
0.00507122
0.00995309
0
0.00560178
0
0.00511814
0.0105764
0
0.0113551
0.00529386
0
0
0.00529023
0.00570834
0.0602752
0.0836889
0.0350952
0.0461329
0
0
0
0.0123636
0.0486479
0.0173361
0.0119531
0.0164839
0.0109059
0.0856515
0
0.0104324
0.00572809
0.00560896
0.00730042
0
0.0111312
0.00535006
0
0
0
0.0167048
0.0390156
0.0172128
0.0178335
0
0.00538565
0.00560896
0
0.0204991
0.0105909
0.00525409
0.00507122
0.00529386
0.00507122
0.0221728
0.00547096
0.0174008
0.135375
0
0.0798652
0.00524717
0.00507122
0.00593191
0.00931008
0.01095
0
0.00570373
0
0.562176
0.903663
0.00581502
0
0.161779
0.0465589
0.00803409
0.0154011
0.241079
0.00544803
0.0058919
0
0.00578539
0.00583617
0
0
0.00589356
0.00591358
0.00816313
0.0505822
0.0154374
0.00570834
0.0112686
0.0820348
0.00553074
0.00515316
0.00829612
0
0.00625371
0.0171669
0.0110156
0
0.00593567
0.0117174
0
0.0111986
0.00553074
0
0.0148827
0.0252038
0.0173896
0.0177657
0.886111
0.0229337
0.155292
0.0104623
0.0224091
0.0117073
0.00553074
0.00548485
0
0.0174298
0.0632081
0.0122618
0.00555559
0.021948
0.00529613
0.00538144
0.011321
0
0.00553074
0.0223945
0.0114588
0.0113556
0.00698689
0.0252581
0
0
0.00875092
0.0320608
0.014164
0.125901
0.017171
0.00594543
0.00780314
0.0172658
0.00579178
0.0403065
0.0105776
0
0.00564705
0.0269858
0.251566
0.0054407
0
0.0795787
0
0.00564705
0.0194733
0
0
0
0.00570834
0.0155292
0.00571692
0.00538984
0.00617467
0.0162399
0.0220533
0.710861
1.12404
0
0
0.00568058
0.00895331
0.00621339
0.0143898
0
0.00628697
0
0
0.00578376
0.00574296
0.00534432
0.00572861
0.0111266
0.00817506
0.00531439
0
0.00555981
0
0.00606202
0.023396
0.00608934
0.0118862
0.0112576
0.0130624
0.0212807
0.00546643
0
0.00539603
0
0.073678
0.0059621
0.0124798
0.00570167
0.00558027
0.00536246
0.0111241
0
0.765803
0.0107685
0.0110776
0
0.00589514
0
0
0.0252649
0.0060408
0.0538427
0.011768
0.0622006
0.00589514
0.00562163
0.0114106
0.00589514
0
0
0
0
0
0
0.00548452
0
0.0255937
0.0170886
0
0.020201
0
0
0
0
0.00583395
0.00573445
0.0231259
0
0.0173522
0.00597428
0.00555981
0.0113554
0.0529382
0.00556094
0.0245739
0
0
0.129183
0
0.00578376
0.0115406
0
0.0144862
0.027123
0.00600978
0.0490316
0.656581
0.00570672
0.00534432
0
0.00583617
0.0146927
0
0.0145904
0
0
0.00570834
0.00570994
0.00559636
0.00972695
0
0.00583395
0.00564717
0.0086009
0.0178018
0.0054485
0.00601202
0.00539581
0.011679
0.0407963
0.00529386
0.011222
0.00601322
0.0333892
0.0123917
0.0117244
0.00529386
0.00599261
0.00529386
0.145007
0.00589514
0.00536246
0.00562163
0
0
0.0410342
0
0
0.0055866
0.00562546
0.00536246
0.0430045
0.0113177
0
0.0280761
0
0
0.0054479
0.0054365
0.00574824
0.00547114
0.0418882
0.0236082
0.00663816
0.03425
0.00742896
0.0119299
0.00553638
0
0.0117275
0
0.0427465
0.0113415
0
0.0113608
0
0.00611811
0.00606928
0
0
0
0.00507675
0.0117275
0
0.00570834
0.00769093
0
0.0115932
0
0
0.00533794
0
0
0
0
0.00583395
0.0107695
0
0
0
0.00571015
0.00611972
0.0171257
0
0.0613608
0.00572809
0.0114046
0.0113129
0.00601927
0.00553957
0.00534282
0.00597061
0
0.0114627
0.923742
0.028504
0.00572809
0.00546643
0.0357776
0.12424
0.0174825
0
0.0953135
0.0245742
0
0.0140541
0.0238109
0.0194539
0.00562215
0.00575633
0.0225005
0.0298996
0
0.00598835
0
0
0.00548485
0.0448965
0
0.00528307
0.00553832
0
0.00528158
0
0.00570841
0.00528158
0.00542661
0.412461
0.866181
0.00528158
0.00528158
0.0677317
0.0256659
0.0158447
0.00528158
0.0055748
0.0233232
0.0115798
0
0.00491335
0.00990297
0.011879
0.00528158
0.00626759
0.0171669
0
0.00548485
0.0239102
0.0210446
1
0.0168361
0.00562546
0.00600428
0.0160674
0.396618
1
0.00536246
0.00562546
0.0147904
0
0.00588844
0.0475309
0.00536246
0.00524609
0.00998768
0.0116181
0.0256659
0.00610745
0
0.0290452
0
0
0.00617284
0
0.00628921
0
0
0
0.912982
0.163476
1
0.00843819
0.0058948
0.00589514
0.0140636
0.73096
0.817367
1
0.986668
0.617412
0.00547362
0.0054762
0.00595203
0.00547774
0.00859153
0.0054762
0.0056489
0.00547225
0.0130939
0.0057677
0.0172031
1
1.0166
0.00584025
0.00614382
0.193489
0.468399
0.542474
0
0
0.00480308
0
0.00592333
0
0
0
0.0161243
0.0138559
0.00597933
0.015621
0.138484
0.00528018
0.0591391
0.00597323
0.0111652
0.0363429
0.106871
0.0184611
0.0585269
0
0.0060831
0
0.00585105
0.0064874
0
0
1.01004
0.00539454
0.00539606
0.0054653
0.00558409
0.00539758
0.00539606
0.00780757
0.00595571
0
0.00562642
0.0140436
0.0229024
0.0541725
0.00547374
0.0225894
0
0.0053439
0
0.0131772
0.0054653
0
0
0
0.00568287
0
0
0.00509508
0.00677741
0.0054653
1.02305
0.00592682
0.00546305
0.00533857
0.00593016
0.015089
0.00858433
0.0054653
0
0.0059285
0
0.00928991
0.0145673
0.0603396
0.0720334
0.0059285
0.151019
0.0114067
0.00598815
0
0.00539606
0.00553334
0.0170707
0.189931
0.00602643
0.00566931
0.00585105
0.00567431
0.00522291
0.00544778
0.00546375
0
0.0141653
0.00499279
0
0
0.0206096
0.0233
0
0.00515523
0
0
0.00520708
0.00585105
0.00522291
0.00585105
0
0
0
0
0
0.00504885
0.0053439
0.011288
0
0.00514903
0.0206096
0
0.00542192
0
0
0
0
0
0.00522291
0
0.0116355
0.00569276
0
0.00534612
0
0.00578532
0.00756786
0
0.0050834
0
0
0
0
0.0203621
0.0050834
0
0.00527087
0
0.00569524
0.00708245
0.0138002
0
0.0151342
0.00525509
0.00542988
0.0107738
0.0090498
0
0.0406943
0.00592449
0.0050545
0.00570765
0
0.0135747
0
0.00542988
0.0059472
0.0249531
0.0535962
0.0055839
0.00613699
0.00535962
0.00546375
0
0.010851
0.00578547
0.00743908
0.00542835
0.00578547
0.00530911
0.00549745
0.0349715
0.00506552
0
0.00608394
0
0.00578547
0.0107895
0
0
0
0.025629
0.00521009
0.201394
0
0.00554642
0.00606863
0.0382672
0.00505463
0.0054959
0
0
0.0402674
0.0390698
0
0.0054959
0
0.00612914
0.0190628
0
0
0
0.15994
0
0
0.00578547
0
0.0124162
0.00568912
0
0.00562013
0.012693
0.0054653
0.0054653
0
0.0232426
0.00549319
0
0.0167223
0.0054653
0.0172832
0.00549435
0.00543141
0
0
0.010498
0.00856548
0.00568601
0
0
0.00529115
0
0
0
0.0167964
0.00504885
0
0
0.00552281
0.0106414
0
0.0167964
0
0.0188851
0.00519157
0.00621363
0
0.00571795
0.0151081
0.00559881
0.00546305
0.00602702
0.00799831
0.0182102
0.00597586
0.00546305
0.00576082
0.00780435
0.0055373
0.019155
0.0341161
0.00547374
0.0221279
0
0.0258011
0
0.0181199
0.00693096
0.0256566
0
0
0
0.0207523
0
0.0176787
0
0.0428399
0.979465
0
0.00513131
0.84861
0
0
0
0.0341469
0.0056701
0
0.0056685
0
0.00723971
0
0
0.0056701
0.0055582
0.00557077
0
0
0
0.00565523
0
0
0.00532883
0.0448159
0
0.0059801
0
0.0113191
0.0106706
0
0.00511478
0
0.00519781
0.00562858
0.0581537
0.0172307
0.023382
0.0608083
0.005042
0
0
0
0
0.027791
0.0123372
0.0321341
0.00585105
0.00593233
0.00557031
0
0.00560932
0.00790553
0
0.00593233
0.0219414
0.00576908
0.00553876
0
0
0.00686732
0.067835
0.0177957
0.0200657
0.0435091
0.00594812
0
0
0.00581061
0.035132
0
0.00635196
0
0.0118139
0.0189622
0.0112014
0
0
0.00658722
0.0239747
0.0122231
0.0465335
0.457456
0.00594399
0
0.885338
0.00532733
0
0.0163338
0.0117303
0
0.0059306
0
0
0.0051086
0
0
0
0
0
0
0
0
0.00527087
0.0118602
0.00547822
0
0
0
0
0
0
0
0.00547822
0
0.00530438
0
0.01711
0
0
0.0102756
0
0
0.0118602
0.00584408
0.0215701
0.00553244
0.0118043
0.0241824
0
0.016369
0.0183525
0
0
0.062356
0.00593233
0
0.00551305
0
0.005042
0.00619965
0.00742019
0.0443631
0
0.00620893
0
0
0
0
0.00593233
0.0105202
0.0114288
0.00600072
0
0.00815468
0.0172336
0
0.0204055
0
0.006264
0
0.00532883
0.00557418
0
0.00554074
0.0147422
0.272496
0
0.0292168
0.0309691
0.0852654
0.00520044
0
0.00557418
0.0111143
0.0331545
0
0.036402
0.0117336
0
0.041122
0.0381288
0.338631
0.671622
0.451791
0.0120535
0.0631575
0.00557418
1.05116
0.999327
0
0.0114946
0.00587833
0.00798926
0
0
0.00593954
0
0.0169
0.00535085
0
0.00567903
0
0.06711
0.0279065
0.172768
0.0222462
0.00566949
0
0.00581848
0.0104822
0
0.0111619
0.00602725
0
0.00584408
0.00530158
0
0.00584729
0.00722966
0.00530931
0.0336877
0.0056067
0.00582126
0
0
0
0.0112805
0
0
0.00570343
0.0116653
0.0116273
0.00915377
0
0.0109711
0.00696319
0.00570343
0.0158766
0.0110853
0.00550399
0.169271
0
0.0116653
0.00606483
0
0.0118623
0.032324
0.0305351
0.00552317
0.0795603
0.00535255
0.0056067
0.00550574
0.00571182
0
0
0.021406
0.0116548
0
0.0056067
0.00552908
0.00581848
0.017187
0.011372
0.0271837
0.0238651
0.0286487
0
0.017817
0.24081
0.00588365
0.0231598
0.0501628
0
0
0.0056067
0.00696319
0.0833207
0
0.00594817
0.0295059
0.030593
0.0293044
1.0044
0.574879
0.0170905
0.0454502
0.00535085
1.0363
0.980943
0
0.0059329
0.0125572
0.0173254
0
0
0.0117877
0
0
0
0.00571177
0.0128504
0.0113238
0.0112815
0
0.00546012
0
0.00573088
0.00609744
0.00593123
0
0.00595072
0.521406
0.0110218
0.00618552
0.0119636
0
0.0112776
0.00593123
0
0.0116519
0
0.00559444
0
0.00593233
0
0
0.00592904
0
0
0
0.00576654
0
0.00544147
0.0836241
0.0057412
0
0
0
0.0057207
0.023099
0.0612283
0.257234
0.0171977
0
0.00592904
0
0.00527087
0.0115383
0.0152348
0.0438948
0
0.00592904
0.0321051
0
0.00558762
0.00559881
0
0.0111882
0
0
0.00755951
0.00547408
0
0.0422635
0.0702317
0
0
0.00652957
0
0.0112344
0.0538338
0
0.0233136
0.0181382
0.00537814
0
0
0.00546012
0.0133904
0
0.0115878
0
0.00766358
0.412795
0.919829
0.00568567
0.00537814
0
0.907167
0.680207
0
0
0
0
0.00544147
0
0.00568517
0.0059329
0
0
0
0
0
0.00559881
0
0.00570343
0.00570661
0.00567743
0
0
0
0.00575611
0.0168337
0.00559881
0
0.0818999
0
0.00567573
0
0
0
0.00541064
0.00569544
0.00727816
0.0248459
0.00599537
0.0173466
0.0233977
0.00593233
0.0151548
0.00813394
0.0413257
0.328794
0.0232935
0.0116426
0
0.005303
0
0
0.00862211
0.0153478
0.034394
0
0
0.0214608
0
0
0.00682515
0.0184264
0.0185942
0
0.00805873
0
0.0180416
0
0
0
0
0.0839256
0
0.00559584
0.015854
0
0.00560304
0
0
0
0.03706
0.0137453
1.00766
0
0.0222398
0
1.00064
0.00572595
0.00561819
0.005931
0.0109682
0.00566949
0
0
0.00557674
0.00572434
0
0.00678733
0
0.00544147
0
0.00592411
0.00533439
0
0.0117507
0.00544147
0.00572434
0
0
0
0.0113656
0.00572434
0.00546012
0.0120436
0.0120931
0.0110282
0.00556852
0
0.00516607
0.0121511
0.00780592
0.029515
0
0.00574596
0.00577364
0
0.0055799
0.00597755
0.00592904
0.00559905
0.0430547
0.0338715
0.0118364
0.0241228
0.00544147
0.005931
0.00547883
0.028503
0.00577231
0.0136222
0
0.0300222
0.00580233
0.00572434
0.00544147
0.00543116
0.00544147
0
0.0287946
0.0207412
0.00564681
0.102545
0.00572434
0.0114321
0.00546645
0.0114922
0
0.0059977
0.00562752
0.00837576
0.0340169
0.00576742
0
0
0
0
0
0.471001
0.00590238
0
0.806816
0
0.0118587
0
0
0
0
0
0
0
0
0
0.00577319
0
0
0
0.0112023
0
0
0.00562752
0
0.00563916
0
0
0.00567743
0.00544147
0.0148912
0
0.00596428
0.0119277
0.00574596
0
0.00565134
0.011324
0.00625919
0.00554392
0.0133291
0.00601333
0
0
0.00655215
0.132756
0.042633
0.00591916
0.0172514
1.34444
0
0.00538345
0.00577245
0.00797787
0.0247211
0
0.0180375
0
0.0117795
0
0.00569071
0
0.0111416
0.0181382
0
0
0
0.0054825
0
0.0167964
0
0.0203687
0.00567775
0.00546645
0
0
0
0
0
0.00617581
0
0.922213
0
1.14545
0.005443
0
0
0.0171111
0.00557656
0
0.00594859
0
0.0118108
0.0238995
0.00572434
0.00549811
0
0
0.032308
0
0.00543389
0.00569759
0
0
0
0
0.00544147
0
0
0.0337149
0.00550616
0.00547531
0.00538835
0
0.0451858
0
0
0.0299769
0.0344067
0.00567743
0.00544147
0
0.978032
0.00592904
0.00585044
0.00605601
0.0175451
0.0187155
0
0.00593634
0.0115985
0.0057207
0.0183337
0
0.0180313
0.0316324
0
0
0.0270137
0.023666
0.00569443
0.051407
0
0.0163802
0
0
0.00620295
0.0179317
1.08851
0.00546799
0
0.00573102
0
0
0
0.00863124
0
0.00546645
0.00543249
0.00568077
0.0827002
0.011169
0.0111908
0.00975067
0.00598641
0
0.00554392
0
0.00585044
0
0
0.0860607
0
0
0
0
0
0
0.00594364
0.968166
0.0057207
0.00613359
0.0132016
0.00588808
0
0.0056234
0.0100954
0.0117183
0.005914
0.0182215
0.00543892
0.00545999
0.0359438
0
0.00779999
0
0
0
0
0.00682529
0
0
0
0.00595611
0.0341264
0
0
0.043668
0.0168356
0
0.00584179
0.396804
0.0122748
0.00563152
0.0341264
0
0.00682529
0.00584179
0
0.00585949
0
0.0234582
0.00596447
0
0.0178308
0.0136575
0.00622048
0.00600766
0.00574596
0.0195015
0.00593123
0.00574596
0.00572434
0.357223
1.01749
0
0.0058822
0
0
0
0
0.00546805
0.0143207
0.00600876
1.00667
0.00572434
0.0156118
0.00574596
0.00903843
0.0557276
0.99399
0
0
0.427011
0
0
0.0651946
1
0
0
0.978353
0.518384
0.701435
1
1
0.452106
0.980158
1
0.709627
0.150247
1
0.152318
