0.0190256
0.00292234
0.0546595
0.00105646
0.00389294
0.0508524
0.0128259
0.0410458
0.0173225
0.0371625
0.002203
0.0182408
0.0293179
0.002203
0.0218377
0.0253007
0.00470586
0.0227001
0.0253007
0.00470586
0.0227001
0.0215163
0.00443316
0.024542
0.0116054
0.0119499
0.0439464
0.120789
0.000912721
0.120789
0.0070038
0.0107898
0.0290134
0.0229161
0.000909975
0.00360497
0.000909975
0.00360497
0.00495862
0.00411444
0.00536822
0.0277985
0.0197849
0.00907973
0.0159476
0.0353474
0.0159025
0.00696992
0.0410345
0.0262797
0.00481185
0.00198962
0.0410345
0.0262797
0.00386583
0.00286179
0.0313951
0.034507
0.00194902
0.00275722
0.0275168
0.0412616
0.00180878
0.00717889
0.00180878
0.00360497
0.00114214
0.0222353
0.0837933
0.00254916
0.0197631
0.0151827
0.0816712
