0.0164251
0.0120471
0.00722168
0.0101057
0.0110986
0.0164251
0.0546597
0
0.0242293
0
0.00964543
0.0100417
0.0101546
0.0669379
0.0152794
0.0209606
0
0.0173514
0.0342636
0.00806737
0.200649
0
0.0150386
0.00958534
0
0
0.00986196
0
0.0402622
0.0173514
0.0141352
0.418711
0.418711
0.418711
0.418711
0.418711
0.0151455
0.011038
0
0
0.0178114
0
0.0109092
0
0
0.0134055
0.00701782
0.0194207
0.0173054
0.0222486
0
0.532575
0.00860044
0.00964703
0
0.00869991
0.00890637
0
0
0.0108401
0
0
0.0111786
0
0
0
0.0584446
0.00717225
0.0173054
0.037272
0.0581819
0.0090472
0.00843012
0.533625
0.014805
0.00860044
0
0.00964703
0.00688569
0.00890637
0.0113068
0
0.0109066
0
0
0.0111786
0
0.011289
0
0.0191559
0.00723176
0.0514471
0
0.0222022
0.0581819
0.0090472
0.00843012
0.533625
0
0.00860044
0.0143059
0.01173
0.00946083
0
0.00890637
0.010798
0
0.0109066
0.00984679
0
0
0
0
0.00698164
0.0191559
0.00723176
0.0514471
0.00786095
0.0296657
0.0582184
0.0090472
0.0170326
0.533625
0.0438219
0
0.0177735
0.0139329
0.01173
0.0184959
0
0.00897513
0
0.0112006
0
0.0109066
0
0
0
0
0
0.0139428
0.0191559
0
0.00723176
0.0514471
0.00786095
0.014726
0.0582184
0.0090472
0
1.00065
0.0290532
0.0151653
0.0337106
0.0174577
0.042527
0.0225699
0.0361381
0.0127399
0
0.00839183
0.0114244
0.00992461
0.0206764
0.019136
0
0.0128728
0.0110952
0
0.0311475
0
0.00698164
0.0569089
0.00892845
0.014426
0.0514471
0.00786095
0.0219658
0.0652622
0.993808
0.0142483
0.0151653
0.116921
0.0266761
0.0263459
0.0390819
0.0322752
0.00955925
0.00637511
0.0266863
0.00839183
0
0
0.0094899
0.0097698
0.0465481
0.00626859
0.0251637
0.0724475
0.0113151
0.0101086
0.0256251
0.0132311
0.276112
0.00677056
0
0.00647476
0.0682961
0.0218087
0.051899
0.117907
0.00837214
0.00833139
0.635483
0.0146897
0.0151653
0.066403
0.0242699
0.0393891
0.0193255
0.010894
0.00860934
0.0140601
0.0262738
0.00885126
0.0103721
0.00840321
0.0183291
0.0197957
0.0275902
0.00626859
0.0377272
0.041552
0.0346391
0.0215815
0.0421199
0.0129721
0.0204223
0.27495
0.0198397
0.0168147
0.0347439
0
0.042537
0.0614208
0.0165169
0.02453
0.494166
0.0146897
0.0440374
0.0654556
0.0331237
0.0527161
0.0196654
0.0647454
0.0350308
0.00711061
0.0175855
0
0.0318507
0.0265893
0.0183291
0.0599642
0.0636645
0.00626859
0.0122909
0.061571
0.0274372
0.0325118
0.0733026
0.0122543
0.00671491
0.0379451
0.0273423
0.0336939
0.136278
0.0161256
0
0.0561281
0.0604009
0.024709
0.032665
0.232064
0.0288141
0.05889
0.0634137
0.0161527
0.0400464
0.0400569
0.0766408
0.0439105
0.00711061
0.0265055
0
0.0318507
0.0440781
0.0183291
0.0807069
0.0460119
0.00626859
0.0122909
0.031245
0.0475893
0.0325118
0.0417837
0.0249462
0.00671491
0.114682
0.040186
0.0336939
0.143105
0.0483993
0.0564478
0.0541084
0.024709
0.032665
0.106726
0.0288141
0.05889
0.0324218
0.0248069
0.0400464
0.0496588
0.0872512
0.0439105
0.00711061
0.0265055
0.00798506
0.0318507
0.0440781
0.00914682
0.0910186
0.0642101
0.00626859
0.0122909
0.0104926
0.0475893
0.0325118
0.0408143
0.0500467
0.00671491
0.0770013
0.0336444
0.0336939
0.150182
0.0483993
0.0497779
0.0544109
0.024709
0.0403397
0.0871436
0.0146897
0.05889
0.0489146
0.0337096
0.0400464
0.0714625
0.0641845
0.0525714
0.00711061
0.0355673
0.0325957
0.0318507
0.0440781
0.018604
0.122705
0.0642101
0.0261488
0.0624086
0.0719996
0.0541096
0.0211967
0.0519401
0.0623756
0.0127819
0.0937668
0.0273468
0.0491156
0.157708
0.0647928
0.00693677
0.0420941
0.0474219
0.0165642
0.0483444
0.0673288
0.0286553
0.0735368
0.0975535
0.0340466
0.0404357
0.0805041
0.0418861
0.0799123
0.01407
0.026164
0.0160052
0.0422014
0.0622671
0.00971729
0.162841
0.0737345
0.0130117
0.0611632
0.0615307
0.0809752
0.0330296
0.0509831
0.0502155
0.0399104
0.111096
0.0343184
0.0406691
0.150052
0.0322737
0.0419726
0.0552938
0.0248533
0.0481278
0.0574884
0.0415917
0.0751706
0.0657796
0.0259807
0.068125
0.0699891
0.0629278
0.0704064
0.0209404
0.0260224
0.0317728
0.0313537
0.0439081
0.00971729
0.21366
0.0823864
0.0130117
0.100972
0.0718331
0.081606
0.0326441
0.0509306
0.0510362
0.0392576
0.129271
0.0466491
0.0325673
0.14966
0.0329531
0
0.0419726
0.0488597
0.0248533
0.0481278
0.0485447
0.0702656
0.0897084
0.0818466
0.0173265
0.0806314
0.0592143
0.0641865
0.0534234
0.0140235
0.0260224
0.0399968
0.0207228
0.0350255
0.00971729
0.213156
0.0742149
0.0191008
0.125554
0.0712774
0.0677002
0.0334925
0.0705587
0.0510362
0.0458665
0.131446
0.0466491
0.0242715
0.142523
0.0493933
0.0077122
0.0419726
0.0416261
0.0165642
0.072982
0.0193275
0.0695488
0.180888
0.049849
0.0168516
0.080411
0.0205416
0.0629278
0.0623487
0.00664315
0.0173005
0.0320118
0.0316364
0.0441248
0.019452
0.262465
0.0642186
0.0125095
0.0991232
0.112662
0.0538936
0.0671267
0.0803558
0.0510362
0.0647725
0.200223
0.0533011
0.0322628
0.115026
0.0493933
0.00764299
0.0558189
0.0348312
0.0250541
0.0813462
0.0494085
0.0691561
0.136417
0.0324218
0.025531
0.0811058
0.0312001
0.0629278
0.0704477
0.0064251
0.0256939
0.0250452
0.0422101
0.0529052
0.00971729
0.272986
0.0372484
0.0194961
0.524878
0.153736
0.0538737
0.0980257
0.069432
0.0510277
0.0711258
0.218713
0.0331625
0.0322628
0.094257
0.0660543
0.0289472
0.0702356
0.0350867
0.016682
0.0812982
0.0290363
0.0839271
0.168126
0.0324218
0.0256884
0.0273489
0.0507739
0.0744749
0.0618833
0.0398114
0.0173005
0.0250452
0.0211157
0.0263862
0.0197497
0.273516
0.036859
0.0129049
0.535724
0.134195
0.0479136
0.0969907
0.0493188
0.0503635
0.0520151
0.182602
0.0331625
0.0327427
0.0540863
0.0646138
0.0213042
0.0345872
0.0210875
0.016682
0.105221
0.0290363
0.0991283
0.153657
0.0162957
0.00842343
0.02691
0.0597389
0.0428773
0.0259213
0.0201422
0.0340585
0.0499951
0.0417343
0.0173678
0.0100149
0.0402199
0.0371327
0
0.110763
0.114862
0.0206996
0.0866805
0.0497695
0.0248403
0.0458087
0.0933585
0.0328779
0.0323605
0.0404913
0.0493933
0.00723847
0.0209534
0.0208088
0.0166346
0.0572894
0.0192731
0.0572935
0
0
0.00842343
0.0274719
0.040491
0.0422949
0.0260417
0.0133845
0.0255455
0.0164319
0.0314096
0.0174505
0.0197497
0.0206366
0.00864542
0
0
0.00988911
0.0206996
0.109154
0.0497695
0.0128126
0.0326115
0.0751248
0.0198144
0.00789803
0.0338572
0.0493933
0
0
0.01394
0.00819207
0.0333916
0.0295549
0.0712485
0.0317757
0
0.00842986
0.0127898
0.0300975
0.0422949
0.0260417
0.0134851
0.0173005
0.0164319
0.0212629
0.0174505
0.0197497
0.00969625
0.00864542
0
0.0127355
0.00988911
0.0206996
0.0980737
0.0502964
0.0251512
0.0326115
0.0561024
0.0198144
0.0161493
0.0270258
0.0493933
0
0.00709921
0.01394
0.0254002
0.0252324
0.0295549
0.0572471
0.0159379
0
0.00842986
0.0127898
0.0501869
0.0422949
0.0260417
0.0269877
0.0173005
0.0164319
0.0212629
0.0178665
0.0197497
0
0.00864542
0
0.0127355
0.00988911
0.0206996
0.0980737
0.0394879
0.0251512
0.0394165
0.0558593
0.0198144
0.0161493
0.0270258
0.0493933
0
0.00709921
0.01394
0.0254002
0.0252324
0.0192731
0.0572471
0
0
0.00842986
0.0127898
0.0605803
0.031877
0.0260417
0.0200282
0.0173005
0.0323981
0.0321765
0.0178665
0.0197497
0
0.00864542
0.00616835
0.0251578
0.00988911
0.0206996
0.0662046
0.0294787
0.0251512
0.0394165
0.0734093
0.0262408
0.00825124
0.0270258
0.0493933
0.00697706
0.00709921
0.01394
0.0172081
0.0252324
0.0192731
0.0429738
0
0
0.00842986
0.026582
0.0605803
0.031877
0.0260417
0.0132316
0.0173005
0.0243104
0.0319213
0.0178665
0.0197497
0
0.00864542
0
0.0251578
0.00988911
0.0274226
0.0662046
0.0294787
0.0128126
0.0326201
0.0734093
0.0262408
0.024301
0.0270258
0.0493933
0.0146242
0.0142773
0.01394
0.0259391
0.0252324
0.00952844
0.0429738
0
0
0.00842986
0.0395764
0.0600244
0.031877
0.0260417
0.00652566
0.0173005
0.0158986
0.0319213
0.0267058
0.0294227
0
0.00864542
0
0.0251578
0.00988911
0.0274226
0.0662046
0.0394879
0.0128126
0.0326201
0.0361129
0.0134588
0.0321936
0.0344239
0.0493933
0.0223666
0.00709921
0.01394
0.0168484
0.162756
0.0198102
0.0564215
0.0144925
0
0.00842986
0.0137922
0.0600244
0.0209124
0.0173809
0.00652566
0.0173005
0.023918
0.0319213
0.0267058
0.0294227
0
0.00864542
0
0.0251578
0.00988911
0.0274226
0.0662046
0.0294787
0.0128126
0.0395012
0.0536432
0.0199876
0.0161439
0.0344239
0.0808627
0.0220602
0.00709921
0.01394
0.00811746
0.179163
0.0198102
0.0564215
0.0144925
0
0.00842986
0.0137922
0.0600244
0.0209124
0.00866257
0.00652566
0.0173005
0.00802012
0.0319213
0.0267058
0.0294227
0
0.00864542
0.00636714
0.0251578
0.00988911
0.0206996
0.0977584
0.0294787
0.0128126
0.0395012
0.0536432
0.0134588
0.0161439
0.0344239
0.065501
0.0435002
0.00709921
0.00699067
0.00822029
0.25156
0.0198102
0.0420425
0.0156283
0
0.00842986
0
0.0686128
0.0106239
0.00866257
0
0.0255547
0.00802012
0.0212707
0.0180945
0.0294227
0
0.00864542
0.00636714
0.0373873
0.00988911
0.0206996
0.055088
0.0197656
0.0128126
0.0261629
0.0361129
0.00630744
0.0239051
0.0206002
0.0657868
0.0429855
0.00709921
0.0068688
0.285017
0.0198102
0.0274027
0.0156283
0
0.0141463
0.0591663
0.0106239
0.00866257
0
0.00821096
0.015981
0.0106584
0.00925527
0.0194077
0
0.00864542
0
0.0754429
0.00988911
0.0135454
0.0440395
0
0
0.0192595
0.0538088
0.00630744
0.00825124
0
0.0493933
0.0437326
0.0138215
0.0068688
0.0259879
0.565884
0.0193152
0.0274027
0.0779675
0.0321189
0
0
0.0602322
0
0.0095117
0.0149825
0.017418
0.0322241
0.0106584
0.00925527
0.0492934
0.0100677
0.00864542
0.0201723
0.0621815
0.0273431
0.0555821
0.0432413
0.0127731
0.0457323
0.0345573
0.0138323
0.00871578
0.0142764
0.101637
0.0221945
0.0210159
0
0
0.935664
0.0193152
0.0154865
0.0469768
0.101728
0
0.0146419
0.0325694
0.0101749
0.0289792
0.00752682
0.0268381
0.0434551
0.0336918
0.00837426
0.0215414
0.0222283
0.0101262
0.0539033
0.0635554
0.0101318
0.00748612
0.0687326
0.0395925
0.0664244
0.0561562
0.0198
0.00926434
0.0138144
0.149326
0.0467007
0.0501156
0.0298236
0.0351892
0.75597
0.0206335
0.014049
0.127835
0.0857354
0
0.0435108
0.0429732
0.0531256
0.047867
0.0149659
0.0182239
0.0434551
0.0113676
0.0182408
0.0323159
0.0434523
0
0.0610148
0.116679
0.0101318
0.0150773
0.0574406
0
0.0530943
0.0922794
0.0188648
0.0394071
0.0178353
0.0273414
0.15029
0.0371572
0.0440385
0.0370395
0.0442849
0.465594
0.0521958
0
0.110878
0.0530938
0.00831286
0.0566114
0.0963689
0.0552197
0.0562897
0.0217857
0.0175363
0.0513859
0.0113676
0.0089869
0.0419297
0.0750657
0.00928415
0.0541577
0.0789574
0.0629311
0.0215903
0.136637
0.0205396
0.078087
0.0333305
0.0353961
0.0267269
0.155826
0.0285857
0.182958
0.0879537
0.0442579
0.0434136
0.0529033
0.184259
0.0823582
0.0274539
0.0932526
0.034304
0.027188
0.0435108
0.0859651
0.0781057
0.0481408
0.0217857
0.0175363
0.0608031
0.0215244
0.0089869
0.0415607
0.107141
0.00928415
0.0616231
0.0259434
0.0733909
0.028738
0.215821
0.0098206
0.0914127
0.0662641
0.0353961
0.0198754
0.110621
0.0356694
0.183268
0.0886408
0.0662336
0.0363545
0.0793915
0.118006
0.092718
0.0443642
0.124682
0.0335691
0.027188
0.0435108
0.0863602
0.0670838
0.0481408
0.0282686
0.00942011
0.0513944
0.0101568
0.0270918
0.0613549
0.0953017
0.00928415
0.0679534
0
0.0644519
0.0554932
0.303803
0
0.0782421
0.0596009
0.0353961
0.0132332
0.111493
0.0481585
0.200177
0.0803179
0.0671597
0.0363545
0.0963828
0.0927013
0.0716519
0.0874838
0.108464
0.0335691
0.0361308
0.0435108
0.0969017
0.044439
0.0470479
0.0282686
0.0358157
0.0513944
0.0220965
0.0089869
0.0719729
0.0953017
0.0186337
0.0607429
0.0125359
0.0644519
0.0335781
0.304057
0
0.0408457
0.0659487
0.0525981
0.020709
0.128014
0.0481585
0.199668
0.0662403
0.0735889
0.0286121
0.097864
0.0686867
0.0716519
0.0727986
0.0936246
0.085942
0.0366821
0.0695756
0.0539064
0.0563345
0.0279859
0.0282686
0.0358157
0.033246
0.0220965
0.0089869
0.103665
0.0953017
0.0186337
0.060209
0.0125359
0.0746097
0.0488567
0.282716
0.0103557
0.0408457
0.0590206
0.0353251
0.0132332
0.153395
0.0412386
0.236774
0.0810055
0.073218
0.0200988
0.0880377
0.0608397
0.0617794
0.100993
0.0774565
0.0678725
0.0528209
0.0695756
0.0336881
0.0350399
0.00881633
0.0282686
0.0267744
0.0346489
0.0220965
0.0276686
0.114414
0.0854047
0.00928415
0.080973
0
0.0850696
0.0341417
0.272098
0
0.0408457
0.0778185
0.0529667
0.0132332
0.170831
0.049245
0.184625
0.0880679
0.0590336
0.0344674
0.0787382
0.0529966
0.0812206
0.11505
0.0774565
0.0525374
0.0433862
0.0846791
0.0440919
0.0452157
0.00881633
0.020939
0.0276202
0.0261663
0.0338999
0.0089869
0.133231
0.064453
0.00928415
0.0745665
0.0129583
0.0850696
0.0341417
0.28282
0
0.0408457
0.0722019
0.0529667
0.0132332
0.153776
0.0419831
0.184004
0.125846
0.0448137
0.0275216
0.0528483
0.0359666
0.100719
0.101161
0.0465587
0.069548
0.0517862
0.0553419
0.0336881
0.034435
0.00881633
0.0146307
0.0366747
0.0261663
0.0321266
0
0.133231
0.0858639
0.00928415
0.0745665
0.0129583
0.0850696
0.0341417
0.27015
0.0103557
0.0408457
0.0948668
0.0171707
0.0196432
0.108874
0.0354749
0.217356
0.10493
0.0448137
0.0136696
0.0258016
0.0440112
0.100719
0.114295
0.0164316
0.0863282
0.0353232
0.124326
0.0226168
0.034435
0.0188067
0.00701698
0.0280604
0.035254
0.0203232
0
0.111957
0.0732289
0.00928415
0.094712
0.0263609
0.0622045
0.0341417
0.317431
0
0.0408457
0.0745453
0.0171707
0.0196432
0.083301
0.0422353
0.166253
0.0745788
0.0456372
0.00637404
0.0258016
0.035101
0.0697975
0.100937
0
0.0857886
0.0353232
0.0978141
0.0226168
0.0357651
0.018497
0.00701698
0.0280604
0.0182923
0.0101568
0.10015
0.0630868
0.0180524
0.0821529
0.0634068
0.030093
0.0274993
0.405393
0.0211884
0.03927
0.0669002
0.0364164
0.00641007
0.0847289
0.0209121
0.0995942
0.0524141
0.0226355
0.0133493
0.042947
0.0170976
0.0401017
0.117617
0
0.085899
0.0263804
0.0424672
0.02095
0.0119903
0.018497
0.00701698
0.0280604
0.00942339
0.0101568
0.10015
0.0605464
0.00928415
0.101283
0.0259761
0.0308349
0.0201426
0.0460442
0
0.0256212
0.0802505
0.0171707
0.00641007
0.0678486
0
0.0814376
0.0452892
0.0301287
0.00697529
0.00804203
0.0170976
0.0400365
0.0853634
0
0.0686258
0.0431595
0.0146163
0.0112695
0.0119903
0.00850662
0
0.0184614
0.00842614
0.0112261
0
0.0185886
0
0
0.0133914
0
0.0308349
0.0128143
0.0456976
0.0103581
0.0136951
0
0.0171707
0
0.0505553
0
0.0331256
0
0.00697529
0.00804203
0.0170976
0.0502423
0.0140567
0
0
0.0263804
0.0146163
0.0112695
0.0119903
0
0
0.00777794
0
0.0185886
0
0.020569
0
0.0205344
0.00641997
0.0233034
0.0136951
0
0
0.00664894
0.0243167
0
0.0331256
0
0.00697529
0.00804203
0.00804461
0.0394455
0.0732382
0
0.0146163
0.0112695
0
0
0.00777794
0
0.0185886
0
0.0268586
0.0205344
0.00641997
0.0233034
0.0136951
0
0
0.00664894
0.0162186
0
0.0331256
0
0.00697529
0.00804203
0.00804461
0.0394455
0.0732382
0.0146163
0.0112695
0
0
0
0.00777794
0
0.0185886
0
0.0268586
0
0.0205344
0.00641997
0.0233034
0.0136951
0
0
0.00664894
0.0162186
0
0.0331256
0
0.00697529
0.00804203
0.00804461
0.0394455
0.0732382
0.0146163
0.0112695
0
0
0
0.00777794
0
0.0185886
0
0.0268586
0.0205344
0.00641997
0.011425
0.0258729
0
0
0.00664894
0.0171793
0
0.0494831
0
0.00651034
0.00804203
0.00804461
0.0301918
0.0598591
0.0080758
0.0146163
0.0112695
0
0
0
0
0
0.0185886
0
0.0090327
0.0336205
0.0205344
0.00641997
0
0
0.0258729
0
0
0
0.0171793
0
0.0494831
0
0
0.0129104
0.00804203
0.00804461
0.0301918
0.0577607
0.00934242
0.0146163
0.0112695
0
0
0
0
0.0185886
0
0.0090327
0.0397007
0.0205344
0
0
0.0258729
0
0
0.0171793
0
0.0494831
0
0.0129104
0.00804203
0.00804461
0.0301918
0.0732382
0
0.0146163
0.0112695
0
0
0.0185886
0
0.0090327
0.0397007
0
0.0205344
0
0
0.0394966
0
0
0.00812756
0.0494831
0.00713674
0
0.0129104
0.00804203
0.0301918
0.0437041
0.0172813
0.0295721
0
0
0
0
0.0185886
0
0.0325231
0
0.0205344
0.0430144
0
0
0.0258729
0
0.0316246
0.0142667
0.00640008
0.0166025
0.0200512
