0.00677935
0.0296948
0.00514178
1.30611
0.0286414
0.289157
0.0329035
0.0135257
0.0720575
0.540822
0.017211
0.68141
0.00354327
0.0160748
0.00309301
0.453137
0.664507
0.985552
0.0156789
0.00298869
0.00298869
0
0
0.00373586
0.0177687
0
0.0149434
0.994669
0.599828
0
0.00524772
0.00307777
0.00714118
0
0.00311297
0.0068624
0.178451
0.445573
1.03298
0.00297414
0.00298869
0.00298869
0
0
0.0850714
0.483072
0.994731
0
0
0
0.00285712
0.00298869
0
0.0172626
0.00306342
0.00641163
0.003062
0.00533867
0.108084
0.00313204
0.0028547
0.00547847
0.00527256
0.00252767
0.00565755
0.00293129
0.00533867
0.00527256
0.115645
0.00527256
0.00294905
0.014287
0.132084
1.02523
0.99784
0.0449747
0.0165815
0
0.00291451
0.0269848
0.00280658
0.00276114
0.00278382
0.00276114
0
0.00258748
0
0.00269879
0.0108304
0.0148685
0.0286202
0
0.00469533
0.03278
0.00283892
0.0935643
0.0804236
0.970468
1.00164
0.0785479
0.002891
0.0543341
0.00258078
0.0106387
0
0.0127895
0
0.00326023
0
0.00260911
0.00595098
0.00280658
0.0133
0.614142
0
0.0305206
0.00258905
0.00856648
0.0223162
0.00276918
0.00539316
0.00301244
0.12434
0.0208827
0.939754
1.08078
1
0.00381641
0.0027987
0.0123368
0
0.002891
0.0371455
0.0213877
0.0131754
0
0.0127256
0.0171818
0
0
0.00856648
0.0257143
0.0874056
0
0.00841366
0
0.00284691
0.0308716
0.00523825
0.169212
0.896562
0.184071
0.980935
0.00863969
0.00269367
0.008081
0.00279053
0.0216491
0.00293404
0
0.0110009
0
0.0123887
0.00381952
0.0179381
0.00277062
0.00269851
0.00269914
0.002891
0
0.00303154
0.00280098
0
0
0.00558947
0.00325365
0.00755623
0.00276114
0.994999
0.0502661
0
0.0155118
0.0410209
0
0.0388499
0.0364254
0.0575394
0.0822236
0.00263714
0.0251781
0.00258755
0.00276114
0.00283063
0.00705696
0.00276114
0.002891
0.554085
0.002891
0.00337507
0.0249646
0.002891
0.0176458
0
0.0408164
0
0.0260671
0
0.0107903
0.00522198
0.0308924
0.0526506
0.030342
0
0.00271049
0.0405777
0.00554852
0
0.00282777
0.00554852
0.0104537
0.0531389
0.0134986
0.0227904
0.0919924
0.0183977
0.00554852
0
0.0067552
0.0831718
0.00373087
0.00801602
0.00545763
0.00341911
0.00250307
0.0113142
0.00554852
0.00796449
0
0.0185584
0.019878
0.00370911
0.0127068
0.445269
0.236502
0.155331
0.0228897
0.0215523
0.229813
0.0107382
0.00506492
0.0494724
0.366478
0.86821
0.0037852
0.0029984
0.00568991
0.00286084
0.0166344
0.00965068
0.00271551
0.00251703
0.0516149
0.004136
0.0301577
0.0029984
0.0028952
0.00442257
0.0171849
0
0.00277856
0.00290198
0.0427785
0.0568331
0
0.00822365
0.00293495
0.0560594
0.124296
0.0493419
0.998403
0.0404956
0.0248316
0.00266308
0.00263475
0.010658
0.144914
0.0217083
0.00565782
0.0636246
0.862082
0.269643
0.00843387
0.0755702
0.0469235
0.00269412
0.00252441
0.0111932
0.00533293
0.00271092
0.00605456
0.0337951
0.093925
0.00271092
0.0278977
0.042369
1
0
1.0127
1.01055
0.147032
0
0.00257866
0.00543731
0.00266925
0
0.00351636
0.00283305
0.00280654
0.0295855
0.0249362
0
0.00260651
0.0244056
0.0947792
0.0280224
0.0232006
0.00253199
0.0104087
0.00549971
0.00268954
0.00690734
0.00273417
0.00544658
0.0988391
0.021267
0
0.00688696
0.00277856
0.00381489
1
0.0122749
0
0.0803037
0.419494
0.00268522
0.00599599
0.0312909
0.0028952
0.00847418
0.0480056
0.0028952
0.0107941
0.125335
0.00974275
0.559318
0.0114513
0.7338
0.064452
0.00844286
0.00263355
0.00305017
0.00271035
0.00309655
0.0278124
0.00300764
0.0406694
0.00597501
0.00586611
0.00923907
0.0026275
0.0082114
0.0369563
0.0101674
0.00282996
0
0.00548948
0.00540837
0.469142
0.111478
0.00265724
0.00300877
0.00352775
0.00291973
0.179072
1.00974
0.00517079
0.0390022
0.0032099
0.873008
1.0008
0.00603576
0
0
0.00306886
0.0164175
0
0.00283864
0.0135564
0.00862924
0.0288324
0.0971186
0.0335811
0.0334246
0.00608564
0.00290862
0.00833407
0.0141761
0
0.0191946
0.0027243
0
0.0028952
0.00283714
0.00331591
0.00299591
0.0028952
0
0
0.00291663
1
1.02803
0.976812
0.00282205
0.0170187
0.00294515
0.00286156
0.00546521
0.0171904
0.0024688
0
0.0844347
0.0402307
0.0107147
0.0229714
0.00891382
0.170332
0.00258219
0.00295663
0.00261295
0.00292919
0.00257866
0.00271305
0.00964283
0.00283305
0.00289012
0.0110851
0.00609424
0.112975
0.00302334
0.00283305
0.00283305
0.00289012
0.94782
0.00293881
0.00527296
0.00274685
0.00817338
0.00585361
0.0037633
0.00268129
0.00301147
0.00537257
0.00551138
0.0197424
0.00740639
0.00263526
0.0029968
0.00418025
0.0071777
0.00516787
0.0134915
0.00575076
0.0502032
0.0372781
0.0107447
0.0104185
0
0.00275646
0.00261295
0.0134384
0
0.0414359
0.0718804
0.0468633
0.00244533
0.0991808
0.0166771
0.0150042
0.0109067
0.0272399
0.0108313
1
0.00574924
0
0.00529781
0.0137639
0.953737
0.0318315
0.00861413
0.00612155
0.00808897
0
0.0028348
0.00823558
0
0.0166111
0.00585197
0.0291039
0.00867537
0.0207128
0.00253585
0.00263182
0.0219647
0.00773404
0.0115199
0.00781573
0.00265946
0.00597376
0.0414785
0.114725
0.00540069
0.00875755
0.691637
0.0778429
0.00291521
0.0114463
0.00444917
0.0215597
0.00281279
0.00281279
0
0.00281279
0.00272224
0.00283261
0.00281279
0.00563426
0.00468798
0.00297405
0.0167695
0.00969813
0.00297405
0.00585031
0.138125
0.0562382
0.00297405
0.00264538
0.00271291
0.00832527
0.00277485
0.00260615
0.00403744
0.00262745
0.00260615
0.0060552
0.00260615
0.00793317
0.0121525
0.0028348
0.00260615
0.0985667
0.0163689
0
0.0024878
0.00231677
0.0024878
0.0024878
0.00557899
0.0024878
0.003554
0.00291973
0.00552642
0.0172835
0.00596905
0
0.00291973
1.08834
0.0989916
0.0298453
0
0
0
0.00291973
0.00321897
0.00487458
0.00291973
0.00289708
0
0.00310401
0
0.766474
0.00731187
0.049324
0.0232406
0.00377991
0.00286916
0.0403216
0.00389511
0.0179487
0.00398145
0.00285641
0.0240009
0.00286916
0.0107115
0.0385206
0.0741305
0.010949
0.986958
0.00368637
0.00287664
0.00309561
0.00296607
0.00285076
0.0232199
0.03735
0.0209993
0.37103
0.946515
0.992945
0.00659563
0.00283786
0
0.00575349
0.0139317
0.020008
0
0.773194
0.891308
0.58122
1.01389
1
0.00853388
0.00294395
0.0297094
0.00285161
0
0.00272644
0
0.00685351
0
0.00377504
0
0.00306274
0.0182401
0.0214199
0.00833546
0.00281823
0.0271429
0.0508202
0
0.00547202
0.0191783
0.00853896
0.0115041
0.00548159
0.0975809
0.0547887
0.979205
0.318856
0.00297459
0.00397612
0
0.99675
1
0.0107812
0.0312661
0.0159743
0.00562272
0.0109095
0.00569804
0.00826223
0.0129667
0.049907
0.00289455
0.00289933
0.00332632
0
0.00269371
0.00883065
0.00547202
0.0145644
0
0
0.00832513
0.00342973
0.0158829
0.00263373
0.0132956
0.0199375
0.0364706
0.0421449
0.422122
0.0175609
0.00263742
1.00651
0
0.0028902
0.0170297
0.0112361
0.00645204
0.00502071
0.00269415
0.0123263
0.00286261
0.00259603
0.00903014
0.0029683
0.00966058
0.00548544
0.01331
0.00807401
0.00293733
0
0.0169875
0.020187
0.002949
0.00388657
0.012758
0.00846232
0
0.00293136
0.00257588
0.0172054
0.00881152
0.139665
0.0318736
0.186701
0.0269742
0
0.00562403
1
0.991698
0.359684
0.00294418
0.00256193
0.00297687
0.00267323
0.0853829
0.00280176
0
0.0510653
0.0725956
0.00272644
0.359437
0.00280554
0.0502404
0.0114158
0.0028351
0.00545643
0.00277175
0.0109307
0.00282413
0.00270904
0.00368661
0.0773717
0.0165832
0
0.144189
0.00267283
0.00275085
0
0
0.063847
0.0158955
0.0142239
0.15312
0.0550425
1.01628
0.836987
1
0.0138655
0.00264723
0.0026714
0.00490211
0.00249279
0.0031078
0.00260242
0.00262063
0.00286703
0.00258941
0
0.00277043
0.00272644
0
0.00371014
0.160948
0
0.00425268
0.00462349
0.00608772
0.00275206
0.00263152
0.00287827
0
0.00831753
0.00546395
0.00251295
1.01921
0.005673
0
0.00537494
0.00466096
0.00280161
0.0259477
0.00274585
0.00295562
0.00274585
0.036841
0
0.00267415
0.046762
0.00247499
0.00534805
0
0.00247423
0.00257615
0
0.0112265
0.00255147
0.00257615
0
0.00535323
0.01854
0.00831321
0.00535323
0.0807163
0.994307
0.00811446
0.00624609
0.0859925
0.0066605
0.0459837
0
0.00305758
0.0030277
0.454951
0.002839
0.00279971
0.00279588
0.00815934
0.0371999
0.0145432
0.0417886
0.0478457
0.00239709
0.00815934
0.00551627
0.00279658
0.0273147
0.00843482
0.0205263
0.00273178
0.00801365
0.00523712
0.00810516
0.00259595
0.00277043
0.00748045
0.0323811
0.0052378
0.00919219
0.00272422
0.00270167
0.00279658
0.00803437
0.0109092
0.00279658
0.641526
0.0741641
0.00349113
0.002839
0.0247768
0.00751145
0.00529191
0.200803
0.00246737
0.00247499
0.0188253
0.0423545
0.015701
0.0023921
0.0188253
0.00247499
0.00247499
0.0256709
0.0112698
0.029955
0.00335851
0.00283509
0.0124858
0.0186165
0.0212927
0.00266029
0.00266029
0
0.00247786
0.0117397
0.998242
0.002839
0.0106462
0.00387136
0.00272644
0.0111547
0
0.00272644
0.00837252
0.00272644
0
0
0.019753
0.00288047
0.781187
0.0216152
0.00293397
0.00263373
0.0588578
0.00263373
0.00417047
0.00389565
0.0223017
0.0580082
0.00263373
0.533292
0.00515162
0.487977
0.399337
0.00544584
0.00285582
0.00288406
0.0207508
0.00254757
0.00305051
0.00296219
0.0463789
0.00528482
0.00306252
0.00550052
