0.0072446
0.0435786
0.00254378
0.0126392
0.646166
0.0134902
0.461693
0.00293849
0
0.353873
0.764461
0.00291219
0
0.017673
0.00585575
0.0706791
0.675804
0.0466235
0.0376071
0.0406989
0.456566
0
0
0.00278053
0.0536997
0.973337
0.785552
0.00401073
0.00299555
0.00291219
0.01422
0.00291219
0.00299364
0.00422248
0.0291219
0
0
0.00305324
0
0
0
0.00366864
0.0027673
0.0158825
0
0.00428549
0
0
0
0
0
0.00613506
0
0
0
0
0
0.00291219
0.00284071
0.0195264
0
0
0.00276343
0
0.00293027
0
0.0160589
0.0192084
0.00923647
0
0
0
0.00570671
0.00271869
0.00294356
0.00906229
0.00350359
0.00420843
0.00555718
0.00308541
0
0
0.00264499
0
0.0173028
0
0.00272823
0
0.00271869
0.00566459
0.00932112
0.00467669
0.00745959
0
0.00275401
0.00566459
0
0
0
0
0
0
0.00882304
0.00294533
0.0180119
0.00283634
0
0.0509155
0
0.00288526
0.0058136
0.0178939
0.114341
0.0236769
0.948933
0.433826
0.00264789
0.00446081
0.00286186
0.00263137
0.026021
0.0210531
0
0
0.00273968
0
0
0
0
0.0431121
0.00264789
0
0
0.00262313
0.0101655
0.0056692
0.0118832
0.0245492
0.00297197
0.00611307
0.0029459
0.00264789
0
0.00366171
0.0099296
0
0.00327323
0.002488
0
0.00264789
0.0163121
0.00275503
0.00590927
0.00488347
0.0064166
0.00596348
0.0151172
0.0405305
0.0449961
0.00271869
0.0431077
0
0.0243366
0.00274871
0.0195654
0.767303
0.9268
1.00502
0
0
0.00264864
0
0.00269225
0
0
0
0.00266273
0
0.00563405
0.00266349
0.00306925
0.00282089
0
0.00274634
0.0033519
0
0.00294237
0
0
0
0
0.00337981
0
0
0.0027673
0
0
0
0.00271869
0
0.00482085
0
0.00345753
0
0.0027836
0
0.00284952
0.00290692
0.0207637
0.0398896
0.144315
0.963092
0.00264715
0
0.00264789
0
0
0
0.002732
0
0.00275892
0
0
0.0133824
0
0
0.00496879
0.00882631
0.00618101
0.00512681
0.00319304
0.00264789
0.0027673
0
0.00988962
0
0
0.00808419
0.00276148
0.00955622
0
0.0168336
0.00278827
0.00261936
0.00725967
0.0026327
0.00546049
0.00537417
0
0.00276723
0.00298254
0.00346896
0.00288526
0.00274773
0
0
0
0
0
0.00353508
0.0341472
0.00559892
0
0.00264119
0.0030768
0.00543314
0.0176754
0.00290731
0.00304685
0.00264499
0
0
0
0.00679196
0.025959
0.00926686
0.00288526
0.00263083
0
0.00532546
0.00546407
0.00330987
0.106189
0.00570617
0.00827903
0
0.00502795
0
0.00532546
0
0.00564132
0.00288025
0.00840896
0.00514136
0.00288526
0.00281861
0.00267329
0.00827824
0.00514136
0.202743
0.00520336
0.00251053
0
0.002798
0.0158852
0.0295228
0.0275904
0.15773
0.619887
0.987292
0.00274289
0
0.0263308
0.0235104
0.0321123
0.0113807
0.00874371
0.00276652
0.00299621
0.0210709
0.0139656
0.00831914
0
0.00561328
0
0
0.00255661
0.00264784
0
0.00249199
0
0.00282776
0.00249199
0
0.00249199
0
0
0.00899375
0.00300568
0
0.00566484
0.0107108
0.00274302
0.00266273
0.00249199
0
0
0
0.00867344
0.031946
0.0131945
0.00581879
0.116594
0
0
0.00521267
0.00260655
0
0
0.00300568
0.019482
0.0182988
0.00889769
0.0027673
0
0.00275885
0
0
0.0404274
0.0116618
0.0181752
0
0
0.0054411
0.00268255
0.0180024
0.0100368
0.00546899
0.00283142
0.0164636
0.00273149
0.00272657
0.00268923
0.00781312
0.00306886
0.0107293
0.0172543
0.0852422
0.00565279
0.0114591
0
0.195834
0.00260149
0.00272657
0.00562829
0.00546655
0.0134427
0.0371963
0.0158222
0.0111018
0.250438
0.0809174
0.944548
1.00658
0.00247501
0.0219436
0.0074739
0.192103
0.00258622
0
0.00272657
0
0
0.00282003
0
0.00548489
0
0.00711223
0.0417735
0
0
0.00244816
0
0.002755
0.00822155
0
0.00249199
0.00255661
0
0.00535151
0.0579877
0.00569283
0.0257885
0.0773303
0.0103783
0
0.00255661
0.0027894
0.0027901
0.00511283
0.0137271
0.00532384
0.00266338
0.00351251
0.0111103
0.00871561
0
0.00829372
0
0
0.00722388
0.0393222
0.0027884
0
0.00564233
0.00790768
0.0194431
0.00258158
0.00851575
0.00259697
0
0
0.262789
0.0027423
0.0051715
0.00406929
0.107908
0
0.0027894
0.00514804
0.0736823
0
0.00273149
0.00279636
0
0
0.0107329
0.00266143
0.00274051
0.115845
0.00956651
1.00897
1
1.01261
0.00269154
0.00864384
0.00745063
0.00985793
0.00285145
0.00273966
0.00285822
0.00247501
0.00263821
0.0103573
0.00814794
0.00630594
0.0112967
0
0.0112482
0.00247187
0
0.0222212
0.00263589
0.006338
0
0.0985548
0.0106877
0.00277416
0.00511156
0
0.00328854
0.00541242
0.0525494
0.045587
0.0142888
0
0.0117273
0.00407856
0.0079213
0
0
0.00396065
0.0124945
0.00817971
0
0.0107824
0.00999132
0.00267171
0.00255107
0.00276728
0.023269
0.0053374
0.0436777
0
0.0026351
0.00276728
0.0053374
0.00838336
0.00271286
0.0352817
0.00560956
0.0324027
0.0207546
0.963544
0.197823
0.961023
0
0.00401053
0.0148174
0.00271916
0.00524575
0
0
0.00818756
0.00282928
0.0125252
0.00263821
0
0.00285319
0.0240022
0
0.00263969
0
0.00249006
0.00269319
0.00775925
0.00859576
0
0.00512976
0.00262713
0
0.00343075
0.0321308
0.00532009
0.0102766
0.00276707
0
0.00263589
0.00289143
0.00358985
0
0.00272806
0
0
0.0352947
0.0106061
0.00336702
0.00567839
0
0.010276
0
0
0.00275755
0.00734435
0.00779024
0.00331654
0.00758937
0
0.00693744
0.00263969
0.0206983
0.00247187
0
0
0
0.0101902
0.00337563
0.0115253
0
0.010732
0.00762814
0
0.0109569
0.00278586
0.00259638
0.00757616
0.00259241
0.00283169
0.00280609
0.00680169
0.00352736
0
0
0.00264043
0.0025439
0.00810574
0.00279657
0.00261859
0.00296888
0.00264043
0.00416194
0.022152
0.1451
0
0.00271286
0
0.00543391
0
0.00431232
0.0053977
0.00620144
0.00263859
0.00268923
0.00286479
0.00719617
0.00269293
0.00263969
0
0
0.986789
0.0457559
0.0079187
0.00246206
0.0311148
0.0318753
0
0.00282084
0.00273114
0.015301
0.00913425
0.00287145
0.00533585
0.0538918
0.00346158
0.00251589
0.00466887
0.00285382
0.00585243
0.00822083
0.00830615
0
0.00771119
0.0117922
0.00792461
0.0254426
0.00281552
0.00481505
0.00497092
0.0024188
0.00528418
0
0.00275222
0.0148586
0.0328357
0.0545061
0.0558455
0
0.00276728
0.00804853
0
0.00271513
0
0
0.00289664
0.00266408
0
0.00791001
0.00538916
0.0230508
0.00273114
0
0.00273114
0
0.00273114
0
0.0110135
0.00286395
0.0057527
0.641858
0.00828203
0.00541694
0.00281511
0
0.00701562
0.00268995
0.112423
0
0.00549496
0.00246206
0.0164426
0.00844492
0.0051244
0.00251589
0
0.0132366
0.00468351
0.00628971
0
0
0
0.00529286
0.0112382
0.00256803
0.00513837
0.0287664
0
0.00262878
0.00256803
0.00776715
0.00256803
0.00963444
0.0167944
0.0569911
0
0
0.00675041
0.00288416
0.0043456
0.00739693
0
0.00543903
0
0
0.00828113
0.00274253
0.00314777
0.0400462
0.00512225
0.0447293
0.200921
0.0206125
0.00522723
0.00246206
0.00977426
0.0112409
0.0252979
0.00263022
0.00275222
0.0738618
0.00259381
0.00798037
0.00285295
0.00257365
0
0.00830169
0.00690415
0.0105139
0
0.00770408
0.00275222
0.00354752
0.00415084
0.00757585
0.157719
0.00510999
0.00275222
0.00515022
0.00827372
0.00261065
0.0537523
0.00706787
0.00251289
0.00275222
0.00439949
0.00292271
0.00278157
0.430929
0
0.00246331
0.266472
0.119266
0.0105971
0
0
0
0.00274028
0.00544014
0
0.0283498
0.00292938
0.00276934
0.0402809
0.0033814
0
0.00276934
0.00268923
0.281431
0.0241384
0.0211221
0.0507018
0.210284
0.863785
0.00976044
0.00285568
0.0026289
0.00513836
0.06425
0.00271199
0.00267393
0.00267843
0
0.00253604
0.00543018
0
0.00763084
0
0
0.0129941
0.03477
0
0.0476426
0.00287313
0
0
0.0233748
0
0.00274493
0.00268763
0
0.0520067
0.0111473
0.0365912
0
0.00272262
0.0028101
0
0.00276707
0.0035847
0.0162101
0.0284341
0.0164669
0.97152
0.420198
0.00540613
0.00837038
0
0.00808226
0.00251694
0
0.00544543
0.00540918
0.00528164
0.00285092
0.00760813
0.00258791
0.0069909
0.012962
0.0027864
0.00646811
0.002736
0.00259241
0.00522528
0.00276934
0
0.00259241
0.00255321
0.00806423
0.00253604
0
0.00819118
0.151144
0.041155
0.0267409
0.0958286
0.857909
0.186375
0.00256173
0
0.00572622
0.0636566
0.0107303
0.00268717
0.0368058
0.00272254
0
0
0.00260179
0
0
0.00285568
0.0122386
0.00801298
0.00278125
0.00495421
0
0.00270999
0.00702526
0.00287161
0
0.0037248
0
0.0242297
0.00266173
0.00273522
0.00253604
0.00545818
0.00640306
0.00558757
0.0413534
0.0081851
0.094771
0.0127844
0.00265158
0.00545818
0
0
0.0137069
0.0253052
0
0.048582
1
0
0
0.0111082
0.0149151
1.00045
1.00566
0.382027
0.0134442
0.00560369
0.00542183
0.00281758
0.0106018
0
0
0.00276129
0.00247811
0
0
0.0025702
0.00260668
0.00284337
0.0265556
0.00279238
0.00276376
0.00320416
0
0.00279238
0.00280196
0.0299754
0.00285757
0.00276376
0
0.00287831
0.0227113
0.0187937
0.0193035
0.0552216
0.0407901
0
0.00807964
0.00276376
0.00571841
0
0.00525984
0.00262132
0.0110063
0.00785898
0.00260976
0.00306281
0
0
0
0.00366535
0
0.00562722
0
0.00578493
0
0
0.00254516
0.017962
0.0619366
0.00298114
0.00291331
0.00459997
0.00309489
0.0205594
0.0406426
0.00818093
0.00276403
0.00285568
0
0.002813
0.00263138
0.0025621
0.0113192
0.0709502
0.045866
0
0.00285568
0.0148782
0.00270548
0.00291331
0
0.00298133
0.0050816
0
0.0076287
1.00999
0
0.00301074
0.0117621
0.00778821
0.946503
0.687202
0.00264194
0
0.0251839
0.00259488
0.0079138
0.00461094
0
0.00537249
0.00264623
0
0.00549836
0.00545746
0.00827802
0
0.0112336
0.00563139
0.00422126
0.00259583
0.0110141
0.031127
0.00660671
0.0054668
0
0.0136184
0
0.0517312
0
0.0106867
0.0239324
0.00279519
0.00511706
0.00276479
0
0.00919186
0.0028857
0.00560661
0.0270035
0.00279519
0.0215524
0.00804664
0.00279519
0
0.0411892
0.0365902
0.0555331
0.0600466
0.320323
0.0196845
0.028898
0
0.00281309
0.0110971
0.00819371
0
0.00307944
0.104801
0.00390405
0.200384
0.00287317
0.0110516
0.00819634
0.00548172
0
0
0.00688509
0.00277383
0.0056637
0.0128384
0.00575299
0
0
0.00263474
0.0297336
0
0.00548464
0
0.0136188
0
0.0842677
0
0.0313129
0.00526447
0
0.0137729
0.0398718
0.005358
0
0
0.00232434
0.00288624
0.00644688
0.0081956
0.0190681
0.156709
0
0.00300933
0.0028508
0.00572849
0.00250128
0.00282715
0.0102789
0.0166087
0.824574
0.0620019
0.00827348
0.00290134
0.00804654
0.00285568
0.00282715
0
1.00182
0.00569242
0
0.0192105
0.0111881
1
0.909725
0.00299195
0.00551517
0.0028185
0.0189993
0.0218318
0
0.00372647
0.0112772
0.00830273
0.0058436
0.00275654
0
0.00858239
0.00275629
0.0081884
0.00530073
0.00421211
0.00826152
0.0141443
0.0103964
0.0179724
0.00249082
0
0
0.00278172
0
0.00283804
0.0395774
0.00525862
0.00550815
0
0.118705
0.00266371
0
0.00967113
0
0.0316292
0
0.00548683
0.00793962
0
0.00513
0.0384259
0.0080806
0.0352774
0.0219062
0.081603
0.00786115
0.00386803
0.00686712
0
0.00559109
0
0.00460798
0.00717904
0.00572013
0.0122562
0
0.00521247
0.0117701
0.0107615
0.00276479
0.0048197
0.00524815
0.00530572
0.00698781
0
0.0058607
0.00255671
0.0135729
0.00816906
0.00556955
0
0
0.00961529
0
0.00534484
0.00587845
0.00527237
0.0209178
0.0171434
0.00250232
0.00273476
0.0132832
0.00294556
0.00275072
0.0108443
0.00553172
0.0174647
0.01034
0
0.00274033
0.00235682
0
0.013518
0
0.00291155
0
0.00256119
0.0144175
0.00648781
0.00250232
0
0.00806136
0
0.00297446
0
0.00291155
0.976722
0.00818481
0.00292344
0.010587
0.00505578
0.973271
0.719922
0
0.00249152
0.00303057
0.0104511
0.00785181
0.00389232
0.00551097
0.00249012
0
0.00531914
0.00498041
0.00264301
0.0809653
0.00386467
0.227719
0.00300193
0.00842618
0.0122121
0.011569
0.0132097
0.00814062
0.00838028
0.00880895
0.00296945
0.00587236
0
0.0104031
0.00292328
0.00513
0
0.0117812
0.0345922
0.00295724
0
0.00807563
0.0538508
0.00290274
0.161428
0.0374983
0.00814686
0.00495007
0.0026983
0.00279275
0.0026969
0.0127394
0.00576752
0.00554357
0.0156799
0.0388097
0.00290294
0.00478737
0.00568807
0.0025138
0.00597295
0.00830248
0.00831335
0.0588956
0.00565602
0
0.400238
0.017388
0.00501113
0
0.00399313
0.00846654
0.0240851
0.0115141
0.00263038
0.00559776
0.00781622
0
0.00294691
0.00291331
0.00267883
0.00588145
0.022294
0.0121583
0.00278972
0.00805401
0.00530086
0.0350487
0.00578916
0.00287466
0.00259292
0.00751241
0.00559297
0.00300244
0.00294691
0.0209639
0.0176919
0.00600513
0.0342351
0.00284189
0
0.00269853
0.00553398
0.00308318
0.00276394
0.00537469
0
0.0140565
0.0538698
0.00557712
0.00297253
0.0768624
0.00811821
0.00276376
0.96172
0
0.00274133
0.00683193
0.00544405
0.00278056
0.0106696
0.00560847
0.00812562
0.0122521
0.00831997
0.00250813
0
0.00278134
0.00272227
0.00537774
0.0065941
0.00244519
0.0119513
0.00560847
0
0.00560712
0.00253159
0
0
0.00287753
0.00766604
0.00892339
0.00791142
0.00911903
0.0103074
0.00528373
0.00559097
0.00805569
0.0129423
0.0116151
0.017024
0.00385251
0.015258
0.00268884
0.0596807
0.00257397
0.0107338
0
0.0232785
0.00303194
0.00865477
0.0218377
0.00752033
0.00588086
0.00245218
0
0.00576678
0.00440086
0.0337576
0.00857984
0.0308415
0.0114757
0.040907
0.0211525
0.00255603
0
0
0.0162598
0.00545652
0.00564659
0.0177119
0.0300278
0.00571298
0.0054093
0.0027135
0.00801267
0
0.00292807
0.00275952
0.00290091
0.00306009
0.0172297
0.00586774
0.0171435
0.00312217
0.00277332
0.083208
0.00283054
0
0.00501236
0.00792044
0.0030587
0.00593005
0.00287161
0.0493858
0.0228998
0.0152257
0.0352489
0.00584468
0
0.00232054
0.00800247
0.0133618
0
0
0.0247078
0
0.0144423
0.0760814
0.0025823
0.00254951
0.00249245
0.00522223
0.0160195
0.00246428
0.01315
0.531308
0.00842028
0
0.00552598
0.00250457
0.00582683
0
0.00271714
0
0.00284869
0
0.00245599
0.00518127
0.00888993
0.00358163
0.0101739
0
0.00271714
0.0107123
0
0.00286094
0.00246629
0
0.0176892
0.00556664
0.00267453
0.00526941
0.00257316
0.00286356
0.00263678
0.00258881
0.0053989
0
0.00520188
0
0.0085781
0.00304861
0.00540343
0.00264488
0.0202604
0.00788789
0.0139836
0.00291241
0.0232424
0.0308261
0.0162529
0.00293391
0.00360665
0.00503509
0
0.00716431
0.00292807
0
0.00512027
0.00266003
0.00793463
0.013993
0.00815142
0.00283477
0.00292807
0
0.00239036
0.002683
0.00790373
0.0111674
0.00759496
0
0
0
0.0109171
0
0.00561339
0.0169131
0
0.00271673
0.0512112
0
0.00294691
0.00908067
0.00291155
0.0162096
0.00307386
0.00287607
0.00548433
0.384857
0.00280298
0.00586268
0
0.19448
0
0.0176299
0
0.00577367
0
0
0
0.00370163
0.00899846
0
0
0.020823
0
0
0.00253418
0.010676
0.00289569
0
0.00545461
0
0.00246952
0.125816
0.00242434
0.00973081
0.00284262
0.00314741
0.00870952
0.00589483
0.00524457
0.016713
0.00702353
0.00864936
0.0132729
0.0369094
0.00740254
0.00865228
0.00295764
0.00359668
0.0100686
0
0.0120995
0.042645
0.0114847
0.00538471
0.00825632
0.00498458
0.00265086
0
0.00619902
0.0325506
0.0202213
0.00553745
0.00538471
0
0
0
0.039341
0.00545324
0.0064782
0.00991829
0
0
0.00273732
0.00250528
0.00300324
0
0.0374285
0
0.0375736
0.0575238
0
0.00797493
0.00273732
0.0219734
0
0
0.00639153
0.615594
0
0.00253418
0.1681
0.00261031
0.0345712
0.0031394
0
0.00247708
0
0
0.00299195
0
0
0
0.00559071
0.00286495
0.00287607
0.00286861
0.00296809
0
0.0122784
0
0
0
0.00295856
0.00300534
0
0.00259831
0.00276026
0.00295856
0.00287624
0.00856442
0
0.00816189
0.00570438
0.00295856
0.00596061
0.00836982
0.00567919
0.00812709
0.333231
0
0.00878515
0.0102024
0.00863949
0
0.00269743
0.0102648
0.157675
0.0191955
0.00300534
0.0158739
0.0360258
0.00246985
0
0.00271079
0.00541806
0.0183154
0.0327675
0.00554113
0
0.00299074
0
0.0129631
0.00301683
0.0263178
0.00286352
0.0297558
0.00508016
0.00278134
0
0.0185451
0.00311119
0.00572922
0
0.00418835
0.474625
0.0162787
0
0.0456224
0.00290556
0
0.00473545
0
0
0
0.00285146
0.00299279
0.00295856
0.00307939
0
0
0
0.00749655
0.00299279
0.003045
0
0.00235042
0.00897838
0.00290556
0.0213023
0.0200336
0.00817736
0.00252394
0.00448919
0.0107436
0.00607526
0.00244082
0.00280765
0.00299219
0.00399958
0.00852009
0.0198764
0.00252394
0.00280765
0.0154548
0.00251672
0
0.00874045
0
0.00291155
0
0
0.011506
0.0238738
0.00252394
0.00591348
0.00902385
0.00293548
0
0.00676559
1.07446
0.437911
0.00286024
0.0259923
0.151954
0
0.00292783
0
0
0.00290638
0
0
0
0
0
0.00292574
0
0
0.012281
0.0125502
0
0.00560931
0
0.0060573
0
0.00575071
0
0
0
0
0.00657649
0.0140433
0
0
0
0
0.011732
0.0105024
0
0
0.00901437
0.00281248
0.016819
0.0058179
0.00287607
0
0.0339816
0.00935641
0.00878466
0
0.00704953
0.00292627
0.00271495
0.00295174
0
0.0119605
0.00569267
0.00617451
0.0148425
0.0182516
0.0189212
1
0
0.00577155
0.791695
0
0
0.0027746
0.0027572
0
0.00363476
0.0027746
0
0.00292515
0.00565067
0
0.00304635
0
0
0.00296783
0.0030965
0
0
0
0
0.0221892
0.00281981
0
0.00281981
0
0
0.00986185
0
0.0126097
0
0.0119452
0.00562045
0
0
0
0.00287106
0.00281981
0
0.012326
0.00264027
0.00306232
0
0.00291481
0
0
0.00282974
0.00287607
0
0.00282096
0.00803122
0.00296019
0.0111747
0
0.00287607
0.0174019
0
0.00382246
0.00297308
0.00291576
0.0216696
0.0080041
0.587846
0
0.00291481
0.482686
0
0
0.00295174
0.00268893
0
0.0873741
0.0104709
0
0.00295174
0
0.00299102
0.00279971
0
0.00576846
0
0.0166202
0.00280867
0.0144677
0.0170989
0
0
0.00280064
0
0
0.00365626
0.00284095
0.00769039
0.0116055
0
0
0
0.00764492
0.00309563
0
0
0
0.0140589
0
0.00282933
0
0
0
0.00719017
0.0120134
0
0.0061265
0
0
0.00309224
0.0242151
0
0.00461959
0.0152119
0.00291262
0.0235271
0.0112503
0.119425
0.380095
0
0.982355
1.0172
0.00290638
0.00492747
0.00286553
0.00281298
0.00494299
0.00867898
0
0.00292574
0.00279971
0
0.00334039
0
0.00594756
0.00294204
0
0.00303595
0.00462377
0
0.0435834
0
0.00294912
0.00288054
0.00294399
0.00304613
0.0159108
0
0.00299382
0.00294724
0
0.00391232
0.0088573
0
0
0.0214286
0.00585929
0
0
0.00351843
0.0289601
0.0118912
0
0.00281475
0.00370478
0.764028
0.695213
0.588535
0.00293922
0
0
1.00187
1
0.00277538
0.00646476
0.00869455
0.00272233
0.00278378
0.0285746
0.00295174
0.00277382
0.0027701
0.0069365
0.0192157
0.00303394
0.00281687
0.00285361
0.00286243
0.00292838
0.0414494
0.00299998
0.00279971
0.00292838
0.0435834
0
0
0.0056141
0.00247041
0
0.00793234
0.0086925
0
0
0.00293541
0
0.00277955
0.0035156
0.00437752
0
0.00302009
0
0.00659254
0.0134351
0.00969096
0
0.00424534
0.0146488
0.00510732
0
0
0.00281475
0.00281661
0.00287111
0.0270252
0.0182018
0.0571713
0.00293613
0.0233973
0.0395749
0
0.00281475
0.00280592
0.00938869
0.051972
0.0215562
0.0139768
0.0878588
0.0321471
1.03937
0.324588
0.00382658
0.0323695
0
1.03177
1
0.00280946
0.00800484
0.00936379
0.00532925
0.00305028
0.00581252
0.00266484
0.00281687
0.00273492
0.00280867
0.00338025
0.00266484
0.00533178
0.00577353
0.00280655
0.00292838
0.00567202
0
0.0028869
0
0.00267091
0
0
0.0104659
0.0234819
0
0.00305931
0
0
0.00293564
0
0.00287252
0.006254
0.0112835
0.0060839
0.015989
0.0118166
0.0027239
0
0.00416933
0.00261225
0.00703349
0
0.0058483
0.00306492
0.00520142
0.00282304
0.00274628
0.00854071
0.0113276
0.00336376
0.0468893
0.00775069
0.00281687
0.00281455
0
0.00557536
0.026978
0.0319873
0.0137228
0.0219412
0.959784
0.0027914
0.0337201
0.00775069
0.975444
0.00555818
0.0184197
0.0306178
0.0203118
0
0.00577435
0.00279043
0.00555975
0.0130928
0.00900523
0.00588774
0
0.00562259
0.00279043
0.00274678
0.00527517
0.00274628
0
0.00291743
0.00278206
0.00657794
0.00289942
0.0107434
0.00274628
0.00277243
0.00295097
0.00527953
0.00927975
0.00281687
0.00279043
0.00558334
0.00292838
0
0.0166748
0
0.00798338
0.0136378
0.0113367
0.0271667
0.00332601
0.00274628
0
0.00554061
0.00299524
0.0131566
0
0.00809722
0.00276932
0
0.0026104
0.00530481
0.00744443
0.00836537
0.00613531
0
0
0.0028245
0.00559734
0.0291424
0.00266181
0.00304185
0
0.00517435
0
0.00273404
0.00279043
0.00529648
0.00277991
0
0.0269533
0.0410807
0.00284458
0.0026337
0.00763646
0.0348824
0.00260441
0.00279043
0.00823393
0.00277914
0.00654271
0.061083
0.0218847
0.0134774
0.103396
0.0384835
0.753795
0.00279043
0.947962
1.00407
0.00276895
0.0139645
0
0.358676
0
0
0.0182869
0.00689289
0.00276928
0
0.00281554
0.0127939
0.0164357
0.00584337
0.00272381
0.00292583
0.00276817
0.00285046
0.0934477
0
0.00268586
0.021196
0.00292291
0.00257363
0.0402964
0.0636327
0.0042588
0.301735
0.00258531
0.0604718
0.0027239
0.00249629
0.00557615
0
0.00261255
0.0026629
0.00260837
0.00252147
0
0.0101146
0
0
0.0026629
0.00270266
0.00320243
0.0026629
0.0377318
0.0137693
0.173552
0.00284992
0.00876431
0
0.0052488
0.00283373
0
0.0159061
0.0267195
0.0137689
0.0787774
0.0490949
1
0.0025859
0.823578
0.988336
0
0.00846493
0
0
0
0
0.00282157
0.00254092
0.0049946
0.00263793
0
0.00552348
0
0.0027633
0.00247292
0
0
0.0773899
0
0.00697087
0.00481219
0.00275361
0.0037802
0.00455335
0.0026182
0.00454688
0
0.0090087
0.00257332
0
0
0.0110305
0.00260086
0.108771
0.00293937
0.00779047
0.00260313
0.00462433
0.00279285
0
0.00578895
0.00267062
0.00337789
0
0.00295465
0.00276288
0.00254092
0.00510826
0.00875687
0.0148046
0.00273229
0.00254893
0
0.00254092
0.00254357
0.00246526
0.00261688
0.0027239
0.0393387
0.00266458
0.00254768
0.00754854
0
0.00713319
0.00279935
0.979801
0
0.00522673
0.00324313
0.0169642
0.00257332
0.00277488
0.0151024
0
0.00254927
0.0111177
0.00444148
0.00258749
0.00288907
0.0168862
0.00424879
0.00625251
0.0187543
0.00284631
0.00934794
0.00457584
0
0.00321839
0.0227047
0.00282737
0.00280571
0
0.00541719
0.00258777
0.00282737
0.0158175
0.00259138
0.00541719
0.0053488
0.00616652
0.00258434
0
0.00267091
0.00260455
0.00286044
0.00258434
0.00848051
0.00280116
0.00265379
0.00823221
0.002655
0.00268586
0.00392927
0.026657
0.0138234
0.00544424
0.00268586
0.00773253
0
1
0.0787957
0
0.00241429
0
0.0730639
0.00653336
0.00250961
0.0240504
0.00662923
0
0.00288517
0.00275738
0.00297291
0.36378
0.0239106
0.0457083
0.0112313
0.0289564
0.0687692
0.00261087
0.00539922
0.0239106
0.0335005
0.00285865
0.0140823
0.0258417
0.00282054
0.024202
0.00404971
0.00293661
0.00535217
0.00274673
0.00281038
0.00362886
0
0.00547634
0.0306749
0.00274673
0.00858105
0.00259407
0.00264614
0.0027079
0
0
0.00535825
0.010754
0.00246923
0
0.384166
0.00560773
0.0186924
0.0327954
0.00378628
0
0.00282269
0.0132638
0.00264614
0.00801104
0
0.00379777
0.00285173
0
0.0794426
0.0076774
0.0374767
0.00284378
0.0076774
0
0.0266916
0.00277286
0.00854794
0.0301089
0
0
0.00399075
0.010402
0.00281798
0.00457989
0.00266189
0.00274871
0
0.00280079
0.00268087
0.00816051
0
0.0182609
0.00281719
0.00525814
0.00283402
0.0803479
1.00758
0.00530114
0.0103143
0.0134304
0.00307549
0.002655
0.00255399
0.00279448
0.00352837
0.00536913
0.0526158
0.00832291
0.00274582
0.00263839
0.00262972
0.00420772
0.00567673
0.00517394
0.0220574
0.00323454
0.00269804
0
0.00258457
0
0
0.00572827
0.00438337
0.00256967
0.00261006
0.0401414
0.0134981
0.0132405
0.956064
0.00422935
0.0294437
0
0.00266474
0.00291601
0
0.00279302
0
0.0533565
0
0.036317
0.00287561
0.00271289
0
0.0138502
0.0238337
0
0.633969
0.00801907
0.00264614
0.0107953
0.00261126
0.0077537
0.00537073
0.571952
0.419048
0.013494
0.00805441
0.00285096
0.00545679
0.0207419
