0.0747288
0.0160247
0.00799268
0.0784529
0.014888
0.0118238
0
0.373683
0
0.00799268
0.0868716
0
0.37762
0
0.0126718
0.00959961
0.398857
0.0202895
0.0171473
0.0189104
0
0.0778036
1.00379
0.0116854
0
0.0126718
0
0.0182033
0
0.0134924
0.011683
0.0547124
0.0316751
0.0171473
0.00977303
0.00732839
0
0.0133919
0.0492294
0
1.00379
0
0.00969187
0.0142203
0.0182033
0
0.0547124
0.0316751
0.0209884
0
0
0
0.0133919
0.0492294
0
1.00379
0
0.0191609
0.0142203
0.0182033
0
0.0547124
0.014987
0
0.0209884
0
0
0
0.0133919
0.0492294
0
1.00379
0.00687815
0
0.0191609
0.00820769
0.00722749
0
0
0.0547124
0.014987
0
0.0209884
0
0
0.0133919
0.0492294
0
1.00379
0
0.0191609
0.011849
0.00820769
0.00722749
0.00817126
0.00867996
0
0.0175485
0.0737212
0
0.00812584
0
0.0112154
0.017979
0
0.0133919
0.0407502
1.00379
0.00944456
0.00979549
0.0115518
0.0191609
0.0242561
0.00912577
0.0268823
0
0
0
0.0218183
0.0175485
0.110321
0.0156368
0.0172805
0
0
0
0.0067936
0.017979
0.00764684
0.0133919
0.0428663
0
1.00379
0.00944456
0.0208738
0.0115518
0.00923728
0.0361579
0.012407
0.0138628
0
0.0142224
0
0.0175485
0.218687
0.0149442
0
0.0170683
0
0.0209884
0.00733896
0
0.019291
0.0224978
0
0.0563662
0.0680146
0
0.0197645
0.98566
0.00944456
0.00711532
0.0321759
0.0115518
0.00923728
0.0176277
0.0249484
0.0066353
0
0.0137605
0.0573237
0.0350841
0.0516977
0
0.12693
0.0602614
0.0177505
0
0.0315941
0.00733896
0
0.0557459
0.0224978
0
0.0291175
0.0880137
0.0955498
0.983855
0.00944456
0.00700797
0.0437542
0.0227155
0.0265513
0.0125414
0
0.0209968
0
0.0852655
0.0350841
0.0169191
0.0116104
0.075346
0.0153675
0.0942246
0.0177505
0
0.0618479
0.00733896
0
0.019291
0.0371623
0
0.0750355
0.0619809
0
0.0572995
0.992013
0.00944456
0.00700797
0.107577
0.0115518
0.00916308
0.00875519
0.0252749
0
0.013845
0
0.0151244
0.0729265
0.0359324
0
0.0239185
0.0746208
0.00719558
0.0517238
0.0353859
0
0.0625424
0
0.0180983
0.0223456
0.00908117
0.0297989
0.10579
0
0.0578821
0.992013
0.0140547
0.0540063
0.00916308
0.0174289
0.0359316
0.00835874
0.00720971
0
0.0298915
0.00830542
0.0563785
0.0237793
0.017029
0.0239185
0.070727
0.0148098
0.0203167
0.0242156
0.0177505
0
0.0724719
0.0202127
0.0075785
0.0366031
0.0151317
0.00908117
0.072011
0.0698904
0.0124044
0.0199706
1.00536
0
0.0483229
0.0839152
0.0259807
0.0124227
0.019015
0.00840219
0.0439017
0
0.0174915
0.0548424
0
0.0112762
0.16331
0.0305615
0.0131757
0.0314966
0.0177499
0.0264555
0.0690307
0.00641956
0.0188367
0.0286222
0
0.0988127
0.00837288
0
0
0.937095
0.0205859
0.0306154
0.0113097
0.0085002
0.059041
0.0232126
0
0.0311963
0
0.0133794
0.107282
0.0556367
0.017144
0.0112984
0.142315
0.0299699
0.0134466
0.0239399
0.0179947
0.00641435
0.0583455
0.00641956
0.00806095
0.108649
0.0139964
0.0092219
0.0966341
0.0417542
0
0
0.931774
0.0277401
0.0820002
0.0112513
0.0085002
0.0760234
0.0236511
0
0.0249432
0.00802837
0.013915
0
0.0190673
0.187933
0.0446128
0.0162572
0.0112984
0.15606
0.0154186
0.0205904
0.056299
0
0.0982269
0.00641956
0.107025
0.028099
0.00859465
0.152447
0.0164823
0.0132903
0.0183929
0.739214
0.0179904
0.0415798
0.081508
0
0.0759477
0.0236511
0
0.0251813
0.0163973
0
0.0190673
0.241232
0.0444714
0.0321558
0.0224261
0.121614
0.0154186
0.0205904
0.039291
0.0165652
0.0132687
0.14749
0
0.107763
0.00725316
0.00859465
0.151574
0.0420561
0.0373664
0.582893
0
0.0414192
0.0918909
0.0112815
0.0753369
0.0117633
0.0158104
0.0193584
0.00849423
0.00982881
0.0143835
0
0.0173391
0.295627
0.0113872
0.0330373
0.0568052
0.121783
0.0306333
0.0264384
0.0385256
0.0169631
0.137472
0
0.109433
0
0.0186874
0.205997
0.0508125
0.0552635
0.453247
0.00936541
0.0416599
0.0817267
0.0108701
0.00841023
0.0339938
0.0361687
0.0243058
0.012994
0.00785914
0.0134287
0.00832832
0.0187861
0.132368
0
0.0325303
0.0452178
0.230025
0.0143745
0
0.0312662
0.116968
0.00647849
0
0.0732503
0
0
0.232814
0.0164823
0.0135036
0.0918772
0.241179
0.00936541
0.0420368
0.0303405
0.0108701
0.0170539
0.0170389
0.0121444
0.0129861
0.0142246
0.0168492
0.0187861
0.172639
0
0.0158925
0.0339194
0.141202
0.039037
0.0167173
0.0196624
0.0784276
0
0.0543982
0
0.191598
0.00837288
0.0135036
0.0731275
0.17014
0.0348901
0.0205738
0.0221632
0.0170539
0.0677547
0.011814
0.0160988
0.019688
0.00986332
0.0577199
0.0085209
0.0187861
0.199611
0.0226542
0.104323
0.0140374
0.00666132
0.0156559
0
0.0669598
0.0784309
0.0542963
0
0.026515
0.178288
0.00837288
0.235333
0.155738
0.0288936
0
0.066965
0.011814
0.016044
0.198822
0
0.00986332
0.0577199
0.0199338
0.485817
0.0228908
0
0.158269
0.0856511
0.031956
0.0414588
0.00797205
0.0168029
0.0666541
0.0500034
0
0.073529
0.0361787
0.241018
0
0.269513
0.0688557
0.00998989
0.0500021
0.0100033
0
0.0264946
0.050096
0.0131188
0.0859281
0.185859
0.00931768
0.00972946
0.0143768
0
0.0199338
0.675398
0.0442803
0.0173842
0.172912
0.0691418
0.0604394
0.0894969
0.0182721
0.0599472
0.069019
0.0146477
0
0.110734
0.0547581
0.243747
0.0134893
0.635448
0.0749011
0.00878576
0.122475
0.0108137
0
0.0273067
0.0851887
0.0131188
0.0871621
0.109264
0.0241181
0.0289085
0.0163192
0
0.0199338
0.740793
0.0448733
0.0525631
0.104735
0.0945995
0.0800281
0.0685319
0.0248636
0.0353341
0.109066
0.132113
0.0267614
0.0152324
0.0783851
0.00784905
0.055689
0.222681
0.0534249
0.567671
0.108565
0.0190607
0.0436348
0
0.0118771
0.053301
0.0881988
0.0250874
0.199776
0.0597527
0.00783189
0.049639
0.0289481
0.00903893
0.0561751
0.754055
0.0448606
0.0845629
0.1656
0.223791
0.076555
0.034194
0.0988328
0.0348341
0.0833388
0.177338
0.00680131
0.0152324
0.204787
0.0285891
0.0688255
0.345717
0.0284894
0.0671104
0.990689
0.0464471
0.0103044
0.057867
0.0448903
0.033782
0.0787184
0.122798
0
0.191394
0.0393919
0.00888434
0.037939
0.0918759
0.0182156
0.0547391
0.670925
0.0568223
0.083076
0.288507
0.241934
0.0603515
0.0834253
0.101686
0.0182721
0.12585
0.163676
0
0.0247488
0.244956
0.0215955
0.166127
0.417947
0.00833365
0.0676496
1.00347
0.0609194
0.0199626
0.0578566
0.0112543
0
0.0850211
0.0795142
0.0123184
0.208381
0.0467842
0.0170834
0.0576366
0.163653
0.0175546
0.315882
0.0467724
0
0.312068
0.0940859
0.0933582
0.0755056
0.0827457
0.0925223
0.0984967
0.142612
0.0360227
0.0318251
0.422813
0
0.232942
0.492386
0.0246177
0.0710276
1.00347
0.030919
0.0188692
0.0144651
0.0115564
0.0770129
0.0182389
0
0.0973408
0.0343349
0.00888434
0.0600323
0.0719905
0.0268567
0
0.0829477
0.0361697
0.153595
0.145225
0.0387314
0.0320189
0.0466415
0.0403695
0.095989
0.154538
0.0934872
0.0500206
0.0160908
0.291266
0.0221035
0.2443
0.614213
0.0170437
0.0690508
1.00347
0.163125
0.00995019
0.00733447
0.0220095
0.0122623
0.0181612
0.00847199
0
0.0522475
0.0334397
0.0103183
0.0863808
0.00816994
0.0996071
0.0241849
0.0690548
0.117584
0.019642
0.0479272
0.0832251
0.0228058
0.0751662
0.0680182
0.0630209
0.0221556
0.0164948
0.117361
0.0364518
0.216454
0.392321
0.00871004
0.0694145
1.00347
0.102661
0.00733447
0.00944195
0.0175682
0.0265904
0.0183601
0.00682247
0.0602849
0.0428788
0.0241236
0
0.08603
0.0154965
0.0281557
0.0239875
0.0199442
0.0345605
0.0312376
0.0160643
0.0784639
0.0148252
0.108483
0.235592
0.0407622
1.00347
0.061665
0.0186885
0.0265904
0.00862243
0.00682247
0.0448084
0.0867548
0.0143481
0.00910018
0.0182871
0.0207914
0.00851701
0.0385596
0.118749
0.105705
0.00797179
0.0289554
1.00347
0.0158638
0.00963414
0.0155247
0.0121921
0.0186885
0.00863262
0
0.0496919
0
0.0278811
0
0.0790329
0.0311633
0
0.883449
0.0383061
0.023471
0.0542812
0.0269967
0
0
0.0299927
0.00984392
0.0304515
0.0484417
0.0178515
0.00710571
0
0.0206853
0.0102369
0.0177882
0.0991892
0.00774306
0.0303242
0.117646
0.00932661
0
0.667884
0.0297005
0.0281517
0.01512
0
0.0630394
0.0457882
0
0
0.0299642
0.0444401
0.0623458
0.0178515
0.114473
0.0089449
0.0275287
0.0177882
0.196346
0.00774306
0.0384372
0.204512
0.00932661
0.0560629
1.03252
0.126603
0.0190345
0.0373816
0.00916666
0.0371217
0
0
0
0.029401
0.0304542
0.0192428
0.169205
0.0178515
0.121728
0.0089449
0.0613896
0.010672
0.0177882
0.196177
0.00774306
0.104682
0.30035
0
0.0412888
1.01198
0.142967
0.0185057
0.0456792
0.00906368
0.0273974
0.0118157
0.0150253
0
0.0151684
0.0192428
0.169883
0
0.128475
0.0275631
0.0112642
0.0255171
0.155352
0.00802785
0.0863687
0.34961
0
0.0272124
1.01198
0.0484309
0
0.0859192
0
0.010448
0.0173667
0.0457848
0.0120351
0.008587
0
0.0150253
0.0179819
0.0410328
0.0104872
0.0192428
0.151055
0.0155761
0.114384
0.00826329
0.0395993
0.0102896
0.0317548
0.152104
0.00738275
0.0198325
0.243589
0.00854712
0.0394106
1.00559
0.0459891
0.11367
0.0107029
0.032453
0.0277462
0.0120351
0.008587
0.0128901
0.00856774
0
0
0.0359767
0.0680391
0.0211384
0.0358316
0.113113
0.0183576
0
0.160864
0
0
0.0654567
0.0141517
0.0240331
0.17095
0
0.0388806
0.15658
0.00812213
0.0528781
1.04803
0.031956
0.0358866
0.164936
0.0221823
0.0165449
0.0259695
0.0120351
0.00849629
0.026434
0.0381364
0.0148444
0.0187885
0.0515154
0.0219276
0.0326056
0.134054
0.087283
0.0146524
0.0796653
0
0
0.0585948
0.00927722
0.0071335
0.015163
0.0739121
0.0134349
0.154506
0.082691
0.0130114
0.913464
0.0142484
0.15333
0.0611105
0.0103764
0
0.0257122
0.0425205
0.0114258
0.0323096
0.0196179
0.00821099
0.0661089
0.0425204
0.0175764
0.0367264
0.120143
0.055208
0.032346
0.111901
0.0708166
0
0.106035
0.00820718
0.0344365
0.0786109
0.0294213
0.0142313
0.0761929
0.161705
0.146006
0.0966023
0
0.114634
0.921436
0.144286
0.0336555
0.0205572
0.0220658
0.0421765
0.0415506
0.0121174
0.0403723
0.0261936
0.0470881
0.0422545
0.00905318
0.0180901
0.106772
0.0558498
0.0671482
0.0787556
0.0169875
0.0438525
0.132216
0.00820718
0.0344365
0.0856161
0.0494123
0.0336925
0.069011
0.144276
0.145353
0.0964695
0.017083
0.114818
0.777872
0.0426811
0.135119
0.0403044
0.0325132
0.0590277
0.0579009
0.0404549
0.00642542
0.0160017
0.0472283
0.0423122
0.0178627
0.0538346
0.0533381
0.0776243
0.033212
0.0458257
0.0338372
0
0.204637
0.0156326
0.0340692
0.0594944
0.0302313
0.0545094
0.0546839
0.144012
0.0217113
0.128381
0.0551994
0.0431447
0.113248
0.672547
0.0421405
0.125908
0.0203277
0.0220658
0.0505388
0.00808091
0.008033
0.0329192
0.015978
0.00927076
0
0.00880952
0.0175874
0.0533381
0.0781748
0.0834829
0.0570436
0.035537
0.0295427
0.247052
0.0478932
0.0176157
0.0793208
0.0101925
0.0199739
0.05432
0.123604
0.0344941
0.0729783
0.0415006
0.0768306
0.454389
0.0146708
0.134735
0.00691764
0.0220658
0.0501198
0.00661651
0.0158635
0
0.0191058
0.0534174
0.0773053
0.0671325
0.0233653
0.0705796
0.103979
0.119544
0.0245457
0.051536
0.0470805
0.0191969
0.0064772
0.0237742
0.124611
0.0138314
0.080906
0.0340433
0.0374179
0.345988
0.162156
0.0281478
0.0104112
0.0220658
0.0333759
0.00794283
0.0184315
0.0392722
0.0503733
0.0115555
0.0365615
0.119112
0.140305
0.00836446
0.0335748
0.0402406
0.0188951
0.0156427
0.0184292
0.0141807
0.0449119
0.0166717
0.0636368
0.253873
0.0143732
0.171335
0.00719489
0.0442589
0.0249201
0.0359196
0
0.0504258
0.0365615
0.0145278
0.0406592
0.00638697
0.00939454
0.0212149
0.0182544
0.0257464
0.126035
0
0.0362882
0.00719489
0.00856634
0.00824694
0
0.0326223
0.0145278
0.00703424
0.0124704
0.0546434
0.0179022
0.00694644
0.00703424
0.0172132
