0.00869261
0.00297559
0.00304613
0.0358636
0.00678971
0.065021
0.00514963
1.3081
0.824305
0.00569237
0.0026447
0.0029701
0.485357
1.01414
0.0345722
0.786399
0.00290344
0.0568783
0
0.0298986
0
0.0496506
0.555794
0
1.00906
1.03869
0.0234199
0.00311986
0.00405251
0.0238551
0.0040346
0.0297212
0.00864065
0.00297998
0.00907186
0.011146
0.00589552
0.0108658
0.00297998
0.240844
0.00297998
0.321952
0
0
0
0
0
0
0
0
0
0
0
0
0
0
0.0273848
0.0176273
0
0.00296681
0
0
1
0.650604
0
1.0088
1
0.00303772
0.00304734
0.00356017
0.00308689
1.03532
1.02548
0
0.00252612
0
0
0
0
0.00242151
0.00344471
0
0
0
0.00808671
0
0.00252612
0.0785068
0.0026008
0.00533426
0.00251573
0.0024575
0.0026105
0.00527207
0.00269882
0.00516613
0.00251573
0.0105471
0.0133434
0.0243659
0.154115
1
0.981223
0.0128239
0.0327769
0.0620805
0.00276401
0.00522824
0.00529412
0.0108071
0.00503463
0.00262406
0.00273344
0.0051313
0
0.00252165
0.00256614
0.00258182
0.0103055
0.00260302
0.00273484
0.00510478
0.00257681
0.00778386
0.00268958
0.00372088
0.00375527
0.00725313
0.0293821
0.00859777
0.00262869
0.00273435
0.00788277
0.00876231
0.00503463
0.00769544
0.0051744
0.0123663
0.00551729
0.00529709
0
0.00260722
0.0208514
0.00266086
0.00813758
0.115016
0.0522649
1
0.974815
0.00260686
0
0.0145255
0
0.0221687
0.00805035
0.0145726
0.0761373
0.00500459
0.0041777
0.00250053
0.00538383
0.00282941
0.00785569
0
0.00738226
0.00248298
0.0026105
0
0.00252612
0.00387981
0.00260002
0.0233234
0.00801079
0.00503887
0.00504778
0.0026105
0.00252612
0.0497311
0.00264256
0.0105109
0.0221008
0.0369222
0.00518773
0.0027014
0.00255738
0.00265899
0.0027014
0.00498137
0
0.00326551
0.00514496
0.00780402
0.011706
0
0.0027014
0.00270861
0.00273482
0.00534846
0.00352421
0.0327821
0
0.00261854
0.00398849
0.0081042
0.00520364
0.00655062
0.0577952
0.00267157
0.00252253
0.0115521
0
0.0025462
0.00780306
0.00781017
0.00260017
0.0160191
0.0188395
0.00254621
0
0.00526371
0
0.227212
0.0107743
0.0193964
0.0301538
0.00280843
0.00279869
0.00261331
0.00513018
0.0109451
0.00263657
0
0.0104441
0.0155873
0.0348193
0.133016
0.0099761
1.00968
1.03231
1.04063
0
0.00503605
0.00260312
0.002513
0
0.0191926
0.00263564
0.0026076
0.00248556
0
0.00258213
0.00359832
0.00269339
0.00573396
0.00276572
0.00337374
0.00276495
0.00515822
0.00290242
0
0.00263711
0.00270603
0.0335465
0.00268775
0.0116488
0
0
0.00263711
0.0422516
0.00777553
0.0157891
0.00625224
0.00270284
0.00249576
0
0.00322727
0.0396576
0.00251838
0.0195437
0.0144269
0.00265899
0
0.0110649
0.0027567
0.003869
0.00262869
0.00274286
0.0026798
0.00808819
0.00369595
0.0100547
0.00788972
0.0158102
0
0.0062122
0.0112511
0
0.00516487
0.00274854
0.00331469
0.0645253
0
0.0050079
0
0.00260673
0.0128663
0.041389
0.0107845
0.0977969
1
0.205307
1.04343
0
0.00254864
0.00258213
0.00401869
0.0127376
0.00816495
0
0.00254907
0.00430355
0
0.00392326
0.00784024
0
0.00788812
0.00765465
0.00254907
0
0
0.00254721
0.00387981
0.00756539
0
0.00254907
0.00260002
0
0
0.0145346
0
0.0197743
0
0.00299558
0.0147838
0.00277585
0
0.00478286
0.00563345
0
0.0297155
0.00513252
0.0193081
0.0390417
0.00259382
0.00323391
0.00508612
0.00536625
0.00516764
0.00985959
0.00526805
0.0069419
0.00557286
0.00250053
0.00275283
0.00278287
0.00523418
0.00361896
0
0
0.00268185
0.00501899
0
0.00731249
0.00541147
0.00555103
0.00335016
0.00786505
0
0
0.0026105
0.00499587
0.00412184
0
0.0285594
0.00546173
0.00265326
0.0026105
0.00349073
0.0226475
0
0
0
0
0.00689928
0.0114695
0.00273442
0.00554254
0.0221153
0
0.00772922
0
0
0.00538058
0.00884633
0.0357415
0.00284724
0
0.00447674
0.00820682
0.0077785
0
0.00520635
0
0.00541795
0.00651683
0
0.00276613
0.00272414
0.00268185
0
0.00249997
0.00247926
0.00538116
0.00275801
0
0.0025822
0.0026821
0.0026539
0.00268185
0.0049793
0.00790324
0.00254665
0.814511
0.00521937
0.00260366
0.00302075
0.00397808
0.00546676
0
0.00258959
0.00549873
0.00497259
0
0.00400634
0.00531132
0
0.00640444
0
0.0221585
0.00262923
0
0.00422562
0.0211159
0.00524253
0.00263052
0.00393336
0.0157555
0.580975
0.0612261
0.00520807
0.00262923
0
0.0153778
0
0.0309691
0.00779198
0.00256258
0.00254907
0.00280719
0
0
0.0113642
0.0171821
0.00259612
0
0.00558586
0.0184803
0
0.00788947
0
0.00545675
0
0.00525528
0.00265326
0.0192095
0.00256657
0.00969973
0.00269922
0.00248501
0.0100022
0.00258863
0.00547922
0.016589
0.0730996
0.00268647
0
0.00288202
0.00259249
0.00256895
0.00393532
0
0
0
0.00281126
0.00251945
0.00272538
0.00397119
0.0145655
0.00273208
0
0.0114903
0
0.00804036
0.00280133
0
0.00268571
0.00261906
0.0204613
0.0338898
0.00531769
0.0136288
0.510239
0.0156282
0
0
0.00269958
0
0.00268604
0.00792946
0.010095
0.0317986
0
0.0217804
0.00522185
0
0
0
0
0
0.00261906
0.0313403
0.017321
0.0131274
0
0.0105753
0.0238282
0.0043178
0.0139727
0.00628314
0.0049645
0.00506549
0
0.00807505
0.0111984
0.00672977
0.00528606
0
0.00259068
0.00516504
0.0130234
0.0212944
0.0106788
0.00503571
0.00548584
0.00804502
0.00298984
0.00524108
0.00268571
0.0193904
0.00803934
0.0490691
0.238144
0.0051292
0
0.0201122
0.00698198
0.00270592
0
0.00270467
0
0.00797286
0.00345469
0.00268263
0.00273184
0
0.00301634
0.00521446
0
0.00263052
0
0.00264171
0.00392859
0.00273168
0.00269696
0.00965972
0.0521651
0.010298
0.0135318
0.366724
0.0198551
0.00268571
0.00978459
0.233044
0
0.0106909
0.00266494
0.0391397
0.00268571
0.00547695
0
0.156671
0.0114563
0
0.0049959
0.00782974
0.00341473
0.0104873
0.306888
0.00537197
0.00748611
0.00266029
0.0035673
0.00537021
0.0235691
0
0.00504171
0
0.0135752
0.00802908
0.00851175
0.00645855
0.00259909
0.00506819
0
0
0.0026466
0.00818028
0.00660305
0.343259
0.0051226
0.00256581
0
0.0853499
0.0760068
0.0289169
0
0.00256653
0
0.0102842
0.00249294
0.00683385
0
0.00264865
0.00309725
0.0215055
0.00275381
0.0208938
0.0029648
0.0771765
0.00663672
0.00280559
0.0127063
0
0.00259249
0
0.168316
0.0712859
0.104697
0.019152
0.0419036
0.256459
0.439665
0.009786
0.00533934
0.0050654
0.0189443
0.00990848
0.0159009
0.0118954
0.00582055
0.0219493
0.0105393
0.00263711
0.0023745
0.00266055
0.0150905
0.00830415
0.0072912
0.00955521
0
0.00799083
0.0083562
0.00268792
0
0.0190042
0.00271873
0.0389386
0.0152988
0.0153604
0.0026256
0.00833509
0.00286656
0.0178551
0.00274578
0
0.0161291
0.00805788
0
0.00247933
0.0139892
0
0
0.00782761
0.0297824
0.00863591
0.0144203
0.00988692
0
0.00516091
0
0
0
0.010876
0.00259987
0.0241849
0.0577177
0.0313987
0.891729
1.05395
0.0075657
0
0.00515907
0
0.0205459
0.0102599
0.0153622
0.00770279
0.00777739
0.00764191
0.00569778
0
0.0051867
0.0025636
0.0151967
0
0.00809404
0.0132922
0.00768522
0.0132101
0
0.00264818
0.0071993
0.0524227
0.00504559
0.00275289
0.0239892
0
0.00531868
0
0.00513912
0.0025054
0.00267234
0.013987
0.0151265
0.0054687
0
0.0255767
0.00532088
0.00689609
0.00548111
0.00257174
0.00529501
0.00519757
0.00274964
0.0162737
0.287502
0.139789
0.0426969
0.0680238
1.00639
0.520754
0.0132575
0.00765697
0.0074932
0.00528575
0
0.0322053
0.110456
0.156878
0.0161001
0.0418523
0.0109905
0.0590962
0.0134718
0.00761635
0.0052286
0
0.00491237
0.00839336
0.00527325
0.0223112
0.0026607
0.00856985
0.0202451
0.00259417
0.00243609
0.00269218
0.00542861
0
0.00548333
0.00321506
0.0112587
0.00253428
0.0179817
0.00426863
0.124703
0.0251137
0.00660345
0.00548923
0.00500383
0.00804862
0.0189134
0.0676822
0.021899
0.0247151
0.00257907
0.00242457
0.00254582
0.00530077
0
0.00265981
0.0104267
0.0470278
0.0163915
0.0679647
0.0233393
0
0.00515407
0.038274
0
0.0142682
0.00265016
0.0025472
0.0383646
0.0389003
1.03043
0.00840198
0.0105411
0.0435704
0.0257061
0.775723
1.00525
0.977579
0
0.0025619
0.00511458
0.0079025
0.0188977
0.00254289
0.00804539
0.00342006
0.0290694
0.00278577
0.00515546
0.00249589
0
0.00267678
0.0180751
0.00300236
0.0132587
0.00527474
0.00542971
0.00647355
0.0101849
0.00256821
0.0140192
0.0052417
0
0.00772352
0.00538679
0.00263351
0.00500561
0.016387
0.0129593
0.00276497
0.00527043
0.00778944
0
0
0.0184624
0.00285621
0
0.025028
0.00260924
0.0409935
0.0165085
0.0239285
0.0595895
0.106778
0.00276482
0.00548854
0.0054975
0.00263351
0.00790114
0
0.0810667
0.0138095
0.0239355
0.018909
0.00269939
0.00577154
0.00509053
0
0.00539574
0.00250939
0.0138554
0.00822471
0.0514638
0.0108473
0
0.00321858
0.00529527
0.0024133
0.00265747
0.00528657
0.0141659
0.00840551
0.0209021
0.00791143
0.0127276
0.0067848
0.116311
0.00291291
0
0.0025557
0.00241504
0.00272937
0.00532349
0.0168275
0.0654595
0.0583303
0.0107123
0.0026027
0.00242474
0
0.0101763
0.0053833
0
0.0101675
0.00267959
0.025056
0.0847389
0.0332919
0.00265429
0.0130509
0.00723791
0.00997095
0
0.00764329
0.00579731
0.00587534
0.00199315
0.0182486
0.972554
0.00276427
0.00546651
0.0221649
0.028514
0.956763
1.00138
0.00512876
0.00530194
0
0.0188347
0.0244136
0.0130495
0.00416662
0.0132998
0.0130165
0.00298159
0.00529895
0.010405
0.00548538
0.0101771
0.00275787
0.00818814
0.00793183
0.0125735
0.00577601
0.016553
0.0188508
0.0128255
0.00803735
0.00276577
0.01339
0.0610681
0.129475
0.00803821
0.0118474
0.0207197
0.00246308
0
0.0105482
0.00246679
0.0351581
0.0409501
0.00259569
0.00533184
0.0255611
0.00273294
0.00801438
0.0262381
0.00265143
0.00526403
0.0103456
0.00577558
0.0381518
0.00540156
0.0462092
0.129765
0.140887
0.268728
0.0362708
0.0289781
0.00282848
0
0.0164523
0.00534538
0.00382456
0.013319
0.00925213
0.394146
0.0045622
0.164112
0.0220739
0.0204802
0.0294886
0.0138979
0.00266969
0.00293217
0.00997225
0.00530791
0.0162251
0.0199945
0.0201913
0.00552385
0.00551224
0.00258358
0.0112201
0.0251394
0.0124665
0.00295963
0.00794571
0.00525845
0.00264162
0.0831648
0.0770775
0.0248266
0.00821928
0.0530656
0.00801158
0.0197323
0.0166946
0
0.0105272
0.0052542
0.00849926
0.0063779
0.00562531
0.126075
0.0137379
0.114287
0.0496321
0.0112444
0.00275315
0.00250881
0.00566506
0.0188002
0.0107287
0.00280781
0.00255866
0.009705
0.00253517
0.0307492
0.46944
0.0799701
0.00294796
0.08082
0.020967
0.00300816
0.00267549
0.00847287
0.0105225
0.00296409
0.00590515
0.00344543
0.00370782
0.0877556
0.990463
0.00836769
0.00292557
0.0375889
0.0228808
0.853872
0.994098
0.0025619
0.00557564
0.0246999
0.0194304
0
0.011538
0.00377912
0
0.0161683
0.0110798
0
0.00246185
0.00582105
0.00256118
0.0106425
0.0305449
0.00399406
0.0107001
0.00540513
0.00883792
0.00247711
0.00759185
0
0.00821725
0
0.0050811
0.00273294
0
0.00849455
0.00291729
0.0115076
0.0389155
0.00272827
0.00858616
0.0182845
0.00270988
0.0130444
0
0.00256118
0.0112275
0
0.0168614
0.0313858
0.0339038
0.0582063
0.0273981
0
0.00442715
0.0284573
0.00261819
0.00561322
0.00305389
0.00443828
0.0209469
0.00819377
0.0992822
0.0219745
0.0082447
0.0154027
0.0136947
0.0234077
0.00501992
0.0141774
0.0414943
0.0114243
0.00535959
0.00270288
0
0.0132255
0.00261296
0.00549206
0.0107264
0.011253
0.0195631
0.0132033
0.0157644
0.00593543
0.0025729
0.0395088
0.00296265
0
0.008296
0.00488434
0.00276659
0.00259641
0.0400363
0.0139168
0.0328851
0.0299238
0.0138541
0.0028363
0.00530915
0.00248532
0.0130158
0.00273581
0.00568097
0.00517414
0.020983
0
0.019508
0.0102289
0
0.0110801
0
0.00496167
0.00521213
0
0.00299916
0.00280471
0
1.04854
0.00279567
0.00271219
0
0.0140242
0.876907
0.975008
0.0107798
0
0.0115259
0.0185262
0.0110385
0.00402351
0
0
0.00867898
0.00285308
0.00812364
0.0214199
0.00532995
0.064619
0.0128073
0
0.018428
0.0202483
0.00419532
0.0112952
0.0106818
0
0
0
0.0038117
0.0365107
0.00832083
0.0195881
0.00303978
0.00285389
0.0107469
0.00287521
0.00286351
0.00276044
0.00767583
0.0113395
0.0059075
0.00283531
0.0160478
0.0371406
0.00248688
0.125044
0.00808061
0.00851757
0.00510023
0.00828695
0
0.023024
0.00285514
0.0330506
0.0914655
0.016827
0.00482317
0.00514374
0.0056764
0.00837758
0.00771525
0.0532011
0.0109441
0
0.0688493
0.0138872
0.00270491
0.406951
0.0251267
0.0081836
0
0.00265425
0.0121793
0
0.00809644
0.0363868
0.0353683
0.0166051
0.00566796
0
0.00248496
0
0.00280781
0.00786178
0.0080677
0
0.0199631
0.00598852
0.0157451
0.00256712
0.00268234
0.0222816
0.0141259
0.00290913
0.00248496
0.00855094
0.00537438
0.00273295
0.0993258
0.0106739
0.0177785
0.0444197
0.0114682
0.00293279
0
0.00268234
0.0191265
0.00569309
0.0140434
0.00772524
0.00551712
0.00292117
0.0111778
0.0645009
0.00993203
0.0025781
0.00858368
0.00268234
0.164974
0.0111165
0.0109556
0.986899
0.00278247
0.00917698
0.00825896
0.00267495
0
0.00587587
0.0161408
0.0051479
0.0118218
0.0241967
0.00565827
0.0107821
0.00503376
0.00797706
0.00555248
0.0277738
0.00773624
0
0.00535732
0.0191275
0.0167061
0.00875059
0.00745597
0.00245982
0.00254716
0.0200008
0.0159647
0.0336592
0
0.0158048
0
0
0.00542344
0
0.020422
0.0114351
0.00608628
0.0163239
0.0637097
0.0981464
0.00280659
0.0105942
0
0.00241113
0.0475187
0.00568181
0.00824248
0.0496157
0.0148982
0.00540754
0.00247979
0.00293181
0.0078919
0.00290388
0.00398865
0.0415872
0.0111345
0.0501026
0.0110311
0.0536132
0.0228421
0.0028247
0.00254554
0.0026591
0.00409941
0.0127525
0.0109232
0.0170119
0.0295527
0.0170217
0.00264909
0.00541517
0.0028031
0.00534922
0.0050267
0.016212
0.00591459
0.0172101
0.0115863
0.0406367
0.00272689
0.00552328
0.104594
0.0135568
0.00552373
0.00280781
0.00706229
0
0.00263614
0.00574223
0.108455
0.0250683
0.0245381
0.0108038
0.0190772
0.00242467
0
0.0110959
0.0105114
0.00557857
0.00270104
0.056812
0.00551465
0.00891822
0.257352
0.00905089
0.0029935
0.005557
0.0110959
0.0155093
0.011314
0.0352798
1.00025
0.00300235
0.0116023
0.00866781
0.013581
0.00570394
0
0.00289613
0.0107752
0.00286582
0
0
0.00572001
0.00561141
0.00571065
0.00570715
0
0.00377175
0.0152521
0
0.00896526
0.0113718
0.00283767
0.00560877
0.00535924
0.00820541
0.0167154
0
0.0107767
0.00289317
0.010709
0.0140316
0.00924566
0.00286048
0.00562893
0.00377429
0.0241942
0.0189223
0.00730997
0.00276211
0.00812971
0.00440962
0.00277183
0.0208551
0.00306343
0.0199769
0.00843025
0.00572083
0.00529718
0.00398449
0.00994266
0.00295135
0.00288637
0.0356637
0.00579422
0.0284576
0.0109637
0
0
0.0144153
0.00560593
0.0139187
0
0.0521311
0.00811885
0
0.00796001
0.00264666
0.00859835
0.0113826
0.00303634
0
0.00884694
0.0297646
0.00574204
0.00278055
0.0172027
0.0273733
0.00286582
0
0.00754811
0.00610993
0.00269943
0.00274682
0.0291755
0.0141831
0.0246606
0.00834164
0.00303634
0.00278185
0.00267446
0.00557651
0.0335189
0.00283072
0.00277654
0.0272902
0
0.0169228
0.0811396
0.0118932
0.0137545
0.0158244
0.0189947
0.00559978
0.0164185
0
0.00271123
0.00277654
0.609674
0
0.0054431
0.058402
0.00580491
0.121185
0.0030142
0
0.00255969
0
0
0
0
0.00526815
0
0.00283225
0.00264976
0.00278462
0
0
0.00292416
0.00253737
0.00585381
0.00287097
0.0087374
0.00262638
0.08542
0.00541968
0.00264587
0
0.0105947
0
0.00542517
0.0222088
0
0.0051461
0
0.00541968
0.00264587
0.0384413
0.00272115
0.00583393
0.00268452
0.0026591
0
0.00564167
0
0.0107571
0.0113641
0
0.0124366
0.0345217
0.0163155
0.0027738
0.00280781
0
0.00534101
0.00262388
0
0.00577895
0.00858827
0.0110257
0
0.00271742
0.00277183
0.00290913
0.00262659
0.0203579
0.0387346
0
0
0.0306206
0.0112449
0.00588104
0.00571694
0
0.00282547
0.00526886
0
0.0314367
0.0112372
0.0214371
0.0113571
0.00276385
0.00546746
0.00253985
0
0.00283225
0.0954199
0.00292028
0.0619869
0
0.00290913
0.00277373
0
0.00283225
0.0140358
0
0.00549371
0.00560262
0.00613592
0.988588
0
0.00553456
0.501183
0.00290913
0.0991682
0.00564329
0
0.00546257
0.00286105
0.00254912
0.00291244
0.00281447
0
0.00376847
0
0.00548356
0.00541862
0.00277654
0.00922997
0
0.00268063
0.00539943
0
0.00544181
0.00569749
0.0030012
0.00808268
0
0.00296401
0
0.00584855
0.00277467
0.00286105
0.123144
0
0.0245545
0
0
0
0.00280781
0
0
0
0.00889202
0.00557071
0
0.0104255
0.00603596
0.0112409
0
0
0
0
0
0.00303788
0.00851302
0.00941243
0.00291636
0.00296401
0.0240384
0.00578206
0
0.00274682
0.00573584
0.0204855
0.0158868
0.0280866
0
0
0
0.0165837
0.00859688
0.0130593
0
0.00303967
0.00828792
0.037329
0
0.011115
0.00555511
0
0.00664745
0.00274682
0.0110488
0.00570815
0.00543062
0.0491009
0.00280801
0.00267404
0.0836118
0.00866919
0
0
0.00557514
0.0207754
0.0384193
0
0.0396555
0.00266026
0.00857498
0.760091
0.00606163
0
0.0877189
0
0.189313
0
0.00275878
0
0
0
0.00435066
0.00281447
0.00281734
0
0.00266026
0
0.0142198
0
0
0.00504397
0
0.0114956
0
0
0.0130877
0
0
0.00290979
0
0
0
0
0
0
0.00563769
0.0113067
0.00764856
0
0
0
0
0.00296935
0.00282061
0.00259553
0
0.00540424
0.0117342
0.00892232
0.037294
0
0.0173384
0.00260337
0
0.0026749
0.00286847
0
0.00263125
0.0272864
0.00557355
0.0375814
0.0317107
0
0.00260318
0.00580707
0.00278792
0.00269183
0.0385734
0.0027877
0.0117646
0.0275628
0.0277141
0.00580707
0.00295567
0
0.00269183
0.0137082
0.00287547
0.0279586
0.00537053
0.0174772
0.850847
0.647114
0.00295122
0.027524
0
0.252168
0
0
0.00294225
0.00616187
0.00304
0.00573497
0.00283225
0.00281447
0.00281367
0
0
0.00292498
0
0.00765529
0.00301034
0
0.00292323
0.00283225
0.00281447
0.00282692
0
0
0.00281447
0
0.0112958
0.00296634
0
0.00743322
0
0.0120711
0
0
0
0
0.00833452
0
0
0
0
0
0.00827576
0.0276928
0.00818726
0.00302873
0.0108002
0
0.00277654
0
0
0
0.0276909
0
0.0500822
0
0
0.00264926
0.00555619
0.0340564
0.0313224
0.00301915
0.01026
0
0.0173843
0.0085833
0.00828727
0.0827864
0.00294017
0
0.00300387
0
0.00874368
0
0.0121083
0.00308759
0.0027474
0.00580477
0
0.0211045
0.00288169
0
0
0.0113447
0.00276101
0.00314102
0.0141159
0.00295238
0.0119736
0.0322644
0.963547
0
0
0.00288115
0.684939
0.0030446
0.00426659
0
0.00551225
0.00283236
0
0
0.00270716
0.0082069
0.00727418
0
0.00278601
0
0.00276823
0.00579409
0.00594545
0.00292416
0
0
0.0201073
0.00282173
0
0.00350241
0.0111991
0.00280094
0.0173925
0.00290932
0
0.0197344
0.00280825
0
0.00294926
0.00271778
0.0026372
0.00286745
0.00277654
0.00406087
0.0362138
0.00565941
0.0350437
0.00294006
0
0.0231565
0.00294231
0
0.0027911
0.00928073
0.0234151
0.0028468
0
0
0.00847414
0
0.0117593
0.0109446
0.0207853
0.00581668
0
0
0.00272408
0
0
0
0.00557966
0.00386072
0
0.00847001
0
0.00292798
0
0.00276101
0.0118496
0.00276455
0.00744992
0.0214949
0
0.00882832
0.00381174
0
0.00278107
0
0
0.0327569
0
0.00398749
0.0115129
0.0115802
0.052337
0.011506
0.601308
0
0
0
0.0027441
0.571336
0.00858837
0.00373741
0.0199841
0
0.00291918
0
0.0030289
0.00287488
0
0
0
0.0139093
0.085347
0.00289479
0
0.00566749
0
0
0.00277036
0.00565575
0.00587933
0
0
0
0
0
0
0.016376
0.0027941
0.00850558
0
0.0335914
0
0.0142202
0
0.00284858
0.00559695
0.00297763
0.00553622
0
0
0.00291321
0.0041789
0.00751092
0
0.00541815
0.0078448
0.0109914
0.00293524
0.0804089
0.00287569
0.00282692
0
0
0
0.0072181
0.0150499
0.00873859
0.00291993
0.00278982
0.00555932
0
0.00276362
0.00272934
0
0.00578162
0.00913063
0.0140116
0.00292113
0.00291239
0.0114081
0.00254005
0.00266167
0.0028556
0.00573304
0
0
0.00540968
0.00268677
0.0140399
0.012004
0.00301049
0.00274534
0.00288115
0.00297763
0
0.00458133
0.00597448
0
0.0602617
0
0.00797068
0.00288115
0.0142472
0.00287569
0.00435948
0.00864821
0.0116448
0.0233169
0.0223561
0.0681502
0.373666
0.0029396
0.00834914
0.840199
1
0
0.00270716
0
0.00578037
0.0029475
0.00562428
0
0
0
0.0128177
0
0.00972616
0.00830182
0.00268347
0.0190844
0.00299018
0
0.00562428
0
0.00284439
0.00344102
0.00291295
0.00284261
0
0.0821432
0.00815209
0.00590421
0
0
0.248239
0.00297946
0.0116122
0.00529401
0
0
0.00561672
0.00873906
0.00432675
0.0223044
0
0.00264226
0.0112947
0.0827196
0.00265004
0.00452282
0
0.0026372
0.00274077
0.0088685
0
0.166967
0.0171213
0.00272296
0.00272934
0.00291239
0.00272296
0
0.00295023
0.00742764
0.0114368
0.00289638
0.0346333
0.00274468
0.00558983
0.00289765
0
0.00859212
0.00387872
0.00295168
0.0111728
0.0209686
0
0
0.00287744
0.00269183
0.00359554
0.0281969
0
0.00291794
0.0120552
0.0096006
0.00289486
0
0.00287744
0.006232
0
0
0.757639
0.84567
0.563158
0.00847548
0.0187773
0.00288018
0.993494
1
0.00268172
0.00686025
0.00930873
0.00568312
0.0644698
0
0
0.00685192
0.00550874
0
0.00288337
0
0.00264504
0
0
0.00273228
0.00264664
0.00279455
0
0.00414147
0
0.00268097
0.00268097
0.00566348
0.00561117
0.00278982
0.00269052
0.00267842
0.00274077
0.00282692
0.00288551
0
0.00556747
0.0800664
0.0121074
0.023716
0.00265919
0
0
0.00275876
0.00268097
0.00357427
0.00942868
0
0.01159
0.166504
0.00275093
0.00270936
0.00563992
0.0107962
0
0.0125123
0.014422
0.0289705
0.0105178
0
0
0
0.00336405
0.0217983
0.018363
0.00568586
0.0125102
0.0219807
0.0116278
0.00269597
0.00812027
0.00887751
0.00873545
0.0206267
0.00262034
0.00261871
0.0228626
0.0485474
0.00286049
0.0027994
0.00262063
0
0.0263468
0.0106035
0.0165505
0.0713819
0.0314866
1.06468
0.317267
0
0.00404247
0.0107455
0.00254615
0.992806
0.975415
0
0
0.0028487
0.00851354
0
0
0
0.00275559
0.00577571
0
0.00258501
0.00545404
0.012435
0.00281111
0
0
0.00271593
0.011744
0.00565668
0
0.0029206
0.00557977
0
0
0
0.0082959
0.00373378
0.020076
0.00290738
0.00262318
0.00519394
0.00847881
0.0225283
0
0.00269052
0.00285922
0
0.0322579
0.00294304
0
0
0.00274491
0
0.00308731
0.0127283
0.0463463
0.0233634
0
0.00279262
0.00441544
0.00269804
0.00811036
0.00680207
0.0102359
0
0.00843653
0.0312508
0.00253693
0.00278665
0
0.00264901
0.00267263
0.00571799
0.00284301
0
0.00553071
0.00558162
0.0100983
0.0480283
0.00254615
0.00271486
0
0.00556826
0.0132021
0.0292393
0.030045
0.0251348
1.00644
0.028956
0
0
0.0053359
1.00322
0.00532329
0
0.00938356
0.0776676
0.0693545
0.00812308
0
0
0.00282969
0
0.00267472
0.00273697
0.00803958
0.0137337
0
0.0246393
0.0157916
0.00272414
0.00789309
0
0.00518868
0.00265008
0.00249279
0
0
0.00290151
0.00286352
0.00263005
0.0215206
0.00257453
0.00265008
0.00545404
0.00559094
0.00562379
0
0.00269634
0.0053699
0
0.0159418
0.00262509
0.00264664
0.00290151
0.00256451
0.00546635
0.00322949
0.0338377
0.0241316
0.00252774
0.0133576
0.0141875
0.0126123
0.00251236
0.00676754
0.002712
0.00684527
0.0111061
0.0170559
0
0.00508409
0
0
0.00253174
0.00727675
0.00262353
0.0221351
0.0359145
0.0227652
0.00531861
0.00508409
0.00266026
0.00269124
0.00339461
0
0.00550348
0.010209
0.00767361
0.00509226
0.00823074
0
0
0.00864467
0.00262063
0
0.0050571
0.0105717
0
0.00648941
0.0654347
0.00560412
0.00551357
0.0146342
0.0213802
0.00249351
0
0.00268088
0
0.0259553
0.0186358
0.0326331
0.107814
0.0400981
0.965709
0.035372
0.00521778
1.00092
1.03424
0
0
0.0161052
0
0.0200789
0.0670641
0.0765547
0.00832269
0.00251397
0.00521053
0.00277141
0
0.00249279
0
0.00344241
0.00262522
0.0451345
0.00774746
0.00260472
0.00258537
0
0.00263918
0.00253884
0
0.00319352
0.00271252
0.0053904
0.00522183
0.00567644
0.00265515
0
0
0.00544462
0.00266813
0.00263199
0.00538958
0.00292692
0
0.00521844
0.0104426
0.00266813
0.00510061
0.00548887
0.00425753
0.00265972
0.0109466
0.01797
0.0261787
0.0383335
0.0025059
0.00534068
0.00272849
0.189798
0.0261957
0.0607145
0.00531188
0.00532356
0.00266454
0.00738934
0.00993779
0.0122832
0.0415546
0.0211712
0
0.00257931
0.00269124
0.0101031
0
0.0112054
0.0194002
0
0
0.00815628
0
0.00249052
0.00795976
0.0261326
0.0106235
0.0159383
0.00394387
0.174249
0.00535941
0.00527687
0.00723186
0.0265026
0.00744714
0.00273224
0
0.0440783
0.0262586
0.018383
0.100415
0.0661397
1.00523
0.00510997
0.827886
0.959849
0
0.00256518
0.0162093
0.0560218
0.00524558
0.00253693
0
0.0026545
0.00781654
0.0040414
0.00257556
0.0069907
0
0.0320485
0
0
0
0.00265525
0.00264401
0.00513487
0
0.0026041
0
0.00488063
0
0
0.00277203
0
0.00531698
0.00268613
0.00502494
0
0.0027372
0.00284738
0.00265942
0.0180493
0.00810245
0.00534147
0.00515637
0.00242822
0.013245
0
0.00258107
0.00399468
0.265061
0.00264504
0.0103765
0
0.00263323
0
0.00268613
0.00509364
0.00236119
0.00795549
0
0.00918585
0.00578284
0.00229574
0.0108854
0.00824987
0.00457181
0.0181051
0.00261676
0.00773157
0.00438491
0.0133745
0
0.00591531
0
0
0.0172587
0.0153176
0.00265097
0.00513315
0
0.00249022
0.00275092
0.00511926
0.00723006
0.00541843
0.0107671
0.204286
0.00246447
0.00501647
0
0.00258043
0.0133348
0.0185143
0.00798571
0.0429153
0.0086253
0.00280231
0.0101919
0.00262276
0.00265599
0.00263493
0.00616476
0.0154459
0.00804161
0.00271201
0.00501813
0.00808159
0.0026235
0
0.0129734
0.0055965
0.00781898
0.00255926
0.00269956
0.00253358
0.00486957
0.0051787
0.0160672
0.00258107
0
0
0.00247569
0
0.0113151
0.00259471
0.00272241
0.00517339
0
0
0
0.00522025
0.00255556
0.00268615
0
0
0.0026227
0.00990564
0.00543119
0
0.00262888
0.00756145
0.00268615
0
0
0.00499045
0.00253403
0.976298
0
0.0181161
0.00966679
0.00277742
0.00508936
0.00955313
0.00559041
0.00546045
0.00636397
0.0156683
0.00262664
0.0178263
0.00259323
0.00517531
0.00955014
0.00543972
0.0277363
0
0.0309786
0.0126436
0.00274828
0.00494685
0
0.00256276
0.0105906
0.00267509
0.0129023
0.00539086
0.00256689
0.0087488
0.00251
0.00974079
0.00760065
0.00249279
0.00268368
0.00502078
0.00415036
0.00254163
0.00554377
0.012753
0.00735282
0.00512764
0.0078565
0.0133987
0
0.0131421
0.00333854
0.0112055
0.00550055
0.00259442
0.00263362
0.0052754
0.0175935
0.00535868
0.0028217
0.00768923
0.00681812
0.00269797
0.022308
0.00251384
0.0150696
0.00545847
0.0026235
0.0102701
0.00768944
0.00620023
0.00742701
0.00769987
0.0051016
0.0129532
0.00252963
0.00505107
0.0122829
0.00498871
0.00774992
0.00795984
0.0136682
0.0078783
0.00769815
0.00254016
0.00513099
0.00264181
0.00506225
0.00513734
0.00269468
0.00771346
0.00518933
0
0.00528681
0.00248455
0.00794121
0.00435824
0.00257549
0.00729944
0.0174289
0.00270827
0.00246706
0.0077603
0.00259063
0.00511457
0.00533819
0.0718659
0.00527233
0.00254016
0.0113321
0.00277636
0.40387
0.291422
0.00519834
0.0121518
0.00795601
0.00815224
0
0.00549162
0.0397772
0.00908441
0.0150021
0.00244114
0.0103677
0.0127261
0.0126634
0.00837992
0.00261022
0.0198038
0.00526785
0.016214
0.00300041
0.00267026
0
0.199568
0.00261139
0.00255356
0.0102139
0
0.0203648
0.00805294
0.00518934
0
0.0290426
0.0551236
0.010108
0.00501636
0.0280902
0.00806686
0
0.0256386
0.00536821
0.00679145
0.00684161
0.00530763
0.0127553
0
0
0.0343533
0.00256184
0.00398298
0.0156817
0.0050671
0.00271366
0.033283
0
0.0126874
0.00390434
0.00552065
0.0152455
0.00524879
0.00241674
0.0346089
0.00760375
0.00258573
0.0105978
0
0.00745748
0.0025633
0
0.0134187
0.00506563
0.00249052
0
0
0.00516616
0
0.00523073
0
0.00518584
0
0
0.00510078
0
0.00776823
0
0.0562756
0.00283619
0.00525115
0.0053789
0.0184932
0.007604
0.00505539
0.00248143
0.00273808
0.0166111
0.00522737
0.565032
0.0130035
0.00516247
0.0109683
0.034766
0.0236146
0.0140093
0
0.0207674
0.00379843
0.00506089
0.00714535
0.0108352
0.00868577
0.00369889
0.00807553
0.00279193
0.136687
0.00256141
0.0128837
0.0354315
0.00254578
0.003526
0.00511415
0.0286548
0.0024162
0.012909
0.00532417
0.024333
0
0.00969649
0.00343252
0.00254477
0.00367042
0
0.015482
0.00251708
0.00246217
0.010329
0.00887825
0.00675616
0.00273401
0.00248673
0
0.0053317
0.0025185
0.00275973
0.00270246
0.00274177
0.00240014
0.00272675
0.00509812
0
0.00251779
0.00255439
0.00261028
0.0108456
0.00260975
0.00506359
0.00551473
0
0.00257431
0.00251779
0.00261028
0.00261975
0.00258376
0.0132648
0.00273413
0.005163
0.0130086
0.00773235
0.0025633
0.111391
0.0156443
0.00519601
0.00469831
0.0219466
0.00269931
0.378455
0.97295
0.00266813
0
0.00276379
0.00268206
0.0189844
0.0342704
0.00647129
0.00789164
0.00501146
0.00263323
0
0.0160432
0.00311172
0.0106968
0.0900733
0.00267363
0.00272139
0.010103
0.0320706
0.00530869
0.00418433
0.00549128
0.0102428
0.0244511
0.00550029
0.00334204
0.00253242
0.00251864
0.00261389
0.00793778
0.00254639
0
0.00537609
0
0.00261463
0
0.00261536
0
0.00280827
0.0083786
0
0.00512586
0
0.00516626
0.00526889
0
0.00249108
0.00269683
0
0.00260202
0
0.0156932
0.00263144
0.00268615
0.00259483
0.00251779
0.0128179
0.407118
0
0.00259483
0.0105281
0
0.00259483
0.00487083
0.0549339
0
0.208824
0.615134
0.00792171
0.00246706
0.00276399
0.0025496
0.00654937
0.00414023
0.0135306
0.00974995
0.0106407
0
0
0.00850635
0.00824422
0
0.0795434
0.0155337
0.0190123
0.00265572
0
0.00786888
0.0083355
0.0231498
0.00268925
0.00776415
0.00271565
0.0025636
0.00249988
0.25229
0
0.00263288
0
0.00259778
0.00515925
0
0.00250191
0.00320403
0.00246957
0
0
0.00250058
0.00253221
0.00257553
0.00251321
0.0207766
0.00251321
0.00234452
0.0380255
0.299398
0.374032
0.00771112
0.0209547
0.0102837
0
0
0.0191713
0.0144579
0.00349159
0.0102964
0.0135973
0
0.00261463
0
0.00516278
0.0116552
0
0
0.00248777
0
0
0
0.00257356
0
0.00270246
0.00268112
0.00261426
0
0.00270246
0
0.00251145
0.00245152
0.00526202
0.0132043
0.00260678
0.00249279
0.00255955
0.00270246
0.0258043
0.325704
0.0693163
0
0.00253945
0.00532411
0
0.0186959
0.00587172
0.00749287
0.00252053
0.00539604
0.00541903
0.00277337
0.00679022
0.00251628
0
0.00249153
0.00270246
0.0432882
0
0.00256434
0
0
0.00269049
0.00278681
0.00424814
0
0
0
0
0
0
0
0
0.0294672
0.0108078
0.00252053
0.0151232
0.00252053
0
0.00238345
