0.0256246
0.100384
0.278393
0.00780748
0.278393
0.0872172
0.348946
0.0351029
0.348946
0.0351029
0.348946
0.0351029
0.348946
0.0351029
0.348946
0.0351029
0.348946
0.0351029
0.378951
0.0132732
0.0174638
0.22911
0.00683007
0.108349
0.0183694
0.024419
0.0461464
0.010181
0.0538367
0.0174638
0.520041
0.010053
0.00690618
0.125023
0.0475474
0.0183694
0.049531
0.0856174
0.0203627
0.074795
0.0563428
0.862005
0.0866296
0.0100252
0.239583
0.0475474
0.0280668
0.128272
0.0150289
0.145749
0.0309902
0.123821
0.39349
0
0.996308
0.0111523
0.137673
0.0107991
0.452195
0.06324
0.0576747
0.330805
0.0144137
0.235468
0.0306335
0
0.110107
0.345741
0
1.00655
0.0111523
0.134428
0.0105568
0.00747991
0.385113
0.0790687
0.0959828
0.267555
0.0134595
0.208672
0.0415972
0.00725532
0.175979
0.382713
0.0137547
0.98938
0.0602555
0.0561659
0
0.0420322
0.0134697
0.0145412
0.486342
0.032166
0.134246
0.109915
0.0288175
0.158938
0.00725532
0.136809
0.208107
0.884766
0.1426
0.0388971
0.0214406
0.00691268
0.577297
0.0158917
0.123962
0.148415
0.0436366
0.161121
0.0105386
0.00725532
0.138725
0.169823
0.0124686
0.618995
0.131447
0.0295867
0.0214406
0.00691268
0.710119
0.105592
0.133513
0.069696
0.0935961
0.0105386
0.0138662
0.159767
0.130861
0.566798
0.143922
0.0187884
0.0214406
0.0141248
0.88904
0.105592
0.0933186
0.0400528
0.0629789
0.0222739
0.00661083
0.131258
0.072893
0.488591
0.143922
0.0187884
0.0108838
0.00721212
0.806419
0.137648
0.104097
0.0268795
0.0691595
0.0214016
0.00661083
0.101085
0.0536127
0.0127598
0.337461
0.132912
0.0187884
0.00721212
0.00767815
0.876553
0.0625743
0.024853
0.0138085
0.0127481
0.0695291
0.0117353
0.0287251
0.0536127
0.0383674
0.241564
0.145721
0.00975932
0.00777189
0.782177
0.0846727
0.0133288
0.0127481
0.0193571
0.0117353
0.0279891
0.0359679
0.102693
0.129696
0.133557
0.00954388
0
0.388627
0.181016
0.0132124
0.0127481
0.0286156
0.0216785
0.00687456
0.021884
0.170281
0.0444804
0.0129575
0
0.00954388
0
0.422727
0.265583
0.0132124
0.0252466
0.0116405
0.0102806
0.0223849
0.035975
0.197206
0
0.00954388
0
0.41227
0.0342388
0.236517
0.0124172
0.0248119
0.055068
0.00715395
0.276438
0
0
0.0114614
0.339749
0.0176765
0.208813
0.0245591
0.0345468
0.0224025
0.0220689
0.410973
0
0
0.0114614
0.278454
0.219505
0.0108568
0.0116405
0.0224025
0.0220689
0.528602
0
0
0.220491
0.248872
0.0139049
0.0116405
0.0224025
0.0220689
0.362483
0
0
0.173848
0.225517
0.0139049
0.0341223
0.0142157
0.173291
0.173848
0.147713
0.0124986
0.0121287
0.0213905
0.0142157
0.078601
0.0617159
0.100281
0.0121287
0.0213905
0.00715395
0.25329
0.00990371
0.0617159
0.0408846
0.0213905
0.00715395
0.145628
0
0.037029
0.0390268
0.0123192
0.037377
0.0102341
0.0283259
0.00754174
0.492518
0
0
0.00984441
0.142166
0.0884085
0.00939832
0.100008
0.21311
0.0102341
0.0114799
0.0556917
0.0594141
0.0105989
0.756547
0.024453
0.00827057
0
0.00868458
0.0110846
0.0137125
0.0592253
0.223721
0.201279
0.00939832
0.245077
0.430249
0.0476329
0.0329846
0.113509
0.181495
0.0100919
1.03804
0
0
0.123238
0
0.0102839
0
0.0441386
0.00868458
0.0120754
0.0137125
0.0106387
0.0811211
0.408642
0.315984
0.0131633
0.40513
0.692242
0.0807373
0.0556382
0.200399
0.261527
0.0106582
0.981784
0
0.161305
0
0.00844472
0.0437107
0.0181015
0
0.0137125
0.069292
0.940672
0.306521
0.589781
0.70693
0.0546695
0.0671786
0.143401
0.269726
1.00098
0
0.244671
0.00844472
0.0113998
0.00868458
0
0.0137125
0.0607713
1.02234
0.257314
0.551121
0.602206
0.0331209
0.0684407
0.11475
0.190011
1.03221
0.00854118
0.0363985
0.159977
0.0317251
0.0215544
0.00904739
0.0126261
0.0194774
0.0179038
0.957051
0.284928
0.484887
0.459881
0.0224487
0.0335791
0.0855248
0.163538
0.984195
0.00854118
0.113018
0.117263
0.0238655
0.0215544
0.0559131
0.0292565
0.0179038
0.848423
0.201655
0.0264437
0.481888
0.318504
0.0353412
0.0227114
0.100557
0.0821767
0.0105522
0.983832
0.130403
0.0450836
0.0158924
0.0215544
0.00904739
0.0109353
0.0095212
0.0179038
1.02317
0.237401
0.0264437
0.576603
0.260031
0.0348926
0.0117144
0.0796512
0.0515565
0.0105522
1.00647
0.130403
0
0.0158924
0.0108724
0.00904739
0.0095212
0.0179038
0.96304
0.197628
0.528302
0.220969
0.0343664
0.033236
0.0662137
0.0300183
0.0105522
0.805233
0.148482
0
0.0158924
0.0108724
0.0095212
0.778158
0.113139
0.442116
0.156778
0.00976237
0.0450384
0.0231712
0.0105522
0.672105
0.148482
0
0.0108724
0.0095212
0.452951
0.0763469
0.261599
0.156787
0.00976237
0.0154762
0.0152746
0.0105522
0.505333
0.167946
0.0286306
0.0188161
0.634237
0.0372926
0.00772832
0.0105522
0.305355
0.205149
0.0286306
0.0293731
0.41448
0.0113404
0.00772832
0.158005
0.200795
0.0286306
0.0234995
