0
0.00290122
0
0
0
0
0
0
0.0030106
0.00399316
0.00618177
0
0
0.00290122
0.00363735
0.0870366
0.00295435
0.00274106
0.00290122
0.00305063
0.00289475
0.00279127
0.00295435
0.00381954
0.00295435
0
0.00916573
0.0057727
0.0110248
0.230354
0.00533676
0
0.00290122
0.0054341
0.00581222
0.00534566
0.00260045
0.00279167
0.00288181
0.0026734
0.00279847
0.00266739
0.00266967
0
0.00385192
0.0112455
0.00304775
0
0.00559927
0
0.00514399
0.002624
0
0
0.0217811
0
0.002624
0.00598888
0.0267983
0.00285676
0.00499726
0
0.00279847
0.020723
0.00562626
0
0.0026222
0.00266393
0
0.0222079
0.0027883
0.00887383
0.00298556
0.00578402
0.0060298
0.00323587
0.00895667
0.00304446
0.00293993
0.00836455
0.00298556
0
0.00305615
0.0127369
0.00277221
0.0024295
0.00837767
0.0133575
0.0138975
0
0.0104755
0.00264781
0.0133575
0.0216798
0.0254585
0.00876642
0.016021
0.501735
0.710521
0
0
0
0
0.0026734
0
0.0027901
0.00295435
0.00846794
0
0
0
0
0.00937248
0
0.00262991
0.0284994
0
0
0.00274652
0.00708854
0
0.00265013
0.00300542
0.00273783
0.00556781
0.00279084
0
0
0
0
0.00249853
0.0203171
0.00590778
0.010557
0.00256794
0
0.0620956
0.0026776
0.00551432
0.00259032
0
0.00265169
0.0250325
0.00286969
0.0135746
0
0.00835955
0
0
0.00311471
0.042461
0.00267161
0.00293993
0.00258053
0
0.00507886
0.00260812
0
0.025883
0.0061665
0.00256783
0.00263818
0
0
0.0025087
0.00567523
0
0.0384507
0
0.00247561
0.00283991
0.0103681
0.00542941
0
0.0118844
0
0
0.00263818
0.00522674
0.00273783
0
0.0220628
0.0102995
0.00781325
0.108762
0.97586
0.00527797
0.00289397
0.00298556
0
0.00573797
0.00279768
0
0.00571998
0
0
0.0055035
0
0.00593991
0.00254133
0
0.00279084
0
0
0
0.00329539
0
0.00249853
0.00279084
0
0
0.00305427
0
0
0.00294387
0
0.0506361
0
0
0
0
0
0
0
0
0
0.00262824
0
0
0
0
0.0054426
0.00247694
0.0025087
0
0
0
0
0.0114727
0.0052187
0
0
0
0.00529189
0.00277034
0
0
0.00271428
0
0.00257853
0.0025735
0
0.00279847
0
0.00514139
0
0
0
0
0
0
0.00259032
0
0.00254133
0.00585477
0
0
0
0
0
0
0
0
0
0.00273783
0
0
0
0
0.00262394
0.00259032
0
0.00273783
0
0
0
0
0
0
0.00249853
0
0.00247564
0.00263818
0
0
0
0
0
0.00263818
0
0
0.0055035
0.00262848
0
0
0
0.00272055
0.003117
0.00292186
0.002624
0
0.002624
0.00263818
0.00329772
0
0
0
0
0.002624
0.0025087
0.00261634
0
0
0.0197863
0
0
0
0
0
0.00319668
0
0
0
0.00300822
0
0
0
0
0.00295435
0
0.00266664
0
0
0
0
0.00391617
0
0
0.00262394
0.00258053
0
0
0.00564178
0.00258053
0
0
0.00258053
0
0.00252925
0
0.00258053
0
0.00796168
0
0
0
0.0027428
0
0
0
0.00913636
0
0
0
0
0
0.00275232
0
0
0.00248858
0
0.0025087
0
0.00270781
0.01312
0
0
0
0.00589164
0.00302216
0.00348728
0
0
0
0
0
0.00405391
0
0
0
0
0
0.00263928
0
0.0184812
0
0.00285891
0
0
0.00292736
0.00262991
0.00847312
0.00386292
0
0
0
0.0026734
0.0296612
0.00271177
0.00275932
0
0
0
0
0.00275229
0
0
0.00279084
0
0.00249853
0
0.00262394
0
0
0
0
0
0
0
0
0.00247564
0
0
0
0
0.00247564
0.00293544
0
0
0.00590671
0
0
0
0
0.00284464
0.00279088
0.00296105
0
0
0
0
0.00338971
0.0147681
0
0
0
0.0107084
0
0
0.00295362
0
0
0
0
0
0.0247366
0.00274917
0.00547418
0.00383601
0.00811682
0
0.0137451
0
0.00278211
0
0
0
0
0
0.0026734
0
0
0
0
0
0
0.0186425
0.00275179
0
0
0.00264147
0
0
0
0
0.00529745
0
0
0.00279084
0
0
0
0
0
0
0
0
0
0
0
0.00959003
0.002927
0.00558403
0.0024778
0.00795561
0.00268734
0.0104658
0.00293993
0.00536102
0.00574495
0
0.002927
0
0.00319668
0
0.00268206
0.0034886
0
0
0.00549675
0.00538067
0
0
0
0.00282369
0
0
0
0
0
0
0.00317666
0
0
0.008374
0.00271692
0.00260337
0
0
0
0
0
0
0
0
0
0
0
0
0
0.00252894
0.00248248
0.0027817
0
0
0
0.00526786
0
0
0
0
0
0.00542205
0
0
0
0
0
0
0
0.00236192
0.00251908
0
0.00248858
0.00280231
0.00250604
0
0
0
0.00291549
0
0.00642195
0
0
0
0
0
0
0
0
0.00534844
0
0.00277576
0.00399446
0.00256022
0.00773163
0.00531057
0
0.00528207
0.00266739
0
0.00401262
0.00355357
0
0.0144834
0.00255734
0
0.00371856
0
0
0
0.00250815
0.00270874
0
0.00266739
0
0.00260299
0
0.00275222
0.00251816
0.0028408
0
0.0149117
0.00260299
0.00515597
0.00371856
0.0027959
0.00525096
0.00262991
0.0126508
0.00245409
0.0027607
0.00258642
0.00272626
0
0
0.00581433
0.0201673
0.00262991
0.00757471
0
0
0.00249618
0.00256881
0.00254738
0.00281702
0.00252735
0.00500766
0.00591467
0.00263547
0
0.0136638
0
0.00526362
0
0.00469048
0.00293993
0
0.00249463
0.0106113
0.0104073
0.016619
0
0.00280442
0.00261005
0.00261322
0.00321102
0
0.0399821
0
0.00486489
0
0
0.0152724
0.00250815
0.00350553
0.0263734
0.00779283
0.0377381
0.130553
1.06902
0.00267264
0.0029737
0.00252487
0.00785742
0
0.00299783
0.0084949
0.0127012
0.00556807
0.00268066
0.0102321
0.0026734
0.00763291
0
0.00553753
0.00252537
0.00785742
0.00861334
0
0
0.00252982
0.00544558
0
0.0152248
0.0159705
0.00279056
0.0027035
0.0053297
0.00751669
0.00601519
0
0
0
0.00948451
0.00501775
0
0
0
0.0107602
0.00266069
0.00286238
0
0
0.00572204
0.00259945
0
0
0.00249853
0
0.00261355
0
0.00554959
0.516928
0.00786711
0.0111441
0.020337
0
0
0.010523
0.00250101
0.00278351
0.00979784
0
0
0.0115966
0.0159353
0.0254649
0.0108289
0.013543
0.00268489
0
0.0481586
0.00518159
0.00268674
0.00758718
0.00279821
0.00837081
0
0.0103286
0.00253882
0.0155962
0.00512975
0.0026734
0.0116289
0.0242826
0.0857774
0
0.00771702
0
0.00515542
0.00266066
0.0104616
0.00278676
0.00276196
0.01762
0.02218
0.00271627
0.00249672
0.00352792
0.00975935
0.00781622
0.00271177
0.00777724
0.0144619
0.0448634
0.00307568
0.00296978
0.00249893
0.00246094
0.0176396
0.00537242
0.00282021
0.0228735
0.00941596
0.0376843
0.0446156
0.0762417
0
0.969466
1.456
0
0.0129086
0.00259032
0.00267365
0
0.00838713
0.00257693
0.00552516
0
0
0.0102998
0.00260557
0
0
0.00359955
0.00998386
0
0
0
0.00261799
0.00332612
0.0166657
0.00513198
0.00249913
0.00251799
0
0.00533466
0.00262709
0.00289739
0.00520244
0.0068862
0.00545937
0.0107106
0
0.00276179
0
0.00251252
0.00519368
0.00255766
0
0.00260299
0
0.00289967
0.00278069
0.276883
0.00566078
0.0126639
0.0051411
0.00569182
0.00297141
0.00513321
0.00262534
0.0247163
0.00263132
0.00767481
0.00768453
0.00259567
0.00292054
0.010284
0
0.0410099
0.00257048
0
0.00964122
0.0152447
0
0.00259079
0.00259285
0
0.0056093
0.0075068
0.00254738
0.0167655
0.00923905
0.0150304
0
0
0.00756843
0.00244455
0.00500767
0.00292832
0.00527233
0
0.00761381
0.0152843
0
0.012813
0.037002
0
0.00768475
0.00569969
0.00515331
0.0163659
0.0256602
0
0
0.0134283
0.00251421
0.00492434
0.0105404
0
0.0051477
0.0102543
0.00949948
0.0133168
0.010521
0.0576335
0.0388808
1.04765
0.977189
0
0
0
0.00259285
0.00520351
0
0.0132625
0.0129499
0.00776565
0
0
0
0
0
0.00259285
0.012747
0
0.0125856
0
0.00515439
0.00272989
0
0.00646851
0.00580483
0.00803193
0.00268316
0.00268445
0
0.0166216
0.00269377
0
0.00268445
0.0101451
0.00515601
0.00262734
0.039731
0.00255879
0
0.0052428
0
0.00862575
0.00268445
0.00264585
0.0026967
0.00259833
0
0
0.203061
0.00527784
0.0158487
0
0.0102879
0.00259285
0.00559739
0
0.00539679
0.0580585
0
0.00515268
0.08122
0.00266964
0.00449087
0.004944
0.018363
0.00775829
0.00266777
0.00255003
0.034204
0.0133826
0
0.00506231
0
0.0573363
0
0
0.0205752
0.00240899
0
0.0192087
0
0.0109012
0.00275752
0.0170101
0.0194742
0.00264587
0
0.0257107
0.00529632
0
0.0088942
0.00543272
0.00539526
0.00358896
0.00991536
0
0
0.0186495
0
0
0.00757225
0.00261156
0
0.00541975
0.0168959
0
0.00805334
0.00275857
0.00298814
0.00910651
0.00768846
0.00251897
0.00469972
0
0.005296
0
0.0132743
0.00798389
0.00545069
0.0201285
0.0790362
0.909673
1.00852
0.00261082
0.00255806
0.00793367
0.0102989
0.00255734
0.00265874
0.0156734
0.0252234
0.00266706
0.00540819
0.0182824
0
0.00271815
0.00256277
0.00255734
0.010597
0.0154063
0
0.00535559
0.00477493
0
0.0105445
0.00815157
0
0.00676224
0
0.00540895
0.00555735
0.00266317
0
0.00262278
0
0.0051348
0.00263867
0.00329861
0.00260299
0
0
0.0025612
0.00261226
0
0
0.00519584
0
0.0051348
0.0181914
0
0
0.0156179
0.00276106
0.0904021
0.00258154
0.0050917
0.0235662
0.00771312
0
0.00724263
0.00276446
0.00935978
0
0
0.0103604
0.0618733
0.0259731
0
0.0050917
0.0206964
0.00271865
0
0.0184669
0
0.00558289
0.0129601
0.116138
0.00273792
0.00528029
0.0233522
0.0071679
0.00814088
0.00247195
0
0.00532904
0.00552525
0.0324427
0.258804
0.00257589
0.0399054
0.0260143
0.00496627
0.005022
0.0155085
0
0.00549272
0.0358898
0.00256251
0.0135007
0.0103142
0
0.0050261
0.00268343
0.0052149
0.00261324
0
0
0.00264505
0.0232855
0
0.00493583
0.00765231
0.00261448
0
0.00247757
0.0314457
0.0370708
0.0541779
0.232456
1
0.99673
1.02306
0.00508716
0.00532673
0.0102089
0.0128857
0.00257283
0.00249066
0.0173888
0.0879917
0.0307755
0.0106492
0.00773908
0.0185206
0.00254663
0.00528428
0.00267277
0.00257283
0.0105571
0.0155948
0.00422604
0.00265934
0
0.0216843
0.0209427
0.0103066
0
0.0345231
0.00649823
0
0.00268584
0.00266453
0.0232091
0.00514094
0.00520182
0.00246615
0.00547016
0.00514683
0.00265615
0
0.00267529
0.00540849
0.018968
0
0
0
0.00548756
0.00517073
0.00780839
0.00533551
0.00255643
0
0
0.139034
0.077525
0.00504783
0.0307401
0.0133262
0.0130466
0
0.00501447
0.0053524
0.00751619
0.0117266
0
0.0132535
0.0228269
0.0308443
0
0
0.00539573
0.0129166
0.00764537
0.00259173
0.0131537
0.0109223
0.0108986
0.0146996
0.0688498
0
0.00246751
0.0154533
0.00237518
0.0163604
0.0103574
0.0149462
0.00881331
0.00527703
0.0336203
0.137079
0.00547365
0
0.00861268
0.0179666
0.00242181
0.00260231
0.0145465
0.00782647
0.0108891
0.0694106
0.00991497
0.00521584
0.0106072
0.00770919
0.0102987
0.0049242
0.017882
0.00258729
0.0310149
0.00536338
0.00766062
0.0357592
0.0133159
0.0110269
0.00259386
0.0179605
0.0260569
0.00256794
0.00730783
0.00515242
0.00753637
0.00256982
0.0151833
0.0040852
0.0232225
0.0470106
0.0574441
0.281109
0.142514
1.02592
1.01164
1.09418
1.03591
1
0.0130194
0.0103963
0.0101514
0.00259051
0.00259285
0.0076542
0.0754101
0.010791
0.00812313
0.0279062
0.0365154
0.0106269
0.00516907
0.012981
0.00508967
0.00528762
0.00267444
0.0128588
0.0137104
0.0053123
0.00409397
0.00265585
0.00677068
0.0128805
0.00520186
0
0.0115954
0.00752267
0.00531783
0
0.00369021
0
0.0128136
0.0262765
0.0745574
0.0398428
0.00256797
0.0283718
0.00240194
0.00385019
0.00506506
0.0133181
0.0233881
0.0127599
0
0.00277063
0.0134325
0
0.00532991
0.00772168
0.00512255
0.00771575
0
0.00262526
0.102995
0.0110255
0.00250835
0.0256593
0.00513825
0.00515045
0
0.00486471
0
0.0197343
0.00933459
0.00535352
0.00540201
0.0109894
0.0284493
0
0.0173757
0.00250835
0.00508022
0
0.00509574
0.047123
0
0.00257442
0.01318
0.0656894
0.00280764
0.00801183
0.0128176
0.00238902
0.00796651
0.0075607
0
0.0152004
0.00785475
0.0234759
0.0574209
0
0.0024964
0.0230241
0.0128226
0.00740848
0
0.0189373
0.015631
0.00807344
0.038052
0.0192375
0.00262418
0.00270049
0.00254768
0.00520299
0.0129734
0.00252338
0.015178
0.0385047
0.00528627
0.0282974
0.0232459
0
0.0054429
0.00778868
0.0179913
0
0.00765416
0.00716287
0
0.0101642
0.00531717
0.00514247
0.0116085
0.0308692
0.033905
0.0269279
0.137941
0.105367
0.964377
1.00742
0.96741
0.988064
1.04437
0.00529285
0.00250659
0.00518659
0.00527463
0.0075324
0.00443198
0.00604558
0.0191941
0.02777
0.0286987
0.0026798
0.0158281
0.0127668
0.0104198
0.0026489
0.00791705
0.00516435
0.00538418
0.00776615
0.0105449
0.00530866
0.0877182
0.00505515
0.0293301
0.00263934
0
0.0111317
0.00807325
0.00795661
0.0041584
0.00537196
0.0131701
0
0.00896798
0
0.00523896
0.0149715
0.0167884
0.00515189
0.0107396
0.0108164
0.00526616
0.0241586
0.00533381
0.00829744
0.00529936
0.0051008
0.00771255
0.00523896
0.00267598
0
0.0930861
0.0126663
0.0103598
0.0103151
0.005128
0.0101928
0.00259304
0.00492426
0.00264744
0.00951778
0
0.00829118
0.00282691
0.102315
0
0.0117913
0.0302842
0.0154132
0
0.00518455
0.0102627
0.0774973
0
0.00799863
0.0116963
0.0238959
0.00534186
0.00260709
0.010363
0.00237764
0.00542164
0.0234581
0.00662908
0.0329896
0.00530502
0.00759605
0.028142
0.0162381
0.0179359
0.0383762
0.00255427
0.00744349
0.00249385
0.0268504
0.0118556
0.00259552
0.0320271
0.0480195
0.00810675
0.0104819
0.0180116
0.00259064
0.0225985
0.00260738
0.0129651
0.00791189
0.00253218
0.0235537
0.0554134
0.0187607
0.00821163
0
0.039394
0.00262041
0.00738147
0.0128564
0.00533153
0.0106775
0.00260738
0.0199556
0.0156731
0.0178733
0.0105358
0.0444423
0.0581584
1.13836
1.052
0.93952
0
0
0.00500957
0.00517829
0.00790292
0
0.00699224
0.00853728
0.0126766
0.0135303
0.00776069
0.002644
0
0
0.00542402
0.00500577
0.00845883
0.0134237
0
0.00260203
0.00750881
0.00277278
0
0.0150774
0.0104833
0.00277339
0.00417006
0
0.00784293
0.0192876
0.00252543
0.00253562
0.00520269
0.0154353
0.00266122
0.0107097
0.00772866
0.00250756
0.00818034
0
0.00263055
0.0153141
0.00789756
0.00776094
0
0.129683
0.0147091
0.00256797
0.00259213
0.00260604
0
0.00504329
0
0.00253622
0.0289753
0.0584688
0.00269182
0.00262122
0.0258144
0.00259213
0.0148359
0.0053863
0.00258297
0.0106595
0.00264976
0.0946788
0.00263532
0.00273377
0.0121694
0
0.00533119
0.012882
0.00255427
0.00230621
0
0.00781327
0.00352569
0.0380293
0.0104984
0.00624724
0.015941
0.00250078
0.0155476
0.00527148
0.00745769
0.00496104
0.00348189
0.00803975
0.0618541
0
0.00274397
0.00524213
0
0.0385336
0.00534052
0.0101273
0.00806143
0.00536066
0.00700386
0.00269113
0
0.002644
0
0.00716336
0.00790666
0.0126329
0.0107432
0.00798561
0.0134047
0.00518532
0.00278625
0.0113479
0.0195493
0.00758616
0.010432
0.00738581
0.0049438
0.0050418
0.0033804
0.017709
0
0.00539621
0.00507522
0.0154051
0.00257392
0.0049708
0.00273622
0.0109385
0.00260401
0.00351935
0.0133746
0.0290804
0.00514261
0.00532288
0
0.010523
0
0
0.00514152
0.00681418
0
0.0128122
0.00238798
0.0160953
0
0.00523632
0
0.0141075
0
0.00258309
0.00263004
0.00517026
0.0234271
0
0.00502364
0.00253619
0.461986
0.0216576
0.0151324
0.00266122
0
0.005144
0.010127
0
0.00542991
0.0498866
0.010905
0.00270241
0.00528717
0.109034
0.00240211
0.020149
0.00271053
0
0
0.0025445
0.109063
0
0.00548659
0.0436677
0
0.00277826
0.0366197
0.00994633
0.00508093
0.00826896
0
0.00258923
0
0.0191828
0.0259742
0.00357816
0.0431258
0.00248955
0.0415909
0.00509271
0.0254799
0.010329
0.00265605
0.012795
0.0135743
0
0.0170026
0.0160253
0
0.002644
0
0.0139505
0.00506809
0.00250815
0.0187637
0.00779864
0.00406772
0.00558058
0.0132005
0
0.00751082
0.00545109
0
0.00507429
0
0.00257622
0.0322918
0
0.00525325
0.00683104
0
0.0101824
0.00523351
0.0126339
0.0135521
0.00756653
0
0
0.0246219
0.0143752
0
0
0.00784828
0
0.00780295
0.0130446
0.00497167
0.00291035
0.0053298
0.0296438
0.0072109
0.00543118
0.0104177
0.00265234
0.00781917
0.0147497
0.00794337
0.00560271
0.0029754
0.00519669
0.00517221
0.0118917
0.0102988
0.0154914
0.00519447
0.01208
0.00779386
0.0165178
0
0
0.005256
0.00545165
0.00782931
0.00271053
0.0106455
0.0103379
0.0180748
0.00285165
0.0156682
0.0325625
0.0112484
0.00259591
0.887608
0.981781
0.0329071
0.010335
0
0.0080805
0
0.00795272
0.010805
0.0428452
0.0113146
0.0027803
0.00291035
0.0924083
0.0105593
0.00508447
0.0154281
0
0.00489795
0.00266902
0.00264007
0.0791018
0.00262506
0.00554172
0.00716576
0.0254145
0
0.00464733
0.00268886
0.0104116
0.00278708
0
0.00982134
0.0165471
0.0130509
0.0112314
0.00807464
0.0086581
0.0216215
0
0.00758873
0
0.0127259
0.00268886
0
0.0054386
0
0.0383393
0.00539099
0.00522519
0.00368658
0.00258037
0
0.00252338
0.0131763
0.0193988
0.00793117
0.0100688
0
0
0
0.00804661
0.00244472
0.00507008
0.0156682
0
0
0.0343101
0.0135405
0.00282326
0
0.0415264
1.08136
0
0.00520375
0
0.00886497
0.0163049
0.0104067
0.012235
0.015644
0.00935658
0.0284613
0
0.00273208
0.00802505
0
0
0.0109299
0.0129308
0.0109288
0.0109982
0.00319267
0.0215899
0
0.00278141
0.00262636
0.0046582
0
0.02621
0.0083381
0.0591005
0
0.00271053
0
0.0108223
0.0129479
0.00824565
0.0104784
0.0449011
0.0105942
0.00800756
0.00842201
0
0
0.00283725
0.0108386
0.00526542
0.00511422
0.00764702
0.0184025
0.00271959
0.0552538
0.358325
0.0194255
0.00815107
1.07465
0.095569
0.0211404
0.0401898
0.0080825
0.00781088
0.00265687
0.0162531
0.0505155
0.190141
0.0027287
0.0142971
0.168919
0.0699366
0.0105394
0.0159159
0.0029429
0.0148803
0.0168456
0.015449
0.10935
0
0.00842508
0.0214105
0.0195355
0.0050578
0
0
0.0182733
0.00813608
0.0106698
0.00344357
0.0230146
0.0208431
0.0356071
0.014162
0
0.012798
0.00529571
0
0.00257269
0
0.0170539
0.00813793
0
0.0138992
0.00273165
0.00255561
0.00721877
0.00515956
0
0
0.0153938
0.0218589
0.00256848
0
0.0108039
0.00268542
0.0130925
0.00250472
0
0
0.00509633
0
0
0.0387872
0.00255372
0.00538058
0
0.00640259
0.975633
0.0156413
0.00519161
0
0.00996135
0.00504077
0.00257622
0.0278481
0.0204394
0.0126376
0.0236711
0.00557451
0
0.00539594
0.00794031
0.00763882
0.0235021
0.00262606
0
0.0163813
0.00460531
0.00266465
0.0140589
0.0138939
0.0058292
0.00260892
0.0120891
0.00746879
0.0290022
0.00555563
0.00772755
0
0
0.0110973
0.0129266
0.0051016
0.00546964
0.0101504
0.0120676
0.0181946
0.00283273
0.00690478
0
0
0.00534169
0.0215725
0.00259051
0.0053904
0.0188991
0.0114614
0.0028419
0.026628
0.201489
0.0332529
0.0175132
1.00648
0.0190207
0.0232305
0.0213188
0.00570332
0
0.00784368
0.0106983
0.0581521
0
0.00836512
0.00349526
0.0224041
0.167438
0.0238407
0.00254993
0.0207371
0.00259298
0.00503452
0.00285014
0
0.0794929
0
0
0.0652783
0.0402517
0.00819596
0.00494662
0.00539587
0.00497839
0.00788888
0.00536394
0.00397588
0
0.00397353
0.0518789
0.0362587
0.162864
0.00863152
0.114823
0.0075338
0.00732188
0.00403712
0.00791146
0.0112914
0.00795155
0.0390322
0
0.00285513
0.00510686
0.00480309
0.00259051
0.00253499
0
0
0.0129446
0.0161444
0.0053191
0
0.0420541
0.00526315
0.00250627
0
0.00275316
0.00513991
0.00776789
0
0.00374119
0.00263278
0.0212861
0.011824
0.00285002
0
0.02448
0.915286
0.00537768
0.00507808
0.00261286
0.0149324
0.0157002
0.00826245
0.0672187
0.0755587
0.0207426
0.0137142
0.0191654
0
0.00291737
0.00291168
0.00251288
0.00540098
0.0183631
0.0150729
0
0.00791598
0.01886
0.0078663
0.013693
0.0236895
0.00822058
0
0.00374919
0.0446909
0.0157662
0.0107356
0
0.00267304
0.0490899
0.0107949
0.0143542
0
0.0286078
0.00285763
0.0302619
0.0169425
0.0384287
0
0.0105658
0.0351223
0.00537574
0.00259615
0.0158654
0.0102687
0.0141326
0.0338387
0.0291559
0
0.0963878
0.0316954
0.142175
0.022928
0.0338277
0.944742
0.0402844
0.030814
0.0190999
0.00526175
0
0.0127774
0.00826696
0.0404087
0.0493743
0.0110258
0.00264464
0.0138007
0.120832
0.0220853
0.0102986
0.02809
0.0103939
0.00259857
0.0246567
0.00246863
0.0780035
0.00280228
0.0084715
0.0441193
0.0459775
0.0169905
0.0119267
0.0132366
0.0130005
0.00551934
0.010824
0.0118685
0.0320298
0.010702
0.0365112
0.0361063
0.0168924
0.00587337
0.069557
0.0182825
0.00793916
0.00509283
0.0179995
0.0119776
0.00838729
0.0234492
0.0156436
0.0106565
0
0.014983
0.00252338
0.00277124
0.020732
0.0212229
0
0.00525124
0.018671
0.00859945
0
0.109691
0.0110988
0.0130099
0.016142
0.0174606
0
0.00246592
0.0131494
0.00252907
0
0.0140387
0.00554349
0.0111359
0.0100158
0.0305819
1.05732
0.0295106
0.00794107
0
0.0159035
0.0105146
0.0054184
0.0260617
0.00497733
0.0153311
0
0.0028125
0.00549701
0.00276974
0.0079252
0
0.0182551
0.0132244
0.00271277
0.010174
0
0.00258035
0.0166228
0.0163586
0.00262055
0
0.0141222
0.0263804
0.00249414
0
0.018669
0.0133137
0.00246748
0
0.00529931
0.00262047
0.0106411
0.0143223
0.0286956
0.00271076
0.00822428
0
0.00259407
0.00642074
0
0.0028139
0.00523838
0.00577017
0.0102388
0.00707087
0.015697
0.0498021
0.0185944
0.0270015
0.0136737
0.857111
0.00513391
0.00284501
0.00506588
0
0
0.00259298
0.00794661
0.0237273
0.0705535
0.00546253
0
0.00255744
0.0571119
0
0.0127935
0.00807027
0.00544319
0.00532765
0.00853147
0.00555683
0.0111128
0.00285347
0.0107854
0.00451104
0.0335854
0.00576867
0.00513923
0.00513508
0
0.00823761
0.00296491
0.00694326
0
0.0083835
0.0156289
0.0271462
0.0342736
0.00297397
0.0193166
0.00791171
0.00784788
0.00282918
0.0104016
0
0.0143321
0.0337921
0
0.00306568
0.0026482
0.00234879
0
0
0.00274591
0.00554025
0
0.0111947
0
0.0336503
0.00554952
0.00557886
0.00246825
0
0
0.00537574
0.0027656
0
0
0.00559436
0.00268066
0.0114944
0.0929787
1.00592
0.00251714
0
0.00568384
0.00782243
0.00260719
0
0.00738312
0.0100587
0
0.0078605
0
0.00275962
0.00572221
0.00251856
0
0.00274548
0.00810441
0.00389556
0.00275491
0
0
0.011677
0.00338146
0.00291589
0
0.00277624
0
0.00268285
0.00259976
0.0106586
0.00251154
0
0.0033338
0.0128082
0.00595595
0.00272634
0.00530382
0.00259976
0.00280444
0.00274548
0
0.00556668
0.00800043
0.00569479
0.0132726
0.00288571
0.00823913
0.00519527
0
0
0
0.00563571
0
0
0.00284209
0.00292371
0
0.0057775
0.00561068
0.00848072
0.0108173
0
0
0.0125039
0.00576272
0.00282591
0.00270011
0.0110021
0
0.0121902
0
0.00232852
0.0133956
0.00575731
0.00548392
0.00276454
0
0.0141441
0
0.0105393
0
0.00558838
0.0227722
0.00531031
0
0.00290237
0.0056783
0.0128245
0
0.00691083
0.0400031
0.0111649
0
0
0
0.00246825
0
0.00254722
0.002639
0.00326627
0.0233457
0
0.00268952
0.00291693
0.00778619
0.00252158
0.00531847
0
0.00278157
0.00571793
0.0577465
0.0144136
0
0.00271014
0.00251624
0
0.00525126
0.00291716
0.00261356
0.00434624
0.0135043
0
0.00574771
0
0.0029184
0.00295102
0.00270937
0
0
0.00465427
0.00536028
0.00274971
0.00315718
0.00664547
0
0.00287781
0.00432108
0.00873931
0.0284288
0
0
0.00543568
0.00555077
0
0.00822693
0
0.00473681
0.00281883
0.00267962
0
0
0
0.00265759
0.00299048
0.00525234
0.00252177
0.00256165
0
0
0
0.00451183
0
0.0271565
0.00280361
0.00237872
0
0.00284501
0
0.00336152
0
0
0
0.00293742
0
0
0
0.00246592
0
0.00238468
0.0029615
0
0
0.0028227
0
0
0.00582466
0.0246894
0
0.00499084
0.00798835
0
0.00264406
0.027625
0
0.0027522
0
0
0
0.00264455
0
0.00552063
0.00299223
0.00309839
0.00552405
0
0
0
0
0.00584506
0.00233299
0
0.00274591
0
0
0
0
0.00297897
0.0804732
0.0415212
0.002712
0
0.0054989
0
0.00247928
0.00246825
0
0
0
0
0.00590185
0.00265081
0.00292098
0.00303769
0
0
0.00765608
0
0.0369714
0
0.00275177
0.0135488
0.00548687
0.00246549
0.00262246
0.00288383
0
0.00260774
0
0
0
0
0
0.010751
0.00303458
0
0.0190603
0.0106054
0.0111252
0.00295019
0.00288383
0.00542027
0.00246109
0.00263176
0.0122321
0
0.00296675
0.0056977
0.0170085
0.00263827
0.00283856
0.00283007
0.00537235
0.010991
0.00246592
0
0
0
0.00531099
0.00288097
0.00325326
0
0.0028965
0
0.0134465
0.00289987
0.00282189
0.00266624
0.0132068
0.00615272
0.0028424
0
0
0.0114409
0.00376645
0
0
0
0
0.010273
0.00276019
0
0.0229838
0
0.00283148
0.00556683
0.00266786
0.00793855
0.00284439
0
0.00295665
0.0191346
0.00991469
0
0.00556683
0.0195174
0
0.00277124
0.00511533
0.00498072
0.00295553
0.00766307
0.0027625
0.03116
0.00836603
0
0
0.00278745
0.002729
0.00780019
0.00279187
0
0
0
0
0.00570812
0.00544801
0
0.00566702
0.0028502
0.00274591
0
0.00263476
0.00575655
0
0
0.00546379
0.00526427
0.00262705
0.00279847
0.00285489
0
0.00756282
0.00270352
0.00303615
0.00253333
0.00560921
0.00507768
0.00292098
0
0.046104
0.00438518
0
0
0
0.00462284
0.00570034
0.00268724
0
0.00823064
0
0.00379216
0.0180572
0.00258595
0.00260803
0
0.00818872
0
0.00544475
0
0.00271568
0.00723874
0
0.00568083
0
0
0.00879423
0
0.0432168
0.0254317
0.0164592
0.00289987
0
0.00262047
0.0109331
0.00262845
0.00259102
0
0.00526168
0.00568318
0.00295013
0.00274245
0
0.0258092
0.00277664
0
0
0.0162272
0.00439372
0.00585
0.0028853
0.00568318
0.00377153
0.0103336
0.00260998
0.00896593
0.0218621
0
0.00294079
0
0.00275069
0.0155782
0.00533795
0.00269083
0.0055009
0
0
0.00548776
0.00277652
0.00270667
0.0111737
0.00282145
0.00290111
0.00825651
0.00249396
0.00294498
0.00254138
0.00274898
0
0
0.00584633
0.02234
0
0
0.00272337
0
0.00531927
0
0
0.00498512
0
0.00280687
0.0686478
0.00307735
0
0
0.00541978
0
0
0.00538156
0.994763
0.00563771
0.0028077
0.00950102
0
0.00771434
0.00812998
0.00537518
0.00555087
0.00249965
0.00407988
0
0.00268304
0.00545856
0.00811582
0
0.00251868
0
0.00285046
0.0122755
0.00547095
0
0.00546573
0.00276347
0.0160587
0
0.00533937
0
0.00796354
0.00254613
0.0238442
0.00506994
0.00552159
0
0.0127692
0.0028371
0.0111635
0
0.00280906
0
0.0307845
0.00289987
0.0151083
0.00275687
0
0
0
0
0.0328654
0.00534355
0.00426444
0.00270514
0
0
0.00288383
0
0
0.0384472
0
0
0
0.0338364
0
0.00288383
0
0
0.0121826
0.00245243
0.00257499
0
0.0498014
0.00549083
0
0.00802066
0
0.00263729
0.00284501
0.0161462
0.00266717
0
0
0
0.0215509
0.0079993
0
0.0122353
0.00562277
0.00817556
0.00272747
0.00258529
0
0
0
0.0968773
0.013969
0
0
0
0.00261644
0.00266737
0.016361
0
0
0.0423414
0
0.00285468
0.00278514
0
0.00779687
0
0.0028502
0.0165471
0.73309
0
0
0.00796823
0
0
0.00567665
0.00292015
0
0
0.00569774
0.00265598
0.00514567
0.00531022
0.00266779
0.00292015
0.011252
0
0
0.00249275
0
0.00572881
0.0137977
0
0.0135258
0
0
0.0087362
0
0.00266704
0.00275962
0.0135797
0.00797298
0.00259239
0
0.00282794
0
0
0.00268886
0
0.027436
0.0295006
0
0.00275962
0
0
0.0200015
0.00276703
0.00251814
0.00438395
0
0
0
0.0197577
0.00268709
0.00686767
0
0.0227241
0.00995796
0.00287926
0
0
0.00343601
0.0081286
0
0
0.0436757
0.0029913
0
0.00840787
0
0
0.00259265
0.00564767
0
0
0.00775991
0.00553526
0.00284113
0
0.0171036
0
0.00287926
0.0028502
0
0
0
0
0.00815508
0.00864806
0
0
0.00271186
0.00498312
0.002687
0.0108377
0
0.0245664
0
0
0.0459754
0
0.00277736
0.00265819
0.0108258
0.00541516
0.0162142
0.39437
0
0.00280584
0.0404858
0.00290111
0.0135622
0.00290445
0.00842667
0.00565565
0
0
0.00549915
0.0103734
0
0.00562275
0
0.00798212
0
0.00293143
0.0112302
0
0
0.00852691
0
0
0.00836712
0.0054961
0
0.00863661
0
0
0.0088816
0
0
0.00529298
0.0214201
0.0054961
0.00289987
0.00793628
0.0323873
0.00301548
0
0
0
0
0
0.0349319
0
0
0.0203247
0
0
0
0
0.00336152
0
0
0.0448687
0.00270311
0.00274575
0
0
0
0
0.024438
0.00453319
0
0.0223746
0.00262752
0
0.0198996
0
0.00278877
0.0184241
0
0.0364912
0.00266001
0.00679979
0.00270459
0
0
0.0295606
0
0
0.0375577
0
0
0.0126593
0.0258664
0
0.00277124
0.00562901
0
0
0.0295759
0.474498
0
0.00266001
0.0290372
0.00570295
0
0.00266013
0.00539531
0
0
0.0140386
0.00253518
0.00561899
0.00773258
0
0
0
0
0.0136433
0.00575902
0.00844601
0
0.0078282
0
0.00855068
0
0.00275962
0
0
0.0052923
0.0190171
0.00252177
0
0
0.011827
0.00607483
0
0
0
0.0127038
0
0.0250276
0.00909373
0
0
0.00382723
0
0.0217165
0.00267652
0.00330821
0
0
0
0.00281441
0.00252178
0.0136473
0
0.00418315
0.0305018
0
0
0.0104579
0
0.002602
0.010737
0.013159
0
0.00278877
0.032641
0
0.015771
0
0
0
0.0326718
0.0541944
0.0025892
0.101639
0
0.0328338
0.0461425
0.925538
0
0.155537
0
0.00858773
0
0.00266287
0
0
0.00265598
0
0
0.00266287
0.00410104
0
0.00273993
0
0
0
0.0108161
0
0
0
0
0
0.0399779
0.00262172
0
0.00275091
0
0
0
0
0.00271849
0.00725376
0
0
0
0
0
0
0
0
0
0
0.0213023
0
0.0244584
0
0
0.0172463
0
0
0.0105762
0.0304319
0
0
0.00301469
0
0
0.0160088
0.00692157
0
0
0.0160088
0.826099
0.993046
0.0025665
0.0025908
0.00280746
0.00536649
0.00524453
0.00772751
0.00266398
0
0.00262104
0
0.00958947
0.00278562
0.00269252
0.00535737
0.00266398
0
0.00259656
0.00519174
0.013003
0.00270821
0
0
0.0051214
0.00275668
0.00259057
0.033203
0.00267687
0
0.0141654
0.00368661
0
0
0.0105873
0
0
0.00784306
0.0112755
0.00277394
0.0155011
0.00543737
0.0130128
0.00493903
0.00256578
0.00244443
0.00826378
0.00446861
0.00273112
0.0181181
0.0129528
0.00789907
0
0.00766215
0.0026482
0.00263579
0
0
0.010355
0
0.0157135
0.00526734
0.00271666
0.0320643
0
0.0182678
0.00476907
0
0.0055052
0.0107498
0.00530271
0.0157721
0.00266604
0.0095836
0.00997982
0
0.0108024
0.00517081
0
0.0244622
0.0159599
0.0145914
0.0132601
0.00824341
0.0649181
0
0.0024571
0.00256578
0
0.0156117
0.0271269
0.0324018
0.0392131
0.077797
0.0080201
0.0106843
0.00511014
1.01834
0
0.00272822
0.011751
0.00755667
0
0.00518733
0.0130152
0.00828148
0
0.0131117
0
0
0.00522994
0
0
0.0234921
0.00771249
0.00550736
0
0.0105425
0
0
0.0103829
0.005183
0.00263465
0.00764798
0.00263313
0
0
0.0078794
0
0.00259131
0.00275591
0.00513123
0
0
0.0025494
0.0156643
0.00253043
0
0.00258259
0.00263313
0
0.00266647
0
0.00547676
0.0283786
0.00249401
0.00508422
0
0.00250807
0
0.0036366
0
0.031261
0
0.0105657
0
0.0130015
0.00276456
0.00253222
0
0.00532693
0
0.0111064
0
0
0.0155589
0.00761245
0.00264987
0.0102312
0.00828854
0.0315051
0.0190469
0.002727
0.0128669
0.0225959
0.00245164
0.00260937
0.00254085
0.00266827
0
0.015437
0
0.0025349
0.0026763
0.00981359
0.0774218
0
0.0050064
0.0026336
0.0216886
0.00265595
0.0142788
0.0163488
0.0107669
0.0573239
0.00532494
0.00749549
0
0
0.0311872
0.00786131
0.0435269
0.039956
0.177032
0.0671969
0.00274951
0.00524663
0
0.0103098
1.04012
0.818426
0.00769481
0
0.010915
0.00730318
0.0101161
0.00263235
0.00265993
0
0.0052538
0.00263559
0.00270274
0.00780102
0
0.00991585
0.00522868
0
0.094736
0.00323589
0.0742135
0
0.00805543
0.00268127
0.00275658
0
0
0.00522008
0.0104859
0.00513443
0.00256495
0.00263961
0.00515339
0
0.00793945
0.00261655
0
0.0953179
0.00798561
0
0.0096396
0.0129849
0
0.00247714
0.00272589
0.0134185
0.00777776
0.00526378
0
0.0158558
0.0148938
0.00271023
0.00527571
0.0163935
0.00266
0.0130686
0.0156634
0.00521052
0
0.00251768
0.0218878
0.0124225
0.00748791
0.00285865
0.02273
0.03172
0
0
0
0.00526102
0.00780503
0
0.0104132
0
0.00268066
0.0509743
0.0144755
0
0
0
0.00785933
0
0.00270554
0.00778512
0
0.0195579
0.05789
0.02698
0.00282563
0.00795239
0
0
0.0098178
0.00259862
0.00268051
0.00848167
0.0134969
0.0106929
0.0106065
0.00253433
0.0131771
0.0562457
0.00568411
0.00256673
0.0106639
0.00253043
0.0108423
0.00530056
0.0330991
0.0109123
0.0136586
0.134996
0
0.007661
0.00258119
0.00263917
0.00638417
0.0122242
0.0160843
0.00410309
0.0526796
0.0638461
0.0718851
0.0583861
0.00560052
0.00533668
0.0223072
0.0156933
0.98847
1.00385
0.00797757
0
0.00773544
0.0233877
0.0239993
0.00279428
0.00271973
0
0.0156592
0.00272679
0.00517559
0.0105036
0.00271577
0.0129417
0.0211814
0.013615
0.00255817
0.00775689
0.024222
0.0156802
0.00832266
0.00551802
0.00763102
0
0.0160233
0
0.00782477
0.0126289
0
0.00254773
0.00271788
0.0209394
0.00526896
0.00494239
0.00802346
0.00768812
0.0744691
0
0
0
0.00521343
0.00257251
0.00265892
0.00769673
0.0368064
0.0104796
0.020963
0
0.00273996
0.00514466
0.00544657
0
0.023691
0.0131337
0.00522722
0.0026336
0.00240505
0.0160873
0.00391075
0
0.00272772
0.0264315
0.0208083
0.039232
0.0155761
0.00242158
0.00522722
0.018414
0.0025764
0
0.00820954
0.00258395
0.0071331
0
0
0
0.00246788
0.0269282
0.00507724
0.00550464
0.00806254
0
0.00543808
0.0346128
0.029194
0
0.0052594
0.0211947
0
0
0.00751583
0.00254085
0.00814982
0.00531273
0.0131317
0.00776919
0
0.00825557
0
0.0294159
0.0147893
0.00538337
0.0500563
0.0127931
0.0105726
0.00557378
0.0164037
0
0.0132129
0.0273367
0.0139847
0.111775
0.00796673
0.0197694
0.0131126
0
0.00277225
0.0132839
0
0.0539599
0.0265283
0.119934
0.0780941
1.0011
0.994698
0.00530726
0.00787017
0.00837353
0.0153294
0.882723
1.19513
0.978392
0.00811787
0.0101437
0.00273704
0.0402671
0.0791958
0.0162038
0.00253809
0.00265624
0.0135269
0.00259136
0.00528568
0.0161126
0.00267804
0.0109176
0.0324792
0.00524155
0.0106353
0.0262145
0.0136768
0.0105075
0.0109074
0.00762816
0.00528717
0.0263867
0.00831649
0.0291473
0.00749254
0.00791327
0.0132537
0.00783588
0.00795095
0.00778674
0.0103021
0.0247324
0.00523154
0.0800375
0.00405354
0.00865138
0.00517987
0.0108292
0.0103156
0.00795956
0.0184781
0.00795095
0.00505746
0.015473
0.0404752
0.00803763
0.010596
0
0.00263611
0.0236825
0.0159607
0.00259594
0
0.0148754
0.0107546
0.00343522
0
0.0108436
0.0110212
0.0106834
0
0.011976
0.00998416
0
0.0188788
0.00811086
0.0132275
0.00985707
0.0352177
0.00415632
0.0564037
0.0831292
0
0
0.0160394
0.0206798
0
0.010464
0.0432072
0.0408015
0.00321586
0.0165853
0.0334257
0.0141076
0.00819374
0.0228983
0
0.00369366
0.00497218
0.0293291
0.00555144
0.00256496
0.00558623
0.0263418
0
0.0437419
0.00545053
0.00390765
0.0221225
0.0196091
0.00527358
0.0075328
0.00763783
0.00536424
0.0273966
0.00255851
0.0175585
0.0960541
0.0113946
0.00551397
0.147846
0.0024861
0.0299934
0.00268647
0.00822447
0.0236909
0
0.123114
0.0277151
0.0358675
0.125655
0.0654912
1.04199
1
0.00795842
0.0308062
0.0198918
0.0189164
1.01289
0.833795
0.991717
0.0212628
0.00527745
0.00523872
0.007776
0.0370396
0.0132752
0.0111475
0.0103244
0.00527906
0.0153193
0.0215296
0.00791744
0.0185513
0.00540546
0.0296606
0.0155177
0.0053036
0.0149178
0.00621111
0.0444845
0.00840713
0.0191752
0.0134526
0.00772563
0.026484
0.0107419
0.013147
0.0155401
0.0183242
0.00795993
0.00799807
0.00805739
0.0160033
0.00781201
0.00807438
0.031347
0.0112122
0.0105051
0.00521639
0.00275325
0.00527568
0.00805453
0.0103996
0.0103509
0.0083359
0.00786653
0.0886024
0.010591
0
0.00527086
0.0157183
0.0258811
0.00520798
0.00774606
0.00776916
0.0150625
0.00527591
0.00726525
0.0388415
0.013583
0.0357376
0.025737
0.0552668
0.013772
0.0124074
0.0129537
0.028779
0.0140201
0.00506168
0.0109988
0
0
0.0158247
0.00265412
0.0083835
0.6848
0.0134795
0.039258
0.012414
0.0134972
0.00815165
0.0313552
0.0199794
0.0190623
0.0831784
0.175736
0.0138313
0.00802173
0.0317335
0.00252237
0.00490952
0.0214608
0.0480075
0.0158421
0.011191
0.0734739
0.025445
0.034455
0.0107583
0.0151342
0.0290781
0.00557483
0.0152623
0.00506762
0.0158534
0.0134747
0.0218536
0.00524851
0.02621
0.038733
0.0161577
0.0159103
0.221702
0.00539942
0.0147365
0.0181583
0.00507432
0.0188829
0.0077448
0.0130731
0.0293116
0.0677002
0.121819
0.0763039
1.01181
0.981073
0.00788114
0.062091
0.0312982
1.07532
0.953233
1
0.00275276
0.0157753
0.00271575
0.0184345
0.19127
0.0307959
0.0161654
0.031481
0.00796713
0.0267535
0
0.00783365
0.0106389
0.0110198
0.00518156
0.0419505
0.0214932
0.0370485
0.0451049
0.0216509
0.01075
0.0334206
0.0102935
0.0107578
0.00517962
0.0102237
0.0343262
0.00786685
0.0184403
0.00274528
0.00782433
0.0215496
0.0029426
0.0373117
0.00515999
0.00564397
0.0184334
0.0361069
0.0107568
0.00547752
0.0163258
0.0132513
0.0134376
0.0131722
0.0213288
0.00270489
0.00268419
0.0142141
0.0163617
0
0.0864172
0.0131064
0.0185212
0.0186351
0.0262774
0.00257881
0
0.0026652
0.00655738
0.0953706
0.00569792
0.0328927
0.0412966
0.0388614
0.00556502
0.0622792
0.00642227
0.0103204
0.0106531
0.0138022
0.013073
0.0127557
0.00274691
0
0.0132741
0.00278199
0
0.270379
0.0134096
0.0469039
0.0245503
0.0108436
0.0239144
0.0107682
0.0399421
0.00538429
0.0419614
0.0620414
0.0223644
0.0219944
0.0236653
0.0104412
0.015054
0.0131792
0.0391738
0.0162497
0.00274861
0.101152
0.0303523
0.0110404
0.0162662
0.0446736
0.0213852
0.00284623
0.0233153
0.00559435
0.00770089
0.0526435
0.0134969
0.0243364
0.0796415
0.0317894
0.0168365
0.0136117
0.0312028
0.135874
0.0158207
0.00478556
0.0079952
0.00531587
0.0108364
0.0188079
0.0331762
0.0274412
0.0537806
0.0361364
0.270849
0.0548579
1.01064
0.509949
0.0137217
0.0345031
0.010444
1.04223
0.821044
1
0.0131275
0.0292865
0.063097
0.00963746
0.0242875
0.0345977
0.015647
0.0216177
0.0376641
0.0130728
0.0130676
0.00818088
0.0159565
0.0131943
0.013679
0.0185652
0.0313131
0.0273466
0.0783749
0.00795168
0.0107781
0.0140912
0.0130398
0.0213491
0.00512779
0.00805745
0.0104966
0.0296491
0.118236
0.0466989
0.0080537
0.0131802
0.00246233
0.00261924
0.0136442
0.00835211
0.00798198
0.0171087
0.0128338
0.013832
0.0138956
0.0131954
0.0104194
0.00261924
0.0106738
0.00568481
0.00266261
0.0390742
0.0140659
0.00548138
0.00938707
0.0791356
0.0104307
0.0231149
0.00564303
0.0185491
0.00789479
0.00244653
0
0.00414984
0.0580347
0.0137501
0.0136197
0.0202703
0.0645344
0.016122
0.0026417
0.0135248
0.0104458
0.00557209
0.00276391
0.0462937
0
0.00707983
0.0257403
0.00271002
0.00549999
0.246705
0.0233375
0.0104834
0.0122266
0.0136774
0.0322338
0.0216705
0.0100969
0.0321912
0.0298671
0.028402
0.00554693
0.00795005
0.0208793
0.0132565
0.0152497
0.0128066
0.0466013
0.00533259
0.00268933
0.0487102
0.0165513
0.0242657
0.0137476
0.0709108
0.0152373
0.00856798
0.00332456
0.00261561
0.0157881
0.0403521
0.0136027
0.0158154
0.0199119
0.112088
0.0139063
0.0165947
0.0229608
0.0620557
0.0129817
0.0296976
0.0234639
0.00538769
0.0241812
0.0160471
0.0158199
0.021598
0.0258074
0.0306404
0.0715899
0.0490062
1.01839
0.899286
0.00816695
0.0619041
0.0157336
0.946056
0.975322
0.00525744
0.0132535
0
0.015482
0.0293322
0.0212846
0.0138133
0.00520371
0.0106411
0.0134689
0.0158459
0.0103331
0.00550787
0.0108513
0.0105213
0.0123997
0.0108029
0.0360191
0.00264049
0.00957612
0.0248421
0.00800241
0.0102452
0.0107197
0.0156858
0.0158059
0.0151933
0.00563019
0.00279328
0.00278546
0
0.00253424
0.00525244
0.00801622
0.0100027
0.025499
0.0457083
0.00568452
0.0055716
0.00509189
0.00278546
0.0106547
0.00258696
0.00547501
0.00539352
0.0145399
0.00832682
0
0.00255067
0.0256479
0.00495833
0.00291011
0.0185477
0
0.00248971
0.00791706
0.00673442
0.104603
0.00856572
0.0162406
0.00247182
0.0411919
0.00935665
0.0393528
0.020436
0.00793288
0.00543823
0.00266261
0.015911
0
0.00415525
0.0053619
0.00266887
0.297855
0.0129945
0.0133051
0.00766552
0.00544988
0.00523091
0.00885667
0
0.0108964
0.0186946
0.0433826
0.0165007
0.0143085
0.0107383
0.0076045
0.00962723
0.0104447
0.0228498
0.0191027
0.00805427
0.0057284
0.0261408
0.0128551
0.00798511
0.0794321
0.0133192
0.0053018
0.00798943
0.00793498
0.0155765
0.0197421
0.00271028
0.0188055
0.0257082
0.00801679
0.0167337
0.00575746
0.213266
0.00746647
0.017202
0.00787123
0.00259149
0.00806891
0.00804565
0.0186115
0.00528426
0.00995985
0
0.0518213
0.0150919
0.715816
0.011269
0
0.0234748
0.749259
0.00520803
0.00767784
0.00788538
0.00894504
0.0169939
0.0112114
0.00253346
0.00264049
0.00541115
0
0.00764253
0
0.013702
0
0.00662777
0.0242741
0.0625173
0.0055372
0
0
0.00550573
0.0125821
0.00507182
0.00277579
0.0052631
0.00774779
0
0.00524271
0.0102855
0.00555457
0.0103291
0.0136194
0.00258586
0.0056249
0.005694
0
0
0.0128801
0.0110069
0.0206965
0.00279474
0.0135468
0.0105644
0.00769995
0.00271952
0.0104235
0.0410539
0.00773564
0
0.0156998
0.00808117
0.00514884
0.00549133
0.0109153
0.0981514
0.00278509
0
0.00514445
0.0698693
0
0.0411432
0.00284911
0.00271282
0.00783429
0.0326475
0
1.29029
0.974254
0.0152581
0.0101197
0.00952831
0.005583
0.00549666
0
0.0110058
0.0343347
0.0129136
0.0794786
0.00501685
0.0184215
0.0205686
0.00238773
0.00248423
0.0402681
0.0114699
0.0175979
0.0190594
0.00548063
0.00297523
0.202318
0.00286114
0.00823068
0.0027487
0.00264353
0.0258564
0.0490563
0.0084204
0
0.00854455
0.00291784
0.0268186
0.00776699
0.00470033
0.0236327
0
0.00298354
0
0.0605607
0.00252935
0.00528956
0.014271
0.00408735
0.00534326
0.0175022
0.00786189
1
0.00448851
0.00275452
0
0.0109063
0.010651
0.0108508
0.00566951
0.00281447
0.00249706
0.0134457
0.0130781
0
0.0142475
0
0.00330241
0.0199179
0.0113936
0.00514148
0.0078711
0
0.00523848
0.0137268
0.00243186
0.0197866
0.0107223
0.00264767
0
0.00258372
0
0.00507798
0.00520437
0.0102829
0.00572141
0.00646271
0.00264767
0.00535432
0.0054515
0.00263173
0.0131717
0.0184235
0
0.0107691
0
0
0
0.0137146
0
0
0.0235898
0.00275375
0.00264967
0.0206921
0.00543173
0.00420007
0
0
0.0911035
0
0.00265532
0.00275375
0.0347131
0.00791854
0.0101108
0.00260105
0
0.00270007
0.00797506
0.0234779
0.00269008
1.08375
0.999468
0
0.0184474
0.0130804
0.002456
0.00562155
0.00543795
0.0101604
0.016936
0.0374105
0.0131969
0.0162168
0.00260461
0.00519244
0.00509909
0.0130253
0.00848015
0.0158697
0.0393745
0.00278431
0.00579252
0.0126233
0.00286059
0.00298554
0.141556
0.00783851
0.00257306
0.00285518
0
0.0368429
0.0442741
0.0106829
0.00550551
0.0135973
0
0.00516102
0.00737347
0.0340696
0.00283131
0.00838271
0.00265597
0.0657217
0.00543342
0.00848288
0.0133321
0.00369183
0.0230281
0.00261545
0.374038
0.00725134
0.00517342
0.00861053
0.00538287
0.0118867
0.00746802
0.00574345
0
0.00799578
0.00535807
0.0161611
0
0.00507737
0
0.00797936
0.0163774
0.0402999
0.00248934
0
0.00276976
0.00808152
0.00275395
0.00755894
0.00871681
0.00258372
0.00531217
0.0078352
0.010689
0.00801934
0.0179125
0.00261561
0.00534102
0.0166871
0.00527352
0.0104311
0.00258074
0.0080175
0
0.00812063
0
0.00786396
0.0080825
0
0.00261561
0.00523015
0.0218135
0.00286406
0.00246144
0.019126
0
0
0
0
0.0027875
0
0.129832
0.00547139
0.00297773
0
0.0370653
0.00251572
0.0132158
0
0.00256797
0
0
0.0292084
0
0.999406
0.0244651
0.00268584
0.00807791
0.0110238
0.00288302
0.00764593
0.0261387
0.0322652
0.00713806
0
0.00820855
0.0186372
0.00256181
0.00390293
0.00260024
0
0.0184116
0.0110683
0.00917112
0.00706412
0.0133896
0.00800634
0.109056
0
0
0
0.00255966
0.0315352
0.0444717
0.00258473
0.00275146
0.0159905
0
0
0.0132188
0.00261617
0.00529455
0
0.0465905
0
0.00283447
0
0.00339456
0.00274853
0.0153094
0.0492943
0.0105852
0.00258816
0.0108715
0.00255827
0.0129795
0.00703618
0.00260513
0
0
0.00545931
0.0134276
0
0.0053908
0
0
0.0197651
0
0
0
0
0.00795111
0
0.00266664
0.00266368
0.00278093
0.00513277
0.00258253
0.0052449
0.00830692
0
0.011519
0.00249997
0
0.00523133
0.0139428
0.00553466
0
0.010539
0.0135329
0.00270546
0.00553908
0
0.00257314
0.0211361
0
0.00258416
0.0421122
0.00543
0.00517142
0.00811088
0
0.00372534
0.169113
0
0
0
0.0582249
0
0.0524796
0
0
0
0.0194041
0
0.967708
0.00502929
0.0108488
0.00560054
0.0135353
0.00257111
0
0.0205322
0.0383213
0.00650053
0.0161846
0.0239465
0.00263809
0.00815538
0.00553973
0.0142857
0.0171887
0
0.0101036
0.00544192
0.0026123
0.146725
0.0026494
0
0.0026614
0.00257314
0.0424036
0.0518341
0.00851185
0
0.0110279
0
0.00247053
0.00815606
0
0
0.00542904
0.0742253
0
0
0
0.00350515
0.00274287
0.00534439
0.013247
0
0.00248632
0.00817466
0.00548231
0.0201794
0
0.00295029
0.00552071
0.00277939
0.0190567
0.0161442
0
0.00259586
0.00518361
0
0.0029412
0.033653
0.0120041
0
0
0.0052385
0.00825293
0
0.0048741
0.00241347
0
0
0.0106218
0.0107386
0.0051857
0.00274719
0.00300572
0.0120578
0.0027131
0
0
0
0
0.0166928
0.0158085
0.00505177
0.00551172
0.00555611
0.00559598
0
0
0.0160583
0
0.00256736
0.0763604
0
0.00274042
0.00800616
0
0.474491
0
0
0.00534385
0.0796116
0.00253962
0.0630496
0
0
0
0
0.102169
0
1.02009
0.00756465
0.0105339
0.0157034
0.00832022
0.00266041
0
0.0123871
0
0.0322654
0.0100879
0
0.00264061
0.0187393
0
0.00863174
0.00252104
0.0173616
0.00801171
0.00632962
0
0.00268807
0.00553459
0.104927
0
0
0
0.00533232
0.0426208
0.0388903
0
0
0
0.00770774
0
0.00756952
0.00794919
0.00246512
0
0.0210675
0
0.0403092
0.00272428
0.00737667
0.00311617
0.00277623
0.00516338
0.0461132
0
0.00257025
0.00321353
0.157342
0.0117456
0.00542939
0.00260412
0.00260654
0.00531169
0.0316153
0.00289373
0
0.0111857
0
0.0233974
0
0.00524258
0.0107796
0
0
0
0.00281364
0.00248702
0.0173904
0.00535187
0.00280608
0.0130983
0.00633039
0.0168365
0.00590628
0.00267308
0
0.00283131
0.002923
0.0161367
0.0136301
0.00547523
0.00270579
0.0033673
0.00266279
0.0332226
0
0.00283882
0
0
0.00694496
0.0132387
0.00248702
0
0.00256953
0.00494991
0
0.0247643
0.0025949
0.00267308
0
0
0.0240058
0.00250676
0.0133364
0.00494991
0.00246479
0.00260394
0
0.159718
0
0.946154
0
0.00521682
0.00270579
0.00282786
0.0108858
0.00431325
0
0.00286156
0.0215962
0.00556151
0.00262887
0.00247638
0.00259607
0.00523735
0.0131086
0
0.0208982
0
0.00546206
0.0238026
0
0.00321324
0
0
0.0239622
0.0362668
0.00288756
0
0.00257748
0.00534344
0
0.00516115
0.00777333
0.00294136
0.00506844
0
0.0524501
0
0
0.00298935
0
0.00532175
0.0474033
0.00254464
0
0.0153631
0
0
0
0
0
0.00265821
0.00248632
0
0.00759683
0
0.00273524
0
0
0
0
0
0
0
0.00248702
0
0
0.00298443
0
0
0
0
0
0.00294322
0.00256761
0
0
0.00248702
0
0
0
0
0.00858377
0.00266099
0
0
0
0
0
0.0173854
0
0
0
0.0026494
0
0.00270579
0
0.00241294
0
0
0.977043
0
0.0026494
0.00542099
0.00297267
0
0.00769581
0.00792459
0.00525587
0.00263846
0.00524148
0.00813149
0.0052743
0
0
0
0.0115188
0.00285084
0
0.00546535
0.0056841
0
0
0.00805118
0
0.01165
0.00260963
0
0.00290918
0.00712236
0
0
0
0.00251433
0.013247
0.00285084
