0.0185507
0.182047
0.00605093
0.0354292
0.00543595
0.862979
0.0365464
0.008731
0.00599072
0.00314864
0.0199969
0
0.00278883
0.00291779
0.00261449
0.00257826
0.0051638
0.00261449
0.00288757
0.00290213
0.0135264
0
0.00820511
0
0.106925
0.0117682
0.948795
0.00686477
0.00246509
0
0
0.00339635
0.427629
0.00290659
0.00289502
0.00290317
0.00309077
0.00290659
0.00296955
0.0029909
0
0.00290376
0.0029071
0.00255054
0.0412725
0.00285046
0
0.00576881
0.0115681
0.155896
0.0435585
1.04211
0.725151
0.00256424
0
0.0189647
0
0.00375363
0.00284908
0
0
0.129099
0
0.00290659
0
0
0.00308258
0.0035154
0
0.00275852
0.0225809
0.00264208
0.00817491
0
0
0.00687244
0.00257637
0.0027039
0
0.0119291
0.0733928
0.124586
1.13437
0.299467
0.00271516
0.00690589
0.00271363
0.00256497
0.00275949
0.00276236
0
0
0.00257226
0.00262644
0.00550323
0.00261449
0.00479581
0.00260082
0
0.013572
0
0
0
0.00511384
0
0.0219712
0
0.00302255
0
0.00283084
0
0
0.0027144
0.00528631
0.0127292
0.00775892
0
0.0112976
0.00656172
0.00479011
0
0.0215849
0.0195035
0.0206294
0.140883
0.255714
0.312263
1.00041
0.00533687
0.00246509
0.00293314
0.00716672
0.00258447
0
0.00550193
0.00290951
0.0027262
0.00300903
0.00349768
0.00279958
0.00298227
0.00856342
0
0
0
0.00248384
0.00261449
0.011024
0
0
0.00517949
0.0148815
0.00262536
0
0.00293164
0.00547156
0.00581611
0.00279674
0.0323996
0.00581611
0.00621019
0.0161255
0.013631
0
0
0.00290951
0
0
0.0252732
0.0106405
0.0837187
0
0.00290951
0.00276353
0
0
0
0.00287217
0.0105383
0.00584254
0.00284884
0.00840601
0.00523969
0.00285224
0
0.0699498
0.00561961
0.00253579
0.00292398
0.0110659
0.00856961
0.00252478
0
0.0027039
0.00559815
0.00557927
0.00253579
0.00253936
0.0117029
0.020229
0.377396
1
0.195309
0.966382
0.00270314
0
0.00549619
0
0.0185323
0
0
0.00562613
0.00302278
0.00283718
0
0
0
0.00262105
0.00528051
0.0132256
0.00300734
0
0.0109143
0.00254652
0
0.00617484
0.00790502
0.00253579
0
0
0.00523606
0
0
0
0
0.0126001
0.00246994
0.00553285
0
0.00253579
0
0
0.00600958
1.00659
0
0
0
0.00285776
0.00246994
0.00256492
0.00385839
0.0107325
0.00265235
0.00565418
0.0164234
0
0.00888427
0
0
0.0105854
0.00745029
0.0180459
0.00611943
0.00530442
0
0.00294876
0.00423149
0.0105688
0.00537151
0
0.00908732
0.00541376
0.00505839
0
0.00935951
0.0303155
0.00287098
0.00294712
0.008333
0.00273295
0
0.00280785
0.0138628
0.00573125
0.00395407
0.0523978
0.00814253
0.00258472
0.013782
0.0289497
0
0.00266464
0.00558353
0.00258845
0
0.00443345
0.0198103
0.0276557
0.0141829
0.11968
0.133374
1.01218
0.741147
0.355445
0.844442
0.997435
0.00254723
0.00784284
0.042333
0.00432529
0.0147658
0.24289
0.00313156
0.00845741
0.0025458
0.00280077
0
0.00549064
0.00284844
0.0226404
0.00281775
0.00392858
0.00282685
0.0790408
0.0402613
0.00285407
0.00273828
0.00516101
0
0.00283448
0
0.00355591
0
0.00306726
0.153588
0.0363159
0.0808307
0.00807511
0.00511132
0.00253523
0.0027262
0
0.0102232
0
0.00256067
0.0588627
0.0163913
0.00531224
0.0027262
0.002562
0.00523044
0
0.00561138
0.00350968
0.00566206
0.00294382
0.00293624
0
0
0.00546612
0.00748398
0.0989626
0.0119903
0.0126164
0.00290203
0
0.0414842
0.0136634
0.0027039
0.00544896
0.00274591
0.0749794
0.00871442
0.00285169
0.0114874
0.0588754
0.00280703
0.0113344
0.168178
0.0053562
0.00539079
0.00247392
0.0219638
0.00863089
0.00540349
0.0409435
0.0204645
1.00426
0.494277
0.704968
0.980819
1.05334
0.00542701
0.00571002
0.00286344
0
0
0.00722517
0.0208478
0.0112924
0.0027226
0.00272284
0.00594986
0.00293433
0.00789926
0.0102106
0.00272337
0
0.00290035
0
0.00511254
0.00287671
0
0.00283448
0.015968
0.00283448
0.0105854
0.00287671
0
0.00295248
0
0.00276236
0.00283448
0
0
0.0226914
0.00716994
0.00816245
0.00275148
0.00511132
0
0.00350982
0.00306474
0.0283043
0.0111487
0.0118978
0.00276236
0.00254931
0
0
0.0219056
0.00855454
0.00449194
0.00310065
0
0
0
0.00521533
0.00380368
0.0325573
0.00891551
0
0.0065147
0
0.00963687
0.00304373
0.00274591
0.00259785
0.00287017
0
0.00848085
0.00261197
0.00709455
0.0107397
0.00276162
0.00260422
0.0082377
0.105759
0.00268175
0.00274591
0
0
0.00287017
0
0.00555569
0.0188002
0.0137104
0.0808649
0.0806377
1.06405
0.632327
0.479905
0.0027226
0
0.00454331
0.0137783
0.00842221
0.0138449
0.00264025
0
0.00505333
0
0
0.00292935
0
0.0037049
0
0.00267531
0
0.00259785
0
0.0391113
0
0.00259024
0.0154331
0.00561055
0.00283448
0
0.0331617
0.014519
0.00254668
0.0029056
0.0029056
0.00730188
0
0
0.00990826
0
0
0.00565709
0.00246994
0.00296449
0.00638693
0.0166819
0
0
0
0.00791511
0
0.0150269
0
0
0
0
0
0
0
0.0054653
0
0.0194539
0
0.00861466
0.00288414
0.00354902
0.0060023
0.00253232
0
0
0.00259785
0.00285004
0.00703804
0.0107002
0.0030522
0.0346546
0.0112089
0.00300261
0
0.00271037
0.00648939
0
0.00703828
0.0323003
0.0176656
0.00592944
0.00270571
0.00277646
0
0.00314839
0.0024626
0.0036702
0.00265965
0.0210677
0.00300177
0.010645
0.00875456
0.00402081
0.00782858
0.00279293
0.00264305
0.00539025
0.00671573
0.00283448
0
0
0
0
0.0290548
0.00281684
0
0.00300177
0.00285407
0
0.00250424
0
0.0227745
0
0.00273935
0
0
0.00275148
0.00530967
0.00294645
0.00338851
0
0.0108677
0.00280108
0.00287017
0.00273935
0
0.00304793
0
0.0117921
0.00276091
0.0119994
0
0.00278231
0.0200001
0
0
0.00282167
0.00595539
0
0.00560181
0.0288647
0
0
0.00263007
0
0
0
0.00301108
0.00727609
0
0
0
0
0.00495165
0.0119786
0.00293581
0.0122612
0.00554038
0
0
0
0
0.00266643
0.00304841
0.00314957
0.0317411
0.0198787
0
0.00283878
0.00268915
0
0.0167928
0.00390591
0.0161818
0.00894315
0.0025309
0
0
0.00279958
0.00297594
0.00247374
0.00447101
0.00273371
0
0
0.0123945
0.00290213
0.00580723
0.0030245
0.00296743
0.00865035
0.00248905
0.0121446
0.00285407
0.00540427
0
0.00459543
0.00304779
0.00245824
0.00754563
0.00248905
0.00603195
0.00283448
0.00542338
0
0.00293433
0.00784624
0.00803663
0.0079438
0.586195
1.02488
0.0172162
0
0.00267888
0.00246994
0.00849288
0.0054868
0.00296929
0.0159259
0.00796637
0.00240732
0
0.00305287
0
0.00298539
0.00784133
0.0309577
0.00922244
0.00711908
0.00471288
0.02699
0.00720306
0.0249444
0.00290213
0.0115183
0.00263485
0.00365483
0.00775713
0
0.00568273
0.0331343
0.00854958
0.00848471
0.035261
0.00283448
0.0230972
0.00570616
0.00461795
0
0.00819202
0.00575577
0.00575577
0.00261004
0.0209171
0.00588
0.0030963
0.00527766
0.0192728
1.01876
0.0107906
0
0.0411012
0
0.00549203
0.00370241
0.0236162
0.00968351
0.0141582
0.00530507
0.00568346
0.00817877
0
0
0.00255001
0
0.0111885
0.0126454
0.00295612
0.00847354
0.00854623
0.0211161
0.0081298
0.00285833
0.0367889
0.00272894
0.023534
0.00246994
0.00283798
0.00523154
0.0165226
0.00265194
0.0110417
0.00544148
0.00516367
0.00852752
0.00569205
0.00251354
0.00820458
0.00332455
0.0112159
0.00852204
0.00274634
0.328807
0.00573078
0.00796312
0.00259082
0.0104958
0.0129705
0.0025845
0.0286292
0
0.0169611
0.0698171
0.00267562
0.00241836
0.0112207
0.0154841
0.0071843
0.00273359
0.0025359
0.0805481
0.00520842
0
0.0320812
0.0267855
0.00259766
0.00505965
0.00293433
0.0186643
0.00872844
0.00271432
0.010611
0.0235526
0.0167154
0.00860612
0.0300539
0.00602606
0.00744301
0.0187651
0.00283068
0.0130153
0.00581105
0.0140202
0.00888392
0.0344183
0.0212018
0.0193659
0.00278123
0.00245878
0.00267562
0.00289326
0.00267562
0.010982
0.0565206
0.00525331
0.0101835
0.00265191
0.0140115
0.00554069
0.00309
0.00540456
0.00537332
0.00513853
0.0312285
0.0053863
0.0504784
0.00747843
0.107741
0.00261559
0.00281364
0
0.00289326
0.00325583
0.0194964
0
0.00261412
0.00276489
0.00534379
0
0.00306961
0.00738977
0.00264673
0.00258066
0.00655082
0.00283798
0
0
0.00366809
0.00738781
0.00284701
0
0
0.878634
0.0618177
0.0053496
0.00268052
0.00328758
0
0.00258051
0.00723555
0.026748
0
0
0.00268052
0.00280886
0.00267888
0.0738781
0
0.0125449
0
0.0079951
0.00818397
0.00531527
0
0.023674
0
0.0140251
0.0169582
0
0.0119496
0.00280886
0
0.00511903
0.00542933
0.00299187
0.0148687
0.00263007
0.0193327
0
0.00292935
0.00277849
0
0.00299187
0.00256916
0.00359905
0.00881249
0.0200118
0.00278361
0
0.00247392
0
0.0218033
0.011092
0
0.00291009
0.00247063
0
0
0.00816933
0
0
0
0.00286172
0.00538234
0.00807666
0
0
0.00246326
0.00294636
0.00256426
0
0.0110503
0.00248791
0.00851783
0.311999
0.0193659
0
0.00298904
0.00267888
0.00731724
0.00271698
0
0
0.00267888
0
0.00419191
0
0
0.00490644
0
0.0112354
0.0173596
0
0
0.00641612
0.00587284
0.00282141
0.00294345
0.00293433
0
0.0216186
0
0.00597998
0.00294189
0.00378495
0.00296714
0.00291091
0.00386997
0.145007
0
0.00299046
0.00371683
0.00832268
0.0028148
0
0.00299187
0.00308622
0.00267722
0.00275848
0
0
0.00590278
0.00288946
0.00747095
0
0
0.00308622
0.00291091
0.0316274
0.0184943
0
0.474006
0
0.00552576
0.00298904
0
0.0190198
0.00269732
0.0442708
0.00291091
0.00298904
0.0235825
0.00357306
0.00537326
0.00410067
0.00279318
0.0058958
0
0.00493284
0.0110349
0.00389732
0
0.00246994
0
0.00643414
0
1
0.00275136
0
0.0204543
0
0.0026386
0.00254683
0
0.00400406
0
0.00272352
0.00251519
0
0.00615101
0.00943187
0.00395933
0.00249957
0.0100458
0.00279143
0.0392268
0.158004
0
0.00353791
0.00263231
0.00246326
0
0.00241513
0.017068
0.00274948
0.00278552
0.0249461
0.00263038
0
0
0.0033486
0
0.00246326
0
0
0.00731952
0.00255224
0
0.00386405
0.0100678
0.00759191
0
0.0732576
0.00420698
0.0024604
0.148063
0.0024604
0
1.06801
0
0.00272278
0
0
0.0243367
0.00553967
0.00521088
0.0105395
0
0.00273246
0
0.00492366
0.970808
0.00254402
0
0
0.0024604
0.477917
0.00254427
0
0
0
0.00277638
0.00258187
0.0031362
0
0
0.0107964
0
0.0537842
0.0029184
0.0123661
0.462761
0.998851
0.0029568
0.0029568
0.0110509
0.00392445
0.00310263
0.0032426
0.338444
0.00295763
0.00257956
0.00262844
0.00262844
0.00361493
0.00262844
0.0110983
0.00262844
0.0207498
0.0187291
0.0026859
0.00848119
0.0109843
0.0212838
0.100966
0.00745255
1
0.00941287
0.00260491
0
0
0
0
0.00253356
0.00300483
0.0129578
0
0.00522692
0.00254806
0.0025101
0.0299238
0.00399551
0.0057184
0.0223762
0.0025101
0.00311739
0
0.00253049
0.00555957
0.00522692
0.140321
0.0035361
0.00273635
0.0025101
1
0.0376335
0.00303966
0
0.0029568
0.00257449
0.041345
0
0.00299258
0
0.0269501
1.03347
1
0.966084
0.518287
0.618416
0
0.00295421
0.00261934
0
0.00257449
0.0106518
0
0
0.00843985
0.00260645
0.00570088
0
0.0091322
0.0225446
0.00301109
0.0538567
0.005763
0.0105646
0.00281724
0.00859852
0
0.00833581
0.0434662
0.0113754
1.00825
1
0.00281724
0
0.0167575
1.00121
0
0
0.00281724
0
0
0.00289007
0.00295421
0.0108448
0.0396043
0.0160241
1
0.00858954
0.00271101
0.0163417
0.00274918
0.00253049
0
0
1
0.519564
0.0222313
0.0500745
1
0
0
0.00352122
0.00255601
0
0
0.00295421
0.0148149
0
0.0135585
0.00295421
0.00315413
0.693207
0.0137051
0
0.00761048
0
0.00903671
0
0.00299384
0.0193516
0
0
0.00632622
0.00251437
0.00262069
0.0490484
1
0.391418
0.0866147
0.996796
1
0
0.00306369
0.0029568
0.0029568
0
0.00262958
0.00307263
0
0
0
0.0405259
0.00271635
0
0.00262074
0
0.0276883
0.015477
0.0266931
0.85052
0.148025
0.63369
0.977407
0
0.00298725
0
0
0
0.00275466
0
0.0138367
0
0.00997235
0
0
0.00267032
0
0.00309131
0.0838603
0
0
0.0029317
0.0299171
0
0.00361493
0.0026101
0.00502326
0.00822449
0.277891
0.521667
0.029568
1
0.00308301
0.0177408
0.00292877
0.0029568
0.0301567
0.004032
0
1.01361
0.187931
0.0029568
0
0.0056493
0.0029568
0.00285452
0
0.003106
0.0179502
0.00300237
0.00533603
0.00551472
0.00612813
0.00296589
0.00853805
0.0327247
0.00776039
0.00997235
1
0
0.00305795
0
0.00269447
0.00274066
0
0
0
0.00256917
0.982247
1.00753
0
0.0139226
0.00279737
0.00648906
0
0.0813495
0
0
0.0779417
0.00258646
0.0110501
0
0.00500395
0.185315
0.377056
0
0.0071914
0
0.390379
0.0140755
0.00246572
0.0313011
0.00266123
0.0360679
0.00304239
0.00997962
0.00266123
0.00362895
0.107398
0.00266123
0.0224523
0.00547699
0.0380507
0.00561532
0.0025871
0.00283889
0.502112
0.0759368
0.00273252
0.00248796
0.0431164
0.279278
0.00252085
0.00904491
0.00261654
