0.0110554
0
0
0
0
0.0272145
0.0186705
0.00934855
0
0.0361467
0.0158115
0
0
0.0104775
0.100628
0.0461236
0.0424174
0.0103196
0.0148479
0.0421649
0
0.0196557
0.00665174
0.0134786
0.00909451
0.0117124
0.0166267
0.0354039
0.0324066
0
0
0.027182
0
0.0109664
0.0705337
0.0116603
0
0
0.0364405
0.0130338
0.0110408
0.0200095
0.057628
0.0760038
0.0289453
0.0109758
0.0148479
0.00940372
0.0437394
0.0542546
0.00756296
0.00771639
0.0152913
0.0278953
0
0
0.0993193
0.0127679
0.00940614
0.0665919
0.00728277
0
0.036626
0.00905257
0.027106
0.0100225
0.104395
0.0116603
0.0200142
0.00717733
0.0192104
0.0498731
0
0.0110408
0.0315881
0.0756876
0.0624569
0
0
0.013898
0.0749082
0.0345989
0.00756296
0.0138644
0.0334139
0
0
0.181333
0.0127196
0.00940614
0.137099
0.023021
0.00885688
0
0.0186386
0
0
0.155834
0
0.0100385
0
0
0.0498731
0
0.0110408
0.0218857
0.0388139
0
0.0624569
0.0123839
0.0103194
0.013898
0
0.0895665
0.0163763
0.00756296
0.014105
0.0334139
0.0141159
0
0.025056
0.163929
0
0
0.11852
0.0150277
0.00885688
0.00837703
0
0.03086
0.174002
0
0.0116696
0
0.042227
0.0124571
0.0315462
0.0103071
0.0597884
0
0.0783518
0.0123839
0
0.013898
0
0.0750327
0.0346402
0.014865
0
0.0643553
0
0.00708091
0
0.025056
0.163929
0
0
0.102793
0.0077449
0.00885688
0.00938563
0.0175306
0
0.174002
0
0.0300114
0
0
0.028762
0.039005
0.0209114
0.0104775
0
0
0.0461987
0.0123839
0.013898
0
0.0609609
0.0171756
0.022184
0.0138644
0.0643553
0.022231
0
0
0.179124
0
0.00906559
0.10079
0.0474059
0.0266724
0.0183681
0
0.00969364
0.104453
0.0117524
0.00967276
0
0
0.0215254
0.039005
0.0209114
0.019846
0
0.0160627
0.0248459
0.0098662
0.0214279
0
0.0766791
0.0183044
0.022184
0.00654909
0.0643553
0.022231
0
0
0.213145
0
0.00906559
0.0840799
0.032591
0
0.00837703
0.0191504
0.0127469
0
0.104453
0.0476635
0.0201668
0
0
0.0068568
0.0138837
0.0209114
0
0.0388566
0.0263598
0.0297355
0.012462
0
0.00699868
0
0.0909222
0.0363878
0.0291148
0.00654909
0.0643553
0.0281032
0
0.181149
0.00906559
0.0498144
0.0544111
0.0162438
0.0309108
0
0.104453
0.0359111
0
0
0.00980416
0.0068568
0.0500015
0.0308304
0.0306742
0.0363288
0
0.0136108
0
0.0098662
0.0147033
0
0.119961
0.0183044
0.0295002
0.00654909
0.113086
0.00861527
0.040278
0
0.0348004
0.212774
0.0127486
0.0254087
0.0495678
0.0226626
0
0.0409998
0.0295337
0.0431805
0.00984161
0.102534
0.0479197
0.00971456
0.0234451
0.00980416
0.0293939
0.106948
0.0197896
0.0293961
0
0.0255227
0.0274223
0
0.0304597
0
0.0206885
0.147281
0.0182981
0.0421926
0.0131524
0.0163344
0.0176492
0.0552697
0.00723077
0.0356798
0.188268
0.0123058
0.0239501
0.0493621
0.0446965
0.0238862
0.0489817
0.0278188
0.0392421
0.168205
0.0345523
0.0314083
0.0223238
0.00966722
0.131676
0.106708
0.00974619
0.0298672
0
0
0
0
0
0
0.117018
0.0678828
0.03622
0.0335076
0
0.0388613
0
0.0119245
0.28155
0.0258628
0
0.128825
0.0447597
0.0151977
0.114366
0.0454131
0
0
0.131142
0.0235777
0.0212227
0.0522961
0.00975788
0.455128
0.142611
0
0.030491
0.036653
0.0127059
0
0.0106354
0.00716049
0.0868194
0.017047
0.013256
0.0602195
0
0
0.0389192
0
0.0115875
0.186538
0.0128303
0.0238364
0.162014
0.0674309
0
0.090649
0.0709147
0.0130741
0.0978336
0.0114606
0.00997564
0.0296399
0
0.90392
0.178629
0.00940696
0.0196561
0.0738307
0
0.0146436
0.0122461
0
0.0211389
0
0.20423
0
0.047684
0.0329549
0.0156637
0.00868907
0.0661506
0.00704007
0.0242412
0.203297
0
0.0240952
0.162251
0.119918
0.0152869
0.0904965
0.116423
0.0537445
0.00989914
0.114848
0.0114606
0.0101692
0.0671229
0
1.00005
0.19299
0.0196363
0.0197031
0.145543
0.0395039
0.0422183
0
0.0100479
0.034705
0.0196935
0.305055
0.0522879
0.102539
0.0674178
0.046491
0.00934538
0.0451595
0.00720554
0.036225
0.328075
0
0.0159693
0.212146
0.103951
0.0076396
0.13105
0.172023
0.0540135
0.00982042
0.130853
0.0114606
0.0101692
0.118904
0.0185997
0.864496
0.144939
0.0495276
0.0389943
0.183456
0.0257052
0.0555252
0.0120589
0.0203097
0.0282791
0.0202461
0.262832
0.0515912
0.130011
0.114721
0.0930798
0.0274671
0.0713932
0.0148639
0.0477802
0.374138
0.0247117
0.0490249
0.19374
0.118918
0.0230723
0.156036
0.16338
0.0782994
0.0581052
0.132737
0.0685611
0.0205627
0.104479
0.0759344
0.260976
0.192912
0.0489475
0.0704501
0.14607
0.0134084
0.109444
0.0124525
0.0404751
0.0214556
0.0492659
0.160981
0.0514317
0.12996
0.121234
0.187073
0.0182682
0.0587001
0.0442765
0.0238668
0.388993
0.037662
0.0483909
0.17752
0.103288
0.0232178
0.156523
0.127411
0.0792885
0
0.0489751
0.0355142
0.0298028
0.059105
0.105826
0.130916
0.205236
0.0390541
0.0300374
0.109517
0.0134084
0.069799
0.0123183
0.0305798
0.0139164
0.155115
0.131479
0.0673313
0.123575
0.100507
0.282626
0.0182133
0.0724378
0.0367334
0.0358043
0.29576
0.0509137
0.0571094
0.177574
0.0666855
0.0383601
0.188708
0.0919956
0.0928295
0.0100221
0.0656939
0.0114536
0.0810916
0.0150147
0.0863496
0.0892852
0.168608
0.0307336
0.0199847
0.0121625
0.0974137
0.0375818
0.0714992
0.0281216
0.195121
0.147975
0.0165103
0.0822191
0.11443
0.441887
0.00880276
0.0667689
0.036685
0.0236162
0.236155
0.0124638
0.039651
0.081766
0.0593561
0.0381476
0.173027
0.00895428
0.0780353
0.00950493
0.049222
0.0587952
0.0506496
0.0222016
0.0285077
0.069237
0.145057
0.0198714
0.0208815
0.0373038
0.0389307
0.0561826
0.0247089
0.0613125
0.00735127
0.176605
0.189336
0.0175086
0.0753611
0.11433
0.442574
0.0442544
0.0400895
0.0293533
0.0485799
0.141498
0.0131706
0.00785489
0.0656292
0.0369244
0.0379002
0.18245
0.00894265
0.0655974
0.047933
0.0669985
0.0340474
0.0608525
0
0.0488583
0.0341373
0.210268
0.0798811
0.0100101
0.0178313
0.0269908
0.0420467
0.039168
0.122369
0.00741475
0.145103
0.104038
0.0175086
0.0824276
0.10907
0.142543
0.0366415
0.0470692
0.0439236
0.0596782
0.221205
0.0259664
0.0258392
0.084454
0.0221345
0.0232854
0.198037
0.0571197
0.066363
0
0.0166863
0.046365
0.0501595
0.00826841
0.0392103
0.0275257
0.249952
0.0300612
0
0.0579602
0.0504499
0.0572873
0.0792682
0.0503742
0.021572
0.167652
0.0747134
0
0.0492564
0.0893599
0.265699
0.0374044
0.0265024
0.0303267
0
0.25535
0.0770604
0.0423747
0.117095
0.0525367
0.0155608
0.103484
0.0370731
0.0417568
0.0194482
0.0170565
0.0234004
0.104415
0
0.0484789
0.0348418
0.227817
0.0502284
0.0608216
0.0781067
0.0633271
0.0583055
0.093564
0.0627463
0.0215749
0.153737
0.105992
0.0342859
0.0579857
0.0279393
0.325419
0.0199526
0.0137016
0.0385412
0.0374968
0.32073
0.0264041
0.0088963
0.117724
0.0305893
0.0154172
0.0883036
0.0383544
0.070474
0.0622422
0
0.0243324
0.0333776
0.00799258
0.0394035
0.0797619
0.163903
0.0397596
0.0725364
0.249295
0
0.0441148
0.118706
0.0629897
0.192344
0.0624761
0.0521371
0.0425252
0.0287537
0.264678
0.0199526
0.0352647
0.0399651
0.0268547
0.255036
0.0532469
0.00896533
0.202271
0.0147291
0.00796661
0.0792292
0.0391004
0.0676667
0.10389
0.0165022
0.025006
0.0765891
0.0300281
0.0601043
0.044432
0.137648
0.041778
0.0745433
0.206994
0.0128474
0.0433652
0.0907176
0.0939859
0.0230684
0.235152
0.0631367
0.0169823
0.0488458
0.0201664
0.164801
0.0298736
0.0352232
0.0158042
0
0.157923
0.054544
0.0172006
0.218775
0.0228353
0.0236839
0.0971587
0.0102835
0.0403463
0.147383
0
0.0864087
0.108056
0.0300025
0.079485
0.0292098
0.152126
0.0202755
0.0429269
0.227876
0.0128474
0.0280571
0.117533
0.0734786
0.0145047
0.22332
0.0642065
0.0709069
0.0421971
0.0134519
0.131418
0.0294006
0.0352232
0.0239744
0.0248083
0.160597
0.0530253
0
0.187562
0.0153127
0.0318177
0.111801
0.0185174
0.0549698
0.157764
0
0.0607776
0.118407
0.0234458
0.109923
0.0439835
0.238323
0.0325318
0.00987999
0.189677
0.0264383
0.0586833
0.158266
0.0639108
0.014344
0.193091
0
0.0390212
0.0279902
0.01327
0.0815421
0.00909359
0.0273695
0.0379619
0.0260969
0.19321
0.0536452
0
0.219715
0.0235163
0.0161188
0.139296
0
0.0940843
0.156041
0
0.0366552
0.10824
0.0238761
0.161611
0.0295086
0.201859
0.0205143
0.0106598
0.192666
0.0132769
0.0438696
0.157777
0.052982
0.00687261
0.183093
0
0.0879925
0.0289147
0
0.0662024
0
0.0203039
0.0080896
0.0260002
0.111346
0.0939078
0.0170024
0.207245
0.00745962
0.0241767
0.154188
0
0.067525
0.154406
0.0188687
0
0.0869656
0.0320964
0.205005
0.0225169
0.129277
0.0202822
0.0109418
0.169003
0.0533626
0.040874
0.106543
0.0226523
0
0.124505
0
0.0349266
0.0438699
0
0.0331063
0
0.0213466
0
0.0260002
0.0976936
0.0668988
0.0174925
0.103246
0.00750901
0.0161148
0.128743
0
0.0269458
0.153582
0
0
0.107897
0.0306532
0.134344
0.0297752
0.128796
0.0202822
0.0534874
0.111147
0.0533422
0.0274627
0.0136082
0.0105747
0
0.0537736
0
0.0349266
0.0578767
0
0.0176531
0
0.0142957
0.00785985
0
0.0311501
0.0257933
0
0.122496
0.00828274
0.0242709
0.127921
0.00999861
0.0132079
0.133454
0
0.0115853
0.107254
0.0233393
0.112224
0.00774885
0.0525024
0.0205593
0.0422516
0.0929206
0.0127397
0.0425482
0
0.00751397
0.0321822
0
0.0172585
0.0136933
0
0.0285955
0
0.0155631
0.0124925
0.0154971
0
0
0.0844898
0.0157643
0.0169818
0.0601997
0.0284622
0
0.072202
0.022745
0.106828
0.0315372
0.0511299
0.0150215
0.0258614
0
0
0.0188921
0.0127397
0
0
0
0.0172585
0.00697971
0.00730985
0
0
0.00739569
0.0124925
0
0
0
0.050161
0.00716533
0.00861926
0.0337643
0
0
0.0247794
0.00983468
0.0304226
0.0188162
0.0132974
0.0136776
0.0131207
0.0204697
0.00672137
0.0098479
0.0151549
0
0.0270368
0.00667252
0.0309137
0.00889924
0
0
0.037139
0.0316022
0.0388411
0.0331108
0
0.0227703
0
0.0419251
0.018226
0.0264489
0.0294785
0
0
0.0302849
0
0.0187449
0.00722015
0.0487773
0.0102236
0.0302604
0
0.0260653
0.014291
0.114667
0.0721599
0
0.0199003
0.0439856
0
0.0474319
0
0.0163237
0.0454414
0
0.0146785
0.133131
0.0154614
0.0647745
0.0324632
0.0323158
0.0376431
0.0232673
0.10801
0.0454148
0.079559
0.0294994
0.0859592
0.0354625
0.0609469
0
0.113237
0.0207791
0.0125423
0.0600085
0.052346
0.0183527
0.0131205
0.0284918
0.153081
0.051909
0.0361873
0.0596583
0.0289904
0.0514016
0.0759649
0.0418376
0.0651869
0.0627386
0
0.0534896
0.169318
0
0.103796
0.0663701
0.0836326
0.0451188
0.0542148
0.116288
0.0652611
0.0266957
0.0794175
0.0521296
0.0488474
0.132718
0.0221298
0.537322
0.0344394
0.074778
0.0697239
0.0920144
0.0366988
0.0262477
0.0405867
0.204326
0.124777
0.013798
0.218944
0.0289904
0.0702031
0.0343637
0.0407568
0.0637433
0.109145
0.00658095
0.0228628
0.219639
0.0312647
0.116778
0.0973504
0.131059
0.0305307
0.0377787
0.176552
0.0740116
0.107594
0.0882051
0.0356827
0.0239372
0.153731
0.0232197
1.01285
0.0488259
0.113352
0.0881385
0.132252
0.0369471
0.062325
0.0572669
0.169443
0.113924
0.0146976
0.179008
0.0155826
0.141292
0.0349555
0.0406078
0.0653542
0.137482
0.0333478
0.052895
0.257502
0.0324215
0.128525
0.246611
0.0331573
0.0313413
0.109411
0.283648
0.0942077
0.0531802
0.138746
0.0855486
0.0830943
0.216866
0.0448253
0.996714
0.0275073
0.177448
0.0601857
0.227209
0.0364888
0.0376399
0.0832995
0.12817
0.143979
0.0138871
0.179369
0.10564
0.210531
0.0354691
0.0138962
0.0961907
0.174963
0.0210235
0.0520583
0.231745
0.046995
0.207157
0.255844
0.0978606
0.068425
0.135432
0.342709
0.0755968
0.108255
0.15871
0.135924
0.0599448
0.341828
0.0676398
0.779518
0.063501
0.151862
0.0596524
0.268101
0.0377267
0.104271
0.114837
0.26008
0.290038
0.0142277
0.139256
0.0737957
0.279248
0.142408
0.0341634
0.127993
0.157023
0.0200889
0.0460164
0.304982
0.0320845
0.206891
0.115092
0.134094
0.0606649
0.104383
0.333451
0.0840995
0.131476
0.150388
0.14009
0.0598386
0.392917
0.0742456
0.693882
0.0776849
0.10114
0.0706489
0.247868
0.0770751
0.0656684
0.0714161
0.25924
0.154848
0
0.118247
0.146207
0.244152
0.148971
0.0210486
0.0652074
0.157665
0.048352
0.06089
0.387109
0.110739
0.284535
0.173633
0.0638416
0.0684048
0.126092
0.224963
0.111382
0.119737
0.310969
0.140829
0.107388
0.24731
0.0526435
0.194002
0.050233
0.0767148
0.0294901
0.177728
0.0386963
0.157129
0.0134079
0.246663
0.0618866
0.0140149
0.109718
0.073475
0.349176
0.121159
0.0485855
0.0977022
0.164633
0.0132878
0.04617
0.351517
0.0961914
0.331052
0.189726
0.0642495
0.0536761
0.141974
0.185074
0.103817
0.120214
0.309626
0.149891
0.0718488
0.302477
0.0681677
0.19919
0.0632363
0.0641135
0.0211509
0.209779
0.017806
0.0906135
0.0280904
0.198314
0.0207444
0.0356852
0.139674
0.0877866
0.385567
0.058206
0.0287298
0.0667479
0.118542
0.0137724
0.0153495
0.305059
0.0968008
0.449339
0.159189
0.168125
0.045869
0.0642019
0.150018
0.0561188
0.119793
0.310161
0.101057
0.0587489
0.260465
0.0454071
0.148338
0.0358736
0.0613619
0.0106667
0.178326
0
0.0510569
0.0142062
0.131719
0.0104757
0.0865888
0.121235
0.118849
0.283812
0.0502833
0.0487236
0.0509641
0.0645409
0.026888
0.022734
0.341674
0.0153348
0.386748
0.142249
0.182973
0.0228401
0.128283
0.0742919
0.093537
0.0668244
0.298891
0.0687737
0.0239001
0.0948167
0.022216
0.0677862
0.0570529
0
0.0506445
0.116052
0.0195834
0.0265537
0
0.0917761
0.0214341
0.0143105
0.0614161
0.0749502
0.336264
0.0361427
0.0205312
0.0326252
0.0645409
0.013605
0.00797443
0.464281
0.016651
0.195563
0.0926655
0.131646
0.023421
0.0878663
0.0847277
0.055961
0
0.249468
0.0842633
0.0240171
0.114862
0.0221159
0.0483886
0.0147371
0
0.01027
0.10561
0
0.0254717
0.0151423
0.0655035
0
0.0441353
0.0204671
0
0.317096
0.0216208
0.00693986
0.0960881
0.0185926
0.00683965
0.0158776
0.292793
0.0811289
0.0533634
0.092287
0.0660441
0.00787041
0.0164114
0.0332599
0.0180064
0.0141432
0.130932
0.0498083
0
0.0828995
0.0315798
0.0379112
0.00729398
0.0361539
0
0.0307928
0.0575786
0
0.0147054
0.0390912
0.0103964
0.0290237
0.0205331
0
0.159833
0
0
0.0323844
0
0
0
0.0488143
0.0163214
0.0403996
0
0.0501345
0.00754655
0
0.0246858
0
0.0826254
0.019771
0.0163327
0.0120656
0.0519405
0.0386271
0.00930789
0.0217979
0.0121729
0.0103405
0.0120799
0
0
0
0.00936042
0
0
0
0
0
0.00649393
0
0.0247285
0
0.0174182
0.00763161
0
0
0.00869429
0.013256
0
0.0239263
0.0102438
0
0
0
