0.321472
1
0.00308679
0.345919
0.00337923
1
0.0073271
0.0201387
0.0073264
0.0204793
0.651803
0.0158792
0.998818
0.0447918
0.0135582
0.00279715
0.0311012
0.481228
0.0107217
0.00627477
0.983126
0.0171703
0.00304226
0.0287312
0.0137882
0.00574702
0.0183843
0.00559061
0.00885457
0.0551684
0.00579601
0.00574702
0.00551529
0.00563046
0.00551529
0.00551529
0.00575491
0.0632643
0.0281957
0.0026783
0.0225257
0.00549329
0.503668
0.00276343
0.00288431
0.00273475
0.00855907
0.00585499
0.0056477
0.00884991
0.0056477
0.0261773
0.0211789
0.0056477
0.0371084
0.0056477
0.00570453
0.00530888
0.00276421
0.0131066
0.0410163
0.00263276
0.00758583
0.00252861
0.0025279
0.00252861
0.00252861
0.00263285
0.00252861
0.00252861
0.00263285
0.370405
0.00689621
0.0498751
0.66367
0.00277094
0.0055173
0.00572802
0.249324
0.0260529
0.00521456
0.233161
0.335925
1.01265
0.321917
1
0.00686448
0.0188671
0.00686383
0.0108038
0.577921
0.008377
1
0.0466637
0.0127021
0.00262055
0.0376731
0.737832
0.00539129
0.0058786
0.98785
0.049995
0.00855228
0.0548263
0.00622968
0.00259657
0.00830624
0.0025259
0.0170395
0.0249257
0.0111537
0.00259657
0.00249187
0.0025439
0.00249187
0.00249187
0.00260013
0.0630308
0.00258072
0.00269723
0.0219627
0.0453748
0.00258072
0.00645179
0.0479127
0.00310954
0.0105874
0.00259578
0.0143816
0.508475
0.00800899
0.0237663
0.0083006
0.00800673
0.0125465
0.00800673
0.018973
0.00281523
0.00800673
0.0173026
0.0080873
0.0138988
0.00403384
0.00579225
0.0324556
0.0108185
0.00556155
0.0108185
0.00556312
0.00532622
0.00579246
0.00556312
0.00556312
0.0112645
0.00550047
0.00525543
0.0225233
0.00532622
0.0208617
0.00378715
0.00503823
0.154808
0.0100275
0.00276878
0.00549137
0.0332773
0.697284
0.00278151
0.00254994
0.00270447
0.00297002
0.00280776
0.00381999
0.365469
0.00296918
0.0181783
0.00297002
0.00297002
0.00990006
0.00297002
0.00302686
0.00297002
0.0029672
0.00297002
0.162857
0.340778
0.987863
0.00311341
0.369703
1
0.0147202
0.0404587
0.0147188
0.452395
0.00251903
1
0.0272385
0.0056195
0.0299373
0.773017
0.0107112
0.0126061
0.996171
0.0143067
0.00253488
0.0289618
0.00747727
0.00311657
0.00996969
0.00303175
0.017717
0.0299175
0.0115971
0.00311657
0.00299091
0.00305336
0.00299091
0.00299091
0.00312085
0.0997834
0.00271165
0.00283408
0.0700948
0.00271165
0.00677913
0.0163555
0.00272748
0.00283408
0.487682
0.00291163
0.0163836
0.00288142
0.0486177
0.0199995
0.0192915
0.0302296
0.0192915
0.0219023
0.0211787
0.00260379
0.0192915
0.0167623
0.00564766
0.0194856
0.00273894
0.00291246
0.0432161
0.00423687
0.00305533
0.0088034
0.00293447
0.00293364
0.00293447
0.00293447
0.00305544
0.00293447
0.00293447
0.00305544
0.0110043
0.00350271
0.378325
0.00279849
0.755128
0.0149175
0.00549162
0.00570136
0.177851
0.0483942
0.259075
0.279481
1
0.371329
1
0.0066433
0.0182592
0.00664266
0.435079
0.998497
0.0122929
0.00253611
0.0179586
0.996976
0.00274642
0.00568918
0.978879
0.0152352
0.00272454
0.00522627
0.0968888
0.0130779
0.00545093
0.0174372
0.00530258
0.026309
0.0523262
0.0172213
0.00545093
0.00523115
0.00534038
0.00523115
0.00523115
0.00545842
0.175995
0.0105853
0.00246989
0.313852
0.00530733
0.00269784
0.00809352
0.00266909
0.0157493
0.00281552
0.00269784
0.00550057
0.00530583
0.0125417
0.00530583
0.00279645
0.0329168
0.0106348
0.00552517
0.00530583
0.025192
0.00283594
0.00535922
0.00279855
0.00269784
0.0400315
0.00282342
0.0154582
0.00515275
0.00515275
0.00522216
0.00536516
0.00539299
0.00515275
0.0220832
0.00522216
0.00359315
0.00493979
0.156153
0.00710571
0.916352
0.0139849
0.00260368
0.00270312
0.134535
0.0535888
0.002512
0.281555
0.351463
0.977787
0.264916
1
0.64792
1
0.00574488
0.776596
0.994223
0.00255681
0.0155079
0.0206379
0.0135091
0.105691
0.00724719
0.0363558
0.00565762
0.00300519
0.00848301
0.488887
0.016471
0.048877
0.0170707
0.0164664
0.0258027
0.0164664
0.0188954
0.0299376
0.0164664
0.0172413
0.00798335
0.0166321
0.00273788
0.0325922
0.00796056
0.00262883
0.00796056
0.00300535
0.00262957
0.00540281
0.00273797
0.00262957
0.00262957
0.0113119
0.00557955
0.00533099
0.00265013
0.0228471
0.00540281
0.00960125
0.00268188
0.00511067
0.0510661
0.00502354
0.00685221
0.00502496
0.00502496
0.00502637
0.00524058
0.00502496
0.00502496
0.00502496
0.0248483
0.00502496
0.00502496
0.00520308
0.00502496
0.00510096
0.00502496
0.00502496
0.0141696
0.00767014
0.00793414
0.883418
0.00865967
0.00899041
0.0122951
0.154261
0.130588
