0.0128169
0.0128169
0.0128169
0.0623584
0.00817974
0.0101185
0.0623584
0.0709129
0.0131448
0.0214444
0.0124061
0.0735734
0.018367
0.0655241
0.012825
0
0.300947
0.0114898
0.0416072
0.0501648
0.0246744
0.0109742
0
0.0246064
0.0172949
0.0363567
0
0.112963
0.0127681
0.0393458
0.544502
0.0111768
0.00710002
0.0362445
0.0124061
0.00872874
0.018367
0.133
0.0127681
0
0.333104
0.00736461
0.0115168
0.0124061
0.0175011
0.0403126
0.0482626
0.00736461
0.0175011
0.0402653
0.0243279
0.0282923
0.0211141
0.0424975
0.124318
0.0257628
0.0110258
0.0140078
0.0387087
0.157929
0.00760852
0.00834682
0.0319009
0.00699905
0.232712
0.0511474
0.0110258
0.00854408
0.169265
0.334825
0.0150894
0.00873699
0.0101812
0.00678798
0.202981
0.0511474
0.0106996
0.0117641
0.00854408
0.178388
0.417182
0.0150894
0.00672469
0
0.195809
0.0144035
0.0765829
0.017247
0.138559
0.5179
0.0150894
0.00848324
0.134734
0.0513763
0.0256073
0.138237
0.743722
0.00748091
0.012395
0.0365229
0.0254389
0.017247
0.0365252
0.962451
0.00748091
0.00891642
0.0958607
0.0183882
0.0376134
0.0571088
0.0145938
0.0224574
0.0258787
0.07841
0
0.949236
0
0
0.0225123
0.0224574
0
0.063724
0.107884
0
0.992862
0.00817445
0.0404706
0.0507713
0.0294252
0.024078
0.091041
0.0867835
0.00773858
0.0216562
0.0445022
0
0.231354
0.057967
0
1.02921
0.0156238
0.048982
0
0.307906
0.0301603
0.0495631
0.0120265
0.122196
0.161089
0
0
0.072664
0.0182958
0.596115
0.102539
0.0267174
0.0179627
0.999988
0.0233091
0.0407181
0
0.0165151
0.00844927
0.307195
0.0301603
0.0871327
0.0118281
0.0113686
0.236327
0
0.28324
0
0.0207422
0.0106121
0.0856818
0.0182958
0.507336
0.129415
0.0554556
0.0266385
1.01319
0.00744933
0.0486668
0
0.00844927
0.188074
0.0414873
0.08766
0.0113686
0.214721
0
0
0.204794
0.0207422
0.0207565
0.0427268
0
0.451818
0.109397
0.0128459
0.0337826
0.956455
0.0408475
0.0248726
0.0182809
0.00844927
0.0247832
0.00221568
0.0155289
0.0248729
0.0113686
0.09168
0
0.0632602
0.0207422
0.0207565
0.0130559
0.191274
0.0186428
0.0635749
0.183693
0.0234713
0.0182809
0.0152906
0.0107446
0.023017
0.0106121
0.0131656
0
0.016203
0
