1.03731
0.241753
1
0.52918
0.453298
0.233442
1
4.50066e-05
1.00504
1.00419
0.00317664
0.00288371
0.982485
0.011752
0.00252031
0.00854947
0.0616414
0.32536
0.0143892
0.00262815
0.0180593
0.00569928
0.00287242
0.00241991
0.0027055
0.00274529
0.0288585
0.00583926
0.017538
0.00229833
0.0108013
0.00295949
0.00608019
0.00805008
0.00290452
0
0.0141196
0.00269867
0.00274529
0.0280256
0.0180593
0.0027211
0.0319206
0.995428
0.0370232
0.00492484
0.00274078
0.00271239
0.00265177
0.0250514
0.0486949
1.0029
0.00534144
0.00257296
0.0267624
0.00449403
0.00555184
0.0306949
0.00303946
0.0215215
0.00304819
0
0.00267191
0.0553864
0.0820769
0.0027379
0.0087426
0.00579173
0.0025321
0
0.00273367
0.002641
0.0715391
0.0371095
0.670604
0.00324087
0.00303225
0.00287994
0.00289256
0.0028978
0.00294021
0.00287067
0.00563208
0.002616
0.00510077
0.00307256
0.0906163
0.00287744
0.00265082
0.0890571
1.11738
0.0112612
0.00275569
0
0.00288225
0.00590852
0.994709
0.00283433
0.00284783
0.00298489
0.00277962
0.00290461
0.00279721
0.043988
0.00853705
0.0431237
0.0535464
0.00314607
0
0.537747
0.00897968
0
0
0.0569995
0.0291898
0.034063
0.0312239
0.00291696
0.00258098
0.0804542
0.00286016
0.00296716
0.00553379
0.00441012
0.00273261
0.0148147
0.00277924
0.0163836
0.0159368
0.0163064
0.0245759
0.00398564
0.00556236
0.521893
0.0118065
0.00277117
0.0115539
0.0145969
0.996154
0.00571531
0.0175081
1.0067
0.00615578
0.0109998
0.00282136
0.314266
1.0017
0.00303929
0.0312753
1
0.00895814
0.00273589
0.0407041
1
0.996678
0.00858985
0.0870355
0.436308
0.00292129
0.0732104
0.00284873
0.998354
0.0333125
0.997593
0.00573061
0.0285339
0.411595
0.988834
1
0.00311412
0.00301099
0.00529659
0.0346502
0.043893
0.00281139
0.00306785
0.0117184
0.0588884
0.00555563
0.00869682
0.00299169
0.00293449
0.0173024
0.377939
0.970689
0.00280099
0.00269938
0.0108651
1.01528
1.0081
0.00288562
0.00284538
1
0.00296561
0.584929
0.0113143
0.0363647
0.0345809
0.0026033
0.0352652
0.00263406
0
0
0.0338896
0.00531794
0.0363647
0.00880553
0.0700143
0.563305
0.00252977
0.00286329
0.00263406
0.0026049
0.0055616
0.972646
0
0.00269051
0
0.033371
0.0025143
0
0.0381652
0.00312653
0.00289998
0.00798333
0.00403197
0.00552978
0.00274625
0.00303849
0.00271666
0.0359999
0.00312653
0
0.00278971
0.028652
0
0
0
0.0441252
0.0319288
0
0.999934
0.00861899
0.0329867
0.00558135
0.00301956
0.0373881
0.00306401
0.581983
0.0031207
0
0.00882523
0.00292729
0.00607682
0.0031207
0.157462
0.00921417
0.00294253
0.211009
0.00282501
1.04063
0.933204
1.00478
1
0.404557
0.00858223
0.00871096
0.00257904
0.00261254
0.076194
0.0771836
0.73156
0.00569405
0.00576235
0.731493
0.752396
0.0172589
0.0121247
0.0342224
0.00564252
0.00281422
0.0308455
0.00571144
0.00819267
0.283261
1.05724
0.998424
0.654774
