0.00279936
0.0358338
0.00817317
0
0.108862
0.00719925
0.254302
0
0.285012
0.0892045
0.00719925
0.216675
0
0.0266612
0.218606
0.108501
0.00719925
0.233575
0
0.0266612
0.204322
0.108501
0.00719925
0.418833
0
0.0266612
0.254597
0.205207
0.00719925
0.252455
0.0266612
0.254597
0.292978
0.0575758
0.169589
0.0266612
0.209962
0.55363
0.0575758
0.163019
0.0266612
0.0145706
0.174301
0.0391908
0.04862
0.0538755
0.0145706
0.125718
0.0391908
0.04862
0.278383
0.0145706
0.125718
0.0391908
0.04862
0.399029
0.0145706
0.145201
0.0391908
0.0151004
0.399029
0.0145706
0.145201
0.0391908
0.399029
0.0145706
0.192292
0.0391908
0.0669817
0.399029
0.105602
0.399029
0.00784712
0.399029
0.399029
0.399029
0.0747254
0.0887597
0.0198257
0.00824753
0.064567
0.440866
0.0198257
0.0825471
0.0659056
0.333201
0.0198257
0.117949
0.0659056
0.282419
0.0198257
0.126865
0.0659056
0.269629
0.0198257
0.145625
0.0327882
0.269629
0.0547028
0.16395
0.0329898
0.219316
0.0547028
0.227407
0.143805
0.0363883
0.0382472
0.0563668
0.254324
0.0264596
0.254324
0.254324
0.00989713
0.254324
0.0130502
0.254324
0.254324
0.254324
0.254324
0.254324
0.0767196
0.00928855
