0.0181656
0.00737917
0.0181656
0.00737917
0.0150093
0.0252915
0.0377457
0.0252915
0.228112
0.0447885
0.0137735
0.401695
0
0.0129629
0.162377
0
0.00934756
0.0177316
0.0185532
0.0122117
0.0451632
0.00996336
0
0.020933
0.00738244
0.00690778
0.670762
0.0110712
0.00788364
0.243251
0.0266246
0.0122117
0.0564151
0
0.0103453
0.0959122
0.449091
0.11523
0.0266246
0.0122117
0.0679388
0
0.0948634
0.323936
0.230839
0.0266246
0.0122117
0.0997192
0
0.147905
0.15922
0.00854718
0.595726
0.0543146
0.047292
0.00782491
0.0757363
0.00854718
0.213485
0.0216861
0.0340438
0.0680973
0.00854718
0.171219
0.0219071
0.0475448
0.00714277
0.0383157
0.00854718
0.276818
0.0096071
0.0317929
0.0332796
0.0339693
0.0217932
0.0151798
0
0.090499
0.451704
0.0213399
0.0398715
0.098148
0.0450081
0.0423395
0.0756861
0.00767042
0
0.078756
0.0091117
0.686452
0.0424656
0.116211
0.0807274
0.00887255
0.0355449
0.0910439
0.0839541
0.0164108
0.0340984
0.0182292
0.0125146
0.540086
0.0424656
0.106202
0.0807274
0.00887255
0.0473751
0.0103601
0.0170353
0.149404
0.122508
0.00796199
0.0232307
0.0125146
0.527104
0.0424656
0.107513
0.00980078
0.0807274
0.00887255
0.0473751
0.0203592
0.0170353
0.0126035
0.0782968
0.205592
0.00796199
0.0181497
0.0125146
0.232364
0.0424656
0.0397439
0.0807274
0.00887255
0.0119836
0.0516414
0.0126035
0.0849983
0.414525
0.0485667
0.0125146
0.19731
0.0424656
0.0200227
0.0807274
0.00887255
0.0119836
0.0516414
0.0494721
0.00803411
0.382383
0.0408069
0.0239385
0
0.0124441
0.0953545
0.146562
0.0321459
0.011085
0.00774522
0.011085
0.011085
0.0121534
0.468992
0.0749969
0.0121534
0.528284
0.0440854
0.0199236
0.00990085
0.0638289
0.0164447
0.0110133
0.0167833
0.200021
0.0141226
0
0.559981
0.0160589
0.103146
0.342625
0.0199236
0.00997174
0.00930222
0
0.443356
0.0343977
0.0334187
0.0410464
0.0332141
0.504529
0.0923296
0
0.570394
0.0235479
0.00994856
0.145145
0
0
0.0155866
0.342625
0.0197788
0.0199236
0.0187527
0.00930222
0.630892
0.0249841
0.0863279
0.0334187
0.0127659
0.0747489
0.0332141
0.389474
0.133185
0.0231477
0.688741
0.0313005
0.00994856
0.127451
0.0320037
0
0.0346138
0.0322211
0.255372
0
0.012519
0.0197788
0.00920599
0.00930222
0.676865
0.00899612
0.0251477
0.0519766
0.0232
0.0136363
0.0637893
0.0504298
0.313933
0.140098
0.0154472
0.586491
0.0464754
0.00994856
0.0642162
0
0.0349511
0.0139991
0.0166345
0.0194833
0.0123211
0.0197788
0.0194215
0
0.184509
0.0251477
0.235391
0.0114536
0.0127161
0.020591
0.0332405
0.53406
0.0716612
0.00707351
0.350813
0.0622641
0.0754764
0
0.0349511
0.0139991
0.00874262
0.0122492
0.0197788
0.0293059
0
0.628608
0.0251477
0.0690736
0
0.00986657
0.0164308
0.185411
0.041797
0.00767548
0.17511
0.0466791
0
0.0754764
0.0263277
0.0139991
0.0311196
0.00874262
0.0122492
0.0197788
0.0197786
0.00877999
0.015501
0.599065
0.0121367
0.0524319
0
0.00986657
0
0.184704
0.048877
0.0152053
0.153169
0.0310947
0
0.0235356
0.0197788
0.0196565
0.0197786
0.293151
0.0348275
0.13468
0.0210245
0.00831719
0.117657
0.015189
0.0196082
0
0
0.0197788
0.00924635
0.445342
0.0348881
0.0118617
0.0375068
0.00708006
0.0589409
0.00772667
0.0196082
0
0
0.00924635
0.0154932
0.399806
0.0171716
0.0759187
0
0.00768017
0.00834626
0.0146047
0.0196082
0.0154932
0.0472027
0.0171716
0.0172754
