0.415599
0.795576
0.0635734
0.537747
1
0.230231
0.957912
1.00623
1.00891
0.109292
0.0554145
0.00288099
0
0.159754
0.0171085
0.042328
1.00257
0.0284599
0.00571411
0.0249963
0.0055704
0.00833906
0.0220008
0.0308357
0.526196
0
0
0.0281492
0
0.00855888
0.025617
0.124171
0.0121291
0.0762016
0.315207
0.996131
0.0132686
0.0194525
0.0362189
0.0694174
0.343029
0.156244
0.987766
0.00567689
0.543539
0.00254889
1.00623
0.00280424
0.0412417
1
0.00283009
0.00254685
0.0489861
0.136763
0.0164538
1.00675
0.123801
0.526894
0.00565688
0.00297531
0.202882
0.00805574
0.603755
1.00978
1
0.0163862
0.127201
0.0178145
1.01485
0.00354452
0.99789
0.999302
1
0.990528
0.186517
1.00425
0.0440795
0.507117
0.0887261
0.0974905
0.00362223
0.00554853
0.0112444
0.92517
0.0686055
0.0230753
0.0109395
0.0108838
0.00276941
0.00274106
0.0058516
0.00290728
0.0027752
0.0133418
0.00276163
0.00565303
0.0141948
0.00570638
0.0498205
0.134558
0.00802173
0.720748
0.0281587
0.00421058
0.62419
0.126426
0.00579315
0.0100075
0.408633
1.02301
0.0174754
0.00292658
0.00298424
1.00438
0.00489517
0.0307742
1.00032
0.155451
0.962085
0.219396
0.737953
0.995575
0.0028042
0.0028472
0.00280542
0.00282959
0.00280481
0.0143951
0.0028472
0.0609972
0.00280481
0.0458841
0.00280481
0.0683222
0.556998
0.406167
1.01974
0.987027
0.727848
1
0.125766
0.0130662
