0.0035591
0.0156036
0.20032
0.0556778
0.0603213
0.00357229
0.0374365
0.0374365
0.0107275
0.00408469
0.00255518
0.00414641
0.649778
0.747949
0.851131
0.239538
0.855973
0.0409293
0.0118078
0.00780182
0.0203952
0.446989
0.181818
0.0274863
0.0078363
0.0224347
0.523027
0.0485404
0.00557008
0.0072805
0.00412562
0.00952066
0.0554168
0.141531
0.114021
0.00848995
0.000642276
0.004319
0.00230554
0.0247537
0.0835059
0.0240349
0.00479819
0.0153143
0.0102095
0.0306286
0.991945
0.0319387
0.0161915
0.000736815
0.0106746
0.0510476
0.97803
0.0352112
0.00755257
0.00643044
0.0232958
0.0428261
0.0473396
0.00810289
0.00622887
0.00648514
0.0169424
0.0047947
0.00782772
0.00469663
0.0117416
0.0319085
0.00489396
0.00503211
0.0396134
0.0593669
0.117651
0.0509642
0.0550193
0.228978
0.000728025
0.0578869
0.00654762
0.084441
0.000654277
0.988153
0.00956265
0.00478558
0.0151739
0.00346333
0.000647894
0.004881
0.00566447
0.00483149
0.00642002
0.0101065
0.0101037
0.0144298
0.010596
0.0101037
0.0101037
0.0066991
0.0105984
0.0137778
0.000646743
0.00767245
0.000647744
0.00752485
0.000647926
0.000678413
0.000647926
0.00402335
0.000634053
1.00397
0.000604048
0.00504131
0.000647926
0.00687693
0.006452
0.00789077
0.00687693
0.0108583
0.000729606
0.00199712
0.00940607
0.000625364
0.00687693
0.00278602
0.00290794
0.00278602
0.00278602
0.00136182
0.0014242
0.00149253
0.00142142
0.00136182
0.0014242
0.00152593
0.0014242
0.0014242
0.0027818
0.0014242
0.0014242
0.211013
0.0007594
0.00525281
0.00291969
0.00204273
0.00334322
0.012383
0.012938
0.0123795
0.012376
0.0185692
0.0123795
0.0123795
0.0515631
0.0125239
0.013755
0.0129614
0.000774987
0.0148554
0.0055024
0.00551351
0.00551195
0.00551351
0.00551351
0.0236715
0.000745733
0.00576562
0.00689188
0.00348779
0.0101017
0.0168979
0.003378
0.00360776
0.00351588
0.00404069
0
0.00421328
0.00852318
0
0
0.00413232
0.000709041
0.0111457
0
0
0
0
0
0
0
0
0.000698648
0
0
0.00787626
0.00503389
0
0.00499635
0
0.0570545
