0.0111658
0.00429972
0.0111658
0.0230538
0.0111658
0.0463792
0.00665333
0.0143706
0.0636114
0.0204876
0.0636114
0.0204876
0.0636114
0.0204876
0.0636114
0.157826
0.0636114
0.0397624
0.00208701
0.0621252
0.0398664
0.0019264
0.0547761
0.00522111
0.0419451
0.00115633
0.0179076
0.013304
0.00408058
0.00960538
0.00102207
0.0023953
0.0265777
0.00607613
0.0191509
0.00102207
0.000774999
0.0483555
0.00728399
0.0200222
0.00887484
0.0538461
0.00728399
0.0294431
0.00102207
0.0025953
0.0651103
0.00728399
0.0376755
0.00102207
0.00077841
0.0859679
0.00728399
0.0411975
0.00102207
0.00077841
0.0811189
0.00728399
0.0411975
0.00193774
0.00077841
0.079895
0.00728399
0.0420644
0.00193774
0.00163542
0.0773751
0.00616171
0.044706
0.00102207
0.000857014
0.0773751
0.0101964
0.0157862
0.0538606
0.00822259
0.0402725
0.000960124
0.0336739
0.00191704
0.0230446
0.00295152
0.0081478
0.00591806
