0.0597853
0.0299772
0.0483541
0.0597853
0.0299772
0.365818
0.121821
0.0603123
0.674657
0.0695521
0.121821
0
0.0603123
0.679991
0.0695521
0.121821
0.0603123
0.679991
0.0695521
0.121821
0.0284452
0.0603123
0.663183
0.0695521
0.184746
0.0284452
0.0299772
0.645971
0.0695521
0.857261
0.0264174
0.0299772
0.630362
0.0695521
0.995774
0.0264174
0.0299772
0.615132
0.0695521
0.99188
0.0309252
0.0616116
0.435741
0.181644
0.50164
0.25638
0.0246235
0.275172
0.0576778
0.0536523
0.0143466
0.0266929
0.0150841
0.0389477
0.195607
0.0278767
0.456208
0.0415625
0.140633
0.0278767
0.456208
0.0415625
0.221565
0.0278767
0.456208
0.0415625
0.541824
0.0278767
0.456208
0.0281161
0.0415625
0.553218
0.0278767
0.456208
0.0281161
0.0415625
0.553218
0.0278767
0.456208
0.0281161
0.0415625
0.553218
0.0278767
0.456208
0.0281161
0.0415625
0.553218
0.504339
0.0415625
0.553218
0.591444
0.0310392
0.454023
0.0218663
0.0403692
0.277566
0.345549
0.204151
0.0960519
0.211557
0.180669
0.104174
0.104174
0.0150563
