0.01791
0.194877
0.147787
0.0733403
0.347976
0.173096
0.014181
0.0362535
0.0733403
0.338839
0.184878
0.0140382
0.014181
0.155624
0.278805
0.184878
0.014181
0.183934
0.261557
0.184878
0.183934
0.261557
0.184878
0.20423
0.251945
0.17239
0.252575
0.233401
0.137027
0.326102
0.154891
0.148112
0.345
0.118724
0.171577
0.114845
0.0993576
0.0603774
0.123537
0.0811612
0.073183
0.133982
0.0811612
0.0603774
0.133982
0.0811612
0.0603774
0.133982
0.0811612
0.0603774
0.142981
0.0811612
0.0493448
0.200356
0.0266058
0.0493448
0.200356
0.0266058
0.0493448
0.153938
0.0176614
0.0336025
0.0129381
0.0609227
0.00769864
0.0111195
0.0868422
0.0159656
0.0143301
0.0121065
0.00724061
0.00844512
0.0129381
0.00706787
0.0134202
0.0108307
0.0622834
0.0306969
0.324753
0.00843933
0.0599376
0.03404
0.00772032
0.0242371
0.0143301
0.00761768
0.141561
0.0112573
0.0675898
0.121984
0.0565697
0.0252431
0.00706787
0.026648
0.31511
0.00744419
0.449779
0.00843933
0.0848043
0.0887253
0.016407
0.0646671
0.371415
0.0107054
0.00703393
0.016649
0.0812517
0.280474
0.0161157
0.0252431
0.0135313
0.026648
0.31511
0.00744419
0.82057
0.0174196
0.0847341
0.0998449
0.016407
0.177461
0.00758001
0.332124
0.021309
0.00740905
0.0170635
0.163173
0.0181735
0.0886597
0.135652
0.31511
0.725425
0.076415
0.016407
0.234429
0.10801
0.01509
0.15263
0.0106036
0.00740905
0.191163
0.0340912
0.0886597
0.135652
0.31511
0.466637
0.00903084
0.0847583
0.016407
0.443085
0.10801
0.15263
0.0106036
0.00740905
0.0402212
0.136202
0.0514452
0.075307
0.00712623
0.135652
0.299753
0.412052
0.00903084
0.126999
0.00772032
0.450746
0.10801
0.0149672
0.140226
0.0216196
0.00740905
0.0402212
0.135379
0.0514452
0.075307
0.00712623
0.177351
0.299753
0.412052
0.00903084
0.118342
0.0155934
0.467083
0.10801
0.140226
0.0145421
0.0187121
0.0158741
0.135379
0.0514452
0.075307
0.00712623
0.206009
0.299753
0.00928527
0.0150341
0.0066337
0.412052
0.00903084
0.0675763
0.0155934
0.523083
0.10801
0.00736131
0.0497595
0.010742
0.0105968
0.0145421
0.00771281
0.136397
0.034442
0.00800384
0.075307
0.0124604
0.00712623
0.206009
0.0110161
0.299753
0.0213198
0.0143317
0.0066337
0.269917
0.0177078
0.0678474
0.024071
0.661913
0.10801
0.00736131
0.0375846
0.010742
0.0211732
0.00771281
0.055341
0
0.0245382
0.075307
0.0241665
0.23318
0.011592
0.269303
0.0142016
0.0130666
0.139829
0.0177078
0.100411
0.0115173
0.016238
0.695335
0.10801
0.0151653
0.00736131
0.0375846
0
0.062976
0.0315233
0.055341
0.00755382
0
0.0247097
0.0241665
0.300956
0.011592
0.269303
0.0142016
0.0130666
0.139829
0.00893235
0.0352523
0.0757663
0.00836494
0.542967
0.10801
0
0.0598148
0.0375846
0.0112958
0.0145421
0.00840783
0.0409954
0.00755382
0.0182745
0.0247097
0.0234037
0.123137
0.0765159
0
0.0142016
0.0130666
0.129949
0.00893235
0.0175445
0.0503748
0.00836494
0.346716
0.101094
0
0.0605393
0.0254781
0.0105352
0.0104903
0.00652387
0.0271209
0.05407
0.0414351
0.0304203
0.0142016
0.111095
0.0358923
0.0251283
0.113435
0.0675416
0.00736131
0.0254781
0.00652387
0.0345011
0.0148508
0.101201
0.016785
0.089124
0.0137326
0.0254781
0.00652387
0.00789733
0.0345011
0.0148508
0.101201
0.016785
0.0812545
0.00670503
0.0126742
0.0134235
0.0164398
0.0148508
0.101201
0.016785
0.0812545
0.00670503
0.0126742
0.0134235
0.0164398
0.0735335
0.00848631
0.113053
0.00670503
0.0126742
0.0134235
0.00751209
0.0164398
0.0269832
0.169375
0.00670503
0.0133537
0.00751209
0.0164398
0.00889136
0.192601
0.00670503
0.00682981
0.00751209
0.0164398
0.109431
0.00682981
0.0164398
0.0160156
0.00790709
0.0159395
0.0901101
0.014445
0.0159395
0.0242826
0.0901101
0.151917
0.0598879
0.0298686
0.0380077
0.133514
0.0184791
0.0242826
0
0.0351911
0.00989506
0.390322
0.232323
0.0598879
0.161412
0.0130323
0.0253458
0.233088
0.0572731
0.0242826
0
0.0351911
0.00989506
0.478876
0.330304
0.00654102
0.0454428
0.106236
0.0823731
0.0226036
0.019591
0.0886535
0.233088
0.0572731
0.0242826
0
0.0351911
0.44509
0.273707
0.0736042
0.0311046
0.0945442
0.0336107
0.026498
0
0.435326
0.0572731
0.0140225
0.0351911
0.275234
0.00776174
0.106854
0.0240814
0.0945442
0.0270617
0.0355469
0.439202
0.108903
0.00879255
0.0351911
0.0939411
0.00776174
0.106854
0.0159733
0.0823731
0.0117032
0.0205784
0.00750052
0.165664
0.131198
0
0.0210146
0.0188525
0.00776174
0.0465884
0.0287741
0.0159733
0.0138496
0.0117032
0.0205784
0.0371843
0.0260406
0.0189138
0.00874439
0.0116172
0.0210146
0.0188525
0.00776174
0.037877
0.0287741
0.0157123
0.0120365
0.0205784
0.0371843
0.0175172
0.0210146
0.0730958
0.00776174
0.0227919
0.0157123
0.043833
0.0205784
0.0371843
0.0375552
0.00828615
0.0210146
0.0201138
0.0634537
0.043833
0.0205784
0.0371843
0.0375552
0.00828615
