0.0456314
0.66117
0.0178159
0.319401
0.0401414
0.00820145
0.0531086
0.875456
0.0637524
0.00547169
0.00593587
0.0177789
0.00304556
0.0037159
0.00311838
0.0110709
0.00265023
0.0114247
0.00270921
0.0817631
0.00545087
0.0116188
0.0190411
0.0119756
0.0181949
0.825869
0.00877904
0.0454889
0.708688
1
0
1.01488
0
0.685582
0.00283877
0
0.00387105
0
0.00286942
0.00262903
0.0027001
0.0139067
0
0
0.221632
0.0029621
0
0.010965
0.0826612
0.0395534
0.295651
0.0329185
0.139476
0.099709
0.00256296
0.00287426
0
0.00261517
0.00922358
1.04533
0.00840024
0.00352917
0.023677
0.992807
0.0134761
0.00262903
0.00273538
0.00407288
0.00264437
0.00273947
0.041041
0.00305379
0.00396716
0.0696796
0.00262903
0.00249883
0.00249883
0.00285596
0.00294969
0.00249883
0.0107228
0.00249883
0.00275134
0.00345266
0.00549011
0.00295178
0.0128903
0.99917
0.0305856
0.00356975
0.00580812
0.477963
0.00238724
0.00252397
0
0.00276213
0
0.0532174
0.00276213
0.00414687
0.00264179
0.00557343
0.00276213
0.00249875
0.002659
0.00793916
0
0.0209536
0.0119783
0
0.00249883
0.00294043
0.00258005
0.00278601
0.00273791
0.00278573
0
0.0642989
0.0112993
0.00749648
0.00374824
0.00257777
0
0.00492943
0.00276213
0.00275963
0.0107645
0.00555449
0.00294149
0.00258663
0.00273761
0
0.00555449
0
0.00261517
0.029228
0.00735311
0.00392275
0.00254013
0
0.00447808
0
0.00567269
0.00585998
0.0423918
0.0025096
0.0078455
0.0799875
0.0025997
0.00304063
0.00773292
0.00545653
0.00369357
0.00554827
0.00283877
0.0080721
0.0526797
0.0219344
0.0219344
0.00954575
0.0148243
0.00435011
0.00258537
0.00906222
0.00496794
0.00580111
0.00286297
0.00301231
0.00587926
0.00289315
0.0171067
0.0967284
1.01775
0.00257982
0.00539376
0.00394521
0.00312227
0.0155812
0.0172081
0.00954575
0.00289397
0.0403707
0.0858653
0.00292448
0.00295181
0.022253
0.00540275
0.00684437
0.192445
0.00296898
0.00540275
0.00396253
1
0.00307148
0.0074519
0.0491896
0
0.00774211
0.00683271
0.00576902
0.0230231
1
0.389435
0.00572041
0
0.00568307
0.0151855
0.203768
0.00456813
0.516569
0.00245944
0.0239063
0.00364753
0.0178255
0.00278241
0.0531709
0.00890177
0.0027949
0
0.00264788
0.014922
0.987813
0.581387
0.00260227
0.0780681
0.0405615
0.00556482
0.0100027
0.0145494
1
0.312793
0.01646
0.00258663
0.00268001
0.00258663
0.00258663
0.10741
1.01258
1
0.906089
0.974315
0.159373
0.0123615
0.0716032
0.00878058
0.0426373
0.127334
0.00899581
0.0515702
0.974874
0.00261371
0.360134
0.00842134
0.00622452
0.0146617
0.293451
1
0.00261289
0.102475
