0.0542971
0.688969
0.0171693
0.781197
0.0274808
0.00849843
0.0437427
0.00304107
0.0032522
0.00294634
0.00294634
0.0029436
1.01188
0.00331648
0.00576356
0.0217893
0.0778189
0.00750878
0.00576936
0.00521683
0.0173894
0.00306687
0.00290734
0.0350207
0.00560865
0.0834225
0.0237463
0.0792974
0.010939
0.00603876
0.770232
0.00585747
0.0368561
0.00550366
0.00251128
0.00299976
0.0026115
0.0150193
0.0110913
0.0165008
0.0825038
1.01967
0.00270534
0.0274204
0.403051
0.00534184
0.0396723
0.713208
1.00638
0.00269618
0.00808854
0.00285771
0.00269542
0.00816927
0.00269618
0.0138909
0.00269424
0.0929517
0.0793273
0.00251459
0.00262318
1.00058
0.00782697
0.0105287
0.00289775
0.00283673
0.00782697
0.0024594
0
0.00583439
0.00328869
0.00252133
1.01826
0.011009
0.01611
0.00275978
0.00248702
0.0103492
0.010892
0.00268915
0.00376334
0.00275978
0.00259862
0.0135168
0.00533927
0.0026278
0.0216536
0.0079849
0.0370735
0.0356126
0.0803526
0.00579924
0.00284079
0.00254236
0.00269238
0.00289697
0.00435241
0.00258363
0.0202248
0.00528255
0.00425113
0.00570837
0.0151505
0.00257086
0.0208113
0.0454743
0.00257516
0.00696105
0.994908
0.00255604
0.00641062
0.00256352
0.00302432
0.00256425
0.00416519
0.0112287
0.00260942
0.0957728
0.058741
0.36636
0.0192669
0.00283651
0.397651
0.100527
0.00274841
0.00258295
0.00283651
0.00270375
0.00270404
0.00537015
0.00257133
0.0403857
0.0026108
0.00267198
0.00280031
0.00238548
0.00275653
0.0193082
0.00262454
0.00262037
0.633881
0.00556492
0.00300455
0.00257086
0.00267565
0.0084515
0.0379678
0.993994
0
0
0.00338279
0.0111788
0.0055154
0.00255255
0.148354
0.00288125
0.00425425
0.00273031
0.00290361
0.00273031
0.0206814
0.00263926
0.00334883
0.00570998
0.00250822
0.00258661
0.00258661
0.0361302
0.00279439
0.00258661
0.00278572
0.00638366
0.988825
0.00528207
0.00793407
0.0025924
0.0151592
0.0209024
0.0108184
0.00257824
0.0587495
0.861392
0.00280377
0.0370232
0.00534314
0.0191441
0.00242814
0.0260825
0.00280882
0.113201
0.00744944
0.248978
0.00282836
0.00273146
0.00291332
0.00283617
0
0
0.00267415
0.39797
0.0133112
0.00278179
0.00268904
0.0156984
0.00692755
0.00273308
0.00283651
0.0076759
0.00268251
0.00257086
0.00509834
0.00538586
0.00534401
0.0120779
0.00622343
0.00273031
0.0024881
0.002852
0.00428477
0.0102387
0.00273031
0.00264042
0.00257086
0.00560196
0.00271367
0.020341
0.00553905
0.00261362
0.00553593
0.00435574
0.00261362
0.00276044
0.00261362
0.00263759
0.00510514
0.0593015
0.00270492
0.00540354
0.0767582
0.0028866
0.00389218
0.00557905
0.00540354
0.0200429
0.00267126
0.00263759
0.0160396
0.00288476
0.00537924
0.00519249
0.0028866
0.00373727
0.0186843
0.00270098
0.00266819
0.00249152
0.00507998
0.00801352
0.00782998
0
0.00261362
0.00249152
0.00261362
0.0383192
0.00255775
0.00528921
0.00756291
0.143397
0.00278625
0.00255775
0.00378145
0
0.00552289
0.00263928
0.00266987
0
0.00810529
0.00266211
0
0.0269206
0.00279081
0.00541821
0
0.00249222
0.00274139
0.111055
0.00260631
0.0057476
0.00266948
0.00573882
0.00532899
0.00260463
0.00255775
0.00365696
0.0109686
0.00249152
0.0167037
0.0187326
0.00270167
0.055402
0
0.00263991
0.00282517
0.00276595
0.00253501
0.0054743
0
0.00269173
0.0114938
0.00309175
0
0.0027322
0.00273938
0
0.00269173
0.010547
0.00330332
0
0.032901
0.00270167
0.00367266
1.02072
0.00276595
0
0
0
0.0695216
0.0051299
0.00348075
0.00381314
0.0151822
0.00742143
0.00352042
0.0462265
0.0100964
0.0322738
0.0325754
0.00267894
0
0.00284147
0.0146202
0.123271
0
0.00571234
0.983297
0.00271269
0.00555624
0
0.0107021
0.00287043
0.0139157
0.00282465
0.00352756
0.0031902
0.00282052
0
1
0.373666
0.00259249
0.00262767
0.00455921
0.00539481
0.0123481
0.00475011
0.0130371
0.00264451
0.00803935
0.00521244
0.00255604
0.00808034
0.00255604
0.00826292
0.00542204
0.00270167
0.00254544
0.050678
0.395619
0.0026805
0.00270098
0.00857863
0.905651
0.00515578
0.00761131
0.00277517
0.00785675
0.0277036
0.0105694
0
0.00824815
0.00340383
0.00270545
0.00968115
0.00783448
0.00291625
0.0215384
0.0115002
0.00524125
0.00276368
0.00979309
0.00274697
0.0549282
1.00462
0.00921225
0.603658
0.00271769
0.00279853
0.00271616
0.00679232
0.00813012
0.00271693
0.00251126
0.00808713
0.0037725
0.00512488
0.00284545
0.0340954
0.483697
0.284118
0.0052365
0.00269619
0.0124777
0.00337023
0.0137086
0.00981843
0.00299576
0.00281041
0
0.0216912
0.00262312
0.00248359
0.00803873
0.00717124
0.00271898
0.00519789
0.00525891
0.00827862
0.00275902
0.00269632
1
0.0197209
0.312793
0.00829103
0.0683613
0.00260133
0.00264098
0.00275653
0.00556402
0.00275653
0.00275653
0.00283512
0.0123003
0.00795708
0.0527109
0.0133875
0.0253122
0.00272892
0.00261425
0.00880328
0.00520309
0.00520309
0.00257255
0.0149829
0.00255709
0.00255709
1
0.00253013
0.00263002
0.00537951
0.00263002
0.00438337
0.269269
0.00267526
0.00980344
0.00264498
0.00943334
0.142468
1
1
0.906089
0.00566483
0.979336
0.00813046
0.197722
0.0263458
0.00273702
0.0263979
0.0502405
0.00510907
0.0189051
0.0573712
0.0621613
0.0276272
0.0631295
0.00771166
0.537542
0
0.00274861
0.0038811
0.0599967
0.00290232
0.236381
0.269397
0.0278913
0.00266775
0.00471268
0.0299302
0.00913404
0.0029471
0
0.169303
0.0029471
0
0.998913
0.00320016
0.00256569
0.00575671
0.00244005
0.00263915
0.0694163
0.0187316
0.00359262
0.146259
0.00275304
0.0169907
1
0.00284575
0.00385456
0.00284575
0.00271735
0.00516436
0.0190386
0.00256569
0.026256
0.0193805
0.0192427
0.00275419
0.00310182
0.00251048
0.457316
0
0
0.023347
0
0
0.00505883
0
0.00494809
0
0.00422416
0.00296312
0.0289609
0.0204356
0.0474184
0.0136082
0.00516328
0.00299921
0.0125338
0.618543
0.00641582
0.00286314
0
0.999096
0.00286314
0.00260157
0.00506026
0.00506026
0.00506026
0.0379726
0.0036729
0.0140445
0.0107697
0.00282366
0.00789069
0.00358214
0.00309554
0.00234358
0.00374959
0.0111228
0.0186222
0.00537361
0.0439234
0.00789306
0.00537361
0.996878
0.0135379
0.00537361
0.00298862
0.00305196
0.0059077
0.0294236
0.00313138
0.0728224
0.0112865
0.00265135
0.0308882
0.697459
0.0644297
0.00269824
0.00269824
0.00303704
0.00787648
0.00283744
0.00465369
0.00497857
0.00716427
0.00289412
0.00289412
0.00289412
0.147701
0.00289412
0.00289412
0.00261075
0.00269824
0.0187542
0.0112865
0.00301135
0.00570415
0.0199823
0.0323834
0.00300435
0.944805
0.576467
0.00870476
0.00442101
0.499422
0.0118237
0.0178209
0.00755507
0.0304308
0.00787681
0.027132
0.670823
0.010575
0.549227
