0.0350472
0.0547181
0.249627
0.116483
0.0586555
0.249627
0.0547181
0.0586555
0.249627
0.0547181
0.0586555
0.249627
0.0547181
0.0586555
0.249627
0.0547181
0.0586555
0.249627
0.0547181
0.103776
0.150809
0.0547181
0.103776
0.150809
0.0547181
0.141943
0.0870382
0.0443066
0.00808009
0.0599651
0.290331
0.0588029
0.252958
0.0136101
0.172665
0.238448
0.0277546
0.172665
0
0.0211942
0.192693
0.0433854
0.202587
0
0.192693
0.0136101
0.249236
0.0278155
0.013573
0
0.177992
0.0136101
0.279552
0.0278155
0.013573
0.149013
0.0201874
0.325394
0.0112865
0
0
0.0278155
0
0.00675994
0.0937502
0.4492
0.0112865
0
0
0.040156
0
0.0101831
0.0138562
0.310481
0
0
0.0278155
0.0126012
0
0.0116891
0.0320642
0.0125406
