0
0.00949574
0.00751846
0.0306257
0.00746232
0.017358
0
0
0
0.0112865
0.0216794
0.0159875
0.0272358
0.100874
0.0189432
0.0103886
0.0161784
0.00766247
0.0106971
0.0608611
0.0226582
0.0140158
0.0152321
0.0170575
0.0516871
0.00944881
0.0351529
0.012147
0
0.020344
0.0545943
0.00742624
0.0449684
0.00991071
0.071887
0.0159875
0
0.960045
0.0106089
0.0190178
0.0215925
0.0608309
0.00766247
0.0193618
0.0430859
0.0379903
0.0073711
0.0579034
0.0260321
0.0150952
0.0868173
0.035238
0.0087751
0.0195672
0.124875
0.0383475
0.00765679
0.0578474
0.140925
0.0280374
0.0193434
0.0635458
0.212422
0.0777552
0.014378
0.0273855
0.989954
0.0167452
0.0212053
0.0194646
0.0148316
0.0210507
0.0143895
0.0482235
0.0735375
0.0145829
0.00876905
0.127943
0.0289142
0.0469691
0.395939
0.0356749
0.00851854
0.0744882
0.0673872
0.025202
0.0149216
0.0397715
0.0180219
0.0103914
0.141687
0.0146216
0.00995906
0.0426437
0.0186882
0.123956
0.0474808
0.021947
0.0132346
0.868687
0.0167452
0.0327247
0.0195419
0.0417117
0.0287458
0.00704251
0.0612425
0.0626093
0.00861817
0.0783738
0.0436339
0.613277
0.0532838
0.00888555
0.0470316
0.140939
0.0275935
0.00734054
0.0388272
0.0180219
0.0302969
0.168311
0.0145537
0.00995906
0.0640128
0.011243
0.0204688
0.129071
0.0478528
0.00724598
0.0262173
0.999493
0
0.0631352
0
0.0108446
0.016155
0.0147056
0.0213033
0.030616
0.0220383
0.0349738
0.0271666
0.579326
0.0519435
0.00888555
0.0464421
0.106542
0.0275201
0.014306
0.0498968
0.0180219
0.0302969
0.125273
0.0145537
0
0.0529982
0.0198643
0.187117
0.0302866
0.00724598
0.0275325
0.998818
0.0117066
0.0352465
0.00662625
0.0149661
0.00750929
0.0109469
0.0303642
0.0210834
0.0272189
0.424919
0.0332427
0.0188069
0.0742842
0
0.0141997
0.0204242
0.0348066
0.00967529
0.132737
0.00744413
0.00887322
0.0417794
0.159041
0.045672
0.00724598
0.0270992
0.762573
0.0158803
0
0.0436823
0.00662625
0
0.00725745
0.0142518
0
0.00672263
0.0419683
0.34383
0.0519274
0.0164036
0.0282027
0.072097
0.0117649
0.0167848
0.0204324
0.0871906
0.00744413
0.00887322
0.0525007
0.27533
0.0792292
0.0136401
0.794484
0.0158803
0
0.026037
0.00662625
0
0.0210428
0
0.127872
0.0142518
0
0.00672263
0.0424797
0
0.244389
0.0350295
0.0282027
0.136339
0.0117649
0.0188189
0.0352065
0.00967529
0.110559
0.00744413
0.00887322
0.0619687
0.020971
0.020363
0.390286
0.232173
0.0135963
0.066517
0.999735
0.0302254
0.021211
0.0169557
0.0440421
0.0277928
0
0.127872
0
0.0130167
0.0424797
0.0144104
0.0584017
0.0503192
0.0646909
0.120678
0.0241213
0.0067635
0.0351843
0.0293457
0.135616
0.0209517
0.00888502
0.0421779
0.0209259
0.020363
0.542149
0.171403
0.00683128
0.13397
0.840761
0
0.0202814
0.0177985
0.00781104
0.00980352
0.0590193
0.0141385
0.0289242
0.0852923
0
0.00629404
0.0552428
0.0162783
0.0945293
0.0855149
0
0.0806455
0.0970351
0.0363645
0.0134796
0.0101406
0.0167625
0.00963763
0.103257
0.00635783
0.00907069
0.0328682
0.0209259
0.0420911
0.411919
0.140742
0.304556
0.492915
0.00994508
0.0268915
0.00781104
0.0213779
0.0599137
0.0141385
0.0294052
0.116896
0
0.0197567
0.0401663
0.0308586
0.777957
0.0350295
0
0.109863
0.122518
0.0481498
0.0134143
0.00988793
0.00941634
0.120078
0.00635783
0.00979838
0.0444702
0.0503484
0.0423569
0.405511
0.0788232
0.289404
0.429642
0.0308936
0.0188434
0.0213735
0.0328787
0.0588809
0.00688101
0.0289346
0.115186
0.0143202
0
0.0143282
0.0265708
0.0303423
0.993753
0.0350295
0
0.147541
0.147706
0.0252817
0
0.00941634
0.175904
0.00635783
0.00977267
0.0672779
0.0406877
0.0216239
0.448544
0.0329648
0.31457
0.356953
0.0142733
0.0412429
0
0.00781104
0.0233167
0.0747931
0.00676494
0.029042
0.0895024
0.00799031
0.0141116
0.0410584
0.999391
0.051769
0.0752328
0.123263
0.0240202
0.00756548
0.0194234
0.0176916
0.00906611
0.132086
0.00644423
0
0.0558699
0.00979734
0.0190042
0.373438
0.0314024
0.328884
0.322602
0.0312098
0.06508
0.00781104
0.074941
0
0.00996521
0.0597515
0.00799031
0.041866
0.672341
0
0.00894206
0.0176364
0.0117649
0
0.0176916
0.0200277
0.0265008
0.00644423
0.0116021
0.00979734
0.0204822
0.253344
0.0162572
0.330546
0.188612
0.0338383
0.0295647
0.0300813
0
0.0132447
0.103063
0.0190215
0.00861486
0.0087651
0.00769262
0.0176916
0.00906611
0.0178674
0.00979734
0.0408755
0.210323
0.514294
0.10152
0.0078232
0.0453821
0.0140907
0.052525
0.0190215
0.0136463
0.0193968
0.00979734
0.0789811
0.552848
0.0384836
0.0139146
0
0.00636243
0.0103307
0.0285336
0.00666032
0.107758
0
0.0134894
0
0.00834333
0.00899412
0
0.0106889
0.00899412
0
0
0.0127836
0.0224475
0
0
0
0.0105923
0.00899412
0.022467
0
0.00702027
0.0913248
0.0153127
0.0229309
0.00954642
0.0144367
0
0.0106583
0
0
0.0142235
0
0
0
0.00821281
0.0131956
0.00728958
0.0310131
0.017969
0
0.00866302
0.044175
0.0108374
0.119942
0.0300807
0.717379
0.0267118
0.0334625
0.00954642
0
0.021204
0.0142974
0.0313409
0.0145738
0.00860958
0.0143702
0.00876773
0.0187772
0.0775237
0
0.0131956
0.0419634
0
0.102118
0.0356239
0
0.0448997
0.011255
0.218802
0.0751546
0.0165756
0.0222107
1.00552
0.038062
0.0314663
0.0117586
0.00954642
0.00688026
0.0220029
0.0410035
0.014849
0.0146591
0.00860958
0
0.0127389
0.0139913
0.00907949
0.0345736
0.00781361
0.105295
0.00866877
0.0131956
0.0972972
0.00940764
0.0173561
0.12224
0.0703319
0
0.0271375
0.0556596
0.0224305
0.374018
0.0754386
0.0308133
0.0147771
1.00552
0.0526274
0.0161536
0.0312706
0.0191853
0.00725991
0.0320397
0.0582188
0.0211061
0.0611154
0.0292919
0
0.0638571
0.0275842
0.0127389
0.0285357
0.0173789
0.0504901
0.055225
0.10513
0.026585
0.309849
0.0283264
0.0337179
0.183892
0.0175729
0.0136431
0.053057
0.085468
0.0422753
0.488197
0.0906532
0.00711945
1.00552
0.0796775
0.0167777
0.0349379
0.0450804
0.00725991
0.0638297
0.0451427
0.0505968
0.0447538
0
0.0653313
0.00738904
0.0293576
0.102917
0.0324829
0.0539291
0.0481002
0.0748137
0.0161604
0.0637544
0.33967
0.1626
0.0260053
0.0136376
0.0436578
0.0764392
0.0205828
0.182347
0.0740896
0.0810853
0.0068529
1.00552
0.065915
0.016363
0.044828
0
0.021143
0
0.00700656
0
0.0312289
0
0.0631685
0.0209883
0.028862
0.0903353
0.0336226
0.0546661
0.0479776
0.138202
0.0245194
0.023513
0.229169
0
0.0490045
0.222781
0.0176872
0.0205035
0.0277217
0.182852
0.0115744
0.513456
0.0661446
0.0792469
0.0147614
1.06572
0.0134509
0.0314486
0.0662602
0.00987399
0.0332089
0
0.0146317
0.0315319
0.0154619
0.00752393
0.0542915
0.014438
0.0149352
0.0138158
0.0249383
0.035324
0.0565171
0.127747
0.0082009
0.0120338
0.142443
0.00914516
0.0316484
0.209427
0.0270288
0.013662
0.0458933
0.0763784
0
0.409835
0.0781857
0.0152756
0.0207625
0.920914
0.016363
0.112121
0.00855614
0.0219116
0.0611264
0.0146317
0.0110952
0.0297168
0.00772778
0.021376
0.0595141
0.0248962
0.0186483
0.00767722
0.0462678
0
0.0254751
0.13942
0
0.0155897
0.120199
0.0269314
0.0202375
0.036046
0.0629185
0.252487
0.0416676
0.0166001
0.0142198
0.894152
0.0121495
0
0.0752922
0.00762617
0.0221779
0.0290229
0.00711666
0.00964702
0.0297168
0.0157363
0.0139498
0.0146852
0.0299391
0.0426999
0
0.0237162
0.130819
0
0.0124842
0.124098
0.017068
0.102456
0.0277846
0.0266533
0.0361731
0.0523203
0.522865
0.0630425
0.0312926
0.0140951
0.921201
0.013114
0
0.0537031
0
0.0147419
0.0215481
0.0288718
0.0139687
0.0107147
0.0142932
0
0.0240691
0.013556
0.0146852
0
0.042414
0
0.0322759
0.140147
0.0164631
0
0.180929
0.00985054
0.050563
0.112626
0.0275827
0.0196771
0.00862581
0.0415657
0.0101163
0.377854
0.0206623
0.0312926
0.0210992
0.472964
0.0643835
0
0.0331278
0.0216307
0.0107919
0.0428192
0.014136
0.0107147
0
0.0233598
0.012952
0
0
0
0.0532439
0.0241303
0.11935
0.0170852
0
0.0764492
0.0184754
0.0159666
0.0831711
0.0175162
0.01383
0.0363567
0.0108723
0.0201474
0.114221
0.0213148
0.0798783
0.0216852
0.251579
0.0523908
0.0170989
0.0114297
0.0150452
0.00701975
0.00954468
0
0.00765331
0
0.0150495
0.0169186
0.00759303
0.027139
0.0085306
0
0.0505204
0.00989854
0.0416376
0.0202026
0.00937207
0.0218955
0.0839965
0.0151913
0.0160329
0.0210821
0.0403792
0.013098
0
0.0227058
0.0072134
0.015714
0
0.00782948
0.00881613
0.00816224
0.411774
0.0178845
0.0101206
0.0128474
0.0103469
0.0110135
0.0830653
0.00715145
0.0125581
0
0.0114297
0.0101322
0
0.00812791
0.00809101
0.00882479
0.449947
0.0156591
0
0.0207388
0
0.0125581
0.442506
0.120506
0.0628132
0.0150935
