0.0308649
0.018471
0
0
0.053956
0.0189231
0.00753546
0
0.0227362
0.0396811
0.0882405
0.0123374
0
0.0107223
0
0.0081138
0.026504
0.0197151
0.0323477
0.030555
0.0278205
0.0310199
0.0425103
0.0112609
0.00825646
0.0915007
0.0232707
0.0293946
0.0302841
0.031991
0.0309848
0.0131903
0.0972395
0.0135261
0.656611
0
0.0177579
0.0329175
0.0198047
0.0133941
0.0897528
0.0187474
0.0166619
0.0955775
0.0176125
0.0277475
0.270021
0.0583904
0.0210606
0.0406976
0.0609066
0.00896302
0.018002
0.00772663
0.00954552
0.0373904
0.0151461
0.0573958
0.0157575
0.0131903
0.184826
0.0760273
0.0355214
0.0702868
0.78675
0.0101861
0.0113883
0.014592
0.0176446
0.0796443
0.0113954
0.0391728
0.0071447
0.017739
0.0369298
0.149092
0.12688
0.0266963
0.78445
0
0.0280329
0.0395702
0.0111303
0.020851
0.0178162
0.0768938
0.0279975
0.0694222
0.014788
0
0.0248668
0.015496
0.0536225
0.097751
0.051888
0.0663132
0.917429
0.0101861
0.0202615
0.0176446
0.0209603
0.0319973
0.0129579
0
0.0691074
0.00874823
0.12218
0.0737373
0.0279753
0.713527
0.0155521
0.0202359
0.0493543
0.0912247
0.0211482
0.0268005
0.0777051
0.00754226
0.0101127
0.115132
0.0224406
0
0.127243
0.00746328
0.0384531
0.10034
0.0549406
0.0389892
1.0083
0.0101861
0.0126569
0.0135324
0.0176446
0.0549811
0.0139453
0.0140949
0.0660194
0.00773708
0.035385
0.0389092
0.0174588
0.53703
0.0424565
0.058326
0.114198
0.032102
0.0347043
0.0561744
0.00850988
0.166475
0.0147947
0.0907185
0.0155117
0.0254878
0.202424
0.0683419
0.012011
0.0197444
0.922294
0.0191248
0
0.0332768
0.022359
0.00657893
0.0122626
0.0157582
0.0402946
0.0178127
0.0190315
0.245268
0.0576944
0.0135573
0.0761524
0.0843075
0.0208035
0.00811267
0.129987
0.0187796
0.174468
0
0.048576
0.038253
0.112301
0.0546995
0.012011
0.019177
0.777455
0.0239863
0.0691257
0.0364071
0.0190881
0.0206885
0.0123998
0.00671774
0.0339385
0.0374284
0.00771636
0.00803122
0.0190315
0.23591
0.0436729
0.0271426
0.0279546
0.0727451
0.0322369
0
0.135377
0.00863951
0.172372
0
0.0149
0.0551117
0.0164721
0.0124527
0.251373
0.0491717
0.0346603
0.039897
0.653976
0.0380222
0.058648
0.16836
0.0391076
0.0197477
0.0515757
0.034124
0.0197321
0.080696
0.0379797
0.0329219
0.0332395
0.0386761
0.0273068
0.239078
0.101567
0.0344228
0.0284502
0.152114
0.0516172
0.0416935
0.153652
0
0.0176609
0.235631
0.0148423
0.0149
0.0691469
0.00751711
0.0375587
0.413045
0.137492
0.0346603
0.0960027
0.248795
0.0287686
0.0481291
0.0896628
0.0407949
0.0401573
0.0839779
0.0612065
0.0589311
0.032299
0.03558
0.0256482
0.0420465
0.0366407
0.0848008
0.268722
0.0860392
0.115625
0.0655013
0.194626
0.0617443
0.0167056
0.193731
0.00787188
0.0268391
0.2712
0.0315677
0.0302403
0.0547619
0.0221283
0.0623023
0.454675
0.0878419
0.044877
0.117295
0.267485
0
0.0594715
0.069547
0.0568195
0.0198592
0.0957438
0.0348681
0.0268125
0.0500724
0.0188215
0.0332298
0.0356398
0.0196446
0.0847415
0.847238
0.030035
0.160102
0.0661216
0.175233
0.0620154
0.00919816
0.290141
0.0221582
0.0276599
0.172241
0.017308
0.0629566
0.0869487
0.0147751
0.113441
0.41329
0.0634712
0
0.136829
0.141802
0.0191131
0.118741
0.0499527
0.0379263
0
0.0855218
0.0138818
0.033729
0.0319696
0.0560824
0.0432227
0.0582232
0.0780478
0.0468231
0.932506
0.0151569
0.10752
0.156247
0.13396
0.0802316
0.0501977
0.295368
0.0356967
0.0185661
0.179648
0.041818
0.0308965
0.0667896
0.0225784
0.0895342
0.41504
0.0651589
0.0328803
0.137182
0.0926485
0.0287248
0.118741
0.0365271
0.076313
0.0589873
0.0962056
0.00747203
0.0605042
0.0342473
0.0356208
0.0247582
0.0250687
0.0780478
0.0559176
1.00018
0.0564618
0.0664081
0.236882
0.249595
0.0819279
0.0522671
0.143979
0.0358281
0.0470717
0.247392
0.0246728
0.0665775
0.0406361
0.00866728
0.0644744
0.439451
0.0509869
0.0554377
0.193901
0.0772622
0.0287248
0.153751
0.0375267
0.0791533
0.0198123
0.0737185
0.0129281
0.0202989
0.0355253
0.0188215
0.0160297
0.0167758
0.0585773
0.0363472
1
0.0306963
0.0741866
0.272014
0.249119
0.0526971
0.0339976
0.0962981
0.0446083
0.0286969
0.160684
0.0138622
0.0321393
0.0493853
0.0162183
0.0899003
0.379364
0.0401849
0.0320751
0.144221
0.0516666
0.00903134
0.192065
0.00766131
0.0415429
0.0198123
0.0317044
0.0129281
0.0199386
0.0174225
0.0384444
0.0248489
0.00947684
0.0389981
0.00844187
0.977486
0.0150617
0.0467145
0.160443
0.144131
0.0314175
0.0344117
0.08347
0.0290372
0.00973781
0.124527
0.0224323
0.0490769
0.01786
0
0.091011
0.219785
0.0268676
0.0215943
0.155431
0.0524893
0.0759269
0.0151815
0.0198123
0.0114168
0.00621049
0
0.0515059
0.0184323
0.0171558
0.0257347
0
0.28332
0
0.0199412
0.0996621
0.0843922
0.0209511
0.00933198
0.0806163
0.0144462
0.0478193
0.0291641
0.0080952
0.0320121
0
0
0.0383905
0.155322
0.0259359
0.0124598
0.266071
0.0258908
0
0.0248079
0.0212396
0.0335382
0.00621049
0.00702087
0.00854631
0.0351258
0.178461
0
0.0131842
0.0203449
0.0203498
0
0.00933198
0.0410829
0
0.0289738
0.0202495
0.0160496
0.032373
0.0251797
0.0422843
0.0130702
0.326004
0.0260871
0.0222035
0
0.0208395
0.00796213
0
0.0096023
0.00954673
0.04221
0.00931145
0.00795436
0.015966
0.00815023
0.0081403
0.0445473
0.102773
0.0166101
0.00917512
0.00795436
0.00815023
0.00819193
0.0394158
0.00861158
0
0
0.00979778
0.00985178
0
0
0.00979778
0.0485354
0
0.0150925
0.019715
0.0165282
0
0.132905
0.0117815
0
0
0
0.0184447
0
0.0107694
0.0197609
0
0.0176889
0.0243409
0.0497281
0.00749709
0.0103701
0.620378
0.00791343
0
0.0195106
0.0216881
0.0129575
0
0.0188625
0.00863255
0.00791538
0.0184447
0.00859508
0.030998
0.00674164
0.0488032
0
0
0
0.044846
0.0635968
0.00839862
0.162355
0.0380031
0.0127481
0.0219086
1.00044
0.0580027
0.00930531
0.0119605
0.00718698
0.0359376
0.0195106
0.00615943
0.0316701
0
0.0188625
0.0581668
0.0254512
0
0.00929363
0.031154
0.0292426
0.00690435
0.0772032
0.0101259
0.00943873
0.0512124
0.144603
0.0191812
0.0613493
0.0566726
0.287917
0.0450584
0.0119501
0.0107233
1.00044
0.0250058
0.00921559
0.0347487
0.00643748
0.0365733
0.0574005
0.0105694
0.00623957
0.025675
0.018593
0.0744476
0.0328283
0.0540655
0.0202602
0.0299193
0.0467058
0.113199
0.0102162
0.0301951
0.228202
0.0192346
0.0149648
0.133733
0.00939364
0.022567
0.138529
0.0420554
0.0160554
0.31056
0.0603603
0.0111068
1.00044
0.0167694
0.0178825
0.0574388
0.00707775
0.0364494
0.0586205
0.0112745
0.0131245
0.0392997
0
0.018593
0.058393
0.0157366
0.0181774
0.0192146
0.0519072
0.0576247
0.0791667
0.115108
0.0106154
0.267057
0
0.014797
0.226333
0.00939364
0.00808223
0.12189
0.0405868
0.030738
0.362985
0.0533768
0.0245068
0.0658985
1.00044
0.0086669
0.0235843
0.0068782
0.0172945
0.0574251
0.0112745
0.00688495
0.0267811
0
0.0725591
0.0163418
0.0355393
0.00959947
0.014817
0.0334805
0.162457
0.0309263
0.0203076
0.524871
0.017746
0.0289811
0.12909
0.00954536
0.0152292
0.0923844
0.0481337
0.0303135
0.215174
0.0306213
0
0.0444722
1.00182
0.0357444
0.0788236
0.00768828
0.0753784
0.0107892
0.0319327
0.0151815
0.0170709
0.0405725
0.00780291
0.0355393
0.0447317
0.0106909
0.0289636
0.027499
0.0654768
0.0206045
0.0304531
0.359791
0
0.0147035
0.100198
0.00908854
0.00755842
0.093354
0.048859
0.00788219
0.200399
0.0591254
0.0131861
0.0770452
0.795836
0.0424282
0.101084
0.0148469
0
0.0366432
0.0523178
0.00687612
0.0192412
0.0348168
0.0574337
0.0171917
0.0181774
0.00857363
0.0196113
0.0140452
0.0336766
0.133875
0.0196987
0.0196027
0.260989
0.0183905
0.00687253
0.10734
0.0182409
0
0.109917
0.0566532
0.127337
0.0157119
0.0360855
0.0341831
0.568774
0.0170858
0.00885357
0.0657324
0.0278168
0
0.0756292
0.0109162
0.00619579
0.0126565
0.0188278
0.0333332
0.0181774
0.03577
0.0298256
0
0.0264349
0.0867697
0.0292595
0
0.378613
0.0594111
0.00752053
0.107167
0.0278416
0.015648
0.107205
0.0558602
0.0245477
0.163005
0.0291149
0.0360855
0.0218044
0.699017
0.0180137
0
0.0111207
0.0268143
0.056768
0.0527504
0.0132997
0.0250024
0.0167895
0
0.00834944
0.00874864
0.0181757
0.0286848
0.0100632
0.0419506
0.0325282
0.0579615
0.0296059
0.0190851
0.455457
0.0589874
0.0140377
0.0712149
0.00960077
0
0.0627239
0.039595
0.00854915
0.166495
0.0219993
0.0118732
0.0219259
0.292314
0.00963632
0.0090551
0.0116116
0.0129107
0.0182679
0.0190115
0.0313564
0.00685777
0.0184946
0
0.0247271
0.0167345
0.0171647
0.0193994
0.0421284
0.0326839
0.0299034
0.0200622
0.0103078
0.256929
0.0375131
0.0214092
0.0800308
0
0.0162234
0.0776487
0.016529
0.00854915
0.102067
0.0219543
0.0118732
0.010742
0.13667
0.00963632
0.0090551
0
0.0129107
0
0
0.00993124
0.0191813
0
0
0
0
0.00993076
0.0106569
0.0137378
0.0130455
0.0299034
0.0198062
0
0.42318
0.0177423
0.0218488
0.0624764
0
0.00802022
0.0639806
0
0.0149619
0.0895821
0.0148687
0.0118732
0.0321437
0.0595204
0.0190071
0.0107435
0.00642531
0
0.0173248
0
0
0
0.00729177
0.00979237
0.0198062
0.0300996
0.995467
0.0214963
0.0150053
0.0523549
0
0.00798761
0.0148396
0.00753131
0.00750245
0.0527192
0.0158591
0.0497504
0
0
0.00972639
0.0283753
0.00729177
0.00979237
0.0211302
0.00954266
0.996271
0.0223932
0.051663
0.00979513
0.0148396
0.0164029
0
0.0402661
0.0201247
0.00918622
0.827283
0.0173785
0.327299
0.0558456
0.00952291
