0.00528245
0.00269038
0.00270509
0.00553479
0.00252876
0
0.00781121
0.00841628
0
0
0.00270509
0.0026353
0.00277127
0.0115818
0.0231121
0
0.0108505
0.202265
0.131633
0.945289
0.00270509
0.00292495
0.0083955
0.00844096
0.00581539
0.004139
0.00698024
0.00329057
0
0.00828074
0.00829998
0.00580701
0.00263246
0.00249699
0
0.00276159
0.0054843
0.0149266
0.00263246
0.00270509
0.0165977
0.00256887
0.00240717
0
0
0.0168585
0.00824505
0.0162009
0.0177877
0.0055429
0.0142969
0.00263246
0.00255288
0.00263246
0
0.121738
0.00276159
0.0256023
0.00263246
0.00545727
0.00889941
0.00263246
0
0.0694262
0.0147175
0.027569
0.0170815
0.0305808
0.0106828
0.00278414
0.00277443
0.0144788
0.0248415
0.0581717
0.21181
1
0.991781
0
0
0.00285185
0.00290469
0.00777776
0.00529901
0
0.00258443
0.0027913
0.00450291
0.0065685
0.00295282
0
0.00590706
0
0.00298463
0.00534418
0.00426173
0.00561708
0
0.00298344
0.00540732
0.00307739
0.00687482
0.00296569
0.00255288
0.0175455
0.0057302
0.00838903
0.00259597
0.0139711
0.0136936
0.00518534
0.0114657
0
0.0150649
0
0.00291354
0.00313609
0.0139711
0.0484295
0.0139711
0.0030903
0.0275373
0.00513
0
0.0168757
0.00266496
0.00862102
0.00265684
0.00251172
0.00298463
0.00548848
0.0121762
0
0.109964
0.00275685
0.00277277
0.010535
0
0.00548848
0.0283802
0.00806297
0.00829171
0
0.00267477
0.00802164
0.0469149
0.0025262
0.00266496
0.00278501
0.0150928
0.0305781
0.0235523
0.00819659
0.0029869
0.0276398
0
0.00534293
0.00542143
0.0165951
0.00266496
0.0226294
0.0450536
0.475382
0.172751
0.0471235
1.01063
0.00819784
0
0
0.00304702
0
0.00704675
0
0.011084
0.00268459
0
0.00268963
0.0055774
0.00469783
0.161443
0
0.00671148
0.00571035
0.0328583
0.00292018
0.0197475
0
0.00284074
0.00569052
0.00334955
0.0024846
0.00303245
0
0.0284569
0.00876776
0.00631506
0.00569052
0.00540841
0.0833453
0.0027913
0.983662
0.00300359
0.00509214
0.00817805
0.00275454
0.00305611
0.0196598
0.0152879
0.0271886
0.00549134
0.00530693
0.00268671
0.0175273
0
0
0.00691314
0.00276597
0.00541507
0.00237538
0
0
0.0333747
0
0.0203194
0.00544307
0.00326441
0.00506615
0
0.0026669
0.00257678
0.00584408
0.0137842
0.00286264
0.0104438
0.00841661
0.0107086
0.0483705
0.00547727
0.00257678
0.0133257
0.0053096
0.159138
0.0585442
0.00561782
0.00793447
0.0288666
0
0.0154607
0.0190658
0.0313462
0.24463
0.00829228
0.0101601
0.0312464
0.0399658
0.358211
0.480203
0.442359
0.877317
0.00577239
0.00815729
0.010703
0.00383513
0.0097523
0.00270312
0.00557248
0.00292487
0.00817368
0.0136521
0.0411201
0.00264571
0
0.00535999
0.00557811
0.0257375
0.00292569
0.00826449
0
0.00370212
0.0354363
0.00285536
0.0106947
0
0.00816365
0.00875753
0.00555523
0
0
0.00324078
0.00568107
0.0346482
0.0115105
0.00252036
0.0190214
0.0024846
0
0.994377
0.00300511
0
0.0082153
0.00284386
0.00560841
0.0028106
0.00587844
0.0187513
0.0211043
0
0.0028746
0.00850931
0.00283596
0.00258784
0.00284508
0.00834911
0.0422025
0.00533289
0.00275526
0.0198461
0.00298315
0.00274266
0.00270392
0.00293107
0
0.00817939
0.0508048
0.217174
0.00644921
0.00284508
0.00502907
0
0.00298111
0
0.0226655
0
0
0.00264376
0
0.0445273
0
0.00285551
0.00277056
0.0161329
0.00823644
0.077135
0.00952858
0.00541871
0.01405
0.00687735
0.00285773
0.0052397
0.00764704
0.0239597
0.00910701
0.0281933
0.0844669
0.190019
0.18425
1.01926
0.905953
0
0.0139289
0
0.00527363
0.00576345
0.00292569
0.00841538
0.0052459
0.0137409
0
0
0.00266686
0.00317615
0.0144974
0.00259118
0
0
0
0.00850444
0
0.00254092
0.00880741
0.0396533
0.0686667
0.00293351
0.00521344
0
0.00811948
1.01926
0.00293615
0.00260311
0.00530388
0.00250915
0.00551648
0.0108124
0.00239324
0.00600422
0.0591176
0
0.00859995
0.139571
0.007649
0.00530748
0.00288392
0.00498809
0.0838273
0.00688484
0
0.00459374
0.0362621
0.0211725
0.00559356
0
0
0.0137883
0.00316837
0.00375202
0.0363112
0.0393285
0
0.038595
0.002823
0.00789092
0.00291841
0.0118238
0
0.00716527
0.0623344
0.0205358
0.00450227
0.00287913
0.00248596
0.00268707
0.0872342
0.040754
0.00788533
0.00594362
0.00266762
0.00611112
0
0.00809853
0.00262844
0.00792286
0.0203527
0.0377423
0.0336605
0.463327
0.103455
1.04303
0.996782
0.00294794
0.0070027
0.00792974
0.00782084
0.00253682
0
0
0
0.0112865
0.00357493
0.00256826
0.00308378
0
0.00563472
0.0029628
0.00263927
0.00835804
0.00327421
0.00266632
0.0107293
0.0027887
0.00270527
0.00282075
0.00297549
0
0.00255288
0.00255093
0.991643
0.00504982
0.00534727
0.00254092
0.00251333
0.0431109
0.0379006
0.00266632
0
0.195734
0.00250611
0.0026322
0.00277056
0.00538705
0.120434
0.00252323
0.0166117
0.0261032
0.0026153
0.0077689
0.00260082
0.005587
0.00502667
0.0422619
0.0031865
0.182359
0.0379962
0.0077689
0.00238722
0.0105111
0.00256611
0.0282141
0.0059755
0.107201
0.00247064
0
0.0079116
0.0026019
0.044239
0.0059017
0.00261525
0
0.0115793
0.0026153
0.00246703
0
0.0052963
0.00812114
0.0205566
0.0111954
0.0413958
0.0794062
1
0.981152
0.0671257
0.983646
0.00517241
0.00266511
0.0053813
0.0103174
0
0.00545775
0.0217149
0.0217085
0.031962
0.00306973
0.00266361
0.00254049
0.00310265
0.00517533
0.00531648
0.0183679
0.0091461
0.00554579
0.079679
0.0112263
0.00559022
0.00267531
0.00265728
0.00417251
0.00260676
0
0.00274665
0.00783995
0.00296264
0.00559222
0.00686664
0.00571146
0.00260079
0.0025967
0.00254683
0.00770107
0.0930847
0.0335314
0.0608353
1.02617
0
0.00775924
0.00779644
0.00254683
0.00750792
0
0.0400677
0.0109877
0.00268841
0.0194376
0.0967595
0.00766834
0.0262599
0.0363023
0.013294
0.00252413
0
0.00515258
0.0352319
0.0108832
0.00298775
0
0.00250472
0.00426821
0.0259888
0.0421675
0.0225558
0.0589717
0.02846
0.00303956
0.00876571
0
0.00565211
0.00383513
0.00513494
0.0113058
0.0405453
0.0188501
0.00276682
0.00532012
0.00523823
0.00544578
0.00562576
0.0769556
0.0159385
0.00455616
0.27948
0.00534807
0.0150883
0.0079566
0.025712
0
0.00266436
0.00532012
0
0.00822724
0.0322461
0.0379945
0.0323987
0.568786
0.0928359
0.992152
0.641172
0.98891
0.986527
1
0.670017
0.0054246
0.00583326
0.0106676
0.122355
0.0108994
0.0205603
0.0142651
0.382345
0.0137989
0.00517568
0.00522434
0
0.00266511
0.00277442
0.0107337
0.0135951
0.0110845
0.014338
0
0.00512928
0.00275767
0
0.00273484
0.0151922
0.00251002
0.00556409
0.0254212
0.079984
0.010809
0.0107441
0
0.0027578
0.0156341
0.00529631
0.00502425
0
0
0.00529165
0.00298096
0.00546541
0.00699909
0.0791546
0.025471
0.0917069
0.993434
0.954032
0.0686551
0.121551
0.00504684
0.0109131
0.00567378
0.00285777
0.00280158
0
0.00662333
0.0510752
0.00527422
0.0197213
0.0576874
0.0167184
0.0156825
0.00535102
0.00583873
0.00846005
0.00559815
0.00582065
0.00808408
0.0275871
0.0109251
0.00273383
0.00274164
0.00284959
0.00798276
0.00764048
0.0335002
0.00729821
0.29666
0.0249924
0.0111041
0
0.00292569
0
0.0134447
0.0193796
0.0396035
0.0763087
0.0128686
0.0111764
0
0.0144922
0.00295234
0.0025012
0.313724
0.0419186
0.0206729
0.0432968
0.245298
0.0117326
0.0157853
0.00773226
0.00291299
0.00292569
0.00789816
0.00562074
0.00432835
0.0662403
0.0518294
0.0662713
0.424565
0.17751
1.02032
1
1.27095
0.549281
1.01
1.00961
0.968795
0.0025754
0.00261683
0.00767568
0.0180399
0.00599931
0
0.0145748
0.0835446
0.0229663
0.00261135
0.00263647
0.00272036
0
0.00268909
0.0105938
0.00765622
0.0052803
0.0206589
0.00524569
0.0256618
0
0.0108169
0
0.00281476
0.00528674
0.00448436
0.00815967
0.00254415
0.0345241
0.00278137
0.0079732
0.0300483
0
0.00534584
0.00556232
0.0323073
0
0.0061595
0.00579806
0.00297544
0.00278137
0.00257467
0.00262348
0.0053573
0.0351931
0.0708411
0.00769801
0.0219836
0.559285
0.0198503
0.0055991
0.00798835
0.011536
0
0
0
0.0199847
0.00312938
0.0610483
0.0115937
0.0383688
0.0187253
0
0.0303155
0
0.00527506
0
0.0274592
0.0221029
0
0.00582725
0.0158293
0.0161933
0.00274912
0.00282286
0.00508173
0.00545383
0.00537714
0.0070263
0.0112082
0.00796874
0
0.0500625
0.00781106
0.00589571
0
0.00826164
0.00539599
0.0120465
0.0108521
0.0692462
0.00506446
0.00297397
0
0.00524382
0
0.0105995
0.0379861
0.0135599
0.0032571
0.088941
0.00546229
0.00812467
0.00759905
0.0191864
0.00270181
0.00287913
0.00512717
0.0053897
0.00260473
0.00663948
0.00818377
0.0551618
0.0215322
0.242965
0.0765787
1
0.569134
0.0924892
0.987639
0.983281
0.00538559
0.00788535
0.00815439
0.00874324
0.0223406
0.0181771
0.00627668
0.0139286
0.00250996
0.00287913
0.00265509
0
0.00812637
0.00288724
0.0044194
0.0168462
0.00775035
0.0102984
0.00312616
0.00375175
0.0333175
0.00531423
0.00274808
0.00799515
0
0.00266546
0
0.0077105
0.0050331
0.00445731
0.00253734
0.00288603
0.00832072
0.00258542
0.0081346
0.00279195
0
0.00530058
0.00275198
0.0166247
0.00408764
0.0196027
0.0177173
0.0116286
0.514039
0.0308479
0.0105506
0.00786762
0.00895927
0
0.00297154
0.0128515
0.00258043
0.0222677
0.0616438
0.00521872
0.00277747
0.0874139
0.00873606
0.00499023
0.0025612
0.00527939
0.00573382
0.010569
0.0193118
0.00280776
0.00552932
0.034087
0.052168
0.00528555
0
0.0186412
0.00500481
0
0.00518798
0.00729219
0.0395467
0.0424642
0.0259271
0.156741
0.00263293
0.06246
0.0108781
0.0102272
0.0106584
0.0143251
0.0218806
0.0200535
0.0298957
0.0104659
0.00259745
0
0.00780475
0.0186158
0
0.0107942
0.0459937
0.0106082
0.00983783
0.0362565
0.00268691
0.0161528
0.00523812
0.00271008
0.00719718
0.0215029
0
0.00257127
0.0237612
0.0112812
0.0109701
0.0677445
0.0385709
0.777701
0.00246589
0.00245469
0.00262737
0.00334392
0.0180159
0.00950967
0.013992
0.00252154
0.00541981
0.00262811
0.00290739
0.00768865
0.0109463
0.00833645
0.00985265
0.00261861
0.005312
0.00576443
0
0
0.00548418
0.00291649
0.00253591
0.0029338
0.00699269
0.00580857
0
0.00254541
0.0132566
0
0.00311669
0.00277199
0.00262348
0.0058947
0.00794991
0.0115752
0.0728827
0.00298034
0.0152824
0.135577
0.048009
0.00256416
0.0113877
0.00534397
0.0157624
0.0105431
0.015755
0
0.00338625
0.0236296
0.00824973
0.0455678
0.0198693
0.00824073
0.00256416
0.00554376
0.0962538
0.00602461
0.00286186
0
0
0.00525369
0.0148446
0.0196399
0.00268792
0.0378961
0.00588692
0.00298096
0.0059936
0.0026797
0.00543191
0.021568
0.00801994
0.00777436
0.0442543
0.00312022
0.00257064
0.0109077
0.00298096
0
0.00501916
0.0054732
0.0141294
0.019863
0.00637097
0.0267193
0.0107474
0
0
0.00766395
0.00691565
0.00516998
0.0051017
0.0136243
0.0117337
0.00787764
0.00797849
0.00274688
0.00267612
0.00504822
0.00512404
0.00278803
0
0.00519736
0.00792229
0
0.00854714
0.00604133
0.0107883
0.00685779
0.00942115
0.251886
0.00262663
0.00253805
0.00510094
0.00569625
0.00663116
0.0122338
0.014688
0.00269374
0.00541208
0.00271079
0
0
0.00539362
0.00439189
0.0027111
0.00698757
0.00265008
0.00831068
0.00466121
0
0.00841911
0.00569496
0.0334598
0
0.0054569
0.00256202
0.0084432
0
0.00309656
0.00853565
0.0293637
0.00268881
0
0
0.00508893
0.00280349
0.0215205
0.109554
0.00593113
0.0209295
0.0535012
1
0.034976
0.00550809
0.00277278
0.00522866
0.00568473
0.00556246
0.00595835
0.00382516
0.0354171
0.00269868
0.00599424
0.00800521
0.00583098
0.0158371
0
0.00266836
0
0.022621
0.00854085
0.00274106
0.0300967
0.00271239
0.0048353
0
0.00289669
0.00589593
0
0.00498032
0.0119026
0.00532844
0.00374937
0.0233508
0.00305475
0.0105633
0
0.00561334
0.00372275
0.00265504
0.00252929
0.00556821
0.0144355
0.0118344
0.0247941
0.00522301
0.00849708
0.00666033
0.0129619
0.0113546
0.00523224
0.0154192
0.0054539
0.00833945
0.0151244
0.0120902
0.00277977
0
0.0135259
0
0.00750333
0.0026684
0.00763891
0.00302148
0.00256384
0.00970082
0.00267559
0.00262818
0.011987
0.0198269
0.888268
0.00261604
0
0.00282357
0.00251067
0
0.00893919
0.0101051
0.0134258
0.00278469
0
0.00261678
0.00262763
0.00544888
0.00602338
0.00845416
0.0036998
0.00822595
0.0263421
0.0029867
0
0.00426999
0.00713666
0.0306082
0.0030588
0.0189185
0
0.00265008
0.0123985
0
0.00511035
0.00447142
0.00591626
0.0148925
0.00261678
0.00299012
0.00304765
0.00575737
0.00265008
0
0.00293791
0.00812469
0.015164
0
0.00559368
0.00605734
1
0.0603869
0.990427
0.00751405
0.0160079
0
0
0.00270432
0.0106515
0
0.0412777
0.0334398
0.0118238
0.00312649
0.090021
0.0108182
0.00235872
0.00856434
0.0664113
0.00816189
0.00303527
0.0277655
0
0.00260671
0.00274634
0.00999515
0.00573096
0.0142145
0
0.00671782
0.0361858
0.0450779
0.00426282
0.0071579
0.00301947
0.0127514
0.00838277
0.00535835
0
0.0109843
0.00747517
0.00579932
0.0220728
0.00801247
0.0117207
0.00518007
0.00260247
0.00550979
0
0.00574022
0.0494459
0.00569456
0.0047753
0
0.00538344
0.00523773
0.00255769
0.00536975
0.00574022
0.0059701
0.00246658
0.0309172
0.00276771
0.00288475
0
0.013541
0.919814
0.00559219
0
0.00267119
0
0
0.00312075
0
0.0130068
0.00310174
0.00298794
0.00278074
0.00527901
0.00294703
0.00275797
0.00862958
0.00534624
0.0107238
0.00723175
0
0.00275317
0.00384624
0
0.00829871
0
0
0.00588703
0.028099
0.00298686
0.00275643
0.00260028
0.00398426
0
0.00807649
0.0033667
0.0159466
0.0056713
0
0.00298686
0.00557439
0.00269942
0.0173849
0.00562528
0.00333637
0.00276171
0.441091
0.501088
0.675368
0
0.00519281
0.00298686
0.00553663
0.0053206
0.016558
0.0716407
0
0.00309344
0.0112708
0
0.175795
0.00275535
0.00293793
0.00256416
0.00831248
0.00500093
0.00257807
0.00256416
0.48467
0.00305646
0.0237013
0.00887953
0.00269207
0.00248384
0.00545473
0.00541716
0.00274478
0
0.0177787
0.00372244
0.0429409
0.00449018
0.0783436
0.0331211
0
0.00348657
0.00246027
0
0
0.342952
0.0197566
0.00269207
0.00531873
0
0.00277941
0.014413
0.0105927
0.079384
0.00897314
0
0
0
0.00266743
0.00543105
0.00807325
0.00267511
0.0143687
0.0135852
0
0.00276006
0
0.992514
0.00594152
0.00252963
0.00285609
0
0.00551443
0.014956
0.103627
0.0106449
0.00990398
0.00290046
0.00597277
0
0
0
0.00888045
0.0079867
0.00567139
0.0141051
0
0.00281102
0.0111946
0.0106932
0.00874328
0.0067437
0.00291271
0.00782806
0.0108125
0
0.00295984
0.00289602
0.00325561
0
0.0029521
0.00861749
0.00305291
0.00585688
0.00295984
0
0.0025532
0.00785393
0.0105144
0.4935
0.971142
0.0102248
0.00579936
0.00306822
0.015858
0
0.0593224
0
0.0116667
0.00564647
0.0922554
0.0029308
0.00571628
0
0.144121
0.00266894
0.00613545
0.00690963
0
0.00277613
0
0.00535983
0.00257018
0.00304122
0.00641403
0.00454354
0.00576106
0.0406455
0.00391996
0
0.00637099
0.00295984
0
0
0.025454
0.00305684
0.0177391
0.00266894
0
0
0.0295687
0.0391947
0.00255769
0.0264864
0
0.0300594
0.00291181
0
0.0051763
0.00306484
0.00264176
0.0119635
0.00559277
0
0.0108384
0
0.00269479
0.00286575
0.0196087
0.0044005
0
0
0.0106723
0.00277978
0
0.00376419
0
0.00591339
0
0
0.0132179
0.00572462
0
0.0084782
0.00520742
0.00269942
0.00780367
0.00275787
0.0141178
0.00264359
0.00277978
0.0081562
0.00269479
0
0.00269285
0.0130303
0.00295533
1.06027
0.314293
0.00260409
0.00542982
0.0199059
0.0119048
0.0247388
0.00836357
0.0849774
0.00260409
0.00274491
0.00260916
0
0.0233935
0.00285242
0.00944562
0.00276314
0.00245043
0.00270255
0.00277278
0.00573693
0.00288221
0.0113836
0
0.0145019
0.0233332
0.00308658
0
0.00282727
0.00344816
0.00569243
0.0125734
0.00293416
0
0.00268516
0
0.0137751
0.00582128
0.0489894
0.0126345
0.00291113
0.00268516
0.0137199
0
0.00567186
0
0
0.00362808
0.999763
0.00285145
0.00308236
0.0144547
0
0.00250981
0
0
0.00870706
0.00766853
0.00941047
0.00248174
0
0.00251619
0
0
0.00287962
0.00280803
0.00294618
0.0049919
0
0.00277278
0
0.0049919
0.00250946
0.00346598
0.0027504
0.0167071
0.00250946
0
0.00868993
0.446159
0
0
0.0052388
0.01428
0.00558366
0.00250218
0
0.081423
0.0119033
0
0.00236963
0.00277941
0
0.00300141
0.00790005
0.00849956
0.00382804
0.0208232
0.00250946
0.00788157
0.00277941
0
0.00289841
0.0199213
0.00608593
0
0.00238087
0.00825569
0.00550528
0.0030489
0
0.0175148
0.00272785
0
0.00264528
0.00550528
0.00384187
0.817592
0.00308179
0
0
0.00675566
0
0.00869847
0.00254373
0
0.0251015
0.00581628
0.00941041
0.00306139
0.00314446
0.0251015
0.00293483
0.0440224
0.00330006
0.00259598
0.0110975
0.00293483
0.0563955
0.00308368
0.00306233
0.00528886
0.0138094
0.722106
0.00250944
0.00528886
0.503359
0.0186866
0.00382804
0.0030495
0.00541783
0.00254541
0.0033521
0.00538507
0.00538507
0.00299862
0.00268251
0.00538507
0.385884
0.00268251
0
0
0.0118432
0
0.00289505
0
0
0
0.0829021
0.0347572
0
0
0
0
0
0
0
0.0505571
0
0
0.00276099
0.00276099
0.00276099
0.0103628
0
0.00280559
0.00866062
0.00297208
0.150845
0
0
0
0
0
0
0
0
0
0.00285663
0
0.00268418
0.00547303
0
0
0
0
0.00771194
0
0
0.00248579
0.00739512
0.00576878
0.00798387
0.0129821
0.00772641
0.677696
0.821689
0
0.00272334
0.00267487
0
0
0.00393535
0.00281122
0
0.0055417
0.00288066
0
0.00270252
0.00276244
0.00280323
0.00525716
0.00269784
0
0.0130969
0.00679571
0.00276244
0
0.00247367
0.0188846
0
0
0.00273179
0
0.00275633
0.00250772
0
0.00535714
0
0
0.00852757
0.00546837
0.00564758
0
0.077943
0
0.00674885
0.0167329
0.021839
0.0373781
0.040008
0.00266061
0.871651
0.583044
0
0.00285329
0
0.00246204
0.00340696
0.00307191
0.00285838
0.016071
0.00276155
0.00276099
0.00248579
0.00250772
0.0045484
0
0.0051274
0.00276099
0.00489913
0.00250772
0
0.00272934
0.00533243
0
0.00250772
0.00248579
0.0028425
0.00472733
0.00601894
0.00537228
0.0139254
0.00937247
0.00267075
0.00267882
0
0
0
0.0142137
0.0105596
0.00997559
0
0.00832222
0.00373764
0.0163909
0.0102565
0.0100721
0
0.00549568
0.00257044
0.0247992
0.0633009
0.00293513
0
0.0194543
0.0066504
0
0
0.00523105
0.0337046
0.0139763
0.0383644
0.0679362
0.0395761
0.00546593
0.00270659
0
0.0050645
0.0100893
0.554427
0.00530372
0
0.0122162
0.00257257
0.00824532
0.00267487
0.00275204
0.00265986
0.00501183
0.00782669
0.00700186
0.0230032
0.00805625
0
0.00521407
0.0132548
0.00762989
0.0026764
0.0027239
0
0.00276278
0.00522171
0
0.079133
0.00277854
0.00807458
0.00270667
0.00328574
0.0105136
0.00537892
0
0
0.00272302
0.0184446
0.00289358
0.00286304
0.00247071
0.00516987
0.00267882
0.00792569
0.00254994
0.00263088
0.00388996
0.00876292
0.0051381
0.0574311
0.022713
0.00789321
0.00536401
1.01991
0.00520803
0
0.00525494
0.0166044
0.0612006
0.0103121
0
0.0026859
0.0116745
0.00261766
0.00272334
0.0110688
0.02165
0.00802875
0.0135081
0.0054109
0.0288653
0.00246204
0
0.0109228
0.0842152
0.0181228
0.0027796
0.00836143
0.0298863
0.00252766
0.00499279
0
0.0623454
0.0027161
0
0.0216976
0.0544247
0.411272
0.0328904
0.00538392
0.00268511
0.002746
0.0462239
0.672398
0.00266093
0
0.0145041
0
0.00849968
0
0.00246504
0.00245968
0.00275204
0.0024459
0.00758
0.00266243
0.0036022
0.016055
0.00968252
0
0.0102037
0.00278965
0.00277051
0.00248808
0.0052152
0.00512217
0.0109533
0.00560105
0
0
0
0.00246204
0
0.0290779
0.00823867
0.00955789
0.00252508
0.0154
0.0135372
0
0.0250853
0.00560105
0
0
0.0302236
0.00830179
0.00256587
0
0.00548185
0.0132434
0.0082398
0.00276278
0
0.00293531
0.00459437
0.0283811
0.00557061
0.0034078
0.0131486
0.0920568
0.0105436
0
0.00544819
0.0132434
0.00290977
0.0081419
0
0
0.00279127
1.02784
0.00531536
0
0.00491194
0.00256381
0
0.00525098
0.0248807
0.0390118
0.0473826
0.00297577
0.0220153
0
0.00492131
0
0.00803569
0.0221016
0.0051873
0.0175914
0.0190106
0.00542806
0.053446
0
0.00308039
0.00727699
0.00285333
0.0160579
0.0108589
0.0823729
0.0457371
0.00282376
0.0140296
0.0348694
0.0027964
0.00272399
0.0103746
0.0294341
0.0122111
0.0132324
0.00830163
0.0437683
0.0638265
0.308398
0.0245474
0.00283578
0.0106497
0.558811
0.744109
0.00784662
0.00261688
0.00926565
0.00585306
0.00825231
0.0028264
0.00253633
0.00283184
0.00520301
0.0623342
0.00262928
0.00487528
0.00537466
0.00765321
0.00253633
0.00281466
0
0.00517954
0.00254926
0.0132801
0.0025989
0.00626259
0.021806
0.00536658
0.0025989
0.00256337
0
0.00283246
0.00527528
0.155755
0.0379752
0.0165242
0.00301052
0.00498879
0.0025989
0.00522029
0
0
0
0.16586
0.00810399
0
0.00560498
0.0104756
0.00814324
0.0026426
0.00528741
0.00479585
0.00284556
0.00403035
0.149238
0.00266644
0.00793194
0.00279066
0.405174
0.015596
0.00257359
0.00520207
0.00266644
0
0.00860054
0
0.984846
0
0
0.00260005
0.00262315
0.00256337
0.0796392
0.0494184
0.0588928
0.00278242
0
0.00273451
0.0321632
0
0.00247803
0.002746
0.0161766
0.0324581
0.00759186
0.00728368
0.00259474
0.0130851
0.11737
0.0164071
0.00280506
0.0118432
0.0190549
0.00274969
0.0103929
0.0113186
0.0797349
0.0335909
0
0.00282012
0.0161028
0
0.04562
0.00269917
0.0103856
0.00274969
0.0413971
0.0027056
0.00665525
0.0389604
0.0681671
0.290443
0.0299591
0.975485
0.002752
0.00270594
0.00268547
1.05684
0.574582
0.00248789
0.00250747
0.0133661
0
0.00278955
0.00576537
0.00268458
0.00274738
0.00248649
0
0.0136721
0.00252555
0.00498105
0.0182904
0.00268458
0
0.00544072
0.0107468
0.00245928
0.00525705
0.00274903
0
0
0.0761887
0.0314811
0.00280289
0.00282542
0.00515051
0
0
0
0.00569801
0.00264516
0.00534578
0.00262542
0
0.00784445
0
0.00542615
0.0438282
0.00283116
0.00788194
0.00262542
0.879324
0.0120645
0.00280995
0
0.00533859
0.00513386
0.00260597
0.00529855
0.00878456
0
0.00288006
1.00463
0.0050414
0
0.0082399
0.0175434
0.00285336
0.00637275
0.0361531
0.0372895
0.00694045
0.00575981
0.00559107
0.0101295
0.00372258
0
0.00256337
0.00290096
0.00539781
0.0107419
0.00983542
0.0125114
0.0265034
0.0054077
0.0119208
0.03657
0.00288257
0.0100025
0.00818099
0.00268458
0.00810162
0.0544199
0.0176449
0.0431783
0
0.00274538
0.00836678
0.00751785
0.0298568
0.00268458
0.00818099
0.00526002
0.00543249
0
0.0341648
0.00798648
0.0351639
0.163159
0.032011
1.00584
0.147
0.00307095
0.0122061
0.0303874
1
0.973555
0.993902
0
0.00245997
0.00267193
0.00251316
0.00313339
0.00806512
0.00278602
0.00513417
0.00270784
0.00274851
0.00264942
0.00253724
0.00546127
0.00241238
0.00326379
0
0
0
0.00790361
0.00272708
0.00240094
0.00799109
0.00248087
0.00515166
0.00264867
0.00276583
0.00810854
0.0436244
0.00531575
0.00246038
0.00245928
0.00269128
0.00524757
0.0344527
0.0135093
0.00536912
0.00251882
0.0109754
0.00270051
0.00529855
0.00279066
0.00368066
0.118732
0.00304813
0.00271452
0.00249655
0.0859124
0.0204305
0.00525916
0.00279066
0.00269128
0.0148013
0.0082285
0.0101218
0.0590512
0.0292246
0.0026671
0.979982
0.00793876
0
0.00566618
0.0107868
0
0.0135244
0.0439122
0.0156464
0.0306872
0.0294791
0.00243935
0.00256803
0.00894895
0.00535703
0.0137891
0
0.0125388
0.00276265
0.00271467
0.0629117
0.00258136
0.00259691
0.00268555
0.00515166
0.00252377
0.0215314
0.007913
0
0.00826069
0.0134739
0.00299334
0.0637303
0
0.00749181
0.00275204
0
0.0079685
0
0.00249913
0.0157495
0.0376653
0.0435056
0.0191057
0.966903
0.772768
0.00853425
0
0.0103184
1
1
0.994752
0.00257011
0.018252
0.0481565
0.0389381
0.00796726
0.00755875
0
0.00816235
0.00272269
0.00510452
0
0.00251408
0.0221318
0.00274254
0.0129269
0
0.00793273
0.00819105
0.00814325
0.00510452
0.00836564
0.00252672
0.00510452
0.00267657
0.00805204
0.00256168
0
0.00325051
0.00509895
0
0
0.0147554
0.0185429
0.00575103
0.00527189
0.00269128
0.00272708
0.00256939
0
0.00275735
0.021107
0.00555113
0.0028764
0.0192624
0.00524477
0.00251316
0.00258921
0.00248779
0.0025856
0.00847641
0.00298535
0.0948456
0.00823673
0.00799127
0.00512793
0.052933
0.0158602
0.024851
0.00271266
0.00248779
0.00619508
0.0630976
0.0451883
0.0534282
0.0779458
0.963655
1.01747
0.00531654
0.00255112
0.00819281
0
0
0.0240794
0.0111772
0.0775585
0.0378697
0.00256364
0.00272493
0.00261116
0.00271266
0
0.00567029
0.0109089
0.0200402
0.0111424
0.0104052
0.00811886
0.0350802
0.00251759
0.016106
0.00271266
0.0130063
0.0381173
0.00513868
0.00659394
0.224871
0.00286737
0.00265174
0.0269268
0.0241239
0.00782425
0.00545445
0.00571649
0.00291901
0.0135798
0.0103281
0.0107423
0.0216213
0.123543
0.0136386
0.992276
0.989981
0.00281778
0.0112334
0.00262719
0.752692
1.00544
0.653397
1.00042
0.00499622
0.00255354
0.00332684
0.0108079
0.0447988
0.00821706
0.00517782
0.00271266
0.00531611
0
0.00519341
0
0
0.00803915
0.010931
0.00257494
0.00264054
0.00246038
0.00244525
0.00251337
0.00272072
0.0032461
0.012291
0
0.00537852
0.00272072
0.00275735
0.00535331
0.00272072
0.0168431
0.0028099
0.00546828
0.0076188
0.00272072
0.0080995
0.00259929
0.00251337
0.00794062
0.00262675
0.00598955
0.0309475
0.00498436
0.00774659
0.00528253
0
0.0053226
0
0.00413869
0.0498778
0
0
0.0103897
0.195865
0.0168149
0
0.00765555
0.00262117
0.0081685
0.00278119
0.00714864
0.0965582
0.0159203
0.0844474
0.993945
0.00768042
0.00519218
0
0.00288775
0.00254277
0
0.0103069
0.0488383
0.0202839
0.0140451
0.0189425
0.0079522
0.00259929
0.00763459
0.00760007
0.00256803
0.00533765
0.00824333
0.0193372
0.0294773
0.0104748
0.00269341
0.0631977
0.00528335
0.00264278
0.00312309
0.0077234
0.00546251
0.0124974
0.0679164
0.0216776
0.00378835
0.219238
0.00536676
0.00786022
0.00735248
0.00840613
0.00242927
0.00716772
0.00252184
0.00514673
0.0028273
0.00510223
0.00809719
0.00266314
0.0264344
0.0161426
0.198725
0.0108738
0.978392
0.0027039
0.0171558
0.00252184
0.621233
0.974578
0
0
0.0125027
0
0
0.00532394
0.00533985
0.00279799
0.00283197
0.00257131
0.0110849
0.00732017
0.00804769
0
0.00284472
0.00533985
0.00253076
0.00261319
0.00256162
0
0
0.00532674
0.0393103
0.00272072
0
0.002514
0
0.00462389
0
0
0.00275735
0.00272072
0.00280127
0
0.00510135
0.00547856
0
0
0.00275735
0.00256939
0
0.00275735
0.00519708
0.0396595
0.00544665
0.033429
0.0371203
0.00275735
0.00522962
0
0.00639636
0.00518761
0.738478
0.00821986
0.00271838
0.00275792
0.00443536
0.0165732
0.00743542
0.00479136
0
0.00251337
0.00477854
0.00458797
0.00290483
0.00626463
0.00767812
0.00260091
0
0.0435651
0
0
0
0.00257494
0.0442646
0.00561541
0
0.00566258
0
0.00253091
0.00257494
0
0.00262456
0
0.00391684
0.00543298
0.00565779
0.0961586
0.00305513
0
0.00270784
0.071413
0.010519
0.00322088
0
0
0.00266484
0.00788013
0
0.00265442
0
0.00281071
0.00258673
0.00258483
0.00558516
0.00274117
0
0
0.002514
0.00503856
0
0.0025683
0
0.011294
0.00263262
0.00527429
0.00262031
0
0.00533088
0.00278961
0.00264074
0.00788236
0.00265367
0.00519481
0.00487127
0.00258981
0.00337843
0.0690759
0.0026944
0.0105664
0.00272098
0
0.00247752
0.0107857
0.392311
0.00251337
0.00272493
0.00554236
0.0110499
0.0136178
0.00627141
0.00248955
0.00260957
0
0.00247752
0.0151506
0.00792818
0
0.0103866
0
0.0636689
0
0.00291901
0.00524036
0.0415647
0.00252662
0.00422873
0.00271258
0.00264077
0.00904792
0
0.00530111
0.00291901
0.0223876
0.0027878
0.0458258
0
0
0.00530111
0.290548
0
0.00257043
0.0033446
0
0.00496142
0
0
0
0
0.00268924
0.0216325
0.00246242
0.00259938
0.00247803
0
0.00542651
0.00512864
0.00271385
0.00263054
0
0.00271385
0.00512396
0
0.00542651
0
0.00277772
0.00253724
0
0.00297528
0.00271988
0.00529156
0.00795075
0.00438221
0
0.017279
0.00555889
0.013444
0.0755991
0.00757056
0
0.249192
1
0.00247752
0.00271266
0
0.00539983
0.00538692
0.0138054
0
0
0.00499089
0.00878039
0
0
0.00576202
0.00656344
0.00816731
0.0299453
0
0.00767687
0.0272989
0.00452308
0
0.00268976
0.00254462
0
0.00241333
0.00288771
0.00822004
0.0170966
0
0.0066449
0
0
0.01251
0.00300172
0.995145
0.00248307
0.00372508
0
0.0025178
0.00248409
0
0
0
0
0
0.00253724
0
0
0
0
0
0
0.00260589
0
0
0.0147651
0
0
0.00265367
0.00854822
0.0780256
1
0.00279169
0.005489
0
0
0.00387693
0
0.00922642
0.00256162
0.0110932
0
0.00550494
0.01036
0.00349312
0.00283163
0.020101
0.00401455
0.00922642
0.904335
0.00486502
0.00305636
0
0.0026184
0.00803766
0.00519091
0.0438984
0
0.0111251
0.00555427
0.0110058
0.267042
0.756073
0.00269739
0.0212169
0.0180683
0.00343702
0.00276266
0
0.00821963
0.00306605
0.0262034
0
0.0230573
0
0.0149318
1.00803
0.00255255
0.545171
0.00304248
0.00308606
0.36202
0.0929203
0.124924
