0.00360647
0.81682
0.035252
0.0143053
0.388291
0.0502675
0.100903
0.170485
0.681957
0.138323
0.337735
0.679316
0.348101
0.030078
0.0561478
0.0300695
0.510836
0.726026
1
0.202724
0.0319367
0.00840723
0.0395466
0.00545588
0.0139393
0.110969
0.718459
0.481905
0.0870151
1.02219
0.0759732
0.0942979
0
0.00547679
0.00953847
0.00256448
0.00261361
0.0541548
0.00842595
0.337964
0.00261361
0.00267575
0.00292649
0.00843308
0.335585
0.0412965
0.609188
0.640625
0.568797
0.985686
1.00532
0.120487
0.0151333
0.00276786
0.104613
1
0.624458
0.00390134
0.00572269
0.00279825
0.00261361
0.082478
0.0387797
0.00693116
0.308284
0.00304143
0.00309818
0.0082593
0.00980103
0.00261361
0.00408424
0.00852925
0.00258018
0.0172463
0.26395
0.0434614
0.893187
1
0.522924
0.630848
1
0.618982
0.0107855
0.00290436
0
0
0.00528374
0.0261182
1.00422
0.014383
0.0167705
0.0112806
0.02058
0.00536134
0.00261712
0.00304007
0.00281521
0.0127636
0.150052
0.00390134
0.106738
0.0115486
0
0.00299103
0.00277775
0.744148
0.0189123
0.967354
0.122296
0.973862
1
0.00290517
0.00790819
0.00278833
0.00299095
0.00290436
0.0110686
0.00308021
0.00299103
0
0.00897308
0
0.287039
0.00290436
0.00784001
0.00968119
0
0.0196369
0.0310178
0.0671311
0.00276351
0.00558493
0.00549579
0.0303526
0.0253542
0.00289811
0.00259683
0.00283949
0.00549579
0.00716842
0.0089768
0.111127
0.00302936
0.00266393
0.0156823
0
0.0697877
1
0.00561087
0.040172
0.00294695
0.00294695
0.0462631
0.644298
1.03736
1
0
0.0277272
0.0047754
0
0.00575881
1
0.547498
0.0431648
0.288135
0.00436165
0.00887562
0.0352562
0.0029521
0.00297675
0.0687114
0.0087233
1
0
0
0
0.0216453
0.0235724
0.0236206
0.0109615
0.0162207
0.00280243
0.00294695
0.00302048
0.0369394
0.00266393
0.0727872
0.00590233
0.00260794
0.00266393
0.0663328
1
0.0111043
0.00264612
0.00270789
0.0448314
0.00622528
0.00291451
0.0160358
0.503502
0.00367458
0.236632
0.0817308
0.0420846
0.845551
0.00561975
0.0215476
0.74125
0.0462525
0.152682
0.137817
0.290826
0.00295672
0.0439657
0.00293254
0.11812
0.178465
0.088504
0.853682
0.00575261
0.16288
0.00612562
0.00572691
0.810144
1
0.0256821
0.984637
0.0964531
0.00826236
0.0108008
0.00825636
0.0673163
0.00399855
0.418599
0.147
1
0.0526258
1.03504
0.0654817
0.0116741
0.0341398
0.0306523
0.274772
0.0537663
0.0307453
0.0112938
0.0223915
0.0539293
0.00330918
0.279916
0.772768
0.769827
1
0.544528
0.00299443
0.00735162
0.0590944
0.991207
0.29311
0.0028625
0.0220387
0.170268
0.0125669
0.00288194
0.120809
0.413203
1.00915
0.387514
0.66605
0.98903
0.124464
1.00981
0.121011
0.357208
0.00285734
0.282328
0.986548
0.626412
0.998027
0.0092172
0.315024
0.00855921
0.00919217
0.00293227
0.0476311
0.00293227
0.00418895
0.0103292
0.00861683
0.122326
0.00293227
0.00946912
0.171028
0.00276871
0.0554875
0.498481
0.462946
0.0216254
0.204904
0.00262531
0
0
0.00270001
0
0.53267
0.0268325
