0.0201055
0.650214
0.0400428
0.633781
0.633781
0.00923048
0.702856
0.00797076
0.569699
0.771597
0.0250145
0
0.0169631
0.303886
0.0547961
0.650157
0.0172104
0.157749
0.0101033
0.0177515
0.427059
0.0955803
0.00837796
0.00755674
0.859728
0.0358616
0.0237837
0.0229213
0.0749882
0.0190865
0.0626176
0.0390727
0.710803
0.0829145
0.0128242
1.00392
0.0172104
0.0134435
0.0237043
0.0352505
0
0.0914135
0.00617984
0.00898315
0.0543165
0.0257546
0.92369
0.0401582
0.00902421
0.0128242
0.692764
0.0229213
0.105516
0.00898315
0.0375881
0.805905
0.0277064
0.0667716
0.494658
0.0229213
0.175055
0.00898315
0.0375881
0.0126024
0.825899
0.014552
0.0667716
0.46163
0.0229213
0.402379
0.00898315
0.0375881
0
0.0124646
0.710085
0.00853926
0.0667716
0.337621
0
0.0229213
0.160792
0.00898315
0.0375881
0.0124646
0.527078
0.00853926
0.0738401
0.322185
0
0.0229213
0.0215704
0.00898315
0.0279492
0.0124646
0.48416
0.00853926
0.0738401
0.131297
0.0109075
0.0082589
0.0192452
0.023595
0.42934
0.157199
0.0198074
0.0109075
0.0192452
0.0123274
0.0930088
0.148481
0.00492486
0.054966
0.0152441
0.00739427
0.307118
0.0221851
0.307118
0.307118
0.307118
0.0130822
0
0.0119073
0.211962
0.0109933
0
0.0814458
0.0204336
0.159386
0.195172
0.035341
0.0396505
0.164123
0.192677
0.116141
0.0192168
0.388071
0.0168427
0.0486245
0.0166818
0.0245413
0.148015
0.0168427
0.0129361
0.00714593
0.0129361
0.00714593
0.00714593
0.00714593
0.0354429
