0.658703
0.003419
0.00259313
0.0128844
0.0502387
0.09811
1
0.221594
0
0.0119877
0.618917
0.933543
0.0419571
1.00103
0.995281
0
0.212348
0.641897
0.00280114
0.455288
0.0027293
0.00368912
0.207686
0.097329
1.06862
0
0.002807
0.00272816
0
0.00340625
0
0.019586
0.350116
0.632682
0.130267
0.983401
0
0
0
0
0
0.0028343
0.000167609
0
0
0.00287653
4.65998e-05
0
1
0.976172
0.00259323
0.00279496
0.0315269
0.0078437
0.00281792
0.00259177
0.00261146
0.00265958
0.00538416
0.00518651
0
0.00517482
0.00354231
0.00515605
0.00279658
0.00268088
0.0111343
0
0
0.0033887
0
0.0025925
0.00249953
0.00515045
0
0.0161039
0.00511134
0.00267203
0.00272635
0.00271345
0.0054864
0
0.00250525
0.00260824
0.00501049
0
0.103884
0.0136418
0.00250525
0
0.0208661
0
0
0.0109906
0.00818999
0
0.0370231
0.0239421
0.0135244
0.210483
0.999647
1.00587
0.00551801
0.0025892
0
0.0690446
0.0631685
0.0112533
0.00551956
0.00280579
0.00258993
0.004206
0
0.0381041
0.0242932
0.00537392
0.0025884
0.00822751
0
0.00272197
0.00261291
0.0025526
0.00653227
0.002598
0.00867459
0
0.00532725
0.00584857
0.0476895
0.00266703
0.0051213
0.0025999
0
0.023184
0
0.00275671
0.00526919
0
0.00272537
0
0
0
0
0.0188346
0.0180744
0.00258184
0.00275478
0
0.00273924
0.00791896
0.00870963
0.0111627
0.0586257
0.00273845
0.00565671
0.00549137
0.00976787
0.00250879
0.0025925
0.00260163
0.00291088
0.00295443
0.00392899
0.0134194
0.00829446
0.00816841
0.0124312
0.00290452
0.00257203
0.0186441
0.0106874
0.0164937
0.052443
0.093754
0.967535
1.03813
0.00273767
0
0.0114926
0
0.0127627
0
0.0776811
0.00815264
0.00267646
0.00273845
0.00278798
0
0.00555436
0.0216521
0.00250525
0.00250319
0
0
0.00292276
0
0.00536093
0.002598
0
0
0.00523701
0.0158499
0
0
0
0
0
0.0038253
0.00850166
0
1
0.0226326
0
0.00267125
0.00271709
0
0
0.0109978
0
0.0221764
0
0
0.00251908
0.00251977
0.00855533
0.00288952
0
0
0.00276463
0.0138068
0.0110122
0.00274039
0.00541023
0.00256617
0
0
0
0.00303535
0
0.0402168
0.00291788
0.00252729
0.00268388
0.00257003
0
0
0
0.00793124
0
0.00277193
0
0.0128418
0
0.115033
0.00285425
0.00267646
0
0.00267149
0.00542618
0
0
0.00270195
0
0.0025925
0
0.0186524
0.00783188
0.00537971
0.0552694
0.00956658
1.01613
1.02153
0.00271964
0.00248623
0.00617547
0.0140511
0.0198149
0.00292205
0
0.00276005
0.00284051
0.00520178
0.00259672
0
0.0246022
0.00286594
0.00324568
0.00268565
0.00412542
0
0.00253115
0
0.00266703
0
0.0038253
0.00248836
0.0109755
0
0
0.002598
0.00271964
0.00272789
0
0
0
1.03327
0.00248214
0.00268388
0.00242322
0.0116998
0.00538785
0.0124312
0
0.00267125
0.00558395
0
0
0.00546352
0.00275454
0.00534312
0
0
0.00375436
0.0499455
0.00747648
0.00275454
0.00516178
0.00592288
0.0332341
0.00532783
0.00280369
0.00270189
0
0
0.00260294
0.00326466
0
0.0056823
0
0.00271428
0.0187718
0.00265369
0.00261414
0
0.0109805
0.00608898
0.0191354
0.113426
0.0390547
0.583683
0.002643
0.00270265
0
0.0025236
0
0.00416794
0.00907736
0.0064212
0.00288042
0.00272449
0
0.00264375
0.00283011
0.00278035
0.00534448
0.0026456
0.0103368
0.00289028
0.00588963
0.00269589
0.00394591
0.0025925
0.079885
0.00264375
0.00542153
0.00504513
0.00851384
0.0053737
0
0.00769792
0.00250291
0.00276921
0.00266703
0.00529439
0.00264375
0.00567589
0.00555727
0.00865107
0
0
1.00634
0.00687144
0
0
0.00579093
0.00271693
0.00788185
0
0.00817015
0.00827379
0
0.0025236
0.0051902
0.00286292
0.0387275
0
0.0189549
0
0.00545974
0.00546958
0.00377875
0.00933073
0.00529985
0.108805
0.076659
0.00545974
0.00269139
0.0071538
0.00552302
0.0393564
0.01751
0.00787424
0.00267203
0.0052178
0.0192618
0.00264375
0.0026456
0.00560923
0.00537602
0.00325891
0.0055392
0.00285371
0.0025722
0.0025847
0.0052178
0
0
0.00817457
0.0136945
0.0335385
0
0.994637
0
0
0.00363581
0.0346005
0.00380599
0.00827831
0
0.00540273
0.00549095
0.00794965
0
0.00287533
0.0193995
0.00263509
0.0128732
0.00849431
0.00278798
0
0.00270502
0.0082057
0
0.00278798
0.00555143
0.564808
0.990446
0
0.00501073
0.00557141
0
0.0163123
0.00533911
0.00255405
0.024358
0
0.00564959
0.0449158
0.00267256
0
0.0110763
0.0183312
0.00263616
0.023364
0.00841677
0.0377486
0
0.0191943
0.00263068
0.00286813
0.00284111
0.00780044
0
0.0127018
0.0271828
0
0.0523885
0.0352904
0.0025185
0
0.00537119
0.00542791
0
0.00815138
0.00628264
0.00861792
0.021604
0.00283201
0.00263509
0.00275899
0.00266703
0.0500856
0
0.00420613
0.00281542
0.00557173
0.00260177
0.00275899
0
0.00812227
0.00823853
0.0360139
0.0184894
0.992924
0
0.00514302
0.00259003
0
0.00316223
0.0453605
0.00409744
0
0.00563037
0.00514012
0
0.00262227
0.00767272
0
0.00551686
0
0.00263632
0
0.0027119
0.00392873
0.00744532
0.00519902
0.00270435
0.00531025
0
0.0219566
0.00248819
0.00268471
0.00405714
0.00248819
0
0.00266968
0.00701509
0.00573381
0.00265419
0.00248819
0
0.00248819
0.00514596
0.758824
0.971405
0
0.0105193
0.00252583
0.0132875
0.0519696
0.00292765
0.0780244
0.00275454
0.00234972
0.00285273
0.0802892
0.00535994
0.0377498
0.00861792
0.00524547
0.00508802
0.0028702
0.00531376
0.0226331
0.0515202
0.00369339
0
0.0107632
0.00894651
0.00256952
0.00319068
0.00252232
0.00271964
0.00472219
0.00560956
0.00817905
0.0082776
0
0.00508937
0.00258538
0.00775957
0.0359794
0.00554797
0
0.00811476
0.00258538
0.00267337
0.0297965
0.00544311
0.0056396
0.00548135
0.309376
1
0.00263276
0.00377703
0.0025236
0.00256837
0.0107886
0
0
0
0
1
0.886023
1.00355
0
0
0.0133393
0
0.0339923
0
0
0.0462405
0.00259756
0.00874245
0.00264653
0.0229722
0.0295905
0.00679911
0.00253459
0.0212347
0.00552498
0.00534168
0.013087
0.0442113
0.00257423
0.00792706
0.0295388
0.00292235
0.00589786
0.999056
0.00360274
0
1
0.912177
0
0
0.989976
0.998665
0
0
0
0
0.0026622
1
0.523244
0.00568238
0.0594043
0.00251075
0.0744754
1.00578
0.0197589
0.00302112
0.544236
0.00277154
0.972994
0.00993474
0
0.0046014
0
0.129136
0
0.00299464
0
0.00331158
0.0030835
0
0
0.26595
0.130814
0
0
0
0.00812843
0.00275874
0
0.00445538
0
0
0.00557178
0.012731
0.00887642
0.0150985
0.00299936
0.0317039
1.04055
0.912636
0
0.00581768
0.00581768
0
0.00900629
0.00744937
0
0.00273148
0
0
0.005708
0.0261608
0
0
0.0120751
0.0161341
0.0142185
0.00290676
0.99868
0
0.958798
0.00310154
0.00295754
0.0029567
0.0029567
0.0029567
0.00400934
0
0.00739115
0.0794731
0
0
0.00381981
0.0060333
0.00273088
0.0027409
0
0.00312576
0.00299936
0
0
0.00449101
0
0.789055
0.984832
0
0
0
0.00733303
0
0.00281058
0.00286098
0.00556014
0.00998852
0
0.00262022
0
0.00274889
0
0.00314283
0
0.0028926
0
0.00743034
0
0.743393
1.03486
0
0.0029567
0
0.0126716
0.00262834
0.00606725
0.00312439
0
0
0.00817944
0.00347255
0.00983577
0
0
0.00940527
0
0.00326272
0.11277
0.0029567
0
0
0.0115355
0.0111766
0.00307443
0.00405035
0.00312192
0.0110117
0.00270784
0.0121105
0.153458
0.170212
0.0209404
1.03151
0.00241417
0.0166877
0.0025288
0.00273808
0.00283403
0.00293375
0.00273808
0.0139073
0.00271102
0.00257175
0.00349284
0
0
0
0.00241417
0.00277949
0
0.0025288
0.00273808
0.0108377
0.00432328
0.00264596
0.00776546
0.00255243
0.0135397
0.00329844
0.976362
0.461005
0.968335
0.0127418
1.00272
0.983728
0
0.00260653
0
0
0.0026246
0
0.00517546
0.00431191
0.00344429
0
0.00263405
0
0.00262737
0
0.0157241
0.0025288
0.00528601
0.00271133
0.009406
0.00282417
0.002967
0
0.0214219
0.0053874
0.0655869
0.00775476
0.987354
0.583041
0.00294844
0.00873563
0.980181
1.02279
0.00716306
0.0901649
0.00268583
0.0108918
0.00275485
0.00262069
0.00294349
0
0.00658773
0.00290942
0.00253499
0.00941671
0.00262069
0.00562129
0.0026495
0
0.00262267
0.00281682
0.00268032
0.00799371
0.00259075
0.0026729
0
0.00258066
0.00528193
0
0.00261276
0
0.0400934
0.00285616
0.00556045
0.00261028
0.00238941
0.00658976
0.00284657
0.00807589
0.0131602
0.0322498
0.00261276
0.00252634
0.0823222
0.0028742
0.00252413
0.00876217
0
0.00286241
0.0126139
0.0136755
0
0.00252413
0.0052658
0.00821453
0.00238732
0.00280704
0
0.00533169
0.00328386
0.012554
0.00820202
0.00408041
0.00783773
0.00531053
0.0135812
0.0077991
0.0028742
0.00536538
0.0114536
0.0352808
0.0526377
0.00835032
0.00550986
0.0585631
0.00520457
0.00536361
0
0.00253798
0.00558079
0.00890965
0.135849
0.0304103
0.0241646
0.0995027
0.0430909
0.794318
0.121122
0.00549058
0.00774051
0.00802236
1.0048
1
0.00268243
0.00268108
0.00529223
0.0212002
0.00903288
0.00766486
0.0109787
0
0.0050828
0.0027136
0.00563989
0.0131505
0.00540102
0.00273745
0.00772902
0.00608853
0
0.00848724
0.00806329
0
0
0.00254693
0.0024831
0.00270386
0.00262235
0.00250758
0
0.00246115
0.0215921
0.00549717
0.00268032
0.00250758
0.00268094
0
0.005179
0.00516125
0
0.0151008
0.00251617
0
0.00283497
0.00510911
0.00285735
0.00408341
0
0.0139359
0.0103318
0
0.00238796
0
0.00786306
0.00274329
0.00519317
0
0.0312811
0.0317471
0
0.00549472
0.00525663
0.00242913
0.00277773
0.005176
0
0
0.0347442
0.0928396
0
0.0029485
0.00257405
0.00278161
0
0.00439323
0.00261303
0.00529461
0.0204128
0
0.00502565
0.0132211
0.0459773
0.00517053
0.0138438
0
0.00809576
0
0.00533083
0.00278065
0.0101345
0.0109051
0.0160961
0.0162181
0.00503837
0.00554105
0.0131365
0.00251877
0.00250738
0.0238481
0.0298003
0.0442164
0.0374098
0.00576866
0.0326329
0.00533896
0.999719
1.0153
0.00524312
0.00523566
0.00773903
0.0285231
0.0945028
0.0898813
0.0138249
0.0057629
0.00772052
0.00527312
0.00262235
0
0.00509866
0.0189003
0.00283346
0.0514602
0.0305129
0.00789225
0.00778746
0.0116094
0.0029567
0.00527461
0.00761175
0.00250874
0.00248627
0.00537768
0.00510983
0.00787288
0
0
0
0.0149738
0
0.00536214
0.00270834
0.0026864
0
0
0
0.00263594
0.0074853
0
0.0290701
0.00530478
0.0105359
0
0
0.00257488
0.00526016
0
0
0.0330554
0.0108975
0.0278
0.00641029
0.0135958
0.0152601
0.00795153
0.00531895
0.00569752
0
0.0148331
0.0196766
0.00858611
0.00827699
0.69471
0.00805434
0
0.00274454
0.00556242
0.00341943
0.0103307
0.00264187
0.0419923
0.0350957
0
0.00795785
0
0
0
0.0109832
0.00825139
0.0110914
0.0107945
0.0153891
0.00548124
0.0527358
0.00785303
0.0139213
0.00246803
0.00258821
0.00265874
0.00745044
0
0.0132046
0.0202672
0.011081
0.0188552
0
0.11435
0.00256714
0
0.00764977
0.00251877
0.00272125
0.00527136
0.0129187
0.0648962
0.0498803
0.0643684
0.180532
0.0319324
0.0135543
0
0.00255339
0.999776
1
0.00271827
0.00250359
0
0.0106591
0.0327267
0.0795228
0.0118516
0.00265723
0.002967
0.0156766
0
0.00250218
0.00260951
0.00556387
0.00285383
0.0107207
0.00838834
0.0236795
0.0106176
0.0103555
0.00894818
0.00250289
0.0128132
0.015448
0.00530852
0.00625084
0.0537749
0.0155129
0.00786588
0.00265874
0
0.00262601
0.00265874
0.00276001
0.00246377
0.0516405
0.00504906
0.00285213
0
0.0105406
0.00514501
0
0.00265874
0.00265723
0.00263486
0
0.00552974
0.00544571
0.0062366
0.0816952
0.0108945
0.0135934
0
0.00789589
0.00548463
0.00255294
0.00783178
0.0152546
0.0087017
0.00303673
0.00547255
0.00283359
0.00276318
0.00780535
0.00250583
0.00274961
0
0.0133159
0.00260549
0.00725409
0.0146112
0
0.00307166
1.04908
0.00585548
0.00278161
0.00250047
0.0078989
0.00819733
0.00940343
0.0025834
0.0554903
0.00762808
0.00541408
0.00576983
0.00523915
0.00822388
0.0026623
0.00852284
0.00685648
0.0107738
0.0166786
0.0596089
0.0165592
0.00544622
0.00580914
0.067156
0
0.00565067
0.00325209
0.00268315
0.00548987
0.0791147
0.0114391
0.0188898
0.015763
0
0.0139706
0.0233969
0
0.0279567
0.00263363
0.00260757
0.00258211
0.00268315
0.0113913
0.00777923
0.00814184
0.00577039
0.00817035
0.00545845
0.0560403
0.0077424
0.0112677
0.0280902
0
1.01297
0.00818545
0.0106711
0.00246156
0.00845517
0.0209469
0.0144149
0
0.00542119
0.00279696
0.00583999
0.00261276
0.00291998
0.00267254
0.0164972
0.0139302
0.0069961
0.0029945
0.0140173
0.00551545
0.00522227
0.00279696
0.005069
0.00248772
0
0.00567095
0.00248627
0.0379065
0.00263486
0
0.00813899
0.0397599
0.0197546
0.00258807
0
0.00497887
0.00279696
0
0
0.00762383
0.00933956
0.0165382
0.00838987
0.0105009
0.0053537
0.00270985
0
0.00502252
0.0023865
0.00515685
0.00964667
0.122228
0.0108006
0.00556469
0.00287698
0.0428062
0.0788381
0
0.00247671
0
0.00248285
0.0462389
0.0025147
0
0.985811
0.992891
0.00791379
0.00245764
0.0135675
0.0140018
0.00444122
0.0117923
0.0174097
0.0646306
0.0269208
0.00454012
0.00263673
0.010438
0.00751728
0.00438151
0.0139626
0.0256866
0.0433491
0.0301822
0.032331
0
0.116395
0.00798698
0.00548448
0
0.0180353
0.00544515
0.00783178
0.0118199
0.00259564
0.0111611
0.0822129
0.0027993
0.00249308
0.0180529
0.00518404
0.0168264
0.00802907
0.0150307
0.00524496
0.00931873
0.0172557
0.0262669
0.00276385
0.00269688
0.029945
0.00802425
1.00316
0.00286603
0.00256171
0.00955435
0.0497981
0.00572843
0.00305385
0.00263787
0.00777615
0.00268831
0.00826102
0.00267179
0.00304019
0
0.00303723
0.0139618
0.00778019
0.0239747
0.00293781
0.00539813
0.0130635
0
0.00549218
0.00248658
0.00286523
0.00523221
0
0.0027369
0.00532614
0.00527984
0.0134098
0.00300042
0.00579022
0
0.00533591
0.0105861
0.0269692
0.0029007
0.00256585
0.00818027
0.00276136
0.0134525
0.00239104
0
0.00380992
0.200401
0.0109001
0.00265044
0.002644
0.0421403
0.0078973
0.00538517
0.0080442
0.00287006
0.00276136
0.0140815
0.00278239
0
1.00598
0.952128
0.00262235
0.00260653
0.00254321
0.00260168
0.0107995
0.0209319
0.0113885
0.0928153
0.0297484
0.0323979
0
0
0.0263074
0.00528683
0.00272832
0.0191776
0.0163955
0.0234004
0.0131977
0.01914
0.00619844
0.273379
0
0.00812596
0.00272941
0.0415676
0.0973954
0.00823718
0.004703
0.00572371
0.00591403
0.00393065
0.0617644
0
0.00244443
0.029013
0.00545815
0.0111879
0
0.0649017
0.00602608
0.0214724
0.00782836
0.0360522
0.0237752
1
0.0213131
0.00525361
0.00715536
0.012014
0.00299873
0.00270548
0.00523777
0.00275169
0
0
0.0144611
0
0.00539706
0
0.00262374
0.00254578
0.013132
0.00285302
0
0.0107936
0.00546801
0.00770047
0.00288763
0.00534433
0.00702815
0.00506983
0.00572328
0.00595157
0.00287037
0
0.00527351
0.00266736
0.0108383
0.002891
0.0164513
0
0.0242249
0
0.018606
0.0133937
0.324301
0.00260383
0.00300019
0
0.0535756
0.0160995
0.0083746
0
0.0529291
0.00566794
0
0.727232
0.982076
0.380584
0
0.00252388
0
0.0026538
0
0.00540886
0.0334738
0.00694672
0.0134381
0.00534542
0.0133649
0.00466826
0.0027025
0.00473228
0.00261294
0.00531222
0.00956599
0.0167476
0.0496227
0.00256045
0.00267112
0.0028218
0.0215647
0.0748234
0.00528372
0.00481834
0.0237608
0.00528834
0.0108167
0.00600239
0.0028218
0.0439246
0.00270581
0
0.00568913
1
0
0.00273767
0.00258541
0
0.00390875
0
0.00587031
0.0157718
0
0
0.00282062
0.00574326
0.00543164
0.00279696
0.00581879
0.00248762
0.0055759
0.00279696
0.0055007
0.0137361
0
0.0503242
0.032447
0.0110336
0.00819046
0.360895
0.553864
0.00507579
0.00257417
0.0267222
0.0305339
0
0.00558961
0.0036671
0.0055518
0.00260041
0.00754047
0.00294413
0
0.0716986
0.00281979
0.0049846
0.016983
0.00264711
0.00531757
0.0197884
0.00273571
0.00249344
0.00260882
0.0140797
0.00267227
0
0.00527691
0
0.00478756
0
0
0
0
0.00295457
0.0030077
0
0
0.0028218
0.0028218
0.0028218
0.00292857
0.0028218
0
0.002891
0
0.00577868
0.00413
0.597602
0.157166
0.00515551
0
0.00265657
0
0.0128703
0.00821023
0.0141783
0
0.00530702
0.0173798
0.00256406
0.00252356
0
0
0
0.00286615
0
0.00267179
0.0856561
0.00267179
0.012284
1.04886
0
0
0.00541135
0
0
0
0.0265657
0.00284174
0.0025893
0.00449986
