1.3632
0.00707567
0.00536653
0.0266645
0.316598
0.200684
0.220795
0.264018
0.257668
0.543166
0.0910791
1
0.518993
0.806691
1
0.896645
1.02739
0.14295
0.0544727
0.23065
1
0.0383881
0
0.0980944
0.119384
1
0.00643912
0.00429447
0.19247
0.00258811
0.0129405
0.0373295
0.118518
0.198484
0.0208551
0.0618927
0.186408
0.439751
0.487146
0.00620084
0.0160827
0.0206767
0.671389
0.306059
0.0658789
0.281307
1
1
0.0164849
0.0860627
1
1
1
0.930419
0.704811
0.530963
0.0057713
0.0602784
0.00255004
0.0755713
1.02062
0.103151
0.786667
1
0.215631
0.434466
0.32199
0.324119
0.428366
0.158932
0.906592
0.264315
0.165013
1
0.749431
0.301625
0.996057
0.498775
0.987284
0.00257395
0
0.00264083
0
0.00893461
0.00272932
0.0532352
0.0192417
0.782608
0.0422477
0.691206
1
0
0
0
0
0.00264531
0.00935116
0.0310575
0.00618217
0.989683
0.00551839
0.00402656
0.318053
0.988915
0
0
0.00775547
0
0.00775547
0.00269396
0.00269396
0.0152458
0.00257643
0.0149396
0.00248994
0.00271799
0.00256215
0.0147913
0.00280535
0.0052133
0.0079151
0.0093404
0.00568111
0.0161896
0.00299174
0.00775328
0.00304646
0.00260399
0.00268588
0.982547
0.00299174
0.00871704
0.00253548
0.00299174
0.00285161
0.00271644
0.00275677
0.00701337
0.0028956
0.0122085
0.0317827
0.0185294
0.688154
0.0026932
0.0146369
0.0062906
0.00269396
0.0026599
0.00246522
0.00258125
0.00256179
0.00246522
0
0.00529026
0
0.00299174
0.00258125
0.0264513
0.00389245
0.00302731
0.994758
0.011219
0.0170441
0
0.00268038
0.0024895
0.00302731
0.00731014
0.160883
0
0.00269396
0.00527056
0.00294021
0.0144171
0.436456
0.0119285
0.00897987
0.00284865
0.129093
0.00290174
0
0
0
0.00280535
0.00280535
0.00262891
0.0131446
0.0044295
0.00280535
0.00262891
0.00328614
0.00292695
0.419554
0.965657
0
0.00280535
0.00793908
0.0119285
0
0.00269648
0
0
0.00848297
0.04511
0.0029212
0.00280535
0.0131044
0.0279002
0.0159168
0.0139836
0.130661
0.00262205
0.0134079
0.0111418
0.0187205
0.00262027
0.0280493
0.0105593
0.214927
0.00305228
0.00288539
0.00293599
0.00293599
0.35263
0.178406
0.0119894
0.00291301
0.0698279
0.0109746
0.0146609
0.00305474
0.00599504
0.00250684
0.018291
0.00745523
0.00250684
0.667916
0.00293599
0.00300509
0.00293599
0.00978663
0.00419427
0.159174
0.0168079
0.00250684
0.00263589
0.00417807
1
0.0569348
