0.0368291
0.0646457
0.0177177
0
0.138616
0.0606089
0.0990283
0.0182831
0.0606089
0.150508
0.017573
0.0637457
0.225398
0.466149
0.309808
0.0138409
0.0376699
0.176383
0.176383
0.176383
0.176383
0.176383
0.176383
0.37227
0.176383
0.176383
0.0143177
0
0.00677257
0.043332
0.0364718
0.264406
0.00798752
0
0.032413
0.00677257
0.0164647
0.00839382
0.0315268
0.00847441
0.0146828
0.440171
0.00891535
0.0183302
0.0387351
0
0.0184424
0.00677257
0.0807647
0.0115595
0.0161912
0.0219158
0.0264535
0.391106
0.0303102
0.0103605
0.00928758
0.00677257
0.0493625
0
0.00839382
0.0428399
0.0727444
0.0146828
0.513625
0.00848896
0.0104648
0.0103605
0.00677257
0.398182
0.0185551
0.0207281
0.110078
0.0150187
0.0387073
0.0104648
0.0092467
0.0225021
0.0386362
0.0295197
0.00830595
0.00747037
0.0200993
0.0102889
0.00882538
0.0751295
