0
0
0.0117958
0
0
0.0106883
0.00668996
0.504668
0.0128236
0
0
0.0117958
0.0165479
0
0.0207455
0.0106883
0.0140861
0.0213686
0.00718708
1.00713
0.0165479
0.0103947
0
0.00712277
0.0276496
0
0.00845346
0.822827
0.0165479
0.0103947
0
0.019769
0
0.0276496
0.00845346
1.00595
0.0139667
0.0106484
0.00762915
0.221686
0.00897473
0
0.0371956
0.0291516
0.00897473
0.0169293
0
0.00982559
0.0146345
0.00897473
0.00951899
0.0104259
0.0135276
0.00696034
0.0341193
0.01027
0.0321844
0
0.0115755
0
0
0
0.0229197
0
0.087953
0.0179459
0.0102231
0.0479169
0.00780819
0.0222872
0.0114229
0.0135276
0
0.00745455
0
0.628939
0
0.0326614
0.0102054
0.0429227
0.012258
0.0200735
0.00699475
0.0241697
0
0
0
0
0.256552
0.0571883
0.0541634
0.0418913
0.147295
0.00929755
0.018355
0.0555505
0.0114063
0.0211976
0.0876683
0.0233851
0.0101315
0.0459095
0.0187844
0.0230215
0.0529324
0.0401548
0.0147822
0.0264012
0.813518
0.0133734
0.0100772
0.0883782
0.0205866
0.0089327
0.0718064
0.0360765
0
0.0203762
0.0242147
0.0187496
0.00713179
0.0157077
0.774897
0.034292
0
0.0576718
0.177656
0.0273384
0.0103356
0.0758298
0.0114063
0.0583249
0.0986016
0.0233851
0.0205401
0.023103
0.0362967
0.0357026
0.133772
0.033304
0.0146215
0.0355622
0.540453
0.0199743
0.0311601
0.010634
0.0726651
0.0938486
0.00979296
0.00665295
0.0239542
0.00914269
0.0187496
0.0241888
0
1.00534
0.0225484
0
0.0681708
0.321099
0.0273733
0.0313874
0.0549939
0.0209584
0.0376778
0.175277
0.0163574
0.0306986
0.084913
0.0902555
0.0448088
0.162593
0.0132589
0.0146918
0.0268668
0.421647
0.0100772
0.0232465
0.020925
0.0580439
0.0474158
0.0101002
0
0.0160764
0.0180497
0.0161364
0
1
0.0341387
0.039177
0.118417
0.33957
0.00873061
0.0208029
0.0658875
0.0108155
0.0176798
0.234914
0.0322962
0.0413106
0.0853826
0.0535278
0.0459474
0.190481
0.0202582
0.00767729
0.0709434
0.269908
0.0129497
0
0.0313431
0.0219055
0.00868666
0
0.0243447
0
0.00681341
0.00775693
0.0180497
0
0
0.981231
0.0934711
0.24918
0.0088078
0.0388104
0.0287109
0.0209766
0
0.129148
0.0397797
0.0210526
0.0120493
0.0362967
0.0357384
0.188872
0.0135654
0.026161
0.117622
0.0129497
0.0163168
0.0108472
0
0
0
0
0.00701131
0.734309
0
0.043308
0.105921
0.0181712
0.0363625
0.0369408
0.0110723
0
0.0208707
0.0150572
0
0.0114138
0.0184113
0.0242884
0.0421099
0.0134123
0.00893965
0.0515517
0
0.00884563
0.862153
0.0171528
0.0171549
0.0126811
0
0
0.530355
0.00800057
0.0314543
0.042935
0
0.0127604
0.283713
0
0
0.0618677
0.0124908
0.00839273
0.462138
0
0.0322943
0
0
0
0.00918312
0
0
0
0.0591344
0
0
0
0
0
0.0616618
0
0.0268382
0
0
0.0073832
0.00759643
0.479554
0.0301496
0
0.0178518
0
0.0162091
0
0.022917
0.0107899
0.0120839
0.0150751
0.0275657
0
0.0103695
0.0102517
0
0
0.0418316
0.0225469
0.00893919
0.011494
0.0518952
0
0.0477618
0.0144313
0
0.0158253
0.868221
0
0.0152555
0
0.00897871
0
0.00949021
0
0.0126548
0.0223793
0
0.031022
0.008318
0.0240171
0.0122565
0
0.0150751
0.0619126
0.0094624
0.0410479
0.0314219
0.0109795
0.162452
0.0333631
0.0338333
0.0773863
0.0205983
0.134559
0.0663226
0.00715017
1.00217
0.092009
0.0152555
0.0106884
0.0613627
0
0
0.0126548
0.0223793
0
0.0159655
0.00989764
0.0320712
0.0353584
0.0129788
0.0581931
0.0802922
0.017181
0.00980373
0.0100354
0
0.022769
0.218002
0.0226078
0
0.0345634
0.117749
0.0401708
0.170009
0.107692
0.00685721
0.00715017
0.997309
0
0.0444433
0.0208319
0.0263461
0.0118586
0.00927925
0.0154755
0.0125607
0.011773
0.00693393
0
0.00989764
0.0318614
0.00711273
0.0116457
0
0.0441368
0.0987422
0.0162739
0.0197942
0
0.0103505
0.0347269
0.199562
0
0.00839847
0.0341709
0.0757397
0
0.133585
0.0787022
0.00685721
0.00715017
0.982314
0.0181891
0.0297735
0
0.0173471
0.0117261
0.0184689
0.0452738
0
0.0117213
0.0084584
0
0.0215894
0.00711273
0
0
0.0141548
0.0534414
0.0100354
0.178078
0
0.0258287
0.0228803
0.0615296
0.0204322
0.0721637
0.0646858
0.00685721
0.0399076
0.818896
0
0
0
0
0
0.0161735
0
0.0117213
0.0209875
0.0084584
0.00938112
0.00711273
0.0128334
0.0349702
0.015687
0.009936
0.0204886
0.100245
0.0111387
0.00808203
0.0335048
0.0645747
0.0207866
0.0609829
0.0433522
0.0143786
0.0157213
0.603822
0.0179691
0
0
0
0.0249068
0.021777
0.0209875
0.0089216
0.0233588
0.011917
0.00803818
0.015687
0
0.139884
0.0106245
0.0633442
0
0.0229973
0.0218602
0.00685721
0.00761053
0.484609
0.0366772
0
0.0117066
0.0149673
0.021777
0.0072476
0
0.0107148
0.0161897
0.0232586
0
0.0120426
0.0328113
0.00932846
0.080778
0.0217092
0.0112693
0.0395891
0.0221118
0.0146848
0.00685721
0.00793047
0.323182
0
0.00852971
0.0149673
0.0504548
0.0148846
0
0.0204315
0.00785779
0
0.011917
0.0277713
0.0394238
0.0375467
0.116635
0.0324783
0.0486702
0.0400451
0.0436027
0.0391844
0.00685721
0
0.372114
0.0165738
0
0.0388715
0.034586
0.0425607
0.0417258
0.00798455
0
0.00937559
0.015698
0.0104924
0
0.0386694
0.0564905
0.102529
0.0090038
0.0108665
0.222913
0.0303191
0.0340061
0.0475287
0.0198296
0.232989
0.0783783
0.0140274
0.00750483
0.564402
0.0164012
0.01326
0.0696121
0
0.00848646
0.099838
0.0114085
0.0308642
0.00653162
0.00761911
0
0.0157875
0.0208675
0
0.0525768
0.0568056
0.0286382
0.0280055
0.338335
0
0.296182
0.0401465
0
0.0869628
0.0362594
0.0198296
0.233232
0.118842
0.0343516
0.0152638
0.870341
0.0165648
0.0405846
0.130368
0
0
0
0.0855207
0.0114085
0.0209926
0.00653162
0.0235701
0.0191217
0.0312373
0.0331332
0
0.105587
0.0648434
0.0286382
0.00957553
0.819958
0
0.01038
0.296212
0.0303191
0.00874117
0.0759988
0.0593321
0.0921942
0.276474
0.205482
0.0204348
0.0217047
0.902544
0.0165648
0.0140876
0.0989629
0
0.0103909
0.0165903
0.0991926
0
0.0409259
0.00653162
0.0235701
0.0370631
0.00740451
0.037364
0.0540026
0
0.119056
0.0497321
0.0433139
0.0190106
1.00481
0
0.0107781
0.392894
0.0604136
0.00874117
0.0541521
0.11967
0.128502
0.306869
0.225781
0
0.0224084
0.660352
0.0503199
0.01411
0.0795553
0.0152279
0.0103909
0.0253702
0.129391
0
0.0310847
0.0135814
0.0237181
0.0092909
0.00740451
0.0589396
0.0221356
0
0.160392
0.091012
0.0444296
0.00909276
1.00489
0.0190645
0.0231386
0.145809
0.0200881
0.0744241
0.151891
0.111024
0.245628
0.199503
0.00694161
0.021326
0.505243
0.0510422
0
0.0301707
0.0155713
0.0103909
0
0.112555
0.0118938
0.0209448
0
0.00891555
0
0.0229531
0.0372519
0.0325176
0.0528869
0.0409437
0
0.00909276
0.988677
0.00974456
0.0112636
0.169649
0.0303901
0
0.0528221
0.072995
0.0349083
0.165259
0.0398262
0.00688576
0.0289927
0.227136
0.138052
0.0135944
0.0164038
0.0226139
0
0
0.00909866
0.0156442
0
0.0114595
0.0659257
0.0240443
0.590997
0
0.0735504
0.00977087
0.00835241
0.0107691
0.0357677
0
0.0331983
0.0271948
0.0072025
0.0151392
0.103649
0.0691099
0.0135944
0.00757176
0.011607
0.0152607
0
0.0114595
0.0140658
0.234318
0.037046
0
0.0555028
0.0072025
0
0.0603791
0
0
0.00833081
0.0183079
0.0114081
0
0.0437276
