0.0153883
0.0111817
0.00609937
0.0665779
0.0951045
0.0197141
0.369807
0.00348088
0.0351953
0.00849616
0.237079
0.27603
0.379166
0.600973
0.321051
0.724302
0.0314674
0.0049858
0.0954083
1.00773
0.00551268
0.00312428
0.00519723
0.0056123
0.030865
0.00854404
0.0104378
0.0144931
0.0375096
0.00840522
0.0141129
0.12281
0.675491
1.00296
0.00571981
0.00258263
0.0108121
0.0436271
0.0140581
0.00514634
0.0930131
0.0632238
1
0.014297
0.157465
0.0246383
0.00283816
1
0.0156185
0.00576052
0.0289297
0.00555804
0.00293739
0.0849236
0.224848
0.0113901
0.0342882
0.0118987
0.0202759
0.016946
1
0.00272927
0.00819049
0.0233403
0.00277659
0.0222824
0.0732191
0.0650836
0.120104
0.0212231
0.011589
0.0114904
0.0224385
0.241179
0.0219383
1.00828
0.392818
0.00457931
0.0427874
0.00290023
0.0074581
0.0483977
0.33986
0.0491965
0.00361347
0.0229139
0.00298054
0.00531637
0.210273
0.0652316
0.0403543
0.00572705
0.0191993
0.0136796
0.254798
0
1
1
0.00364001
0.00266934
0
0.0774715
0.0713354
0.00275519
0.00257817
0
0
0.00884444
0.0445031
0.031502
0.199953
0.989652
0.00860083
0.00257515
0.0566029
0.00750204
0.00282673
0.00523202
0.00856779
0.00756021
0
0.00579616
0.00340996
0.00526508
0.005328
0.058418
0.0123777
0.00269867
0.0147187
0.0144141
0
0.0229021
0.00265365
0.00803359
0.00260186
0.0068826
0
0.00290237
0.97293
0.0155234
0.00513012
0.00369132
0.00274862
0.0263765
0.00247006
0.00271037
0.760476
0.018681
0.00360621
0.00803567
0.00377732
0.00549697
0.00744871
0.00287844
1.00377
0.0331091
0.00288845
0.0172779
0.00268528
0.0228664
0.0112744
0.00645981
0.0497143
0.00249265
0.00258393
0.00247006
0.0313509
0.0102056
0.0056263
0.00575394
0.00297367
0.0198341
0.0418913
0.0529115
0
0.00471744
0
0.00545685
0.00302436
0.0294088
0
0.0223489
0.0283305
0.00830416
0.0213193
1.00906
0.0419447
0.00739699
0.0874166
0.00276115
0.00866833
0.0414347
0.00287186
0.00337883
0.00571217
0.00386357
0.0789883
0.00311303
0.00275901
0.00272406
0.00591759
0.0372765
0.0190761
0
0.00809779
0
0.0279864
0.442903
0.0024371
0.00297317
0.037832
0.193253
0.00943367
0.00308672
0
0.0290783
0.0201077
0.0296916
0.0433571
0.00279688
0.106476
0.997786
0.0103691
0.00254216
0
0
0.00766446
0.0360708
0.00279424
0
0
0.0209266
0.032604
0.0100108
0
0.0233602
1.00938
0.00899104
0.00399463
0.00265454
0.00234635
0.00265528
0.00258603
0.0800582
0.0634245
1
0.0125449
0.0270696
0.00643929
0.00460993
0.00286624
0.00576175
0.0423398
1
0.0118069
1.10764
0.979011
0.113255
0.00280173
0.00280893
0.00566609
0.00279424
0.03098
0.00278638
0.00289893
0.0118541
0.0143741
0.374714
0.350544
0.00562742
0.00299561
0.00812169
0.0248775
0.0184435
0.00862781
0.023474
0.560172
0
0.233387
0.0200216
0.158049
0.00890719
0.00281575
0
0.0253619
0.0393257
0.00861571
0.0144977
0.00257016
0.00279424
0.00282492
0.00368538
0.0104784
0.00265814
0.00277893
0.00320043
0.00287186
0.0438955
0
0.487377
0.00291803
0.00418237
0
0.0113126
0.0104559
0.0187296
0.0123655
0
0.0261215
0.00436916
0.00279424
0
0.00262304
0
0.00279424
0
0.37587
0.00902493
1.00945
0.00342784
0.0026849
0.00843102
0.0110615
0.0351462
0.0121589
0.00296906
0.0204333
0.0114196
0.00499901
0.00301632
0.00942107
0.0160469
0.027075
0.00924793
0.979382
0.00309085
0.0107052
0.0214957
0.994369
0.00275671
0.0107052
0.00297009
0.00301774
0.00280153
0.0420203
0.352809
0.00597481
0.00289442
0.0153116
0.0280188
0.0486436
0.00274019
0.00288155
0.0130767
0.0147601
0.0050032
0.00258493
0.00684255
0.582574
0.0140094
0.983416
0.00799316
0.00266909
0.00276976
0.00309884
0.00272701
0.00612824
0.0585078
0.00395261
0.00341011
0.00900717
0.00290307
0.00261749
0.00261749
0.00303843
0.0312415
0.0027437
0.0190826
0.00263507
0.0346499
0.0251735
0.00289637
0.00284138
0.0111177
0.00273953
0.00572964
0.00302275
0.00553315
0.0114461
0.0258149
0.019872
0.00281677
0.013659
0.0138522
0.231813
0.00722617
1
0.953031
0.00254078
0.00308312
0.00282536
0.0028078
0.00299945
0
0.00780261
0.00311692
0.00299945
0.00774621
0.00888975
0.00299945
0.00300097
0.00293811
0.0151115
0.00929651
0.00255202
0.00273951
0.00589437
0.00268909
0.0522676
0.0132349
0.0078493
0
0.00366218
0.0106624
0.00256452
0.00237512
0.00681932
0.0139714
0.0143411
0.0234175
0.190696
0.00696237
0.13765
0
0.00502867
1.00659
0.00282616
0
0.00290454
0.00258361
0
0.00558016
0.00559733
0.0030013
0.0029927
0.00300681
0.00580321
0.0272338
0.00949973
0.00327186
0.0140069
0.00303381
0.179848
0.00428705
0.62274
0.0136535
1
0
0.0284023
0.00254078
0.00282635
0.00380755
0.00556182
0
0.00286987
0.00296313
0.00892858
0
0.00492474
0.0029246
0.0029509
0
0.0108449
0.00546985
0
0.00716214
0.361069
0.110495
0.014162
0.00301166
0.00261281
0.00250972
0.00250972
0
0.0100295
0.0164369
1.00609
0.0117975
0.0152691
0
0.00316209
0
0.0290762
0
0
0.00293762
0.00880174
0.00281677
0.00258725
0.00279384
0
0.00262653
0.0157592
0
0
0.00315183
0.992745
0.00281677
0.00262653
0.0198472
0.00262653
0.00535755
0.00250351
0.00400651
0.03609
0.00250972
0.0602975
0.00303792
0.00264903
0.00250972
0.0029246
0.0062743
0.076681
0.012534
0.00250972
0.00293604
0.00291971
0.00306313
0
0.00299945
0.0313275
0.108893
0.00473598
0.589439
0.00233223
0.0165337
0.00473832
0.00302731
0.0149746
0.00275841
0.0480391
0.00568918
0.00275841
0.00300449
0.00413762
0.00290802
0.0114406
0.0635631
0.00355679
0.00275841
0
0.0146905
0.00439926
0
0.120427
0.00678025
0.00310085
0.00307919
0.00428705
0.00284992
0.0118891
0.00533782
0.00407131
0.0173841
0.00284992
0
0.110062
0.0024879
0.0105883
0.00414649
0.895158
1
0.374237
0.0028443
0.0129114
0.00288276
0.0396395
0.00410582
0.0219813
0.0168967
1
0.00512477
0.0176543
0.00304196
0.232643
0.661768
0.0193325
0.0153848
0.0164527
0.00602408
0.0686636
0.0980838
0.0832929
0.331686
0.0032066
0.022426
0.00834107
0.16551
0.282914
0.388623
0.43042
0.331484
0.74784
0.00259086
0.00515518
0.00567491
0.0921816
1
0.00510732
0.00270072
0.07988
0.067145
0.710961
0.998737
0.00529921
0.0026657
0.0163028
0.0214134
0.00265496
0.18748
0.0390861
0.996025
0.00737914
0.0103367
0.00300243
0.00298707
0.00308195
0.121418
0.940832
0.0360022
0.0169943
0.00285356
0.0291127
0.00298407
0.0808493
0.00845859
0.00850258
0.0859016
0.180327
0.0114987
0.0142759
0.00856553
0.00291127
0.0115824
0.00572707
0.0117346
0.975074
0.0405201
0.00265868
0.0108267
0.00274866
0.00962376
0.00263284
0.116628
0.00869292
0.00863587
0.00541085
0.00846185
0.313292
0.989011
0.3197
0.00401479
0.00412049
0.00264426
0.0434244
0.00292765
0.0110736
0.0580407
0.378631
0.0120563
0.00283659
0.0165259
0.0192952
0
0.404275
0.0782948
0
0.0449186
0.00865218
0.0193981
0.245694
1
1
0.00888354
0.0121046
0.00305274
0.00264426
0.00355867
0.0432856
0.0418317
0.00578407
0.00283659
0.0170361
0.0313307
0.0252124
0.180503
1
0.00255917
0.00764541
0.0279842
0.0167905
0.0040346
0.0791807
0.00280785
0.00284751
0.0194522
0.00369991
0.0171308
0.0916932
0
0.00568234
0.00382889
0
0.00258598
0.0122023
0.002945
0.00401121
0.00265825
0.0026166
0.0105037
0.00545319
0.00533106
0.0145393
0.00843169
1.00569
0
0.00259604
0.00865348
0.00241505
0.0077878
0.00259604
0.0104226
0.00280098
0.811451
0.00267881
0.00818071
0.00258904
1
0.0164023
0.00259604
0.00264426
0.00695356
0.0220789
0.00548051
0.00264426
0.00555592
0.0356029
0.00280098
0.012043
0.031566
0.0265285
0.00545146
0.00311816
0.00281702
0.023054
0.0244092
0.00530142
0.00264887
0.00544992
0
0.00362478
0
0.0083767
0
0.0100348
0.0268782
0.00259604
0.00279223
0.00270837
0.0176214
0.0285966
0.00507181
0.0370719
0.979719
0.0210589
0.00573825
0.00327022
0.0848805
0.00384234
0.0132795
0.00282442
0.00255352
0
0.0136762
0.0842355
0.00523483
0.00294229
0.00265965
0.00553458
0.00540841
0.0646919
0.0218567
0.0145963
0.00358004
0.00290867
0.0865125
0.015313
0.480862
0.00276361
0.0909163
0.166308
0.0101525
0.00524687
0
0.00259604
0.00308677
0.00373023
0.00806144
0.0222989
0
0.0826352
0.035925
0.0536076
0.96788
0.0110333
0.00273588
0.00301705
0.00711144
0.011183
0.00300546
0.00297323
0.00282935
0.0158655
0
0
0.00254757
0.0102011
0.00247646
0
0.0209124
0.00888763
0.0156448
0.00247646
0.0157672
0.00247646
0.00283975
0.00308209
0.0505259
1.00549
0.0193096
0.00295179
0.00262126
0.00529422
0.0130154
0.00277601
0.0691266
0.00558865
0.0700454
1
0.0127443
0.00297663
0.0299355
0.00309013
0.00292033
0.00295845
0.00247646
0.00509297
0.0391316
0.0228722
1
0.00260334
0.019655
0.996078
0.115158
0.00870942
0
0.0372468
0.00286867
0
0.0025993
0
0.0289545
0.323581
0
0.0228722
0.292318
0.00882835
0.0134008
0.0216044
0
0.0113569
0.00704611
0.00275166
0.476161
0.276283
0.110016
0.0410942
0.0198961
0
0.0327428
0.00250444
0.495957
0.00390168
0.00584613
0.00916085
0.00369795
0.0195341
0.0122907
0.0171046
0
0
0.00300296
0
0.00305568
0
0.00580185
0.386397
0
1
0.0137968
0.00299471
0.0497234
0.0249209
0
0.00564238
0.00286943
0.0280394
0.00262473
0.0107544
0.00273588
0.0259391
0.0124679
0.0505504
0.0028903
0.00957883
0.00598389
1
0.0027261
0.00834595
1.00174
0
0.00261105
0.0024963
0.00981887
0.00788973
0.00248991
0.00875011
0.00248991
0.00239912
0.00248991
0.00253504
0.00373487
0.00263523
0.0134775
0.0464741
0.00263523
0.00263523
0.380645
0.00620336
0.00263523
0.0114434
0.00261721
0.00261721
0.0029846
0.00261721
0.00253296
0.00261721
0.00267458
0.00436202
0.00264071
0.0056244
0.0031057
0.00264071
0.00264071
0.0748516
0.00264071
0.00249729
0.00268401
0.00295456
0.00295456
0.0309784
0.00543665
0.469648
0.971622
0.00256307
0.00826619
0.00570477
0.00640767
0.00260781
0.00282767
0.00427178
0.00256307
0.0573424
0.00289581
0.00292574
0.0214299
0.00567783
0.00547881
0.00288363
0.00553976
0.00547881
0.0291499
0.00547881
0.00298669
0.00287549
0.0154603
0.00298669
0.00279652
0.00877764
0.00285732
0.0128001
0.00819904
0.00395994
0.00312848
0.0109691
0.0104238
0.0114506
0.0177753
0.10183
0.0116382
1
1
0.002859
0.00276207
0.00302857
0.00279615
0.0045852
0.00342936
0.0053356
0.0079698
0.00566316
0.00471583
0.00613615
0.0225457
0.0144866
0
0.00257148
0.0657886
0.00461515
0.00306201
0.0034122
0.0123159
0.00360654
0.00292293
0.0223317
0.0255267
0.222017
0.00756541
0.143386
0
0.00287371
1.0092
0.00285706
0.00277996
0.00277918
0.00255307
0.00304338
0.00277918
0.00261083
0.00864128
0.00279177
0.0426133
0.0145414
0.00949328
0.016678
0.00279385
0.010879
0
0.00535777
0.00303125
0.0229537
0.00287371
0
0
0.0146566
0.164744
0.00414436
0.577937
0.00279385
0.950472
0
0.00381618
0
0.00302616
0.0086009
0.0116862
0
0.0266534
0.095198
0.00304734
0.00286566
0.00265177
0.00242345
0.002949
0
0.0174459
0.00268403
1
0.0138666
0
0
0.00285231
0.00506372
0.0257911
0.00506382
0.0152367
0.00258027
0.00764409
0
0.00812762
0
0
0.00256307
0.00459168
0
0.00254221
0.00303697
0.002652
0
0.118565
0.00312349
0.00268727
0.0137504
1.00133
0.0142378
0
0
0.00263584
0.0092278
0.00506382
0.00504652
0.0922518
0.00287561
0
0.00231848
0.00504652
0.00259854
0.0126163
0.00832962
0.143033
0.0304848
0.0416297
0.00276129
0.00276129
0.00513349
0.0152849
0.132461
0.0045852
0.651008
0.00246528
0.0136442
0.00246528
0.00552365
0
0.0137606
0.00355886
0.00513798
0.0255528
0.00267355
0.00513798
0.00770697
0.00540028
0.0113271
0.0244188
0.0086009
0.00513798
0.0127654
0.085805
0.00278508
0.00858101
0.00887728
0.106745
0.0030148
0.0175586
0.0029761
0.00312627
0.00992033
0.0029761
0.00496016
0.00425157
0.0029761
0.983627
0.983481
0.368055
0.010497
0.00661913
0.547156
0.012193
0.126382
0.314932
0.0189313
0.0139622
0.00908104
0.0132948
0.0189912
0.107513
0.413258
0.00703438
0.0108657
0.0111557
0.339403
0.466218
0.318875
0.328719
0.741603
0.00276029
0.0148441
0.0028668
0.00300987
0.00542025
0.00263473
0.00292705
0.00567088
0.00278247
0.00888893
0.00380954
0.008372
0.00275072
0.0792335
0.0223022
1.03161
0.00262953
0.0030336
0.00274104
0
0.0102229
0.00282991
0
0.0155953
0.00311907
0.0024802
0.00857758
0.00282991
0.11206
0.0389883
0.361751
1
0.00303703
0.0028833
0.00963123
0.0196302
0.00266668
0.00263196
0.00287169
0.138597
0.136557
1
0.0138161
0.00304376
0.13988
0.930683
0.00253178
0.00259467
0.00291792
0.00303742
0.00293711
0.00264991
0.00293362
0.0295658
0.00252256
0.00303485
0.00860202
0.0281858
0.0462279
0.251257
0.0232551
0.00992298
0.0180201
0.0145582
0.0108736
0.00587747
1.01826
0.00251267
0.00583333
0.0399811
0.0038863
0.00244348
0.00851503
0.0407743
0.0271758
0.00266668
0.00844895
0.117735
0.00413338
0.00282502
0.00259922
0.00421055
0.0194545
0.011232
0.00875226
0.244382
0.0270416
0.901311
0.194006
0.00412461
0.280316
0.00261226
0.00816123
0.00272041
0.00384299
0.0562168
0.436867
0.0705234
0.00506049
0.0035558
0.0216878
0.00275436
0.0036764
0.0028448
0.00265062
0.0211393
0.00272124
0.00816123
0.00285345
0.00259922
0.291647
0.0734512
0.00263075
0.0500572
0.00782554
0.00873912
0.0142992
0.0139354
0.156281
0.994717
0.97209
0.00283027
0.0280011
0.0140556
0.00524777
0.00282873
0.0271229
0.00352024
0.00594624
0.0254884
0.0303904
0.14527
1
0.00975052
0.00585031
0.00441588
0.0229891
0.014289
0
0
0
0.00564771
0.0443404
0.00763576
0.00559955
0.0145431
0.00275904
0.0026774
0.0026879
0.00573372
0.00694419
0.00927071
0.00680464
0.00272041
0.00285265
0.00424227
0.00524924
1.00373
0.00261423
0
0
0.0110185
0.00537027
0.00247219
0.00510077
0.781394
0.0194327
0.00286945
0.0101629
0.00268715
0.00813031
0.0237086
0.0057901
1
0.0255567
0.00338948
0.0118589
0.00292435
0.0432946
0.00687115
0.00247219
0
0.0511799
0.00259688
0.0159129
0.00250613
0.00275214
0
0.00838028
0.019773
0.0875028
0.00626532
0.0339873
0.00529864
0.0111774
0.00607878
0.0308363
0.0346634
1.00066
0.00333092
0.00358435
0.0839853
0.030137
0.00250613
0.00266473
0.0283018
0.0182912
0.00710708
0.00364649
0.00586458
0.0405343
0.465342
0.00533644
0.0362802
0.234316
0.00293558
0.00300975
0.0378023
0.00270283
0
0.0362767
0.0402147
0.00259144
0.068052
0.949815
0.0318322
0.00265829
0.00276469
0.00508419
0.00853904
0.00268291
0.00313377
0.00456167
0.0172863
0.00296924
0.00778411
0.00250613
0
0.00578266
0.0297256
0.0110115
0.00293641
0.00250613
0.010776
0.0176185
1
0.0627261
0.0775551
0.379498
0.00269729
0.00878979
0.00263832
0.011027
0.00298969
0.00257949
0.0633439
0.011027
1
0.00269018
0.986837
0.152453
0
0.0222
0.00263832
0.00573798
0.0212944
0.252786
0.268699
0.0024692
0
0.00817761
0.00863488
0.00980161
0.232568
0.121872
0.0672095
0.00293641
0.00541922
0.0435578
0.0027898
0.00290752
0.0489083
0.00521052
0.00264294
0.00341346
0.00273077
0.002956
0.00273077
0.396841
0.00400062
0.0276668
0.00922387
0.0144078
0.00252051
0.00287144
0.0121836
0.00290058
0.00266901
0.0031587
0.0119837
0
0.367644
0.00335076
0.979488
0.00279123
0.00825465
0.0491794
0.00450304
0.0136062
0.0347223
0.00263832
0.00270482
0.00246908
0.00931555
0.00263832
0.00531691
1
0.00551123
0.990048
0.00898231
0.0108922
0.0167573
0.0026318
0.00273077
0.0136882
0.0497357
0.0108153
0.480639
0.0177064
0.00560499
0.00286446
0.0242457
0.00578607
0.0050703
0.473263
1.02152
0.00297251
0.00290844
0.00262466
0.00271786
0.0107195
0.0061498
0.00299952
0.0083121
0
0.00409987
0.0937509
0.0212546
0.00271059
0.00271059
0.0109309
0.0339228
0.00278241
0.0268469
0.00931789
0.0030145
0.0115286
0
0
0.010639
0.00381355
0.002765
0.00778143
0.0299845
0.0027966
0.0173095
0.0260469
0.0606574
0.0213196
1
0.983707
0
0.00272051
0
0.0838139
0
0.00274179
0.0172812
0.00331463
0.00274179
0.00554496
0
0.00304429
0.00297828
0.00563266
0.00282403
0.00313787
0.00405832
0.00672816
0.00297828
0.0070938
0.00269501
0.00851291
0.00559807
0.00299893
0.00270506
0.00299893
0.00563247
0.0131732
0.0128526
0.00299893
0.00585637
0.00549331
0.00266475
0
0.00266435
0.00621193
0.00261751
0.00569448
0.044925
0
0.00278511
0
0.00695047
0.0217156
0.00248291
0.00274179
0
0.00876397
0.0137889
0.221653
0.0101996
0.138081
0.00261234
0.00520171
1
0.00329066
0.0168589
0.00263968
0
0.0233445
0.00384576
0.00931789
0.00301422
0.00776986
0.00820948
0
0.174975
0.00423893
0.455883
0.00288445
0.00247882
1
0.00259415
0.00270827
0
0.00282403
0.00888433
0
0.00406845
0.00291581
0.00297828
0.00273919
0.0423605
0.00266475
0.00284052
0.00258544
0.00266475
0.00469895
0
0.00259192
0
0.003035
0.00931789
0.00982166
0.0572075
0.00259269
0.00316762
0.00259342
0.002731
0.00263968
0
0.00279079
0.00271988
0.0116704
0.00266323
0.00260302
0.00311002
0.0177112
0.00406129
0.964691
0.011202
0.0074457
0.00338884
0.00282989
0.00247882
0.0161666
0.00552161
0.00247882
0.00266891
0.011236
0.00276057
0.00274197
0.0178035
0.00273282
0.00531041
0
0
0.0488339
0.00299893
0.00666188
0.00345625
1.01149
0.0114868
0.00813043
0
0.00299896
0.0268743
0.00282022
0.00815059
0.106227
0
0.00709789
0.00310317
0.00261765
0.0126092
0.00535399
0.00282022
0.00282022
0.0333813
0.00854365
0.00313327
0.174957
0.00383757
0
0.0847158
0.00245992
0
0.01381
0.0142657
0.00299893
0.00271059
0.0153327
0.0852291
0
0.00274282
0.500305
0.00279194
0.00406129
0.0102817
0.0139864
0.00297828
0.00373881
0.00287084
0.002948
0.00694848
0.00806659
0.0395028
0.00556205
0.0105601
0.0204107
0.0141379
0.0479904
0.00940075
0.0105601
0.00245923
0
0.00299893
0.0140652
0.00299893
0.134102
0.00625522
0.00555476
0.00862719
0.00547179
0.0109039
0
0.00297828
0.00356215
0.0104557
0.00970804
0.00245595
0
0
0.00269532
0.00245992
0.00963851
0.00245992
0.00350491
0.252043
0.00826257
0.00325271
0
0.00888886
0
0.0049638
0.00285404
0.803669
1
0.374237
0.00846178
0.202857
0.0609666
0.11676
0.0148406
0.00279577
0.00298763
0.0589989
0.0842782
0.0209538
0.239806
0.00710135
0.00278184
0.0142179
0.29166
0.400636
0.146092
0.324706
0.732549
0.00265548
0.002788
0.00506141
0.00529545
0.00527767
0.0373238
0.0338815
1.00419
0.0612318
0.558914
0.99294
0.0190735
0.00289369
0.130474
0.0196625
0.0207324
0.931823
0.0408332
0
0
0.31455
0.00252616
0
0
0.00285166
0.00318116
0
0
0.00291086
0.00260567
0
0.00291086
0.00291086
0.00299992
0.00820329
0.0291086
0.0228775
0.231301
0.0583499
0.0027826
0.00280657
0.0026305
0.0029553
0.00586588
0.985979
0.00293262
0
0.00293262
0.00293262
0.00363561
0.005349
0.0202155
0.00258906
0.00948621
0
0.00291532
0.0028491
0.0028491
0.131264
0.00274927
0.00471956
0.00274219
0.00565646
0.0028491
0.00298347
0.00529078
0.5078
0.0282823
0.984928
0.232823
0.00373241
0.00424801
0.618052
0.0026904
0.00715001
0.00291153
0.00560463
0.0517901
0.440595
0.177169
0.00262167
0.00280822
0.0112357
0.00263708
0
0.0103117
0.0110697
0.0405809
0.00293262
0.0162323
0.0204516
0
0.00539337
0.397906
0.0630269
0.0540234
0.0081889
0
0.00280736
0.00256962
0.0161811
0.044786
0.005587
0.213469
1
1
0.0109397
0.00512903
0.0117662
0
0
0.0147238
0.00263653
0.0319833
0
0.0680723
0.00681056
0.00818063
0.00293262
0.00870292
0.00409032
0.0102658
0
0.0109654
0.00275729
0.0255088
0.00278243
0.00344583
0.0107748
0.0056118
0.0499079
0.028823
0.125175
1
0.0363965
0.00291153
0.0218379
0.00405107
0.0030497
0.0218682
0
0
0.00275729
0.00291086
0.00537234
0.00275729
0.00379678
0.0222805
0
0.067405
0.0124767
0.00674475
0
0
0.00247324
0.0129013
0.0103398
0
0.00247324
0.0775399
0.00308682
0.00279417
0.0105912
0.00762045
0.00268741
0.00792944
1.00327
0.00291153
0.00290118
0.00297219
0.00312426
0.00295072
0.00931685
0.00816148
0.0128966
0.00250095
0.830995
0.00792982
0.00289338
0.00778072
0.0057514
0.00385112
0.0028491
0.0344566
0.00777026
0.00262017
0.985461
0.00868277
0.0357295
0.0135546
0
0.0301113
0.0203318
0.0206773
0.0106917
0.00247192
0.0334153
0.00256366
0.00462363
0.0230188
0.0141341
0.0566274
0.0025731
0.00336205
0.0035211
0.00293057
0.0357638
0.0286184
0.00278203
0.0236027
1.00108
0.0218503
0.00260283
0.013253
0.00395607
0.0273308
0.00572368
0.0135797
0.00287145
0.00260628
0.00805988
0.0487176
0.00964671
0.00696056
0.00338264
0.0415708
0
0.53744
0.00274103
0.0179598
0
0.0906063
0.271118
0.0101701
0.00491334
0.00274025
0.00278422
0
0.0559432
0.021615
0.0835744
0.0212457
0.00266191
0.0481865
0.998288
0.0103649
0
0.00275972
0.00707322
0.01623
0
0.00783143
0.00376068
0.00274025
0.00275489
0.00305258
0.0149455
0.00274025
0
0.00262042
0.00548441
0.00359602
0.00288617
0.00288653
0.0315473
1
0.00247533
0.00594058
0.00247284
0.00247463
0.00305649
0.014005
0.0141184
0.00296304
0.00296091
0.0432314
0.116696
1.00946
0
0.0110185
0.00419606
0.00253522
0.011817
0.00274691
0.0352121
0.00261258
0.083718
0.00253522
1
1
0.0253454
0.00283125
0.00247981
0.00278422
0.0166688
0.00294773
0.00294071
0.0482008
0.1705
0
0.211362
0.0552603
0.00274025
0.00280233
0.00913418
0.0198044
0.331033
0.0336736
0.0029416
0.00285718
0.00280014
0.00248606
0.0147046
0.0492907
0.00271917
0.0419777
0.00259304
0
0.383897
0.016199
0.00276728
0.0367964
0.0043363
0.00368157
0.0388909
0.00310645
0.0241452
0.00310645
0.0128343
0
0.00291043
0
0.434146
0.00324781
0.00247981
0
1
0.00291984
0.00872472
0.00267157
0.00299106
0.0178623
0.050999
0.00401883
0.0135232
0.00554295
0.00284202
0.0168417
0.00420349
0.00262928
0.00283387
0.00263248
0.00274062
0.0031137
0.0140134
0.00281477
0.00272352
0.0332577
0.00572232
0.00297755
0.00273964
0.00247981
0.0110926
0.00566616
0.900784
0.00852889
1.00843
0
0.00247981
0.00252476
0.00247981
0.0108315
0.00285718
0.00747342
0.022434
0.00287292
0.0058352
0.00255941
0.0029416
0.0505125
0.00255816
0.0029416
0.496884
0.0176879
0.0219668
0.00528466
0.00276521
0.00281477
0.00285718
0.0029198
0.00262017
0.00476196
0.00281477
0.00574533
0.00574533
0.0383159
0.00836927
0.00538123
0.00263474
0.491068
1.0186
0.00564663
0.0161396
0.00281733
0.0064561
0.0181118
0.0957818
0.00289688
0.0136767
0.00255177
0.00772206
0.00255177
0.0113081
0.0145744
0.00299848
0.00265323
0.0453913
0.0318633
0.00949865
0.0110632
0.00407572
0.00572417
0.00971116
0.0170822
0.0462364
0.112236
0.0145469
0.670125
0.96039
0.00596465
0.00596465
0.0171226
0.01948
0.00898517
0.0171226
0.00525241
0.0196744
0.00850888
0.00555637
0.0224617
0.00543751
0.00547359
0.00261335
0.034699
0.00861085
0.00293006
0.0230875
0.00261335
0.029495
0.00247775
0.00412634
0.0149006
0.0168092
0.14575
0.0158928
0.00270208
0.00261335
1.00342
0.00258244
0.0025474
0.00250856
0.00290244
0
0.00909951
0.00625767
0
0
0.00296305
0.0135544
0.00289613
0.00577306
0.0062297
0.20796
0.00395962
0.293644
0.99072
0.00276045
0.00309165
0.00828375
0.00296599
0.00866207
0.0106249
0
0.00370443
0.00735135
0.00821305
0.008793
0.00367464
0.127225
0.0031636
0.00792071
0.00275294
0.00828375
0.00293015
0.00600007
0.00574591
0.00251716
0.0118305
0.00286455
0.00297579
0.00569451
0
0.0260828
0.00795686
0.976749
0.0279863
0.00261413
0.00256725
0.0138006
0.0467821
0.00293853
0.019146
0.00824607
0.00250927
0.0169405
0.0104177
0.00288865
0.00285097
0.00573199
0.00799132
0.00282753
0.00250856
0.185734
0.0131077
0.0119543
0.00297579
0.0102857
1.00486
0.00841405
0.00376217
0.0174656
0.00792071
0.116371
0.00265383
0.00544272
0.00792071
0.0267029
0.00259416
0.185917
0.0224558
0.00250785
0.0327261
0.00250856
0.0266519
0.00300504
0.00304494
0.00255177
0.00286996
0.00848671
0.038291
0.0702369
0.00453152
0.627092
0.011391
0.00289394
0.0149204
0.00258244
0.0224317
0.00263082
0.00258244
0.00826889
0.00302529
0.0159206
0.0036272
0.00246552
0.0273475
0.00433188
0.0593415
0.00250856
0.00604429
0.00250856
0.00485451
0.00277174
0.1782
0.00263514
0.00418094
1
0.979428
0.366539
0.354794
0.00595279
0.00934522
0.00259956
0.00606588
0.087939
0.204212
0.0291924
0.0221409
0.097982
0.139964
0.444255
0.012839
0.0106786
0.254688
0.349851
0.135653
0.320329
0.722674
0.00813037
0.0029898
0.00850632
0.00280467
0.00281525
0.0671467
0.0343507
1.00633
0.00270156
0.00640477
0.0373747
0.699571
1
0.0165962
0.0160336
0.0114993
0.0135827
0.00280548
0.0251021
0.0462899
0.0187964
0.094713
1
0.00272235
0.00277383
0.00572362
0.00277304
0.0208222
0.295685
0.00267786
0.0162234
0.00529049
0.00262856
0.00262856
0.00262856
0.00272698
0.0134498
0.0262856
0.289532
0.034424
0.00267786
0.00453243
0.00267861
0.00798568
0.00259353
0.00826369
1.01782
0.1931
0.0108869
0.00279511
0.0333192
0.0039527
0.00274179
0.0681387
0.0137255
0.171627
0.0140825
0.951529
0.284101
0.00264217
0.0439419
0.4893
0.0249562
0.0496059
0.474953
0.14021
0.00348557
0.163012
0.00651891
0.0132246
0.0842212
0.00912064
0.00749247
0.00265414
0.0130204
0.00801517
0.737678
0.0303073
0.00293202
0.0711553
0.00517688
0.00801517
0.0120228
0.0644648
0.0356277
0.0142969
0.221192
1.00957
1
0.00389817
0.0084518
0.00286843
0.00276483
0.0224004
0.00362023
0.00278019
0.0393801
0.00856365
0.00401068
0.0314435
0.00711775
0.0309173
0.00297046
0.161353
1
0.00830485
0
0.00275351
0.00291222
0.0119012
0
0.00844814
0.0108826
0.00823032
0.0224463
0.00376758
0.0029659
0.00410956
0.00260272
0.0407006
0
0.00522719
0.00651501
0.00511012
0.0139367
0.00744986
0.00284287
0.978775
0.00524453
0.00481917
0.0135273
0.00529863
0.813086
0.00644628
0.00515702
0.0251721
0.02449
0.00314351
1
0.015696
0.00248329
0.013633
0.0119966
0.00248329
0
0.0417851
0.00789955
0.0135273
0.00260272
0.00298159
0.0310639
0
0.0179566
0.00559048
0.0373653
0.0350981
0.0522823
0.0141175
0.0201392
0.0193187
0.0160149
0.00274413
0.00274413
0.0205068
0.0432228
0.00286618
0.0198796
1.02455
0.00270108
0.00831272
0.0864242
0
0.00614657
0.0135054
0.00422474
0.0340724
0.00295831
0
0.00301727
0.00282314
0
0.00274697
0.031379
0.0130091
0.00285944
0.00282314
0.00271115
0
0.00428371
0.0147479
0.0348075
0.00846942
0.487077
0.0187003
0.0459862
0.288733
0.00292872
0.0508762
0
0.00274413
0.0537997
0.0174097
0.00303353
0.0350317
1.01319
0.00358301
0.0324391
0.00617215
0.00522299
0
0.00866969
0.00806068
0.00277818
0.0108593
0.990815
0.00253539
0
0
0.00570992
0.00295097
0
0.00767886
0
0.133013
0.0198717
0.0292665
0.0529972
0.723111
0.00248477
0
0.0505412
0.00255847
0
0
0.00274649
0.0119012
0
0.0381358
0
0.00295097
0
1
0
1.00966
0.0365468
0.00281925
0.00542003
0.0226103
0
0.00540247
0.00339383
0.00295097
0.00246753
0.0573229
0.278718
0.289965
0.00320025
0.00294574
0.00274413
0.0027816
0.00282314
0.00455604
0.00275466
0.028863
0
0.00634119
0.336165
0.00316176
0.248414
0.00307496
0.0168281
0.00284457
0.00282314
0.00260343
0.0029506
0.0529812
0.00512701
0.0114211
0.0394765
0.00278525
0
0
0
0.00246753
0
0.00334661
0.00246753
0.412079
0.00770835
0.0183817
0.00280289
0.0385337
0.0130255
0.0027601
0.0437098
0.0266364
0.00411544
0.00941046
0.0365218
0.00960269
0.0120992
0.00270139
0
0.0114741
0.0025969
0.201838
0.0030088
0.0025969
1
0.00277723
0.00266278
0.00259417
0.0037477
0.00303827
0.00268388
0.00582339
0.0843663
0.0181349
0.00887511
0.00289354
0.00540247
0.00259471
0.0289573
0.0123169
0.00756538
0.00298373
0.00260194
0.00788576
0.00275921
0.0166789
0.0273768
0.00243502
0.0626653
0.00297477
0.00255482
0.00260194
0.0141967
0.973054
0
0.00519106
0.00259417
0.0141685
1.00493
0.024894
0.00271104
0.00267878
0.00825404
0.00277576
0.00288081
0.00293302
0.00885292
0.00432121
0
0.00309384
0.00285727
0.0763401
0.458784
0
0.0225642
0.00285684
0.0025423
0.0025423
0.0025423
0.00246047
0.0025423
0.00259803
0.00423717
0.00260464
0.00266612
0.00266612
0.00571785
0.00266612
0.00266612
0.0461192
0.00266612
0.00275199
0.00426338
0.00275199
0.00639406
0.00275199
0.00275199
0.00275199
0.014636
0.0164294
0.00267622
0.00249224
0.00300247
0.00267622
0.00267622
0.00275366
0.00267622
0.00382318
0.51756
1.02588
0.0172397
0.00270794
0.00968685
0.00270794
0
0.00309107
0.00922076
0.114863
0
0.00261674
0
0.0261519
0
0.0221256
0.0164021
0.0645661
0.00942426
0.0490092
0.00252911
0.00257599
0.0105436
0.011055
0.0572485
0.0111533
0.0899885
0.777134
1.00917
0
0.075594
0
0.00575693
0.00544109
0.00628448
0.00575693
0.0068934
0.00830931
0.008304
0.00301559
0.0647063
0.00280046
0.0344208
0.00297067
0.00390017
0.00279917
0.0481373
0.00306773
0.0112964
0.0429963
0.0218
0.0685687
0.991249
0.00251384
0.0024827
0.00299888
0
0.00568666
0.164333
0
0.00590385
0.00528017
0
0.0220924
0.0140212
0.00525657
0.134164
0
0.419962
0.00282597
1.02372
0.00251243
0.00958956
0.00297036
0.00294832
0.00254465
0.00811179
0.00753217
0.00527182
0.00432172
0.0028408
0
0.00959527
0.00256713
0.0380046
0.00330955
0.00283671
0.00251314
0
0.00287996
0.00294832
0
0.00281164
0.00254707
0.0954678
1
0.0108312
0.00291314
0.00562563
0.00607073
0.0841824
0.0326453
0.013593
0.00350339
0.00566588
0
0.00274662
0.00249268
0.00293995
0.00294832
0
0.0265405
0.0121378
0.996746
0.0541209
0.00269728
0.00256056
0.164962
0.0362146
0.0648453
0.0486045
0.023838
0.0362146
0.0972497
0.00794731
0.0455803
0.00725503
0.0280356
0.0030287
0.014604
0.00254779
0.00307805
0.00245924
0.0028086
0.235352
0.0250452
0.00443464
0
0.621786
0
0.00548411
0
0.00248411
0.0109685
0.00828036
0.00248411
0.00372616
0
0.0148793
0.00354873
0.00248411
0
0
0.123514
0
0.00236835
0.0217039
0.00353435
0.0236835
0.00236835
0.00258285
0.00338336
0.0694591
0.0026315
0.00236835
0.00259078
0.00254707
0.00254707
0.172755
0.00865658
0.0052293
0.00412341
0.00622905
0
1
1.01579
0.380148
