0.0249404
0.443194
0.0136638
0.0303632
0.0158076
0.01366
0.0139445
0.01366
0.0158076
0.0142018
0.0294676
0.0295003
0.00521731
0.01366
0.0142
0.0128605
0.0142792
0.01366
0.0141985
0.0443612
0.118977
0.0887645
0.037157
0.601252
0.0731855
0.136353
0.00307698
0.00282013
0.00289734
0.00278796
0.0667967
1
0.00678878
0.00264429
0.00252758
0.00263477
0.00301556
0.00256828
0.00252758
0.0026152
0.00281891
0.0056774
0.0111049
0.0487009
0.0407327
1.01071
0.00322835
0.00260222
0.0078434
0.00281051
0.00255474
0.019234
0.0195434
0.0201772
1
0.10383
0.00263582
0.0133124
0.00279915
0.00258893
0.00278147
0.0129447
0.00258893
0.00269922
0.00457414
0.00258893
0.0538317
0.00647812
0.00266867
0.0055943
0.00927659
0.00539173
0.0028286
0.0133243
0.0192892
0.0109138
0.108628
0.337218
0.986641
0.144281
0.00259849
0.00261751
0.0345331
0.00259776
0.0467352
0.00270379
0.00255272
0.00259776
0.00271319
0.00259776
0.0342725
0.00311731
0.23808
0.00260799
0.00269324
0.0163992
0.0264589
0.00259776
0.0057134
0.0357954
0.00259776
0.00258648
0.00799852
0.0217491
0.0412559
0.133885
0.990003
1.03237
0.0264729
0.0487041
0.0106033
0.0399108
0.070256
0.030205
0.125239
0.0131581
0.00263447
0.0263586
0.00789486
0.00264589
0.0079597
0.0118423
0.214453
0.0108917
0.0188854
1.00509
0.0151546
0.0264729
0.00789486
0.00371064
0.0338351
0.00804768
0.158537
0.0317418
0.0131437
0.112794
0.0270519
0.0079597
0.0038793
0.00822438
0.0327834
0.0395297
0.00816946
0.00269177
0.00530777
0.0188835
0.0782151
0.0334142
0.0025577
0.0156672
0.0185979
0.0361955
0.170758
0.197806
1.01023
1.00733
1
1.00325
0
0.00805096
0.314661
0.00564443
0.0105701
0.00419955
0.0147026
0
0.00381491
0
0
0
0.099647
0.0222612
0.0107936
0.230475
0.101944
0.0776545
0.00540515
0.0785106
0.00772848
0.0322056
0
0.00265128
0.00321259
0.0114768
0
0.0166375
0.0138989
0.0191101
0.0140216
0.00270148
0.00524878
0.0053486
0.0805704
0.0362706
0.0024947
0.0299977
0.00304032
0.00256083
0.0244776
0.0132539
0.0310499
0.0803482
0.020366
0.992618
0.265194
1.00781
1.07754
0.0230942
0.0376969
0.00284861
0.00781503
0.00256083
0.0230877
0.00253843
0.00364824
0.0026855
0.00927791
0.0291718
0.00329373
0.142167
0.00535743
0.0198042
0.099645
0.0129652
0.00255639
0.00255639
0.00643595
0.0109559
0.00279427
0.0905288
0.00521118
0.0838921
0.00255639
0.00259831
0.00406954
0.0314232
0.021572
0.00333442
0.0110966
0
0.0105424
0.00832359
0.0230877
0.00245844
0.00570361
0.00555827
0.00264519
0.0219175
0.00553103
0.0940618
0.00266321
0.00519756
0.0226759
0.0103977
0.0795472
0.00802134
0.0588361
0.0764786
0.972677
0.139812
1
0
0.00554489
0.0783383
0.00713113
0.00268649
0.00303875
0.0159708
0.0110806
0.0030933
0.00258362
0.00282912
0.0239192
0.0306464
0.0314898
0.0505376
0.00584737
0.0314987
0.0314898
0.00293102
0.150554
0.00254096
0.0069299
0.0753382
0.0229857
0
0.0353739
0.00267742
0
0.0157012
0.0164371
0.00692942
0.0289489
0.0252845
0.00459683
0.0394488
0.00254891
0.0314898
0.0457087
0.0026087
0.00793997
0.141025
0.990569
0.0108843
0.029571
0.0163709
0.0681366
0.00302652
0.0195321
0.0108904
0.0195919
0.0323002
0.00842307
0.102904
0.00820728
0.0070751
0.00292619
0.0026715
0.00545486
0.0128934
0.00861293
0.00272031
0.0186836
0.00545486
0.0120957
0.00566134
0.00312219
0.900328
1.00147
0.943145
1
0.0148007
0.0132288
0.00272925
0.00272925
0.00790531
0.00274133
0.0721677
0.0132288
0.00272925
0.0116968
0.00308596
0.0313904
0.00544492
0.0472486
0.00762648
0.0636487
0.00266531
0.0241207
0.0136201
0.0104304
0.0453303
0.00486413
0.00860843
0.0112151
0.266122
1.00348
0.589737
0.988424
0.00782162
0.00782383
0.00977978
0.00801493
0.00797376
0.00782603
0.0129658
0.0634511
0.00409589
0.032085
0.012602
0.00263499
0.0119315
0.0683997
1
0.375318
0.00716822
0.00272849
0.00285028
0.0352931
0
0.0131997
0.00694413
0.0195596
0.0111519
0.00754745
0.0316971
0.0160333
0.0133066
0.00295311
0.00582053
0.0317256
0.190613
1
0.662463
0.00262844
0.0640037
0.00274139
0.0301971
0.016625
0.0954328
0.0236956
0.00258465
0.00275351
0.0082403
0.0026277
0.0511505
0.0568145
0.01701
0.0168448
0.105845
0.00525142
0.00682188
0.0805111
0.00560603
0.0040382
0.0125673
0.00294047
0.00245721
0.00549094
0.0026277
0.00556603
0.00377035
0.0111401
0.166083
0.00275351
0.00359581
0.00804117
0.0026277
0.00284646
0.00267281
0.00468382
0.0396749
0.0026277
0.00252346
0.00398393
0.00593912
0.112859
0.509285
0.0199885
0.00281048
0.0115541
0.00792203
0.197869
0.103708
0.00284271
0.00281207
0.00907668
0.0642463
0
0.135619
0.0374691
0.00302175
0.0867044
0.00907668
0.0087428
0.0234514
0.0259127
0.0027547
0.0111315
0.018332
1
0.18168
0.0111134
0.00586075
0.00376358
0.00528582
0.0575228
0.00299481
0.00401611
0.0250348
0.0337195
0.00279483
0.00937092
0.00268875
0.0236216
0.00945793
0.0100348
0.058518
0.00267596
0.00262269
0.00276744
0.00597786
0.0101855
0.319984
0.42726
0.10844
0.00248966
0.00858702
0.00547244
0.162723
0.122123
0.00817271
0.00272347
0.00250776
0.00547398
0.0814156
0.244247
0.00272424
0.0710875
0.0146659
0.00297992
0.0744336
0.0215412
0.00543945
0.00273545
0.89373
0.772911
0.310146
0.00294047
0.00294047
0.0118509
0.00517168
0.00293057
0.0406493
0.00294047
0
0.00415061
0.00250054
0
0.0167523
0.00430907
0.0353215
0.00284834
0.00622591
0.00303221
0.00237208
0.00267596
0.026181
0.00704638
0.00301368
0.0851246
0.00838227
0.00283094
0.00294676
0.36893
0.98147
0.139964
0.00254985
0.0104205
0.0150338
0.0222028
0.00259967
0.00862183
0.121778
0.00261333
0.00257738
0.217889
0.833332
0.0264808
0.00578992
0.00293921
0.00842514
0.00306235
0.0279774
0.00259237
0.0215068
0.0224682
0.00770705
0.00297082
0.0172372
0
0.0339008
0.0070512
0.0233805
0.0885658
0.394211
0.0129534
0.00267392
0.00353458
0.00539905
0.0172712
0.00525211
0.0222332
0.0518281
0.00842761
0.193491
0.00299737
0.00560258
0.00693262
0.00970175
0.00539905
0.00312163
0.0393927
0.00284203
0.00518136
0.00528955
0.325904
0.00518136
0.00518136
0.00540646
0.0054552
0.00262838
0.0176602
0.00529658
0.00375483
0.00574648
0.00529807
0.00529807
0.00531141
0.00270587
0.0111764
0.225137
0.00856556
0
0.00264151
0.00551875
0.00258541
0.00296924
0.0160331
0
0
0
0.00399559
0.00304119
0.0146436
0.0106935
0.00876742
0.0111331
0.0847159
0.00292163
0.00282489
0
0.00257875
0.0427686
1
0
0.00855478
0.0129266
0.0117062
0.0255498
0.00277423
0.00249895
0.00273783
0.348784
0.413662
0.374493
0.0322802
0.0109892
0.00568532
0.025592
0.00276003
0.264549
0.130568
0.0215728
0.0215789
0.0215789
0.0215789
0.0215849
0.0226828
0.0215789
0.0226205
0.0113411
0.0556914
0.00305282
0.0809208
0.0225635
0.00259983
0.00603459
0.0604127
0.145703
0.00535051
0.00535202
0.00277598
0.00270226
0.00535202
0.00535352
0.00535202
0.00299116
0.00561396
0.00262287
0.0148355
0.00766692
0.254811
0.993045
0.00772809
0.0620193
0.00293395
0.00587516
0.0497228
0.0581169
0.00285159
0.0211771
0.826011
0.354571
1.00558
0.227428
0.00554898
0.00582265
0.0225044
0.00373472
0.00855401
0.0100859
0.00580097
0.0727466
0.00281949
0.00591143
0.0113633
0.030636
0.00448262
0.0881061
0.758939
0.0300051
0.013828
0.0171238
0.0227386
0.0116025
0.0028556
0.0169348
0.00973318
0.00250806
0.0339219
0.00852386
0.00692332
0.00271873
0.00261618
0.019787
0.0366858
0.183902
0.0110891
0.0375238
0.732711
0.00270875
0.00261544
0.0848337
0.00280587
0.00261618
0.00261618
0.00292627
0.00259033
0.00273739
0.00261618
0.0069505
0.00354996
0.0288622
0.00270867
0.002715
0.00534285
0.0223258
0.00291186
0.00890683
0.00522898
0.00869857
0.00291787
0.0313442
0.055625
0.138507
0.0103441
0.974976
0.0105196
0
0.0835483
0.00301491
0.00285839
0
0
0.281952
0.00285839
0.00451325
0.014785
0.0141831
0.00962638
0.0028027
0.00286098
0.00276451
0.00279854
0.00258013
0.0104575
0.00276537
0.0386699
0.00335515
0.00289757
0.0028583
0.00311023
0.0162979
0.031049
0.303377
0.0118871
0.964754
1
0.994897
0.029983
0.00717995
0.00284531
0.00287609
0.0239728
0.00563858
0.0123535
0.00779054
0.00565226
0.247671
0.00986679
0.00546906
0.0171769
0.0152923
0
0.00522294
0.0107723
0.00369784
0.00897058
0.00842325
0.00731889
0.0216929
0.00544859
0.038185
0.00276617
0.0277815
0.0192829
0.033667
0.143807
0.0188683
0.928115
0.449659
0.956804
0.981984
0.167461
0.0193565
0.00547637
0.00279489
0.00609855
0.00267228
0.00273562
0.0279709
0.00816969
0.00830301
0.0278754
0.00263622
0.00913255
0.00813974
0.00542861
0.00285397
0.019521
0.0054287
0.0164971
0.0054287
0.034793
0.00285397
0.0164971
0.0054473
0.00542861
0.00845193
0.00573701
0.0164972
0.0201796
0.00285657
0.00866954
0.0571067
0.00823148
0.00550696
0.0029326
0.0172269
0.00376979
0.0585577
0.0205329
0.0145677
1
0.0110685
0.00277399
0.0228056
0.0196048
0.101654
0.00290347
0.00897179
0.0105083
0.0175143
0
0.00248722
0.0167134
0.00874569
0.00853329
0.00835645
0.00694811
0.00293536
0.00860229
0.00704853
0.0664111
0.0104454
0.0243227
0.0201584
0.0811544
0.0429257
0.950613
0.00850528
0.00289883
1.00516
0.653024
1.00805
0.00272338
0.047492
0
0.0102419
0.00276816
0.0332914
0.00798835
0.0028307
0.0081835
0.0390882
0.0165235
0.158845
0.0191162
0.0028315
0.00273158
0.0137322
0.00273158
0.0374017
0.00550102
0.00292435
0.0165908
0.0170279
0.0220767
0.0137322
0.00566418
0.0164787
0.048133
0.00295603
0.0173952
0.00833433
0.0739119
0.0276783
0.0654397
0.0172179
0.00706905
0.0340957
0.109212
0.030359
0.045494
0.695198
0.0120195
0.0322005
0.0458743
0.013545
0.0315011
0.00570171
0.00601185
0.00964374
0.00829788
0.0190556
0.0277789
0.0165058
0.108838
0.02484
0.0027634
0.0342358
0.0245503
0.0368864
0.0545996
0.115304
0.0550942
0.998472
0.00829788
0.996722
0.673745
1.00943
0.0134185
0
0.00318096
0.15828
0.0366717
0.0134223
0.00254549
0.0134223
0.00391629
0
0.0351558
0.0054649
0.0134223
0.0025133
0.012594
0.095576
0.0160974
0.00254549
0.0176539
0.0160974
0.0160974
0.00826495
0.0345216
0.180317
0.0166793
0.0756391
0.0148149
0.0305155
0.041959
0.036215
0.0439019
0.305515
0.0226976
0.0192218
0.460732
0.00257993
0.0254284
0.0177635
0.0141088
0.0227307
0.00303301
0.0229957
0.0195784
0.00844876
0.0217972
0.00254549
0.0121639
0.00278554
0.00854713
0.0705932
0.00286547
0.00273779
0.00745606
0.00848496
0.00254549
0.00264521
0.0323498
0.00250206
0.0255333
0.073221
0.00373024
0.838443
0.00263751
0.552631
0.551136
0.972676
0.0113305
0.00547991
0.0163657
0.0282716
0.0113337
0.0113337
0.0029764
0.0131803
0.00257183
0.0376286
0.0113337
0.011778
0.0113337
0.00284519
0.0113337
0.0113337
0.00545212
0.00538419
0.011711
0.0547051
0.00299536
0.00265227
0.00419156
0.0335464
0.0566684
0.034172
0.00263534
0.00818747
0.0985805
0.00264424
0.0111599
0.00551226
0.00482231
0.00850418
0.002812
0.008801
0.00271396
0.00273432
0.00272558
0.0260317
0.00258178
0.0035156
0.00511676
0.0422135
0.0160873
0.0404311
0.00292995
1
0.12912
1.03201
0.952289
0.0494102
0.043329
0.199694
0.00300342
0.00582357
0.122786
0.00259455
0.0439582
0.972194
1
0.0584312
0.00979393
0.0113932
0
0.00283798
0.032032
0.00262362
0.019723
0.00252968
0.0349017
0.00282103
0.00941246
0.00897286
0.00271774
0.0064126
0.0348335
1
0.0337161
0.0131167
0.0140347
0.0170349
0.00249178
0.00787223
0.0105951
0.0115605
0.0679632
0.00261379
0.00249178
0.00523997
0.00300232
0.00538046
0.0740736
0.00305219
0.0182081
0.00538046
0.420012
1.02447
0.462632
0.976178
0.149948
0.0590291
0.0155877
0.00256979
0.00519425
0.00280919
0.144005
0.0315463
0.0111106
0.00255874
0.00517609
0.0028111
0.0127073
0.0102626
0.383396
0.077608
1
0.0198512
0.0287913
0.0108864
0.00249859
0.0116672
0.0138997
0.02204
0.00285663
0.0810993
0.00262092
0.0138997
0.00285509
0.0029942
0.00560053
0.0962347
0.0185771
0.206011
0.671761
0.951257
0.00268593
0.0028273
0.0438779
0.00288188
0.00534876
0.00851504
0.00398995
0.00273053
0.0481961
0.00285425
0.0113698
0.0630357
0.00562876
0.037615
0.00255691
0.0142249
0.0190176
0.00675757
0.0498034
0.0253372
0.0142249
0.275603
0.683879
0.0183641
0.0253995
0.00542413
0.00886023
0.0674554
0.00264774
0.00264774
0.00264774
0.00269967
0.00261405
0.0810491
0.0138376
0.00259105
0.00261405
0.0471132
0.89298
1
0.407677
0.00490545
0.0394418
0.00526179
0.00277315
0.0945981
0.00526179
0.0173214
0.0282943
0.00474307
0.00543954
0.0145906
0.0301526
0.498454
0.413442
0.140139
0.0215519
0.0579645
0.0133032
0.147888
0.162564
0.00442567
0.0727109
0.0117978
0.216138
0.910881
1
0.178779
0.027095
0.00575036
0.0254685
0.0603744
0.00470313
0.00828429
0.00824213
0.0392212
1
0.0786561
0.485625
0.0973407
0.0700142
0.186433
0.00757423
0.200543
0.334614
0.272188
0.00262961
0.00540536
0.0057503
0.0622687
0.0076246
0.0647235
0.0366785
0.0041342
0.00535786
0.932863
0.541155
0.00285393
0.00259395
0.00835264
0.0119558
0.0167694
0.0111973
0.00547865
0.00547711
0.00834218
0.00547865
0.00547865
1.03737
0.00855861
0.00802029
0.0115825
0.00572048
0.0112556
0.00576812
0.00309832
