0.11682
0.0387793
0.0382816
0.179351
0.101857
0.0256746
0.0189184
0.0171373
0.00566991
0.0173948
0.0796227
0.886813
0.0230602
0.0220685
0.0220685
0.00794443
0.00780341
0.00813342
0.0447472
0.0192987
0.296657
0.803264
0.00259228
0.00775606
0.112294
0.351744
0.968397
0.12752
1
0.144696
1
0.00593495
0.00309446
0.00336513
0.00257788
0.00264441
0.0101309
0.0168274
0.00286261
0.00276184
0.00263047
0.00271062
0.00311198
0.00788055
0.00553901
0.0057856
1.02319
0.0902857
1
0.0248205
0.0248205
0.0294293
0.0263076
0.0248205
0.131678
0.0176991
0.0247665
0.0223526
0.0294293
0.0334005
0.0195809
0.0262421
0.110372
0.457758
0.0456576
0.0169711
0.00304752
0.00629612
0.05977
0.008422
0.110067
0.0172819
0.753325
0.00285443
0.0196864
0.00841676
0.0609131
0.00264162
0.0672913
0.0217534
0.025536
0.262889
0.475806
0.0334589
0.0404937
0.0232932
0.0673045
0.0417783
0.0205905
0.0368481
0.227895
0.0628054
0.00905145
0.0104097
0.0234305
0.0358173
0.0144357
0.0193351
0.0232789
0.0552644
0.00681876
0.075098
0.955304
0.00292015
0.00852544
0.00300644
0.00291387
0.00280449
0.00265576
0.0128504
0.00593835
0.00257926
0.00283172
0.0104589
0.147401
0.030586
0.0051728
0.0144954
0.00275976
0.00275976
0.0051609
0.00288781
0.00292015
0.00291387
0.00268195
0.0109758
0.00269496
0.00292015
0.0580778
0.00553046
0.0143374
1.03676
0.00829704
0.00267257
0.00970529
0.0026586
0.00620988
0.0471067
0.353563
0.012339
0.00286638
0.159159
0.00551349
0.0886614
0.00554246
0.00833743
0.0694471
0.0176898
0.0291607
0.0209468
0.0526835
0.811593
0.0173336
0.0197624
0.00296107
0.0066302
0.0188834
0.00305111
0.00294413
0.993539
0.0734695
0.0292498
1
0
0.00265086
1
0.0028846
0.999498
0.0140663
0.00540998
0.00336927
0.991419
0.00286661
0
0.00284002
0.0029372
0.000655938
1.02476
1.00686
0.0707478
0.00476684
0.154916
0.0440232
0.00842543
0.0438874
0.0452375
0.00482407
0.76623
1
0.118893
0.0106124
0.00807475
0.339327
0.0240085
0.0406872
0.0212881
0.0165935
0.00266543
0.00265884
0.00559839
0.253245
1
0.0305571
0.0108169
0.00788272
0.626264
0.0167655
0.00573538
0.00277174
0.0108831
0.0164131
0.138687
0.656778
0.00808191
0.0153336
0.0153336
0.00827382
0.00257008
0.0460377
0.00510906
0.00260884
0.00255292
0.00269573
0.10733
0.00278292
0.00266392
0.00528487
0.00384424
0.00282282
0.00261733
0.0107652
0.20765
1
0.0106202
0.012969
0.0102762
0.00859876
0.00812638
0.0841512
0.0193649
1
1
0.992267
0.994277
0.441534
0.00257692
0.00850782
0.00800975
0.00236012
0.00258199
0.0278916
0
0.0559511
0.00258199
0.00785456
0.00249132
0.00257658
0.00920237
0.00899753
0.0115309
0.925812
0.285403
1
0.0148904
0.00279944
0.00286559
0.0195639
0.00271648
0.0113552
1
0.230895
1.00622
1
0.00898908
0.00584574
0.0316592
0.0115495
0.00386381
0.0287767
0.00304115
0.0285633
0.0130706
0.00262065
0.0172813
0.00262065
0.0286771
0.00230437
0.0275771
0.00570502
0.0172813
0.0289267
0.0158429
0.0167588
0.00302537
0.0386507
0.00894245
0.0025101
0.0316658
0.0278642
0.0027285
0.0172019
0.986776
0.0928119
0.515924
0.998285
0.0144553
0.0146259
0.0447124
0.0185361
0.0379854
0.0100535
0.0232553
0.0229979
0
0.00303269
0.0765267
0.0759828
0.0177837
0.0229979
0.00285595
0.0211505
1.02138
0.0223346
0.0379046
0.0616716
0.0163959
0.0109037
0.0335639
0.0553413
1
0.53391
0.99806
0.0319934
0.0508569
0.050932
0.023299
0.304552
0.0233886
0
0.537082
0.00270298
0.0232849
0.0069915
0.0361995
0.0808765
0.0276681
0.00574889
0.731772
0.437455
0.0175899
0.0252435
0.0135511
0.0668694
0.00268431
0.0196087
0.00878137
0.0372373
0
0.00278691
0.0309926
0.0400763
0.0219199
0.0104381
0.434769
0.0341099
0.00251292
0.00777038
0.0168133
0.032767
0.0137024
0.00268431
0.0884065
0.0688515
0.0523915
1
0.00272051
0.00271452
0.00261266
0.00247399
0.0116393
0.00272051
0.00240372
0.034435
0.0024048
0.00251035
0.00282302
0.447635
0
0
0.00257159
0.00272051
0.00515666
0.0597126
0.00251035
0.00261266
0.0221424
0.0194288
0.00269035
0.00260947
0.0495069
0.00239681
1.00311
0.0856092
0.0899185
0.0029807
0.0711226
0.105243
0.00290683
0.00416877
0.0265422
0.0121412
0.00295374
0.00858922
0.991973
1
1.04716
0.993301
0.80065
0.558451
0.564058
0.560976
0
0.398482
0.464645
0.00266993
0.26879
1
0.247271
0.0027485
0.635983
0
0.00281189
0.00270196
0.174778
0.0560713
0.00543886
0.012309
0.00305486
0.0029839
0.00297314
0.00298427
0.145134
0.0493709
0.0475344
0.0138342
