0.154874
0.0200119
0.0888062
0.0888062
0.104595
0.176537
0.248808
0.279589
0.236839
0.292348
0.0175516
0.0624379
0.458871
0.0172332
0.0259499
0.0121573
0.0145593
0.0492443
0.149258
0.704419
0.0172332
0.00708017
0.0505659
0.0121573
0.0272133
0.146724
0.138151
0.781628
0.0127018
0.00708017
0.127528
0.0121573
0.0820238
0.0106886
0.15883
0.00685783
0.249091
0.150519
0.624189
0.050561
0.0127018
0.331727
0.0121573
0.163281
0.0106886
0.255953
0.0141929
0.235175
0.066862
0.8228
0.165789
0.0370348
0.323071
0.0108504
0.0246665
0.233662
0
0.0096946
0.246229
0.0220129
0.334054
0.0852183
0.996666
0.125384
0.152132
0.042504
0.024333
0.00764802
0.389979
0.00975212
0.0487745
0.0960267
0
0.0542214
0.296631
0.00736661
0.0106397
0.286417
0.0849865
1.00168
0.270302
0.119904
0.0140674
0.024646
0.00764802
0.420885
0.00975212
0.050562
0.125269
0
0.0328118
0.269275
0.238709
0.0943362
1.00251
0.270302
0.102481
0.0140674
0.024646
0.00764802
0.461789
0.0203698
0.0265523
0.111463
0
0.055441
0.22196
0.215502
0.083635
0.969928
0.29551
0.08678
0.0295199
0.0127498
0.00718807
0.00764802
0.867903
0.00975212
0.0265523
0.0696455
0.0438421
0.210288
0.238419
0.0747883
0.0129948
0.840324
0.307106
0.0527317
0.0597648
0.00764802
0.733783
0.0790971
0.0418484
0.032289
0.150363
0.00704746
0.202338
0.04724
0.0378249
0.692884
0.344131
0.0351808
0.0463026
1.00733
0.158463
0.0429661
0.00977412
0.00923321
0.201367
0.0141061
0.0871027
0.04724
0.0759932
0.637966
0.486041
0
0.0304878
0.0134372
0.00731381
1.00277
0.0116215
0.302234
0.15523
0.00977412
0.00923321
0.20381
0.0301784
0.124316
0.0370149
0.12397
0.51543
0.430588
0.0169424
0.0155272
0
0.996515
0.0116215
0.343367
0.0708601
0.00977412
0.0194969
0.103449
0.0457581
0.011118
0.0105336
0.131991
0.018335
0.174747
0.337378
0.0362303
0.0169424
0.0158108
0
0.00731381
0
0.955111
0.463359
0.043166
0.0176367
0.0101766
0.0194969
0.0137904
0.068606
0.0990713
0.260847
0.106516
0.0169424
0.00798829
0.0317951
0
0.752269
0.423946
0.0284052
0.015883
0.0399581
0.0844523
0.00928902
0.0493907
0.319833
0
0.0169424
0.00798829
0.0317951
0
0.557593
0.492134
0
0.015883
0.0288156
0.0684884
0.00928902
0.0633704
0.430133
0
0.00798829
0
0
0.435837
0.519226
0.015883
0.0194969
0.0616507
0.0767941
0.513839
0
0.0137879
0
0.00893955
0.354943
0.532665
0.015883
0.00923321
0.0609322
0.0657236
0.425094
0.0137879
0
0.00806681
0.291196
0.454686
0.0186295
0.0541013
0.0658382
0.569511
0.0137879
0
0.00806681
0.291196
0.333279
0.0106002
0.00787584
0.0781421
0.630468
0.0137879
0.00806681
0.185409
0.238531
0.0643432
0.990001
0.0137879
0.0154491
0.159782
0.183291
0.0102454
0.0524942
0.716566
0.156475
0.714034
0.030263
0.0804167
0.0726559
0.0388915
0.039274
0.984256
0.00656419
0.00728093
0.0900053
0.0925097
0.25347
0.164191
0.0497455
0.0258761
0.0101201
0.996072
0.0236772
0.100498
0.15951
0.01469
0.393753
0.288734
0.0843707
0.0151704
0.163006
0.0499076
0.0327751
0.987862
0
0.0128555
0.0155024
0.0312862
0.0188919
0
0.120979
0.156953
0.818084
0.0069748
0.308319
0.0981417
0.00743954
0.225888
0.0629934
0.0434621
0.995509
0
0.0385028
0.0172488
0.00802767
0.0292728
0.0188919
0
0.158715
0.207269
0.0150714
0.0115675
0.980099
0.0069748
0.355347
0.185629
0.00772223
0.325492
0.127662
0.0322595
0.991893
0.00988647
0.090543
0.0139818
0.00802767
0.0220679
0.0188919
0.0179349
0.0115904
0.24005
0.210411
0.0115675
0.980099
0.505298
0.0118295
0.185702
0.0302261
0.320552
0.25623
0.0322595
0.998073
0.0383933
0.18126
0.0349539
0.0432894
0.0220679
0.0192502
0.0345926
0.3624
0.277674
0.980099
0.588692
0.0118295
0.25731
0.036951
0.282245
0.330199
0.0322595
0.993786
0.138332
0.231287
0.0702107
0.0585197
0.00804508
0.0377693
0.0360318
0.370449
0.155288
0.813821
0.00694528
0.577908
0.0118295
0.121678
0.0364609
0.288434
0.305366
0.0556918
1.00856
0.148575
0.179537
0.0856428
0.0585197
0.00804508
0.0377693
0.00964838
0.360128
0.281364
0.953009
0.00694528
0.595332
0.0118295
0.102071
0.0218601
0.33179
0.318453
0.0567792
1.02216
0.148575
0.142445
0.0927734
0.0585197
0.0197965
0.00964838
0.30088
0.25703
0.974186
0.00694528
0.393253
0.0118295
0.0831423
0.00759132
0.293977
0.262769
0.0346397
0.890308
0.00850987
0.168274
0.0902686
0.0678831
0.0292121
0.0197965
0.237817
0.234352
0.994918
0.00694528
0.237858
0.116483
0.214307
0.250038
0.0346397
0.820539
0.00850987
0.196275
0.0784503
0.0504534
0.0783326
0.147573
0.158101
0.0107641
0.977408
0.154812
0.067621
0.0865952
0.169281
0.0357854
0.661832
0.214941
0.0398317
0.041474
0.0783326
0.0684555
0.144819
0.0107641
0.979146
0.103091
0.0506693
0.0670303
0.155914
0.0234323
0.507129
0.28911
0.0129207
0.0078258
0.0148669
0.0622014
0.595792
0.0382459
0.0156234
0.0294431
0.0394159
0.348978
0.136123
0.0257705
0.395089
0.0100515
0.0156234
0.0188062
0.0135385
0.0968867
0.00960668
0.0135385
0.0844348
