1
0.455479
0.160666
0.00264403
0.0260684
0.00261965
0.0263111
0.979299
0.45327
1
1.0216
0.0106845
0.00256729
0.00255006
0.00256729
0.00268555
0.0027037
0.0630958
0.0132603
0.00255006
0.0610187
0.968162
0.327052
0.514906
0.591488
0.00552319
0.0184616
0.00312279
0.00279416
0.00574673
0.00291242
0.0174904
0.918482
0.00236256
0.00247043
0.00262955
0.00585248
0.0264043
0.498377
0
0.00837333
1
0.00251849
0.00256249
0.00307078
0.00520186
0
0.00265235
0.0373511
1.02858
0.00302247
0
1.02156
0
0.0029004
0.00255817
0.00270844
0.0277317
0
0.00298657
0.0110883
1
0
0.339273
0.00579947
0.00304577
0.0174658
0.656222
0.0153015
0
0.00293697
0.0731588
0.00301643
0.00305536
0.249524
0.00574146
0.00290308
1
0.516137
0.704646
0.447002
0.360686
0.0579676
0.05857
0.405538
0.229495
1.0432
0.0105694
0
0.9785
0
0
0.0475823
0.0104709
0.0480298
0.176998
0.101887
0.345734
0.158097
0.78661
0.370823
0.71554
1.00527
1.00188
1
0.300895
