0.16312
0.0434766
0.0927513
0.0434766
0.0927513
0.0434766
0.0927513
0.0434766
0.0927513
0.0434766
0.0927513
0.0107761
0.118102
0
0.0107761
0.0574601
0
0.129226
0
0.0118072
0
0.0104613
0
0.245736
0
0
0
0.0289965
0.0174611
0.0196797
0
0.0113782
0.00713423
0.0297524
0.00655786
0.103987
0.0438785
0.00730101
0.601467
0.0116602
0.00844636
0
0.0211906
0
0.0294053
0.0216417
0.0610526
0.0182858
0.03944
0
0.0572346
0.00963146
0.0108104
0.0312992
0.0153776
0.0179146
0.0275528
0.191534
0.0531514
0.641656
0.0331415
0.0154737
0.00944606
0.0138317
0.0221852
0.0546453
0.0276959
0.0339526
0.010721
0.00716705
0.105437
0.00660731
0
0.0351856
0.0393131
0
0
0.072805
0.0185859
0.0108104
0.0228363
0.072875
0.0175519
0.0378635
0.032683
0.00636606
0.266122
0.0527137
0.020706
0.0158554
0.814798
0.032611
0.0186351
0.0912516
0.0174801
0.0202755
0.031405
0.0171092
0.0276959
0.0174029
0.00688657
0
0.0223123
0.00716705
0.149354
0.0134964
0.0197545
0.0351856
0.0393797
0
0.00702749
0.0703503
0.0185859
0.0436085
0.0571312
0.0372715
0.0782504
0.020138
0.0195554
0.195058
0.0546996
0.00983723
0.0306393
0.927048
0.0118001
0.0377247
0.108553
0.0174801
0.0134886
0.0308688
0.0358618
0.0572549
0
0.00639493
0
0.0306057
0.0323963
0.0291195
0.0278532
0.0326041
0.0101467
0.0376227
0.0716258
0.0262916
0.00702749
0.0707953
0.00892935
0.118646
0.0294353
0.0206539
0.112875
0.0129597
0.0269035
0.483359
0.0894598
0.0199161
0.00761068
0.863002
0.0100924
0.0191866
0.10573
0.00944606
0.0146146
0.0527089
0.0536998
0.0437057
0.0739656
0.0130505
0
0.0450679
0.010084
0.0221459
0.0488418
0.039271
0.0101467
0.071697
0.1176
0.0352268
0
0.0954228
0.017716
0.0312671
0.179314
0
0.0206539
0.190939
0.0132149
0.00672248
0.44541
0.087155
0.0199161
0.0362893
0.865706
0.0118662
0.0465511
0.0767623
0
0.0130719
0.131658
0.0733163
0.0615349
0.0739241
0.00686227
0
0.0774469
0.010084
0.0218885
0.228683
0.067348
0.0187562
0.144347
0.143251
0.0261329
0.0225435
0.108536
0.00878666
0.00970131
0.17886
0.0164941
0.0381218
0.186284
0.0068388
0.0458446
0.496672
0.108686
0.0199161
0.0577964
0.780817
0.0108892
0.0456804
0.135226
0.00935102
0.00663827
0.132088
0.0963526
0.0736627
0.0409421
0
0.0152182
0.127946
0
0.498544
0.0600333
0.0182042
0.210244
0.157957
0.0606019
0.0221019
0.107737
0.0286158
0.0307293
0.194853
0
0.0903297
0.205072
0.0196249
0.0398872
0.463541
0.0434182
0.0295399
0.0676289
0.681574
0.00978122
0.0567312
0.123327
0.0172391
0.020748
0.131494
0.056733
0.0451113
0.0165492
0.0144177
0.0303396
0.0813391
0
1
0.0585825
0
0.298158
0.245359
0.0166237
0.0361783
0.0590032
0.00979654
0.0410719
0.278751
0.0465803
0.0530963
0.46627
0.0493047
0.0667603
0.476152
0.0643464
0.00983723
0.167624
0.506358
0.0105623
0.121178
0.0938732
0.00883052
0.0206393
0.0855419
0.109421
0.044012
0.032656
0.00710431
0.030721
0.0633275
0
1.00738
0.0330617
0.0188533
0.367884
0.186554
0.0176273
0.0222788
0.0633133
0.0187325
0.0425803
0.284921
0.0305515
0.0343154
0.247358
0.0214395
0.0270893
0.678563
0.0681218
0.0209727
0.128943
0.38117
0.031677
0.166609
0.122801
0.0086312
0.007407
0.133415
0
0.0897598
0.0402376
0.00710431
0.0149749
0.0486092
0
1.00806
0.0468351
0.0628774
0.330673
0.153051
0.0436933
0.0365434
0.0401497
0.0290534
0.0312595
0.234638
0.0444252
0
0.210316
0.0200998
0.0205351
0.681048
0.0342564
0.0424017
0.061345
0.262618
0.0436409
0.211902
0.092747
0.0178168
0.0066495
0.19829
0.0431688
0.0486449
0.00775403
0.0157234
0.0473313
0
0.0594509
0.979197
0.0390249
0.0552417
0.334468
0.100629
0.0269515
0.0144763
0.0506051
0.0185317
0.0318946
0.18498
0.0466308
0.0204532
0.153121
0.0131756
0.0274684
0.48833
0.0448803
0.0303538
0.145639
0.0480871
0.0216883
0.0657692
0.0933191
0
0.0144506
0.11088
0.0429388
0.041338
0.0146669
0.0308453
0.0458402
0.0111701
0.0220609
1.00954
0.0324761
0.0298418
0.350288
0.0741541
0.0436313
0.0311734
0.0411061
0.160802
0.110565
0.0158369
0.0393002
0.111005
0.0133604
0.0571791
0.436621
0.0206626
0.321481
0.0654368
0.0216883
0.0953688
0.078032
0.00863867
0.0144506
0.0676469
0.0738901
0.0335589
0.0285892
0.0300813
0.0155638
0
0.0293259
0.744735
0.0191732
0.00989953
0.351467
0.0471038
0.0256915
0.00811846
0.0119402
0.0391764
0.180365
0.0864304
0.0143564
0.0792318
0.231481
0.00637918
0.0210259
0.395149
0
0.0308701
0.29934
0.0328625
0.0106237
0.104725
0.030527
0.0144506
0.0554158
0.0174475
0.0730001
0
0.020856
0.00742216
0.0490831
0.0120492
0.013807
0.718038
0.0191732
0.00849046
0.262055
0.0482032
0.0519078
0.0311225
0.0649209
0.019238
0.212129
0.0612862
0
0.0799055
0.13287
0.00637918
0.0420909
0.42524
0.0103715
0.0209744
0.21799
0.0252805
0
0.0579151
0.0292853
0.0890881
0
0.0723672
0.00816762
0.00670177
0.00742216
0.0175628
0.0232301
0.013807
0.500502
0.0256565
0.0183038
0.137761
0.076062
0.0434709
0.0237244
0.0257461
0.019238
0.0603988
0.076266
0.0301196
0.0199095
0.134244
0.0202152
0.050669
0.55389
0.0112313
0.0103504
0.211821
0.0252805
0.0435322
0.00963656
0.049174
0.0293433
0.0874494
0
0.0723672
0.00848847
0
0.0163415
0.0118623
0.0216453
0.398184
0.0195829
0.189052
0.0469709
0.0270645
0.0311721
0.0383645
0
0.0320602
0.0680136
0.0313028
0.0194385
0.157312
0.0202152
0.0426527
0.589188
0.0112313
0.29729
0.00816368
0.0217866
0.0188723
0.0319552
0.00937424
0.0219108
0.0110479
0
0.0448715
0.00848847
0
0.0076351
0.0804578
0
0.0212894
0.35184
0.00606851
0.0100946
0.241647
0.0342878
0.0270645
0.0297513
0.0257461
0.00968921
0.0213868
0.044625
0.0466652
0.0194385
0.141817
0.00737955
0.0571129
0.531664
0.0539988
0.00943062
0.282135
0.00885793
0.00853863
0.0443454
0.0156484
0.0110479
0
0.0913858
0.0166397
0.00694764
0
0.0643188
0.0114304
0.0212894
0.29705
0.00715524
0.0100946
0.192154
0.0201862
0.00919119
0.0303006
0.0126076
0.0205683
0.0109986
0.0377866
0.0165456
0.0170676
0
0.0347761
0.0472835
0.532233
0
0.0193099
0.256125
0.034402
0.0346389
0.00853863
0.0110479
0.0182457
0.122101
0.00848847
0
0.0490932
0.0114304
0.241711
0.00864132
0.0702514
0.0198563
0.00801432
0.0210531
0.0218159
0.0219239
0.0165456
0.0170676
0.0572065
0.0197775
0.0200789
0.440383
0
0.0206806
0.199544
0
0.0116866
0.00853863
0.0110479
0.0311227
0.0495972
0.0841947
0.00955388
0.153536
0.0198563
0.00703382
0
0.0103356
0.0142027
0.032969
0.0545892
0.0189619
0.00698557
0.0279824
0.29471
0
0.0203988
0.351246
0.0116866
0.00936704
0.0137255
0.0110479
0.0288857
0.0163415
0.0659165
0.00955388
0.035828
0.00699224
0
0.021913
0.0211422
0.0189619
0.00743447
0.0133579
0.10987
0
0.435082
0.00671144
0.0157767
0.0202333
0
0.0108809
0.00696577
0.013802
0.0180064
0.444181
0.00942443
0.0239419
0.00671144
0.0148255
0.0291555
0.0350408
0.00780591
0.0411725
0
0.00695446
0.0192516
0.602418
0.0163731
0.00991938
0.0161617
0.00815465
0.00671144
0.0148255
0.00761887
0.00740441
0
0.028233
0.0354153
0.0346144
0.0131645
0.0150769
0.0300878
0
0
0.0369119
0.0388913
0.00664939
0.040482
0
0.0213224
0
0.771244
0.00821291
0
0.00815465
0.0137114
0.0216527
0
0.0138754
0.0152429
0.0391289
0.0312081
0.00725886
0.0570392
0.00647448
0.0354153
0.120912
0.0125132
0.0598974
0.00902389
0.0205184
0.00780421
0.0176393
0.0191673
0
0.0602902
0.0384349
0.0215962
0.0102358
0.913102
0.0166507
0.00991938
0.00886816
0.0171771
0.00815465
0.0283761
0.0108745
0
0.00858022
0.00701393
0.0546086
0.0475649
0.0112229
0.0148218
0.0276914
0.0537467
0.104514
0.0194123
0.00835112
0.109752
0.0126667
0.00892417
0.0303567
0.028347
0.11336
0.0386329
0
0.0678677
0.0384349
0.0214995
0.0105111
1.01422
0
0.0279666
0.00813482
0.0348844
0.020024
0.0203412
0.00762403
0.0146366
0.00743714
0.0480948
0.0228428
0
0.0184468
0.0201081
0.0628339
0.153867
0.00637309
0.0163586
0.325902
0.0188668
0.0908417
0.006995
0.0140215
0.125012
0.0191186
0.154909
0.0872981
0.0214995
0.00934963
0.905906
0.00880609
0.0273099
0.0152142
0.0078138
0.0482186
0.0534781
0.0203412
0.0290027
0.0242555
0.00738066
0.0149128
0.0480893
0.0224771
0.0142912
0.0269064
0.0251195
0.0450722
0.278298
0.0273122
0.00800752
0.316957
0
0.0366761
0.198591
0.0222114
0.0453837
0.0904927
0.0778069
0.00658926
0.103093
0.0709168
0.0318035
0.0197736
0.753598
0.007998
0.0430092
0.0546702
0.0296189
0.0078138
0.0345778
0.0207199
0.0174473
0.0429087
0.0411799
0.0212485
0.0236738
0.0636645
0.0107265
0.034345
0.0174943
0.0195209
0.0449959
0.363049
0.0399758
0.0257764
0.178011
0.0367476
0.00892757
0.16882
0
0.0157237
0.129318
0.135578
0.115458
0.0905531
0.0213528
0.0302188
0.866292
0.0414731
0.0630842
0.0649744
0.0296189
0.0078138
0.0411875
0.0210314
0.0884783
0.0733264
0.032671
0.0563697
0.03098
0.111017
0.0111152
0.0483577
0.0454019
0.0397202
0.044585
0.311548
0.0192624
0.0345664
0.304276
0.0120155
0.00994081
0.158991
0.0147764
0.0157237
0.182585
0.130914
0
0.195919
0.0371026
0.010489
0.0404112
0.634723
0.0418703
0.0199252
0.0742035
0.0324514
0.0156893
0.0695038
0.0106923
0.0358911
0.0746014
0.0486202
0.0353465
0.0553496
0.080604
0.0224253
0.0568323
0.0735138
0.020458
0.0533618
0.278906
0.0196787
0.0751721
0.812451
0
0.00998375
0.240161
0.0141287
0.164561
0.115528
0.0062913
0.230362
0.0528914
0
0.0499936
0.462397
0.0328223
0.0309526
0.0553604
0.046389
0.0078138
0.0483327
0.020941
0.0723365
0.0892149
0.0413772
0.00707848
0.039229
0.0812795
0.0211009
0.0572232
0.0660084
0.0207905
0.107527
0.294156
0.0187909
0.0694575
0.962104
0.0242731
0.0101696
0.280481
0.0149077
0.255221
0.193269
0.0062913
0.189979
0
0.0100846
0.01973
0.354969
0.0320692
0.0637549
0.0170478
0.060975
0.0483938
0.0207329
0.0179928
0.0437315
0.0164409
0.026222
0.0337326
0.128762
0.0111441
0.0140621
0.046789
0.026207
0.135537
0.293972
0.0197927
0.059521
0.996398
0.0357426
0.0101696
0.319487
0.00804231
0.016273
0.184617
0.131761
0.0190811
0.224348
0
0.020419
0.0484484
0.16826
0.0243169
0.0848654
0.016103
0.00929235
0.0410513
0.0360358
0.0601888
0.0065434
0.00855711
0.0458973
0.00678719
0.0181129
0.164104
0.156001
0.026636
0.0500448
0.992676
0
0.0199346
0.169163
0.00690425
0.016273
0.127343
0.0924549
0.0252944
0.189478
0
0.00997874
0.0668836
0.0858588
0.0243169
0.0947059
0.00778113
0.0216973
0
0.0360358
0.0155266
0.0065434
0.00855711
0.031402
0
0.0289247
0.0616436
0.0691496
0
0.025784
0.83695
0.0796749
0.0344159
0.0570027
0.00612706
0.10862
0
0
0.0486519
0.0310075
0.0164739
0.0947059
0
0.00778113
0.0135443
0.0360358
0.00711393
0
0.031402
0
0.00849273
0.034406
0.241978
0.0101018
0.0726502
0.0197267
0.0603772
0.0170994
0.0189477
0.0149414
0
0.0190342
0.0596634
0.00937009
0
0.00615122
0
0.00788627
0.00967286
0.00757859
0.0170923
0.00788627
