0.0503291
0.0978601
0.0478294
0.0868626
0.0251524
0.1032
0.0868626
0.0332122
0.00607906
0.0129063
0.20596
0.423264
0.353044
0.0850475
0.0290814
0.00748993
0.0116274
0.0204137
0.65361
0.0346708
0.112342
0.115997
0.022475
0.0309227
0.712426
0.00814635
0.149461
0.0685097
0.0343359
0.0601043
0.67792
0.00814635
0.0121714
0.246509
0.0758391
0.0116337
0.2729
0.690953
0.00814635
0.245906
0.0832701
0.00645965
0.162679
0.283203
0.460644
0.101716
0.238647
0.162679
0.00641722
0.212462
0.135162
0.0983667
0.0116337
0.142464
0.12228
0.0837987
0.0116337
0.0837987
0.0116337
0.0837987
0.0116337
0.340474
0.0116337
0.417634
0
0.0105524
0.459044
0.0448839
0.0190503
0.0213653
0.0118371
0.541768
0.11338
0.0190503
0.0213653
0.0278322
0.383953
0.327005
0.0384957
0.0374416
0.0316458
0.106622
0.144991
0.381746
0.0474728
0.0423251
0.118043
0.0947696
0.259237
0.0384957
0.0317533
0.209016
0.0128869
0.0734046
0.258199
0.0384957
0.269131
0.574626
0.479031
0.031037
0.0414926
0.0110959
0
0.38375
0.0130913
0.031037
0.0259236
0.105276
0.043866
0
0.568046
0.00995646
0.0130913
0.0980501
0.0532262
0.0115427
0.269399
0.0163224
0.0371344
0.0666192
1
0.0130913
0
0.309643
0.0249507
0
0.289702
0.0163224
0.0559075
0.031823
0.994688
0.439428
0.0499736
0.199191
0.0371344
0.0432581
0.619097
0.0208863
0.480382
0.0785783
0.180768
0
0.0371344
0.233757
0.00725063
0.342601
0.33607
0.0654745
0.22949
0.0767519
0.00725063
0.251574
0.0503651
0.053362
0.156632
0.148714
0.651445
0.584661
0.52224
0.420455
0
0.235784
0
0.0183925
0.0968578
0
0.0183925
0.0127579
0.0209174
0.0183925
0.02581
0.0108919
0.02075
0.02581
0.0108919
0.00657258
0.0108919
0.027618
0.035049
0.00751968
