0.188895
0.0314187
0.188895
0.0366687
0.0767943
0.0366687
0.126295
0.126295
0.126295
0.126295
0.0182236
0.152028
0.152028
0.152028
0.152028
0.00824496
0.0201634
0.152028
0.00824496
0.0470184
0.0154725
0.0173925
0.0201634
0.40577
0.00872954
0.0117509
0.0176804
0.179346
0.0179738
0.026331
0.0719462
0.0160773
0.00717928
0.0067708
0.0457088
0.0218937
0.0174097
0.0842526
0.00735296
0.0184451
0.0271987
0.638651
0.0474649
0.089914
0.045714
0.0176804
0.321351
0.0562179
0.026331
0.0204627
0.00717928
0.00785865
0.0457088
0.0218937
0.0174097
0.158961
0.0363494
0.0353217
0.0271987
0.787037
0.0253325
0.0617424
0.123653
0.045714
0.0176804
0.379458
0.0179738
0.026331
0.0344699
0.00717928
0.0709228
0.00678506
0.011519
0.0745033
0.012157
0.213756
0.0146897
0.0184451
0.0271987
0.929265
0.0253325
0.114242
0.0190843
0.0215372
0.0469732
0.0176804
0.406598
0.0353557
0.026331
0.0139287
0.00717928
0.00695323
0.106992
0.0353076
0.0125258
0.254937
0.0212062
0.036551
0.0137435
0.871143
0.0757755
0.0611662
0.00819699
0.009437
0.0215372
0.00947409
0.0345405
0.169105
0.693704
0.0350461
0.026331
0.00717928
0
0.0873584
0.0111886
0.0528083
0.343616
0.0222472
0.0358336
0.626823
0.0890057
0.0873341
0.00864534
0.0345405
0.169105
0.495478
0.0179738
0.0322222
0.0145738
0.079065
0.0528083
0.0140531
0.108367
0.0146897
0.566757
0.140202
0.127154
0.00864534
0.0159403
0.021651
0.169105
0.223019
0.0127614
0.00730717
0.0435734
0.0174097
0.0763844
0.138497
0.10123
0.127154
0.00864534
0.0159403
0.032598
0.169105
0.0151169
0.0106053
0.0136569
0.0106053
0.212936
0.0126689
0.0209106
0.633981
0.0126689
0.200698
0.0998138
0.355449
0.0133207
0.0107547
0.256617
0.285993
0.355449
0.0133207
0.0107547
0.256617
0.285993
0.285136
0.0264155
0.0107547
0.276887
0.300669
0.285136
0.0264155
0.0214487
0.223908
0.357055
0.285136
0.0327835
0.0209607
0.214073
0.357055
0.0910567
0.0619382
0.0107547
0.140692
0.596394
0.07579
0.0124815
0.0884196
0.553261
0.0124815
0.021611
0.758071
0.00607735
0.702519
0.702519
0.702519
0.702519
0.0403383
0.548573
0
0.00855808
0
0.0189348
0.0293474
0.00682346
0
0.0229361
0.0552735
0.0137111
0
0.0260815
0.0119454
0
0.458518
0.0507539
0.00715801
0.00855808
0
0.045689
0.0171655
0
0.0302626
0.0134044
0.0293474
0.00992218
0.051843
0.00719085
0.0634414
0.082404
0.0120158
0.00676934
0.101422
0.0133894
0.0369596
0.188051
0.0775123
0.993283
0.0755004
0.0142234
0.0250837
0.0158982
0.0803206
0.0338293
0.0171655
0
0.0302626
0.0369503
0.0307092
0.0204439
0.0514273
0.0214169
0.0476058
0.339005
0.0120158
0.0935071
0.00918981
0.0266692
0.0182665
0.279509
0.0656239
0
0.0187696
0.990759
0.0425359
0.0143585
0.0250837
0.0109221
0.0073401
0.0607953
0.0565601
0.00841988
0.0160414
0.00985824
0.050488
0.014996
0.0101358
0.0852353
0.0624683
0.383578
0.0120158
0.0996468
0.0271639
0.0115857
0.0552458
0.430323
0.0977429
0.0756112
0.988179
0.034553
0.00715801
0.0250837
0.0147846
0.0342316
0.0073401
0.0706743
0.0223372
0.00841988
0.010067
0.0125092
0.0429211
0.0103083
0.0658962
0.0625391
0.525248
0.116311
0.0195347
0.0218865
0.405691
0.131805
0.00651675
0.146896
0.756753
0.0168276
0.0129551
0.00715801
0.0250837
0.0147846
0.0109819
0.0160697
0.0706743
0.0227309
0.0168136
0.010067
0.0124657
0.00992751
0.0533313
0.0625391
0.42033
0.0853358
0.0201256
0.0218865
0.378748
0.142591
0.00651675
0.0732014
0.673556
0.0165332
0.051513
0.0147846
0.0109819
0.00732055
0.00987901
0.0201341
0.0101006
0.0825859
0.0159143
0.234656
0.00721749
0.0460663
0.00678086
0.0218865
0.255823
0.129229
0.00737989
0.0740235
0.389773
0.0258386
0.024439
0.00641442
0.0313352
0.00732055
0.00987901
0.0201341
0.0358553
0.0470632
0.00721749
0.0161242
0.00678086
0.0337151
0.186363
0.0858173
0.0539633
0.335591
0.0170848
0.024439
0.00641442
0.0147846
0.00732055
0.00987901
0.0201341
0.0159385
0.00721749
0.00772191
0.00812488
0.00678086
0.0337151
0.198595
0.0858173
0.0539633
0.293803
0.00930538
0.049509
0.0203978
