0.0274656
0.0141287
0.00796654
0.020454
0.0180042
0.0599384
0.00817036
0
0.420583
0.0180042
0.356494
0.00679613
0.0405465
0.0105081
0.0111423
0.362833
0.00900385
0.445714
0.00679613
0.0491622
0.0105808
0.400437
0.00876131
0.00819551
0.573792
0.00671392
0.065417
0.0105808
0.382848
0.00649453
0.00876131
0.00819551
0.327268
0.00855916
0.0076443
0.00671392
0.0743062
0.0105808
0.0132681
0.00719816
0.361621
0.00819551
0.296021
0.00855916
0.0076443
0.0915119
0.0101421
0.0105808
0.382637
0.0156843
0.265194
0.00855916
0.00667005
0.377135
0.00866246
0.0169067
0.0105808
0.386026
0.00819551
0.249113
0.00855916
0.00667005
0.639666
0.0091876
0.00866246
0.159908
0.00819551
0.11743
0.0165069
0.610077
0.0091876
0.00866246
0.120376
0.0888594
0.00855916
0.363587
0.00924224
0.00866229
0.00947173
0.0175346
0.140315
0.0081796
0.0318083
0.13926
0.300518
0.00924224
0.070093
0.00947173
0.0175346
0.177215
0.0950193
0.00861275
0.13926
0.208811
0.0278704
0.070093
0.00947173
0.0175346
0.30617
0.111937
0.0145609
0.0415129
0.00643388
0.182248
0.0278704
0.016145
0.070093
0.328915
0.224245
0.00689478
0.0169925
0.0194331
0.117648
0.0278704
0.016145
0.070093
0.0200434
0.0112729
0.245017
0.307389
0.0169925
0.0194331
0.100461
0.017986
0.070093
0.0382725
0.227091
0.00770206
0.341172
0.00733664
0.00751267
0.070093
0.0200434
0.0202974
0.0100796
0.037535
0.00749794
0.419356
0.0135979
0.0424022
0.0637126
0.0662002
0.0325048
0.0163626
0.177439
0.547024
0.00813111
0.649989
0.00813111
0.239774
