0.00249567
0.00252666
0.00255051
0.00249567
0.014974
0.00249567
0.00255051
0.0210243
0.00896916
0.0159459
0.40063
0.175772
0.00249567
0.433435
0.0104157
0.0125331
0.0171897
0.00866027
0.0934225
0
0.00267429
0.00364767
0.00529719
0.00285946
0.0220154
0.225038
0.054097
0.983034
0.0121392
0.00255409
0.00255337
0
0.00255265
0.00255337
0.00251746
0.00422026
0.00282122
0.00253942
0.0028058
0.00249313
0.00251363
0
0.00503257
0.00557932
0.00503257
0.00260366
0
0.00269305
0.00349418
0
0
0.00262744
0.0133199
0
0.0744692
0.00253942
0.0239317
0.00803904
0.0352579
0.288409
0.463821
1.00597
0.010476
0.00247562
0.00260089
0.00854132
0.00523299
0.00255437
0.00509469
0.0025624
0.00268062
0
0.00265082
0.00501822
0.00254282
0.00253215
0.00251363
0.00248696
0
0.0108747
0.0025426
0.00262038
0
0.00254707
0.00501503
0
0.00509469
0.00253322
0.00248696
0
0
0
0
0.0051394
0.00498326
0.00503257
0.00258763
0
0
0.00262379
0.00306405
0.0469313
0.00263813
0
0
0.0362683
0.00254282
0.00256415
0.00860977
0.00268813
0
0
0.00773666
0
0.00270678
0.00548177
0.0326792
0.0187435
0.153962
0.949537
0.967383
0.137285
0
0.00497131
0.00256263
0.00249233
0.00251746
0.00260895
0.00686675
0.0391796
0.00753018
0
0
0.00251675
0.00249233
0
0.0026618
0.0024858
0.00256301
0
0
0.00256793
0
0
0.00252045
0
0.00254561
0.00510196
0
0.00262071
0.0136296
0
0
0.00502123
0.00254561
0.00756314
0.00253833
0.00253082
0.00254803
0.00254694
0.00514595
0.00525529
0.0214845
0.010794
0
0.00798849
0
0.00254803
0
0.0126389
0.00295428
0.00522032
0
0.00514595
0.00665639
0
0.00342768
0.00955336
0.00895359
0.00486916
0.00544697
0.00783488
0.00753751
0.00935549
0.00259067
0.00455921
0.00248472
0.00264507
0
0
0.00270607
0.0331321
0.0242109
0
0.00308141
0.00603484
0
0.00487191
0.00290476
0.005213
0.0269508
0.0275167
0.0144037
0.16084
0.104889
0.0167974
0.825827
0.985762
0.00254188
0.0134541
0.0076465
0.00267016
0.00778564
0.00838607
0.0108464
0.0184803
0.00841951
0.00854177
0.0188174
0
0.00264638
0.00507618
0.00535752
0.0159575
0.00811953
0.00257744
0.00543384
0.017622
0.00390819
0.00521682
0.016886
0
0.0173116
0.0221852
0.008121
0.00265658
0.0105621
0.00517587
0
0.00534184
0.00251746
0.0108675
0.00325197
0.00521222
0.00825729
0.0457052
0.00278104
0.00829484
0
0.00260839
0.00500326
0.0105769
0.00521222
0.00542508
0.0080219
0
0.00515207
0.00249485
0
0.00807855
0.00531827
0.00259604
0.00543574
0.00306405
0.0192611
0.00796332
0.0315472
0.00773873
0.00261796
0.013123
0.0107981
0.0027455
0.00509364
0.0577364
0.0106956
0.005753
0.0103444
0
0.00274878
0
0.0103763
0.00790518
0.01359
0.00287862
0.015742
0.0159867
0.00527471
0.00693631
0.315704
0.026883
0.0110974
0.00743053
0.00268681
0.00528196
0.00558284
0.00785929
0.0211563
0.0273093
0.00537194
0.0141613
0.0125625
0.00527525
0
0.00255204
0.00263612
0.00790943
0
0.00850025
0
0.0236998
0.00518194
0.00722491
0.00253215
0.0107277
0.00261807
0
0
0.0376579
0.0375177
0.0475902
0.340713
0.108536
0.995376
1.0882
0.0109573
0.00515451
0
0.00277134
0
0.0131875
0.0341959
0.0664384
0.00823402
0
0.0107223
0
0
0
0.00277134
0.00840741
0.00271911
0.013356
0.00298882
0.116628
0.0245809
0
0.00281939
0
0.00442985
0.0197822
0.0107629
0.00259723
0.00521871
0.00800558
0.00260675
0.00748812
0.0026585
0.00256254
0.0103238
0
0.00861308
0.00509045
0.0109949
0.0193844
0.00529846
0.00527968
0.00530234
0
0.00524595
0.00800858
0.00509045
0.0104094
0
0.0151066
0.0185366
0.0317815
0.299234
0.0462982
0.00808118
0.0138543
0.00526897
0.00751075
0.0131871
0.0026193
0.00516293
0.00756632
0.0223716
0
0.0166599
0.0462203
0.0156247
0.00259493
0.0413124
0.0050943
0.00255633
0.0081214
0.00813626
0.00514047
0.0222232
0.0108453
0
0.0114134
0.017981
0.00565234
0.00517999
0.00527403
0.00254774
0.00545321
0.00506829
0.0115151
0
0.00542117
0.0192944
0.0295267
0.0186281
0.00294173
0.00527403
0.00502942
0.0052033
0.00755614
0.00528807
0.00571274
0.0446968
0.0192155
0.0104685
0.0166139
0.00253215
0.00520759
0.00494768
0.0053193
0.00517537
0.0131991
0.0160176
0.018743
0.0124582
0.127543
0.0116497
0.00828087
0.0212664
0
0
0.0128922
0.00274728
0.0026718
0.00397494
0.0166094
0.0159507
0.0250583
0.213347
0.218349
0.996652
0.416434
1.00065
1.05406
0
0.00264581
0
0.00582067
0
0.00362691
0.0372117
0.0336642
0.0123706
0.00688135
0.599437
0.0114482
0.00507691
0.00264432
0
0.00266978
0
0.00779045
0.00298014
0.00286601
0.0122698
0
0.00673543
0.00522251
0.00525801
0.00571576
0
0.0150659
0
0.00826504
0.00761497
0.00250048
0.0126785
0.0788521
0.0839786
0
0.0053822
0.00242068
0.00812171
0.00286733
0.00278336
0
0.00253133
0.00786756
0.00258601
0.00266459
0
0.00537728
0
0.00514047
0
0.00361311
0.0654636
0.0210255
0.039697
0.0906415
0.0249533
0.0374953
0.0185757
0.005211
0
0
0.00277484
0.00527089
0.00279877
0.00667832
0
0.00262081
0.00825495
0.0108236
0.00526559
0.017916
0.0128705
0.00505341
0.00277484
0.00300266
0.00265791
0.00938509
0
0.013479
0.00712149
0
0.011043
0.0163616
0
0
0
0.0156104
0.00824009
0.0139969
0.024335
0.136866
0.0159219
0.011057
0.0120288
0
0.0024455
0.0164496
0
0
0.0136111
0.00766826
0.118988
0.0079843
0.0058533
0.00257744
0.00809433
0
0
0.0079903
0.154129
0.0134535
0.0185444
0.0247504
0.106171
0.00258622
0.00554041
0.0277521
0
0.00247867
0.0026475
0.00272503
0.00820237
0.00586021
0.0155967
0.0692064
0.0241384
0.0452753
0.207839
0.112744
1
1.09157
0.258169
0.991353
1.0034
0.00250562
0.00531219
0.00281618
0.00537366
0.00554104
0.0090944
0.0060737
0.00634939
0.0323514
0.0595573
0.0112624
0.00256369
0.0106078
0.00810825
0.0027808
0.00809612
0.00276266
0.0058486
0.0133537
0.0294507
0.00274725
0.0511722
0.00772292
0.00591968
0.00590203
0.0100969
0.0327119
0.00552613
0.00275223
0.00862643
0.00576137
0
0
0.00900841
0.00272018
0.0105795
0.01529
0
0.00253854
0.00540657
0.0336445
0.00269212
0.00587309
0.0026181
0.00284107
0.00295466
0.00551108
0
0.00265791
0.00837728
0.00328054
0.0761759
0.00790849
0.0511382
0.041608
0.0487576
0.00780056
0.00250633
0.00270149
0.0107876
0
0
0.0133662
0.00318201
0.0122886
0.002602
0.0138581
0.0137994
0.0133991
0.0352355
0.0292506
0.00286733
0
0.00300528
0.00250048
0.0229564
0
0.011811
0.0242475
0.00852711
0.0162251
0.00273305
0.00255956
0
0.00262876
0
0.0104523
0.0218574
0.00558343
0.0235551
0.0587743
0.00809569
0.0124668
0
0.00255956
0.00246149
0.00508352
0
0.00676193
0.0053642
0.0789213
0.0570362
0.00263095
0.0110781
0
0.0191852
0.0106968
0.00841976
0.00564275
0.00833839
0.00354131
0.197321
0.00550127
0.0167042
0.0189375
0.0574602
0.00531395
0.00780243
0
0.00553526
0.00583043
0.00527695
0
0.0186675
0.0443908
0.0248853
0.0921482
0.0964238
1.00957
0.309145
0.123956
1.01462
0
0.00814486
0.00251063
0.00267413
0.00525157
0.0129323
0
0.0136378
0.0203685
0.0136408
0.00249316
0
0.00254803
0.00575584
0.00273305
0.00894607
0.00266519
0.0204322
0
0.00560922
0.0160867
0.00288433
0.00822722
0.00266793
0.0204663
0.00286733
0.00255383
0.00257914
0.00791924
0.0055693
0.0164062
0.0114041
0
0.00276297
0.00286733
0
0.00544154
0.00411218
0.00963243
0.0108291
0.00683773
0.00784725
0.00802533
0.00261144
0.00247557
0.00772857
0.00257914
0
0.0197553
0
0.0111043
0.0178046
0.00578547
0.00240981
0.00264507
0.0054299
0.0200262
0.00506953
0.00279487
0.0156149
0.0316044
0
0.00500491
0
0.0054848
0.0178077
0.00542001
0.00632114
0.0638145
0.00270376
0.0161339
0.00273318
0.0024091
0.00752492
0.00364112
0.0195546
0.00962023
0.0167103
0.00265559
0
0.00562161
0.0390325
0
0.005293
0.0107627
0.00351667
0
0.016488
0.00546236
0.00754665
0
0.00821076
0
0.00254444
0.00747402
0.011084
0.0120225
0.0804002
0.0501951
0.0256159
0.00511529
0.00508687
0.0025067
0.00254803
0.0141846
0
0.036412
0.00958506
0.0111713
0.0108035
0
0.00515565
0.00511385
0.00280476
0.0131922
0.00370789
0.0249444
0.0607889
0.0025164
0.00242916
0.00436055
0.00280551
0.00283503
0.00348734
0.00540212
0.014507
0.00509237
0
0
0.00431554
0.0027431
0.00289696
0.0144985
0.00265088
0.00284763
0.00267413
0.00559943
0.00509237
0
0.00559557
0.01458
0.0232278
0
0.00575705
0.0109545
0
0.00834093
0.00270197
0.00546833
0.0107078
0.0085339
0.0123366
0.0114142
0.00266873
0.00848232
0.00259068
0
0.00802727
0.0383315
0.00282818
0.00265791
0.0335973
0.00282587
0.0113941
0.0259527
0.00892452
0.00559814
0.0186061
0.00516654
0.00784448
0.00321899
0.00871937
0.00800767
0.00459957
0
0.00858418
0.00394526
0.0188974
0.00253153
0.0420013
0.0051529
0.0160363
0.00568291
0.00275974
0.00874075
0.00843771
0.0138261
0.018176
0.00556591
0.00877102
0.00284237
0.0051133
0
0.0112059
0.00532222
0.00835033
0.00874084
0
0.0110431
0.0111643
0.00815385
0.00497634
0.00593188
0.0025067
0.00572059
0.00282781
0
0.0169596
0.00853908
0
0.0574182
0.0499715
0.924338
0
0.00495645
0.00247422
0
0.00256296
0.00306627
0.0307361
0.00825086
0.0300398
0.0144036
0.00497674
0
0
0.00255455
0
0.00258142
0
0
0.0302152
0
0.00513355
0.0463493
0.00839937
0.00421252
0.0147559
0.0110421
0.00279446
0.0092303
0.00548818
0.0470335
0.00553747
0.0027321
0.00269293
0.00845372
0.00565503
0.00520458
0.0149182
0.00790305
0.00590901
0.00267797
0.00532908
0.00255088
0.00265791
0.00536634
0.0041778
0.0329739
0.00844233
0.0116868
0.543415
1.0274
0.985372
1.01049
0.0153734
0.012686
0.0080872
0.00273089
0.00516149
0.00566401
0
0.0523442
0.0119366
0.00260427
0.00536336
0.0863678
0.0134424
0.00251347
0.0078324
0.00542109
0.00244688
0.00276295
0
0.0470017
0.00270071
0.00551665
0.0497419
0.00879343
0.00270542
0.00499463
0.021204
0
0.00575197
0.00270333
0
0.0453462
0
0.0818737
0.00287583
0.0221286
0.0448117
0.00271912
0
0.00258025
0.00266793
0.00493884
0.0114968
0.0176038
0.0241326
0.00549536
0
0
0.00522563
0.00266982
0.0114392
0
0.00844577
0.0475724
0.0112892
0.010003
0.00588901
0.00280254
0.010919
0.00267735
0.00522563
0.00266982
0.00841277
0.00276365
0.0157511
0.00282367
0.00536925
0.0233233
0.184735
1.02066
0.966122
0.829762
0.00264675
0.0106495
0.0198648
0.00296321
0.00289952
0.00290462
0.00408436
0
0.00641904
0.0123028
0.0109851
0.0110076
0
0.00283842
0.00249331
0.00262388
0.00536918
0.00992925
0.00590451
0.0127801
0.00819451
0.00445309
0.014575
0.0113275
0
0.0183528
0.00405621
0
0.00284237
0
0.00258714
0.00542121
0.00801613
0
0
0
0.00260846
0
0.00818655
0.00253854
0.00828637
0.00539294
0.00284237
0.00263826
0.0354623
0.212093
0.0336007
0.0621569
1
0.318864
1
0.989355
0.0396634
0.0159707
0.00833832
0.00273131
0.00533868
0.0136803
0.00553789
0.0140142
0.0324258
0.0079635
0.0112437
0.102176
0.0243547
0.00273497
0.0135321
0.0109091
0.00254138
0
0.00284456
0.0498228
0.0141996
0.00851406
0.0352202
0.00712714
0.00262708
0.00511149
0.00272516
0.0145336
0
0.0346002
0.0303749
0.0093483
0.0285718
0
0.0263543
0.00285085
0.0114205
0.0236356
0.0299681
0.0192403
0.00515873
0
0.00782888
0.0231216
0.00554516
0.00794425
0.0365624
0.014289
0.0243953
0.0058407
0
0.00264483
0.00577109
0.00530661
0
0.0027749
0.0307749
0.00253502
0
0.0170261
0
1.01446
0.866001
0.90808
0.954544
0.189165
0.0026766
0.00290135
0.00244163
0.00544606
0.00950102
0.0959811
0.0218972
0.0209408
0.00819174
0.00285161
0.00823957
0.00267735
0.00546803
0.0133293
0.00435533
0.00855582
0.0256945
0.00517313
0.00515553
0
0.00833877
0.0248778
0
0
0.00612155
0.00815882
0.00274767
0.0260328
0
0.00249485
0.00250909
0.00394305
0
0.00295532
0.00758702
0.0249614
0.00277959
0.00284701
0.00267013
0
0
0.00534612
0.00266601
0.0506457
0.165729
0.0878116
0.0536796
0.980664
0.155317
0.839691
0.12304
0.0214862
0.00848454
0
0.0051384
0.00579618
0.0849637
0
0.0116965
0.0182843
0.0110976
0.323278
0.0135659
0
0.008247
0.00295595
0.00270786
0.00551363
0
0.247484
0
0
0.0361387
0.0418089
0
0.00265841
0.00574291
0.00585601
0
0.0029467
0.00422989
0.0326899
0.0151451
0.0654556
0.0291119
0.729816
0.0195776
0.0331062
0.00284286
0.0158844
0.00740367
0.00554434
0.00828849
0.0030172
0.0565411
0.32104
0.0220308
0.00836756
0.00236221
0.00272516
0
0
0.01324
0.0986275
0.0137718
0.0414384
0.0279884
0.00282981
0.00779331
0.00245941
0
0.00266037
0.00254249
0.00301564
0.0151337
0
0.0401501
0.00274287
0.00289805
0.0345065
0.00810154
0.985316
1
0.615886
0.0196641
0.00254933
0.0136338
0.00239967
0.00504735
0.00279655
0.0661335
0.188453
0.0402597
0
0.00284883
0.00822291
0
0.00541045
0.0026718
0.0079814
0
0.00852644
0.00257986
0.0081864
0
0.0037118
0
0.00559339
0.00276822
0.015739
0.00792387
0.0582307
0.00292132
0.00288725
0.137992
0.00264984
0.00250107
0.00271506
0.00377706
0.00861703
0.00287804
0
0
0
0.00264984
0.00563492
0.00937901
0.0705279
0.0501685
0.035671
0.01908
0.0726359
0.958355
0.140205
0.931879
0.542683
0.0300513
0.021534
0.0052213
0.00295595
0.0165866
0.0510176
0.0515062
0.010825
0.0112488
0.00546283
0.229789
0.00840048
0.0051186
0.00539324
0.00504656
0
0.00293972
0.0978497
0.00265328
0.022922
0.0277814
0.00273739
0.00266595
0.00544964
0.00295469
0.00276241
0.0053942
0
0.0110855
0.0436889
0.00827888
0.0812176
0.00813761
0.0173569
0.00579706
0.0051892
0.00591691
0.00284571
0
0.014714
0.0140081
0
0.0109147
0
0.00250941
0.0055447
0.0138614
0.021757
0.00261633
0.011185
0.0679042
0.0136918
0.0582707
0.020151
0
0.00525954
0.00512574
0.0055447
0.00861254
0.0182865
0.00287602
0.00895605
0.0398061
1
1.01322
0.0271691
0.00560848
0.0056234
0.0080158
0.0162541
0.00557259
0.0107118
0.00515473
0
0.0171081
0.00288651
0.00291415
0.0026475
0.00272994
0.00527663
0.00816503
0.00854134
0.00827297
0.00296774
0.00567636
0.002711
0.00589611
0.0258615
0.00249785
0
0.00645946
0.00292816
0.00289952
0.00255956
0.0108387
0
0.00516026
0
0.00255956
0.00299096
0.00266873
0
0.00255956
0
0.0136104
0.0861388
0.0586321
0.013395
0.021737
1.12192
0.226308
0.362849
0.239301
0.00551266
0.00549686
0.0078115
0
0.00263098
0.0376234
0.0225812
0.0111366
0.0140515
0.0029468
0.14466
0.0136253
0.010808
0.00512694
0.00291545
0.00248052
0.0113632
0.00299212
0.00527076
0.0172893
0
0.00279381
0.00524343
0
0.00266296
0.00275526
0.00831484
0.0240524
0.00844352
0.0462978
0.00806757
0.00272653
0
0.00287535
0.00255974
0.00326226
0.00291545
0.0554169
0.00837105
0.00545186
0.002711
0.00794588
0.00818339
0.021738
0.0413301
0.0117946
0
0.00791896
0.00833887
0.0136408
0
0.00803772
0
0.814234
0.00283502
0.00284983
0.0454342
0.0267358
1.01145
0.99674
0.215376
0.00295372
0.00550966
0.00778071
0.0079957
0
0.0135017
0.00244979
0.0071647
0.00983067
0.0026294
0.00293055
0.00546279
0.00518403
0.00798073
0.00540183
0.00250106
0.00383716
0
0
0
0
0.0135373
0.00500423
0.00814485
0.0110169
0.00247262
0.00287701
0.00284571
0.00352491
0.0139421
0
0.00527432
0
0
0.00273573
0.0139673
0.00253034
0.00537807
0.00292955
0
0.0256768
0.00296366
0.0111027
0.0128167
0.0138619
0.0994813
0.123341
0.195699
0
0.00562245
0.0160038
0.00534821
0.0160537
0.0246211
0
0.0132745
0.00863332
0
0.00512172
0.00570611
0
0.0213763
0
0.0251806
0.00859506
0.0082176
0.00327314
0
0.00254698
0.00255974
0.00265514
0.00517833
0.00530105
0.0224508
0.00600646
0.00537164
0.00710989
0.163796
0.00553196
0.0109703
0
0.00248052
0.0222933
0.0210669
0
0.0332421
0.00299973
0.00261633
0.00272431
0
0.00811291
0.00306834
0.024395
0.119322
0.0342466
0
0
0.00272431
0.0214914
0
0.97738
0.00273173
0
0.0918099
0.0221795
1
0.00549309
0
0.00504938
0.00818049
0.00489836
0.00639934
0.0028445
0.00261945
0.00295455
0.00841911
0.00298756
0.00511833
0.00892784
0
0.023072
0.0142979
0.00539894
0.00486815
0
0.0538361
0.00301179
0.0135543
0
0
0.00292955
0.00247016
0
0
0.00245917
0
0.00281547
0
0.00505306
0.0219716
0.00838493
0.0254017
0.00933846
0.0817262
0.0285185
0.0148544
0.00535385
0.0025916
0.00283842
0.00721813
0.0819975
0
0.0774166
0.00587988
0.0134475
0.00254466
0.00555011
0.00246645
0
0
0.0139486
0.00291116
0
0.0284132
0.00543647
0.00263284
0
0.0588315
0.0374276
0.0325771
0
0.0196315
0.00876335
0.00316709
0.00295595
0.0265483
0.0164712
0.126867
0.0103658
0.0109574
0.00236517
0.00558681
0.00549448
0.00250229
0.0109132
0
0.0112177
0.55423
0.0207316
0.00563539
0.00284053
0.00280876
0.00264766
0.00503266
0.00274629
0.689038
0.00595102
0.00288035
0.0982268
0.00808236
0.00530045
0.00436887
0
0.00301877
0.00570467
0.00250792
0.00277754
0.00253454
0.00717886
0.00288607
0.0053567
0.00264356
0
0.00562177
0.00272023
0
0.00580701
0.00908104
0.00811087
0.00577945
0
0.00706775
0.00272023
0.00557788
0.020364
0.0108763
0.0111353
0.0229436
0.00752245
0.00518668
0.00524521
0
0
0.00254114
0.0334821
0.04136
0.00726614
0.0116581
0.00253781
0
0.00631598
0.0110351
0.0030202
0.00250229
0.00295455
0.00281119
0.00252639
0.0027933
0.00318812
0.0480582
0.00260007
0.00276421
0.0198828
0
0.00250229
0.00295455
0
0.00275888
0
0.00252639
0.00540383
0.0431544
0.00290294
0.00251478
0
0.0106074
0.00284053
0.00254933
0.0251198
0
0
0.00255974
0.00250973
0.00568497
0.914557
0
0.00312787
0
0.0424333
0.00282843
0.0028836
0.00256498
0.016955
0.00253037
0.00272906
0.0565666
0.002598
0.00373538
0.00561201
0.0075911
0
0.00568941
0.00527691
0
0
0.00399043
0.0123455
0.00275223
0.00306409
0.00845979
0.0404573
0.0212586
0.00432354
0.00235279
0
0.002989
0.00704381
0.0102311
0.0108617
0.00263593
0
0
0.0187967
0
0.0249285
0.0027708
0.0111948
0.168776
0.00390222
0.0052613
0.00298428
0.00359192
0.00242449
0.00893134
0.00563094
0.00251445
0.00529497
0.00276421
0.005191
0.00560776
0
0.00621651
0.00259789
0.0356862
0.00286781
0.00248052
0.00265319
0.00496647
0.00276892
0.00282141
0.00293601
0
0.0027319
0.00920796
0.0106936
0.00557416
0.00252639
0.00276421
0
0.00554389
0.0108888
0.00264035
0.220539
0.0822622
0.00529559
1.03022
0.00286741
0.0189982
0.002598
0.00830362
0
0
0.00259873
0.00280749
0
0.00823975
0.00603686
0.00752377
0.00378437
0.00274945
0.00291078
0.00270739
0.00270739
0.00295455
0
0.00305864
0.00363625
0.0237025
0
0.00270739
0
0.00292126
0.00455795
0.0109172
0.00250217
0
0.00987596
0.00265873
0.00566339
0
0.00274575
0.00240052
0
0
0.00882192
0
0.00293601
0.00253494
0.00620234
0.0165088
0.0026497
0.0124695
0.00258147
0.00274767
0.0333224
0.00285982
0.0119425
0
0.00286676
0
0.0109724
0
0.00594519
0.732122
0
0.00277444
0
0
0.00547861
0.68692
0
0.00256631
0.00258121
0
0.00250792
0.00509982
0.0030232
0.00259155
0
0
0
0
0.00512961
0
0.00567613
0.00275079
0.00288421
0.00280819
0.0212855
0
0.00264824
0.00580214
0.0374992
0.0027582
0.00615679
0.00246276
0.0219192
0.00539888
0.0072156
0.0029779
0.00237296
0.00278164
0.00496494
0
0.00283716
0
0
0
0
0.00298025
0.0154016
0.00775112
0.00770956
0.00603388
0.00293601
0
0.0082046
0
0.00270879
0.0369757
0
0
0.00295281
0.00293601
0.172406
0.00590887
0
0.0129332
0.00254596
0.0026425
0
0.00262301
0.00254667
0.00254596
0.00815758
0.00289524
0
0
0.00817314
0
0.0315007
0.00301931
0
0.0252976
0.00517759
0.00582282
0
0.0027582
0.0025916
0.00637623
0.0219888
0.00256985
0
0.00256751
0.00852419
0.00303372
0.00588196
0.00295281
0.010923
0.00539813
0.0443013
0.0060488
0.00252639
0.00289524
0.0111527
0.195409
0
0.011945
0.00295015
0
0
0.00583172
0.00298672
0.00268838
0.00583155
0
0.00309454
0.00512369
0.0190128
0
0.00942879
0.0106804
0.00263755
0.0110692
0.00260849
0.00443183
0.00866011
0.00308378
0.00795106
0.0161897
0
0.0639854
0.00519286
0
0.00532805
0.128893
0.994996
0.0086508
0.0102423
0.0408854
0.00254524
0.00272272
0
0.00313251
0.00246211
0.00557635
0.00520835
0.00302263
0.002598
0.00266146
0.00648784
0.00284152
0.0112749
0.00266146
0.0144454
0.00387992
0.00964212
0.00285411
0.00288063
0.0252264
0.00261125
0.00781035
0.0104542
0.0187935
0.0376139
0.00249026
0.00260957
0.013185
0.605221
0.930974
0.0406134
0.0249156
1.03324
0.588425
0.00303509
0.0029393
0
0
0
0.00275608
0.00433929
0.00585649
0.00268881
0.00868557
0.00277352
0.0175791
0
0.00335309
0.0102358
0.00273071
0
0.00253792
0
0
0.00267369
0
0.0334883
0.00304725
0.00580442
0.00273035
0.0133931
0
0
0.00274252
0.00276695
0.00834301
0.00790826
0.0142267
0.00909211
0.561397
0.0072381
0.0092887
1.00778
0
0.00396806
0.00814734
0.00342344
0
0
0
0
0
0
0.00279966
0
0
0.00274723
0
0
0.0108763
0.00962447
0
0
0.00547995
0
0
0.0028394
0.00262918
0.00259412
0.00280896
0.00290845
0.00284471
0.00400775
0
0.00549246
0.0164477
0.0511952
0.0140506
0.187461
0
0
0.254769
0.99435
0
0.00349981
0.0200932
0.00560901
0.00277083
0.00271071
0
0.00274252
0
0.00258784
0
0.0761714
0.0101842
0.00805244
0.00271071
0.00538772
0.0323263
0
0.00292038
0.00263592
0.00541699
0
0.0025508
0.00750155
0.0028965
0
0.0141209
0.0026313
0
0.00271578
0.00245893
0
0
0.00259664
0.0175557
0.0134429
0
0.00275506
0
0
0.00285447
0.0107866
0.00275518
0.00619277
0.0228707
0.00276259
0.00271071
0.0055787
0.00436198
0.00828677
0.00825453
0.0333139
0.00508145
0
0.00276259
0.00818759
0.0136668
0.0501363
0.0310734
0.407725
0
0.0116981
0.00256014
0.998423
0.995697
0.0834992
0
0
0
0
0.00272955
0.00261955
0.00280636
0
0
0
0.00804648
0.00258292
0
0.0027937
0
0.0027195
0.002556
0
0.00264537
0
0.00279261
0.00526773
0.00231734
0
0.00452364
0
0.0779933
0.00256773
0.00526773
0.00250704
0.00279261
0
0
0.00845001
0.0147401
0
0.00270651
0
0.0150422
0.00250058
0.00519119
0
0.0057972
0.00247711
0.00734689
0
0.0053633
0
0
0
0.0027937
0.0027171
0.00288312
0.0164891
0.00519578
0.0139607
0.053443
0.00280795
0.00503906
0.00569895
0.0027937
0.00338839
0.0220767
0.0223098
0.0920615
0.0570395
1.02483
0.162054
0.00259955
0.00535271
0
0.00529965
1.01652
1.04212
0.361097
0
0.00264612
0.0026751
0.0195747
0.0176352
0.0191371
0.0108305
0.00513436
0.00269489
0
0.00521355
0.0053244
0.020088
0.00505009
0.0438954
0.0163041
0.00806034
0
0.00786391
0.00274459
0.0130568
0
0.005082
0.00289003
0
0
0.00278326
0.00554358
0.120301
0.00522985
0
0.00513436
0
0
0.00267013
0.0831537
0.00282389
0.00536863
0
0.00783578
0.0160128
0
0.00267013
0.00271578
0.00268175
0.00268008
0.00353236
0.0116021
0
0.0194306
0.0157849
0.078904
0.0245052
0.00262028
0.00267013
0.00551616
0.00283084
0.00267013
0.00334764
0.0180419
0.00276259
0.00525883
0
0.00571008
0
0
0.00542101
0.025472
0.0226309
0.0107855
0.0077253
0.0144899
0.00782617
0.0024559
0.00245893
0.00315048
0.00534915
0.0108875
0
0.0181339
0.00266108
0.0164748
0.0371083
0.0194224
0.00303555
0.00258043
0.00270815
0.0108712
0.0219385
0.0266584
0.0355661
0.0422942
0.0232498
0.0615937
0
0
0
0.00526112
0.0052421
0.0715835
0.0414754
0.0252903
0.126325
0.0785922
0.96391
0.19625
0.484132
0.00548111
0.0239836
0.0100527
0.00281465
1.03016
0.971013
0.97001
0.0055112
0.00819734
0.0107389
0.00683477
0.0133524
0.0026191
0.00264293
0.0133822
0.0114476
0.00528633
0.00269804
0.00568209
0.0166385
0
0
0.0052612
0.0192696
0.00525657
0.00514807
0.00275984
0.00269804
0.00812564
0.0052373
0.00550589
0.00509993
0
0
0.0025587
0.00819214
0.00271578
0
0.00256014
0.0785764
0
0
0.00262378
0.0027937
0.00281471
0
0.00262557
0
0.0117537
0.0110715
0.00812191
0
0.0159038
0.00818253
0.0101551
0.010455
0.00497047
0
0.00364605
0.0289196
0.00819184
0.0172069
0.010612
0.0560764
0.0106749
0.00535396
0.0158195
0.00563557
0.0141321
0.00789688
0.00991099
0.0312177
0.0270334
0.0108037
1
0.00771798
0.0154324
0.00539705
0.0105376
0.00412851
0.0128432
0.0248044
0.0318341
0.0951753
0.0216916
0.0133808
0.00246191
0.00524087
0.00724726
0.00515784
0.013019
0.00269088
0.0191407
0.0202331
0.0154671
0.0129827
0.0111968
0.0467141
0.00808354
0.00263168
0.00523981
0.00533773
0.00256245
0.0165635
0.0211162
0.0104082
0.00537043
0.00857888
0.00628777
0.154829
0.00991267
0.00815238
0.00523981
0.00799999
0.00806306
0.00280989
0.0274795
0.0437923
0.0611135
0.046685
0.999955
0.016494
0.0317695
0.0156311
0.982959
0.343396
0.993559
0.00281449
0.00256086
0.00256687
0.0388109
0.0321422
0.0290691
0.0112917
0.00759019
0.00771182
0.00818237
0.00274817
0.00300548
0.00808462
0
0.00297292
0.0620732
0.0462804
0.0136275
0.00809653
0.0057297
0
0.00274894
0
0.0108017
0.00591289
0.00280684
0.00278703
0
0.0034686
0.00251856
0.00272982
0.00291418
0.00262307
0.0211102
0.00821634
0.00803934
0.00805638
0.00291006
0.00278703
0.00808517
0
0.00257672
0.00672674
0.00514532
0.00290186
0.0301105
0.00521468
0.0136102
0.00550243
0.00260777
0.00288221
0
0
0.00615062
0.204495
0.0110213
0.011026
0.0194854
0.0598066
0.0133121
0.00641969
0.00551782
0.0133304
0.00263392
0.00260777
0.00298237
0
0.0156466
0.0326825
0.0268641
0.0429044
0.721268
0.00501365
0.00279202
0
0.00780353
0.0111228
0.0304637
0.0213476
0.0333267
0.0516278
0.00818232
0.00288842
0.0056773
0.0103504
0.00520457
0.0052511
0.00514242
0.0304907
0.0603083
0.0153066
0.00514025
0.00558559
0.0699753
0.00540898
0.0216815
0
0.00282325
0.00264747
0.00858959
0.0163286
0.0105606
0.00708858
0.12362
0.00859597
0.00815786
0.016822
0.022228
0.00257418
0
0.00515032
0.00269381
0.00283543
0.0195552
0.0295638
0.0742925
0.00544559
0.123288
0.0210663
0.998281
0.0106961
0.0112901
0.00777508
1.01042
0.486574
0.865633
1.02365
0.00830379
0.0322814
0.00649502
0.00657884
0.0124954
0.0668003
0.00570286
0.0103218
0.00534425
0.00823516
0.00264453
0.0024872
0.00556423
0.00273896
0.00249517
0.0103067
0.00303702
0.0117812
0.00576409
0.0086592
0.00534425
0
0.00775253
0.00261366
0.0104959
0.00644292
0.0125658
0.0173459
0.00506907
0.00281471
0.0051355
0.00531665
0.00262557
0.0201761
0
0.0059865
0.00796381
0
0.00530611
0.00531799
0.0108363
0.00253474
0.00565953
0.00584961
0
0.00274452
0.00979945
0.0330024
0.0162592
0.0217011
0.00839533
0
0.00536215
0.00887671
0.00397267
0.0288379
0.00518412
0.0135302
0.0240575
0.0540276
0.0186328
0.0180192
0.0027937
0.00851711
0.00286889
0.00900186
0.00552565
0.0135029
0.117256
0.0321686
0.0704074
0.222141
0
0.00540774
0
0.00305839
0.00534968
0.0114604
0.0301966
0.0194502
0.029691
0.0636206
0.0296945
0.00293659
0.0026161
0.00534612
0.0026282
0.00760289
0.00541209
0.00825623
0.0290795
0.036912
0.00798273
0.00529905
0.0528702
0.00541587
0.0212972
0.00318516
0.00544812
0.00515489
0.0648976
0.0111193
0.0212131
0.00426664
0.186532
0.00567371
0.0145434
0.0222464
0.0453833
0.0106421
0.00738832
0.00523467
0.00260369
0.00270066
0.00284442
0.00792838
0.0278786
0.0137153
0.0427155
0.137204
0.0235416
0.997476
0.00575149
0.0185501
0.00791142
0.499701
0.281584
0.521731
0.989543
0.00524408
0
0
0.00271461
0.00831364
0.00772537
0.00267649
0.00516434
0.0109885
0
0.00277029
0.00284362
0.00292149
0.00260467
0
0.00838785
0
0.0213234
0.0057106
0.00999452
0
0.00803215
0.00566768
0.00521345
0
0
0.00252411
0.00259276
0.00837177
0.00575535
0
0
0.0112432
0.00270045
0.00521082
0
0.00974609
0.00579134
0.00498941
0.0024656
0.00551925
0.00285763
0.0103275
0.00893149
0.00292159
0.00504617
0.0078154
0
0.00256014
0.0104545
0.00267454
0.0065606
0.0518205
0.00539331
0
0.0101336
0.0202466
0.00904795
0.116371
0.00761813
0.00502989
0.00869923
0
0.0196373
0.00255786
0.0131928
0.00540941
0.030109
0.181145
0
0.00281529
0.0101798
0
0.00435476
0.006059
0.0170292
0.0152163
0.0290126
0.0139473
0
0.00546653
0.00570525
0
0.0024677
0.00967468
0
0.00546282
0.025296
0.0232407
0.00513291
0.00311059
0.0264016
0.00826689
0.00575336
0
0.00514854
0.0106504
0.0276951
0.0200777
0.00753136
0.0956971
0.0142541
0.0108296
0.00279828
0.0285356
0
0.00263134
0.00832785
0.0105375
0.00279153
0.00259802
0.0150855
0.010733
0.0230214
0.0174748
0.128505
0.0150511
1
0.00284821
0.0792048
0.10468
0.0557532
1.0312
0.129753
0.00253276
0.00286573
0.00981339
0.0972507
0.00855498
0.0105113
0.00812257
0.00608862
0.00829799
0.00296629
0.00517773
0.00663759
0.00859156
0.048167
0.00509423
0.010751
0.00265368
0.00801506
0.00283264
0.00777961
0.00285896
0.0049856
0.00749017
0.00285896
0
0.00251856
0
0
0.0026357
0.00277395
0.0129323
0.00285896
0.00278025
0.00291562
0
0.00830855
0.00814991
0.00264298
0.00529964
0.00251602
0.00285896
0
0
0.0306844
0.0083492
0.00265625
0.00261586
0.0187078
0
0.00264962
0.0184034
0.00519252
0.987427
0.203798
0.00536842
0.00288528
0.00265456
0.00818628
0.00803538
0.0101451
0.00637344
0.00545645
0.0162357
0.0162945
0.00274338
0.00245026
0.0085292
0.00795311
0.00242899
0.00583828
0.00557676
0.0112746
0.00578161
0.00327725
0.00854091
0.00605628
0.0986961
0
0.00596619
0.00285372
0.00531494
0.00591919
0.0110734
0.0126183
0.00293861
0.00532078
0.0365906
0.00489175
0
0.00441494
0.0165116
0.0198249
0.0745402
0.0148724
0.00267745
0.028881
0.00552865
1
0.110775
0.00541735
0.0255469
0.00811681
0.0278843
0.128681
0.00843573
0.00248917
0.00286249
0.00256888
0.0177394
0
0.0107657
0.0036825
0.00836377
0
0.0054984
0.00529979
0.00596671
0
0.00528994
0.0138443
0.00253347
0.0105195
0.00516978
0.00278515
0.0104908
0.0160517
0.00278515
0.00545402
0.00270067
0.0130012
0.0025323
0.00539703
0.0111248
0.00258584
0
0.0217079
0.00278515
0.00526933
0.0107436
0
0.00509316
0.00274562
0.00515075
0.00818013
0.00525231
0.00259485
0.0159674
0.00866577
0.00292206
0.00806491
0.0709932
0
0.0028607
0
0.0303368
0.00272328
0.00789899
0.0079015
0.0765615
0.00295056
0.00253518
0.0112574
0.00553449
0.627794
1.01564
1
1.00487
0.148917
0.0086871
0.00557457
0.00283002
0.00270713
0.00844008
0.0100535
0.0236257
0.0254893
0.0298075
0
0.0085566
0.00833948
0.0079896
0.0130298
0.00421059
0.00253518
0.00523503
0.0143079
0.0176055
0.00305267
0.0163501
0.0167704
0.0791058
0.00797871
0.00865235
0.00283543
0.00766725
0.0316291
0.0081075
0
0
0.0250681
0.00579702
0
0.0220056
0.00288252
0.00578954
0.00255051
0.00794021
0.00286497
0.0174801
0.0106579
0.0233197
0.102694
0.00676452
0.0135415
0
0
1.00585
0.467425
1
0
0.0056346
0.00913301
0.0111075
0.0321032
0.00866436
0.0170389
0.00805218
0
0.00530864
0
0
0.00537134
0.00432156
0.0199333
0.0573882
0.00517294
0.079436
0.00565038
0
0
0.0054366
0.00850572
0.0027405
0.00549988
0.00255974
0.00779115
0.00271575
0.00545037
0.00251856
0.00508016
0.00823098
0.00305833
0.00534489
0
0.00278923
0.0111067
0.00292329
0.00510727
0.0106003
0.00531088
0
0.0134178
0.0739467
0
0
0.0187157
0.0134692
0.00259626
0.00252572
0.017017
0.00827708
0
0.460478
1
1.01299
0.0125013
0.00257672
0.00818183
0.005659
0
0.00388032
0.00961761
0.0304313
0.0188269
0.0190315
0.0149819
0.01051
0.00566869
0.0120167
0.00807223
0.00554371
0.00814015
0.0231144
0.0113716
0.0083661
0.00270522
0.0839754
0.00256062
0.00255152
0.0108602
0.0674343
0.00534105
0.00740565
0.00570481
0
0
0.00791098
0.00283543
0.00274356
0
0.0353898
0
0.0122053
0.128762
0.00295463
0.00424535
0.0106329
0.00505392
0.441566
0.873755
0.407309
0.00256151
0.00501769
0.00926429
0.0117859
0.00263592
0
0.0024649
0.0027742
0.0302514
0.0394786
0.00822396
0
0.0054863
0.00759718
0.00508566
0
0
0.00836163
0
0.00510448
0.00526194
0.0030635
0
0.00251636
0
0.00264732
0.00256929
0.0246762
0.00268979
0.00509032
0.0183825
0.00256079
0.0105338
0.00522223
0.163082
0.00540323
0.00295117
0
0.0211188
0.00251428
0.0164445
0.00284442
0.00303636
0.00256079
0.0190692
0.00304192
0.135392
1.0487
0.993364
0.991348
0.00488867
0.00278309
0.00263856
0.0205254
0.0423485
0.0167387
0
0.00267449
0.00279376
0.00254413
0.00264005
0
0.0227905
0.00653144
0.00810695
0
0.148622
0.00263592
0.00256929
0.0128464
0.0650079
0.00594857
0.00404335
0.0188401
0.0269206
0.00247983
0.00526842
0.00797881
0.0213844
0.0028486
0.0670149
0.00292697
0
0.0259627
0.0025178
0.344842
1.00325
0.215012
0.00514153
0
0.0244612
0.00274599
0.00546639
0.0026664
0
0
0.0113786
0.0257757
0.00610619
0.0084741
0.00253232
0.00253518
0.0024923
0.00290703
0.00253518
0.00550898
0.00266073
0.0164885
0.00270568
0.468383
0.0030662
0
0.0747018
0.0102656
0.0446267
0.0799056
0.736209
1
0.64809
0.00300983
0.00256494
0.00738065
0.0667306
0.0302715
0
0.00413651
0.0118231
0.00717816
0.00970449
0.0175375
0.237817
0.00789065
0.0626618
0
0.00523055
0.00346574
0.00789065
0.0218535
0.00379584
0.00283889
0.0335221
0
0
0.00789065
1
0.0786561
0.00331983
0.147545
0.00303364
0
0.0135429
0.00508717
0.00268153
0.00870809
0
0.00809818
0.00262241
0.0026077
0.00554053
0.00735607
0.00258943
0.00251636
0.0314174
0.0161455
0
0.0026077
0.103391
0.482043
0.461648
0
0.00629091
0.00260785
0.0267227
0.00556986
0.0398617
0.00587544
0.0090008
0.0450755
0.00290011
0.00264737
0.0154872
0.00263592
0.00378643
0.00748849
0.00246991
0.00263592
0.0113539
0.00851433
0.00851193
0
0.00851433
0
0.00256929
0.00434595
0.00275645
0.00513009
0
0.20001
0.0524958
0.174501
0.00846944
0.0219437
0.0027384
0.00332074
0.00263592
0.00274387
0
0.00268526
0.011269
0.249372
