0.00703496
0.0392516
0.0564197
0.00703496
0.0128901
0.0778602
0.0128901
0.0869928
0.0128901
0.0869928
0.0128901
0.0869928
0.0128901
0.0869928
0.0128901
0.0869928
0.0128901
0.0283515
0.0940405
0.0141272
0
0.0140505
0.0167774
0.0116241
0.18267
0.0142013
0.0132929
0.00715526
0
0.012944
0
0.0101322
0
0.0568683
0.0174642
0
0.0326186
0.0141449
0.014633
0.0116241
0.00621031
0.469878
0.028657
0.0141772
0.0214378
0
0.0130768
0
0.016369
0.0109674
0.0213929
0.0199894
0
0.00661884
0.0499107
0
0
0.0326186
0.0162581
0.0305502
0
0
0.0228807
0.0112442
0.633183
0
0.0144548
0
0.03566
0.0297894
0.011004
0.0222996
0.00734543
0.0327811
0.0660572
0.0109674
0.00722347
0.0303225
0.017503
0.00662888
0
0.0804874
0.00953169
0.0743354
0
0.0256114
0.114291
0
0.0107373
0.0285816
0.0832882
0.0373415
0.00783351
0
0.88076
0.0185654
0
0.0340478
0
0.0147707
0.0150903
0
0.029981
0.00717285
0.0279385
0.0698801
0.0797533
0.0107505
0
0.0810158
0.145285
0.0472865
0.0330796
0.153451
0.0175288
0.0207304
0.014213
0.00707059
0
0.201679
0.04075
0.104301
0.0428235
0.044973
0.0687886
0.0592704
0.0152348
0.857524
0
0.0304008
0.0420682
0.0291762
0.0149104
0.0372191
0.0518388
0.0291187
0.0228512
0.0409561
0.0703733
0.0649045
0.034248
0.0145729
0.0915664
0.142911
0.0208308
0.0481448
0.103463
0.05561
0.0574893
0.069809
0
0.0645701
0.265534
0.0325972
0.0423879
0.0732909
0.0293143
0.0599668
0.10537
0.109962
0.0316572
0.0254468
0.985306
0
0.0798002
0.11326
0.0604411
0.0159709
0.0515967
0.0425889
0.0153078
0.0220684
0.08089
0.0513395
0.0810558
0.0123624
0.0233868
0.155411
0.299701
0.0200669
0.0688708
0.170867
0.00865773
0.0387265
0.115883
0.00719226
0.0518045
0.382388
0.0817231
0.0262948
0.113645
0.120326
0.0775378
0.210729
0.169312
0.0318845
0.0324091
0.503282
0.0459266
0.217943
0.144581
0.0579122
0.00726717
0.0654595
0.0620545
0.0151611
0.0297847
0.0402237
0.0874952
0.120363
0
0.0372097
0.168697
0.23403
0.0196926
0.0626453
0.171414
0.0364597
0.0192163
0.0981725
0.0353532
0.0774844
0.493367
0.0828874
0.0415438
0.0735007
0.0750764
0.0454704
0.25553
0.107115
0.0649825
0.0324218
0.444762
0.0178295
0.200355
0.138713
0.0441142
0.0151777
0.10294
0.051914
0.0225852
0.0378522
0.0403979
0.0170654
0.0685106
0.0241528
0.0442458
0.199908
0.175069
0.0140114
0.126193
0.147974
0.0454866
0.0777743
0.182483
0.070489
0.0384831
0.530395
0.0962102
0.0573656
0.052305
0.0742061
0.0620855
0.294565
0.120085
0.0242873
0.0584927
0.245424
0.0175791
0.243255
0.134075
0.0455403
0
0.0808286
0.072128
0.0698671
0.0459492
0.0829823
0.0525034
0.0524198
0.0219656
0.0220939
0.553622
0.160763
0.0280738
0.146332
0.198413
0.0368622
0.0992881
0.181053
0.0711759
0.0259663
0.571863
0.0331928
0.0415098
0.0532553
0.0422921
0.0611628
0.362085
0.0244244
0.00791266
0.073295
0.137866
0.017658
0.243338
0.0768165
0.0464001
0.0071111
0.0362922
0.051884
0.0548297
0.0294946
0.0525855
0.0170654
0.0177014
0.0351372
0.0150327
0.985178
0.178907
0.0206618
0.134185
0.212692
0.0469884
0.101037
0.141393
0.022345
0.0640349
0.461734
0.11813
0.0278293
0.085326
0.0423333
0.0906579
0.281552
0.0237689
0
0.0738575
0.0893376
0.0177601
0.329604
0.0846703
0.0300574
0.031485
0.0358108
0.0200548
0.0548125
0.0685044
0.0540128
0.0367617
0
0.022677
0.0073108
1.00213
0.180833
0.00668147
0.208059
0.246444
0.0379159
0.0588156
0.0989663
0.0154232
0.0516123
0.578377
0.102594
0.0415107
0.0616286
0
0.030409
0.388098
0.0234668
0.0164223
0.0782023
0.0612363
0.0276486
0.408776
0.0149768
0.0586792
0.0241624
0.0300835
0.0314315
0.0242985
0.0461436
0.0280296
0.0508725
0.0230114
0
0.99264
0.111009
0.0077162
0.179379
0.17422
0.0371509
0.0392795
0.140608
0.00711048
0.0886014
0.607967
0.0505036
0.0297479
0.084994
0.0304435
0
0.294882
0.0162887
0.117925
0.100446
0.0559931
0.146393
0.0150452
0.0584644
0.0227798
0.0308514
0.0536515
0.0170065
0.0430479
0.0328545
0.018193
0.0111595
0
0.928904
0.0505222
0.00767384
0.172361
0.09316
0.0193052
0.062181
0.0559079
0.0144173
0.113713
0.393813
0.0338541
0.0146766
0.102853
0.0440905
0.0450577
0.232219
0.0234705
0.223943
0.0783089
0.0274231
0.0877442
0.0203371
0.0438163
0.0305595
0.0381978
0
0.0385115
0.0164207
0.0364091
0.0344643
0.0357162
0
0.811006
0.114266
0.014149
0.16357
0.0388278
0.0472284
0.0413638
0.0426928
0.0280028
0.17579
0.250097
0.0166963
0.175652
0.0598673
0.0611181
0.165488
0.0247375
0.243849
0.0585421
0.00857589
0.0741966
0.0207179
0.0464828
0.0235278
0.0780106
0.0100652
0.0551441
0.0152216
0.0150858
0
0.0846665
0.0350605
0.00790497
0.722307
0.0313904
0.0220662
0.141095
0.0523732
0.00872537
0.116357
0.0298573
0.0208071
0.164668
0.0832718
0.0166963
0.0276363
0.146282
0.0292208
0.0608114
0.231978
0.0368156
0.0164922
0.239709
0.0285585
0.077207
0.0437698
0.0138758
0.0229312
0.0474519
0.0101499
0.0237622
0.0152216
0.0133199
0.0379807
0.0858744
0.0230639
0.0156166
0.465585
0.030649
0.00742843
0.141365
0.0369153
0.0177188
0.115212
0.0301239
0.00735082
0.126438
0.0835979
0.0480528
0.0427568
0.0938045
0.0741278
0.045358
0.340553
0.0239998
0.0168363
0.188444
0.0093166
0.0459111
0.0426436
0.0286261
0.038061
0.0467209
0.00962913
0.0315858
0.0156766
0.0133199
0.0189623
0.069475
0.010623
0.00790497
0.349723
0
0.00742843
0.0714372
0.0297056
0.0461739
0.117471
0.0291142
0.10157
0.0514685
0.0482044
0.0434759
0.0522709
0.0163216
0.0612021
0.326274
0.0124829
0.0238336
0.288321
0.0201335
0.0605667
0.0133417
0.0146262
0.0319685
0.00962913
0.0470204
0.00832249
0.0285345
0.0189623
0.138271
0
0.0160713
0.265126
0.0294115
0.00656343
0.0416598
0
0.0183888
0.118327
0.00772638
0.101422
0.048206
0.0421462
0.0537329
0.0163216
0.0297402
0.302122
0.0238498
0.0244116
0.376773
0.0191678
0.00888391
0.0149067
0.0342184
0.0146262
0.0302563
0.0538297
0.00832249
0.0133199
0.0163786
0.0884435
0.0165423
0.210996
0.014589
0.0138423
0.0287195
0.00899347
0.0764866
0.00658469
0.115997
0.0150693
0.0284433
0.055641
0.0475277
0.0146979
0.279488
0.0113669
0.00818636
0.252539
0.0100906
0.00888391
0.0149067
0.00684404
0.0231737
0.0195807
0.0466391
0.0133199
0.00816636
0.210996
0.00771256
0.0142883
0.0185651
0.118692
0
0.176263
0.0306813
0.0263391
0.0343536
0.0620658
0
0.254814
0.0113669
0.0328588
0.24643
0.0105522
0.0175899
0.00755435
0.0158857
0.0411192
0.0242484
0.0133199
0.00816636
0.0870066
0.0413756
0.0785554
0.0135326
0.112757
0.0150693
0.0285856
0.0327896
0.0446807
0.0447087
0.150035
0
0.382138
0.0197972
0.0175899
0
0.0153474
0.0151695
0.0195807
0.00828285
0.0133199
0.00816636
0.0552272
0.0141378
0.0785554
0
0.0773752
0
0.0132083
0.00998335
0.0296079
0.0151748
0.0622351
0.00776818
0.454441
0.00924502
0.00755435
0.0108482
0.00662469
0.0144021
0.0402914
0
0.00998335
0.0155859
0.00737503
0.459652
0
0.0149229
0
0
0.0105834
0.013726
0.00853308
0.0586642
0
0.0117218
0
0.0106842
0.0149872
0.0276247
0.0162054
0.459351
0
0.0305657
0.0151737
0.0154666
0.0071548
0.0164746
0.0269637
0.00853308
0.0604962
0
0.0748592
0
0
0.0100461
0.0742437
0.0290306
0.715131
0
0.0151679
0.0139378
0
0.0226745
0.0105299
0.0071548
0
0.0164746
0.0145663
0
0.0342565
0.0146184
0.117816
0.028029
0
0.0736075
0.0158373
0.0170902
0.0685477
0
0.131243
0.0372196
0.00802792
0.888573
0.0190767
0.0090459
0.0151679
0.027761
0
0
0.0144663
0.0210099
0.0147444
0
0.0171449
0.0173983
0
0
0.0160879
0.00706933
0.0834168
0.00774976
0.0282224
0.234252
0.028029
0.00651873
0.111226
0.032353
0.0154739
0.067681
0.0512253
0
0.145005
0.0528324
0
0.0156805
1.00746
0.0480396
0.00922602
0.0311825
0.0638749
0.015102
0.0315086
0.0677389
0
0.0229665
0.00757411
0.013985
0.0842289
0.0173983
0
0.0526729
0.0312623
0.0272583
0.0901252
0.0513234
0.00994213
0.464399
0.0394182
0.0273433
0.150281
0.0674922
0.0167529
0.109982
0.147972
0.027993
0.190543
0.0075507
0.0250031
0.0244309
0.950598
0.038902
0.0375496
0.155589
0.0554647
0.0298657
0.0469486
0.0608792
0
0.0151777
0.00812194
0.0413117
0.0698349
0.0487506
0.0676649
0.0142971
0.0728022
0.0172955
0.0892306
0.122728
0.0304827
0.00994213
0.579134
0.0129485
0.0491551
0.236415
0.0679384
0.0327505
0.139548
0.158415
0.0588026
0.0579565
0.0214811
0.0350423
0.0157449
0.784428
0.0581919
0.0570291
0.180963
0.0574096
0.0293413
0.0790122
0.0307406
0.0290195
0.0225838
0.0229687
0.0678088
0.0354934
0.0527585
0.0551847
0.00773883
0.0960294
0.079189
0.0617045
0.193072
0.0524605
0.0478594
0.456912
0.0293925
0.0355895
0.215489
0.0649588
0.0342438
0.110592
0.126703
0.0725466
0.149347
0.0524329
0.0478773
0.0157484
0.844093
0.0302238
0.0465643
0.259737
0.0437461
0.0161639
0.0925456
0.0222084
0.0727192
0.00775714
0.0769771
0.0267381
0.052514
0.133062
0.0455607
0.0244569
0.0637665
0.0952344
0.0406369
0.166675
0.0439387
0.0935629
0.518459
0.0717225
0.0270286
0.335575
0.0988032
0.0696423
0.154271
0.107171
0.0731295
0.25554
0.0587082
0.0240906
0.00766474
0.673374
0.0292858
0.0475962
0.321385
0.0511294
0.0615313
0.0924116
0.0452853
0.0109696
0.0297646
0.059371
0.0267381
0.0360447
0.135117
0.023811
0.0235492
0.0821959
0.0645968
0.0637585
0.140556
0.0152791
0.0649385
0.770014
0.05615
0.0635246
0.321143
0.11547
0.0528589
0.186534
0.117819
0.0603631
0.270704
0.0518889
0.0225782
0.0079329
0.586152
0.0490286
0.0468366
0.338223
0.0280747
0.0296375
0.0772022
0.0606501
0.051564
0.0302182
0.0377579
0.0280857
0.10618
0.118865
0.0118185
0.00713992
0.0716323
0.0802928
0.105562
0.113542
0.0222613
0.0285048
0.934753
0.0733484
0.0351632
0.38714
0.0988625
0.0337753
0.242579
0.102051
0.04299
0.364148
0.0757156
0.0377696
0.0460953
0.407364
0.0493778
0.0753736
0.167632
0.0563384
0.0136416
0.0999066
0.196544
0.0422438
0.0234545
0.0304649
0.0140796
0.0845025
0.0511776
0
0.031249
0.0615275
0.0783477
0.0909562
0.069434
0.0383363
0.0763873
1.02708
0.0421284
0.00676129
0.331685
0.0322424
0.0863623
0.260338
0.042374
0.0138541
0.52868
0.0305189
0.0127573
0.0382493
0.213326
0.0383986
0.0533093
0.0778691
0.0428237
0.0297765
0.0992707
0.0822084
0.0207133
0.0302375
0.0144304
0.0189943
0.0156711
0
0.0377098
0.0755363
0.0303304
0.134165
0.0978451
0.0604526
0.0575832
1.01675
0.0135297
0.0213765
0.302067
0.0513762
0.0323816
0.173794
0.0621612
0.0138541
0.493414
0.045035
0.0123757
0.0251326
0.100279
0.0478922
0.0627163
0.0722966
0.0434362
0.0161349
0.0401543
0.0234337
0.030578
0.0072805
0.0344685
0.0108542
0.0152102
0.0676218
0.134385
0.15872
0.0214525
0.0275224
0.995071
0
0.00776913
0.220283
0.0181563
0.0156185
0.147581
0.0626775
0
0.358389
0.0145161
0.0167495
0.0331749
0.0385206
0.0542852
0.0222159
0.0301456
0.0145049
0.00812478
0.0310928
0.0163875
0.0108542
0.0155258
0.0326006
0.0635875
0.0353076
0.771565
0
0.0856376
0.0181563
0.0447361
0
0.196282
0.0146526
0
0.00613818
0.00964581
0.00978833
0.0222159
0
0
0.010113
0.00680679
0.00667978
0
0.197862
0.0118088
0.0152278
0.0116985
0.0144046
0.0624127
