1
0.348036
0.165044
0.0213664
0.0485257
1.00052
0.45907
0.900191
0.633964
0.015195
0.0127039
0.00296425
0.110975
0.00493849
0.00386642
0.00296425
0.00276588
0.0151338
0.285462
0.0222319
1
0.199002
0.964309
0.715225
0.0133286
0.0740949
0.10408
0.0740739
0.586819
0.746377
1
0.00345008
0.011336
0.00303719
0.75198
0.184204
0.0296309
0.00556447
0.00264506
0.00289001
0.00575326
0.184844
0.0289001
1.04785
1.00803
0.632259
0.00869536
0.0181868
0.00289001
0.0945332
0.00426021
0.0046804
0.00294871
0.0183398
0.478484
0.990329
0.00264506
0.99995
0
0.0806337
0
0.224003
0.00924553
0.999885
0.00791493
0.00290569
0.00668394
0.00246547
0.00289001
0.00308854
0
0.00246547
0.00535549
0.00301845
0.00589946
0.00269867
0.00294858
0.00246547
0.00598917
0.0245417
0.00304018
0.00672402
0.00264506
0.00270844
0.00661266
0.00377866
0.00881688
0.00264664
0.00258591
0.00814641
0.999881
0.00417642
0.00277364
0.985099
0.00793519
0.00278095
0.00305195
0.00286708
0.0558277
0.00280837
0.0524163
0.993502
0.00251272
0.00403825
0.00269813
1.0097
0.00258522
0.00280462
0.00715628
0.00750514
0.00524592
0.0110326
0.00283649
0.00282426
0.00275141
0.00574964
0.164739
1.01415
0.00269813
0.00303749
0.00302395
0.00369219
0.00343696
0.00527599
0.0146942
0.987802
0.00341665
0.014493
0.0043478
0.00757768
0.00273927
0.00396643
0.00783604
0.00269813
0.0198633
0.00724634
0.00269813
0.00299651
0.0264939
0.644804
0.120317
0.0078507
0.0027283
0.120306
0.0587258
0.404787
0.00703024
0.0124223
0.0253535
0.00728991
0.00904952
0.014893
0.0463282
0.00269813
0.0027223
0.0221571
0.982043
0.00292177
0.012789
0.0244091
0.121529
0.00726495
1.31791
0.00292388
0.0312539
0.0293272
0.00910996
0.0027882
0.0108253
0.0108469
0.0114465
0.00298553
0.00292471
0.0107641
0.00284162
0.00263116
0.00442898
0.0565347
0.01332
0.00289911
0.00314314
0.659154
0.00292388
0.00271654
0.00742767
0.00897258
0.00252589
0.00250154
0.00310879
0.00292388
0.00259932
0.00296388
0.00877165
0.00543321
0.0366994
0.0122855
0.0312163
0.00558424
0.00553827
0.00261439
0.00262018
0.00245421
0.285473
0.00303303
1
0.0176347
0.00250093
0.00292388
0.00872149
0.00584735
0.00292388
0.0175433
0.00261439
0.0080476
0.476236
0.0080476
0.955233
0.00845977
0.0088487
0.142518
0.48935
1
0.301336
1
0.565297
0.0365032
0.779848
0.00874118
0.0316913
0.00891454
0.0086377
0.118092
0.756237
0.380623
0.991878
0.58873
0.0948082
0.254715
0.783758
0.428534
0.59741
1
0.0383756
0.470297
0.00610781
0.0859133
0.00265609
0.00608051
0.419896
1
0.29155
0.456227
1
1.00112
0.0538539
0.148604
0.00920672
0.0538148
0.360678
1
0.924037
1.02277
0.0311437
1.00149
0.153038
0.0106496
0.153502
1
0.900536
0.00278167
0.992122
0.00272952
0.0567117
0.00274806
0.163402
0.539434
0.571178
1
0.0522717
0.638482
0.516969
0.537235
0.619344
0.342563
0.571354
0.110573
1
