0.0352359
0.00990557
0.0246669
0.088418
0.101888
0.0643676
0.193479
0.341411
0.0857606
0.311734
0.194411
0.0535847
1
0.000751122
0.00141304
0.00366863
0.0101445
1.01294
1
0.271695
0.0502678
0.0132157
0.045326
0.347955
0.519895
0.0136338
0.00412187
0.260094
0.0653475
0.0655746
0.537395
0.475756
1
0.030827
0.0365623
0.743914
0.339847
0.0749765
0.000755399
0.00288289
0.359862
0.103285
0.195052
0.467935
0.496619
0.213975
0.000708679
0.0237648
0.161524
0.104271
0.000716458
0.0157076
0.068177
0.0714367
0.493754
0.0873615
0.998338
0.243053
0.442318
1
0.060445
0.00294576
0.00484082
0.247021
0.00901472
0.0336323
0.599686
0.381312
0.00840499
0.000688318
0.00591728
0.0116765
0.00318225
0.00193228
0.00724361
0.0186579
0.0189687
0.109411
0.62441
0.00560193
0.00486092
0.00350744
0.00430327
0.92508
0.0490334
0.00137225
0.00141184
0.582426
0.0695331
0.0538668
0.00368425
0.201445
0.0106166
0.643869
0.372354
1.00256
0.336663
0.022363
0.0854989
0.00226522
0.0134388
0.00154781
0.0022551
0.0656811
0.777163
1
0.153217
0.395653
0.200119
0.124466
0.00787947
0.0180455
0.00787374
0.0820224
0.981766
0.561409
0.259528
1
0.0306574
0.0193985
0.0857916
1
0.574562
0.0498083
0.0151192
0.0293365
0.0512665
0.000874875
0.318297
0.0843724
0.494224
0.299272
0.0811007
0.00779076
0.361664
0.30896
0.0192727
0.0224474
0.00312455
0.0555301
0.0027656
0.0811708
0.0168804
0.000757313
0.974298
0.135722
0.968129
0.108581
0.0544795
0.00104582
0.156354
0.00666556
0.37178
0.0214608
0.355641
0.0111196
0.00227812
0
0.00522764
0.0072432
0.016621
0.0316115
0.00971957
0.0183636
0.00203442
0.00328855
0.00328855
0.00264098
0.00321734
0.964645
0.000603843
0.00471303
0.00331405
0
0.000647795
0.00132783
0.00393634
0.00624452
0.00393634
0.000697211
0.00197509
0.00421879
0.0086742
0.000729063
0.000710026
0
0.0826621
0.00611695
0.00142627
0.00143484
0.000729063
0.0012151
0.00551426
0.00158883
0.908475
0.00266625
0.00266625
0.00266625
0.0510005
0.00247969
0.00066252
0.00212029
0.00710132
0.0079511
0.00212029
0.00920979
0.000679107
0.00212029
1
0.194889
0.0409299
0.0077823
