0.071408
0.058232
0.0499891
0.112776
0.283945
0.0821
0.512853
0.415068
0.227325
0.614132
0
0.0669672
0.191892
0.585146
0.987043
0
0.998214
0.984623
0.101472
0.2478
0.144467
0.035807
0
0.0017205
0.00368448
0.00457802
0.135849
0.0891712
1
0.948752
0.179358
0.00837516
0.00147827
0.359995
0.00807607
0
0.0900319
0.00310506
0.0014911
0
0.118895
0.00137967
0.0888638
0.93746
0.658492
1
0.0487083
0.0250774
0.00149933
1
0.711686
0.00149933
0.00149933
0.00153213
0.00441035
0.0108743
0.00449439
0.157653
0.00140854
0
0.0149567
0
0.00152533
0.0116192
0.790783
0.00629074
0.77315
0.32302
0.994177
0.737618
0.745348
0.00149933
0.00279387
0.0212079
0.491772
0.453737
0.00563757
0.00282615
0.00282454
0.0355649
0.0653093
0.00130322
0.00552429
0.00132701
0.00285717
0.147602
0.676461
0.135194
0.979914
1
1
1.00229
0.00149933
0.00156597
0
0.00274286
0.0993109
0.112073
0
0.00188722
0.00274286
0.00413427
0.00398308
0.00565003
0.405855
0.0199154
0.00195565
0.00559311
0.0344344
1.01291
0.492853
0.644062
0.0169346
0.00141966
0.0113025
0.0759126
0.00406654
0.0488795
0.0674166
0.517617
1.0007
0.0043497
0.00411594
0.00445245
0.00150173
0.00311376
1
0.24944
0.00182226
0.0105639
0.0126808
0.0108687
0.0226619
0.00803875
0
0.0013764
0.00142064
1
0.215372
0.118637
0.0249524
0.0120967
0.312866
0.0752188
1
0.00352081
0.9952
1
0.102235
0.916313
0.0212766
0.240045
0.0467882
0.00147261
0.228675
1.01615
1
0.430169
1
0.0278633
0.261659
0.199884
0.0114495
0.0289821
0.00136819
0.0114412
0.130436
0.00175808
1
0.608388
0.420802
1
0.431962
0.0200961
0.116635
1
0.918794
0.0848164
0.0249051
0.00128364
0.0398833
0.0850736
0.419397
0.515933
0.785739
0.488578
0.106098
0.0034293
0.00799628
0.865116
1.0035
0.01002
0.0500308
0.0230396
0.00552539
0.00141774
0.00921219
0.0100881
0.144153
0.00189087
0.0699603
0.363495
1
0.440823
1
0.436331
0.011512
0.122632
0.200053
0.351949
0.0015179
0.00409111
0.825724
0.0336975
0.800538
0.00743336
0.0720663
0.00148567
0.0145662
0.229132
0.0114291
0.00150684
0.0420094
1
0.307469
0.0212103
1
0.303339
0.00405196
0.239208
0.00557086
0.00413581
0.0325504
0.0204072
0.0013239
0.0485204
0.00552539
1
1
0.0195105
0.0928397
0.513907
0.051592
0.0643983
0.0080976
0.00838047
