0.0284137
0.164868
0.259776
0
0.0167773
0.322358
0
0.0167773
0.543048
0.00984174
0.107053
0.0133109
0.0037074
0.00704714
0.055854
0
0.995097
0.148766
0
0.00704714
0.0167773
0
0.735813
0.00518058
0.227726
0.0119991
0.0120096
0.0327093
0.0102641
0.53717
0.00615858
0.179676
0.0119991
0.00525924
0.0120096
0.0975482
0.290857
0.145013
0.0119991
0.0198673
0.117169
0.18818
0.192429
0.0119991
0.0198673
0.123255
0.178734
0.542607
0.0119991
0.00785773
0.0202591
0.0901943
0.50789
0.00390133
0.00709514
0.0798617
0.470091
0
0.00485594
0.470091
0.162925
0.0706959
0.0141649
0.00356012
0.0346869
0.00384363
0.298494
0.0210824
0.00384363
0.649008
0.00370043
0.346663
0.0754107
0.00610103
0.528085
0.00339008
0.00370043
0.438143
0.00384363
0.00610103
0.213821
0.00711839
0.025133
0.151552
0.00384363
0.00686012
0.141209
0.00461786
0.0157889
0.0364461
0.0105233
0.00384363
0.120749
0.00461786
0.0157889
0.0544834
0.0850977
0.0690854
0.00461786
0.0157889
0.0544834
0.235342
0.0690854
0.00461786
0.0544834
0.404558
0.0201724
0.0544834
0.404558
0.0201724
0.0544834
0.344947
0.0201724
0.053155
0.0201724
