0.0227678
0.0176381
0.0159386
0.0313369
0.0362608
0.022813
0.114136
0.179936
0.0505914
0.158808
0.194411
1
1.00365
0.548224
0.249149
0.0238168
0.00279767
0.00313792
0.00279687
0.0114156
0.16486
0.171898
0.114896
0.0272923
0.0295198
0.22727
0.226529
1
0.0089934
0.249217
0.175626
0.00207208
0.029393
0.00113401
0.00070267
0.029618
0.0155485
0.228607
0.116064
0.244575
0.17456
0.0705936
0.00294533
0.0157712
0.000380051
0.149619
0.0905245
0.00896791
0.000693291
0.00246457
0.0159443
0.00211355
0.0010903
0.00211093
0.00494371
0.0033407
0.130849
0.0505768
0.694125
0.133507
0.40972
0.438343
0.0300239
0.000669256
0.0304649
0.000386487
0.00273506
0.316369
0.196514
0.00550336
0.0160618
0.0155699
0.00297146
0.000329711
0.00149536
0.0234302
0.219861
0.00550649
0.0014424
0.000664637
0.00134334
0.573547
0.00404594
0.000318682
0.000327876
0.00398189
0.000364324
0.000376034
0.353128
0.0378263
0.0514308
0.164386
0.183927
0.527455
0.166298
0.055256
0.00681444
0.00443227
0.00678399
0.0216625
0.547839
0.166567
0.0990208
0.0370338
0.141068
0.0336035
0.00398878
0.00283425
0.0043129
0.0305031
0.786157
0.416984
0.106783
0.917114
0.0139147
0.0113284
0.498897
0.153013
0.0158696
0.00979078
0.0166334
0.111093
0.018947
0.095295
0.151024
0.0172104
0.00928253
0.000696812
0.00171074
0.00552191
0.190185
0.557442
0.00504646
0.00555942
0.0259073
0.00378092
0.0057712
0.0768143
0.046801
0.781293
0.244877
0.509101
0.0822627
0.00636901
0.00371251
0.00643612
0.000764247
0.00347594
0.00111199
0
0.0432639
0.0419442
0.000627757
0.000560173
0.0192659
0.00105086
0.0195405
0.00181908
0.276405
0.0849861
0.00169691
1.00709
0.00281888
0.000404261
0.000353275
0.00209272
0.0113004
0.0342533
0.00145065
0
0.0011034
0
0.00039378
0.001718
0.473094
0.00320895
0.820837
0.000782788
0.00203249
0.00252663
0.00160305
0.0773326
0.013995
