0.81492
0.646356
0.570484
0.420134
0.951763
0.337489
1
0.931198
0.402773
0.962808
0.748725
0
0
0.0416921
0
0
0.00515904
0
0.00542509
0
0.0296094
0.00515904
0
0.00547282
0
0
0
0
0
0.00537134
0.0790834
0.0420135
0.116114
0
0
0
0
0
0.0541164
0
0.0090194
0
0.00567711
0
0
0
0.0174418
0.0063231
0.00578065
0
0.0340187
0.00542456
0.00558743
0.0136451
0.0639993
0.0913039
0.0338317
0
0
0
0.00566188
0
0
0.00677349
0.00555279
0
0
0
0
0
0.0144593
0.00559825
0.00554688
0
0.00534115
0.00668041
0
0
0.0317737
0
0
0.0804094
0.0674289
0.22004
0.0700724
0.00590258
0
0
0
0.00570484
0
0.00628775
0
0
0
0.00552958
0
0.00535547
0
0.00534865
0.00543961
0
0.00534433
0.00515904
0.0052645
0
0.0189961
0.010989
0
0.0051709
0.0102333
0
0
0
0.00630328
0.0051709
0.00574115
0.0103299
0.0309542
0
0.00556352
0
0
0
0.00521832
0
0
0
0.00521832
0
0.00521832
0
0.00562424
0.00990364
0.0124521
0.0107259
0
0
0
0.00620077
0
0
0
0.0129509
0.400789
0.208289
0.373576
0.125744
0.29899
1.07138
0.00563942
0
0.00516907
0.00704854
0.00539697
0.0805203
0.00503246
0.0355562
0
0
0.00579087
0.00543816
0
0
0.0114482
0.00643356
0
0.00542846
0.00506791
0.00594351
0
0
0
0.00536786
0.0163013
0.0161485
0.0163671
0.00568491
0
0
0.005541
0.0210423
0.0124709
0.0061822
0.00594509
0.00524574
0.00538272
0
0.0106904
0
0.0192763
0.0946488
0.00629489
0
0.00524574
0
0
0.0106904
0
0
0.0696335
0.00578237
0.00538272
0.00556815
0.0371418
0.0135474
0.0056143
0.0213858
0.0286156
0.0056629
0.00511567
0
0.0112913
0.00538272
0.0287695
0.0446084
0.0937251
0.0370048
1
1.15503
0.712665
0.204143
0.749032
0
0
0.00534433
0
0.0173486
0.00555751
0
0
0
0
0
0.0253074
0.0119952
0
0.0108923
0.0105833
0
0.00553664
0
0.00503246
0
0.0836354
0
0.0388632
0
0.00605669
0.00507313
0.00503246
0
0.00594728
0.0390065
0.0575755
0.0573533
0.0234288
0.0287847
0.126743
0.00536643
0.00568111
0.00594728
0.00594472
0.00508437
0.00562382
0.0210775
0.0489459
0.00578155
0.00587354
0.0256915
0
0.00870899
0.00492722
0.0118908
0
0.00508437
0
0.0136727
0.0113679
0.0188385
0.0372975
0.0404359
0.0105135
0.00594351
0.00494997
0.00494043
0
0.0127223
0.00745119
0.0162258
0.072751
0.0423104
0.0055627
0.0832151
0.00594351
0.00581048
0.00512759
0.00693323
0.0129091
0
0.00494997
0
0.0272995
0.0104176
0.0396498
0.0479281
0
0.00538163
0
0.011632
0
0.00468636
0.0092769
0
0.00605546
0.0165849
0.127069
0.0204319
0.0567943
0.340624
0.238591
1
1.02535
0.538551
0.656671
0.00526949
0
0.00545796
0.0111105
0.00572017
0.00575214
0.0261319
0.0229718
0.00597725
0.0120552
0
0.0054802
0
0.00548612
0.00527246
0.00499022
0.0330602
0.0110645
0.0101881
0.0220487
0.0164857
0.0116806
0
0.00572017
0.00521479
0.00531106
0.00576367
0.00594728
0.00570484
0
0
0
0
0
0
0.00572017
0.0051709
0
0.0398734
0.202535
0.0342551
0.0534885
0.446033
0.00566584
0
0
0.00566584
0
0.0117264
0.0844044
0
0.0224504
0.122526
0.00507511
0.0169272
0.00566584
0.00528112
0
0.0059565
0
0.00539934
0.0275749
0.0266119
0.0171195
0.00544469
0.00566584
0
0.00564264
0
0
0.0846962
0.0131356
0.160458
0
0
0.0778471
0.00566584
0.00538155
0.0108274
0.00989993
0.00560084
0.0177276
0.0108852
0.0530059
0.0168944
0.0057055
0.0160995
0.00527097
0.00514899
0.00595771
0.0056772
0.0175454
0.022078
0.0169066
0.0164922
0.00569914
0.00548175
0.216112
0.00519568
0
0
0.00527097
0
0.0115219
0
0.0326662
0.0662379
0.125758
0.154321
0.991722
0.988076
1.0791
0.98244
0.965266
0
0.00521979
0.00514445
0.0109694
0.0152455
0
0.00912879
0.067872
0.0312752
0.0170014
0.0163018
0
0.0110443
0.00519168
0.0103892
0.00553367
0.0102876
0.0182474
0
0.217944
0
0.0163921
0
0.0235282
0
0.01123
0
0.0109411
0
0.0103413
0.00559148
0.0051709
0
0
0
0.00558719
0
0.0139722
0
0.00583267
0.00564793
0.0107095
0.00535365
0.00559305
0
0
0.0281284
0.0671712
0.0168121
0.0281473
1
0.686375
0.063426
0.0156947
0.00547359
0
0.00561573
0.0104726
0.0107164
0.0054369
0.00783789
0.0231838
0.005897
0.00599218
0.0469254
0.0218987
0.0274669
0
0.00573856
0.00508437
0.0158197
0.0118408
0.00561573
0.00504004
0
0.0301095
0.0176335
0.0170028
0
0
0.0114422
0.0297229
0
0.048086
0.0149779
0.0411049
0.0389653
0.0166158
0
0
0
0
0.0050739
0.00557827
0.0364653
0.0384889
0.00568413
0
0.0155724
0.00534526
0
0.0110155
0
0.0163119
0.0634691
0.0267146
0
0.0799274
0.00602141
0.0276665
0.29491
0.0112033
0
0.00535308
0.00548175
0.00556579
0.0056772
0
0.0172014
0.0325532
0.0407629
0.595847
0.0810222
0.925085
0.854736
0.171054
1.02641
0.982804
1.05785
0
0.0101438
0
0
0.0165225
0.0145514
0.0812418
0.0224142
0.00940928
0.0149037
0.328132
0.0120594
0.0108288
0.0049332
0.00575678
0.00575253
0.00583948
0.0105448
0.00547728
0.00836935
0.0215605
0
0.00493459
0
0.00572261
0.00745317
0.0158167
0
0.0152226
0.0103868
0.00550053
0.0576268
0.159938
0
0
0
0.00790834
0.00573326
0.0149063
0.00527358
0.0109943
0.016495
0.00597994
0.0101409
0
0.00570484
0.00565632
0.00679534
0.0253334
0.00540361
0.0271964
0.960772
0.923698
0.0454426
0.155073
0.0108821
0.00527358
0.00534646
0.0102971
0.00558719
0
0
0.0504587
0.0197708
0.0111876
0.022712
0.116863
0.0104549
0.0103703
0.0102971
0
0.00552106
0.0414779
0.00547649
0.00591648
0.0284299
0
0.0154263
0.00880927
0.0162287
0.0379909
0.00769404
0.164078
0.0166157
0
0.00979708
0.0160782
0
0.00552106
0.0176185
0.0810625
0.027841
0.00538272
0.0271534
0
0
0.0768387
0.0837255
0.0109347
0.030999
0.157356
0.00540619
0.00589465
0.0192649
0.0107385
0.00538272
0.00519022
0.0106503
0.0108035
0.0237949
0.0111364
0.0151594
0.0223578
0.185405
0.0412329
1.10918
0.919238
1.09144
0.168183
0.987495
1.0389
0.99398
0
0.0166169
0.0111564
0.00938799
0.00637495
0.0148263
0.0154333
0.0116876
0.0052006
0
0
0.00561731
0
0
0.00595921
0.022175
0.0121539
0.0208717
0
0.00603374
0.0233254
0
0.00519759
0
0
0.0421122
0
0.00570873
0.0634839
0.0171705
0.0212411
0
0.0166008
0
0.00550053
0
0.00570873
0.00710951
0.127959
0.0330035
0.0770622
0.916386
0.0276717
0.00548175
0.0050912
0
0
0.0273647
0.0243755
0.010492
0.194647
0.0228646
0.0350849
0
0.00548175
0.0050912
0.00496878
0.0489153
0.00578087
0.0120308
0.0238171
0.0512174
0.00586764
0.00499898
0
0
0.00646467
0
0.0293824
0.0590163
0.0418693
0.0328922
0.014997
0.00543425
0
0.0259479
0
0.0237346
0.00549826
0
0.0108636
0.0444351
0
0.011303
0.0179369
0.0169192
0.0432514
0.3109
0.00583355
0.0118879
0.00496899
0.0829743
0.00498788
0.0169187
0.0109897
0.0167666
0.0218421
0.00549826
0.0500679
0.012154
0.0723914
0.0828289
0.953792
1.25867
0.606472
0.311813
0.0056756
0
0
0.0052227
0.0165154
0.0311605
0.0553192
0
0.00524289
0
0.00584648
0
0.0219198
0.00821471
0.0292642
0.00603718
0
0.0061246
0
0.00823372
0.00565778
0.117033
0.00530072
0.00594728
0.00892091
0.00546443
0.00583
0.00530072
0.00594728
0
0.00594728
0.00803016
0.111231
0.0058185
0.0365497
0.258635
0.0302303
0
0.0109927
0
0.00565077
0.0050912
0.0102289
0.00598561
0.0155559
0.0421583
0
0.0602772
0.0102138
0.010822
0
0.00562111
0.0425005
0.0290048
0.0187324
0.0673521
0
0.0109594
0
0
0.00775583
0.0207677
0.0109979
0.00678004
0.099052
0.0055855
0.00569509
0.0657567
0.0168905
0.00562111
0
0.0169429
0.0198961
0
0.0172192
0
0.0056772
0.00547807
0.0182587
0.0283501
0.0219476
0.0486675
0.0178199
0.00547807
0
0
0.0113509
0.00572375
0.0211656
0.00725984
0.0115859
0.0059572
0.0427159
0.0428797
0.59021
0.00518876
0.00575253
0.00572354
0.0226433
0.00745967
0.0480063
0.0151966
0.0184831
0.0062157
0.00519022
0
0
0
0
0.0161901
0.0115114
0
0.00578348
0.00517026
0.0179996
0.0320322
0
0.00550534
0.0357165
0
0.0302598
0.00562111
0.00559305
0.00511665
0
0.0116869
0.0217807
0.0136438
0.00563161
0
0.00590912
0.00528112
0.00587063
0.044237
0.145894
0.0235338
0.0245853
0.154421
0.171904
0.0167134
0.0231732
0.0118783
0
0.00596208
0.0111128
0.0177913
0.00739139
0
0.00562018
0
0.0460837
0.0228176
0.00545383
0.0111925
0
0.0812033
0
0.0114082
0.0166887
0.0377123
0
0.0399507
0.00582614
0.0227934
0.0120426
0.00594172
0
0.00571319
0.0379853
0.0123505
0
0.0113006
0.0109983
0.0340413
0.00573326
0.00914922
0.0263182
0.0557488
0
0
0
0.120804
0.0165788
0.0387391
0.0111909
0
0.00789906
0.0310293
0.00620066
0.0215418
0.0056772
0.0050512
0
0.00591495
0.0114694
0.0114045
0.00581486
0.0350818
0
0.00558697
0.0318404
0.0221667
0.812614
0
0
0.011525
0.0071155
0.032021
0.00892111
0.031599
0
0
0.00572515
0.00533834
0
0.00905471
0.0111153
0
0
0.0464266
0.00589991
0.0176514
0
0
0.00533834
0.0499674
0
0.0115728
0.00533843
0.0179288
0.00516955
0
0.0162052
0.00565778
0.00603472
0.00559784
0.00562111
0.0113549
0.00574663
0.0249017
0.032992
0
0.0289755
0.986207
0.583823
0.0338906
0.00556962
0.010323
0
0
0.0412458
0.0248555
0
0
0.0168837
0.0170664
0.00552008
0.00527358
0
0.0054875
0.00608342
0
0.0218194
0.00612579
0.0545646
0.00526877
0.00528112
0.00589876
0.00550486
0.00969291
0.0127759
0.026222
0
0.0159782
0
0
0.0383445
0.00566365
0.0141383
0.0109217
0.00528112
0.0110602
0.0219515
0.0116363
0.00717157
0.0219732
0
0.00493459
0.0283099
0.06306
0.0111167
0.024795
0
0.0113525
0.0423753
0
0.0160582
0.00496899
0.00623073
0.0719963
0.0115843
0.0109487
0
1.13716
0.00572515
0
0
0
0.00530072
0.0172116
0
0.0055347
0
0
0
0.00575091
0.00556578
0.017873
0
0
0
0.0089862
0.0149715
0.0166648
0
0.00842477
0.0224673
0
0.00562111
0.00583006
0
0.00915728
0.00624579
0
0.0463814
0.0236793
0
0
0.00532849
0.875446
0.0150133
0.0434932
0.011582
0.00559305
0.00516955
0.0294079
0.0616379
0
0.0109794
0.18646
0.00570831
0.0107496
0
0.00494872
0.00561796
0
0.102149
0.00543229
0.00590688
0.0352054
0.0148638
0.00537125
0.00554456
0.00530659
0
0.00576499
0.0111888
0
0.089851
0.0215971
0.00990918
0.0142342
0.00596738
0.026242
0.00594551
0.0129457
0
0
0.0334238
0
0
0.010973
0.00527025
0.0236756
0.0114468
0.0100534
0.0523596
0
0.0239157
0.0168584
0.00527025
0.00586706
0.00569184
0
0.00573417
0.00575497
0.051949
0.0174075
0.0110295
0
0.0148659
0
0
0.00556578
0.0419695
0.00908965
0.0121055
0.00592849
0.00527963
0.00572354
0.00558498
0.0058066
0.0385507
0.00528112
0.00680635
0
0
0.011578
0.00593284
0
0.00586433
0.00602713
1.10587
0.162244
0.0340535
0
0.0172528
0.00606953
0.0485937
0
0.00797801
0.0120637
0.197746
0.0159288
0.011345
0.0114228
0
0.00535774
0.666273
0.00588364
0.0173037
0.00601739
0
0
0
0
0
0
0.0553868
0.00883205
0.654102
0.00619413
0
0
0
0
0
0.00853141
0.00626462
0.0343584
0.164719
0.0217979
0.00584271
0.00591112
0.00592702
0
0.0560912
0.0427112
0.00553397
0.00600124
0.00592702
0.00569191
0.00575497
0.0067997
0
0.017357
0.0052826
0.00519994
0
0.0109866
0.0869605
0.0195976
0.0100429
0
0.00575334
0.0109022
0
0.00594212
0.00532281
0
0.0256216
0.0116193
0.00566743
0
0
0
0.00582666
0
0.00569918
0
0
0.392098
1.3084
0
0.0162678
0.00556578
0.00535774
0
0.00548573
0.0359955
0.00501256
0
0.188396
0.00556578
0.00535774
0.00522033
0.0341256
0
0.0252896
0.00595387
0.00556578
0.00594551
0.00589586
0.0287652
0
0.0408755
0
0.0645219
0
0.0198721
0.00562901
0.00574801
0.00979294
0
0.0223529
0
0
0
0
0.0686523
0.00555822
0.00717683
0
0.0710064
0
0
0.0221943
0.00610363
0.0121916
0.0222989
0.0116765
0
0.00536502
0.0173367
0.0176641
0
0
0.00553422
0.00501607
0.00615627
0.0056973
0.0121954
0.0110252
0.00592702
0
0.0263513
0
0.0155566
0.00593646
0
0
0.622672
0.867395
0
0.0752984
0
0
0.126312
0
0.0214403
0.00578378
0
0.00554933
0.00579061
0.00723826
0
0
0.0219542
0.00554933
0
0.0229796
0
0.00597838
0.0406768
0
0.0289283
0
0.00597838
0
0.0221692
0.00587102
0.0490061
0.00536238
0.00588391
0.0055807
0
0
0.00615404
0.681927
0
0.00590912
0.0058103
0.0163517
0
0.00557987
0.00768005
0.00556421
0.00590912
0.0160451
0.00590382
0.0237828
0
0.0119235
0.00527025
0.0237868
0
0.00590382
0.0151345
0.00541286
0
0.0242132
0
0.00684197
0
0
0
0.00600796
0.22979
0
0.00832145
0.00611288
0.0591078
0.0063312
0.0185961
0.0441779
0.00610176
0.00592702
0.146636
0
0.00566995
0.00693666
0
0
0
0
0
0
0
0
0
0
0
0
0
0
0
0
0
0
0
0
0
0.00557384
0
0
0
0
0.0419742
0
0
0
0
0
0.00563055
0
0
0.016903
0.00541318
0
0.00563055
0
0
0
0
0
0
0.00555132
0
0.0115484
0.0277302
0
0
0.0238146
0
0.00529711
0.0206962
0.00554603
0.161648
0.0685676
0
0
0
0
0
0.00587194
0
0
0.0114946
0
0.00584287
0
0
0
0
0
0.0234675
0
0.00587827
0.00589013
0
0
0.00570674
0.0202579
0.00602002
0.0114557
0
0
0
0
0
0.0141282
0
0.00554603
0
0.0241614
0.0177623
0.0120386
0.0277284
0.00574993
0.268365
0.0722752
0.00540102
0
0
0
0
0.00554603
0.00554603
0.00528695
0
0
0
0.00537449
0.0111956
0.00554603
0
0
0.00562506
0
0.00540255
0
0
0.00560199
0.0427697
0
0
0
0.00540255
0
0
0
0
0
0.0224492
0
0
0.00527204
0
0.0161475
0.00590697
0.0111767
0.0254499
0.00586658
0.0057776
0.0480081
0
0.0170329
0.00559203
0
0
0.0236581
0.0463223
0.00597606
0
0
0
0
0.00580933
0.0373732
0.0211218
0.0170916
0
0.0237687
0.00570836
0
0
0.00563055
0.00596851
0.0116997
0
0.0112033
0.00537179
0.0421825
0.0241392
0
0.00548875
0.0160348
0
0.0168385
0.0172789
0.0204942
0
0
0.0353203
0.017913
0.0232968
0.0622456
0.0524637
0.321087
0.00589988
0.00553874
0
0
0.565147
0.314064
0.952028
1.02628
0
0.00783086
0.0838147
0.0057965
0.00563248
0.0114265
0
0
0.00756277
0.0682549
0.170559
0.0402068
0.00554603
0.00587418
0.00600725
0
0.00580056
0
0
0.0316459
0
0.00731143
0
0.0352357
0.00574263
0
0.0342157
0.00551868
0
0.00580765
0.00559806
0
0.00576045
0
0
0.00832787
0.0344122
0.00560883
0
0.0112598
0.170963
0
0
0
0.0112657
0
0.0591752
0.0284985
0.00568144
0
0
0
0
0
0.0180889
0.0405473
0.00613972
0.0054021
0.0220749
0
0
0
0.011066
0
0.00552022
0.00951135
0.0220567
0.00519895
0
0
0.0054553
0
0.0058871
0
0.00585661
0.0162623
0.0085571
0
0.0106012
0.0174364
0.0480754
0
0
0.0058871
0
0
0.0113066
0
0.0590281
0.0342534
0.0745026
0.0851913
1.01661
0.00594211
0
0.00553071
0.559371
1.09763
0.618911
0.951014
0
0
0.00594908
0.0294638
0
0.0278785
0
0.00536667
0
0
0
0.00578854
0.0196338
0.0110144
0.0248626
0.0054361
0
0
0.00578691
0
0.00688872
0.00581512
0.0114575
0.0109117
0
0
0.0112228
0.158533
0
0.00570761
0
0
0.0115474
0.00540255
0.0108717
0
0
0.330536
0.00578073
0.0160663
0.0155577
0.010813
0.0112725
0.00574436
0.013949
0
0.0108581
0.0211196
0.597147
0.0220698
0.0280771
0.00559025
0.015889
0
0
0.0108976
0.0447613
0.334059
0.0289751
0.00557475
0.305584
0.0054021
0
0.0114076
0
0.0216254
0.0592057
0.104398
0
0
0.0653244
0
0
0
0
0
0.00532028
0.0107556
0.0567293
0.016298
0.0421024
0
0.0168229
0
0
0
0.00576045
0.00560245
0.0267806
0
0
0.00545995
0.0394654
0
0.072254
0
0
0
0.00720056
0.0778008
0.136646
0.319481
0.125104
1
1.06066
0.011453
0.0054019
0.0184868
1.02511
1.03802
0.523332
0.648519
0
0
0.0557372
0.0378208
0.0334733
0.0170092
0
0.00559446
0
0.00595584
0
0
0.00554094
0.0806496
0.0171244
0.0105638
0
0.00570962
0.00541948
0.00587543
0
0.0155835
0.0109478
0.00572112
0.0113666
0.00501737
0.011267
0.00555784
0.00537449
0.0110882
0
0.315157
0.0152359
0.00554915
0
0.0101422
0.00552022
0.010745
0.016012
0.00574138
0.00555784
0.170212
0.016119
0
0.0117575
0.0221785
0.0162244
0.0212167
0.00574683
0.00537945
0.00623055
0.1539
0
0.03833
0.017092
0.24178
0.0503902
0.0117476
0.00525429
0.0113097
0.0162244
0.00615067
0
0.014217
0.0170679
0.0174186
0.0491872
0.513592
0.0353392
0.0238758
1.03252
0
0.00537449
0
0
0.0183364
0.00633266
0.00639666
0.0807308
0.0435892
0.0773301
0.023199
0.00564272
0.00537449
0.0412763
0.00848954
0.00508319
0
0
0.0158938
0.0266861
0.00712424
0.0335909
0.0564801
0.0171342
0.0415335
0.107316
0.0201135
0.0228632
0
0.00541949
0
0.0171121
0.0799137
0.139411
0.0359363
0.0859722
0.0059653
0.0464383
0.0375636
0.0406972
0
0.0109502
0.00509543
0.00576285
0
0.206276
0.0453467
0.0724906
0.365442
0.0300325
0.843838
0.920193
0
0.0164937
0.0211923
0.00558276
1.03195
1
0.688729
0.884578
0.00572603
0.00579306
0.00534394
0.0126111
0.0164725
0.0173652
0.0339109
0
0
0
0.00587004
0.0106578
0.00572765
0.0113333
0.00545905
0.0133811
0.00559542
0
0
0
0.00525425
0
0.0113588
0
0.00577795
0.0107556
0
0.0107556
0
0.00591233
0.0950156
0.0167919
0
0.00538872
0.00572765
0
0.0163135
0
0.005258
0
0.0174797
0.00593443
0.0166119
0.0163576
0.00576259
0.0166813
0.00607563
0
0.0404932
0.00595801
0.00549711
0.0111613
0.138619
0.0405903
0.00549798
0.00525425
0.00574082
0.00527432
0
0.0218846
0.0527171
0.0221801
0.0236186
0.992155
0.98539
0.0053584
0
0.00544783
0.0183032
0
0.107818
0.026206
0
0.0579224
0.0053584
0.015837
0
0
0.011679
0.0114844
0.0257655
0.032892
0.00577537
0
0.203038
0.0053468
0
0.00577698
0.00576285
0.01164
0.00530111
0.00535199
0.0114068
0.00545996
0.0118164
0.00556643
0.0459405
0.0321504
0
0.00505673
0.0113456
0.00587004
0
0.0117329
0.0214325
0.0530084
0.11827
0.0268666
0.786643
1.04546
0.00599957
0.131983
0.0053584
0
0.977277
0.701359
0.983513
0
0.00540407
0.0163583
0
0.0821084
0.00559897
0.0445274
0.00576285
0
0.00591832
0.005258
0
0.00519803
0.0192322
0.0175512
0
0.0681133
0
0.00586826
0.0114249
0.005258
0
0.00529711
0.0167512
0.00511224
0.0164947
0.00568229
0.00519657
0.0169423
0.0136808
0
0
0.011044
0.0141725
0.00539399
0.00546341
0.00611411
0.0106942
0
0.017073
0.0159008
0.00548785
0.010573
0.0215714
0.0217944
0.00569842
0.00574263
0.00527432
0.0106751
0.0112064
0.0129446
0.0980415
0.00544783
0.00536696
0.00565678
0.057956
0.0569005
0.0271552
0.0206147
0.0107218
0.00555784
0
0.00623588
0.0106389
0.0641893
0.0127778
0.00561192
0
0.988533
1
0
0.00523665
0.00688904
0.0581831
0.0677505
0.0388502
0.0361527
0.0300128
0.00576285
0.0053468
0.0152723
0.0111967
0.0116541
0.0210237
0.00785377
0.0156492
0
0.0373032
0.0056347
0.00561192
0.00537135
0.00519657
0.0109369
0.0609758
0.0172154
0.0644941
0.00558995
0.0114085
0.0720977
0
0
0
0.00536696
0.00545996
0.0132249
0.0108995
0.0165447
0.033686
0.0978102
0.0209255
1.02325
1.21934
0
0.0239261
0
1.31111
0.0319859
0.439287
1.01447
1.01092
0.00642412
0.0145478
0.0691528
0.0921541
0.0152389
0.005258
0.00553835
0
0.0106717
0.0196433
0.00611772
0.00534513
0.0106856
0.00550549
0
0.00535505
0.0058936
0
0
0.00522575
0
0.00617842
0.00568285
0.0111696
0
0
0.00545996
0
0
0
0
0.012146
0.0297743
0.011454
0.0100014
0
0.00550403
0.0100326
0.00565733
0.00842509
0.0150551
0.0111252
0.0156498
0.00501385
0.0579924
0.032152
0.0055154
0.00550403
0.0104822
0.00550403
0
0.0113702
0.0435299
0.203236
0.0265132
0.0710995
0.280302
0.00576285
0.00470014
0
0.00567297
0
0.0824533
0.0054447
0.0168607
0.0276595
0.0436132
0.016216
0.0103509
0.00744539
0
0.0172982
0.0166357
0.0338009
0.0153613
0.00537741
0.0110505
0.00663179
0.0870289
0.0061802
0.00788701
0.289046
0.00583045
0
0.0378107
0
0.00535505
0.00501385
0
0
0.021501
0.0117841
0.00603046
0.0320446
0
1.01617
0.991946
0
0.0167128
0.00535505
1.01568
0.086289
0.00543371
0.00573004
0.00909098
0.0312177
0
0.00551872
0.00559679
0.00575924
0.00857713
0
0
0.00582103
0
0.00550077
0
0.00559679
0.00565423
0.00564515
0.0100312
0
0.00542351
0.00576285
0.010105
0.00625907
0.00584294
0
0.0058936
0.00543218
0
0.0119849
0
0.00537667
0.0164274
0.00551872
0.0106867
0.0113207
0
0.0209719
0.116274
0.0115187
0
0.00586577
0.018309
0.0567031
0.144921
0.0056347
0
0.0117235
0.0056347
0.00738582
0.0060069
0.0295635
0.0411724
0.022474
0.0329945
0.656691
0.00502224
0.0166344
0
0
0.0117272
0
0
0.0296079
0.0225367
0.0887813
0.0112903
0
0.011367
0
0.00522137
0.00502224
0.00994359
0.0114201
0.0117284
0.0155366
0.0159854
0.0178274
0.0162871
0.0103988
0
0.00559679
0.0347229
0.010556
0.00791682
0.106066
0
0.00602442
0.0116903
0.0593156
0
0.00559679
0
0
0
0.0155069
0.0114054
0.01026
0.00573611
0.0573154
0.00647811
0.983493
0
0.00534513
0.2824
0.28094
0
0.00539383
0.00668102
0.0320855
0.00611092
0
0
0.0334051
0
0.0052969
0.0120317
0
0
0
0.00582916
0.0058936
0
0.00521413
0.00505196
0.0058936
0.005531
0.00545996
0
0.0119682
0.0111602
0.00571743
0.00544131
0
0.0052359
0.0179403
0.00804619
0.0412033
0.00573958
0.0114003
0.0106975
0.0221823
0.00571521
0
0.0169482
0
0.0846433
0.022425
0.00533175
0.0234581
0.693185
0.881711
0.00542351
0
0.00612299
0.0110863
0
0.017591
0
0.0608568
0
0.0103011
0.0049201
0
0
0.00542351
0
0.0119461
0
0.00690677
0.0218727
0.0670626
0
0
0
0.00568285
0.0120485
0.00574411
0.0182904
0.028037
0.00627261
0.0118199
0.0169892
0
0
0
0.0194637
0
0.0418825
0.00854511
0.00525065
0.987397
0.0140838
0.00523977
0.00707415
0.00509675
0
0.00873099
0.00559236
0.00650489
0.00583903
0.0238644
0
0.00586031
0.00526817
0.00524007
0
0.0056347
0
0
0.0113476
0.0160021
0.0058936
0.00554321
0.00545996
0.0056347
0
0.0054276
0.0173529
0.00528444
0
0.0118381
0.0060595
0.00563438
0.0219204
0.00492795
0.0162755
0.00598132
0
0.0541054
0.00526523
0.00586343
0.027196
0.0108146
0.00492795
0.310137
0
0.0393989
0.00504393
0.0383843
0.00572877
0
0.997836
0.847157
0
0.00544131
0.00547108
0.00551618
0
0.0333809
0.0213515
0.0134726
0
0
0.0265372
0
0.010439
0
0.00591354
0.0166168
0.0115851
0.200624
0
0.00538089
0.00583987
0.0110322
0.0916358
0.00881835
0.0051572
0.0441562
0.00510325
0.0110322
0
0.0276233
0
0.121991
0.0051991
0
0.00524007
1.00556
0.005701
0.0365073
0.0149612
0.0113032
0
0.00550292
0.00497919
0.00884935
0.00597709
0.00537741
0.031236
0
0.00976854
0.01057
0.0113134
0
0.00523225
0.00590054
0
0.011085
0.00537122
0
0
0.00577938
0.00612446
0
0.0115069
0.120958
0
0.0444051
0
0.00537122
0.00618943
0.00885209
0.00616644
0.980028
0.00488163
0
0
0.00591878
0.00749843
0.046064
0.0071576
0.0117044
0
0.0052489
0
0.0110747
0.0174963
0.0144017
0.00603804
0.141349
0
0.00497773
0.0110507
0.0163309
0.0627587
0.0113153
0
0.00558739
0
0.0154534
0.00545996
0.00559078
0.0360553
0
0.0615268
0
0
0.0204748
0.00537741
0.0092806
0
0.00506305
0
0.00583036
0
0
0.00506305
0.00535323
0
0.0118922
0.0106201
0
0.0379918
0.0327614
0.0052489
0
0.00593787
0.562377
1.32961
0.00553293
0.0049201
0.00605315
0.022515
0.0429936
0
0.00498708
0.00670471
0.00584014
0
0.103414
0.0109546
0.0681249
0.00552666
0.00511305
0.00559078
0.00583987
0.0169598
0.0427317
0.00626836
0
0
0.00940254
0
0
0
0.0165288
0
0
0.00515615
0
0.00590432
0.00576956
0.167014
0.00576956
0.00593484
0.0210861
0.126699
0.661812
0
0
0.0337188
0
0.00779091
0.022515
0.00525669
0.0583987
0.00593156
0.0242065
0
0.00593165
0
0.00593156
0.00911682
0.0172835
0
0.0336441
0
0.0350392
0.00593156
0.135872
0.00884935
0.0164123
0
0
0
0.00506162
0.00596049
0
0.00572793
0
0
0
0
0
0
0
0
0.306179
0.417659
0
0.014562
0.0160594
0
0
0
0.0436859
0
0
0.00607862
0
0.00579475
0.00553459
0
0.00566933
0.00564203
0
0
0
0
0
0
0
0
0
0
0.00590582
0
0
0
0
0.207513
0.0177381
0.00586839
0
0.00886906
0.0120097
0.0116506
0
0.0483281
0
0.00591841
0
0
0.0338327
0.0060882
