0.0157772
0.0477222
0.123147
0.144917
0.316269
0.00534623
0.00949634
0.29287
0.00955092
0.00777897
0.104622
0.020441
0.00428591
0.124149
0.00447878
0.020441
0.00286746
0.119533
0.0469138
0.0169529
0.00286746
0.0220466
0.0584354
0.0220888
0.00286746
0.0126863
0.132466
0.00440947
0.13163
0.00235629
0.130816
0.0169972
0.125404
0.125404
0.00746459
0.00109877
0.0246239
0.0658431
0.00177509
0.00349932
0.0149859
0.00554014
0.00581161
0.00188307
0.0285141
0.0173672
0.00488945
0.000943785
0
0.017113
0.0210391
0.00740667
0.000943785
0
0.0117506
0.00217899
0.0121806
0.00363289
0.000943785
0
0.00558521
0.00217899
0.0742987
0.00230239
0.00217899
0.0742987
0.00230239
0.00217899
0.0394732
0.0082217
