0.0236342
0.562118
0.538379
0.224471
0.00979146
0.0274249
0
0.0433143
0
0.014239
0.477522
0
0.0188975
0.0572328
0.0480908
0
0.944426
0
0.00883398
0.00922398
0.014239
0.0150605
0.382576
0
0.0101053
1.00526
0
0.00993167
0.017321
0.248343
0.0150605
0.393081
0
0.0101053
0
0.742272
0
0
0.0199952
0.008097
0.138947
0.0150605
0.308964
0.442484
0
0.008097
0.161177
0.0150605
0.224381
0.652142
0.008097
0.203117
0.175971
0.0131348
0.541782
0.008097
0.0100955
0.17615
0.0497561
0.175971
0.0184267
0.00901633
0.0428855
0.013128
0.362612
0.0085119
0.034572
0.038835
0.00841377
0.00696573
0.0168287
0.0100955
0.175922
0.0184399
0.132357
0.194324
0
0.0179116
0.0177422
0
0.0428855
0.0207141
0.51973
0.0178124
0
0.130435
0.0529076
0.00854584
0.00714756
0.020557
0.214795
0.0102389
0.0090191
0.300937
0.0456988
0.00765122
0
0.0089935
0.0100508
0
0
0.0287781
0.00685144
0.259924
0.0328991
0
0.0145211
0.160972
0.0348242
0.0167685
0.00714756
0.0630882
0.0787346
0.0220998
0.616819
0.0273386
0.0083704
0
0
0.0197889
0.0147423
0
0.280959
0.0841307
0.17085
0.0348242
0.00793415
0.00714756
0.0329549
0.194692
0.0220998
0.600607
0.0175442
0
0
0.0100508
0.0293243
0
0.0659039
0
0.0841307
0.0141899
0.179731
0.00846485
0.0143084
0.020773
0.101528
0.0118609
0.439783
0.0147423
0.0584697
0.0542916
0.0141899
0.0291792
0.0143084
0.020773
0.173949
0.03482
0.0550953
0.0173969
0.0182188
0
0.0287629
0.0182188
0.0110687
0
0
0.518998
0.0100137
0.00805066
0.0182188
0.0312846
0
0.0121587
0.180261
1
0
0.00805066
0.0182188
0.0202159
0
0
0.136557
1.00001
0
0.00805066
0.0202159
0
0
0.136557
0.251354
0.00805066
0
0.0565063
0.0147701
0.00805066
0.014931
0.0273806
0.0145494
0.014931
0.0070439
0.391621
0.0110522
0.0574809
0.014931
0.0193172
0.00774052
0.00823072
0.0210561
0.0169014
0.954802
0.0502781
0.0136613
0.080523
0
0.077539
0.309687
0.0265259
0.0178606
0.00774052
0.0156667
0.0210561
0.0683828
0.997374
0.0612929
0.00738283
0.00875973
0.320005
0
0.077539
0.736308
0.0126085
0.0187826
0.0178606
0.00743602
0.0140666
0.0524034
0.592865
0.00976588
0.0599744
0.00738283
0.00875973
0.247235
0.077539
0.705783
0.0126085
0.0187826
0.00743602
0.0268912
0.105721
0.955674
0.110276
0.00875973
0.326469
0.00928347
0.266177
0.0126085
0.0187826
0.00743602
0.0268912
0.0880694
1
0.110276
0.00875973
0.326469
0
0.25196
0.0126085
0.0187826
0.0268912
0.103532
0.347048
0.120961
0.326469
0.25196
0.0338453
0.0140666
0.0672392
0.542612
0.0702144
0.206786
0.139601
0.0338453
0
0.0320106
0.605095
0.0297171
0.194997
0.113616
0.0338453
0
0.0165476
0.0431748
0.0765116
0.0581595
0.0100808
0.0146049
0.0100808
0.0146049
