0.0381962
0.0138343
0.387397
0.0520246
0.0138343
0.387397
0.0412511
0.00762996
0.0138343
0.273895
0.0702658
0.00762996
0.0166334
0.0286781
0.273895
0.0160281
0.0702658
0.0166334
0.0286781
0.273895
0.0160281
0.0702658
0.0105831
0.0166334
0.106807
0.273895
0.0160281
0.0702658
0.0105831
0.0166334
0.125585
0.273895
0.0160281
0.0702658
0.0105831
0.0166334
0.0155628
0.432824
0.273895
0.0160281
0.0702658
0.0105831
0.0166334
0.0155628
0.344654
0.273895
0.0160281
0.0702658
0.0105831
0.0166334
0.271775
0.273895
0.0160281
0.0702658
0.0105831
0.0166334
0.241623
0
0.0116684
0.062601
0.273895
0.0160281
0.0702658
0
0.031543
0.00691924
0.0253544
0.0157752
0.217655
0.0283428
0.0116684
0.182684
0.294189
0.0160281
0.0811898
0
0.00940489
0.0412203
0.014627
0.0617085
0.0157752
0.199671
0.0258564
0.0352588
0.0206198
0.0116684
0.789714
0.294189
0.0576295
0.141837
0.0141842
0
0.00940489
0.0134576
0.156486
0.0223695
0.131208
0.0546552
0.493604
0.0258564
0.0560645
0.0352588
0.0185945
0.0206198
0.0116684
0.998237
0.333545
0.119436
0.223342
0.0123647
0.0337541
0.0178571
0.0268574
0.186434
0.0298399
0.0298217
0.236079
0.0833903
0.90358
0.0265664
0.0770573
0.0178326
0.0339885
0.00753661
0.00681195
0.0116684
0.0146101
0.992245
0.312147
0.178766
0.232985
0.0123647
0.0337541
0.0271105
0.0119304
0.0133998
0.154481
0.0142428
0
0.0229024
0.327428
0.0139306
0.134475
0.9876
0.0136025
0.0258406
0.0757797
0.0241252
0.00753661
0.0197235
0.020999
0.0116684
0.461639
0.353225
0.148417
0.196363
0.0123647
0.0700089
0.0178571
0.0133998
0.164818
0.0451222
0.0450928
0.0074987
0.31482
0.0139306
0.149468
0.902399
0.0260809
0.0266877
0.0651894
0.0241252
0.0197235
0.0290386
0.0116684
0.607721
0.0974009
0.148474
0.176226
0.0283374
0.0806654
0.0178571
0.0283727
0.144515
0.0451222
0.0296114
0.297216
0.0441538
0.194471
0.882891
0.0403745
0.0266877
0.0648202
0.0241252
0.0290386
0.0116684
0.805977
0.117799
0.16279
0.157392
0.0283374
0.0585509
0.00845222
0.0283727
0.155488
0.0286111
0.0364158
0.00737423
0.289796
0.0139306
0.0077471
0.23078
0.901872
0.0403745
0.0266877
0.00908361
0.0648202
0.0355822
0.0290386
0.0116684
0.575396
0.0803931
0.132446
0.127802
0.0138232
0.0839866
0.0171421
0.0283727
0.13475
0.0286111
0.043721
0.00737423
0.243256
0.0139306
0.0077471
0.27489
0.883284
0.0667677
0.0266877
0.00908361
0.0741528
0.0360123
0.00670609
0.0214353
0.0116684
0.292956
0.0397807
0.00674982
0.162687
0.117429
0.0398689
0.0703661
0.0168576
0.0573026
0.134232
0.0434666
0.00739782
0.049466
0.0144615
0.0162901
0.266451
0.043323
0.0077471
0.318738
0.916809
0
0.0794908
0.0266877
0.0179102
0.0223713
0.0741801
0.0662217
0.0132498
0.0355189
0.0116684
1.01346
0.0397807
0.013169
0.208048
0.0788561
0.0138232
0.0578578
0.00839599
0.0428345
0.112857
0.0425488
0.0358215
0.0216451
0.0685928
0.289758
0.0135472
0.0285539
0.42046
0.425317
0.0107989
0.0389804
0.0174833
0.0179102
0
0.0642313
0.0557601
0.00706785
0.0498326
0.0116684
0.60797
0.0202941
0.013169
0.235648
0.0311769
0.0138232
0.0361227
0.00921991
0.0954218
0.0822068
0.0139267
0.00767757
0.0291357
0.035406
0.136645
0.299423
0.042052
0.0216371
0.570297
0.334007
0.0263932
0.00882658
0.0241673
0.0564352
0.0330811
0.0141553
0.0359422
0.0116684
0.341718
0.00674982
0.262051
0.0207874
0.0138232
0.012889
0.109909
0.0605809
0.0139267
0.00767757
0.0223937
0.0357582
0.102975
0.196427
0.0277508
0.0338263
0.672125
0.244307
0.0136257
0.00882658
0.0129403
0.0564352
0.0229248
0.0138735
0.0288151
0.0116684
0.0714
0.00674982
0.16347
0.0207874
0.0138232
0.012889
0.13987
0.0201995
0.0139267
0.0154099
0.0223937
0.0218507
0.0506365
0.16368
0.0277508
0.00668801
0.668091
0.167151
0.0136257
0.00882658
0.0129403
0.0270154
0.0122015
0.00706785
0.0218351
0.0116684
0.184459
0.137619
0.0207874
0.0138232
0.012889
0.127012
0.0312717
0.0223937
0.0218507
0.175757
0.0277508
0.00668801
0.50615
0.148651
0.0260118
0.00798952
0.0243257
0.0181436
0.0172096
0.0122015
0.00794166
0.0116684
0.615974
0.154953
0.0306358
0.0138232
0.012889
0.0858342
0.0215252
0.0300718
0.0284541
0.187724
0
0.427434
0.11981
0.0396753
0.00798952
0.0084047
0.0344667
0.0285009
0.0122015
0.0482831
0.0116684
0.422693
0.259221
0.0102907
0.0138232
0.0252551
0.128154
0.0215252
0.0150656
0.0284541
0.0880732
0.170842
0
0.449795
0.128384
0.0662616
0.0164731
0.0344667
0.0181436
0.0122015
0.0482831
0.0116684
0.298653
0.288083
0.0102907
0.0364414
0.0116591
0.129456
0.0150656
0.00660341
0.0880732
0.147305
0.628087
0.0648661
0.052598
0.00848363
0.0466537
0.00909204
0.0122015
0.0482831
0.274521
0.301542
0.012366
0.114413
0.0107269
0.0152424
0.00806354
0.0214898
0.00660341
0.0880732
0.0855031
0.629418
0.054381
0.0389723
0.0466537
0.02005
0.0482831
0.261522
0.301542
0.0229937
0.0850284
0.0152424
0.0225735
0.00660341
0.117765
0.0860094
0.66023
0.0680221
0.0531933
0.0466537
0.0101337
0.0402057
0.261522
0.345658
0.13046
0.0152424
0.00767802
0.00660341
0.141973
0.246281
0.695166
0.0679472
0.0531933
0.0466537
0.0402057
0.261522
0.345658
0.13115
0.00767802
0.00660341
0.141973
0.209438
0.0148916
0.587889
0.0581533
0.0675023
0.0466537
0.0239841
0.235391
0.377122
0.116103
0.0152851
0.00660341
0.123957
0.191919
0.172388
0.0579843
0.0675023
0.0466537
0.235391
0.285407
0.11598
0.00767802
0.00660341
0.106839
0.0768385
0.0150978
0.0960645
0.00857406
0.0675023
0.0466537
0.0412067
0.235391
0.0360242
0.330023
0
0.0586507
0.158476
0.00825056
0.0225461
0.00660341
0.31601
0.0579842
0.115001
0.017925
0.0675023
0.0089424
0.0466537
0.0811596
0.00781707
0
0.235391
0.049593
0.405735
0
0.291211
0.260564
0.0240426
0.0293754
0.00660341
0.495208
0.0476685
0.00756225
0.278593
0.0371223
0
0.0389723
0.0176517
0.0089424
0.0581893
0
0.0115759
0.162382
0.044774
0.00770692
0.24852
0.0858734
0.405852
0.0143318
0.698687
0.0110975
0.376663
0.120597
0.0296512
0.0142353
0.93854
0.0470969
0
0.014378
0.357147
0.0639433
0
0.0810409
0.0176517
0.0089424
0.0822265
0
0
0.141807
0.044774
0.00770692
0.236254
0.0206132
0.12114
0.525642
0.0276377
1.00711
0.432474
0.0109637
0.0148293
0.105355
0.0370472
0.0350746
0.880101
0.0383287
0
0.0741308
0.677311
0.072858
0
0.0933893
0.0176517
0.0089424
0.0828876
0
0.0119107
0.103834
0.044774
0.0157747
0.224239
0.0206132
0.126288
0.691946
0.0422869
1.00282
0.46261
0.0109637
0.0148293
0.13701
0.0438482
0.0279573
1.01659
0.0197189
0
0.110806
1.00131
0.101366
0.104691
0.0345799
0.0089424
0.0704359
0.0292098
0
0.022243
0.0135932
0.12428
0.0378279
0.0157747
0.25017
0.0693717
0.481548
0.0104726
0.0422869
0.766668
0.389792
0.0109637
0.138852
0.0510473
0.0136821
1.02338
0.0197189
0.014353
0.110596
0.953513
0.0649919
0.163213
0.0387361
0.0177679
0.0953526
0.0398055
0.0172959
0.022243
0.102848
0.00781707
0.222713
0.0824638
0.550684
0.0104726
0.0276377
1.01812
0.715297
0.0208424
0.129662
0.0298136
1.01637
0.0197189
0
0.0867958
0.44878
0.0556409
0.175736
0.0265862
0.0953526
0.0172959
0.022243
0
0.11177
0.082939
0.444434
0.0104726
0.0131574
0.982851
0.603906
0.0208424
0.086191
0.0213803
0.962951
0.0197189
0
0.0640912
0.37287
0.0566266
0.186592
0.0265862
0.00844687
0.0594971
0.0119107
0.074774
0.0752899
0.367101
0.0104726
0.0131574
0.951423
0.533506
0.0208424
0.0464705
0.0137023
0.761824
0.0141284
0.057198
0.365468
0.027847
0.233397
0.0265862
0.0181684
0.00844687
0.0597387
0.0384339
0.0682303
0.134047
0.0104726
0.855299
0.447098
0.0098787
0.0162363
0.00648561
0.563962
0
0.0575478
0.161775
0.00854769
0.246927
0.0272506
0.0354971
0.0255649
0.10523
0.0740005
0.868561
0.390883
0.0098787
0.0162363
0.00648561
0.572768
0
0.0506394
0.154045
0.00854769
0.259074
0.0272506
0.0354971
0.0129398
0.0855327
0.0584359
0.389275
0.351113
0.0162363
0.00648561
0.520132
0
0.0432457
0.146087
0.0175269
0.0713544
0.0123296
0.00711198
0.0786324
0.0442706
0.1722
0.143356
0.0132061
0.00657388
0.444246
0
0.0435595
0.065785
0.00897925
0.0362563
0.00874191
0.0141815
0.0942213
0.0136124
0.125673
0.0421596
0.00657388
0.336938
0
0.0218571
0.0288494
0.0178794
0.0141815
0.108613
0.0136124
0.140717
0.0297593
0.0100745
0.304573
0
0.0482204
0.00704301
0.0120765
0.0444684
0.0141815
0.141445
0.0136124
0.276338
0.18463
0.0100745
0.632846
0
0.106935
0.0139642
0.00866543
0.0120765
0.0528051
0.0108276
0.0141815
0.0907785
0.508353
0.169949
0.0100745
0.00805475
0.724898
0.159933
0.0139642
0.00866543
0.0108276
0.0571048
0.0135065
0.244738
0.43849
0.0181169
0.500576
0.0289176
0.00866543
0.0993343
0.1843
0.546479
0.00713239
0.0720374
0.0740243
0.132872
0.27088
0.0435632
0.163272
0
0.166233
0.0883481
0.0449788
