0.00644886
0.0308936
0.52982
0.487946
0.162033
0
0.0123599
0.0385699
0
0.0174903
0.00789048
0
0
0
0.029919
0.0106107
0.0620785
0.00864635
0.0949341
0.00756576
0.0123611
0.0946206
0.00720912
0.0181141
0
0
0.471095
0
0.0188801
0.0878805
0.0106
0.0122379
0.217632
0
0.0176599
0.00727869
0.152078
0.0208701
0.0123611
0.363555
0
0.0362287
0.0131586
0.0385917
0
0.986648
0.00829305
0.05574
0.131524
0.0106
0.0130779
0.0122379
0.330975
0
0.00864635
0.00727869
0.392468
0
0.0208701
0.0267641
0.702722
0.0287124
0
0.0181141
0.0131586
0
0
0
0.990382
0.00834247
0.072456
0.144462
0.0106
0.0280621
0.0122379
0.381481
0
0.0171508
0.00727869
0.505791
0.00683241
0.0390421
0.0416388
0.779165
0.0287124
0
0.0181141
0.0131586
0
0.452243
0.0243034
0.060502
0.0985547
0.0122379
0.00814989
0.301345
0
0.0602554
0.0138124
0.573705
0.0390421
0.0679442
0.629896
0.0287124
0.0131586
0.817069
0
0.0517022
0.0813194
0.0109698
0.0149037
0.0122379
0.00814989
0.242958
0.0423185
0.0138124
0.420561
0.0390421
0.066461
0.59472
0.00852612
0.0287124
0.0131586
0.0175801
0.0156727
0
1
0.00761194
0.00910939
0.0892063
0.139313
0.011033
0.0122379
0
0.277494
0.00756643
0.025039
0.0138124
0.552135
0.018172
0.0934175
0.576072
0.0171037
0.0287124
0.0367078
0.0340814
0.0156727
0
0.833745
0.00761194
0.00910939
0.0892063
0.126481
0.011033
0.0122379
0
0.259848
0.0162125
0.476688
0.0562074
0.188597
0.591941
0.0171037
0.0559983
0.00641016
0.0361029
0.0363477
0.0367078
0.0692444
0.0326471
0
0.437243
0.00761194
0.00910939
0.0988743
0.09979
0.011033
0.0150632
0.0363039
0
0.189326
0.0316021
0.0129063
0.598752
0.0760517
0.322506
0.541274
0.0171037
0.0295203
0.00641016
0.0113107
0.0708292
0.0235492
0.117595
0.0869314
0.0148525
0
1.00052
0.0148264
0.00910939
0.0913093
0.087835
0.011033
0.0150632
0.0357754
0
0.145983
0.0326941
0.00616778
0.630373
0.0208954
0.0962855
0.52415
0.287224
0.0157107
0.0563486
0.0351036
0.0358424
0.0511306
0.0121282
0.101579
0.105101
0.0217854
0
0.477933
0.0163692
0.0182713
0.0821665
0.0742593
0.0150632
0.0357754
0
0.00721134
0.119568
0.032778
0.0200123
0.0131203
0.511118
0.0196055
0.115686
0.748123
0.227618
0.0417333
0.0351036
0.0115407
0.0706113
0.0121282
0.0678705
0.121842
0.0291015
0
0.394841
0.00761194
0.0182713
0.0712312
0.0743181
0.0288495
0.0357754
0.0149014
0.0467419
0
0.0164816
0.00621268
0.0136286
0.339166
0.134665
0.773723
0.112371
0.0081591
0.0351036
0.0194807
0.0121282
0.0523216
0.0166133
0.0144748
0.0770118
0.00761194
0.0182713
0.0544959
0.0447707
0.0150632
0.0148324
0.0245129
0
0.00621268
0.0136286
0.186063
0.0778784
0.849903
0.0866783
0.0351036
0.0187205
0.0121282
0.0349649
0.0182897
0.0158404
0.0144196
0.00761194
0.00910939
0.0544959
0.0298487
0.0147512
0.00721134
0
0
0.0136286
0.185807
0.0586902
0.411319
0.0529093
0.0187205
0.0121282
0.00811761
0.0156781
0.00910939
0.0637101
0.028881
0
0
0.0137808
0.202182
0.235838
0.0451137
0.0187205
0.0165031
0.00910939
0.0634244
0.0153328
0
0.00788612
0.0137808
0.185807
0.00680506
0.250259
0.0436851
0.0130884
0.0187205
0.0165031
0.0282619
0.0115783
0
0.0166942
0.00650758
0.0137808
0.148858
0.331407
0.0357599
0.0192359
0.00811761
0.0381083
0.00824005
0.011263
0.0072037
0.0244383
0.0137808
0.128521
0.0399188
0.121641
0.0357599
0.0165417
0.00811761
0.0553257
0.013048
0.0166928
0.0241994
0.0072037
0.00835429
0.0244383
0.0346526
0.202527
0.0575919
0.741953
0.043782
0.0165417
0
0.0642554
0.013048
0.0633982
0.011263
0.00835429
0.00901226
0.00619562
0.0769106
0.554807
0.0399188
1.00012
0.0519844
0.0165417
0
0.0469094
0.013048
0.0415504
0.00835429
0.00619562
0.0629962
0.512984
0.0187717
0.987884
0.0338359
0.0183867
0.0247265
0.0169554
0.0344671
0.354053
0
0.46558
0.0172195
0.00892966
0
0.0166253
0
0.0906355
0.041514
0
0.0124102
0.00946558
0.00892966
0.027982
0.015253
0.00828301
0
0.0369554
0.0289274
0.0124102
0.0168891
0.0278388
0.053941
0.0698892
0.0317182
0.00828301
0
0
0
0.0583459
0
0.0136668
0.061335
0.0124128
0.0521095
0.0309261
0.0278388
0.0370446
0.578933
0.0391727
0.0406169
0.0163157
0.00738911
0.139321
0
0.0415258
0.232805
0.0255666
0.00783769
0
0.0738039
0.0124128
0.0521095
0.0157434
0.0160805
0.102416
0.155672
0.0103499
1.00726
0.133438
0.0119057
0.0805991
0.00752222
0.0140495
0.214102
0
0.100471
0.711817
0.0513413
0.00783769
0.028876
0.0738039
0.0124128
0.0526216
0.0481918
0.0160805
0.110342
0.293564
0.0217486
1.0062
0.0129537
0.190269
0.0119057
0.0720601
0.00752222
0.0140495
0.347207
0
0.0149881
0.0986647
1.00193
0.033307
0.0156865
0.028876
0.0849788
0
0
0.0526216
0.0481918
0.0473211
0.083384
0.230511
0.0217486
0.837497
0.0129537
0.119612
0.0119057
0.0953834
0.0151666
0.0208851
0.325948
0
0.00755565
0.136358
0.985194
0.0256628
0.0240104
0.028876
0.034204
0
0.0188204
0.0196959
0.0461805
0.0293585
0.0716752
0.238808
0.0225407
0.990187
0.0383801
0.14506
0.024558
0.0799435
0.0151666
0.0206657
0.248548
0.00755565
0.0962574
0.518811
0.00808271
0.00784883
0.028876
0.0468329
0
0.0188204
0.0196959
0.030437
0.0293585
0.0534257
0.209766
0.0111419
0.989422
0.0254264
0.122896
0.024558
0.00855042
0.0863662
0.0233927
0.0206657
0.235396
0.00755565
0.0962574
0.504719
0.00808271
0.0085037
0.027765
0.0468329
0
0.0188204
0.030437
0.00776302
0.0147672
0.0542176
0.210001
0.62062
0.0254264
0.131973
0.024558
0.00855042
0.0546225
0.0157483
0.0142246
0.187292
0.135679
0.462041
0.00808271
0.0172496
0.027765
0.0245776
0.030437
0.00776302
0.00798187
0.0147672
0.0449653
0.104341
0.870789
0
0.0922339
0.0119057
0.00855042
0.0470707
0.016955
0.00738911
0.141951
0.154193
0.266107
0.00808271
0.0341281
0.0133165
0.0126289
0.0161144
0.00776302
0.0308114
0.0366093
0.066383
0.0111419
0.877568
0
0.100566
0.0248783
0.0305253
0.00872894
0.0877568
0.195959
0.252717
0.00808271
0.0341281
0.0133165
0.0119983
0
0.0160442
0.0087586
0.045643
0.047271
0.363038
0
0.0855617
0.0232376
0.0238198
0.0874522
0.0969193
0.165822
0
0.0133165
0.0160442
0.00947622
0.100466
0
0.00744526
0.0119057
0.0076054
0.00781796
0.019834
0.0212937
0.0554001
0.0133165
0.00744526
0.0076054
0.00693916
0.0424072
0.0263355
0.0133165
0.0165848
0.00693916
0.0633072
0.0148033
0.118758
0.0165848
0.020659
0.0812363
0.0148033
0.00884596
0.470294
0.0165848
0.020659
0.102688
0.0128547
0.0148033
0.0170204
0.133469
0.00838456
0.00694535
0.582616
0.0128547
0.0177543
0.0157313
0.00838456
0.00694535
0.179579
0.00817449
0.0157313
