0.00337274
0.672888
0.64979
0.0197356
0.00257144
0.0134202
0.233401
1
0.528616
0.833942
0.231161
0.372022
1
0.311117
0.342159
0.528958
1
0.250928
0.901146
0.1965
0.0561334
0.109336
0.00299017
0.0295642
0.0987759
0.00296702
0.0671439
0.784904
0.111132
0.994541
0.0059168
0.0373792
0.00589296
0.00260682
0.0912664
0.0128773
1.04751
1
0.217478
0.00913677
0.00913417
0.0299797
0.0122295
0.0211877
0.0703669
0.557465
0.040056
0.0210664
0.0276385
0.0135835
0.0796578
0.786186
1.05043
0.119384
1
1
1
0.496944
0.807024
0.225893
0.525954
0.560026
0.211239
0.279586
1
0.183125
0.903943
1
1
0.317888
1
1
0.514343
0.409352
0.010282
0.00852575
0.00924999
1
0.00370696
0.00439547
0.0774263
0.00973942
0.00745795
0.898992
0.0077349
0.0071937
0.00373413
0.00249467
0.0380099
1.00558
0.713205
0.00289484
0.00263169
0.00303692
0.00296308
0.00352441
0
0.00528128
0.0349853
0.0175819
0.00312301
0.990368
1.00637
0.00248432
0.0124008
0.0983928
1.00205
1
0.00547927
0.00616772
0.0061371
0.00234991
0.0026853
0.00246709
0.00570889
0.00286283
0.0026689
0.116319
0.00246709
0.999999
0.0251559
1.01512
0.659825
0.00266252
0.0539035
0.0246709
0.00256935
0.00672843
0.00256935
0.092773
1
0.0125585
0.00320101
0.00265445
0.405821
0.180963
0.127842
0.215631
1
0.409127
0.552041
0.234463
0.719975
1.04971
0.544762
0.493461
0.665921
1
0.286658
1
0.267635
0.0103889
0.0628727
0.234283
0.341437
0.0305842
1.00761
0
0
0.0752823
0.0162201
0.202256
0.0435775
0.963664
0.982114
0.46748
0.0239359
0.215803
0.00602158
0.0217943
0.0277255
0.0245505
1
0.00822525
0.0234525
0.00839507
0.00825018
0.754354
1.0491
0.252833
1.04645
1
1
0.255339
0.331192
0.0595993
1.00467
0.120386
0.848975
1.01187
0.721368
0.333691
0.162095
0.613623
0.0844404
0.486582
0.340767
1
0.0498772
0.00521602
0.00803856
0.108611
0.495184
0.00261665
1.02391
