0.00856078
0.167325
0.226412
0.117722
0.034966
0.0822103
0.0106636
0.00673555
0.174659
0.0596745
0.0274067
0.130536
0.126938
0.0540277
0.0274067
0.0771145
0.643634
0.840887
0.207774
0.206883
0.48389
0.263379
0.0391051
0.162717
0.0182268
0.00763236
0.00768757
0.00816718
0.028416
0.00785582
0.00880729
0.184536
0
0.00642583
0.0156326
0.0117025
0.0409134
0.123635
0.00771661
0.00880729
0.218109
0.0166367
0.0633981
0.250543
0.00771661
0.0124373
0.00848557
0.0280927
0.0522458
0.0268905
0.174899
0.327845
0.216453
0.00918446
0.027778
0.0405917
0.225807
0.10003
0.0807888
0.0824047
0.128663
0.0925277
0.05344
0.393463
0.440662
0.0971525
0.0254616
0.0764995
0.0254616
0.0384492
0.0254616
0.0216962
0.0254616
0.0129486
0.00961332
