0.00690119
1.36086
0.00523419
0.0260069
1.32958
0.0399137
0.233401
1
0.076568
0.120793
0.0255167
0.201218
1
0.168275
1
0.984743
0.871932
0.467144
1
0.409485
0.122738
0.0055822
0.0168192
0.110884
0.00553898
0.0381985
0.794506
0.24841
1.00671
0
0.00569725
0.0334671
0.00295484
0.00339413
0.00273136
0.0817145
0.0212133
0.947381
0.0134174
0.244359
0
0.00299794
0.0343677
0.00312247
0.00910439
0.0027505
0.135493
0.692854
0
0
0.00306857
0
0
0
0.0112501
0.00464532
0.043926
0.727292
0.935873
0.00306678
0.0244494
1.02123
0.129877
0.0197511
0
0.0429467
0.0174115
0.0994067
1.08789
0.989544
0.98695
0
0.986546
0.379813
0.00310125
0
0
0.0112501
0.0464631
0
0.00314679
0.0941186
0.616807
0.0536906
0
0.0216824
0
0.959739
0.708689
0
0
0.00613846
0.00289545
0.0246444
0.00377667
0.107579
0.754599
0.34343
0.0628987
1.00169
1
0
0
0
0
0.00919253
0.00464532
0
0.0391811
0.656095
0.975894
0.0106704
0.00783955
0.0024904
0.0235186
0.0102191
0.0141396
1
1
0.00783955
0.00783955
0.00764082
0.00579094
0.0182245
0.317888
1
0.216763
0.00258066
0.00399805
0.00270131
0.0223802
0.0114199
0.00258344
0.0357466
0.0332235
0.0053563
0.0368342
1
0.0153968
0.978009
0.0157182
0.0140836
0.0153126
0.0056952
0.00775215
0.00263057
0.00694865
0.00277946
0.00463244
0.0144983
0.00277946
0.0334398
0.00684058
0.00301307
0.00279024
0.00267127
0.00578118
0.00549026
0.0302547
0.023736
0.00279024
0.00297785
0.0069756
0.0318353
1.03461
0.00271345
0.00617218
0.00278945
0.00301105
0.00567008
0.0128252
0
0
0
0.00258066
0.0034496
0.0143992
0.0242444
0.0564445
1.0109
0.0401137
0
0.00275782
0
0.00377641
0.00287984
0
0
0.00833839
0
0.164891
0.00536514
0.00416919
0.0646511
0.0027225
0.00283278
0.0517455
0.0136607
0.0502866
0.0134805
0.00249559
0.00279024
0.124002
0.0150571
0.252007
0.979785
0.00687517
0
0.0143593
0.00250021
0.0586233
0.00280253
0.0025957
0.00564555
0.00687451
0.0103442
0.00270711
0.0618475
1
0.709469
0.80131
0.00262728
0.00302236
0
0.00280673
0.00507054
0.0172955
0.00542845
0.0242171
0.00288123
0
0.00538767
0.0348191
0.0109196
0.0731177
0
0.00267127
0.028916
0.0175392
0.992351
1.0011
0.00249951
0.00250092
0.0129878
0
0
0.00277042
0.00279024
0.0132487
0.068749
0.983875
1.00026
0.176686
0.00287407
0
0.011604
0.00298938
0.00279538
0.0236026
0.0130461
0.00272813
0.00551543
0.0487461
0.022314
0.997826
0.0347712
1.00343
0.659999
0.00250692
0
0
0.00542138
0.00279024
0.0665429
0.0427021
0
0
0
0.00329144
0.00555188
0.00275551
0.11691
0
0.0283017
0.00811413
0
0.00836853
0.118833
0.00253021
1.00062
0.00543534
0
0
0.00287984
0
0.00271173
0.00291916
0
0.00395626
0
0.00261091
0.00499854
0
0.0543072
0.0094629
0
0.0754361
0.00279024
0.709816
0.00313199
0.00279024
1.00117
0.021924
0.00282802
0.00372387
0.0052271
0.0148592
0.0113393
0.0129713
0.00639488
0.0049958
0.0101202
0.00534688
0.0049958
1.00075
0.00595258
0.0293613
0.373435
0.00589138
0.175903
0.0374377
0.0030996
0
0.206014
0.955401
0.0411782
0.0297177
0.00301597
0
0.00330197
0.660067
0.890638
0.452927
0
0
0.00552786
0.00299934
0.0552285
0.828614
0.974364
0.0031174
0.626963
0.970952
0.00303668
0.00299934
0.0111585
1
0.88655
0.430469
1
0.00309854
0
0.612941
0
0.0620766
0.00557931
0
0.231317
0.0222963
0.337114
0.230028
0.99485
0.00263441
0.00688914
0.00551086
0.0711823
0.00636563
0.00282336
0.00266422
0.191241
0.0183754
0.974543
0.0558062
0.491143
0.00310514
0.00990591
0.02599
0.00307396
0.0146055
0.00292441
0.00935741
0.00405242
0.00701388
0.0436185
0.0186947
0.434602
0.0119032
0
0.00277408
0.0104395
0.0165403
0.00884318
0.0325616
0.00989788
0.00593455
0.00292084
0
0
0.0257429
0.00284646
0
0.00291449
0.0165992
0.461575
0.975069
0.0245326
0.010696
0
0
0.0027137
0.00250623
0.00700276
0
0.0389132
1.04158
0.0498529
0
0
0.00252455
0
0
0
0.00295943
0
0
0
0.0110821
0.010872
0.00307144
0.057593
0.00371613
0
1
0.992308
0.975029
0.00560873
0.00290325
0.00277408
0.00759233
0.0552542
0.939435
0.505704
0.00291374
0.0242319
0
0
0.00574285
0.00257633
0.0156912
0.655932
0.117942
0.97208
0.00609306
0.0147295
0
0.676345
0.775761
1.02974
0.00640941
0
0.00291078
0.00844061
0.00396773
0.0712891
0.00518935
0.0288798
0.00496386
0.014056
0.241453
0.659159
1.01759
0.00286096
0.0187188
1
1.01294
0
0.00580586
0.00458262
0.00694353
0.520932
0.999108
0.00250623
1
1
0.0170942
0
0.18589
1
0.00801248
0.00295016
0.0139308
0.00295054
0.00293184
0.213622
0.0138465
0.054121
0.0823083
0.0186756
0.00570985
0.106669
1.00836
0.0203892
0.0136695
0.00564647
0
0
0.00273546
0.00672962
0
0
1.00559
0.00250623
1.01496
0.95448
0.626947
0.0135595
0.036307
0.00568638
0.0162219
0.919643
0.0578978
0
0
0.00268204
1
0.229929
0.0029444
0.022977
0.00304725
0.0167935
0.163574
0.022138
0.00286215
0.00257579
0.00297897
