0.0920036
0.0697799
1.0091
1.32561
0.359706
0.481001
0.00969233
0.0336521
0.0080614
0.988963
1
0.521385
0.600198
0.0034341
0.00188767
0.00298793
0.0111843
1.00329
0.393559
0.185404
0.0149828
0.00274406
0.0081427
0.0135358
0.00272281
0.0184931
1.01124
0.689283
0.0579343
0.0804119
0.0577009
0.203355
1.00023
0.69257
0.317231
0.00845688
0.0191685
0.0869658
0.0026459
0.0654615
0.0165179
0.316378
0.019028
0.0727011
0.998069
0.716167
0.526399
0.0788042
0.025607
0.00267449
0
0.0927891
0.0846798
0.0197452
0.0115183
0.992845
0.00897689
0.00556724
0.0075696
0.00527035
0.0170696
0.781556
0.00384106
0.177241
0.00256695
0.00849029
0.00530849
0.0812722
0.0128414
0.00543037
0.0574992
0.00562026
0.42806
0.843507
0.483545
1.00862
0.0714088
0.742474
0.0788214
0.00536625
0.0164456
0.083259
0.0128867
0.00542516
0.108732
0.998501
0.966693
0.985024
0.014806
0.00851311
0.00784716
0.00558071
0.00661054
0.00874521
0.0225536
0
0.115291
0.0720568
0.00328358
0.00275785
0.0539412
0.00748728
0.00610374
0.024386
0.0517503
0.00846182
0.055937
0.0179406
0.00296901
0.0112949
0.0158943
0.0119728
0.00584024
0.0133539
0.00685733
0.00304974
0.00350329
0.00671742
0.0178617
0.00916461
0.0029232
0.00789217
0.00303517
0.0114557
0.00579432
0.0948468
0.987588
0.00286789
0.0758385
0.020572
0.0354098
0.981384
0.0709022
0.0135976
0.00283494
0.026315
0.00285818
0.00290293
0.894504
0.727455
0.119226
0.208652
0.0348629
0.799549
0.0188
0.0236418
0.00851397
0.0185775
0.0880965
1.01693
0.143239
0.977452
0.0213998
0.0833305
0.0547747
0.0212248
0.223879
0.991864
1
0.00250751
0.992189
0.99114
0.0138952
0.115353
0.00311849
0.00278619
0.0686723
0.0138331
0.576254
1.00156
1.0057
0.967511
1.01219
0.00822871
0.00814241
0.0171998
0.162669
0.0332984
0.0135981
0.388308
0.985123
0.908027
1
0.229428
0.999447
0.0812345
0.00264668
0.078453
0.0814808
0.997982
0.884084
0.0399426
1.00734
0.0138961
0.0297955
0.0162693
0.0139905
0.0858493
0.538903
0.579942
