0.075098
0.054367
0.623991
1.32361
0.166694
0.40505
0.0578843
0.00299977
0.0507486
0.0881568
0.711027
0.236824
0.650397
0.00256511
0.0151981
1.0193
0.43422
0.188694
0.00604223
0.0055127
0.0137528
0.00545867
0.00547002
0.0312343
1.02918
0.543629
0.0385018
0.0701966
0.0383466
0.171395
0.756552
0.00258951
0.391866
0.00254345
0.00254235
0.187528
0.00254345
0.00604297
0.00275121
0.0524929
0.00645566
0.00740409
0.00636429
0.0386969
0.00604125
0.298585
0.791463
0.00270227
0.00256279
0.00254345
0.872783
0.522738
0.094839
0.0026946
0.0217179
0
0
0.00246803
0.0893016
0.0951686
0.0617859
1
0.00524572
0.0054221
0.00245737
0.0026906
0
0.00270227
0.00388424
0.00762203
0.013979
0.830991
0
0.00269856
0.135062
0.0138328
0.00967485
0.00243004
0.0875099
0.00849791
0.027668
0
0.0404645
0.0112343
0.433892
0.443462
0.269123
1.00232
0.0430241
0.577961
0.0598508
0.00256304
0.00255789
0.0261643
0.095359
0.016822
0.00258597
0.16592
1.02494
1
1
0.00345841
0.0141408
0.00259945
0.0104785
0.0119754
0.00285798
0.00292871
0.0220734
0.00468646
0.00546426
0.00267362
0.00296237
0.0318363
0.0198977
0.00331927
0.00298189
0.0214405
0.00398544
0.0083256
0.0116131
0.00271002
0.0162515
0.029971
0.0105884
0.00325062
0.0116114
0.0172076
0.00282358
0.00271002
0.0411747
0.00282358
0.0058561
0.00259044
0.00264572
0.0299857
0.00282358
0.00540398
0.00265513
0.00440634
0.0119414
0.00262107
0.0107378
0.00265752
0.00282358
0.0401836
1.02008
0.0229749
0.00272871
0.0343298
0.87127
0.1015
0.0102945
0.00973859
0.256881
0.245158
0.0903817
0.0675994
0.767518
0.0136706
0.0188841
0.0165086
0.0135088
0.070368
0.976195
0.0858526
0.544071
0.055661
0.0328301
0.149541
0.552093
1
1.00735
0.778925
0.0091487
0
0.0788716
0
0.0697218
0.00910781
0.38548
0
0.755623
1
0.978982
1.01413
0.0196955
0.151343
0.0336932
0.0196812
0.367326
1
0.936046
0.973888
0.254787
0.998955
0.075013
0.0871246
0.0752404
0.995582
0.898258
0.0534399
0.977541
0.0166321
0.0196458
0.021767
0.0167451
0.0566053
0.521971
0.562784
