0.0723917
0.0549053
0.776709
0.655943
0.270929
0.389822
0.0427001
0.0331888
0.0028246
0.03269
0.00313522
0.00273442
0.975346
1
0.366236
0.934457
0.00413431
0.0244955
1
0.414908
0.18525
0.0149288
0.00538348
0.00560678
0.013487
0.0053418
0.0127337
1.0104
0.672698
0.075371
0.0596862
0.0029463
0.0750674
0.145732
0.997367
0.69938
0.361608
0.00821869
0.0906733
0.074621
0.00821635
0.329865
1.00145
0.00267946
0.777428
0.569876
0.0858143
0.0944415
0.0861126
0.0617468
0.0112801
1.00075
0.0149236
0.00287244
0.00278708
0.80505
0.151433
0.0024791
0.00256911
0.00269273
0.0914828
0.051353
0.0025877
0.46565
0.648273
0.224626
0.994387
0.0684365
0.484052
0.0024791
0.068975
0.00251739
0.00272455
0.0137269
0.145733
0.0162358
0.00275446
0.181007
1.0366
0.989376
0.933486
0.00571108
0.00257953
0.0319787
0.0365471
0.00314298
0.00615471
0.0024791
0.0532496
0.033281
0.00365168
0.0030396
0.0330712
0.00881859
0.0024791
0.0106247
0.0188824
0.00724665
0.0126578
0.00304065
0.0141939
0.00304903
0.00260042
0.0053892
0.00270225
0.0458881
0.0354611
0.00275776
0.00265964
0.0108592
0.00270385
0.00345612
0.00273627
0.0123748
0.00308711
0.0026484
0.0110585
0.00546781
0.00268138
0.0552904
1.02225
0.113811
0.0237808
0.934823
0.0341901
0.0306712
0.336712
0.0837122
0.0572559
0.786234
0.0165605
0.0197044
0.0139826
0.0163644
0.0734245
1
0.178202
0.988332
0.013987
0.0792606
0.0681447
0.0138726
0.212945
1.00291
1
0.00842255
0
1.01518
1.0019
0.0204197
0.00385815
0.00293737
0
0.103538
0.00693815
0.00619884
0.0702633
0.0262693
0.533788
0.986154
1.00385
0.0109751
0.943608
0.997679
0.0198148
0.00404345
0.00266934
0.146486
0.0324758
0.0194658
0.362104
1
0.919657
1
0.23987
1.00031
0.0776767
0.00272174
0.0820236
0.0779122
1.00347
0.884445
0.0261265
1.00896
0.0107499
0.0387998
0.0106418
0.010823
0.111793
0.529465
0.580869
