0.0123155
0.011231
0.00146554
0.00873617
0.0109121
0.00873617
0.0335096
0.0114972
0.0142308
0.00923518
0.00914383
0.00873617
0.0330716
0.3299
0.0185787
0.0580559
0.032539
0.467365
0.273457
0.161675
0.254614
0.498826
0.0226527
0.191733
0.0192472
0.0541115
0.201337
0.254614
0.405483
0.0226527
0.191733
0.0192472
0.054271
0.23267
0.264686
0.340792
0.0642496
0.191733
0.054271
0.243657
0.326478
0.260119
0.0642496
0.156533
0.054271
0.201919
0.445837
0.224524
0.0642496
0.0967526
0.054271
0.00950455
0.226396
0.479753
0.20077
0.0642496
0.0723781
0.054271
0.00950455
0.210269
0.511809
0.212431
0.0642496
0.0723781
0.054271
0.202275
0.522088
0.224817
0.0642496
0.0618206
0.00894909
0.00718951
0.0411187
0.61
0.137922
0.0642496
0.0618206
0.00932472
0.00718951
0.00812133
0.205003
0.0675857
0.0528493
0.23372
0.755771
0.00632646
0.865787
0.326548
