0.0699058
0.0530199
0.988696
0.645971
0.428699
0.376067
0.0301524
0.034218
0.0250787
1.00559
0.995387
0.411874
0.813144
0.00397677
0.0235621
1.00574
0.418533
0.200522
0.00584061
0.00528216
0.0156856
0.00527652
0.00524127
0.0356239
1.0937
0.00257505
0.677466
0.0514484
0.00264495
0.0840796
0.00276098
0.0540842
0.211729
1
0.00454962
0.633342
0.261796
0.0167234
0.0892906
0.0512768
0.0167187
0.383675
0.0105444
1
0.682557
0.00315804
0.369883
0.00334924
0.0872749
0.0531109
0.00274864
0.00268994
0.0136415
0.00250715
0.00278875
0.00257202
0.06595
0.0874731
0.0267939
0.0204297
0.0559261
1.00373
0.00255062
0.00271508
0.0387723
0.824695
0.00787989
0.134425
0.0106335
0.00980452
0.00549475
0.0983615
0.00276866
0.0414609
0.0428445
0.0107104
0.510501
0.777667
0.49733
1
0.0032892
0.0528478
0.99822
0.0219614
0.00824099
0.00264689
0.0358106
0.0908577
0.00516942
0.00833146
0.220311
0.998737
1.00938
1.00413
0.00807613
0.00294577
0.0105744
0.00298466
0.00303941
0.0437385
0.00790431
0.00265059
0.0321994
0.038914
0.0124179
0.00289825
0.0112303
0.00289825
0.0414068
0
0.00541405
0.0248117
0.014835
0.00289825
0.00539792
0
0.00295723
0.0438013
0
0.00649295
0.00339242
0.00301532
0.0188732
0.0168467
0.00833913
0
0
0.00670659
0.0518639
0.987537
0
0.0114853
0.00780145
0.0727933
1.00514
0.135526
0.00260631
0.00348441
0.746981
0.74002
0.127426
0.00287723
0.251574
0.0556197
0.786234
0.0140609
0.0224901
0.013583
0.0138944
0.083805
1
0.184651
0.98547
0.00802975
0.0821791
0.0706105
0.00796408
0.220786
1
1
0.00265661
0.0139628
0.95034
0.994485
0.0186931
0.00698142
0.00532556
0.00932066
0.111641
0.00330392
0.00259705
0.00295186
0.0657758
0.0213496
0.558856
0.00355073
0.991841
0.998913
0.995024
0.997093
0.0195509
0.00839976
0.0177434
0.144633
0.0342453
0.0250819
0.337739
0.97964
0.894427
1
0.269469
1.00362
0.0706813
0.0921452
0.0708956
0.999021
0.902453
0.045291
0.98802
0.0241874
0.0160944
0.0184478
0.0243517
0.0463727
0.500455
0.568816
0.035391
