0.0222338
0.18814
0.0413392
1.01759
0.00530395
0.377098
0.0166286
0.259454
0.835998
0.0211429
0.366162
1
1
0.2671
0.132342
0.00273269
0.00944378
0.11956
0.00271153
0.021448
0.784231
0.993689
0.0106455
0.00288407
0.00288035
0.00602635
0.0172177
0.0456418
0.00259496
0.00284974
0.0029834
0.00558709
0.00991422
0.0154912
0.00284974
0
0.0164333
0.111795
0.0187209
0.00477864
0.981015
1.00376
0.00729087
0.0855504
0.0125079
0.0792344
0.0248628
0.048539
0.00267202
0.00304371
0.00267202
0.00284848
0.00258943
0.00588869
0.0105565
0.00646043
0.00704398
0.00851807
0.112639
1.00877
0.00282267
0.00268254
0.00282267
0.00267202
0.00302578
0.00282588
0.00275808
0.00254607
0.0989485
0.10653
0.0368921
0.00515431
0.0028957
0.00511541
0.022335
0.0026841
0
0.0066739
0
0.1238
0
0
0.00283936
0.00552833
0
0.00283936
0.00289325
0.052483
0.961075
1.01118
1
0.981795
0.0025718
0.00266838
0.00274617
0.00560566
0.00574758
0.00875707
0.00825616
0.0110076
0.128199
0.595067
0.00312529
0.00740397
0.00353843
0.0100215
0.0028195
0.00542437
0.0769109
0.00839787
0.464884
0.00270178
0
0.00251078
0.369147
0.999719
0.980659
1
0.904381
0.991241
0.00790836
0.0196778
0.00326676
0.0219022
0.00832723
0.0343294
1.03259
0.301421
0.00262272
0.0109683
0.00537856
0.00338284
0.00798201
0.00875554
0.00268643
0.0192744
0.0789466
0.00812174
0.00283936
0
0.0565224
0.0166715
0.0990735
0.00268643
0.0599105
0.00283936
0.0210054
0.00258179
0.00540341
0.292439
0.00972568
1
0.978747
1.00217
0.23683
1.00286
0.00501027
0.00509243
0.0102834
0.00831358
0.00501027
0.00567359
1
0.123518
0.0026434
0.00521333
0
0.0455576
0.0025644
0.00332999
0.103296
0.0207566
0.00810359
0.362833
1
1
0.00258221
0.785988
0.0113664
0
0
0
0.008309
0.00327571
0.0149044
0.00264592
0.00253441
0.125334
0.006792
0.0127999
0.010452
0.123022
0.00282346
0.0536918
0.0298045
0.944592
1
0
0.00389966
0.00306702
0
0.00305953
0.00312768
0.0127481
0.00814892
0.00922913
0.0031343
0.0222003
0.12909
0.00887116
0.00526011
0.0122651
0.983795
1
0.323604
0
0.0031008
0
0.0108155
0.00258135
0.014287
0
0.0163977
0.877579
0.696225
0.00369632
0.00385308
0.206465
1
0.0633602
0.0177242
0.00265122
0.00286234
0
0
0.00957668
0.00597257
1
1
0.0274996
0.00274498
0.0252121
0.00272681
0.0140279
0.00840405
0.0311325
0.0411831
0.0105784
0.0463681
0.353652
0.802312
0.00853218
0.0756909
0.00360556
0.00297306
0.00305388
0.00443104
0.00371537
0.00378705
0
0.0057155
0.0279067
0.0133198
0.00895994
1.00635
0.992061
0.904916
0.0953294
0.00555456
0.0192634
0.00255169
0.00283095
0.0734653
0.0177907
0.0124146
0.016873
0.0203203
0.291881
0.591382
1
0.0411055
0.00275829
0.0165498
0
0.00810395
0.00264129
0.00275829
0
0.00255293
0
0.00266511
0.0162682
0.00295403
0.00283847
0.00269276
0.0199985
0.048412
0.0326426
0.00269276
0.0151482
0.00269276
0.00275869
0.0102366
0.0161566
1
1
0.00887116
0.00247952
0.0123976
0.0188935
0.0435534
0.0218631
0.035553
0.530554
1
0
0.00290612
0.00273797
0.00497774
0.00295403
0.0127999
0
0.00259378
0.0290755
0.00300751
1
0.0478534
0.0126235
0.976959
1
0.00301889
0.00275829
0.0142676
0.958948
0.029412
0.00308174
0.00309156
0.0149973
0.00298665
0.0135674
0.358576
1
0.00272681
0.00308129
0.0248022
0.00293304
0.00275829
0.00280033
0.00849719
0.388569
0.00605379
0.0252303
0.752799
0.00548176
0.0620963
0
0.0616716
0.00567563
0.00274305
0.00564225
0.00288793
0.00574234
0.00872129
0.0552865
0.00565737
0.271703
0.0112328
0.0526124
0.00272533
0.003074
0.00295837
0.00532945
0.00295705
0.00323818
0.00289928
0.00269367
0.392452
0.00272681
0.00814217
0.00275425
0.00278057
0.0298029
0.00270612
0.00273532
0.0091435
0.118101
0.0342289
0.00407247
0.0141125
0.0029014
0.0860572
0.00835196
0.00304783
0.0111023
0.00284544
0.00262099
0.00268724
0.0117559
0.00308946
0.00287248
0.00263517
0.179605
0.0025247
0.0108317
1
0.00295307
0.00254541
0
0.0129436
0.0080629
0.00298705
0
0.0253195
0.00298705
0.00262099
0
0.012086
0.0198172
0.00276453
0
0.00820693
0.0164034
1.05025
0.0025964
0.0052529
0.00280475
0.00820693
1
0.00293837
0.0167446
0.0052529
0.00588483
0.00280475
0.00289674
0.00884708
0.00587506
0.0147531
0.00287813
0.00298705
0.00591237
0.00244598
0.00448058
0.00846021
0.00262099
0.00262099
0.0627412
0.00262099
0.542638
0.0117708
0.00283674
0.00270612
0.00270612
0.00270612
0.0101479
0.00270612
0.00627762
0.0498445
0
0
0
0
0
0
0
0
0.00295177
0.0588146
0.00291682
0.219161
0.334799
0.98802
0.00281868
0.00558405
0.00675154
0.0146026
0.00848266
0.0830344
0.0202677
0.00254119
0.01079
0.00584836
0.00445055
0.196126
0.00729053
0.0139383
1.00375
1.0054
0.00259266
0.00259266
0.00259839
0.0025751
0.00252734
0.0379102
0.0414142
0.0681024
0
0.138385
0.00799303
0
0.018949
0.0648555
0.00523032
0.00809191
0.00266555
0.0101149
0.29139
0.00271572
0.00809191
0.366488
1.01428
0.00839219
1.0103
1.00108
0.00260325
0
0.00375394
0.0830774
0.0271412
0.151307
0.0712517
0.00293848
0.00461184
0.0107328
0.00255665
0.365337
0.00343317
0
0.00255665
0.00258489
0.00259608
0.948434
0.992023
0.449958
0.00255665
0.983689
1
1.00036
0.0129637
0.0026202
0.0109571
0.00256103
0.00266167
0.00258665
0.00255665
0.00348634
0.00258665
0.0234057
0.0139181
0.00245413
0.00255665
0.0247244
0.0525364
0.0157972
0.649052
0.0359842
0.00616911
0.0315239
0.0499518
0.00245965
0.00527383
0.00248405
0.00284626
0
0.0107523
0.00247557
0.00247557
0
0.0241906
0.00526686
0.00247557
0.00249891
0.0209145
0.0106571
0.0441436
0.015867
0.996458
0.897134
0.0804739
1.02135
0.922924
0.999458
0.00841445
0.00270694
0.00644997
0
0.00264616
0.00541135
0
0.00561432
0
0.00658261
0.00551032
0.00541135
0.0215383
1.02551
0.65856
0.0079839
0.00375207
0.00274675
0
0.0106526
0.0973965
0
0.0774147
0
0.0245209
0
0
0.00279412
0.0082167
0.0135144
0.352962
0.013426
1
0.431398
0.0109328
0.993059
0.825855
1.00897
0.0116995
0.00288672
0.00356073
0.00299125
0.0026798
0.00275007
0
0.0266644
0.99561
0.568715
0
0
0.00675582
0.00288493
0
0.00265767
0
0
0
0.176245
0.00384479
0.0541776
0
0.0224856
0.00256319
0.00771139
0.00264206
0.00538541
0.41787
0
1.00186
0.303679
0
1.00355
0.0633176
0.00270694
0.00756199
0
0.0028252
0
0
0
0.561816
0.0142117
0.953882
0
0.00385893
0
0.00274428
0
0.00819699
0.00284583
0
0.00256817
0.0439071
0.00303765
0.989145
0.00313322
0.0245502
0.00273422
0.0107844
0
0.00258665
0.00790384
0.00258665
0.0282797
0.0516987
1.00886
0.0435004
0.0108876
0.253352
0.00285646
0.00505315
0.0749201
0.00429919
0.00279946
0.0110757
0.0254406
0.00248996
0.00414994
0.15839
0.00248996
0
0.00257952
0
0.00264884
0
0.00859839
0
0
0.99298
1.00159
0.253357
0.00254473
0.0131952
0.00254473
0.0450894
0.00537021
0.0249579
0.00254818
0.0118831
0.00244807
0.00537021
0.00270531
0.0132223
0.0055962
0.0395068
0
0.00791494
0.161397
0.568943
1
0.752012
0.566795
0.979627
0.055471
0.00251118
0.00250159
0.00552607
0.012508
0.00250159
0.00394988
0.00258264
0.00752581
0.00312699
0.00250159
1
0.0559775
0.50721
0.313802
0.111302
0.00262699
0.0258634
0.00262699
0.00310361
0.156576
0.43668
0.401102
0.248466
0.421429
0.0983294
1
