0.0303424
0.097467
0.23579
0.381693
0.308584
0.308584
0.121872
0.0303475
0.0092489
0.135996
0
0
0
0.0292967
0.0675705
0.0203352
0.00880882
0
0.16952
0.60271
0
0
0.204706
0.00800286
0.00886197
0.0292967
0.146354
0.0203352
0.00880882
0.00697011
0.153327
0.717444
0
0
0.00697048
0
0.0131054
0.017379
0.00862774
0.00800286
0.0165974
0.0762997
0.0848582
0.052597
0.0111568
0.309257
0.0203352
0.00853496
0.0143449
0.0127729
0.153327
0.981805
0
0.00894748
0.0142282
0
0.0110825
0.0131054
0.0522403
0.00862774
0.00800286
0.0948809
0.112453
0.052597
0.0111568
0.454104
0.0210605
0.03593
0.0143449
0.0277963
0.0474158
0.998049
0.00735138
0.00894748
0.0072577
0.0110825
0.0131054
0.114559
0.00902062
0.00800286
0.142205
0.114307
0.071664
0.0325882
0.523922
0
0.0109568
0.00869327
0.0555977
0.0143449
0.0277963
0.0196914
0.444465
0
0.014392
0.0131054
0.0662588
0.00902062
0.0157914
0.18878
0.173646
0.0281557
0.0111568
0.600965
0
0.0555904
0.0276026
0.0127729
0.00718599
0.65375
0
0.00812232
0.0169228
0.0178722
0.00781597
0.16704
0.0257266
0.0426852
0.0231619
0.251319
0.0206079
0.0367558
0
0.0366092
0.0127729
0.00718599
0.26394
0
0
0.0169273
0.0178722
0.16704
0.00835181
0.0439608
0.0170778
0.234712
0.0207787
0.0279065
0
0.0281996
0.01378
0.00718599
0.395027
0.00828812
0
0
0.0169273
0.00902062
0.00756261
0.0288327
0.0346663
0.0553321
0.0407573
0.447445
0.0165915
0.00896674
0.0137536
0.00866037
0.00671732
0.795563
0.0338029
0.0107175
0.0165643
0.034183
0
0.0118443
0.272316
0.866998
0.0691352
0.00766933
0.0985484
0.0107175
0
0.0605147
0.0141772
0.066444
0.0118443
0.272316
0.726304
0.147959
0.00766933
0.0985484
0.0107175
0
0.0605147
0.0141772
0.107202
0.0118443
0.272316
0.718837
0.130407
0.0109318
0.115378
0.00698721
0.0107175
0
0.108009
0.154045
0.00793711
0.0235082
0.157392
0.0741382
0.450388
0.191657
0.00817001
0.131386
0.0107175
0.0827055
0.263317
0.00809193
0.0220506
0.144578
0.00872735
0.151811
0.0368952
0.0110894
0.115378
0.00791545
0.0107175
0.140076
0.0162326
0.646341
0.0242455
0
0.029407
0.00960408
0.0870856
0.0179923
0.0110894
0.115378
0.0107175
0.0193072
0.182736
0.0365188
0.577309
0.0242455
0.0140436
0.00960408
0.0356374
0.0110894
0.149874
0.0145428
0.190329
0.033189
0.00960408
0.0120514
0.0177895
0.0120514
0.0106813
0.18198
0.00195381
0.0659625
0.00837875
0.0312803
0.0110826
0.0144052
0.00951285
0.00707601
0.548339
0.00804135
0.015018
0.00750776
0.01148
0.00892519
0.0485682
0
0.221567
0.0108143
0.0110826
0.023659
0.00951285
0.0180467
0.00921124
0.624708
0.015018
0.00892519
0.0485682
0.0136577
0.362144
0.0234152
0.0122066
0.00951285
0.0180467
0.00921124
0.926896
0.0162419
0
0.061034
0.0160263
0.0136577
0.120986
0.0249075
0.0327791
0.00951285
0
0.0180467
0
0.00790174
1.00176
0.0083362
0.0319614
0.0527955
0.0124761
0.0870262
0.276815
0
0.188044
0.00869546
0.0237023
0.0561423
0
0
0.00849694
0.0138476
0.00790174
0.0191111
0.62491
0.00748365
0.0527955
0.0238523
0.0173217
0.32774
0.0149981
0
0.453683
0.0327167
0.0237023
0.101551
0
0
0.00849694
0
0.016962
0.0159069
0
0.0534441
0.00821572
0.00825702
0.0527955
0.00879381
0.0238523
0.00799952
0.311968
0.0305298
0.602081
0.031663
0.0220953
0.156495
0
0
0.00849694
0
0.016962
0.00800515
0.0207985
0.0200289
0.00821572
0.00825702
0.0163295
0.00879381
0.0396062
0.0119328
0.0162285
0.107999
0.0287277
0.0173222
0.187937
0.047007
0.0105583
0.0354217
0.0205125
0.0336108
0.00799952
0.0412975
0.00822617
0.0327314
0.0101925
0.193007
0.0101925
