0.00252614
0.00247183
0.00296619
0.00247682
0.00257507
0.00353118
0.649392
0.00238135
0.00257975
0
0.00247183
0.00252614
0.0108336
0
0.00247183
0.0181448
0.282477
0.0274544
0.0274849
0.0299806
0.00296819
0.0282889
0.00252619
0.0301706
0.0311657
0.0299806
0.0299806
0.0313396
0.0285392
0.0299806
0.00303942
0.0301706
0.002996
0.0193012
0.00290762
0.102752
0.900606
0.0305495
0.00287257
0.0286886
0.0285477
0.0315101
0.00261235
0.0273812
1.03217
0.00269393
0.01505
0.00835763
0.0219037
0.00803136
0.00892373
0.00831571
0.00266771
0.0344201
0.139821
0.00853617
0.00853858
0.014231
0.00893284
0.00854098
0.00853858
0.0213464
0.0312395
0.0544849
0.0128922
0.0241564
0.321414
0.0446088
0.0138544
0.00861414
0.0101063
0.00948731
0.00861414
0.0548621
0.00886368
0.128079
1.02322
1
0.0257905
0.0309655
0.0257978
0.0258051
0.00519812
0.0337581
0.0136485
0.0403898
0.00530796
0.031806
0.0309655
0.132709
0.00516768
0.0309655
0.00828495
0.00790707
0.353366
0.00250467
0.0382299
0.0054341
0.00299187
0.0109092
0.00323714
0.00544355
0.0157851
0.0256992
0.0392351
0.542048
0.372299
0.0180663
0.00248209
0.0180714
0.0102519
0.0254675
0.110534
0.00248116
0.0104408
0.00795793
0.0180765
0.0076306
0.0654053
0.00259886
0.0903568
0.0026233
0.0258658
0.0210674
0.0206927
0.0522038
0.0206927
0.0184468
0.0223219
0.209808
0.00538245
0.0103826
0.0317346
0.00504346
0.0223219
0.0161745
0.038153
0.00891081
0.0141926
0.0256527
0.0134818
0.0378259
0.00269855
0.00504346
0.0105677
0.00862517
0.00277427
0.0572295
0.00256159
0.00438498
0.00477218
0.00258833
0.0134818
0.00200815
0.0383133
0.00795567
0.0773619
0.0023497
0.0264401
0.0572295
1
0.0455306
1
0.175301
0.00524393
0.00258007
0.0130115
0.00349172
0.020428
0.00536947
0.00528381
0.0156615
0.00550374
0.00524393
0.0104586
0.0187938
0.029627
0.0172813
0.0112812
0.0025606
0.0104175
0.0108427
0.0393295
0.00796852
0.0174513
0.00516573
0.0157231
0.00504806
0.00506505
0.00543667
0.0208351
0.0271891
0.00262463
0.0124373
0.0104175
0.0536947
0.0052452
0.00533749
0.00536947
0.00298128
1.0055
0.0294432
0.652471
0.129625
0.0103575
0.00789771
0.00876177
0.0210098
0.0103604
0.0183336
0.00453966
0.00543383
0.0444018
0.035087
0.00263112
0.0183284
0.0210522
0.0189447
0.0183284
0.00274616
0.0315783
0.0314208
0.00281409
0.0161493
0.00272379
0.0218618
0.0205811
0.038915
0.00258312
0.0038126
0.00260185
0.00532546
0.00263448
0.129681
0.0124373
0.00796799
0.00840862
0.00281058
0.0127439
1
0.987737
0.122189
0.0153176
0.00505233
0.152323
0.087468
0.0259675
0.0153219
0.00505375
0.0102696
0.041787
0.00757849
0.0102696
0.0749387
0.0102696
0.00505233
0.0106785
0.00505233
0.0103966
0.00658999
0.0442639
0.0107391
0.0250641
0.153194
0.00983393
0.00523333
0.0446426
0.0103282
0.00962353
0.0102696
0.0191158
0.152323
0.00304188
0.00258031
0.0101327
0.00597001
0.0105083
0.0257015
0.0105289
1
0.947248
0.322166
0.00294444
0.0105289
0.00263273
0.00851488
0.0029428
0.00581835
0.010548
0.00302475
0.00261269
0.00772571
0.00793834
0.010825
0.0405243
0.00794057
0.00793834
0.174288
0.059066
0.0392311
0.00793834
0.00834738
0.0487534
0.00793834
0.0125342
0.00592174
0.00234014
0.174288
0.00806642
0.0215158
0.00270984
0.00845854
0.00806642
0.00583055
0.044193
0.00786195
0.00806642
0.81708
0.00806642
0.0484273
0.00806642
0.00368204
0.0251819
0.000902132
0.0169971
0.0114166
0.121531
1
0.00267024
0.0214336
0.0148233
0.0165224
0.00296382
0.00272218
0.00267175
0.0786646
0.00296466
0.00296466
0.002671
0.00310325
0.00279586
1
0.0267449
0.00261522
0.0217699
0.00667749
0.00249087
0.0108401
0.002671
0.002671
0.0114187
0.00311342
0.016497
0.002671
0.00555874
0.0393323
0.712774
0.0427224
0.00538904
0.022606
0.0737932
0.0040065
0.002671
0.00572357
0.00801299
0.00276128
1.00083
0.154129
0.002671
0.0820418
0.00276128
0.00801299
0.00529894
0.00276128
0.00279905
0.028353
0.0811726
0.292702
0.0945139
0.0666938
0.0377932
0.087215
1
0.0770424
0.0225434
0.0395647
0.226759
0.297182
0.0628318
0.0774156
0.0516104
0.154831
1.00155
0.369705
0.0539616
0.258052
0.109251
0.00286165
0.0134081
0.0485739
0.0172243
0.00256825
0.0143848
0.129678
0.0168953
0.00258393
0.0129878
0.0164361
0.0135221
0.0162605
0.0353265
0.293382
0.0233616
0.0146059
0.0195873
0.113946
0.0143096
0.00595644
0.0117735
0.0193488
0.915718
0.024668
0.0193312
0.017955
0.0197741
0.0194777
0.0189199
0.985366
0.0558439
0.0405499
0.0405196
0.0390907
0.0028703
0.0330585
0.00284393
0.00278229
0.00426469
0.00296023
0.00284313
0.00566828
0.0178919
0.145269
0.00308496
0.00861442
1
0.0056285
0.00272562
0.00271457
0.00387699
0.0108625
0.00284313
1
0.993999
0.0138109
0.0188384
0.0138148
0.0138148
0.0260766
0.081972
0.0518056
0.0138148
0.0143037
0.0162888
0.0977328
0.00306914
0.0683141
0.0138148
0.00244951
0.0162888
0.00247396
0.00247396
0.0440713
0.00296463
0.0141293
0.00247396
0.0189353
0.12708
0.00567435
0.0202118
0.228716
0.00298161
0.0752768
0.0257149
0.290985
0.951673
0.00266604
0.00278276
0.00299206
0.0026668
0.0026668
0.0288758
0.00279459
0.00615415
0.0026668
0.00835368
0.00306221
0.0190497
0.00560147
0.00251084
0.0239776
0.00291807
0.00544878
0.0024973
0.00251084
0.00251084
0.00251084
0.00262352
0.00302702
0.0107905
0.0228571
0.00251084
0.0240998
0.022362
0.370582
0.0284938
0.0192742
0.0400544
0.0202013
0.0203614
0.0039682
0.0139254
0.00941566
0.0121931
0.00561922
0.0550032
0.188979
0.380266
0.998655
0.0379766
1
0.603588
0.0107314
0.0129547
0.0132117
0.00279618
0.00561345
0.254586
0.0107345
0.0051354
0.00303018
0.0136394
0.00260016
0.0669982
0.00279006
0.0024615
0.0449261
0.00290491
0.00530229
0.0107345
0.00804638
0.032657
0.0107345
0.00279618
0.0241388
0.0131337
0.00253701
0.0134778
0.0414886
0.00520276
0.0132951
0.0103904
0.00253701
0.00274075
0.00274336
0.00264642
0.00290074
0.00274336
0.00253461
0.00256257
0.00531618
0.00286166
0.0101968
0.0026445
0.0114597
0.00284595
0.00799264
0.0276726
0.0024863
0.00253701
0.0108306
0.00914997
0.0202468
0.995077
0.0336455
0.0164887
0.038853
0.00564826
0.0051354
0.00304817
0.0702248
0.0261072
0.00583182
0.00771456
0.00485706
0.00274336
0.00811207
0.00400581
0.0195874
0.00749368
0.0219446
0.0332857
0.0283914
0.00914997
0.0412302
0.00535296
0.0256457
0.0076155
0.138089
1.01848
0.024219
0.00535686
0.0108934
0.593816
0.448746
0.0091134
0.00832054
0.00288711
0.00277319
0.0135235
0.0138804
0.00277319
0.00277319
0.0170453
0.00277319
0.00284213
0.0171038
0.0170453
0.0118851
0.00549458
0.00294815
0.0140972
0.0206326
0.00289003
0.0138597
0.00249786
0.0221848
0.00294815
0.0141455
0.084698
0.0880672
0.0234289
0.0140972
0.0234953
0.0329446
0.011866
0.00253019
0.0140972
0.00277709
0.00271474
0.0694142
0.00263413
0.00288711
0.00303623
0.651547
0.0166392
0.315925
0.262454
0.00815691
0.0148082
0.0823687
0.0141639
0.0141639
0.0713747
0.00256499
0.0849831
0.00258107
0.0141639
0.00813015
0.0141639
0.0380421
0.00844079
0.0146283
0.0141639
0.0240624
0.0461132
0.00815461
0.0319493
0.0479
0.00291791
0.00815461
0.0192008
0.152251
0.00971977
0.0080711
0.276679
0.0616118
0.00830286
0.00573407
0.0139713
0.0248243
0.00321916
0.00576611
0.023351
0.996826
0.453108
0.658403
0.00250876
0.0310057
0.0310111
0.00548139
0.00250947
0.00250947
0.0107549
0.00250947
0.00256991
0.0148996
0.00522213
0.00250947
0.00522213
0.00259523
0.00250947
0.00528421
0.00250947
0.00541091
0.00620959
0.00522213
0.00260019
0.00698551
0.00546793
0.006844
0.00301262
0.00792959
0.00269087
0.00303925
0.0127148
0.00777978
0.00838692
0.0151167
0.710166
0.972251
0.00256294
0.00389407
0.00257471
0.00246625
0.00246625
0.00250553
0.00254836
0.00245443
0.00246625
0.00246625
0.00258467
0.00540315
0.00260001
0.00871347
0.0187758
0.0163848
0.0938792
0.0156465
0.00548919
0.0139555
0.0164078
0.00558753
0.014113
0.0223522
0.00856637
0.399713
0.00291567
0.0120492
0.0132999
0.00672612
0.572299
0.00273188
0.0145174
0.00283698
0.00675232
0.00886925
0.0102345
0.0107013
0.0135046
0.00291146
0.00283227
0.00755954
0.00337616
0.0599091
0.0333498
0.0684676
0.0319515
0.306968
0.00274338
0.00258814
0.0334845
0.0383418
0.196505
0.0776789
0.0518005
0.155358
0.198485
0.0542203
0.0621431
0.00546877
0.0353292
0.0225421
0.0142604
0.00855926
0.00855684
0.0137714
0.00855926
0.00855926
0.941358
0.0141286
0.0147509
0.00893707
0.0143346
0.0102711
