0.0637058
0.00599156
0.00900873
0.143775
0.790286
0.0395146
0.0896524
0.309603
0.0170363
0.669318
0.444938
1
0.234147
0.0203612
0.0152106
0
0.00956567
0.0111283
0.0233684
0.00806011
0.00270723
0
0
0.00649734
0.0390596
0.135968
0
0.00262718
0.00304085
0.132088
0.0930842
0.0226186
0.00263747
0.0225652
0.116811
0
0.961075
1.00042
1
0.619912
0.00263641
0.172357
0.00265548
0.936341
1
1.00672
0.924398
0.980766
0.00266582
0.00288191
0.00302099
0.0656403
0.00380413
0.00276729
0.0198193
0.179804
0.0041573
0.955348
1
0.205338
0.993361
0.00296432
0.0118017
0.00305852
0.00261752
0.0108602
0.00380106
0.00950266
0.0722594
0.0190053
0.98696
1.02741
0.638972
0.429403
1
0.757661
1.00103
0
0.821327
1.00023
0.0292348
0.00295644
0.00755116
0.0106343
0.131108
0.0223157
0.0550111
0.0230503
0.109049
0.0138759
0.0939251
0.00306927
0.00263126
0.0455361
0.0227348
0.0107227
0.108721
0.999694
0.841612
0.0152256
0.0107333
0.00287599
0.0221104
0.0777477
0.00290578
0.00253341
0.00816961
0
0.0208762
0.0245003
0.0117109
0.00745241
0.986134
0.00330582
0.00867424
0.0678592
0.00275003
0.00687507
0
0.00271585
0.00275003
0.00358699
0.00572676
0
0.00330621
0.00271958
0.76379
0.0195476
0.217503
0
0.008368
0
0.0359946
0.0107022
0.00566148
0.00582185
0.0258078
0.00249719
0
0.00278212
0.0100335
0.00305534
0.00555836
0.00311393
0.00260635
0
0.00797597
0.00276584
0.00272004
0.00278741
0.106926
0.00343156
0.00297402
0.952437
0.00270364
0.00310051
0.00297402
0.0258858
0.00553043
0.00285949
0.0113936
0.00866047
0.0240852
0.0101827
0.0112308
0.009769
0
0.0282363
0.0248265
0.0163602
0.013574
0.0101827
0.00277465
0.0463007
0.0350152
0.0114492
0.0127032
0.0610962
0.00907803
0.00261615
0
0.013574
0.0245078
1
0.00534556
0.013574
1.01923
0.00260635
0.00354294
0.00866166
0.00304376
0
0.00583034
0
0.00297402
0.00558036
0.171737
0.00558036
0.558757
0.112336
0.00627519
0.0365888
0
0
0.0891961
0.0111537
0.0343993
0.00675595
0.00276875
0.00534056
0.00853539
0.0501603
0.0202558
0.00564395
0.00564942
0.00580824
0.256944
0.00389566
0.00564942
0.362753
1.03323
1
0.361586
0.016301
0.0856651
0.00570742
0.173682
0.0149222
0.00288449
0.00371802
0.00445966
0.00261071
0.00992062
0.408151
0.949368
1
1.00098
1
0.0517179
0.133771
0.103326
0.0221529
0.00743603
0.106745
0.0035693
0.00300334
0.00247917
1
0.99201
0.0179143
0.934475
0.991592
0.0092414
0.00247213
0.00288614
0.0083119
0.00246019
0.00250519
0.0640865
0.00256156
0.00243894
0.00246019
0.254496
0.00255552
0.00389441
0.00246019
0.00246019
0.0139695
1
0.651379
0.0219596
0.817232
1
0.00291299
0.00313704
0.00286799
0.0605059
0.00762613
0.00420477
0.999689
0.333701
0.0631803
0.992
0.568381
