0.0144342
0.00813868
0.486919
0.00297597
0.005452
0.00557654
0.00340087
0.00296871
0.00812423
0.0210165
0.00261938
0.0189362
0.0124939
0.0059189
0.038838
0.239665
0.0262031
0.0152624
0.98474
0.937953
0.00322682
0.0133678
0.00287065
0.0395838
0.0036228
0.00565623
0.0672229
0.0497912
0.00571828
0.00847092
0.00335544
0.430367
0.0510365
0.00277975
0.0249642
1
0.0170989
0.0110512
0.0140047
0.16719
0.00734876
0.00889182
0.0119026
0.0222135
0.0222908
0.0200239
0.208389
0.990653
0.0169666
0.0191532
0.016922
0.922817
0.300105
0.0329841
0.0316236
0.010375
0.118428
0.024788
0.0259304
0.0086109
0.170283
0.0107817
0.0147393
0.0204569
0.179032
0.0111968
0.0287629
0.0141533
0.900371
0.991549
0.568123
