0.0481617
0.161593
0.0161769
0.378578
0.0161769
0.56359
0.0161769
0.462911
0.0161769
0.462911
0.0161769
0.225013
0.0161769
0.0161769
0.0209137
0.198746
0.0125825
0.0144579
0
0.025392
0.0136066
0.0128665
0.0108517
0.136162
0.0105819
0
0.196423
0.538043
0.0123453
0.0354429
0
0.127542
0.0329119
0.0527024
0.0162161
0.00872161
0
0.315689
0.0105819
0
0.169352
0.718477
0.0123453
0.0342527
0.0167137
0
0.0262889
0
0.165678
0.0162161
0.00872161
0.00691438
0.463116
0.0167184
0.141996
0.995447
0.0123453
0
0.0576582
0
0.0200535
0
0.0138225
0.0151748
0.00706639
0.127392
0.031458
0.00872161
0.0214487
0.55491
0.0517269
0.0118662
0.0339373
0.0579023
1.00038
0
0.0950448
0
0.0200535
0.0138225
0.0175813
0.00706639
0.192012
0.169828
0.00872161
0.00740194
0.554582
0.00905189
0.0108545
0.0939642
0.0339373
0.610636
0.0166702
0.0928516
0.0200535
0.00718178
0.0711002
0.0412301
0.217887
0.062751
0.00872161
0.00740194
0.677338
0.0818062
0.0247566
0.36395
0.0137877
0
0.0172085
0.0200535
0.0144543
0.083336
0.0412301
0.0415947
0.0602605
0.00872161
0.00740194
0.444822
0.0703725
0.0332513
0.182105
0.0172085
0.00997564
0.083336
0.054636
0.0301799
0.0441593
0.0170998
0.413196
0.0110086
0.0080382
0.4329
0.0595586
0.0381103
0.0134058
0.0507633
0.0285397
0.0213931
0.072143
0.459483
0.0114244
0.330164
0.0177493
0.0861946
0.0097243
0.00809292
0.00924581
0.0177493
0.11491
0.0517503
0.302242
0.0083523
0.0491294
0.0251384
0.0321445
0.0296138
0.0075779
0.0763979
0.0201386
0.0245124
0.00924581
0.0088928
0.0149977
0.463857
0.0517503
0.205907
0
0.00831101
0.0370152
0.0557275
0.00843095
0.0367231
0.0164625
0
0.0200162
0.0075779
0.103441
0.0296689
0.0104464
0.0245124
0.00924581
0.0088928
0.289187
0.0517503
0.140278
0.0173856
0.0747027
0.0691451
0.00697635
0.00843095
0.0480798
0.0123762
0.0514299
0.00642399
0.104415
0.0075779
0.172601
0.0104464
0.0401057
0
0.00924581
0.0088928
0.213589
0.0520642
0.0158727
0.00782999
0.129719
0.0691451
0.0123617
0.016985
0.188643
0.0142192
0.0075779
0.225499
0.0195801
0.0322065
0.00924581
0.184311
0.064228
0.0300485
0.00782999
0.129719
0.0759015
0.016985
0.157306
0.0075779
0.161331
0.049453
0.0322065
0.0610269
0.0609817
0.156459
0.090606
0.0609837
0.0373071
0.0307011
0.0305401
0.0296737
0.0307011
0.00696538
0.00811691
0.131073
0.0168723
0.10255
0.0207719
0.00824274
0.0266218
0
0.0595117
0.0122811
0.378322
0.00817856
0.0129983
0.043394
0.0207719
0.00824274
0.195876
0.0191314
0.0332305
0.570133
0.0174841
0.0129983
0.0155829
0.0100938
0.226373
0.029815
0.0258202
0.0164629
0.85788
0.0272426
0.149682
0.00980553
0.0469591
0.0248682
0
0.00834414
0.00796141
0.0317501
0
0.901968
0.0536037
0.204499
0.209218
0.0144548
0.135484
0
0.0412096
0.00825885
0.0433424
0.00931698
0.0171065
0
0.527457
0.0179691
0.0138684
0.0139479
0.0458701
0.31431
0.281368
0.0203484
0
0.0339164
0.0208312
0.0326987
0.0345842
0.0144869
0.00931698
0.0191324
0
0.126821
0.00874199
0.0138684
0.0347269
0.00653044
0.029513
0.281675
0.0164181
0.381398
0.0319305
0.0169435
0.0208312
0.00802078
0.0345842
0.0144869
0.00931698
0.00809095
0
0
0.0432923
0.0169607
0.0703212
0.116427
0.0156349
0.00762367
0.155261
0.106176
0.0755625
0.0437906
0.163152
0.0362869
0.143395
0.0288094
0.019731
