0.0960082
0.506746
0.70637
0.70637
0.70637
0.70637
0.70637
0.70637
0.70637
0.70637
0
0
0.0270615
0.0395779
0
0.0142261
0.742695
0
0
0.0153826
0.0534629
0.159696
0
0.0136548
0.0156258
0
0.0301634
0
0.727737
0
0
0.0156494
0
0
0.0293155
0.481746
0.0800257
0.0304022
0.0241343
0.0146701
0.0169414
0
0.0157932
0
0.0217958
0
0.0282084
0.031174
0
0.727737
0.0496002
0
0
0
0.0153826
0
0.0287966
0.996997
0.0528964
0.0160341
0.121675
0.045427
0.0240073
0.0156258
0.0146701
0.0151733
0.0428166
0.252327
0
0
0
0.377422
0.0244679
0
0.0214683
0.0380552
0.037605
0.0467751
0
0.026323
0.0146966
1.00141
0.0253244
0.0160341
0.122095
0.0440768
0.0156258
0.0599826
0
0.0240343
0.0216206
0.0223654
0.01427
0.280186
0.0156173
0
0.0502939
0.0155456
0.0257436
0.0147572
0
0.0156713
0
0.0183266
0.0146966
0.967995
0.0253244
0.0812594
0.0440768
0.0141714
0.0323007
0.0147216
0.0442991
0.0170152
0.0209702
0
0.124554
0.0158274
0.0279984
0.0340308
0
0.0257436
0.0369964
0.0188122
0
0.0182465
0
0.388835
0.0420747
0.0289354
0
0
0.0729586
0.0225927
0
0
0.0630553
0.0279984
0
0.0369964
0.253503
0.0249053
0.12718
0
0
0
0.0146674
0.0225927
0
0.0310701
0.0279984
0.0369964
0.176334
0
0.0225927
0.0315202
0.0279984
0
0
0
0
0
0
0
0.0288447
0
0.0275766
0.0341608
0
0.0171396
0
0
0.0285996
0.0150458
0.00982157
0.0199186
0
0.0289835
0.0340487
0
0
0
0.0157117
0.0809264
0.0437584
0.014559
0
0.0340944
0.0140409
0.0807535
0.0234462
0
0.0298281
0.0285996
0.312294
0.017201
0
0.0576081
0.0233699
0.0347871
0.0152245
0.0340487
0.0193232
0
0
0
0.0280051
0
0.0171002
0.0412829
0.0772272
0.0636121
0.0841887
0.0136966
0
0.0546543
0.0488234
0
0.0340944
0.0320314
0
0.0212424
0.0436156
0.057674
0.668209
0.017201
0.0164204
0.0754942
0.0466297
0.0342155
0
0.0410156
0.0149958
0
0.0188244
0.0552118
0
0.0170289
0.043187
0.0545476
0.0479664
0.25225
0.0136966
0
0.321425
0.0307533
0
0.0514814
0.015026
0.0314036
0.0234462
0.0439674
0.0229678
0.0290877
0.208629
0.0330069
0
1.01758
0.0338972
0.0310961
0.0947968
0.0466297
0
0.0616154
0.0352811
0
0.0323267
0.0425934
0.0188244
0.0278228
0
0.0185786
0.0440666
0.0274346
0.0483507
0.211917
0.0136966
0.726172
0.0310008
0.0287332
0.0842846
0.0139165
0.0327024
0.0718119
0
0.0713618
0.266928
0.0336667
0.0460126
1.01506
0.0348306
0.0310961
0.0366989
0.0233699
0
0
0.0413203
0
0.0159115
0.0219496
0
0
0
0.0645866
0.0273545
0.0637954
0.215178
0.0279563
0.0237749
0.950806
0
0.0737869
0.0687564
0
0.0334786
0.118289
0.0434459
0
0.0430634
0.235293
0.0472561
0.0460126
0.921827
0.0511759
0
0.0247648
0.0139683
0.0210082
0
0
0.0159115
0
0.0178
0.0304614
0
0.0653
0.0277335
0.115424
0.128661
0.0142597
0
1.00805
0.0161137
0.0445368
0.0832786
0
0.116197
0.0640151
0.0220987
0.0721399
0.0297396
0.0228337
0.758026
0.0502936
0
0.0186766
0
0.0159115
0.0353361
0.0153504
0
0.0644484
0.0277335
0.033032
0.0847712
0
0.0236233
1.01111
0
0.0148387
0.0513138
0.0146703
0.0163616
0.0228005
0
0.0222773
0.0282215
0.0609819
0.0695346
0.319486
0
0.0178942
0
0.0181074
0.0153504
0
0.0222644
0.0277335
0.0414596
0
0.625414
0.0167946
0
0.0406382
0.0220201
0
0.0468882
0.0283149
0.0251739
0.0211862
0
0.0153504
0.0222644
0
0
0.254755
0
0
0
0.0192592
0
0
0.0211862
0.0222644
0
0.0396806
0
0.0192592
0
0
