0.0564354
0
0.0402375
0.285589
0.651766
0.299781
0.0200393
0.0333635
0.0166672
0.98048
0.36308
0.643372
0.019472
0.00286253
0.0210529
0
0.00313046
0.00554593
0
0
0.0721593
0.0103479
0.024478
0.00924741
0.00887018
0.00312708
0
0
0
0.00617799
0
0
0
0
0.539073
0.00274406
0.00740957
0.00545589
0.00274561
0.00260487
0.0117636
0.00274483
0.00274483
0.00281585
0.0197886
0.0678742
0.0180507
0.0317741
0.00262366
0.00285687
0.0192161
0.00588322
0
0
0.029794
0.0030673
0
0.0134707
0.00840696
0.00282858
0
0.0108911
0.0028396
0.0112976
0.135704
1
1.02925
0.00421558
0.0229999
0.0158772
0.00274483
0.0168106
0.00310678
0.0309233
1
0.00295279
0.00265045
0.0109046
0.00313614
0.00295279
0.00545153
0
0.0404591
0
0.0028673
0.00882505
0.00270897
0.0025623
0.00267276
0.00256667
0.0132065
0.0133551
0.0321323
0.0271787
0.0394209
0.274824
0.146414
1.00856
1.00143
1.00213
0.00825581
0.0067161
0.00281333
0.00723328
0.00287438
0.00417547
0.00263607
0.0258567
0.00295012
0
0.977153
0.0053447
0.00259717
0.00361628
0.0101708
0.023866
0.00523288
0.00264386
0.00271222
0.00397127
0.0337251
0.00324155
0.0770585
0.00271222
0
0.0113336
0.00262045
0.00268718
0.511756
0.0147954
0.00828844
0.0158702
0.00277738
0.0186678
0.0161384
0.0850152
0.0663111
0.182434
0.130946
0.989446
1.01123
1
0
0.00295012
0.00420143
0.00680346
0.00289452
0
0
0.0058513
0.00596271
0
0.00253204
0.00268436
0.0117587
0
0
0
0.00568046
0.689325
0.00629962
0.00574384
0.00263674
0.00270084
0.00704105
0.00294569
0.121641
0.0053898
0
0.0151662
0.00295279
0.00270084
0.011575
0.00523215
0.00414018
0.0147932
0.00253417
0.0199648
0.00375602
0.040741
0
0
0.00686512
0.00589032
0.011383
0.0200414
0.0110432
0.00266179
0.00253278
0.0330072
0.00543763
0.00702711
0.00563484
0.00772721
0.0105351
0.00248759
0.00266179
0.00381564
0.00255982
0.126859
0.0277577
0.179111
0.0737917
1.0037
1.0024
0.00260195
0
0.00928792
0.00673739
0.00529075
0.00260049
0
0.00825238
0.00699505
0.00260122
0.00407665
0.00268436
0
0.00268436
0.00273876
0.0978139
0.00275305
0.0052118
0.00254686
0.0160741
0.0224721
0
0.00272411
0.218996
0.0052118
0.00528895
0.0185396
0.0123272
0.00247195
0.00245711
0.00252205
0.00362186
0.0325104
0.0301304
0.00267252
0.00247195
0.00263674
0.00337084
0.00312452
0.0102635
0.00539748
0.00277276
0.00268718
0.00251072
0.00517251
0.0308807
0.00382897
0.0117504
0.00269372
0.0027673
0.00269249
0.0102931
0.00268718
0.00251072
0.00674675
0.00256827
0.022071
0.201136
0.00963229
0.00253349
0.0027347
0.0026565
0.0035464
0.00556317
0
0
0.00809406
0.00245741
0
0.00311334
0.00253278
0
1.08357
0
0.00532821
0.00514076
0
0.0455021
0.0232341
0.00577528
0.0150892
0.0026522
0.00262948
0.00280251
0.0131833
0.0140191
0.0257813
0.00313828
0.00859388
0.00529972
0.00438246
0.00266236
0.00881285
0.00781455
0.00277842
0.00262948
0.00296803
0.00275553
0.00806116
0.00544137
0.00276457
0
0.00282104
0.00271222
0.00399795
0.0108926
0.0643803
1
0.00523485
0.00766706
0.0161504
0.00422503
0.0195943
0.0052319
0.00266455
0.00820141
0.0052698
0.010252
0.0151325
0.00607521
0.00553101
0.00815111
0.00277148
0.00767979
0.00278601
0.00581831
0.00311231
0.00277148
0.00525587
0.00831444
1
0.112742
1
0.965536
0.00797607
0.00528526
0.0119053
0.141846
0.00528526
0.00270123
0.00528358
0.00299294
0.0567908
0.00246293
0.00315022
0.0627504
0.0324308
0.0444515
0.00260724
0.00845205
0.00254005
0.0053016
0.0103845
0
0.00527419
0.0127168
0.00776101
0.0625887
0.00559699
0.0143716
0.0135844
0
0.010729
0.009608
0.01802
0.01939
0.981754
0.00557781
0.00294114
0.00535312
0.00355836
0.0026975
0.00264122
0.00281428
0.00282858
0.0112899
0.0128431
0.00276136
0.00859732
0.00558568
0.00272112
0.0149472
0.0114974
0.00265234
0.975268
0.992458
0.951602
0.00524346
0
0.0025596
0.00257401
0.0379462
0.0164216
0.185437
0
0.00524346
0.0025596
0.0153576
0.00264093
0.0445984
0.0784592
0.0268845
0.0167102
0
0.00731901
0.00556756
0.0103739
0
0.00814078
0.00520651
0.0636952
0.00803089
0.0147499
0.0109911
0.00620769
0.00520651
0.00976221
0.0220457
0.00583793
1.00056
0.00791216
0.00265084
0.00366171
0.00757683
0.00267419
0.0201157
0.32577
0.244566
0.63193
0
0.00253278
0.00291301
0.0201272
0.0758084
0.00279607
0.00390808
0.0631913
0.00253278
0.00235068
0.161789
0.00377066
0.00251378
0
0.0132464
0.0773449
0.00754133
0.00236193
0.00281912
0.00266531
0.00245911
0.00282167
0.00282167
0.0298489
0
0.00282167
0.00360918
0.00871791
1
0.00808707
0.0502684
0.0209206
0.00808252
0.0080848
0.00467209
0.00537801
0.00704792
0.015232
0.0220008
0.00286475
0.0106467
0.0361625
0.0908056
0.396961
0.00289006
0.00345902
0.0314697
0.00306521
0.00274862
0.00277622
0.005167
0.00274902
0.00723569
0.00961747
0.999397
0.00275121
0.0138574
0.0258828
0.00274649
0.0027923
0.0463923
0.263879
0.0119276
0.00304265
0.00294973
0.00245911
0.00245911
0.0054941
0.006603
0.00245911
0.00245911
0.00266453
0.00688797
0.00268149
1
0.00296803
0.00304834
0.00266656
0.00267119
0.00253329
0.0866692
0
0.0222602
0.00686663
0.0258379
0
0.00282935
0.00861022
0.0467113
0.199756
0.00567664
0.00309273
0.00271222
0.00271222
0.00310244
0.00267119
0.00718831
0.00277169
0
0.0120153
0
0.003084
0
0
0.00266463
0.00395761
0
0.00266284
0
0.00515794
0.0579459
1.00118
0
0
0.00399719
0.00269966
0
0
0.24162
0.292321
0.00557829
0.00539429
0.00477824
0.0639302
0.00546084
0.00582174
0.00282213
0.010975
0.00266656
0.0602892
0.00266656
0.0821286
0.00279906
0.00800493
0.00423192
0.00252651
0.00581843
0.00258027
0
0.00268273
0.0190417
0.00262195
0.120059
0.00730784
0.00563763
0.0170961
0.0317526
0.00289336
0.00281551
0.00805376
0.0265965
0.00286926
0.002818
0.00339091
0.00545662
0.00276154
0.00283308
0.00564852
0.0291087
0.00894053
0.00283308
0.0323985
0.00283308
0.00314786
0.00578022
0.00297593
0.00561986
0.0247118
0.00295197
0.00986856
0.0124831
0.00308356
1
0.00270305
0.00294987
0.00548888
0.00379843
0.0319512
0.182739
0.00283308
0.00285955
0.00467458
0.0233273
0.00294667
0.00308688
0.673477
0.00611664
0.0114345
0.0735219
0.00648058
0.00495574
0.00280825
0.00266656
0.0881972
0.00547988
0.00332045
0.0799969
0.00259829
0.0028499
0
0.00282098
0.0028499
0.0389743
0.0031099
0.00277378
0.0142275
0.00795687
0.170589
0.00590438
0.0171786
0.0409822
0.00587799
0.00566476
0.00374436
0
0.00311087
0.00277739
0.0149774
0
0.0672782
0.560666
0
0.0437909
0
0.00303715
0.00292469
0.00299714
0.00750075
0.00600929
0.00554648
0.00592793
0.0812241
0.0042693
0
0.0214134
0.0744388
0.260598
0.0151054
0.0385986
0.0138363
0.00452565
0.0122294
0
0.00673788
0.00955985
0.00283287
0.0198769
0.0177932
0.00955416
0.0584319
0.00286887
0
0.027288
0.0166664
0.00843952
0.0904853
0.0225435
0.957519
0.584697
1.04884
0.00518986
0.0110881
0.0031119
0.00249657
0.00577515
0.00259325
0.00532038
0.0110721
0
0.00259325
0
0.0114435
0.00264094
0.00250967
0
0.00291613
0.00290052
0.00554204
0.00512727
0
0.00292752
0.0419781
0.0402129
0.0229562
0.0235175
1
0.00276654
0.0072938
0.0228233
0.0500158
0.00271452
0.00839595
0.0139832
0.00660848
0.00301179
0
0.00269291
0.00297818
0.00540278
0.0326381
0
0.0354295
0.0564584
0.0488455
0.0288654
0.00274804
0.990491
1.02263
0.943037
0.00264788
0.0350873
0.0147559
0.118341
0.00296882
0.0172932
0.00433996
0.0132846
0
0.00268542
0
0.00271274
0
0.00275769
0.00262516
0.0256855
0.00265716
0.0167452
0.00253995
0.00562363
0.0412053
0.00533748
0.0139373
0.00278773
0.943352
0.00307813
0.0149721
0.00814709
0.00907373
0.0110862
0.00251636
0.00273332
0.0269629
0
0
0.0082848
0.0120587
0.00597542
0.00311683
0.00584441
0.0118191
0
0
0
0.0977672
0.0566725
0.0253345
0.185942
0.0250455
0
0
1.00381
0.998991
0.970607
0.00291859
0.00656278
0.00373659
0.0120208
0.033506
0.00839636
0.00798773
0.00254822
0.00552071
0.00285072
0.0135887
0.0028687
0.00283888
0
0.124245
0.0176057
0.00815761
0
0.011466
0.00525686
0.00625584
0.0029771
0.0103505
0.0320633
0.00259386
0.00552208
0
0.0613659
0.0173376
0.112567
0.0194851
0.0028499
0.00447325
0
1.00951
0
0
0.045101
0.00422313
0.00801686
0
0.00278773
0
0
0
0.00460661
0.00530796
0.00294224
0.0221863
0
0.00300078
0
0.0694406
0.0783673
0
0.00374564
0
0.00559579
0.00287653
0
0.0352537
0.00283243
0.00239112
0
0.00259492
0.0250491
0.024458
0.0652829
0.0651525
0.247224
0.0417256
0
0
0.0106866
1.00758
1.00486
0.00287508
0.00283977
0.00877062
0.00703187
0.00831005
0.00298032
0
0.00283817
0.0027557
0.00545894
0.00427195
0.00855737
0.00263961
0
0.00283897
0
0.00304779
0.00296383
0.00303779
0.0115735
0.00877783
0.00267522
0.0444029
0.011236
0.0164804
0.0424069
0.0024745
0
0.00370071
0.321456
0.0049146
0.0140257
0.0239903
0.00872791
0.00284251
0.0059008
0.00277051
0.0636294
0
0.0315264
0
0.00729851
0.0109427
0.0820839
0
0.00312256
0.00417056
0.00545956
0.0197492
0.0313401
0.202482
0.00583876
1.01868
0.00659372
0.00281551
0.00268081
0.00309994
0
0.00290258
0.00249709
0.00313214
0.00261492
0.00263961
0.00263192
0.00298491
0.0023889
0
0.0026844
0.0055806
0.0216181
0.00250967
0.00270852
0.96774
0.143357
0.00255071
0.00259858
0.016736
0.0336154
0.0188076
0.0354002
0.00271227
0.014644
0.00297056
0.00665008
0.00785595
0.00275049
0.0796095
0.00299022
0.00529717
0.0365996
0.0110477
0.0138261
0.00555613
0.0182967
0.00283973
0.00529717
0.00274335
0.0187689
0.0550093
0.139832
0.00369489
0.00290258
0.0175177
0.0450959
0.0304044
0.00575995
0.0234998
0.00358257
0.00288402
0.00246391
0.00562772
0
0.00500241
0.00736332
0.00787394
0.00540852
0.00505329
0
0.0027859
0.00776349
0.00274764
0.00261988
0.00265585
0.00281745
0.00797212
0.0116327
0
0.00275267
0.00447192
0.0350338
0.024515
0.00290825
0.0197885
0.00276941
0.0735631
0.00274664
0.993345
0.376346
0.96987
0.388642
0.00263961
0.0177813
0.0635159
0.0161365
0
0
0.00262859
0.0051545
0.00519264
0.00610809
0.0111645
0.13917
0.00262859
0.00603674
0.0613196
0.0108841
0.00889747
0.0110525
0.0481366
0.00259325
0.00263181
0.020214
0.0524533
0.00580571
1.01862
0.00788147
0.0279423
0.00286435
0.0123969
0.0144421
0.0112529
0.00547781
0.00384518
0.0165249
0.00264247
0.00751989
0.00254328
0.00271928
0.0287251
0.00547627
0.00290739
0.00834252
0.00294835
0.0029772
0.0115625
0.00291892
0.00543616
0.00250967
0.00389683
0.103668
0.0322324
0.00257144
0
0.0125024
0
1.00741
1.01572
0.705596
0.00262859
0.00876195
0.121036
0.00756212
0.0137171
0.00375512
0.0252569
0.00340989
0.00853995
0.00309074
0.204516
0.00290825
0.00534818
0.108686
0.00564405
0.00369854
0.00525639
0.0212685
0.00246569
0.00534818
0.0030059
0.00729297
0.0196269
0.08313
0.00285542
0.0161862
0.00254333
1.0074
0
0.00475868
0.00269258
0.0027903
0.00576558
0.00577062
0.00262792
0.0184341
0.00298048
0.00814893
0.0818999
0
0.0304248
0.0055042
0.00267522
0.0035257
0
0.377133
0.981942
0.523416
0.0030704
0.0578642
0.00319454
0.00290825
0.0114094
0.0109618
0
0.0109083
0.0812853
0.00273796
0.00299746
0.0745892
0.00544129
0.00299746
0.00290825
0.00473282
0.0170577
0.0451537
0.00280698
0
1
0.0029308
0.002684
0.00287589
0.00281551
0.00568038
0.00877118
0.00279084
0.00561924
0.00536172
0.00300175
0.005446
0.00294595
0.00546169
0.124182
0.0227234
0.00278647
0.0234072
0.0381335
1.0183
0.455965
0.00450937
0.0306855
0.00264726
0.00311915
0.0528973
0
0.00537616
0.0254418
0.002684
0.0157102
0.0109243
0
0.00273296
0.00436691
0.00824366
0.00876864
0.00747673
0.00531278
0.0158548
0.00816649
0.995995
0.487421
0.00381795
0.0290571
0.00254602
0.00322034
0.0059586
0.519096
1.02446
0.123391
0
0.00275709
0.00266013
0
0.00274664
0.0110986
0
0.00401197
0.0162043
0
0.00258643
1
0.00593077
0.00300092
0
0.00490162
0.147761
0.038172
0
0.00327379
0.0122966
0.00251082
0
0.12588
0
0
0.00280825
0.0393177
0
0.00539468
0
0
0.0100152
0.00258643
0.00280148
0.00245931
0.00253347
0.00251082
0
0
0.0035033
0.00284218
0
0.0262032
0.0103178
0.00282788
0.00251082
0
0
0.474665
0
0.00287366
0.00308119
0.00291217
0.0113602
0.0118374
0.00550206
0
0.00561492
0.00577739
0.00568572
0.366911
0.00577739
0.108688
0.60705
0.00273257
0.00577739
1.028
0.139578
0.0415648
0.0524446
