0.0706334
0.152594
0.311294
0.311294
0.311294
0.311294
0.311294
0.311294
0.311294
0.311294
0.0122186
0.198837
0.0655725
0.0235814
0.376606
0.0126848
0.249724
0.00881821
0.0328508
0.0156213
0.0110587
0.025414
0.00679542
0.0328931
0.195399
0.161913
0.00685386
0.0335286
0.0153321
0.0250491
0.0119109
0.0137286
0.0118698
0.240311
0.0627521
0.0085002
0.00839556
0.0300172
0.047211
0.0300599
0.00854268
0.00660418
0.00712111
0.00949879
0.149021
0.0114144
0.0502581
0.00684031
0.0407665
0.0442824
0.0188655
0.118029
0.0130734
0.0125233
0.00864974
0.045945
0.14518
0.0134263
0
0.0448852
0.00942887
0.11189
0.0339671
