0.0404037
0.19766
0.74943
0.0264103
0.0264177
0.00278579
0.0396939
0.0238163
0.00272151
0.0264252
0.0136642
0.515242
0.0595409
0.0446295
0.0302158
0.039977
0.223147
0.0028889
0.472617
0.0292035
0.0106727
0.0505359
0.00334295
0.0461013
0.00925088
0.0161341
0.00531654
0.0107735
0.0167148
0.0236911
0.0190005
0.161841
0.00531654
0.00289186
0.00262441
0.00277222
0.00289044
0.00262441
0.0979703
0.0608635
0.903963
0.986943
0.0106442
0.00253892
0.0131749
0.0106472
0.0131786
0.0150808
0.0258636
0.00299668
0.0171847
0.00554544
0.0135326
0.0131749
0.056464
0.0028712
0.0131749
0.00853695
0.0031407
0.0187724
0.025099
0.00283211
0.00591893
0.00290142
0.00260022
0.0029868
0.00825247
0.0034658
0.0163316
0.00259249
0.0739898
0.0186675
0.00252769
0.991317
0.958202
0.0459806
0.0459936
0.0109106
0.257413
0.0459936
0.0460065
0.0425325
0.229968
0.057492
0.0109106
0.0579347
0.0459936
0.229968
0.00797245
0.00283044
0.0109106
0.0459936
0.0903553
0.507841
0.0309368
0.0250042
0.00620384
0.0187824
0.0790478
0.0137639
0.00886443
0.0257971
0.0315671
0.00550768
0.0917974
0.00835255
1.00342
0.521303
0.0024709
0.00522916
0.00522769
0.00545124
0.00799106
0.00522621
0.0024716
0.00247229
0.00522769
0.0161404
0.00536295
0.0107478
0.00522769
0.00259741
0.0171192
0.0024716
0.0131247
0.00253555
0.0131764
0.0157496
0.0783862
0.0418488
0.00580941
0.0054101
0.0131247
0.0136604
0.016558
0.0268411
0.0131764
0.0131247
0.0262494
0.0476339
0.0134529
0.0131247
0.024869
1.0037
0.284343
0.00846694
0.0150348
0.0271453
0.00846933
0.00847172
0.0130044
0.0362971
0.0271199
0.00846933
0.016272
0.00875411
0.00846933
0.00786671
0.0281633
0.0817768
0.0313464
0.0356603
0.00250358
0.00780263
0.0168977
0.0107296
0.0302786
0.111477
0.00252414
0.00260807
0.00250358
0.00357654
0.0343881
0.00834526
0.00250358
0.226086
0.992243
0.341821
0.0131782
0.195521
0.0271625
0.0131819
0.0131819
0.0359508
0.0131819
0.0131819
0.0137069
0.013345
0.0823392
0.0137847
0.202443
0.0126228
0.0136486
0.00561287
0.0123527
0.0131819
0.195521
0.0130063
1.03353
0.451641
0.0140966
0.00587648
0.0176245
0.0117274
0.00285557
0.0141006
0.00293465
0.00587316
0.0141006
0.00881223
0.0423017
0.00293465
0.0030433
0.0141006
0.00297418
0.00587482
0.0142249
0.0146813
0.00271681
0.0278024
0.0168197
0.0823875
0.00574912
0.00271681
0.0168174
0.0108269
0.0278024
0.00839567
0.0196834
0.00293465
0.00842038
0.00293465
0.00240133
0.0263545
0.00303757
0.00293465
0.00853381
0.014758
0.00842038
0.00293465
0.00419235
0.0281792
0.0838667
0.00440936
0.00839056
0.0058934
0.00295876
0.00794849
0.0282718
0.0252574
0.00295876
0.00256462
0.0148406
0.00584993
0.0315764
0.00309922
0.0512312
0.008044
0.00281336
1
1
0.0138711
0.00298986
0.0189205
0.0138751
0.0138751
0.00296582
0.00773886
0.0823292
0.0520314
0.0138751
0.00298902
0.00265851
0.0174608
0.0138751
0.0025675
0.0832503
0.00371219
0.00298902
0.0686118
0.0138751
0.0138751
0.0103697
0.00299521
0.0715095
0.0165962
0.221845
0.0200801
0.0243822
0.0199159
0.00310496
0.00285353
0.00309497
0.102198
0.00387062
0.00298902
0.021908
0.898227
1.00597
0.00555619
0.00555775
0.00555775
0.00999429
0.0060561
0.00305139
0.00555775
0.00555775
0.0135791
0.0057135
0.0187656
0.00555775
0.0138962
0.0188612
0.762615
0.0312182
0.0199486
0.0112728
0.13494
0.00419064
0.186657
0.995182
0.0306789
0.00784717
0.193386
0.0306876
0.0306876
0.0196124
0.102292
0.00270961
0.0306876
0.0360145
0.0392701
0.00251805
0.0306876
0.0377708
0.0360145
0.00251805
0.00251805
0.00264128
0.00390503
0.0703048
0.0620609
0.0108597
1.0113
0.0509267
0.0457024
0.0220181
0.0595361
0.00268396
0.00400095
0.00565063
0.00487404
0.00542948
0
0.111905
0.00354475
0.928327
0.566306
0.0216116
0.00685981
0.00525674
0.00271631
0.00532351
0.00794754
0.00271631
0.0136558
0.00814742
0.00310493
0.00532351
0.00880583
0.00532351
0.00270635
0.00534259
0.0137757
0.0189793
0.00262628
0.023488
0.0054754
0.0136558
0.00534175
0.010804
0.00532351
0.00554218
0.011148
0.0363129
0.00853685
0.00534175
0.0506203
0.0811167
0.0326829
0.00281438
0.00532351
0.00887252
0.0493596
0.0296278
0.00546113
0.00532351
0.00852359
0.00269373
0.00274054
0.0027019
0.00685981
0.00271631
0.697248
0.00282789
0.388127
0.0163814
0.0462372
0.00251854
0.00251854
0.0432076
0.00294693
0.0151112
0.00251854
0.00545624
0.0163277
0.00251854
0.0134794
0.0148807
0.00260112
0.00251854
0.0110454
0.00802319
0.00566766
0.0163768
0.0109609
0.00833407
0.00654749
0.0163768
0.0158854
0.052233
0.0195201
0.00570616
0.0481391
0.0664257
0.0113023
0.0362393
0.0178865
0.0057673
0.00558705
0.00544075
0.088047
0.00354301
1.02066
1.02125
