0.0103264
0.313381
0.427259
0.427259
0.427259
0.427259
0.427259
0.427259
0.427259
0.427259
0.156252
0.0592681
0.0189635
0.47823
0.0382241
0.16169
0.00766175
0.0323942
0.0501847
0.028453
0.0167518
0.219789
0.0705106
0.0194102
0.0438385
0.00906262
0.034946
0.114373
0.013526
0.00615387
0.00179055
0.0855894
0.0111632
0.0110001
0.0105972
0.00295573
0.0494575
0.0121318
0.0472787
0.0863251
0.0107052
0.0280933
0.115617
0
0.0330447
0.0880276
0.0103752
0.214981
0.0252128
0.0953094
0.0221209
0.0103437
0.095353
0.0177905
0.110824
0.015545
