0.156693
0.0746871
0.535808
0.0331333
0.0331426
0.0465093
0.00260775
0.0279056
0.00547889
0.033152
0.00447486
0.413808
0.0697639
0.0428509
0.0342915
0.0357091
0.214254
0.413766
0.0331426
0.00254243
0.0702164
0.0413286
0.0172484
0.00589538
0.00265538
0.00252748
0.00256642
0.00252748
0.00262371
0.0122118
0.00252748
0.00287737
0.0059228
0.00256642
0.00252748
0.0151649
0.00289806
0.00254985
0.00551963
0.0166519
0.00581897
0.00947805
0.00528342
0.0777866
0.0791402
0.0492451
1.02495
1.00236
0.0311323
0.0311411
0.0311411
0.0311498
0.0119535
0.0293883
0.0231634
0.0442062
0.0319864
0.0338914
0.145249
0.0338914
0.00842078
0.00281904
0.0202595
0.0196155
0.00292374
0.00265758
0.0267895
0.00688307
0.719571
0.670062
0.00521991
0.00522139
0.0698945
0.00522139
0.00522286
0.0275548
0.0261069
0.0100062
0.00280016
0.00531595
0.00275035
0.00522139
0.00290218
0.0400249
0.00275035
0.00522139
0.0141433
0.272487
0.0110671
0.0224552
0.00278359
0.00837519
0.0526394
0.00269756
0.00278359
0.0083649
0.0114389
0.0816231
0.0209901
0.744147
0.146188
0.00262212
0.00262138
0.00252997
0.00262064
0.00262138
0.0114292
0.00268921
0.00262138
0.00341919
0.00262138
0.00263171
0.00314566
0.0792534
0.0142274
0.00564078
0.00262138
0.00272838
0.0117249
0.0106681
0.00263171
0.00564541
0.00262138
0.00524276
0.00728427
0.0168958
0.00268693
0.00262138
0.0272405
0.00273478
0.201168
0.132573
0.0164871
0.00824226
0.0645743
0.0164917
0.0164964
0.0321317
0.0706788
0.0458808
0.00820667
0.0164917
0.0275285
0.0170462
0.0164917
0.0111274
0.0412928
0.0733168
0.00545284
0.017668
0.00824226
0.0110368
0.0285871
0.00824226
0.0220373
0.157683
0.00842254
0.00301231
0.00549229
0.112226
0.875291
0.129292
0.0223907
0.0139548
0.125219
0.028075
0.0223971
0.0139588
0.00844223
0.0610829
0.0209322
0.00844223
0.206985
0.00844223
0.0113026
0.00277737
0.00877843
0.0139548
0.00854669
0.0182019
0.0335052
0.0114064
0.0791284
0.00268501
0.00808411
0.0144548
0.00533479
0.00250495
0.0026522
0.00791114
0.00844223
0.125219
0.00739628
0.00832972
1.04265
0.418651
0.011114
0.00285278
0.00562686
0.00574939
0.0111171
0.0111171
0.00279095
0.00427797
0.0333514
0.0111171
0.00273802
0.0145445
0.00262962
0.0167422
0.0224658
0.0026173
0.00262962
0.00285198
0.0137468
0.00295233
0.0167422
0.00847102
0.00839952
0.00299544
0.0232165
0.0174277
0.00299544
0.0095582
0.0738809
0.022928
0.00297808
0.0144769
0.00841751
0.00841751
0.00937765
0.00294283
0.036075
0.00841751
0.00341006
0.00579003
0.0114365
0.00273411
0.00388906
0.0424711
0.0148885
0.00285198
0.856178
1.00604
0.0189307
0.0258219
0.0189361
0.0189361
0.00400324
0.112359
0.0710102
0.0189361
0.0196061
0.0189361
0.00258491
0.113616
0.00569576
0.00648152
0.0936384
0.0189361
0.0189361
0.00262401
0.00408144
0.0136721
0.0465438
0.00268255
0.0259213
0.158524
0.0143484
0.0163247
0.00258491
0.00258491
0.00430819
0.0114893
0.0110782
0.00258491
0.00268255
0.00910234
0.00270467
0.110376
0.0381394
0.597666
0.998868
0.00784418
0.00530131
0.0026593
0.00784639
0.0142463
0.00591767
0.00784639
0.00784639
0.00323549
0.00294651
0.00806627
0.0134179
0.00784639
0.00276831
0.00269262
0.0175239
0.0134863
0.00771062
0.458779
0.0138748
0.00836258
0.00270247
0.0551081
0.00363583
0.0814467
0.00848361
0.449538
0.0391081
0.0055568
0.223128
0.0418247
0.0391191
0.0352838
0.130397
0.00567313
0.0391191
0.0418471
0.0455294
0.00282723
0.0391191
0.0386034
0.0418471
0.00282723
0.00265086
0.00368769
0.00282002
0.00869029
0.0369591
0.002947
0.0665152
0.0115946
1.00539
0.0142917
0.0138598
0.00270556
0.00285951
0.0311669
0.00406438
0.00902337
0.00270556
0.00278053
0.040136
0.0109465
0.00256262
0.538068
0.00282224
0.317734
0.0105757
0.00552923
0.0132461
0.0106656
0.0134135
0.0110784
0.0105727
0.00285055
0.00542579
0.00284082
0.00284082
0.00257356
0.00295751
0.00738299
0.00273985
0.0140285
0.00284082
0.00834108
0.0309563
0.0330494
0.00791817
0.00267056
0.00794218
0.00244331
0.507444
0.167302
0.00559541
0.0550847
0.0083378
0.0055053
0.0247134
0.0500268
0.0055053
0.00543681
0.00557705
0.0055053
0.0139157
0.0148277
0.00568582
0.0055053
0.00847532
0.00847893
0.00564748
0.00559384
0.00841044
0.00880748
0.00652417
0.00559384
0.0196112
0.0400791
0.00666749
0.00568584
0.0508736
0.0546809
0.0287603
0.0249386
0.0732198
0.00598352
0.0199218
0.00294225
0.00542137
0.0632773
0.0121393
1.00776
0.00294225
1
