0.113773
0.308809
0.690679
0.00252698
0.00636667
0.0206572
0.011002
0.013286
0.00550756
0.00789907
0.00542271
0.0198958
0.023886
0.989598
0.818192
0
0.00518448
0.0077993
0.0233956
0.0135919
0.0882754
0.0210969
0.00807597
0.0135576
0.00274884
0.0310879
0.184114
0.991925
0.613348
0.00530293
0.00520861
0.00537623
0.00482924
0.0108115
0.0657381
0.0135948
0.0987266
0.00263016
0.0108711
0.0164346
0.0374541
0.512624
0.0313274
0.997164
0.432092
0
0.0939766
0.0922985
0.0027937
0
0.0213361
0.100572
0
0.00269466
0.00269466
0.00269466
0.0269466
0.00269466
0.00269466
1.00604
0.434208
0.0457782
0.040486
0.0805853
0.015524
0.0464463
0.411732
1.00513
0.67869
0.0326428
0.0936465
0.995917
0.435204
0.00257906
0.0425774
0.00254853
0.158657
0.867874
1.01553
0.0108983
0.036033
0.0114477
0.0907306
0.0055591
0.243761
0.619747
1
0.0027428
0.00266781
0.158992
0.0031608
0.00277748
0.00276507
0.0247406
0.0108528
0.357456
0.0274499
0.141992
0.0301869
0.0246193
0.0036248
0.00841111
0.721468
0.0114998
0.00353778
0.999767
0.999879
0.0386778
0.00537685
0.00407354
0.0166076
0.00387354
0.481032
0.029844
0.169891
0.00522007
0.00580008
0.0139154
0.0274178
0.00784175
0.00522007
0.00815096
0.412344
0.0177737
0.993644
0.0195753
0.99222
0.00271418
0.042706
0.148491
0.116961
0.00543733
0.0162295
0.117316
0.00324589
0.00280256
0.00271418
0.998728
0.999549
0.00801118
0.0109403
0.0824661
0.0110146
0.245237
1.00185
1.00321
