0.0472868
0.174935
0.915842
0.219974
0.914601
0.131183
0.202368
0.25319
0.00304112
0.0479218
0.00299798
0.0486114
0.47346
0.389143
1
0.441368
0.0147412
0.0957959
0.014571
0.0969146
1
0.464747
0.646486
1.00067
0.0200215
0.00249772
0.00249772
0.00263072
0.215471
0.0224282
0.217622
0.985478
0.0203873
0.998938
0.0117029
0.169497
0.011595
0.171075
0.0157772
0.647235
0.0290459
1.00041
0.0747727
0.0754937
0.243298
0.32024
0.0879691
0.890364
0.14286
0.873953
0.0194048
0.930569
1
0.0193638
0.654987
1
0.317888
0.429403
1
0.762065
1.00685
0.803285
0.708688
1
1
0.148031
0.98573
1.00488
0.650409
0.107408
0.192309
1
0.367242
0.468057
0.241359
0.038222
0.0389656
0.66779
0.49172
1.02206
0.00617367
0.460531
0.0844616
0.00607994
0.0857636
1
0.399559
0.54037
0.00289293
0.885852
0.172237
0.00285751
0.174372
0.694913
0.00284204
1
0.157902
0.00281281
0.159543
0.512389
0.0190499
1
0.0593287
0.0598867
0.738209
0.211797
0.0892582
0.193234
0.159607
1
0.507624
0.109507
0.975471
