0.0479786
0.0139163
0.678336
0.328656
0.00871132
0.0297983
0.00554925
0.0226004
0.160408
0.0198954
1.01179
0.0547335
0.0187878
0.192531
0.317149
1.01736
0.235455
0.00292499
0.0209697
0.00313833
0
0
0
0
0
0
0.00292204
0
0.0136201
0.00299174
0.00279469
0.00926677
0.00571425
0.0136118
0.00299174
0.00279469
0.00571425
0.0306986
0
0.00753263
0
0
0.00270715
0
0.00264527
0.0410948
0.0485197
0.00262151
0.00271623
0.00270715
0.00803093
0.0625676
0.220148
0.00252177
0.0054895
0.0233521
0.0107697
0.0135357
0
0
0
0.00506716
0.00908764
0.00338394
0.00261662
0.0109446
0.00251089
0.0112525
0.109319
0.00506716
0.170583
0.943424
0
0.00292581
0.00284661
0
0.00279509
0.00272403
0
0.00281251
0.0246594
0.010719
0.00845657
0.0524399
0.00647172
0.00282924
0.00299311
0.00343418
0.00292499
0.0164056
0.0472747
0.0810326
1
0.00292416
0.00257527
0.00403621
0.00576724
0
0.00508151
0.00263908
0.00258325
0.00379065
0.00902383
0.00293728
0.00869206
0.00263658
0.00277833
0.0315029
0.00288545
0.00366888
0.00289956
0
0.00271402
0.00837811
0.576675
0.02295
0.0255898
0
0.00292499
0
0.00272251
0
0
0.00304902
0
0.00258452
0.00309481
0
0.908071
0
0.00715653
0.015801
0
0.0164379
0.0030346
0.00384099
0.00263864
0.00611451
0.00348582
0.00308196
0.00989489
0.0164841
0.00251089
0.0243688
0.00523926
0.00582104
0.0150654
0.00274734
0.00328036
0
0.0447977
0.0910791
1
0.444848
1
0.00289874
0.00407916
0.00285339
0.00286268
0.00290038
0.00928926
0.00274023
0
0
0.00310158
0.64118
0.00316114
0.00295151
0
0.00292367
0.00515744
0.0031018
0.00310158
0
0.00270034
0.0035627
0.00350998
0
0
0.00274734
0.0643706
0.00308909
0.00270034
0
0.0045789
0.00923154
0.00298749
0.013914
0.111955
0.654016
1
0
0.988297
1.01656
0
0.00272251
0.0148143
0.00302394
0.00567059
0.0148446
0.0131229
0.00274023
0.00266613
0
0
0.00463714
0.00282727
0
0
0.236349
0.00300497
0.0459743
0.0428359
0.00481015
0.00613459
0
0
0.0100916
0.00907503
0.0110108
0
0
0.00257426
0.0068567
0.00453754
0.00289719
0.00919007
0.00503895
0.0221951
0
0
0.00284708
0.0052077
0
0
0.018506
1.01462
0.983586
1
1
0.734157
0
0.00509873
0.0106675
0.00267765
0.00253888
0.00274706
0
0.00275917
0.00523066
0.00247322
0.00374599
0.0025396
0.00248153
0.873306
0.00259969
0.00770225
0.00550622
0.00291077
0.0206952
0.00547739
0.169503
0.0027292
0
0.00258007
0.00266261
0.0166288
0.052678
0
0.00289956
0
0.134921
0.00995739
0.135441
0.0028761
0.0273389
0
0.00260569
0.00292089
0
0.0278732
0.00543225
0.00555016
0
0.0082325
0.00274706
0.00259059
0.0111783
0.00274706
0.00265245
0.0108146
0.0104915
0.0299506
0.00532204
0.00274706
0.00259059
0.00274706
0.0127486
0.0299833
0.134466
0.209107
1.00098
0.719275
0.995947
1.00202
0.89851
0.109945
0.00254032
0
0
0.00869323
0.0226762
0.0148862
0.00578298
0.00301104
0
0.00285186
0.00288565
0
0
0.0027292
0.00921588
0.00539132
0.0227045
0.00277879
0.00873523
0.00465732
0.0211181
0.00270417
0.00577114
0
0.0025794
0
0.00295469
0.00915913
0.00279439
0.00698598
0.00792933
0.00280701
0.00298867
0
0.00577114
0
0.00289145
0
0.00825098
0.999316
0
0.0108525
0.00291519
0.00275917
0.00781733
0
0.00566832
0.0156271
0.00837463
0
0.117921
0
0
0.00812944
0.00272374
0.00278183
0.0226443
0
0.00292729
0.00249579
0.00257803
0.00287433
0.00262542
0.00831928
0.0185749
0.0161451
0.0598893
0
0
0.0171999
0.00580893
0
0.00356541
0.00564946
0.00540785
0.018551
0.0093592
0.00830848
0.00571157
0.00793994
0.00262434
0.00289145
0.00852247
0.0297035
0.0109439
0.0165613
0.0142824
0.0195361
0.0160277
0.0149624
0.00234624
0
0.00266537
0.0026777
0.00289145
0.0187728
0.0304855
0.0616249
0.384289
0.307559
0.250832
0.994429
0.254874
0.971553
1.01809
0.225734
0.00529859
0
0.0107633
0.00550904
0.00382055
0.0819618
0.010794
0.0126413
0.467814
0.00850664
0.00300229
0.00522133
0.00266337
0.00530874
0.00275871
0.00528021
0.00816522
0.00286858
0.0349805
0.00508494
0.00283063
0.00293326
0.00279607
0
0.014643
0.00814214
0.00276513
0.0138116
0
0.00533204
0
0
0.00809807
0.00275878
0.00549069
0.0027623
0.00287525
0.0025396
0
0.00336804
0.021751
0.0110041
0.00279583
0.988381
0.0466319
0.197009
0.0103184
0.00253542
0.00281178
0.00774248
0
0
0
0.00849039
0.054644
0.0220004
0.00789442
0.00242787
0
0.00560664
0
0
0.0110772
0.0144249
0.0238144
0.00835163
0.00277879
0.0057433
0.0026027
0.00298226
0.00567601
0.00416613
0
0.0112145
0.017222
0.220321
0.00288891
0.00282571
0.00277742
0.0026596
0.00512421
0.00427779
0.005286
0.0135232
0.0251533
0.0385747
0.00549297
0.00577604
0.00800565
0.0269613
0.00253839
0.00551977
0.0847107
0.0111605
0.0131259
0.00382311
0.0244091
0.0110162
0.0110657
0.033524
0.0052265
0.00531353
0.00819759
0.00785226
0.00416613
0.0298514
0.054108
0.0859452
0.119525
0.18945
0.635619
0.438239
0.415756
0.181449
1.01303
0.982941
1.00742
0.00573486
0.00513505
0.0053306
0.00512084
0.0095176
0
0.00642625
0.0107016
0.0415191
0.0140872
0.00279543
0.00786764
0.00250523
0
0.00260299
0.0027066
0.0107032
0.00778795
0.0106079
0.0288887
0.00273011
0.0059318
0.00310161
0
0.0233748
0.0026584
0
0
0.00801022
0.00550888
0.0108194
0
0.00257362
0
0.01498
0
0
0.0345618
0.0250562
0
0.00292091
0.00510904
0.00801264
0.00246747
0.00566318
0.00322552
0.0136163
0.00262298
0.00538314
0.0206681
0.00527562
0.0132184
0.00514186
0.00279439
0.00513768
0.00547233
0.0053534
0.00328793
0.0226362
0.00841058
0.0139927
0.039431
0.0183372
0.014877
0.00279439
0.0108389
0.00290714
0.0220186
0.00882691
0.0197388
0.0232046
0.00572177
0.00264538
0.0104095
0.00976187
0.00269091
0.00538428
0.00333933
0.00838687
0.0239982
0.0586105
0.00272574
0
0.016203
0.00758155
0.00494082
0.00552141
0.00352455
0.0125615
0.01132
0.0572291
0.0104003
0.0025334
0.00530032
0.00526984
0.0135459
0.0235081
0.00508416
0.00800803
0.00547908
0.0137207
0.0205546
0.0107367
0.00259148
0.0161585
0.0215569
0.00252329
0.00992746
0.0054296
0.0103851
0.00553989
0.00288282
0.00345455
0.019012
0.0671925
0.0331717
0.171497
0.181396
0.0174291
0.0739165
0.644293
1.04311
0.00505438
0
0.00273416
0
0.0126988
0.00684769
0.0317089
0.0135212
0.0139298
0.00258544
0.00520655
0.00816414
0.00260062
0.00285967
0.00251488
0.0128054
0.0171939
0.0135987
0.00289081
0.00784807
0.00265153
0
0.00760626
0.011546
0.00553191
0
0.00275924
0.0210612
0.00530277
0.00273011
0.00510959
0.00275153
0
0.0163758
0.00260226
0
0.00547471
0.00273011
0.00545368
0.00259144
0
0
0.00867642
0.00258419
0.00283337
0.0217106
0.00771658
0.00260062
0.00559852
0.00259526
0.00288055
0
0.00261102
0.0601297
0.00277719
0.0111165
0.0172955
0.0106236
0.00759687
0.00513365
0.00551579
0.00529741
0.0198615
0.00273705
0.0115107
0.0223235
0.0466436
0.00265843
0.00780825
0.0107212
0.00271025
0.0031116
0.00550917
0.00760897
0.0210542
0.0275325
0.0152858
0.0650321
0.0026316
0
0.0466738
0.0161549
0.00815531
0.00269936
0.0112673
0
0.00996587
0.0798244
0.013727
0.00842893
0.00768282
0.00281249
0.00516914
0.0142019
0.0108075
0.00718605
0.00613272
0.0136252
0.00539565
0.0023751
0.00281249
0.0157971
0.00824509
0.00264708
0.0135879
0.00278415
0.0577435
0.0203546
0.0713356
0.0333856
0.00256839
0.0110358
0.0026658
0.00272327
0
0.0106689
0.0223244
0.0357207
0.010389
0.0107489
0.00835269
0.00256912
0
0.0110416
0.00285629
0.00800298
0
0.0163879
0.00937532
0.00802314
0.00271059
0.00310631
0.00396898
0.0070375
0
0
0.00694171
0.00536629
0
0.0214576
0
0.00546837
0.00790169
0.004325
0
0.0108251
0.00488172
0.0139011
0.00787154
0.00562842
0
0.00542542
0
0
0.00830174
0.00279553
0.0101684
0.0224499
0.00800254
0.00815115
1.00629
0.0230287
0.0105417
0.00826578
0.00284397
0.00509104
0.00559743
0.00555729
0
0.0105757
0.0115059
0.00559192
0.00285561
0.103483
0.0083143
0.00516229
0.00544235
0.002817
0.0583769
0.0058094
0.00256266
0.0461569
0.00848058
0.0165191
0.0220064
0.017525
0.00780941
0.0190872
0.00560834
0.00799306
0.00295069
0.00301507
0.0054968
0.00421397
0.00682528
0.0187018
0.0187903
0.060747
0.00271722
0.00794027
0.0081419
0.00499213
0.0154393
0
0
0.0107629
0.0130975
0.0346425
0.00279553
0.00265889
0
0.0107462
0
0.0079148
0.00531031
0.0169758
0.00265266
0.0172294
0
0.00547295
0.00769238
0.0133392
0.00851286
0
0
0.00263647
0.0129189
0.00539948
0.00272136
0.00673433
0.00971375
0.0591172
0.192521
0.00250866
0.00296007
0.00773827
0.00535105
0.00572701
0.0128466
0.0332646
0.00887888
0.00541018
0.00295841
0.00250937
0
0.00285483
0.00854384
0.00588268
0.00811918
0.00830736
0.0172683
0.00755986
0.00802327
0.0441099
0.00262826
0.00400859
0.0421783
0.0195372
0.00331989
0.0109467
0.00840474
0.0567051
0.00789122
0.00285403
0.00532259
0.0129698
0.00265757
0.00854875
0.00496149
0.00720498
0.0104648
0.0136213
0.00270695
0.00530976
0.00840474
0.00538677
0.0105558
0.00293239
0.0353292
0.0323735
0.0272224
0.0407886
0.991221
0.96043
0.03089
0.00553152
0.0190328
0.0108457
0.00826308
0
0.0105123
0.0356958
0.0785633
0.0082513
0.00806579
0.0562914
0.0162368
0.00773479
0.00527991
0.00819977
0.0152519
0
0.0104894
0.044401
0.0104513
0.00854678
0.0220018
0.0272114
0.00259023
0.00255969
0.0105362
0.0109559
0.0135195
0.00520977
0.00503002
0.016731
0.0142768
0.0112083
0.0566772
0.00265481
0.0556557
0.0354788
0.0026371
0.00655629
0.00558482
0.00519076
0.0295781
0.0109416
0.00557136
0.0232918
0.0212511
0.00268106
0
0.00256912
0.00504221
0.0343601
0
0.0155313
0.038376
0.0189011
0.0188211
0.0225468
0.00846588
0.0111049
0.00250009
0.0048533
0.0080222
0.00551825
0
0.0245662
0.00265409
0.00839464
0.00542348
0.0197783
0.130219
0.253764
0.782622
0.774049
0.0107248
0.0361275
0.0024608
0.00535411
0.0119309
0.0231437
0.0130973
0.0134933
0.00291104
0.00505215
0.00506403
0.00249772
0.00822712
0.00778259
0.0167364
0
0.00533449
0.00812171
0.00423957
0.0291528
0.00544863
0.0206337
0.00374184
0.00525569
0.00795595
0.0672364
0.0026262
0.00260242
0.00551545
0.0132257
0
0.00571245
0
0
0.00251556
0.0140346
0.00284628
0.00551701
0.00541662
0
0
0.0239122
0.0105463
0.018761
0.0169642
0.989009
1.00371
0.0162261
0.0186046
0.00535548
0.0025648
0.0135811
0.0137561
0.0419385
0.046179
0.00529496
0.00277741
0.172901
0.0052236
0.00819788
0.00803494
0.00257649
0
0.00268506
0.0982314
0.00564152
0
0.0225915
0.0129548
0
0.00252766
0.00277041
0.0081262
0.016811
0.00284035
0.00344572
0
0.0234864
0.00891773
0.0717396
0.00692602
0.00521981
0.00238416
0.00819497
0
0
0.017608
0.0684116
0.00683065
0.0159478
0
0
0.00249467
0.00258316
0.0122012
0.0054284
0.0161344
0.0329302
0.0187358
0.0292388
0.0117261
0.00559358
0.00842614
0.00800124
0.00633054
0
0.00249467
0.00541556
0
0.00285403
0.0249391
0
0.00556472
0.0115989
0.00709955
0.425018
0.200957
0.0645596
0.00806727
0.0029579
0.00798227
0.00252793
0.00263235
0.00249467
0
0.00821896
0.00721467
0.0029177
0.00797648
0
0.00789307
0.00249467
0.00308502
0.00295924
0
0.00555605
0.0141347
0.00714823
0.00826257
0.00289752
0.00413817
0.0495825
0.00534452
0.00270596
0.0025141
0.00906409
0
0.0148372
0.0051388
0
0
0.00591167
0.00279096
0.011307
0.00780878
0.0134656
0.00287808
0.00523779
0.00561464
0
0.0114316
0.00994867
0.0128524
0.0109002
0.0162152
0.998759
0.0196268
0
0.00248123
0.00282469
0.00268506
0.00812782
0.00645751
0.0782382
0.00286527
0.00765045
0.0052805
0.0772738
0.00519608
0.00244059
0.00263235
0.00251085
0.00273233
0.164413
0.0025724
0.00547498
0.0124769
0.00269759
0.00246156
0.00523361
0.00275871
0.00570437
0
0.00810972
0.0152114
0.00371507
0.0213422
0.393994
0.00268695
0.00833636
0.00263235
0.00502678
0.00364472
0.00260242
0.00413807
0.00542677
0.0463238
0.242269
0.00542094
0.002726
0.00534612
0
0.0137845
0.00258316
0.0162518
0.00267538
0.0133487
0
0
0.0057318
0.00263235
0
0.00293373
0.00521551
0.00259032
0
0.00541046
0.013284
0.0153996
1
0.14005
0.0472502
0.00278532
0.00511671
0.00488033
0.00798211
0.00295924
0.021451
0.0881781
0.00996393
0.00902247
0.0082124
0.0026843
0.00254855
0.0109098
0.0050264
0.00248123
0.00772671
0.00258994
0.00774097
0.023908
0
0.00266821
0
0.021927
0.00774982
0.00289761
0.00725364
0.00525439
0.021824
0.0107582
0
0.0185447
0.00557464
0.00382661
0.0027129
0.002504
0.0118873
0.00278611
0.00842739
0
0.00275878
0.0138998
0.0347686
0.0109061
0.0600412
0.987427
0.714384
1.02145
0.0207794
0.00832666
0.00288473
0.00278611
0.00273815
0.0254322
0.0991148
0.00268437
0.0137674
0.00257932
0.0682577
0.00297495
0
0.00852633
0.00278611
0.00534099
0.00288473
0
0.00827787
0.00279441
0.0229948
0
0.00261318
0.00268268
0.00293373
0.00273784
0.0122628
0.00457312
0.00522118
0.0484012
0
0.160989
0
0.0174482
0.00571984
0
0.00550494
0
0.0130624
0.0116951
0.0417533
0
0.0109059
0.00515429
0.007671
0.00253933
0.00755755
0.0207986
0
0.00263235
0.00768292
0.0451393
0.00539408
0.0738128
0.0110777
0.005466
0
0.00504958
0.00239147
0.00253933
0.0076209
0.00884129
0
0.0148741
0
0.00524544
0.0197447
0.0153851
0.644541
1.00804
0.124976
0.00515807
0.00545307
0.00269646
0.0242157
0.0133091
0.00804948
0
0
0
0.00519266
0.00533771
0.0132057
0.00550581
0.0056433
0
0
0.00253877
0
0.0262932
0.0086207
0.0120683
0.00558516
0.0081685
0.00264724
0
0.00716175
0.00262369
0
0.00263676
0.0192784
0.00547077
0
0.00272883
0.0134329
0.283272
0.0412641
0.00547869
0.0419927
1.3541
1
0.378651
0.00502991
0
0.00297495
0.00262597
0
0.00568752
0.0257244
0.0216333
0.00267102
0.00272613
0.0216212
0.00261649
0.00295303
0
0
0.0107544
0.0026352
0
0.0139385
0
0
0.00244886
0.00545171
0.0082093
0
0.0118873
0.00259808
0.0138778
0.00436772
0.0232787
0.00268758
0.013989
0.00241818
0.00279695
0.00545171
0.00341984
0.00272436
0.0542425
0.0123919
0.00830828
0
0
0.0076364
0.00844129
0.00690854
0.00763987
0.00853622
0.00527085
0.0421879
0.022664
0.00265443
0.00265518
0.00842925
0.00684977
0.00263676
0.00566474
0
0.989649
0.0110163
0
0.903353
0.659825
0.77637
0.00788504
0.00515526
0.0134295
0.00394606
0.00990073
0.00556468
0.00787541
0.0108013
0
0.00521855
0.00382348
0.00302833
0
0.0026402
0.0036285
0.00518665
0.00298671
0.00271485
0.00291852
0
0
0.014514
0.0049351
0
0.00298666
0
0
0.00302311
0
0.0161836
0.0226713
0.0528999
0.159316
0.0029028
0.00256565
0.0029028
0.00820223
0.0293373
0.00580639
0.0325731
0.00286934
0.00586204
0.00256565
0.0029028
0.00490235
0.0251189
0.00305533
0.00562396
0.00723874
0.00262766
0.00256565
0.00264438
0.0149983
0.00811267
0.00850618
0.00377449
0.0602115
0.00559438
0.00405103
0.00565743
0.00711098
0.022003
0.0081967
0.00834927
0.00295481
0.00822087
0
0.062716
0.0339086
0.00256898
0.00539357
0.00262063
0.0150258
0.00834927
0.00552762
0.00272365
1.01634
0.00272191
0.0456065
0.00805652
0.998469
0
0.00269586
0.00254801
0.00264153
0.00275502
0.00276225
0.0025828
0.00562666
0.00943148
0.0088183
0.0053469
0
0.00518821
0.00297495
0.00265123
0.00457174
0.00280074
0.00254702
0.0106846
0.00254801
0.00264724
0.0031042
0.00269669
0.0203929
0
0.0287397
0.0277031
0.0788482
0.00251039
0.00743739
0.0046973
0.0193638
0.0026148
0.0298584
0.00289378
0.00260242
0
0.002509
0.0424707
0
0.00272374
0.00293775
0.00264724
0.00262597
0.0268781
0.0417916
0.0558712
0.0106493
0.00256216
0.00283633
0.00277797
0
0.00858517
0.0785265
0.0029632
0
0.00262063
0.0104789
0.00319448
0
0.0082609
0.444903
0.0200589
0
0.00316506
0
0.0077022
0.00268569
0
1.00342
0.00873357
0.0385482
0.00286556
0.0469096
0.00260242
0.00407644
0
0
0
0.00410452
0.002807
0.00521053
0
0.00900483
0.00583326
0.00802779
0.00255464
0.00289378
0.00791616
0.00255464
0
0.0145037
0.0443257
0.0435955
0.0066375
0.00270145
0.00577917
0.0114418
0.00584614
0.0401379
0.0154727
0.00288539
0.00291066
0.00255464
0.00274538
0.002772
0.00255464
0.00243068
0.00288539
0.0107276
0.00590685
0.0077991
0.00298543
0.00803887
0.0415608
0.00294416
0.00255464
0.0098474
0.00564619
0.0163358
0
0.0027779
0.00280394
0.00531068
0.00291051
0.00528111
0.00540544
0.0105595
0.002781
0.0027779
0.0027779
0.992569
0.00265634
0.0027779
0.483847
0
0.00813911
0.00291247
0
0.00772475
0.0886463
0.00453429
0.00277299
0.00738259
0.00271304
0.00249446
0.002855
0.002855
0
0.00885707
0.002855
0
0.00407798
0.002855
0.00601638
0.0185583
0.00507004
0.00820268
0.0029229
0
0.00891992
0.155573
0.00289362
0
0
0
0
0.018456
0.00298378
0
0.0121494
0.00573485
0
0.00248557
0.0402095
0.00643214
0.0366164
0
0.00552691
0.00298389
0.00251884
0
0.243741
0.00291362
0
0.0442761
0
0.00447377
0.00585511
0.0149775
0.971608
0.00628976
0.445831
0.00289915
0.0025781
0.00271304
0.00263396
0.00678252
0.00432809
0.00293672
0
0.00267452
0.00280686
0.00809608
0.00560435
0
0.00801085
0.00269869
0.030971
0
0
0.00872986
0.00805141
0.0375725
0
0.00289362
0
0.008565
0.00293461
0.00258942
0.0746093
0.00295218
0.00434044
0
0.0109801
0.0143298
0
0.00564436
0.00288539
0.00289378
0
0.0314674
0.00320599
0.0191131
0
0.017721
0.0027003
0.00278055
0.00289378
0.0161521
0.0056526
0.00278095
0.012366
0
0
0.00555992
0.00281219
0.0269578
0.00292626
0.00296626
0.963868
0
0.00271304
0.0188017
0.011026
0.00551809
0.00854727
0.0885655
0.969879
0.00597074
0.00566973
0.210049
0.0025007
0.0025007
0.00251601
0.00257598
0
0.00537191
0.00287121
0.00298389
0.00938571
0.00339932
0.00287121
0.00756433
0.00298389
0.00523128
0.00454325
0.0196026
0.00298389
0
0.00671128
0
0
0.00404896
0.00887195
0.00299549
0
0.00270054
0.00262719
0
0.00434044
0.00253861
0.00289378
0.00528718
0.00261565
0.00847865
0.00794027
0.00256161
0.00569196
0.125181
0.0127714
0.00528718
0.00576097
0.00528718
0.00833519
0.0129024
0.0158414
0.691951
0.00309012
0.0710932
0.00248465
0.35256
0.00251601
0.00777193
0
0
0.00282915
0.00250286
0.00597488
0.00270021
0.00250286
0.00250286
0.0111896
0.00278947
0.00268279
0.00296825
0.00271725
0.0127881
0.00296825
0.00641001
0.00540671
0.00271725
0.00546427
0
0.00262978
0.00291342
0.00517494
0.00268612
0.00271725
0.00587052
0.0230807
0.00561536
0.00286514
0
0.00870661
0.00803319
0.00452874
0.00305244
0
0.00531652
0.00517844
0
0.00909432
0.0821127
0
0
0.0403714
0.00247822
0.0162138
0.0288139
0.0211092
0.0123399
0.0725707
0.00275914
0.0565476
0.00558069
0.901407
0.00269793
0.00246837
0.00300416
0.00251489
0.00289308
0.00780756
0.00266749
0.00520101
0.00916141
0.00616866
0.0025007
0.00554602
0.00286387
0.00849303
0.0029362
0.00536673
0
0.00257597
0.0224704
0
0
0.0196928
0
0.00251184
0.0028651
0.00276879
0.0132753
0
0.00268612
0
0.0131031
0.00409689
0
0.0157492
0.0310813
0.00265078
0.00291163
0.0195659
0.0082301
0.00562166
0.00251184
0.00367829
0.00270732
0.0124494
0.00527889
0.643638
0.00266749
0.083123
0.0600808
0.00888844
0.00416134
0.00567557
0.00619774
0.00529658
0.00840426
0.0298007
0.00570245
0.0162585
0.00989003
0.0059702
0.0111209
0.0119886
0.0237248
0.0114484
0.00791839
0.00600539
0.0346929
0.059397
0.0215973
0.0172622
0.110463
0.0321506
0.0076888
0.0428004
0.00310977
0
1.01059
0.00256832
0
0.00281503
0.00263059
0.00256687
0.00260982
0.00256759
0.00396893
0
0
0.0105043
0
0.00251184
0
0.00268188
0.00306831
0.0134352
0.00292909
0.00251184
0
0
0.00283948
0.00303192
0.00268612
0.00271563
0.0024531
0
0.00271563
0.00283107
0
0.0113221
0.0193417
0.00584689
0.014547
0
0.00271563
0
0
0.00510709
0.00263995
0
0
0.00510709
0.00385745
0.005596
0.0179344
0
0.00269869
0.00835295
0
0
0
0
0.00261673
0.002626
0.0058705
0
0.00830594
0
0.953311
0
0.00577904
0.00285288
0.00275005
0.0339697
0.00299549
0.00296451
0
0
0.00264393
0.0062512
0
0.00299549
0.00266749
0.00301625
0.00803014
0
0
0
0.00534707
0
0.00273257
0.00848697
0
0
0
0
0
0.0115685
0.00832867
0
0
0.0063029
0.0255822
0.00299894
0
0.00481987
0.00287336
0
0.00296825
0.00274579
0.0107751
0
0.00278602
0.00734832
0.0194097
0.00595801
0
0.129666
0.00329054
0.00282388
0.00263636
0.00434139
0.00562077
0
0
0.0028553
0.00536298
0.0372841
0.00484268
0.00266241
0.0122469
0
0
0.00763593
0
0.00248336
0.00268949
0.00261042
0
0
0
0.00320152
0.0236164
0.0078502
0.00256759
0
0
0
0.00286632
0
0.0399673
0.0105175
0.0037998
0.0308308
0.040103
0.00536286
0.00257587
0.00248465
0.00296281
0.00296825
0.00272432
0
0.0526771
0.055537
0.00263166
0
0.00261673
0.0029362
0.0113036
0.97401
0.00296451
0.00297095
0.00531624
0.0194149
0.00348414
0.00277926
0.00591669
0.0108733
0.00735409
0.00250091
0.0220082
0
0.0182329
0
0.00702678
0.010896
0.00368004
0
0.00289564
0
0.165013
1
0.00962847
0.00290561
0.162948
1
0.00247892
0
0.00290561
0.0175802
0.0139443
0.0735507
0.00283934
0.00290561
0.00565661
0.00292909
0.0026154
0.00592527
0.00789404
0
0.0175723
0.00496271
0.00608808
0
0.0187314
0.00247822
0.00275783
0.0990085
0
0
0.0362951
0.176027
0
0.00247822
0.022362
0.990746
0.00590071
0.0173374
0.00498179
0.0132501
0.0128103
0.0029362
0.00617953
0
0.00521254
0.00747269
0.0028716
0.0248815
0.00390614
0.00268655
0.00356869
0.00293276
0.00307242
0.0146445
0.00818448
0.00557197
0.00831962
0.0361213
0.611479
1
1
0.832703
1.01116
0.00275811
0
0.013137
0.00275966
0.00302244
0.00266749
0.0035113
0.010867
0.0026154
0.00517195
0.00307597
0.00546567
0.0029133
0.152809
0
0.00292909
0.00292909
0.00258944
0.0302487
0
0.00277138
0.374037
0.0167302
0.00292909
0.00391298
0
0.955722
0.00250554
0.00918663
0.00362195
0
0.00584484
0.00745915
0.00251527
0
0.00275888
0.00274248
0.0566269
0.00370352
0
0.0125793
0.00330888
0.00703811
0.011479
0.00870262
0.196649
0.00364039
1.03596
0.991643
1
1.01322
1.00653
0.993188
1
0.596753
0.00284837
0.00262771
0.00301403
0.00277336
0.00292649
0.0371102
0.0161836
0.00298916
0.0378522
0.00311806
0.00266749
0.327435
0.0128107
1.00564
0.0027472
0.00831908
0.003434
0.0330598
0.00743694
0
0.00305244
0.00283647
0
0.0031178
0.00420251
0.00694984
0
0.0029362
0.00292502
0.132035
0.00831908
0.00824671
0.00265817
0.0111668
0
0.00549366
0.0448882
0.0224613
0.0361656
0.366632
0.0297841
0.427217
0.0765106
1
0.153912
1
0.00447334
0
1.00937
1.00854
1
0.25632
0.00595241
0.00356624
0
0.00256333
0.00279457
0.00292944
0.00274447
0.0979248
0.984987
0
0.0955879
0.00682581
0.0152294
0.00273602
0.0320571
0.00253823
0.00286976
0
0
0.00282512
0
0.00310332
0.0110517
0
0
0
0.0219929
0.0246381
0.13479
0.0808576
0.264158
0
1
0.995328
0.666257
0.664738
0.00994474
0.0157293
0.0111634
0.002945
0.00304156
0.0029714
0.002945
0.00298916
0
0.0103092
0
0
0.00307718
0
0.98885
0.0024931
0.00830949
0.0235277
0
0.00553405
0.00286032
0
0.00246447
0.0315734
0.00299287
0.0088377
0.0240201
0.00286976
0.00795391
0.0164209
0.0141102
0.201269
0.0963696
0.27003
0.00305911
0.237362
0.992244
0.591257
1.00593
0.00262771
0.0468093
0.0631489
0.0029311
0.00271632
0.00272988
0.00511005
0.00277151
0.00296937
0.0122279
0.00579862
0
0.00614001
0.0126448
0
0
0.00588409
0.00283465
0
0.0917725
0
0
0.00404995
0.0193225
0.0175189
0.00682688
0.00274447
0.00594609
0.0323108
0.00258176
0.0026166
0.022843
0.00265938
0
0.0823744
0.0315478
0.00296563
0.00606325
0.0272718
0.00837004
0.0247289
0.00537962
0.00869169
0.138567
0.0156964
0.975274
1.00505
0.0040639
0.0139709
0
0.0024885
0.00257453
0.00451324
0.0024885
0.00530417
0
0.00537205
0.00497826
0
0.00527524
0
0.0136752
0.00283038
0.00454273
0
0.953067
0.00287884
0
0
0.00253823
0.00506962
0.00307153
0.00286004
0.00964484
0
0.0363529
0.00929601
0.00554911
0.0261106
0.00276889
0.0026148
0.00483852
0.0233244
0.115021
0.00274826
0.0286976
0.00296246
0.00317478
0.0645736
0.00561231
0.00264639
0.00325337
0.0028565
0.0172186
0.00293956
0.0163458
0.00546301
0.00560081
0
0.002945
0
0.00300449
0.0028483
0
0.002945
0.00605176
0.00286509
0
0.00284312
0.020268
0
0.00272779
0
0.00677489
0.997521
0.00296246
0.00236601
0.00273797
0.060189
0.00271065
0.00844204
0.00599951
0.00337615
0.333333
0.00565029
0.0113005
0.0812118
0.00448706
0.0322671
0.0484835
0.0642163
0.0111857
0.00295805
0.00269224
0.0189458
0.00525171
0.00262079
0.173724
0.00393557
0.0087385
0.0086475
0.00248835
0.0222093
0.0581394
0.00297652
0.0026597
0.00584748
0.00414633
0.0141872
0.00388628
0.0028928
0.0027549
0.0425889
0.00299835
0
0.00276415
0.00543326
0.0031154
0
0.00827354
0
0.00809387
0
0.00452094
0.0184995
0.0161214
0.00263351
0.00279977
0.00792836
0.998132
0.993253
0.00568947
0
0.00530111
0.00286566
0.00634606
0.0832353
0.0521565
0.00722011
0.00574477
0
0.00303119
0.519178
0
0.0162768
0.0980589
0.00262306
0.0270413
0.013512
0.0131187
0.0171019
0.00621684
0.227493
0.00658891
0.0125981
0.0158444
0.571895
0.00981452
0.00250865
0.00441749
0.00867552
0
0.00358323
0.00294583
0.00298252
0
0.024196
0.00285839
0.00250897
0.00294413
0.00260157
0.00267066
0.00298916
0.0149547
0.00814159
0.00564004
0.00940914
1.00441
0.00284383
0.00987487
0.0757251
0.00284383
0.0138971
0.00363751
0.00423209
0.00304261
0.00309651
0.124063
0.0106974
0.109559
0
0.00804288
0.0107189
0.00520361
0.00521415
0.0258494
0.00262667
0.00575774
0.185111
0.00346705
0.00429849
0.00546147
0.00301432
0.00291445
0.00547834
0.00989988
0.00547834
0.106094
1.0394
1.00856
0.0106643
0.039253
0.00285839
0.00387794
0.00293019
0.109361
0.0133562
0.0459909
0.00558442
0.013415
0.0133562
0.0255094
0.00589682
0.0292357
0.0101056
0.00275885
0.00794109
1.00018
0.0030339
1.00077
0.770938
1.03994
0.0139576
0.0110935
0.00305722
0.0803309
0.0597174
0.00521963
0.00299105
0.00311273
0.088527
0.00298195
0.906785
0.127464
1
0.305075
0.0142
0.0407612
0.163574
0.112258
0.00825137
0.00968255
