0.0154349
0.0528127
0.11498
0.00700774
0.0468441
0.0528127
0.0910785
0.00700774
0.0468441
0.0528127
0.0910785
0.00700774
0.0645778
0.0528127
0.0775838
0.0575108
0.0645778
0.0528127
0.0775838
0.073267
0.0115943
0.0645778
0.0528127
0.0775838
0.0304046
0
0.102812
0
0.0119158
0.0115943
0.10051
0.0528127
0.0907363
0.0150728
0.00715483
0
0.0322096
0.147937
0
0.0119158
0.0218824
0.15208
0.0528127
0.0640156
0.0117153
0.0598227
0.00874685
0.0481717
0.0148019
0.59644
0
0.0104683
0.0119158
0.0431141
0.293385
0.0528127
0.0915076
0.0114591
0.0759946
0.00728091
0.00874685
0.0431975
0.0074568
0.736772
0.00707862
0.00989647
0.0154076
0.0421967
0.36299
0.0104892
0.11931
0.121958
0.0127971
0.00728091
0.102325
0.00880931
0.00941059
0.654845
0.00761518
0.0107393
0.0304757
0.0119625
0.0315197
0.364658
0
0
0.050523
0.0905058
0.00649689
0.0153505
0.0100206
0.00775626
0.086895
0.0299507
0.545027
0.00781771
0
0.00989647
0.0154076
0.0119625
0.0535774
0.230092
0
0.0182272
0.0622428
0.0125026
0.0163263
0.0620334
0.00649689
0.0081966
0.100936
0.0204733
0.433218
0
0
0.146226
0.0382112
0
0.0771115
0.00728091
0.0560642
0.00810433
0.189311
0.0135953
0.0490799
0
0
0.0129813
0.0223518
0.0107268
0.0192018
0
0.0490544
0.0229243
0.0444707
0.0435005
0.00809183
0
0.172868
0.011835
0.00741135
0.0335929
0.0153698
0.0347268
0.0218078
0
0.181492
0.0186483
0.0477305
0
0.0235244
0.0920086
0.0209879
0.00740497
0.0993028
0.00793062
0.0150529
0
0.450538
0.00688829
0.0121099
0.00741135
0.0218539
0.00968435
0.0153698
0.0228265
0.0233234
0
0.196513
0.0186483
0.0282952
0.100507
0.0147732
0.0107129
0.0366886
0.0150141
0.13149
0.0513833
0.170372
0.0329714
0.0104849
0.586634
0.0121099
0.0507997
0.0329245
0.0107045
0
0.0241598
0.0116917
0.231648
0.0186483
0.0739759
0.0867802
0.0446083
0.0714405
0.0140185
0.174769
0.0371024
0.0147007
0.274928
0.00838169
0.0306519
0
0.490613
0.00688829
0.0359038
0.0361978
0.0160722
0.0443554
0.0287512
0.0241598
0.0191435
0.0109315
0.476081
0.00931205
0.00864476
0.0543253
0.0858354
0.0448681
0.0597945
0
0.147503
0.0138751
0.0789653
0.0147007
0.294436
0.00838169
0
0.0409302
0.445958
0
0.0246121
0.0288867
0.0317406
0.0154183
0.0435012
0
0.044121
0.0356426
0.0191435
0
0.766615
0.0302268
0.132505
0.0861349
0.0231675
0.0576381
0
0.238199
0.01282
0.115119
0.0147007
0.361495
0.00838169
0.0921092
0.389137
0.0136502
0.0365042
0.0368542
0.0154183
0.0439341
0.0583596
0.0360298
0.0185033
0.674861
0.038483
0.185609
0.0874351
0.068209
0.0462513
0.00888912
0.0438048
0.265061
0
0.100122
0.0074273
0.575124
0.16969
0.303491
0.00658443
0.0483743
0.0218068
0.022968
0.116734
0.0251025
0.0185033
0
1.01352
0.0283997
0.00848935
0.214777
0.100783
0.013932
0.0335552
0.0460872
0.0177415
0.0291131
0.15882
0.06403
0
0.499683
0.0143944
0.258623
0.143676
0.0133283
0.0392763
0.0217971
0
0.00916406
0.0728481
0
0
0.0202849
0.409267
0.0187393
0.00848935
0.16814
0.0500835
0.0275215
0.0118339
0.0110078
0.0148698
0.0865266
0
0.0145646
0.0575921
0.0347349
0.459382
0.00788814
0.0430346
0.325786
0.0944457
0.00674383
0.0385144
0.00739175
0.0149773
0.0213274
0.0431632
0
0.0110508
0.0195166
0.0105696
0.536043
0
0.160431
0.0266342
0.0104962
0.00870532
0.0148698
0.0455302
0
0.0143857
0.0797165
0.0352754
0.257348
0.00770895
0.0423445
0.354675
0.0732679
0.0385144
0.00739175
0.0220936
0.0434724
0.0107388
0.0189534
0.524926
0
0.0713794
0.0388779
0.0108751
0.0450399
0.0290716
0.0143857
0.0647386
0.0133911
0.0719788
0.0143888
0.257987
0.0307637
0.0113294
0.0097144
0.0436268
0.0107388
0.460881
0.0174104
0.0139994
0.0145276
0
0.00731761
0.0143888
0.12024
0.0076068
0.592269
0.592269
0.00774205
0.014726
0.0427275
0.0161638
0.0204811
0.592269
0.00944014
0.0104274
0.0150119
0.00747528
0.014726
0.0804918
0.0465541
0.0606564
0.592269
0.0184789
0.0104274
0.0155997
0
0.0150253
0
0.132709
0.0304239
0.0210345
0.0190279
0.592269
0.00861544
0.0184789
0.0104274
0.0456824
0.00671619
0.0302885
0.0158536
0.202991
0.0161638
0.0593861
0.0367112
0.610783
0
0.0360282
0.0320007
0.172784
0.00672672
0.00716715
0.0305443
0.0160698
0.0303194
0.483834
0.00767982
0.0175631
0.0161638
0.0130552
0.0618766
0.0176833
0.592269
0
0.0358312
0.015081
0.0664182
0.168976
0.022046
0.0222175
0.0304646
0
0.00833862
0.0303194
0.908414
0.010237
0.0109456
0.0161638
0.0130552
0.0800054
0
0.574368
0.00974162
0.00887225
0.047187
0.015081
0.187267
0.181577
0
0.0206917
0.0068305
0.0518883
0.00833862
0.0303194
0.754861
0.010237
0.0161638
0.0130552
0.0776712
0
0.455933
0.0176282
0.0558658
0.0292974
0.287183
0.120661
0
0.0141626
0.0144333
0.0455933
0.00833862
0.0303194
0.533476
0.00699957
0
0.0210357
0.0189496
0.372689
0.0460738
0.015081
0.175876
0.00910689
0.0915882
0.0191469
0.00992179
0.0380037
0.00833862
0.0158536
0.376808
0.0132138
0.0148345
0.0114569
0.119497
0.00991156
0.011748
0.0553802
0.00705789
0.123331
0.0467071
0.249294
0.707482
0.707482
0.707482
0.707482
0.707482
0.648306
0.4865
0.383806
0.0077555
0.24896
0.01532
0.122388
0.042268
