0
0
0.0620325
0
0.0108411
0
0.0620325
0
0.0112351
0.0135445
0.0488195
0.00882806
0.0871022
0.00661638
0.0104823
0
0.0620325
0.0109608
0
0.0649449
0.0135445
0.00727716
0.0136417
0
0.0492815
0.0112811
0.00920994
0.00882806
0.459769
0.00661638
0
0.0104823
0.0337822
0.0746531
0.0109608
0
0.28096
0.0683908
0.011447
0.0126861
0.00909231
0.00723692
0
0.0377163
0.0181932
0
0.123034
0.0238041
0.00920994
0.036422
0.725187
0.0088944
0.00661638
0.010747
0
0.0104823
0.0337822
0.0620325
0.0109608
0
0.299051
0.022854
0.0683908
0.011447
0.0147175
0
0.0876134
0.00962727
0.037827
0.00983647
0
0.180953
0.0350719
0.036422
1.01658
0
0.0104823
0.0337822
0.073233
0.0109608
0.0121807
0
0.398742
0.0341885
0.0683908
0.0125847
0.00723692
0.0225735
0.0722193
0.0121734
0.0388425
0
0.268845
0.0460703
0.00920994
0.036422
0.785235
0
0.00648073
0.0104823
0.0257092
0.0250563
0.0109608
0
0.0259172
1.00338
0.022854
0.0683908
0.0126695
0.00723692
0.0645098
0
0.0355525
0.00938105
0.0480871
0.014829
0.211843
0.0350719
0.036422
0.469671
0
0.00878199
0.629172
0.0112014
0.0340072
0.0244378
0.00723692
0.103229
0.0355525
0.0190775
0
0.122583
0.0350719
0.0895903
0.444968
0.357445
0.0112014
0.0208212
0.0117683
0
0
0.0102711
0
0.050342
0
0.00874068
0.23631
0.186896
0.0112014
0
0.0117683
0.00898389
0.0418824
0
0.174262
0.20505
0.0112014
0
0.0117683
0.0824919
0.0611526
0.0659516
0.0112014
0.0117683
0.0164015
0.0175856
0.0245515
0.0173466
0.0112014
0.0117683
0.128655
0.0334634
0.0113127
0.224804
0.0489562
0.224804
0.224804
0.224804
0.0160247
0.224804
0.0160247
0.224804
0.0466716
0.224804
0.0160247
0.0145018
0.268393
0.0160247
0.0165183
0.0349684
0.0132679
0.356753
0
0.0160247
0.132326
0
0.106333
0.0108417
0.0363095
0.0188224
0
0.00913756
0.0417119
0
0.576102
0.012809
0.00885377
0.0160247
0.132326
0
0
0.106333
0.0108417
0.0130739
0.0363266
0.0363095
0.0102937
0.00913756
0.0689452
0.00787243
0
0.693537
0.012809
0.0095363
0.0119822
0.0160247
0.100085
0
0
0.251926
0.0108417
0.0130739
0.0294404
0.0166165
0.0470923
0.147737
0
0.455719
0.012809
0.015701
0.0683298
0.00674949
0
0.622481
0.0516815
0.0143344
0.00952785
0.0363095
0.0930315
0
0.173265
0.0256999
0
0.0113927
0.0455959
0
0.311939
0.072642
0.0267111
0.0143344
0.0615872
0.165245
0.0256999
0
0.0993531
0.0128949
0.0139217
0.0714246
0.0495224
0.00707594
0.0714246
0.0495224
0.0548256
0.00950491
0.0183432
0.0183432
0.0183432
0.0183432
0.0183432
0.0183432
0.0183432
0.0258442
0.0183432
0.0258442
0.0183432
0.0258442
0.0183432
0.0258442
0.0183432
0.0258442
0.0607684
0.0258442
0.330692
0.0117671
0.225247
0.0258442
0.158809
0.0362973
0.288906
0.00765907
0.112882
0.0122333
0.0403473
0.112882
0.0112935
0.0262642
0.00888557
