0.274252
0.193535
1.00638
0.00285111
0.980445
0.172387
0.0028776
0.245914
0.91418
0.012137
0.0415695
0.735502
0.00282059
0.228577
0.805349
1
0.796958
0.649415
0.037043
0.372558
0.596832
0.018057
0.0141956
0.0145925
0.129243
0.109479
0.00803119
0.0198725
0.00830463
0.00313557
0.466569
0.22492
0.00268251
0.14374
0.00300461
0.00303444
0.00289889
0.0029925
0.0142438
0.0255014
1.00882
0.0985213
0.00275189
0.0121512
0.00291462
0.00287787
0.0059275
0.0300648
0.00531664
0.00291462
0.00299618
0.00278579
0.0309415
0.0304487
0.00261671
0.00269047
0.0342938
0.00287787
0.00558798
0.35934
0.243807
0
0.00309555
0
0.00265013
0.00252237
0.00304038
0
0.00308518
0.0101345
0.00275101
0
0
0.119152
0.00292383
0.00287248
0.0759059
0.00289891
0.00304177
0.00291519
0.085634
0.0240235
0.0026314
0.0101005
0.0235172
0.00269856
0.0115686
0.00288964
0.00233057
0.00242988
0.110326
0
0.0498159
1
0.990344
0
0.00527829
0.00285918
0.00543883
0.00873342
0.0023447
0.00250483
0.00259509
0.00269756
0
0.00257177
0.00291707
0.0580247
0.00269168
0.00301295
0.00588506
0.00286475
0.00528184
0.00286348
0.00252019
0.00247969
0.00244256
0.00269764
0.00276316
0.0026732
0.00243424
0.00261813
0.00247098
0.133244
0.00527809
0.00827058
0
0.00293146
0.00242157
0.00487077
0.0113368
0.126383
0.804008
1.00923
0.00243866
0.00579617
0.00263484
0.00492945
0.00246835
0.0051694
0.00268038
0.00828979
0.00292903
0.00309833
0.00255989
0.0746362
0.00257686
1
0.00261755
0.00492772
0.00246056
0.00514733
0.00802071
0
0.0027578
0.00264408
0.00254317
0.00301389
0.00799838
0.0026388
0.00545907
0.00571095
0.00411427
0.0129985
0.00284539
0.012778
0.0115955
0.0542023
0.0973245
0.00392329
0.00265332
0.0083577
0.0135207
0.0875984
0.942509
0.00292383
0
0.0104758
0.00295908
0
0.00501835
0.00288164
0.00265479
0
0
0.00568352
0.0286044
0.00844337
0.00257377
0.00243037
0.0295544
0.00287987
1.00664
0.0755012
0
0.00668304
0.00544763
0.0028867
0.00754564
0.00296024
0.00272793
0.0140844
0.0554205
0.00299248
0.00265479
0.00261349
0.00763719
0.0147474
0.0912262
0.00296089
0.0257105
0
0.0146398
0.00506688
0.0138226
0.00514732
0.0027018
0.00555936
0.00524967
0.0143709
0.0241369
0.0218419
0.00269769
0.0272942
0.00255462
0.00264534
0.00254057
0.00796391
0.00990326
0.483066
0.00569829
0.00244933
0.00848316
0.00266404
0.00563263
0.00257212
0.00288234
0.00265412
0
0.00280895
0.00261604
0.00259221
0.0159297
0.0462265
0.00502743
0.0425535
0.00688353
0.0078107
0.0936981
0.00264534
0.0225584
0.00510469
0.00811522
0.0112536
0.00234649
0.119384
1
0.358553
0.582281
0.24091
0.256517
1.00855
0.66059
1.00064
0.318091
0.0196454
0.429403
1
0.567764
0.760019
1.01539
0.778218
0.708688
1
1
0.224935
1.01527
0.080097
1.02579
0.336506
0.669903
0.107533
0.151403
0.995947
0.771265
0.988753
0.433082
0.606854
0.0675579
0.210704
0.0418943
0.0172615
0.0054954
0.00599965
0.0402294
0.00302942
0.00570303
0.0167034
0.00281736
0.0259419
0.00581505
0.00289254
0.017433
0.00537514
0.0116603
0.00283444
0.00291861
0.0446613
0.00293964
0.0172615
0.0243426
0.160866
0.624389
0.00367031
0
0.00409864
0.00287859
0.00300401
0.0029486
0.00259552
0.00709123
0.00596378
0.00868588
0.00274982
0.00889317
0.00270418
0.00266266
0.172148
0.00289848
0.00275961
0.0169098
0.176414
0.592376
0.989506
0.00289848
0.00360021
0.00559225
0.00263517
0.00947027
0.00991412
0.0161961
0.00283185
0
0.00285879
1
0.0257895
0.00546109
0.00249481
0.00266787
0.00292102
0.00268428
0.00584216
0.0216217
0.00328761
0.00276004
0.022513
0.0207514
0.0115495
0.993403
0.00650129
0.00285011
0.00562986
0
0.00308724
0.0058697
0.0025905
0.0442251
0.00289079
0.0389325
0.00471137
0.0131046
0.00264553
0.00272678
0
0.00268737
0.00598612
0
1.00237
0.00283631
0.00283001
0.00291684
0.00300034
0.00251952
0.00885126
0.00292788
0.00863108
0.00289848
0.0377868
0.0617778
0.00299066
0.0182365
0.00301268
0.0056463
0.00298885
0.0229562
0.00430573
0.00292542
0.00283839
0.00308724
0.0277126
0.00261017
0.00571636
0.00259473
0.00259118
0.037085
0.00806001
0.00300401
0.00421419
0.862026
0.00511741
0.0029437
0.00300027
0.0322164
0.0713795
0.031134
0.0569141
0.00828078
0.0027843
0.00256921
0.00354081
0.00285057
0.00263036
0.130887
0.00281897
0.00289159
0.0129848
0.00777942
0.00996851
0.00303429
0.175372
0.0184713
0.0026366
0.0726535
0.129852
0.00273314
0.00256199
0.00541802
1
0.377298
0.501584
0.666549
0.579619
1
0.532498
1
0.203986
0.102291
1.00846
1.02712
0.971244
0
1.01057
0
0.0461694
0
0.331763
0.228094
0.0203342
0.0206
0.0824037
0.158306
0.100053
0.0767683
0.124205
0.126086
0.154652
0.964376
0.111666
0.515278
0.0297342
0.0302762
1
0.931718
0.359199
0.170111
