0.0400263
0.869721
0.00826672
0.078855
0.00268379
0.0598074
0.424488
0.659579
0.0168223
0.0122116
1.00647
0.39129
0.0290785
0.0147417
0.00309948
0
0.00867285
0
0.0718954
0
0
0
0
0.00605625
0.0131329
0.00284787
0.00292035
0.00575445
0.00867529
0.122859
0.0497169
0.0035817
0.0130809
0.00274917
0.0131329
0.00327803
0.00277854
0.0110781
0.00295372
0.115057
0.910412
0.00275431
0.0306545
0.00827446
0.00267122
0.00471066
0.00588647
0.0403595
0.00566388
0
0.0297546
0.00825414
0
0.0119097
0.0142536
0.00999186
0.0322167
0.66984
0.0029505
0.00271506
0.00306812
0.00925408
0.00294835
0.0147377
0.0116219
0.00959722
0
0.00258824
0
0
0
0.00757152
0.0029046
0.00523258
0.00256533
0.00286174
0.00363293
0.00301953
0.0115379
0.0526964
0.0247208
0.0045319
0.0052894
0.040419
0.00300438
0.0137076
0
0.0162904
0
0
0.0027257
0.431441
0.00544944
0.00254305
0
0.00301163
0.0259433
0.0028017
0.0754212
0.002584
0.00534101
0.00378699
0
0.0058757
0.0072193
0.011109
0.00282561
0
0
0
0.0275729
0.0146378
0.00282267
0.00360517
0.00288419
0.00557476
0.0751742
0.0407871
0
0.00921294
0.00248743
0
0
0.00283639
0.00247888
0.00786288
0
0.415542
0.00254305
0
0.00311627
0.00289933
0.00254305
0.00290521
0.0034633
0.0058885
0.00264415
0.00340486
0.0162046
0
0.00288419
0.00307371
0.00559115
0.0128756
0.00254243
0.00288419
0
0.0469928
0.0132952
0.00292836
0.00559635
0.00804185
0.00247888
0
0.00292349
0.141178
0.0210232
0.513932
0.0141869
0
0.00583989
0.0144209
0.00289532
0.00819785
0
0
0.0868444
0
0.647994
0
0.0247737
0.00561746
0.0672352
0.0128756
0.00495253
0.00516905
0.00297302
0.00751748
0.0112158
0.00545981
0.00346651
0
0.0101815
0.00501311
0.00274544
0.00262242
0.00268248
0.0651463
0
0.0492948
0.00327391
0.00545981
0.0248531
0
0.00574666
0.0112437
0.277361
0.00545465
0.00270663
0.00559579
0.00376893
0
0
1.02347
0.00255485
0.00255485
0.0129587
0.333548
0.00255485
0.00255485
0.0191614
0.00326335
0.135901
0.108361
0.00861041
0.00528565
0.0136059
0.00288669
0.00532233
0.0457392
0.130303
1.02372
0.032063
0.00277431
0
0
0
0
0
0.00280865
0.98494
0
0.00268672
0.0464141
0.00262036
0.0135269
0.00353784
0
0
0
0
0.00294508
0.0429979
0
0.00897454
0.00587499
0.00806797
0.0262094
0.0218537
0.277254
0.0137981
0.806223
0.254264
0.984271
0.00262036
0.00751051
0.00438913
0
0
0.00520112
0.00424721
0.0136396
0.0438724
0.00830825
0
0.00294011
0.00332991
0.0435017
0.00540776
1.0057
0.0224106
0
0
0.00267342
0.0108616
0.044413
0.00512076
0.00248729
0.00290689
0.0032302
0.00280154
0.0109096
0.0105593
0.0194076
0.00261045
0.0406597
0.00275962
0.0794989
0.0083794
0.00775344
0.00443678
0
0.00275962
0.00307565
0
0.0181232
0.0175414
0.0940723
0
0.447086
0.397652
0.283804
1.00294
0.00422634
0.006916
0
0.00305916
0
0.00277978
0
0.00267292
0.0043245
0.00265238
0
0.0110901
0
0.0125027
0
0.00339152
0.0130994
0.00279313
0.00259186
0.00277978
0
0.0110901
0
0
0.011832
0
0.00437567
0.00308803
0
0
0.00891145
0.0533469
0
0.00687611
0.00592267
0.0113673
0.0095735
0.00253563
0.00275356
0.00797924
0.00360243
0.00283477
0.00271039
0.00287593
0.00296495
0.0315455
0.0201027
0.0805595
0.0619122
0.0517568
0.0207706
0.801493
1
0.00269799
0
0.00436916
0.00278529
0.00270464
0.00558519
0
0.00265406
0
0.00796219
0.00295785
0
0.00360835
0.0131546
0.00542608
0
0.00289842
0.00567821
0
0.0405572
0
0.00289842
0.00567821
0.041631
0
0.00275423
0.00270613
0.00945141
0.0320226
0.00259386
0
0.00567422
0.00928683
0.0161551
0.00556441
0
0.00313516
0.00261236
0.00285976
0.00270464
0.00276186
0
0.0160667
0.00849339
0.0607842
0
0.0242678
0.0888693
0
0.00336673
0.0106153
0.0026794
0.00283074
0.00292499
0.00418796
0.00758123
0.00311833
0.0136888
0.0109588
0.00271842
0
0.0219438
0.00265712
0.00265712
0.00526461
0.0241428
0.00841052
0.00292889
0.0112232
0.00255706
0.00265712
0.00541068
0.0106135
0.00284639
0
0
0.00870349
0
0.00576641
0.00521847
0
0.00299159
0.0345782
0
0
0.0133098
0
0.00548857
0
0.00285976
0.00784451
0.00781376
0
0
0
0.00268571
0.00285976
0
0.00595411
0.0296164
0
0.0190218
0.253353
0.00275884
0.00260621
0.00313834
0.00418971
0.00279249
0.0055314
0
0.00291491
0.0389494
0.0110768
0.0217563
0.00275356
0.00283286
0
0.00280548
0.00546508
0
0.00574311
0.0110901
0.00272694
0.00421632
0.00854557
0.00278111
0
0.00568728
0.00352565
0.0240813
0.0028507
0.00298955
0
0.0155665
0.00547555
0.00306777
0.010721
0.0200653
0
0.0026224
0
0
0
0.0112803
0.0223721
0.0192275
0.0402863
0.258587
0.847909
0.00263789
0.00344953
0
0.00282994
0.00275962
0.00263863
0.00263789
0
0.00278133
0.0137981
0.00426957
0.00282249
0.00261641
0.00418796
0.00283539
0
0.00273872
0.0240975
0.0331511
0.0109551
0.0624623
1.0025
0.00765969
0.00298955
0.00276521
0.0646265
0.00552645
0.00276121
0.0113721
0.00781602
0
0.00267523
0
0.00901901
0
0.00256367
0.00280762
0.00867761
0
0.0294758
0.00267692
0.00517472
0.00254393
0
0.0138494
0.0334996
0.014239
0.00873
0
0.0115626
0.0246345
0.013535
0.0334113
0.00291325
0
0
0
0
0.00298065
0.00564511
0.0556967
0.358455
0.334
0.00275283
0.00254705
0.0194319
0.0045659
0.00550792
0.00260621
0.00255461
0.00424159
0.00805891
0.00358577
0
0.00558814
0.00292207
0.00553538
0
0.0166062
0
0.0164475
0.0108592
0.0193885
0.989159
0
0.00275356
0.0026215
0.00801195
0.0135881
0
0.0217035
0.0382996
0
0.00270406
0.169995
0.0118347
0.00780079
0.00271985
0.0070918
0.0412375
0.00389557
0.238166
0.0081795
0.00260026
0
0.0141285
0
0.157667
0.0137811
0.00263892
0.0137257
0
0.0684488
0.0112485
0.0309803
0.00659729
0.00263991
0.00263892
0.00743416
0.00931586
0.0192183
0.115109
0.0157175
1.00053
0.184805
0
0.00257907
0.00516555
0.00672597
0.0437721
0.00590616
0.0027847
0.00539724
0.00262609
0
0.00289174
0.00451648
0.00539649
0.00257599
0.00799581
0.00337871
0.0458961
0.00259233
0
0.0353623
0
0.023287
0
0.0184864
0
0.00334392
0.00271176
0
0.00289842
0.00275367
0
0.00672532
0.0135788
0.0117347
0.00263165
0.0110422
1.01032
0.506782
0.0293104
0.00529516
0.0134508
0.0384025
0
0.00278113
0.0105843
0
0.045905
0.00792992
0
0.00261105
0.00256816
0.0465938
0.00272306
0.00366578
0
0.00808521
0.00244899
0.00533837
0.00540935
0.00264898
0
0.00262122
0.012928
0.00385287
0.0476689
0
0.0136543
0.00457119
0.00261779
0.00259705
0.00259543
0.00270464
0.0162893
0.005384
0.0138637
0.0100605
0.0083706
0
0.00263892
0.00839173
0.00278102
0.00538373
0.0490619
0.0161409
0.225095
0.00263715
0
0.00821892
0
0.0115444
0.00246796
0
0.00802765
0.00267593
0.0027091
0.00615175
0
0
0.00271872
0
0
0.00642869
0.00267895
0.00273248
0.0122348
0.0198346
0.00519602
0.0266966
1.00686
0.253607
0.00280851
0.00261105
0.0025347
0.00285848
0.00270406
0.0118394
0.0108658
0.00276322
0.0106631
0.00526888
0.0382435
0
0.00260218
0.00285848
0.0047913
0.00282725
0.00285848
0.011144
0
0.00256765
0.0025347
0
0
0.00263796
0.00266749
0.044397
0.00825453
0.00265136
0.00556263
0.00794072
0.00524949
0
0.00770698
0.0248638
0.0083981
0.0707471
0.00524949
0.0067579
0.00524949
0.00262559
0.00706839
1.00303
0.00313076
0.0433434
0.0131452
0.983102
0.00270251
0.00250868
0.00530027
0.00346624
0.00264496
0.00270175
0.00254191
0.00510639
0.00271321
0.00263609
0.00256348
0
0.0026215
0
0.00282286
0.00269701
0.00818307
0
0.00253577
0.00258523
0.0024789
0.0189379
0.18702
0
0.00255522
0.0274384
0.00274455
0.0269075
0
0
0.0270406
0.00549801
0
0.00255706
0
0.00273576
0.00675406
0.00271618
0.00300238
0.0372889
0.00258089
0
0.00242603
0.00257139
0.00730231
0.0198212
0.0135383
0.00782399
0.00265743
0.00273078
0.0104345
0.0170348
0.00542297
0.0777417
0.00262904
0
0.00771657
0.00765664
0.991525
0.00264727
0.0671546
0.250691
0.00273445
0.00831147
0.00447131
0.00678259
0.00265994
0.00258711
0.00883045
0.00273333
0.00646482
0.00849463
0.0253541
0.0079427
0.0026215
0.00851541
0.010584
0.0026215
0.0207916
0.0263331
0.00812746
0.19145
0
0.00263419
0.0273864
0.00422304
0.0193091
0.0298561
0.00262053
0.0112108
0.00263419
0.00268272
0.00274101
0.00267438
0.0051898
0
0.0288352
0.00553552
0.0265013
0.0195668
0.00261972
0.0273811
0.00543747
0.235602
0.00560578
0.00527156
0.00748821
0.0143721
0.715847
0.0203478
0.00512324
0.998719
0.00282702
0.0643112
0.0920754
0.00278761
0.00282104
0.0265201
0.00266397
0.00383255
0.00263038
0.0106687
0.217804
0.0108869
0.00250637
0.00268279
0.00531698
0.00264956
0.00268279
0.00991731
0.00268279
0.00278761
0.00987821
0.00554318
0.00271304
0.00798351
0.00287797
0.00271304
0.00258635
0.00539582
1.00161
0.00352093
0.372105
0.00405386
0.00296149
0.00287652
0.00286626
0.00547589
0.439291
0.00944525
0.00283913
0.00297153
0.00303496
0.00843326
0.00268956
0.00291247
0.150465
0.00291438
0.00291438
0.00285924
0.00397799
0.00278373
0
0.00572762
0.00291438
0.00968534
0.00571394
0.00280578
0.00291438
0.119468
0
0.00871557
0.00540782
0.0106414
0.0103344
0.0028905
0.00253549
0.00916675
0.0056206
0
0.0137897
0
0.00290643
0.00259168
0.00541467
0.00585503
0.143118
0.00256946
0
0
0.0117609
0.00564511
0.00297468
0.00286004
0
0.00546634
0.00765411
0.00789331
0
0.00270451
0.00304882
0.0157681
0
0.00265199
0.00312045
0.00853135
0
0.0083896
0.030912
0.00274712
0.0131882
0.657547
0.00296959
0.00297468
0.00269336
0.00469248
0.00277129
0.00311127
0.00270044
0.00594343
0.00297622
0.00594005
0
0.00425656
0
0.00269336
0.019994
0.00273194
0
0
0.00312733
0.012185
0.0176618
0
0
0.00306311
0.00367066
0.0055375
0.00897786
0
0.00296875
0.00594363
0.00741369
0.00548584
0.0111889
0.00293912
0
0.00284378
1
0.0074368
0.0013268
0
0
0.00296525
0.023255
0.0028763
0.00267501
0
0.00267501
0.0424463
0.00254126
0.00267501
0.016749
0.0096507
0.00697992
0
0.0029168
0.00278897
0.00574726
0.01401
0
0.0515339
0
0.00267515
0.00891267
0.0132263
0.0177297
0.00431982
0.00271494
0.00259189
0
0.0209173
0.00265625
0
0.00292138
0.0190296
0.00267501
0.0942995
0.00282861
0.981944
0.0170263
0.00367276
0.00532366
0
0
0.0444206
0.00871849
0.00847383
0.156747
0
0.00175657
0.00283984
0.00235964
0
0.00291247
0.00273067
0.00297468
0.00263719
0.0147933
0.00852459
0
0.00295159
0.00257978
0.0133754
0.00295695
0.0208816
0.00567038
0
0.0516512
0.00265569
0.00422371
0.733525
0.0138673
0.0111081
0.00290865
0.0053871
0.00267501
0
0.0130575
0
0.0418085
0
0
0.00418735
0.00552742
0.0030036
0.0902025
0.00261612
0
0.00268366
0.00265067
0
0.00261124
0
0.0125418
0.00588111
0.00277483
0.0194734
0
0
0.0847806
0.00279506
0.0406817
0.00773919
0.00278257
0.00514121
0.434397
0.0422354
0.00448059
0.997833
0.00284378
0.00256625
0.00273662
0.0279847
0.00353618
0.0029524
0.00269896
0.00269224
0
0.00364775
0.00252031
0.0169553
0.00678491
0.00298813
0.080216
0.00644963
0.00269517
0.00899652
0.00270395
0.00269896
0.00576237
0.00363303
0.0216783
0.0164177
0.333696
0.00755707
1.02309
0.00271272
1.05433
0.00508758
0.0134633
0.00569508
0.00260519
0.00516751
0.00247921
0.00530245
0.00259142
0.00249915
0.00266076
0.00266047
0.00247851
0.00258351
0.0379384
0.0265972
0.0026105
0.00247851
0.00247851
0.0380872
0.00543962
0.022044
0.00522223
0.00274372
0.00252615
0.0560628
0.00247851
1.01863
0.00836393
0.0198242
0.00240474
0.00541464
0.00671665
0.00915117
1.02773
0.00538158
0.00890837
0.00342965
0.0433885
0.0242034
0.0143543
0.00296769
0.0104325
0.00283226
0.00653082
0.00915117
0.00275114
0.00389424
0.0291488
0.00265726
0.00254727
0.0946933
0.00906255
0.0169729
0.00996472
0.00265726
0.00517042
0.00885753
0.0266403
0.0293358
0.0434828
0.235572
0.00362353
0.09267
0.114606
0.00265726
1.00127
0.00512492
0.00260264
0.00262225
0.0026594
0.00242858
0.00620943
0.00264194
0.00253003
0.00257963
0.0025387
0.00981279
0.0629238
0.00253003
0.0025387
0.981417
0.00632507
0.0755964
0.00641753
0.00273249
0.00527926
0.0151853
0.00545117
0.00540342
0.00507825
0.0162085
0.0787673
0.00620943
0.994939
0.687973
0.00446796
0.00261486
0.0125082
1
0.00802752
0.00771436
0.00255137
0.00251666
0.00808205
0.0222273
0.24283
0.463375
1
1.00722
0.0163728
0.0425117
0.289143
0.0446789
0.127866
0.126235
0.0282712
0.0811525
0.124055
0.033973
0.15223
0.126565
0.031621
0.0909299
0.00380246
0.153359
0.00261369
0.0275969
0.00263755
0.27861
0.154903
0.0113859
0.0133608
