0.0376056
0.763818
0.069253
0.0525248
0.372799
0.414766
0.036538
1.00798
0.233284
0.00265918
0.0025984
0
0.00265918
0.00265918
0.0924673
0.0665647
0.00565398
0.00253938
0
0.00274036
0.00279436
0.104456
0.00254714
0.0391939
0.964714
0.00958882
0.00265733
0
0.00850229
0.00309629
1.01684
0.0184226
0.00275333
0.00265918
0.0156211
0.00886394
0.00451229
0.0149057
0.0944901
0.00299312
0
0.0106627
0.0444644
0.680578
0.0122476
0.982148
0.00823739
0.0127229
0.0839242
1.03924
0.270167
0.921443
0.00256345
0.0028454
0.537958
0.00284659
0.00572328
0.0187869
0.643361
1
1
1
0.232644
0.00277246
0.0258668
0.0270956
0.00800718
0.0390131
0.980482
0.486073
1
0.992108
0.871549
0.075425
0.0127083
0.169397
0.0553025
0.00254167
0.00822168
0.0361826
0.00813864
0.00282874
0.00808339
0.173031
0.130369
1
0.71824
0.983303
0.995498
0.953957
0.00271727
0.00454842
0.00272905
0.00272905
0.00272905
1.00157
0.0163992
0.0107722
0.0206751
0.00255889
0.00267822
0.00791323
0.0753803
0.00267822
0.00267822
0.00525038
0.00556119
0.0135049
0.737102
0.458109
0.77678
0.0550465
1.00141
1.00946
0.0737767
1.00692
0.0105346
0.0113889
0.00238177
0.00272973
0.00290404
0.032724
0.00284586
0.0028036
0.00254167
0.0025263
0.00848585
0.00817093
0.221634
0.0325759
1
0.222317
0.404071
0.99703
1.03751
0
0.00281108
0.00281108
0.00249543
0.00264885
0.00650138
0.0280436
0.00293786
0.0122613
0.0108572
0.246272
0.117851
0.990221
1.0054
0.00281382
0.00803466
0.00281108
0.00270496
0.0197631
0.00249543
0.00968692
0.0100433
0.0146072
0.0507705
0.0108698
0.00845607
0.00521989
0.138546
0.00341224
0.00308893
0.00287795
0.00280532
0.0116388
0.392837
0.00531245
0.00323229
0.00272742
0.0051239
0.0105848
0.984784
0.0195883
0.0166393
0.0124795
0.00276333
0
0.0052307
0.00265107
0.0733393
0.248711
0.00286783
0.0122623
0.0106766
0.0106197
0.0111956
0.00758369
0.00537887
1.04016
0.00249543
0.00434793
0.00261755
0.0231173
0.0196363
0.00281108
0.00297821
0.0247554
0.0191885
0.0109534
0.00557294
0.00574145
0.00246737
0.00261605
0.00247856
0.0852029
0.00525193
0.00467893
0.0110473
0.00261605
0.0243146
0.00284769
0.155401
0.0188947
0.0431746
1
0.00707485
0.0569589
0.994731
0.879904
0.0230423
0.0259715
0.0298729
0.00677701
0.0223408
0.00511148
0.00249543
0.0052307
0.0551319
0.018442
0.0334862
0.0130166
0.00258986
0.00511148
0.0052307
0.00249543
0.0149245
0.0139738
0.0607333
0.00640507
0.592745
0.0323738
0.034068
0.0135829
1
0.00310613
0.0155053
0.234191
0.00260388
0.0387692
0.00258986
0.103342
0.0169101
0.00519388
0.197392
0.881443
0.245571
0.00674443
0.00272758
0.00349667
0.0185372
0.013928
0.00349667
0.0285609
0.0939568
0.996025
1.00485
0.00271075
0
0.00279993
0.00534646
0.185704
0.00547227
0.0767665
0.00264804
0.00674379
0.00258986
0.13529
0.00781865
0.115922
0.0098417
0.00258986
0.00353162
0.0868969
0.998179
0.00265901
0.00251344
0
0.0028029
0
0.0239042
0.00270222
0.034793
1
0.380316
0
0.00278578
0.00521623
0.0107573
0.0221019
0.0146132
0.00275075
0.0665785
0.993709
0.00259623
0.047497
0.964584
0.01273
0.00532726
0.0588634
0.0415891
0.0161241
0.00258691
0.134927
0.00277583
0.00280137
0.0159413
0.0874194
0.00262445
1.00077
0.0116548
0.0071576
0.249206
0.00412369
0.0080164
0.00264511
0.0896365
0.00262445
0.00262445
0.798187
0.00262445
1
0.0199426
0.046766
0.0587771
0.031486
0.035438
0.0298065
0.0102715
0.00948056
0.00648905
0.00278332
1
0.447908
0.125739
0.0106199
0.0075191
0.0134387
0.00843244
0.002896
0.00843244
0.00602623
0.00299232
0.00258659
0.00287979
0.0289197
0.00886381
0.00252013
0.00287979
0.0032133
0.203648
0.00914865
0.00872141
0.00561863
0.00988588
0.00544012
0.00293856
0.0833882
0.154929
0.00429812
0.00448024
0.00286541
0.00671929
0.00872451
0.024726
0.00290394
0.0116375
0.00289197
0.0654033
0.00277224
0.154401
0.00872451
0.012363
0.00852543
1.002
0.00823845
0.00259284
0.00252264
0.00274063
0.0025437
0.00260855
1
0.00513897
0
0.00283333
0.00577942
0.00534726
0.00238331
0.0542474
0.00260855
0.00280014
0.00280014
0.00348395
0.00535281
0.438633
0.00592076
0.0055504
0.0139948
0.14157
0
0.00283333
0.00577942
0.00296543
0.00283333
0.017201
0.00299232
0.0025101
0.0458884
1.00607
0.00255266
0.0111795
0.00386363
0.00978205
0
0
0.00368593
0.00344295
0.165013
1.0065
0.259621
1
0.0028806
0.00357653
0.00286541
0.00283005
0.0142784
0.014329
0.0146997
1
0.0131795
0.0221796
0.00397361
0.00386777
0.00348222
0
0.604732
1
1
1
0.00584327
0.00525992
0.00287397
0.00311263
0.0859623
0.00541072
0.00816087
0.159095
0.0148763
0.00472472
0.863742
0.0335595
0
0.0705081
0
0.00675509
0.00540294
0.0107614
0.21092
0.0083401
0.840879
1.00965
1
0.966946
1
0.920563
0
0.00307014
0.00903709
0.00433077
0.00290961
0.00276168
0.0115704
0.478773
0.00558656
0.999607
0.0228041
0.00406154
0.00281413
0.00451755
0.00857947
0.00812896
0.138778
0.0185473
0.00292735
0.0191913
0
0.0137853
0.0166891
0.309764
0.00738877
0.444472
0.097122
1.00335
0.250833
0.999459
1
0.373422
0
0
0
0.0103047
0.0628009
0.993626
0.094683
0.00329752
0
0.00286948
0.0844215
0.00807537
0.0241558
0.103744
0.00655729
0.351067
0.979661
0.764245
0.398142
0.0303705
0
0.0274076
0
1
0.00261062
0.00973196
0.00294403
0.0299079
0.00277206
0.00248969
0.0140731
0.00262835
0.136857
0.00381823
0.597913
0.24104
0.548379
1.00834
0.00761806
0
0.113498
0.00584216
0.0197888
0
0.00247063
0.0256704
0.00236465
0.00302513
0.0582346
0.00973196
0.0227497
0.00518466
0.167132
0.999074
0
0.00282967
1.01604
0.0026375
0.0253333
0.0147295
0.168725
0.0173207
0.00313671
0.0144379
0.00509152
0.00238517
0.00247063
0.00532789
0.00247063
0.936049
0
0.00837168
0.00514025
0.0487577
0.0169898
0.101302
0.00975769
0.00286392
0.0169898
0.0283164
0.01472
0.185677
0
0.0199172
0.00252
0.0298599
0.00264127
0.00257215
0.0154329
0.00983923
0.00261341
0.00884627
0.0526541
0.0842484
0.992777
0.00782725
0.00292731
0.875522
0.00828196
0.0463603
0.00268477
0.11651
0.18161
0.00292648
0.302945
