1.29668
0.0380312
0.0251284
0.268738
1
0.233401
1
0.0199498
0.0314727
0.323123
0.270223
1
0.474382
0.0170357
0.00792578
0.06763
0.0472485
0
0.0396604
0.0175144
0
0.00267454
1.011
0.0029551
0.00279175
0.0140049
0.0427173
0.00304284
0.00304022
0.00554352
0.123539
0.00278796
0.0257215
0.286913
0.699724
0.00281248
0.0030495
0.00267454
0.00286589
0
0.00269029
0.99016
0.00336814
0.00265729
0.00292979
0.00279601
0.013531
0.105182
0.00279601
0.0152628
0.00286139
0.039933
0
0.00294369
0.185821
0.00279601
0.0317164
0.44644
0.997662
0.00584951
0.0029178
0.0056619
0.674732
0.0499683
0.0149694
0.042197
0.132528
0.00308897
0.042185
0.481789
1.01069
0.996703
0.00281727
0.205399
0.0138568
0.00835074
0.00547289
0.00837977
0.284993
1.00408
0.154478
0.00823872
0.00278617
0.00422296
0.0109578
0.026582
0.119384
0.387056
0.00263373
0.0232918
0.0420963
1
0.314221
0.510287
0.701933
0.747406
1
0.654987
1
0.317888
0.431818
1.00562
0.756882
1
0.0436408
0.821138
0.708688
1
1
0.110517
1.00031
1.01315
0.66003
0.0228738
0.00383456
0.0030547
0.348327
0.0659956
0.215631
1
0.401817
0.542178
0.00253134
0.844451
0.638946
0.0568359
1
0.430469
0.115834
0.0322117
0.045277
1
0.00306973
0.0160342
0.0121709
0.0681521
0.00390712
0.0152043
0.153643
0.198238
0.00508788
0.00509075
0.0168211
0.0029005
0.00984137
0.0029005
0.0150743
0.0029005
1
0.0029636
0.0241442
0.012004
0.00291945
0.166537
0.0184782
0.0115821
0.0180927
0.0170536
0.0150337
0.478849
0.00352498
0.00272774
0.853638
0.0242338
0.00291457
0.00283487
0.00757955
0.0383515
0.99885
0.00615463
0.00344911
0.00259152
0.180809
0.00266229
0.00265442
0.00875817
0.855525
0.00363992
0.228534
1.00126
0.0175534
0.00304534
0.037679
0.243011
0.0113972
0.00506716
0.00843618
0.0143194
0.0106588
0.00864355
0.00863841
0.00591603
0.0324545
1
0.00295774
0.0027537
0.0658396
0.00784559
0.245962
0.0159701
0.00335002
0.00301074
0.00310983
0.00280125
0.00551179
0.0026828
0.0248579
0.017403
0.0482023
0.972837
0.0108769
0.00858497
0.00395523
0.00303335
0.00249779
0.0386217
0.00624448
0.0958816
0.966891
0.403272
0.523072
0.454252
0.385975
1
0.520932
0.978274
0.181851
0.104799
0.987968
0.991423
0.898317
1
0.163574
