0
0.335352
0.650494
0.0173113
0.019058
1.02016
0.0173113
0.019058
1.02016
0.0173113
0.019058
1.02016
0.0173113
0.019058
1.02016
0.0173113
0.019058
1.02016
0.0244435
0.019058
1.02016
0.0149585
0.0160131
0.0262688
0.019058
1.02016
0.0171062
0.0149585
0.0175494
0.0450669
0
0.0160131
0.0164154
0
0.0946773
0
0.973775
0.0171062
0.0316316
0
0
0.0245641
0.0158121
0.0165024
0.0175494
0.0903783
0.0405066
0.0522859
0.0498101
0
0.0231616
0.462392
0.0523788
1
0.0171062
0.0612041
0
0.0170649
0.012859
0
0.0245641
0.0356638
0.0331071
0.0175494
0.166223
0.0405066
0.0444471
0.025559
0.0169956
0
0.0347246
0.0434554
0.488009
0.054035
0.954575
0.0178079
0.0955429
0
0.012859
0
0.0245641
0.033967
0.0158295
0.0165024
0.0175494
0.165858
0.0230257
0.0570021
0.0147227
0.0203887
0
0.142336
0.0172214
0.0660973
0.53599
0.0360836
0.513316
0
0.0645736
0.0285946
0
0.0245641
0.0179964
0.0298618
0.0165024
0.0175494
0.564761
0.0463267
0.0258191
0.0570021
0.0143879
0
0.0654807
0.0225864
0.0347632
0.0673425
0.0196111
0.192927
0.034637
0.0154502
0.535683
0
0.0480278
0.0224842
0
0.0220567
0.0682832
0.0179964
0.0298618
0.0350797
0.0175494
0.294767
0.0463267
0.0140979
0.0258191
0.0753576
0
0.0652634
0.0225864
0.0359779
0.0459347
0.0196111
0.141781
0.016437
0.0138479
0.401501
0.016618
0.0168126
0.0480278
0.0214027
0
0
0.0245641
0
0.0293943
0.0979729
0.0233011
0.0140979
0.027877
0.0813987
0.0304219
0
0.0498974
0.0225864
0.0545901
0.0219998
0
0.162393
0
0.0163
0.0223748
0.158692
0.0337217
0.0150706
0.0650757
0.0453422
0.0574881
0
0.0483217
0
0.0246151
0
0.140858
0
0.0150623
0.110483
0.0833995
0.0620258
0
0
0.0846381
0.0359779
0.0219998
0
0.100273
0
0.0163
0.0462749
0
0.0521589
0
0.0797336
0.0305229
0.102069
0.0245641
0
0
0.0253536
0.0194193
0.0144373
0.300321
0
0.0166363
0.0812445
0.0999846
0.0294888
0
0.084238
0.0266449
0.0359779
0
0.0744684
0.0179819
0.0481444
0.0239001
0.042516
0.0739799
0
0.0506199
0.0286454
0.0586701
0.0247039
0.0221597
0.0373174
0
0
0.0194193
0.0144373
0.981268
0.0238116
0.0166363
0.159565
0.165832
0.01378
0.0182451
0.103057
0
0.0172214
0.0228418
0.0736514
0
0.0160905
0.0480067
0.0757773
0.0147309
0.0343282
0.0228907
0.0171587
0.0430331
0
0.0894284
0
0
0.0144373
1.0046
0.0239598
0.0162804
0.211822
0.184186
0
0
0
0.0527069
0.118563
0
0
0.0422067
0.221855
0.0174552
0
0.0480067
0.0430835
0.0326366
0.0629842
0.0169944
0.0430331
0.0236413
0
0.0538865
0.0129567
0.992005
0.0457568
0.337575
0.183254
0.0159133
0.0442566
0
0.0275961
0.150388
0.0350597
0.0221975
0.0457961
0.346808
0.0523224
0.0155647
0.0858927
0.191594
0.0479199
0.0171381
0.0454679
0.0169944
0.0547465
0.0438566
0.066008
0.0350492
0.0220907
0
0.985241
0.283011
0.0988178
0.0458169
0
0.0275961
0.187109
0.0525244
0.0451149
0.023645
0.194819
0.0370786
0.0155647
0.110341
0.186216
0
0.0521534
0.0165949
0
0.0565822
0.0438566
0.0873414
0.0510453
0.0252478
0.0166326
0
0.756138
0.291086
0.0493914
0.0464058
0.0151722
0
0.0989204
0.154811
0.018425
0.105476
0.0244203
0.0632396
0.142411
0.0183688
0.0141214
0.169424
0.340624
0.0492962
0.0314656
0.0199758
0
0.0821436
0.0232258
0.066182
0.0349011
0.0252478
0.0510257
0.582749
0.0155222
0.651462
0.0491292
0.0469805
0.0160451
0
0.247654
0.115223
0.0388285
0.0552623
0.0244203
0.0613548
0.184705
0.0183688
0
0.386831
0.38518
0.0469954
0.0148707
0.0199758
0.0819085
0.0233555
0.087027
0.0349011
0.0252478
0.0345766
0.0187255
0
0.460539
0.0477418
0.0310995
0.301835
0.0321647
0.0307663
0.0138104
0.0407208
0.272334
0.0670867
0
0.0388285
0.0552706
0.0450422
0.0613548
0.243583
0.0902959
0
0.544803
0.117344
0.0360558
0.0466199
0.0418909
0.0819085
0.0233555
0.110154
0.0349011
0.0474663
0.0163144
0.0187255
0
0.21751
0.0477418
0
0.414318
0.0321647
0.0316778
0.0276904
0.0411634
0.179918
0.064882
0.0225654
0.0388285
0.05323
0.0684232
0.0613548
0.120428
0.07191
0
0.38634
0.122605
0.0529062
0.0150541
0
0.0219151
0.0819085
0.0233555
0.116326
0.0338418
0.0461624
0.0341534
0.0187255
0.0142863
0.126609
0.0455275
0.105024
0.0321647
0.0466886
0.0577248
0.0208123
0.18427
0.080186
0
0.0554663
0.0676939
0.0412658
0.120428
0.0365855
0.0151963
0.570597
0.0818975
0.0546046
0.0150541
0.0316163
0.022614
0.0162121
0.028579
0.0244771
0.0252405
0.0688571
0.0187255
0.0142863
0.0950117
0.0664324
0.100815
0.0308611
0.0436015
0.0208123
0.131553
0.0496281
0.047377
0
0.1127
0.0450422
0.0203952
0.238258
0.0183688
0.0316314
0.574303
0.0407403
0.0174062
0.0314966
0.022614
0.0320542
0.028579
0.0244771
0.0160024
0.0336717
0.0142863
0.0633911
0.0327298
0.0265386
0.0471576
0.01388
0.0340831
0.0511598
0.0334549
0.0244121
0.0197127
0.0570791
0.0233594
0.0435471
0.168275
0
0.030834
0.46977
0.078357
0.0164425
0.0133045
0
0.0302391
0.0126062
0.0299747
0.0327298
0.0565072
0.0302447
0.0349372
0.0180083
0.0247751
0.0192583
0.0235711
0.0483869
0
0.0616389
0.130462
0.0357549
0
0.0142428
0.0126062
0
0.0528592
0.017377
0
0
0.0207239
0
0.0207313
0.0260715
0
0.0299924
0
0.0250575
0
0
0.0207313
0.0225767
0.0243518
0
0
0.027048
0.0291752
0.176868
0
0
0.0413629
0.02428
0.0296611
0.213017
0.0761739
0
0.0580799
0.0224015
0
0
0
0.0277813
0.0537761
0.0147077
0.0735572
0.0649059
0.253739
0.0229425
0
0.0159682
0.196181
0.0718716
0.0178374
0.0452647
0.211204
0.0395962
0
0.0168056
0.0163785
0.0210806
0
0.0143389
0.031947
0.0580799
0.046542
0
0
0.0136908
0.0418757
0.0419664
0.0797566
0.101291
0.0665992
0.178769
0.0327137
0.0229425
0.037702
0.0487868
0.0685033
0.278711
0.0238134
0.521547
0.0752743
0.125607
0.0155159
0.0210806
0
0
0.031947
0.0433874
0.0906871
0
0.0136908
0.0166207
0.0418757
0.0436438
0.0797658
0.0152144
0.217258
0.0223076
0.0169694
0.153167
0.066778
0.0229425
0.0357808
0.0490024
0.0458198
0.342064
0.0729059
0.0174564
0.0154786
0.871535
0.0369213
0.0938807
0.0155159
0.0210806
0
0
0.031947
0.0433874
0.0444899
0
0.0136908
0.0418757
0.0298129
0.0787284
0.0152144
0.511798
0.0223076
0.0337983
0.0761086
0.0340643
0.0229425
0.0568628
0.13625
0.0232572
0.399675
0.0483929
0.0174564
0.0293432
0.826349
0.0369213
0.0775572
0.0155159
0.0210806
0
0
0
0.0164961
0.0433874
0.0224436
0
0.0136908
0.0141851
0.0756032
0.0166563
0.059213
0.472429
0.0223076
0.0169694
0.103919
0.0166578
0.0229425
0.0568628
0.0485851
0.0232572
0.484897
0.0483929
0.0174564
0.0293432
0.75065
0.0369213
0.0177823
0.062559
0
0
0.0164961
0.0690613
0.0184022
0.0164854
0.0226864
0.0579329
0.0756032
0
0.0142198
0.398501
0.0169694
0.103424
0.0169395
0
0.0319769
0.0232572
0.127119
0.0293466
0.310126
0
0.0153644
0.0150095
0
0.0183407
0.0226864
0.0287542
0.0236116
0
0.0787785
0.0510319
0
0.0194129
0.0180688
0.0232572
0
0.0425051
0.0297329
0
0.0183407
0
0.0141851
0.0475176
0
0.0216459
0.0166005
0.254938
0.0165651
0.780936
0.0269575
0.821057
0.421429
0.149627
