0.0416671
0.015449
0.0767607
0.542774
0.0162379
0.0606836
0.00952714
0.00663926
0.00577666
0.0692064
0.670923
0.00151837
0.0292226
0.575633
0.400352
0.00152075
0.00262675
0
0.00446387
0.00137387
0.0663899
0.0640028
0.0122146
0.582377
0.00512022
0.00520288
0
0.0383407
1
0.0349721
0.0213433
0.0100303
0.00152232
0.00155183
0.00569959
0.0364898
0.00579581
0.0207348
1
0.0973784
0.245145
0.0919774
0.055788
0.0156265
0.0157129
0.0704657
0.0758021
0.0438373
0.0676131
0.998152
0.826649
0.368068
0.691733
0.0496628
0.993268
0.00144801
0.313728
0.00145848
1
0.437145
0.285739
0.880526
0.0599535
0.151027
1
0.407694
1
0.981733
0.0164297
0.016839
0.00426973
0
0.0970993
0.730059
0.0116889
0.0028147
0.0704283
0.005345
1.00304
0.642942
0.250755
0.806164
0.00153351
0.81983
0.00480108
0.975776
0.01749
0.00705032
0.227835
0.00856824
1
0.0659191
0.0149523
0.0301435
0.00745518
0.0341457
0.0123768
0.00428289
0.0336288
0.0187777
0.0012926
0.00901196
0.00155699
0.00154716
0.00261352
0.010999
0.00153522
0.0236991
0.432504
0.0666471
0.0691805
0.0107226
0.00145208
0.0646042
0.00432248
0.00429607
0.0703698
1
0.990835
0.372881
0
0.00417878
0.00549904
0.00149739
0.00149305
0.00131014
0.00276436
0.00149739
0
0.132647
0.00414523
0.0129783
0.00136171
0.00565493
0
0
0
0.00208448
0.00409635
0
0.00360046
0.00156425
0.0013622
0.00413414
0.00137489
0.149928
0.00567823
0.0013622
0.795053
0.999479
0
0.00133203
0.00148099
0.00145514
0.0766274
0.0195527
0.00374348
0.0130515
0.00146257
0.0230828
0.00195312
0.00153031
0
0.0132017
0.00146898
0.0190931
0
0.00130479
0.0042713
1.02007
0.0014595
0.00130479
0.387574
0.0099369
0.00415919
0.00271887
0.0304681
0.0798381
0.00205122
0.00641739
0.00141907
0.00540751
0.00176355
0.00150711
0.00258309
0.0012783
0.0012783
0.460809
0.00144407
0
0.00458837
0.00203809
0.00283272
0.0015598
0.00146686
0.00565787
0.0931142
0
0.00258309
0
1
0.00157177
0.00148234
0
0.00150333
0
0.00208256
0.00413593
0.00294917
0.00135966
0.00131622
0.00574784
0.00283701
0.621985
0.679738
0.00705375
0.00132017
0
0.00132017
0.00132017
0
0.00132017
0.00132017
0.00634208
0
0.457743
0.98802
0.00301065
0.0196612
0.00533798
0.0181116
0.0228045
0.0094756
0.00132705
0.00545368
0.00414614
0.00277057
0.0419912
0.00165981
0.892512
0.0499275
0.00151685
0.0311934
0.00151007
0.00127252
0.00142135
0.199128
0.00127252
0.00159066
0.0467603
0.500822
1
0.00127252
1
0.162613
0.27111
0.0797861
0.048026
0.0245624
0.00473411
0.0022538
0.00688598
0.0782324
0.00960706
0.116564
0.00946822
0.00441378
0.0289926
0.24096
0.00344299
0.386755
0.338217
0.00379292
0.238276
0.273775
0.0084036
0.050102
0.146518
0.0717221
0.0127737
1
0.00128432
0.0719395
0.00136926
0.00140375
0.00128821
0.486251
0.687368
0.835542
0.426159
0.00368414
0.0418689
0.501029
0.00559924
0.00407421
0.0136788
0.120303
0.0318005
0.704805
0.278404
1
1
0.0194207
0.232276
0.00865272
0.0403303
0.0930561
0.0038948
1
0.257005
0.00207791
0.0212947
0.00286126
0.00497978
0.0856401
0.00287756
0.00351494
1
0.986361
0.269483
0.0874294
0.369133
0.528136
0.490488
0.165868
0.434667
0.0231211
