0.0713901
0.0094815
0.0744318
0.0094815
0.225071
0.225071
0.225071
0.225071
0.225071
0.225071
0.225071
0.00772197
0.00966022
0
0
0.00885218
0.0655971
0.00649327
0.246807
0.00754831
0.00772197
0.0193151
0
0
0.0175941
0.0830888
0.0491455
0.00649327
0.358822
0.0195469
0.0436295
0.00772197
0.0193151
0
0.00885218
0.0147385
0.174374
0.0491455
0.356488
0.0195469
0.114859
0.0573947
0.00772197
0.0282054
0
0.00885218
0.182286
0.0491455
0.00649327
0.356914
0.0195469
0.114859
0.0438805
0.00772197
0.00808839
0.00696005
0.0193151
0
0.00809749
0.00885218
0.219046
0.0491455
0.385887
0.0178788
0.00681255
0.114859
0.0952136
0.00808839
0.00934968
0
0.00885218
0.0679487
0.0491455
0.25731
0.0822262
0.0168445
0.00700366
0
0.0683449
0.00808839
0.00700366
0.026296
0.00769275
0.00808839
0.00700366
0.00640751
0.382638
0.00808839
0.00700366
0.00640751
0.70058
0.00765713
0.00808839
0.00700366
0.0153665
0.00640751
0.624678
0.00765713
0.00808839
0.00917157
0.00728993
0.0478682
0.00640751
0.491634
0
0.022385
0.0116333
0.0371997
0.0159328
0.0397612
0.0478682
0.0218083
0.00842623
0.0857065
0.034325
0.366343
0
0.0155013
0.0116333
0.0503486
0.0729512
0.00793717
0
0.118439
0.27733
0.0204571
0.00842623
0.00661675
0.0256802
0.0857065
0.034325
0.427669
0
0.259885
0.0444151
0.176787
0.0368255
0.0230979
0.206793
0.35822
0.0204571
0.00661675
0.0349737
0.0600306
0.0865476
0.291385
0
0.164687
0.0444151
0.189496
0.0391032
0.0237527
0.249991
0.656715
0.0282006
0.00661675
0.0256802
0.0339316
0.0716851
0.248595
0
0.106239
0.0444151
0.0251393
0.0391032
0.0152174
0.0164612
0.221641
0.455369
0.0282006
0.0095157
0.0339316
0.034325
0.187875
0
0.0306648
0.0333269
0.0127092
0.0391032
0.0195748
0.0159063
0.228755
0.481959
0.0282006
0.034325
0.0652844
0
0.0306648
0.0333269
0.0127092
0.0296122
0.0195748
0
0.0168547
0.0534695
0.959756
0.0360847
0.0176982
0.0203243
0
0.0116333
0.00992891
0.0168547
0.039566
0.0177709
0.356001
0.0217662
0.00695849
0.00757558
0.0308154
0.0075878
0.0480909
0.0150218
0.0167359
0.0895848
0.0079336
0.0091457
0.0300518
0.0251726
0.155264
0.0549284
0.013543
0.473472
0.0141358
0.00757558
0.0115845
0.0640898
0.0467201
0.0142901
0.0144419
0.107255
0.01488
0.225887
0.0117807
0.0136556
0.0251726
0.0105412
0.0156825
0.276312
0.0473184
0.00701827
0.656954
0.0279291
0.0225905
0.0115845
0.0492049
0.00937031
0.0572558
0.0142901
0.0144419
0.107255
0.0459936
0.298932
0.0117807
0.00666186
0.0904656
0.0200206
0.0156825
0.00888201
0.471083
0.0850799
0.0318156
0.00701827
0.870584
0.0207422
0.0150678
0.0224455
0.00886676
0
0.0274826
0.0147564
0.0144419
0.107255
0.036006
0.0409398
0.390442
0.0223275
0.00666186
0.104461
0.00886001
0.0300658
0.0235923
0.00888201
0.500648
0.108919
0.0160632
0.0140218
1.00041
0.0239898
0.0150678
0.015645
0.0115845
0.0200071
0.007764
0.0180948
0.0180343
0.0142901
0
0.228583
0.0292802
0
0
0.331117
0.0105468
0.00666186
0.129156
0.00947935
0.0304462
0.47461
0.0921631
0.0317836
0.00701827
0.922529
0.0177466
0.0228021
0.00897483
0.0094082
0.186846
0.0223339
0.00819491
0.166601
0.0385579
0.00947935
0.00781434
0.0083676
0.091547
0.0460102
0.0210732
0.3848
0.0104631
0
0.0709302
0.0152749
0.0300772
0
0.0308015
0.0856875
0.0357891
0.0152749
0.0511809
0.0151775
0.0173003
0.0180482
