0.0112541
0.0112509
0.0117422
0.0112258
0.0112509
0.0675055
0.0113906
0.0114981
0.00187177
0.000765832
0.0482182
0.0112509
0.0114981
0.0117197
0.0112509
0.0616216
0.0442504
0.270023
0.00140881
0.00140841
0.00140841
0.00140801
0.00140841
0.00140997
0.00140841
0.00596222
0.0255524
0.00140841
0.00777681
0.00596884
0.00140841
0.00650545
0.00145122
0.00490207
0.00476023
0.00473383
0.0052544
0.00476023
0.0148213
0.0501688
0.0181549
0.139018
0.0225369
0.0007744
0.000675874
0.001488
0.000729187
0.00218275
0.0143586
0.292046
0.23376
0.00276948
0.00329014
0.00275951
0.00208696
0.0218496
0.00299412
0.00625389
0.0118511
0.00268987
0.000747832
0.000965605
0.00145773
0.00264725
0.00340418
0.00329224
0.010896
0.016565
0.107704
0.497369
0.00135634
0.00129832
0.000645841
0.0013471
0.00357295
0.00354523
0.00785171
0.00132935
0.000642832
0.000743373
0.00129832
0.00133356
0.00066347
0.0103836
0.00135314
0.0150263
0.898172
0.039517
0.641006
0.00746231
0.0013882
0.00885249
0.000708234
0.0035054
0.0245074
0.00746442
0.00885498
0.0106476
0.00142545
0.0373221
0.0119509
0.000624928
0.0021442
0.00973387
0.00956073
0.0442625
0.00133857
0.000624928
0.00956073
0.0156406
0.00568173
0.0623838
0.00568399
0.00129121
0.000762722
0.00317076
0.00568173
0.00360981
0.000749154
0.00247734
0.000711121
0.00177217
0.00467386
0.000730047
0.00217256
0.0057539
0.00134309
0.000636246
0.00355119
0.00789771
0.00138807
0.00497427
0.0226602
0.0621188
0.597404
0.053662
0.0886903
0.00062788
0.00125263
0.00975641
0.00941067
0.000627527
0.000627704
0.00872599
0.016106
0.00460248
0.000613177
0.000629681
0.00352857
0.00354246
0.00423428
0.0119313
0.00269685
0.00211382
0.0103003
0.000662934
0.000617504
0.00352857
0.00367259
0.00766672
0.0288858
0.000662934
0.00344155
0.000617504
0.0041624
0.000734137
0.00352857
0.00829215
0.000713128
0.00481261
0.00361681
0.00058652
0.00352857
0.000653325
0.000627704
0.000632477
0.000767326
0.00865053
0.000627704
0.859666
0.465612
0.0767812
0.153752
0.0014142
0.00441281
0.0179845
0.00071574
0.00351348
0.0014146
0.001415
0.0120281
0.0118889
0.0462459
0.00472091
0.00439375
0.0014146
0.00283254
0.000730277
0.00146216
0.0014146
0.00142959
0.00424882
0.0299722
0.00144707
0.00332116
0.244784
0.00441281
0.000711424
0.000706521
0.00294147
0.00362667
0.038533
0.00441281
0.00355704
0.0196355
0.00450933
0.000712323
0.00199083
0.000706521
0.00100932
0.00205675
0.00264945
0.00145754
0.00235507
0.000706521
0.000718772
0.00201189
0.00983262
0.00980713
0.00111556
0.00207163
0.0033566
0.0468806
0.0180139
0.06543
0.0479212
0.0203986
0.0047043
0.00335497
0.00147015
0.00769797
0.00773648
0.00204724
0.00275364
0.00470696
0.00203781
0.00670205
0.00295057
0.011141
0.000728479
0.0041535
0.00147845
0.00281268
0.000620582
0.00346157
0.0195367
0.00146371
0.000687745
0.002769
0.00643658
0.00140953
0.00140445
0.000733633
0.00349908
0.00450634
0.0241217
0.00142775
0.00139943
0.0531497
0.00624855
0.0519919
0.000739115
0.0021377
0.000718212
0.00212426
0.00527605
0.00800307
0.00146291
0.00283771
0.00496351
0.0021377
0.000718212
0.00286779
0.00540126
0.00284399
0.000722124
0.000621852
0.00147377
0.00342257
0.000865563
0.00524117
0.00433399
0.00138572
0.00108319
0.0022009
0.00497699
0.000707469
0.001983
0.00203781
0.0070113
0.000698823
0.000622369
0.0202081
0.00204787
0.0120599
0.0028902
0.00743626
0.00136242
0.00203781
0.000933553
0.000645455
0.00222508
0.0103498
1
0.160126
0.0976463
0.881708
0.00525406
0.00525555
0.00631648
0.00794813
0.0033259
0.00199321
0.00525703
0.00192965
0.000979179
0.00282254
0.0197083
0.00519861
0.000681686
0.000659703
0.00386783
0.0033259
0.000691442
0.0028273
0.0033259
0.00496991
0.0353988
0.0310912
0.00130974
0.00130974
0.0041069
0.000749977
0.00329851
0.0209612
0.00130974
0.00130974
0.000682605
0.000660692
0.000772613
0.00192965
0.00281516
0.00126995
0.00352229
0.00584518
0.00202249
0.000672351
0.00192965
0.00165645
0.0193542
1
0.72968
0.00128302
0.00128339
0.00332702
0.00132165
0.00128375
0.00128339
0.000746653
0.00499053
0.00132165
0.00128339
0.00385016
0.0164335
0.00368815
0.00454578
0.00128339
0.00961056
0.00221297
0.00209344
0.00128339
0.00748579
0.01557
0.00501992
0.00140422
0.0458309
0.00191235
0.00137407
0.00201376
0.00137407
0.00137072
0.0537099
0.000643796
0.000666657
0.0018123
0.000664323
0.000699064
0.00276644
0.0318836
0.00961616
0.00327502
0.00938747
0.0122589
0.000666657
0.00964561
0.000684963
0.00701273
0.0351708
0.000652624
0.00427798
0.991454
0.404026
0.00399882
0.0110569
0.000715219
0.00136657
0.00139663
0.0117236
0.00872264
0.00139602
0.000661816
0.000699282
0.00919525
0.00212669
0.000711416
0.0101105
0.00091144
0.000697029
0.00265611
0.000839424
0.000698347
0.0014292
0.00199353
0.000679734
0.00066451
0.00373597
0.00066451
0.000682757
0.0416004
0.807221
0.307227
0.00192145
0.00103506
0.00134727
0.000650234
0.00201071
0.00160363
0.000638008
0.017787
0.00069157
0.000632577
0.00255792
0.00273936
0.0068268
0.00261248
0.000652026
0.012102
0.0139398
0.000673308
0.00148142
0.487591
0.00206976
0.000632577
0.000632577
0.00343601
0.00134288
0.00196972
0.000619367
0.0024363
0.00334483
0.00130749
0.00261248
0.00684917
0.00180177
0.00259237
0.0140437
0.00192091
0.00267072
0.0012829
0.00213843
0.0675065
0.157278
0.0490717
0.0198797
0.000676487
0.0069133
0.0166116
0.000700237
0.00419472
0.0442161
0.000645577
0.00626736
0.0055035
0.000603691
0.000667399
0.000645577
0.00694426
0.000883425
0.017943
0.0032033
0.182401
0.0729626
0.031487
0.000670918
0.00812432
0.0261264
0.00464482
0.000671107
0.000671296
0.00773784
0.00273258
0.00154871
0.0348082
0.116461
0.000694232
0.00745321
0.0444806
0.0253801
0.00319095
0.00198288
0.00138914
0.0100398
0.000671107
0.000676172
0.0114974
0.00337662
0.000629454
0.000958725
0.000671107
0.00275544
0.00223702
0.000671107
0.0201374
0.000671107
0.000692913
0.00378184
0.000671107
0.000671107
0.000644574
0.00203276
0.00402664
0.0506875
0.0603007
0.00411878
0.00209858
0.00191537
0.00218336
0.00273627
0.00213983
0.000638456
0.0548257
0.000707843
0.000722706
0.0546548
0.000642915
0.00134962
0.000726897
0.0142216
0.00299964
0.00524646
0.00286173
0.0019989
0.00297954
0.00211324
0.0253735
0.00066941
0.00258689
0.00273704
0.685864
0.00284424
0.12642
0.136986
0.00207657
0.00207716
0.00133855
0.00215013
0.00207716
0.00207774
0.00778935
0.002018
0.000727552
0.000727552
0.00143418
0.00140375
0.000727552
0.00348824
0.00426643
0.00137382
0.000645906
0.00137237
0.000725441
0.00129727
0.00143076
0.00270934
0.000687013
0.00137382
0.00142208
0.00517291
0.00216842
0.000727552
0.00141099
0.0013925
0.000690271
0.00134961
0.00134961
0.00629069
0.00207716
0.00134961
0.182464
0.00566498
0.117036
0.00955332
0.00955601
0.00345065
0.00180573
0.00207039
0.00747283
0.00207098
0.00758784
0.000739546
0.00162886
0.00517598
0.000752641
0.00208982
0.0297765
0.00764344
0.00144083
0.000715544
0.000630759
0.00940419
0.0305116
0.00748562
0.00062981
0.00139783
0.0063359
0.0198458
0.0125614
0.00722496
0.00350577
0.00323125
0.00178886
0.00150749
0.0197949
0.0200874
0.00334971
0.000716622
0.000821491
0.000746631
0.000766654
0.000678179
0.0107332
0.00227154
0.000740217
0.000752641
0.000715544
0.0125389
0.00141177
0.00953287
0.00143598
0.00820792
0.00837931
0.00207685
0.0815687
0.000722294
0.00820792
0.392908
0.000753674
0.00531125
0.00515827
0.0171942
0.00515682
0.00736896
0.00515827
0.00515827
0.00442647
0.00531034
0.00440743
0.000641163
0.00348366
0.000699283
0.000835548
0.055502
0.00116414
0.00217517
0.00714511
0.40143
0.00329303
0.00282122
0.000677908
0.0188257
0.0554271
0.00980387
0.0448687
0.00689922
0.00690117
0.00690117
0.00690117
0.00690311
0.0072542
0.00690117
0.00723428
0.000729437
0.0108495
0.0258794
0.00709693
0.0459721
0.00731834
0.037012
0.00618119
0.00649628
0.5061
0.990451
0.00311108
0.00403338
0.00418585
0.000720623
0.00143821
0.328592
0.00326776
0.00705503
0.00132162
0.00490026
0.00194484
0.001322
0.00202495
0.00194484
0.0145863
0.00786307
0.00194484
0.00194484
0.00677571
0.00069649
0.00142076
0.0133504
0.0402983
0.0106163
0.0067355
0.0330592
0.00136561
0.00953303
0.00126736
0.00340152
0.00799122
0.001322
0.00251315
0.0186278
0.423055
0.169385
0.00142523
0.000679176
0.00483112
0.00142483
0.000771836
0.000745458
0.00447275
0.000843735
0.0122895
0.000745458
0.000745458
0.000721179
0.00679165
0.00176598
0.00132892
0.00182774
0.0296121
0.0014799
0.00354886
0.00148812
0.00168882
0.000766748
0.000756111
0.000681843
0.000648572
0.00147533
0.00136116
0.00327025
0.00180835
0.0102418
0.000679368
0.00144829
0.00147595
0.0055357
0.0051332
0.355906
0.581933
0.000711365
0.000711566
0.000711566
0.00956777
0.00164208
0.000711566
0.000711566
0.00613853
0.000731506
0.00668225
0.0215565
0.00922022
0.00158028
0.000711566
0.000735097
0.000718548
0.00307843
0.0307637
0.00204511
0.00572629
0.00074744
0.0177871
0.00531729
0.0413012
0.000648821
0.000668203
0.000718548
0.00150583
0.00923811
0.000677171
0.0121105
0.0020816
0.00673781
0.000690076
0.00212523
0.000862595
0.0295633
0.000985823
0.000690076
0.00210508
0.00215435
0.00290914
0.00355825
0.380821
0.473244
0.00230025
0.0125499
0.113207
0.0643585
0.00277434
0.00546763
0.0363963
0.00419013
0.00419013
0.0185936
0.0139671
0.00277512
0.00141607
0.005573
0.00500685
0.00839895
0.00266822
0.0104853
0.005573
0.00266822
0.00200177
0.0204734
0.00308703
0.00284043
0.00203227
0.0187305
0.203321
0.00131375
0.001415
0.00223737
0.000647261
0.00312797
0.00142943
0.00125102
0.0139136
0.00134024
0.000638282
0.00149982
0.00346695
0.511989
0.287448
0.00147602
0.0347974
0.0472673
0.00264703
0.000640068
0.00552184
0.000667212
0.000662889
0.00264628
0.00660853
0.000663076
0.00200062
0.00950128
0.000663076
0.00849945
0.00067956
0.00198321
0.00754384
0.00950128
0.00751807
0.00782689
0.00251315
0.00406319
0.000716802
0.00754384
0.0281928
0.00626358
0.0013368
0.000685707
0.0387073
0.006855
0.011425
0.00165769
0.00140308
0.00198625
0.00496502
0.0020151
0.006855
0.000680218
0.00209787
0.00212484
0.00241812
0.000636584
0.00147883
0.0666001
0.0574525
0.000694619
0.0999552
0.0583695
0.00404673
0.00117765
0.0358838
0.00278943
0.00278943
0.0337997
0.000689217
0.0207406
0.00278943
0.00403345
0.00278943
0.0082389
0.00230386
0.0028809
0.00278943
0.0054915
0.00973418
0.00063441
0.00333792
0.00765242
0.0101114
0.000849205
0.00843047
0.00333792
0.00674948
0.00346166
0.0330945
0.00482208
0.000740085
0.00220296
0.0626511
0.0356136
0.000722899
0.00221129
0.133599
0.00147106
0.000727809
0.00135125
0.00637137
0.000697902
0.00142362
0.0078697
0.000870437
0.0413134
0.254246
0.189625
0.0874838
0.00817746
0.000649568
0.000865759
0.00211304
0.023602
0.00751603
0.00144904
0.000649202
0.00817977
0.00268596
0.000847024
0.0350562
0.000734734
0.00817977
0.000649385
0.0326233
0.0124724
0.000674824
0.00549457
0.00706077
0.0124724
0.0414371
0.00697781
0.0129233
0.00210064
0.0020727
0.00697781
0.0340156
0.000678807
0.0316954
0.00139848
0.0042861
0.000671573
0.00139848
0.0093271
0.00321288
0.00131054
0.00198544
0.00146431
0.00131098
0.000750353
0.0037612
0.00199783
0.922936
0.238589
0.00139848
0.479457
0.00285043
0.0172205
0.0180843
0.0172156
0.0172108
0.0180279
0.0172156
0.0172156
0.0179078
0.196586
0.00345404
0.0170524
0.0172156
0.00139233
0.0175568
0.00351593
1
0
0
0
0
0
0
0
0
0.991368
0.924447
0
0
0
0.0509236
0.371007
