0.0220423
0.0538813
0.325766
0.233401
1
0.301203
0.475177
0.329052
0.275182
0.00549549
0.476905
0.226235
0.434542
0.0061061
0.170005
0.462059
1
0.99731
0.0281363
0.990225
0.848664
0.0847852
0.0158055
0.0695753
0.0287518
0.00271837
0.00373958
0.00923745
0.0106053
0.00248355
0.346255
0.0130885
1
1.0098
0.860026
1
0.0106753
0.00257999
0.0285968
0.000451887
0.00251282
0.00260832
0.0820392
0.0105511
1.0151
1.0506
1.0664
0.0377307
1
0.502261
1
0.81566
0.48767
0.519263
1.00654
0.659268
1
0.317888
0.0420507
0.325023
0.0489244
0.209769
0.0423935
0.00253224
0.137074
0.0738336
0.0469197
0
0.0103667
0.0196664
0.0227482
0.322208
0
0
0.00386279
0.00274602
0.00295628
0
0.00312573
0.0635909
0
0.00829594
0
0
0.00550789
0.00280238
0
0.210134
0.0114092
0.974508
0.00264342
0.735099
0.991881
0.0117739
0.00995563
0.00817258
0.0027918
0.00408629
0.763183
0.577455
0.12701
0.00249264
0.0321479
0.00276202
0
0.00566972
0.0141093
0.00565826
0.0206987
0.701709
0.302064
0.945658
0.00274379
0.0124632
0.00278307
0.0138725
0.00284993
0.00273259
0.00924833
0.00681048
0.0506075
0.00267424
0.00276689
0.00256487
0.00271598
0.0109923
0.00837388
0.3922
0.00753283
0
0.00265825
0
0.00290234
0.217686
0.00864782
0.00296988
0
0.0829368
0.050485
0.740828
0.00281079
0.00748307
0.098592
0.00442472
0.00561023
0.0115568
0
0.00290555
0.0221417
0.0320375
0.00272178
0
0.943673
0.00280501
0.00791316
0.0138742
0.00277398
0.00275399
0.00279957
0
0
0.00876852
0.0055993
0.0271489
0.00284645
0.0898858
0.00899469
0
0.920143
0.884722
0.13779
0.0450355
0
0.00291841
0.00453038
0.00409237
0
0.0137931
0
0.0653732
0
0.00311054
0.00750096
0.00476903
0.999207
0.996071
0.0776707
0.0312335
0.934169
0.00265051
0.00271598
0.0401564
0.0930422
0.0332683
0.0506843
0
0.0453918
0.00298053
0.997764
1.15187
0.0997862
1.03419
1.0061
0
0.0392622
0.0963925
0.0219349
0.0732119
0.0252047
0.219946
0.00780139
0.985529
0.992244
0.980028
0.794948
1
0.00251337
0.0124443
0.00259672
0.00525792
0.767096
0.00262409
0.0150901
1.01155
1.31428
1.0293
0.0262781
0.658541
0.350412
0.559557
0.65287
0.340101
1
0.18589
