0.233401
1
0.446509
0.70441
0.450718
0.376929
0.351481
0.176229
0.331842
0.0432989
0.014969
0.00249483
0.00778384
0.0029938
0.00249483
0.002705
0.0365531
0.0374225
0.742317
0.0054808
0.00471059
1.00263
0.00282183
0.00287331
0.00310455
0.0695885
0.958101
0.0857615
0.00289703
0.00565386
0.0282635
0.00255938
0.0110321
1
0.343037
0.00253809
0.00535711
0.11961
0.309381
0.0140612
0.00539587
0
0.00251532
0.0164797
0
0.574091
0.0146798
1
0.99612
0.935736
1
0.00262765
0.0289338
0.0980214
0.0026565
0.00567912
0.0830061
0.989574
0.981622
0.985503
0.0511343
0.957671
0.383682
0.275408
0.62309
0.523663
0.557587
0.498811
0.326715
1
0.317888
0.215631
1
0.439655
0.593233
0.43438
0.32867
0.00371693
1
0.461493
0.342346
0.032556
0.00684105
0.00764524
0.0223828
0.00563822
0.123427
0.0315772
0.943853
0.00740866
0.0117107
0.00412885
0.00257088
0.0138286
0.00397783
0.0107579
0.00584181
0.0225286
0.0664027
0.0186394
0
1.03827
0.00298378
0.00299899
0.00252466
0.0862099
0.0106621
0.0337045
0.00969073
0.00252298
0.00298378
0.00322879
0.0027154
0.00314912
0.986675
0.00311769
0.00251018
0.0413362
0
0
0.00298506
0.010617
0.00304383
0.0045649
0.00288354
0.0027154
0
0
0.00806187
0.00942756
0.962705
0.689708
0.0111936
0.00290722
0.399123
0.00251089
0.00250947
0.00257258
0.00251018
0.00301039
0.00252466
0.00753054
0.0105089
0.00252466
0.0307322
0.0439662
1
0.00794657
0.0440995
0
0.0150841
0.00290722
0.0145846
0.00298378
0.00261728
0.00290722
0.00305796
0.00290722
1
0.381067
0.0150841
0.989571
0.606288
0.00303835
0.00252466
0.00825661
0.00254414
0.0202708
0.010956
0.115258
0.291626
0.00946748
0.00582375
0.00908904
0.00817882
0.00555093
0.00905135
0.00283237
0.015776
0.33209
0.00282062
0.00355658
0.0027154
0.883768
0.987387
0.0116374
0.964924
0.791571
1
0.002494
0.0123483
0.00513175
0.412727
0.00518583
0.973073
0.552233
0.0260205
0.380558
0.323358
0.424952
0.221371
