0.00271114
0.00246516
0.00246446
0.00271114
0.00246516
0
0
0
0
0.00529004
0.0119851
0.0198939
0.00867621
0
0.00280575
0
0.297531
0.498191
0.00303692
0
0.00552134
0.00300056
0.00505084
0.00582471
0.00282626
0.00264413
0.00282626
0
0.00613939
0
0
0
0
0
0
0
0
0.00264707
0
0
0
0.00859325
0.0109559
0.0399746
0.0223019
0
0.00503906
0
0.00529667
0
0.0194431
0
0.00529667
0
0.0139857
0.00237936
0
0.00296513
0.00300056
0.00550009
0
0
0.00590518
0.00300056
0
0.00600855
0
0.00292173
0
0.00593291
0
0.010477
0.00292173
0.601225
0.00255613
0.00274271
0.00257072
0.00259785
0.00264413
0
0
0.00550903
0.0130958
0
0.00257903
0.0024993
0.0366738
0
0.00519755
0
0.00284441
0
0.00256643
0.00533978
0.0184887
0
0
0.00251734
0.003337
0.00269507
0
0.00253963
0.00299091
0
0.00262921
0.00247291
0
0.00262459
0.00927341
0.00284643
0.00237364
0.00364844
0
0.00265109
0.00247291
0
0.00261752
0
0
0.0180033
0
0
0
0
0.02199
0.00564317
0.00269825
0.010571
0.0093238
0.00357043
0.00282626
0.00937238
0.00299091
0.00271584
0.00264413
0.00269825
0.00264413
0.00264413
0.0089895
0.00273673
0
0
0.00269825
0.233401
1
0
0.00284375
0.00253963
0
0.0031742
0.00259387
0
0.0345176
0
0
0
0.135151
0.261444
0.0185105
0
0
0
0
0
0
0.00260802
0
0.159151
0.130189
0.01182
0
0
0
0
0
0
0.00282626
0
0
0.00283069
0
0
0
0
0
0
0.00844793
0.00316356
0.301293
0.160798
0.337224
0.00247291
0.00280787
0.00747354
0.00269825
0.0027403
0.0029601
0
0.00269825
0.00403752
0.00286298
0
0
0.0029601
0.00262803
0.00292633
0.00330911
0.00446252
0.00309405
0.00295695
0.0068169
0
0.00613739
0.153254
0.00747728
0.00310479
0.040012
0
0
0.240124
0
0
0.00631321
0.00303907
0.00285128
0.00350553
0
0
0.0026686
0
0.0035891
0.00267974
0
0.33455
0.00299175
0.00291754
0.00299091
0.00299007
0.00299091
0
0.00300853
0
0.011332
0
0
0
0
0.013052
0
0
0
0
0
0
0
0
0.00249953
0
0
0.0149972
0.00348555
0
0
0
0.00249953
0
0.00312457
0.00291796
0.0385616
0.0124484
0
0
0.0185233
1
0
0
0
0.00726804
0.00285785
0
0
0.00274308
0.0025973
0
0
0.00274388
0.00540621
0
0
0.00269507
0
0.0134754
0.00311921
0.00303419
0
0.0026683
0.0133874
0
0
0
0
0.0149546
0.01921
0
0
0.00570881
0.0166237
0
0.00249953
0.00875751
0
0.00311833
0.0386321
0.00249953
0.00316188
0.00277808
0.0219947
0.00257571
0.0191537
0.0087652
1
0
0.00357387
0.00264398
0.00247291
0
0.00273729
0
0.00271114
0
0
0
0.00277893
0.00271254
0.00525076
0
0
0
0.00883166
0
0.00561149
0
0
0.00839122
0.00561149
0.0551688
0
0
0
0.110692
0
0.00264413
0
0.999989
0.546283
0.838802
0.00261487
0.00249322
0.00271619
0
0.0027054
0.00252866
0.00738848
0.0385364
0.0442199
0.0343413
0.0233374
0.00245868
0.00245868
0.0105372
0.00258038
0.0155695
0.00245868
0.00245868
0.00862165
0.00516633
0.0072314
0.00948685
0.0391794
0.00263134
0.00833177
0.00925116
0.0025506
0.00261561
0.00261561
0.00412991
0.177096
0.0508856
0.00259254
0.00261561
1
1
0.0758705
0.727821
0.998098
0
0.00514744
0.026063
0.0125742
0
0
0.00834612
0
0.0827024
0.00956708
0
1
0.97146
0.0630802
0.951163
0.038638
1
0
0
0
0
0
0.482743
0
0
0
0
0
0.999723
0
0.764543
0.407435
0
0.44711
0.997121
0.642191
0.00265538
0
0.0027918
1
0
0
0.0056901
0.00278533
0
0.0199154
0.317888
0.0663314
0.0028826
0.00281951
0.00431313
0.00360223
0
0.00270627
0
0.00288179
0.0208344
0.00421991
0
0.00668239
0
0.00875475
0.00265213
0
0
0
0.00302639
0.00704877
0
0.00469918
0.00787866
0.00302175
0.00271991
0.00281951
0.0120536
0
0.00293701
0.00281951
0
0.00720447
0.160356
0.0142971
0.014063
0.00309975
0.0028203
0.00300648
0
0
0
0.00288179
0.00728953
0.0411871
0.00283999
0
0.0201456
0
0.086805
0
0.00402061
0.00542307
0
0.00382796
0
0.00796614
0
0.00255044
0
0
0.00293813
0
0.193537
0.154851
0.0105729
0.00559187
0.00275761
0.00276817
0.010694
0.00468597
0
0
0.00277472
0.00548517
0
0
0.00703519
0.00778687
0
0
0.00554212
0.00339633
0.00279962
0.00575377
0
0.0103806
0
0.0149298
0.0249407
0.0695775
0.0111431
0.0141051
0.0103466
0.00288179
0.00549507
0.00586897
0.0324293
0
0.00837046
0.00547634
0.0027259
0.00566167
0.00277401
0
0.00259636
0.00286953
0.00666656
0.00409554
0.016609
0.00292167
0.00276817
0.00998297
0
0.00554198
0
0
0
0
0
0
1.00446
0.199703
0.0100052
0.00500113
0.00254365
0.00254485
0.00269317
0.00297917
0.0028392
0.0103185
0.0145331
0
0.00254485
0.00290662
0.00500255
0.00717873
0.00787866
0
0.00290662
0.00516031
0.0105942
0.0822867
0.137439
0.00284927
0.0142003
0
0.0103095
0.00584027
0.0106111
0.0142379
0.00569626
0.0157691
0.00496569
0.00249859
0.00298269
0.0034333
0.00535924
0
0.0123357
0.00258043
0.00268393
0.0112809
0.0355681
0
0.00268559
0
0
0.00611045
0.00349671
0.0335829
0
0
0.00442138
0
0
0.01234
0.993598
0.24044
0.223678
0
0.005477
0.0108461
0.018952
0.00290207
0.00277316
0.00501596
0.00820778
0
0.00382307
0.00271737
0.00546771
0
0
0.0026625
0
0.00823393
0.00281665
0.00265538
0.00331923
0
0.00254485
0.00281665
0.00549481
0.0263837
0.0245385
0.00283348
0.0142307
0.0140841
0.0106495
0.00543914
0.00249859
0.110788
0
0.00252805
0.00542905
0.00521152
0.00545615
0.0110074
0.00540234
0
0.0244229
0.00281111
0.00269743
0
0.0118619
0.00743304
0.0195098
0.00555755
0
0.0028566
0
0.00574388
0
0.00500255
0
0
0.00287456
0
0.00253143
0
0.002862
0.0027156
0
0.00781875
0.0284892
1.00895
0.00527436
0.00584705
0.00250767
0.00263025
0.00687024
0.00250838
0
0
0
0.00846561
0.00276811
0.00712392
0.00274809
0.008774
0.0253214
0.00289805
0.00278819
0.00260131
0
0.00938885
0.00255814
0.00294631
0
0
0.00256004
0.0831169
0.00991822
0.0774895
0.0223353
0.00264486
0
0.00339545
0.00702081
0.331279
0.00284972
0.00553605
0.00564262
0.00524465
0.00344982
0
0.00650795
0
0
0
0.0580695
0.00296626
0.0100435
0.00281951
0
0
0
0.0851467
0
0
0.00258429
0.00923596
0.00312021
0
0.0431942
0
0
0.00247112
0.0026322
0
0.00273117
0
0.00299057
0
0
0.0763653
0.00277472
0.00299282
0.0025278
0.00529391
0.00434857
0.00265709
0
0.00275112
0.00543595
0.00277394
0.00288179
0.0037151
0.00770773
0.00542943
0.00265573
0
0.00413306
0
0.00296979
0.00290662
0.0028935
0.00401189
0
0.00300831
0.00272378
0
0.00291393
0
0.00260131
0.0198564
0.00382596
0.0221524
0.0168835
0.004361
0
0.00250438
0
0.0131448
0.0025462
0.0119126
0
0.0041346
0.00539441
0
0.00417397
0.00292012
0.00632857
0.00286688
0.00260057
0.0103258
0.00363327
0
0.0319112
0.0026162
0
0
0.00276961
0.00281665
0.00598526
0.00344193
0.00285829
0.00232744
0.00276817
0.00299231
0.00566003
0
0
0.00280359
0
0.00290662
0.00300425
0
1
0.00817195
0.00372991
0
0
0.00278819
0
0.00842514
0.0057024
0.00401189
0.00270194
0.00260318
0.00409923
0
0.00827616
0.0389799
0.00404423
0.00453409
0
0.00550355
0.0109919
0.010543
0.0173586
0
0.00274155
0.0852625
0.00440556
0.00521124
0.00585993
0
0
0.00269361
0
0.0215876
0
0
0.0030039
0.00581554
0.00319816
0.011951
0.00304192
0.00992048
0
0.00537203
0.00411643
0.00260235
0.00273888
0
0.0569665
0.00546372
0.010885
0
0.00547535
0.00381727
0.00284992
0.00275167
0
0.00255614
0.016431
0.0160976
0.00253774
0.00287414
0.0184096
0.015766
0.00249417
0
0.011137
0.00308234
0.00289002
0
0
0.00259386
0
0
0
0.00260057
0.00278738
0
0.00273474
0
0.00260057
0.00312124
0.00270194
0.00620779
0
0.00270194
0.00270194
0.00283065
0
0
0
0.00282122
0.00270194
0
0
0
0
0
0.00353402
0
0.00269723
0.00283616
0
0.00293813
0.00260385
0.00293813
0
0.00260131
0.0107938
0.00583162
0.00685818
0
0.00590786
0
0.00755439
0
0.0192465
0
0
0.00290405
0
0
0.00281665
0.00312857
0
0.00792096
0
0.00422498
0.00575849
0.00895229
0.00276815
0
0.00272355
0.00264062
0.00543429
0.00276858
0.0110664
0.00622846
0.00619525
0.00505731
0.213514
0.00299844
0
0.990181
0.0255671
0
0.00551142
0
0
0
0.0052413
0
0
0
0.00295815
0.0053524
0
0.00300797
0
0
0.00278942
0
0
0.00975491
0.00604902
0.00282742
0.0085475
0
0.00288179
0.0247165
0.0135078
0
0.00367762
0.00272894
0
0.00278335
0.0132314
0
0.0101323
0.00277858
0
0
0.00601335
0.0262484
0
0
0.00564642
0.00291649
0.654983
0
0
0.883778
0.0118195
0.00275683
0
0.00342929
0
0
0.00260318
0.00275226
0.00269739
0.0028935
0.00260385
0.00266614
0
0.00260385
0.00555961
0.00582987
0
0.00447723
0
0
0.0111463
0
0
0
0.00269723
0
0.00406106
0.00830983
0
0.0108998
0
0.00671477
0.00279057
0
0.00297906
0
0
0.00550292
0.00289002
0.00282238
0.00275925
0
0.00809169
0
0
0
0
0.00277649
0.00269069
0.726066
0.0028294
0.00792996
0
0.57206
0.0980289
0.00248151
0
0.00288002
0.00260024
0.00274732
0.00240047
0.00266527
0
0.00260024
0.00857622
0
0
0.00269069
0.00269069
0.00269069
0
0.0027796
0
0.00582994
0.00545759
0.00269069
0.00783804
0
0.00252144
0
0.0104965
0
0.00274021
0
0.00275488
0.0288388
0.0165831
0
0.00783804
0.00272829
0
0.00270737
0.00284206
0
0
0.00267658
0.0158419
0.00539854
0
0.00284206
0.00270737
0.0115935
0.00279349
0
0
0.00248221
0.0027669
0.00248221
0.00564115
0.0168131
0.0273482
0
0.00690963
0
0.00248221
0.0084133
0
0.0027669
0.00679373
1
0
0.0140717
0.00262484
0.429368
0.914491
0.0026898
0.00288274
0.00570847
0.00269056
0.00569603
0.00269132
0.00391517
0
0.00594978
0.00269317
0.00826039
0
0.00274809
0.00263186
0.00868152
0.00275135
0.00274809
0.00823544
0
0.00288363
0.00561809
0.00263186
0.0123054
0
0.00260385
0
0
0.0115596
0.0161587
0.0576415
0.00275488
0
0.00282994
0.0197109
0.00289101
0
0.212606
0.024975
0.0107705
0
0
0.00499402
0
0.0148933
0.00260669
0.016198
0.00269069
0.00823595
0.00742166
0.0098772
0.0201583
0.00270737
0.00269723
0.00863474
0.00308635
0.00719935
0.0169152
0.0107298
0
0.00276115
0.002468
0.00275138
0.0488898
0.0029596
0.00264428
0.00274983
0.0055825
0.026656
0.0199248
0.00517537
0
0
0.00886305
0.00559311
0.0192325
0.0113786
0.0266468
0.00281972
0.0199212
0.0688195
0
0
0.00435125
0.00265387
0
0
0
0.00292777
0.00269056
0.00263527
0
0.00247998
0
0.0027669
0.00247998
0
0.00260385
0
0
0.00570464
0.00358071
0.00247998
0
0
0.00262041
0.00297734
0.00265261
0
0
0
0.0124635
0.00285946
0.0366854
0.00293991
0.00907822
0
0.00275488
0
0.00896897
0.0369713
0.00300599
0
1
0
0
0.00260385
0
0.00274983
0.00391281
0.00878724
0.00844467
0
0
0.00280026
0
0
0.00566328
0.00266756
0
0.0029399
0.00275761
0.00258222
0.0139744
0.00391588
0.00274916
0.00285612
0.0104383
0.0207645
0.00535785
0
0
0.011447
0.0195957
0.0628017
0.0370478
0.986459
0.00276494
0.00293508
0.651027
0.29436
0.00278576
0
0.00275868
0
0
0.00276192
0.0026898
0
0
0.00267054
0
0.0075297
0.0166322
0.0072251
0
0
0.00543612
0
0.00269056
0.00577845
0.0054879
0
0.00561418
0.00594287
0.00316055
0.00277563
0.00269056
0.013861
0.00279734
0.00245548
0.0404272
0.00291675
0.0027697
0.00275488
0.00300233
0
0.0198744
0.00348123
0.0830441
0.00290342
0.02586
0.242127
0
0
0
0
0.00782725
0.00555032
0.00582844
0.874096
0.00260385
0.00279734
0.00255614
0.00563847
0
0.0132358
0.00894552
0.00271559
0.0230949
0.00550224
0.00262741
0.00260385
0.00247112
0
0.00297778
0.00481671
0
0.0027033
0.013472
0.0236299
0
0.00550472
0.00584713
0
0.00763918
0.00272449
0.034857
0
0.00267054
0
0.0139922
0
0.00401818
0.0140045
0.00823992
0.0225838
0.0142349
0.669197
0.00262454
0.0812157
0.00279734
1.00443
0
0
0.00533782
0.00486155
0.00645541
0.00582216
0.00296765
0
0.00250767
0.00438813
0
0
0.03358
0.00287654
0.00284346
0
0.00252046
0
0
0.00828827
0
0.00519232
0.00247998
0.00550472
0
0.00528717
0.00779211
0
0.0743995
0.00293548
0.0209099
0.00566297
0.00247998
0
0.00733825
0
0
0.00559558
0.123711
0.00583282
0.0558802
0.00270906
0.0025797
0
0
0.0405806
0.00564359
0.0027256
0.0299636
0.00247112
0
0.0203912
0.0188933
0.00599308
0.0357446
0.00291563
0.0102371
0.0175839
0.00529496
0.00989858
0.017405
0
0.00250767
0.00286177
0
0.121795
0.0121239
0.00275808
0.0571422
0.00954253
0.00250767
0.00262484
0
0.00266364
0.00301163
0.00299236
0
0.00408966
1.0335
0.951946
0.0391973
0.00299123
0.00598781
0.0267453
0
0.172559
0.00269055
0.00280792
0.190961
0.00268979
0.00591856
0.00268903
0.0208518
0.00279734
0.00293058
0.00268979
0
0
0
0.00533597
0
0
0.00268104
0
0
0.00277298
0.00275488
0.00275218
0.00296174
0.00416566
0.013795
0.00280987
0.0235234
0.0807207
0
0.00957034
0.00575492
0
0
0.0163318
0
0.00272612
0
0.00840008
0.01833
0.00296294
0.00720087
0
0.00289256
0.00266364
0
0.00293402
0.00902995
0
0.0671967
0.00599826
0.0423596
0.0106485
0.00252291
0.00283961
0
0.0265035
0.00944066
0.00301633
0.0142767
0.00779093
0.98982
1.07328
0.994143
0.0262748
0.0651906
0.00574045
0.99177
0.0026326
0.0035001
0.0057196
0.019305
0.00286276
0.00567163
0.00269729
0.00265595
0.0031872
0.00304577
0
0
0.00279158
0.0056363
0
0
0.00297299
0.00279158
0.00269474
0
0.00262686
0.00298726
0
0.0027669
0
0.0269194
0.00264441
0
0.0027669
0
0.00391281
0
0.0387957
0.0508142
0.00261501
0.00266364
0.0140907
0.0103142
0
0.073377
0
0.00266364
0
0.0046115
0.00283843
0
0.00639866
0.00578288
0.0172424
0.00283051
0.00557334
0
0
0
0.00845226
0.00253254
0.00286939
0.00296467
0
0.048995
0
0.00294073
0
0
0.00594027
0.00340691
1
1.06634
0.134709
0.0100051
1.05806
0.993298
0.00536156
0.00286939
0.0170345
0
0.00284604
0.00286939
0
0
0.00284847
0.0027337
0.00296348
0
0
0.00284847
0
0.00296583
0.00924465
0.00287044
0.00341816
0.00246106
0
0.0102649
0.00284847
0
0.0385882
0.0532321
0.0721198
0
0
0
0.0106818
0.0172837
0.0596702
0
0.00283051
0
0
0.0157078
0.00284949
0
0.00943504
0.00538603
0.00286939
0.00301296
0.00260865
0.0067115
0.200483
0.00893821
0.00286939
0.00290084
0.00277263
0.979237
0.993684
0.010512
0.0124322
0.934559
0.798439
0.997729
0
0.017198
0
0.00287284
0
0
0
0
0.00289607
0
0
0.0144687
0.00541308
0
0.012321
0.00255145
0.00584835
0.743805
0
0.00257834
0
0.00283961
0.0251946
0.00856351
0.989948
1
1
0.012964
0
0.00292237
0
0.00513287
0.00300023
0
0
0
0
0
0
0.00297148
0.977634
0
0.0120187
0.00290084
0
0.00966947
0.00301492
0.0191111
0.00304014
0.00318084
1.135
0.830689
1
0.52736
1.03177
0.18513
0.039961
0.778711
