0.736797
0.229764
0.0332896
0.752106
0.0668963
0.139966
0.811397
0.0668963
0.139966
0.811397
0.057758
0.147822
0.316793
0.057758
0.147822
0.316793
0.057758
0.147822
0.316793
0.057758
0.106625
0.316793
0.057758
0.0323597
0.0153096
0.057758
0.0323597
0.0088051
0.175885
0.0196642
0.0100183
0.027008
0.0740175
0.0208969
0.027008
0.133441
0.0317347
0.0445109
0.0600409
0.00805089
0.0317347
0.0445109
0.0457216
0.00637194
0.0420473
0.0445109
0.0309467
0.00838181
0.00730328
0.0320289
0.0445109
0.0141242
0.00838181
0
0
0
0
0.30279
0.00825671
0.0094311
0
0.0432296
0.0445109
0.0141242
0.00816076
0
0.00838181
0
0
0.448555
0
0.00825671
0.0094311
0.0432296
0
0.0514261
0.00705775
0.0141242
0
0
0.00838181
0.0138741
0
0.0124061
0
0
0
0.575173
0
0.00825671
0.0094311
0.0774837
0
0
0.0618299
0.00856259
0
0.0141242
0
0.0138741
0.0124061
0
0
0.73563
0.0248586
0.0282148
0
0
0.100421
0
0.0406658
0.00856259
0
0.0477472
0.0079374
0
0.0081704
0.0138314
0.0252185
0
0
0
0.975408
0.0104522
0.0411989
0.0470471
0
0.089542
0
0.019276
0
0.0405681
0.00742372
0.00731074
0.0141242
0
0.0526441
0.0636769
0
0
0
0
0
0.995062
0.0103464
0.136166
0.127833
0.0162523
0.0243413
0.00818466
0.219813
0.00764133
0
0.0357548
0.019276
0.00882153
0.120826
0.0139496
0.0197474
0.0292118
0.00760891
0.184242
0
0.0240161
0
0.0199534
0.0294562
0.0135449
0
0.0512738
0.986017
0.0318163
0.00905387
0.24825
0.130394
0.0243413
0.0220337
0.00818466
0.194468
0.0150026
0.0986316
0.0372287
0.0234683
0.175722
0.0128292
0.0153819
0.0453119
0.0314028
0.00695406
0.148504
0.00746801
0.0833218
0
0.0797203
0.0144086
0.0135449
0.0182121
0.0665613
0.833415
0.0624725
0.00905387
0.302123
0.103894
0.0150942
0.0400421
0.0331268
0.00741106
0.0537829
0.203788
0
0.133264
0.019276
0.0476946
0.221089
0.0195166
0.0405135
0.109231
0.0926732
0.00744392
0.45945
0.0301365
0.00768576
0.127084
0.00682901
0.176089
0.0064625
0.0152036
0.083369
0.0179547
0.376992
0.0909116
0
0.238627
0.186772
0.0657877
0.020887
0.00741106
0.045695
0.266384
0.00744487
0.0134974
0.207495
0.0348912
0.0550664
0.297729
0.00725636
0.0326348
0.223188
0.0441763
0.00735272
0.313394
0.0590824
0.0234951
0.177231
0.0212955
0.134019
0.00707629
0.0152036
0
0.215559
0.0168034
0.399999
0.10945
0.0166302
0.262483
0.178159
0.0156801
0.0816433
0.0202927
0
0.0760024
0.274993
0.00744487
0.0125834
0.292673
0.0173356
0.0717681
0.228156
0.0265563
0.0409186
0.335598
0.0612212
0.0148988
0.44553
0.0287329
0.0127933
0.0461459
0.128185
0.00747829
0.0976111
0.00720852
0.0365313
0.151427
0.0371816
0.0267448
0.198303
0.0393771
0.0168572
0.374817
0.18458
0.0810918
0.0300659
0
0.0669088
0.17902
0
0.292502
0.0165345
0.0479753
0.423272
0.0331815
0.0322447
0.584697
0.0895823
0.0144799
0.294297
0.0373266
0.0261685
0.0444955
0.201113
0.00692399
0.0978153
0
0
0.0182513
0.085045
0.0375558
0.0267497
0.0939615
0.00910068
0.0166944
0.313118
0.0672105
0
0.0425983
0.00981616
0.0890542
0.106291
0
0.0140012
0.22393
0.0339019
0.0475481
0.298136
0.0269059
0.0322952
1.0094
0.0602786
0.00754603
0.148167
0.0372196
0.0133752
0.0750214
0.156202
0.00692399
0.0563279
0
0.0278454
0.0353064
0
0.0267497
0.0537148
0.0479158
0.00895551
0.2516
0.0256438
0.0143569
0.0504419
0.021427
0.141738
0.126592
0
0.00667301
0.147294
0.0343089
0.0953004
0.298435
0.0263613
0.0231691
0.984959
0.0452373
0.165625
0.0300741
0.0256343
0.059983
0.0599529
0.0139191
0.0370745
0.00705822
0.0420066
0.0094537
0.0526632
0.0359732
0
0.0272301
0.0187985
0.00895551
0.221085
0.0254141
0.0156262
0.0589629
0.0105073
0.00798187
0.0661357
0.0845559
0.00820849
0.00663241
0.104426
0.0343089
0.0794968
0.168695
0.00648237
0.954795
0.0591876
0.00723187
0.0817918
0.00789687
0.0122591
0.0302786
0.0592399
0
0.0193008
0.0280458
0.0184086
0.0181449
0.0184818
0.0272301
0.0187985
0.0181656
0.120264
0.0171919
0.0338405
0.0205736
0.0291728
0.0731783
0
0.0136131
0.0695341
0.0873699
0.0476457
0.0853823
0.0130203
0.0164847
0.7647
0.0447419
0.00723187
0.0479394
0
0
0.0228401
0
0.0193008
0.0139817
0.0468955
0
0
0.0140467
0.013566
0.0100184
0.00895551
0.067243
0.00819016
0.014993
0.0341212
0.00780694
0.0462518
0.0417976
0.00802552
0.0511876
0.0349082
0.0151781
0.0552621
0.00647691
0.00826438
0.708817
0.0320133
0.0141448
0.0319657
0
0.0119008
0
0.0115203
0
0.0199653
0
0.00671917
0.0373093
0.0168608
0.01019
0
0.00697838
0.0254467
0.00818491
0.027832
0
0.360694
0.0450932
0.00691288
0.0313295
0.00705285
0.00725528
0
0.0388442
0.00671917
0.0145027
0.00859163
0
0.0086657
0.027832
0.35997
0.0152717
0.00693526
0.0162003
0.00713397
0.0158406
0.00667937
0.027832
0.0585305
0.0153997
0.0166143
0.0221751
0.0161586
0.171224
0.0152284
0.0245869
0.0256037
0.0530221
0.00653398
0.0161586
0.0184657
0.231843
0.00672003
0.0180628
0.0162132
0.0994339
0.0300478
0.00653398
0.0161586
0.0272083
0.167479
0.0165793
0.0180628
0.00794751
0.0084907
0.108363
0.0452078
0.0079702
0.0272083
0.160806
0.0180628
0.0227722
0.0084907
0.132231
0.0385302
0.006655
0.016022
0.0272083
0.127335
0
0.00672003
0.017908
0.519478
0
0.0158316
0.00638268
0.0166157
0.00975996
0.0998678
0.00672003
0.00854051
0.563423
0
0.0160949
0.00638268
0.0080518
0.00975996
0.0731104
0.582281
0.00817252
0
0.00975996
0.00673313
0.593473
0.00817252
0
0.00975996
0.673317
0.994411
0.699704
0.380647
