0.0140247
0.138103
0
0.295055
0.0143836
0.0241534
0
0.279167
0.0285637
0.339286
0.0143836
0.0121059
0.0148353
0.00824743
0.265138
0.0285637
0
0.329131
0.00804216
0
0.00703653
0.024759
0
0.224515
0.0577697
0.00947567
0
0
0.0065586
0.371074
0.00753421
0
0
0.024759
0
0.00824743
0.224515
0.0577697
0
0
0.0173305
0
0.370707
0.0155764
0
0.0121059
0
0.0155811
0.00824743
0.211
0.0720149
0.00888115
0.0173305
0.0065586
0.370707
0.00753421
0
0.0121059
0
0.0155811
0
0.211
0.0720149
0.00881862
0.0183144
0.0173305
0.0065586
0.360325
0.00753421
0
0.0121059
0.0155811
0.171422
0.0717936
0.00881862
0.0183144
0.0173305
0.132217
0.00753421
0
0.0121059
0.0155811
0.00776473
0.136498
0.0571164
0.0183212
0.00943326
0.0173305
0.00614436
0.109809
0
0
0.0121059
0.115467
0.0280511
0.00941143
0.0188933
0
0.0123967
0.087986
0
0.214559
0.0612626
0.0137797
0
0.00946002
0
0.0184643
0.0222032
0.102475
0.00707956
0.00664508
0.0133812
0
0
0.0183573
0
0.00765943
0.159819
0.00805758
0
0
0.0188161
0.0134379
0.0189964
0
0.00765943
0.124951
0
0.00805758
0.00762462
0
0.00885009
0.0188161
0.0134379
0
0.0128569
0
0.00765943
0.116964
0
0.00805758
0
0
0.0152055
0
0.00885009
0.0285791
0.00699497
0.0318329
0.00765943
0.0758169
0.0138768
0.0554579
0
0
0.0159198
0
0.00872298
0
0.029793
0
0.0268067
0.00765943
0.0580284
0
0.179525
0
0.0620863
0
0
0.0400732
0.0143616
0.0202729
0.00765943
0.0490955
0.276736
0.0170211
0.0620863
0
0.0386471
0.0143616
0.0342079
0.00765943
0.0503883
0.454635
0
0.0344703
0.0933096
0.0397783
0.0289624
0.0486493
0.0243485
0.0168783
0
0.851922
0
0.087626
0.215907
0.0691188
0.0435775
0.0550077
0.0243485
0.0261978
0.0137689
0
1.00494
0.00741765
0.132111
0.336041
0
0
0.0979778
0.0893112
0.146821
0.0243485
0.00787834
0.0254418
0.0142322
0
0.0134134
1.00086
0.029562
0.261064
0.500308
0
0
0.016605
0.209944
0.163997
0.223452
0.0243371
0
0.114927
0.0141418
0.00860796
0.0523731
0.0594298
0.035082
0.0269071
0.017593
0.975546
0.0281611
0.37081
0.445281
0
0
0.016605
0.307302
0.160067
0.01667
0.22039
0.00929814
0.0893983
0.0176233
0.173309
0
0.0130233
0.0171312
0.101949
0.0434895
0.0338463
0.0126848
0
0.0266021
0.017593
1.0221
0.00657044
0
0.393473
0.309222
0.00795111
0
0
0.0474398
0.296769
0
0.226017
0.0322713
0.199611
0.0213726
0.00906727
0.188477
0.0428685
0.113438
0.0130233
0.051927
0.163979
0.0446292
0.011241
0
0.0881846
0.017593
0.926269
0.0204082
0.0103645
0.32787
0.341936
0.00795111
0
0.0181105
0.107698
0.329251
0.252401
0.0329979
0.135037
0.0111042
0.0174663
0.38444
0.0420377
0.144008
0
0.0130233
0.0616261
0.213545
0.0071218
0.117621
0.0337098
0
0.0519025
0.858823
0.0271118
0.0103645
0.422893
0.271975
0.00795111
0
0.017917
0.151846
0.305082
0.0070144
0.398919
0.0164419
0.0168426
0.209859
0.0111042
0.0176233
0.478149
0.0331716
0.0804769
0.0217498
0.0265096
0.105482
0.273757
0.0600008
0
0
0
0.0628992
0
0.773233
0.0136198
0.0103645
0.428283
0.155026
0.00760166
0.0218829
0.017917
0.136724
0.187665
0.0209935
0.369601
0.0164419
0.0469832
0.306295
0.0111042
0.0259709
0.539255
0.0728854
0.0326387
0.028256
0.0264556
0.314626
0.00657359
0.100136
0.0130444
0.0254546
0.0291797
0
0.548252
0.452928
0.0426597
0.0156026
0.0332888
0.017917
0.167661
0.143768
0.0069625
0.314366
0.0517653
0.046682
0.279902
0.0111042
0.0528641
0.806797
0.0741339
0.0157986
0.0357137
0.0179118
0.237971
0.00657359
0.0290987
0.0130444
0.050076
0.0291797
0
0.405497
0
0.4533
0.0281985
0.0679398
0.00927661
0.198007
0.100543
0.00692875
0.0153373
0.264703
0.0517653
0.110745
0.307494
0.0111042
0.0264036
0.783001
0.081487
0.0156296
0.0360388
0.00839387
0.150667
0.00657359
0.0437285
0.0112393
0.037781
0.0303502
0
0.308239
0.00705587
0.0106583
0.42066
0.0148149
0.0675794
0.17078
0.0718654
0.00733148
0.0145511
0.313699
0.034412
0.0631283
0.274818
0.0103994
0.0347512
0.760862
0.0661026
0
0.0156296
0.0148315
0.0887444
0.00664509
0.0579418
0.0260204
0
0.229948
0.00714453
0.0106583
0.337647
0
0.0080083
0.092304
0.00902224
0.138101
0.035722
0.00733148
0.00757035
0.240534
0.034412
0.108726
0.190787
0.0256316
0.758756
0.0415504
0.0156296
0.00745771
0.0380386
0.0441096
0.0124374
0.0132666
0.167289
0.0106583
0.238066
0
0.079321
0.154405
0.0267921
0.00733148
0
0.127477
0.0484207
0.141
0.0103994
0.0164506
0.516354
0.0328668
0.00782608
0.0123316
0.0139807
0
0.103252
0.131996
0
0
0.0564116
0.06241
0.0267921
0
0.0696667
0.0463474
0.0966641
0.346077
0.025399
0.00782608
0
0.0255667
0.0139807
0
0.0794034
0.0829087
0.05724
0.029913
0.0178762
0.0146455
0.045999
0.0702914
0.140291
0.00842781
0
0.0131938
0.0479141
0.0503758
0.0458294
0.0463286
0.00868998
0.0139417
0.0310868
0.0515991
0.0413834
0.0131938
0.0320422
0
0.0423533
0.022642
0.0772939
0.155625
0.0449098
0.1514
0
0
0.0155401
0
0
0.0247355
0.022642
0.0463
0.0576119
0.170421
0.0194516
0.239493
0.013059
0.0155401
0
0.0331675
0.022642
0.0620106
0.00734836
0.029585
0.170421
0.00610038
0.23147
0.00819554
0.00880567
0.013059
0.0155401
0
0
0.033307
0.0461178
0.0784898
0
0
0.186992
0.00610038
0
0.207032
0.013059
0.0197124
0
0.00824883
0
0.0500385
0.121138
0.0461952
0
0.0134091
0.187455
0
0
0.174556
0.013059
0.0155401
0.00824883
0.0228554
0.0160624
0.00885298
0.278426
0.0454126
0
0.190013
0
0.109514
0.0162694
0.0104928
0.016321
0.00885298
0.354097
0.0483779
0.00830475
0
0.109461
0
0.0785305
0.0162694
0.0104928
0.017295
0.471941
0.0153702
0.0177114
0.00830475
0
0.0474274
0.00816057
0.00934017
0.00824883
0.0104928
0.0167931
0.644853
0.0153702
0.0517674
0
0
0.0655473
0.00975554
0.00816057
0.00796871
0.00934017
0.00824883
0.0220736
0.017799
1.03231
0.0677485
0.00833867
0.0655473
0.00975554
0.0170103
0.00865324
0.00880567
0.00824883
0.0343088
0.036192
0.998371
0.0677485
0.00704716
0.421654
0.00975554
0.00816057
0.00865324
0.00899633
0.0115808
0.00933319
0.873569
0.0177114
0.335964
0.00975554
0
0.00865324
0.00899633
0.664955
0
0.300718
0.009877
0.425509
0
0.264916
0.217394
0.159122
0.172106
0.0355776
