0.0873403
0.0334568
0.0129536
0.0206642
0.0861955
0.0129536
0.0206642
0.0861955
0.0129536
0.0206642
0.0861955
0.0129536
0.0206642
0.0861955
0.0129536
0.0206642
0.0129536
0.0129536
0.0129536
0.0129536
0.290067
0.81303
0.937319
0.8267
0.480874
0.227942
0.210825
0.0211977
0.0114857
0.0084682
0.0463171
0.0227613
0.00740037
0.0129276
0.0177375
0.0674021
0.035094
0.015689
0.00870913
0.0242924
0.0177375
0.250016
0.0969883
0.0325664
0.00870913
0.0537174
0.173233
0.0177375
0.502185
0.061191
0.0573157
0.00870913
0.154551
0.275568
0.0177375
0.313856
0.125794
0.0174617
0
0.0662631
0.0132441
0.00870913
0.00980907
0.232098
0.408717
0.0177375
0.306889
0.112636
0.0174617
0.075722
0
0.0119202
0.00870913
0.245149
0.421689
0.0177375
0.300133
0.10048
0.0174617
0.075722
0
0.0119202
0.00870913
0.0121314
0.207981
0.46862
0.0128302
0.0365104
0.0108055
0.165362
0.0346134
0.102058
0.0119202
0.00870913
0.0113272
0
0.113994
0.799116
0.0128302
0.0177375
0.0248686
0.145091
0.0346134
0
0.111096
0.0109873
0.00870913
0
0.0752733
0.660055
0.00871853
0.0177375
0.108649
0.0366779
0
0.111096
0.0634163
0.00885755
0.0546335
0.0177375
0.108649
0.0366779
0
0.111096
0.05078
0.0177375
0.074114
0.0757767
0
0.111096
0.05078
0.0133252
0.0177375
0.022029
0.0398307
0.0709981
0.156824
0.0130848
0.0659897
0.158139
0.00949402
0.0101756
0.0177375
0.022029
0.00691312
0.013226
0.0357369
0.103528
0
0
0.21888
0.716966
0.00949402
0
0.010058
0
0.0264575
0.114443
0.0128598
0
0.217105
0.00943959
0.999078
0.0191758
0
0.026289
0.103528
0.0153738
0.125092
0.698776
0.0191758
0.013226
0.0381015
0.0981591
0.0274892
0.359453
0.013226
0.0249562
0.0254575
0.0140932
0.014034
0.386775
0.406496
0.310044
0.00698319
0.0100134
0.0630358
0.0534198
0.0160616
0.00698319
0.0100134
0.0534198
0.0751648
0.00698319
0.0100134
0.0534198
0.0751648
0.00698319
0.0100134
0.0534198
0.0751648
0.00698319
0.0100134
0.0534198
0.0751648
0.00698319
0.0100134
0.0372956
0.00698319
0.0100134
0.00698319
0.0100134
0.00698319
0.0100134
0.00698319
0.0100134
0.248147
0.0100134
0.695861
0.00730017
0.807427
0.71116
0.412346
0.194213
0.180357
0.0285404
0.0364937
0.0596803
0.0110353
0
0.0133314
0.0146599
0.197663
0.0768271
0
0.0509035
0.0133314
0.106341
0.0228043
0.467864
0
0.0657639
0
0.0594165
0.0139089
0.186467
0.0984507
0.329974
0
0.118165
0.08441
0.0139089
0.256238
0.136922
0.28317
0
0.129741
0.08441
0.0139089
0.311949
0.144054
0.260831
0.139971
0
0.08441
0.0139089
0.326122
0.151174
0.260831
0.118253
0
0.0933465
0.0139089
0.300202
0.173227
0.0761243
0.0522322
0
0.0933465
0.0139089
0.0972163
0.381171
0.0151422
0.0761243
0.0407517
0.0933465
0.0259713
0.0161631
0.0761243
0.0407517
0.0933465
0.0259713
0.0161631
0.0464009
0.0825777
0.0933465
0.0259713
0.0464009
0.0407517
0.125531
0
0.0259713
0.303768
0.0310054
0.0176751
0
0.0175718
0.0407166
0.812189
0.0216273
0
0.0175718
0.0701433
1.00279
0.0216273
0.0327523
0.0553465
0.716555
0.0117626
0.02345
0.0334319
0.439094
0.0175718
0.27167
0.253874
0.193636
0.112825
0.0075847
0
0.0945826
0.0075847
0
0.0945826
0.0075847
0
0.0945826
0.0075847
0
0.0945826
0.0075847
0
0.0075847
0
0.0075847
0
0.0075847
0
0.0075847
0
0.229355
0
0.650363
0
0.755351
0
0.66476
0
0.382962
0
0.178163
0
0.170196
0.00722239
0.00722239
0.0545426
0.00856521
0.0307086
0.0509735
0.142955
0.241023
0.0217066
0.00897066
0.07034
0.0611125
0.483396
0.189013
0.0380065
0.0102327
0.0217066
0.199466
0.0707865
0.00811721
0.379124
0.189013
0.0380065
0.0102327
0.028146
0.27268
0
0.144163
0.00803223
0.00811721
0.35438
0.2087
0.0380065
0.0102327
0.028146
0.290147
0.144163
0
0.00803223
0.01108
0.00811721
0.346146
0.2087
0.0481999
0.028146
0
0.238361
0
0.16406
0.0070167
0.00803223
0.01108
0.00811721
0.195283
0.00864737
0.0481999
0.028146
0.00966984
0.158346
0
0.469308
0.0290765
0.00803223
0.01108
0.00811721
0.148365
0.0180192
0.0481999
0.028146
0.00966984
0.0203859
0.0548275
0
0.410778
0.0289128
0.0724941
0.0180192
0.0481999
0.0171536
0.0401123
0.0648775
0.0481999
0.0576046
0.0481999
0.0197689
0.00787638
0.132503
0.0481999
0.010474
0.0093062
0.0197689
0.0195206
0.0111696
0.145201
0.00761101
0.00807014
0.00787638
0.0213556
0.010474
0.0395979
0.171492
0.0111696
0.717276
0.00761101
0.00807014
0.00787638
0.010474
0.0395979
0.190409
0.0111696
0.996164
0.00761101
0.00807014
0.010474
0.00940179
0.0395979
0.132696
0.0220018
0.616502
0.00807014
0.010474
0.00940179
0.0529841
0.0946652
0.0220018
0.319428
0.00807014
0.00888765
0.00940179
0.0204294
0.0380714
0.0108322
0.324637
0.331032
0.259011
0.122128
0.065717
0.00669765
0.0116173
0.16049
0.00669765
0.0116173
0.16049
0.00669765
0.0116173
0.16049
0.00669765
0.0116173
0.16049
0.00669765
0.0116173
0.0134422
0.00669765
0.0116173
0
0.00669765
0.0116173
0
0.00669765
0
0.0116173
0
0
0.0356699
0
0.0132549
0
0
0.00997409
0
0
0.0156735
0.0333374
0
0.309183
0
0
0
0
0
0
0.00997409
0
0
0.0232752
0.154779
0.0139447
0.922572
0
0
0
0
0.00730528
0
0.0268534
0
0
0.019832
0
0
0.0232752
0.197036
0.0139447
1.00824
0
0
0.00730528
0
0
0
0
0.0202323
0
0.0162746
0.00784532
0.154688
0
0.947059
0
0
0
0.0162746
0.00784532
0.0418936
0
0.641098
0
0.0140277
0.288089
0.292412
0
0.0422635
0.0120705
0.0223241
0.0127618
0
0.0086282
0.0469091
0.0110728
0.0297358
0.0258842
0.0165432
0
0.068282
0.0222194
0
0.00935207
0.0290336
0.0258842
0.0123366
0.0110172
0.00791503
0.139749
0.0925302
0
0.0118042
0.00935207
0
0.0520188
0.0508552
0.0123366
0.0102199
0.00654792
0.435304
0.0582369
0.0241378
0.0343752
0
0.00935207
0.102255
0
0.0891177
0.0123366
0.0137247
0.0102199
0.00654792
0.284636
0.0918957
0.0124449
0.022571
0.020004
0.00935207
0.156742
0
0.231665
0.0123366
0.0137247
0.0102199
0.00654792
0.284636
0.0808441
0.0124449
0.022571
0
0.0176208
0.156742
0
0.244696
0.0242053
0.0139967
0.0102199
0
0
0.00654792
0.269565
0.0806767
0
0.022571
0.0176208
0.00801325
0
0.150711
0.282402
0.0242053
0.0139967
0.0256863
0
0.121615
0
0.0116044
0.0118068
0.022571
0.00813493
0
0.0161417
0.0765443
0.0395793
0.665199
0.0488626
0.0256863
0.0096208
0
0.072603
0
0.0332531
0.022571
0
0.0161417
0.0259198
0.671161
0.0374155
0.0504936
0.0103735
0.022571
0.0159686
0.0918384
0
0.0504936
0.022571
0.0318715
0.0434973
0.022571
0.0318715
0.026599
0.00935106
0.0686109
0.022571
0
0.0318715
0.00789085
0.184688
0.0134762
0.0105569
0.0123729
0.0217788
0.0600828
0.0481765
0.149886
0.69503
0.0134762
0.0123729
0.0116439
0.0600828
0.0481765
0.181773
1.0025
0.0134762
0.0116439
0.0398501
0
0.016305
0.150198
0.861567
0.0134762
0.0116439
0.0180406
0.0898887
0.0879433
0.553477
0.0134762
0.0541466
0.0180406
0.0316966
0.433282
0.0134762
0.442462
0.337477
0.177251
0.036296
0.117671
0.036296
0.117671
0.036296
0.117671
0.036296
0.117671
0.036296
0.036296
0.036296
0.036296
0.00902209
0.036296
0.306561
0.0183442
0.864296
1.00212
0.883196
0.508216
0.238735
0.222813
0.020164
0.0223366
0.0386651
0.00671291
0.0147435
0.0282738
0.0564524
0.00724783
0.0147209
0.0062477
0.0553744
0.0117039
0.192995
0.0919112
0.0680376
0.0062477
0.0823457
0.00986929
1.00887
0.0432352
0.0118681
0.0928338
0.00654834
0.0403211
0.113818
0.0153127
0.12527
0.625492
0.0500233
0.0928338
0.00654834
0.0134289
0.0403211
0.171859
0.0153127
0.278406
0.569377
0.0500233
0.0928338
0.00654834
0.0403211
0.0106475
0.17864
0.0153127
0.306151
0.569377
0.057208
0.0928338
0.00654834
0.0201422
0.148707
0.0153127
0.363052
0.00886073
0.154006
0.00727924
0.0128274
0.0928338
0.00654834
0.0802467
0.119539
0
0.717972
0.0471526
0
0.0950557
0.0138509
0.0143743
0.012037
0.0928338
0.0218849
0.0392694
0.0119602
0.0649866
0.0322782
0.611602
0.00975042
0.0573293
0.0138509
0.0928338
0.00688283
0.0688384
0.0194361
0.0928338
0.0117864
0.0194361
0.110097
0.0146669
0.020108
0.00673416
0.110097
0
0.0159661
0.0994604
0.020108
0.00714935
0.0531541
0.00780641
0
0.0107386
0.127624
0
0.78819
0.00714935
0.0531541
0.00780641
0
0.020709
0.207992
0
1.0071
0.00812613
0.00714935
0.040341
0
0.020709
0.12754
0.65776
0.0853285
0.0162062
0.368241
0.0684978
0.020709
0.00814463
0.447504
0.470763
0.357233
