0.029694
0.119807
0.0361369
0.0176564
0.0837583
0.369161
0.0219719
0.0267469
0.034903
0.0837583
1
0.0219719
0.0527873
0.0686142
0.0686488
0.0837583
1
0.0219719
0.144476
0.0170258
0.0772092
0.0753389
0.910364
0.0219719
0.144476
0.0170258
0.0939347
0.0753389
0.885418
0.0219719
0.144476
0.0170258
0.147029
0.0466212
0.846954
0.0219719
0.153341
0.0156087
0.147029
0.0383844
0.627529
0
0.0172444
0.0219719
0.162661
0
0.0156087
0.0178375
0.138469
0.0383844
0.378573
0
0
0.0172444
0.015094
0.342398
0.032179
0
0
0.0346495
0.00760217
0.0121876
0
0.0770712
0
0.0159412
0.21137
0
0.00845406
0
0.00715872
0
0.00939632
0
0.0105189
0.0151504
0.0438514
0
0
0.0642148
0.0105127
0.0076127
0
0.110046
0.0155392
0
0.0235949
0
0.0254347
0.00964324
0.016868
0.482785
0.0328282
0
0
0.00715872
0
0.00939632
0.016633
0.00760181
0.030555
0.0213446
0.0555826
0
0.0610644
0.0136552
0.171648
0.00935382
0.00988426
0.0151476
0.0226378
0.209165
0.0359385
0
0.061705
0.0846368
0.0202702
0.01601
0.95741
0.00984345
0.0175287
0.119563
0.00850704
0
0.0225264
0.00939632
0.016633
0.00759713
0.00977312
0.0202702
0
0.0419437
0.0263438
0.0107718
0.0397578
0.0266943
0.229807
0.0186896
0.00988426
0.0143524
0.010262
0.0226378
0.299222
0.0135757
0.00858995
0.0453826
0.0233937
0.00841842
0.146475
0.173112
0.0201556
0.0224828
1.00474
0.0336926
0.0555458
0.00857158
0.00850704
0.0131202
0.0225264
0.0212721
0.050608
0.0151989
0.0298652
0
0.0213446
0.224972
0
0.0397578
0.0405816
0.0760251
0.0186896
0.021695
0.00661232
0.00884569
0.0116237
0.297739
0.0161042
0.00961381
0.0150314
0
0
0.153206
0.0826361
0.0190956
0.0311771
0.72339
0.0511111
0.0220545
0.00850704
0.00641586
0.0113967
0
0.0333636
0.00977312
0.0201139
0.0213446
0.690573
0.0125083
0.0185159
0.0331157
0.106432
0.0186896
0.0460316
0.0357027
0
0
0.241902
0
0.0150314
0.0123571
0.161228
0.0353169
0.0241635
0.535513
0.0349473
0.0109705
0.00850704
0.0144956
0.0113967
0.0113103
0.0313537
0.00947876
0.0297333
0.0068434
0.920931
0
0
0.0204083
0.0914545
0.00935382
0.0448387
0.0281686
0
0
0.196024
0
0.022141
0.012606
0.00736104
0.158206
0.0532598
0.0166767
0.638981
0.0509052
0.0109705
0
0.00850704
0.00704711
0.0113967
0.00939632
0.0313537
0.0105189
0.0068434
0
0.816712
0
0.0212747
0.0277643
0.0908046
0.00935382
0.033028
0.0212544
0
0.157256
0.0220729
0
0.00831455
0.254919
0.0174741
0.0166767
0.371219
0.0509052
0.0109705
0.00850704
0.00704711
0.00939632
0.0161835
0.0105189
0.0068434
0.994496
0.0125106
0.0197356
0.0140204
0.0760267
0.00935382
0.0325231
0.00762677
0
0.121103
0.0360191
0
0.123399
0.00873694
0.0252212
0.128046
0.0174186
0.0109705
0.00850704
0.00651721
0.00939632
0.0161835
0.0311508
0.00731308
1.00093
0.0125106
0.0197356
0.0141592
0.0926631
0.00935382
0.0102792
0.00762677
0
0.0119008
0.0875802
0.0149492
0.00831455
0.115596
0.00873694
0
0.0166842
0.0857869
0.0344975
0
0.00850704
0.00651721
0.0107664
0
0.0103057
0.00731308
1.00494
0
0
0.0413809
0.0945175
0.0207717
0
0.0529683
0.00959746
0
0.0747357
0.00873694
0.0328689
0.0117824
0.0344975
0.00651721
0.0107664
0.00946264
0.00731308
0.99539
0
0.0215441
0.0166364
0.0104925
0
0
0.0169985
0
0.0503623
0.00873694
0.00853707
0.0117824
0.0344975
0.00651721
0.00946264
1.01011
0
0
0
0.0241303
0.00873694
0
0.975026
0
0.636432
0.0106065
0.0401924
0.00763614
0.0155089
0
0
0.304667
0.0464964
0
0.00892648
0.0100349
0.022246
0.00821386
0.00763614
0.173803
0.0394713
0.0135171
0.0155089
0.00622458
0.0102246
0
0
0.0214858
0.207097
0.0338901
0
0.030372
0.00895694
0.0341703
0
0.00821386
0.00781652
0.0231115
0.112468
0.188853
0.0269567
0.0155089
0.0072819
0.00622458
0.0154198
0
0.0214858
0.188418
0.0338901
0
0.030372
0.00895694
0.0778171
0
0.00821386
0.0146929
0.0110375
0.0744573
0.121449
0.250851
0.0269567
0.0072819
0.0250826
0.0202286
0.0303554
0.00886449
0.0113394
0
0.151473
0.0190114
0.0473136
0
0
0.0410267
0.00910189
0.054931
0
0.0158124
0.016605
0.00781652
0
0.059805
0.130806
0.00860381
0.227375
0.0269567
0
0.0072819
0.0250826
0.0101928
0.0202286
0.0154198
0.00684286
0.00886449
0
0.00672417
0.141465
0.0473136
0
0.00940884
0.0410267
0.0660674
0
0.0158124
0.0172022
0.00781652
0.059805
0.121582
0.0109539
0.235774
0.0269567
0
0.0211111
0.0072819
0
0.0325634
0.0101928
0.0202286
0.0154198
0.0139406
0.00886449
0
0.00672417
0.112374
0
0.0675857
0.00990159
0.0525677
0.0439
0
0.0172022
0.0146075
0.0124008
0.0519052
0.104295
0.22797
0.0269567
0.0312488
0.0072819
0
0.0189431
0.009533
0.0154198
0.00709776
0.0254976
0
0.00672417
0.0583341
0.0835845
0
0.0816617
0.00992992
0.0733276
0.0324443
0.0173682
0
0.0145294
0.0124008
0.0599501
0.069972
0.00944539
0.244333
0.0269567
0
0.0211111
0.0072819
0
0.0253886
0.0111898
0.009533
0.0154198
0.0145672
0.0343621
0
0.00672417
0.0185425
0.0749389
0
0.0612289
0.00992992
0.0749511
0
0.0317697
0.0173682
0.0185466
0.00671291
0.0233993
0.0672957
0.0523089
0
0
0.279186
0.0269567
0.0338496
0.00965649
0.0072819
0.00742856
0.0125584
0.0100967
0.0192411
0.0154198
0.00746948
0.0254976
0
0.0134531
0.0185425
0.0367051
0.0210622
0.0415621
0
0.00992992
0.0847505
0.00765816
0
0.0662883
0
0
0.0177387
0.0216966
0
0.0527736
0
0
0.0106326
0.324782
0.0546917
0
0.0157823
0.0072819
0.025789
0.0100967
0.0596696
0.0315709
0.0140611
0
0
0.00672417
0.0185425
0.0184909
0.0109072
0.0589943
0.048129
0
0.0198358
0.138994
0.00765816
0.0674864
0.0183502
0.0155359
0.00874787
0.0359505
0
0.0756412
0
0
0.0106326
0.415417
0.0546917
0.010381
0.0167814
0
0
0.0319285
0.0140054
0.010579
0.0196442
0
0.00746948
0.00882938
0.00959936
0.0139046
0.0185425
0.0196462
0.0558096
0.0310814
0.140753
0.00655177
0.0101644
0.0563564
0.0168096
0.04354
0
0.0209628
0
0.0156758
0.0442191
0
0.0106326
0.759985
0.0137861
0.0195913
0.0499223
0.0079099
0.0159523
0.0143738
0
0.0210726
0
0.010433
0
0.0184766
0.00936312
0.0393179
0.0896261
0
0.0195323
0.0524278
0.00990462
0.134482
0.0172252
0.0591972
0.00952233
0.0220387
0
0.0786882
0.161479
0.00869661
0.0297452
1.00344
0
0.010601
0.182983
0.0100856
0.0312017
0.0132794
0.0103027
0.0102169
0.0153631
0
0.0181307
0.00685053
0.0197165
0
0.0107781
0.0388035
0.103094
0.0315664
0.00972301
0.367645
0.0146215
0.0106167
0.276515
0.0384481
0.0140921
0.0718415
0.0511616
0.146272
0.291521
0
0.029367
1
0.0270781
0.010601
0.247683
0.0204079
0
0
0.0265606
0.0103027
0.0307129
0.0155878
0
0.0255091
0
0.0393523
0.0473811
0.0979097
0.115032
0
0.00934547
0.699574
0.0072478
0.0106167
0.254675
0
0
0.027395
0.0212623
0.0108629
0.0673012
0.196881
0.0293882
1.00352
0.0134474
0.010019
0.132344
0.010247
0
0
0.0128112
0.0203768
0.00784363
0.00867418
0.00674705
0
0.0281938
0.0555727
0.0726248
0.0469327
0
0.996806
0.00707615
0.0202738
0.141194
0
0.0369991
0.020928
0.0237456
0.11133
0.0943487
0.00914848
0.00974649
0.674427
0.012436
0
0.0490211
0
0.01655
0.0132192
0
0.00980701
0.00695559
0.00674705
0.0199013
0.0114942
0.0600728
0.0640073
0
0.0105483
0.991512
0.00707615
0.184656
0.0177835
0.0196978
0.00665482
0
0.110648
0.0573156
0.577894
0.0126123
0
0.0164232
0.0108059
0.0158182
0.0128867
0
0.00953811
0.00695559
0.00674705
0.019329
0.0291199
0
0.0389582
0.0528964
0.014614
0.020998
0.991512
0.00707615
0.00970657
0.109322
0
0
0.0210866
0
0.132657
0.123462
0.010415
0.455565
0
0.0164232
0.00816095
0.00771607
0.0131547
0.00953811
0.00695559
0.00876376
0.00674705
0
0.0199013
0
0
0.0398595
0.014614
0.020998
0.991512
0.0754962
0.0167641
0.0148362
0.00894261
0.0370375
0
0.0444968
0.131918
0.010415
0.326565
0
0.00794817
0.00775764
0.00680583
0
0.00695559
0
0
0.00674705
0
0.0289432
0
0
0.0201968
0.0144549
0.0304537
0.991512
0.0528831
0.0167641
0.0153041
0
0.0250628
0
0.0926783
0.025116
0
0.0102978
0
0.00675883
0.0188151
0.01017
0
0.0135656
0
0.0104497
0.836487
0.0430269
0.0167641
0.0149457
0
0.00863791
0.0542723
0
0.00631668
0.0102978
0
0.0073401
0.0104497
0.292949
0.0218568
0
0.00800699
0
0
0.0463415
0.0182039
0.0099351
0
0
0
0.0918848
0
0
0.00758384
0.0228549
0
0
0
0.0111812
0
0.00839704
0
0
0
0
0
