0.00689281
0.0201325
0.454981
0.00522784
0.0605301
0.2331
0.370542
0.254019
0.33012
0.0148392
0.676665
0.709215
0.00862202
0.019156
0.00818597
0.981719
0.0256649
0.0140845
0.00570566
0.0139473
0.022091
0.0135943
0.233401
1
0.00250626
0.0559431
0.0882556
0.0806585
0.196281
0.226439
1
0.189368
1
0.0266477
0.0205626
0.17411
0.998188
0.286645
0.473523
0.304158
0.0440623
0.0119668
0.235808
0.707908
0.332587
0.748258
0.0267499
0.00827506
0.100828
0.712137
0.026799
0.00254791
0.00344394
0.00558928
0.0231848
0.223181
0.0063912
0.0436243
1
1.02017
0.692413
1.02289
0
0.0329316
0.182939
0.0029371
0
0
0.0084385
0.00482608
0.0736221
0.00304745
0.00568619
0.0139362
0.19786
0.999757
0.975587
0.1395
0.913018
0.17933
0
0.00448119
0.00549007
0.026733
0.0228932
0.00305081
0.00984495
0.00275135
0.0027087
0
0.116875
0
0
0
0.0026713
0.0426057
0.128308
1
0.913106
0.216638
0
0
0.156092
0.123814
0.0190082
0.00260652
0.021203
0.0027465
0.00266673
0.00329849
0.0271381
0.121256
0.00278168
0.02491
0
0.00608509
0.00250081
0.00255869
0.171598
0.00289565
0.991434
0.940208
0.964605
0.99804
0.0043104
0.000487871
0.00266549
0.00261398
0.00639673
0.00262532
0.00542667
0.0231067
0.00258952
0.0800309
0.00290596
0
0.0106061
0.00852897
0.00270434
0.00528457
0.00959509
0
0.00275291
0.0371499
0.489922
0.00275291
0.0588045
0.00264472
0.00828969
0.00260748
0.00255814
0.0027239
0.20262
0.0379921
0.99844
0.866128
1.0008
1.00287
0.00214889
0
0.00546413
0.0217662
0.983017
0.119384
0.0314839
0
0.0109577
0
0
0.00533939
0.00552411
0.00275291
0.0269657
0.00389541
0.0624435
0.0330905
0.00275291
0.0025793
0.00537342
0.154212
0.00952068
1
0.391012
1
1.00982
1.00544
0.00270118
0.755492
0.23565
0
0.039308
0.00440682
0.00830404
0
0.0974633
0.00325894
0.00303466
0
0.00697806
0.0181821
0.00807835
0.451393
0
0.885179
0.382689
0.984083
0.207836
0.940206
0.00251454
0.0152416
0.0130801
0.0841639
0
0.0130801
0.00325894
0.168099
0.0191265
1.00111
0.00267227
0.365601
1.00846
0.974639
0.00800078
0.00574878
0.0126455
0
0
0.00574878
0
0.00260803
0.0110394
0.934226
1
0.010524
0.567874
1
0.707542
0.396542
1
0.00545165
0.0153024
0.0147601
0.0157884
0.00842633
0.0216177
0.00265161
0.00798294
0
0.0385391
0.058468
0.999282
1.02053
0.492141
0.689173
1.00563
0.0415053
1
0.00255391
0.00551063
1
0.601757
1
0.296518
0.0835586
1
0.462932
0.00423555
1
1
0.340354
0.00572811
1
1
0.522103
0.0125876
0
0
1
1
0.531106
0.0113087
1
1
0.917552
0.00734474
1
1
0.442396
0.0719988
0.937147
1.00057
0.0106633
0.733563
0.726065
0.00578512
0.0322819
0.0297771
0.0446656
0.00592589
0.819092
0.00827132
0.39307
0.00304826
0.0490073
1
0.00567637
0.0125727
0.0395712
0.0279989
0.00450006
0.00298267
0.00298433
0.0570497
0.00834382
0.00269107
0.00823109
0.00863999
0.00277288
0.0112004
0.00517724
0.216465
1.00387
0.00519182
0.00616532
0.00304297
0.00277808
0.00298922
0.00263139
0.368785
0.497607
0.0110416
0.00297771
0.00446656
0.0142549
0.00297771
0.00835183
0.00271075
0.0383041
0.00295027
0.179222
0.832476
0.629885
1
0
0.00273475
0
0.00309413
0.00280848
0.0133017
0.0133888
0.343587
1.01079
1
0.430469
0.635396
0.00770143
0.00390158
0.0114906
0.00528425
0.00242122
0
0.00283468
0.0211864
0.00259327
0.00259327
0.00267657
0.00259327
0.00353627
0.0808154
0.00288319
0.0135279
0.00298998
0.0318571
0.2192
0.458041
0.00669442
0.239609
0.017711
0
0
0.00571833
0
0.0120804
0
0.0586939
1
0
0
0
0
0.0382391
0.229878
0.00383429
0.00406051
1
0.446528
0.674098
0.986098
0.00356658
0.00279562
0.00280751
0.00783212
0.00284906
0.00737816
0.00745046
0.0196351
0.138766
0.317334
0.0336407
0.0110993
0.00897654
0.0140797
0.00302947
0.00423252
0.337039
0.0175517
0.0385236
0.00332914
0
0.0154189
0.0301453
0.740784
1.0246
0.994896
1.01426
0.956594
0
0
0
0.00574576
0.0830157
0.0053437
0.132707
0.0127268
0.00941487
0.00270824
0.00270855
0.00955184
0.0161689
0.0026233
0.00254452
0.00287579
0.00318065
0.674366
0.00547722
0.00722165
0.028281
0.00254452
0.00254452
0
0.00885053
0.084332
0.172221
1.01628
0.918781
0.96592
0.00848174
0.993128
1.00867
1.03312
0.00254048
0.0738155
0.00289695
0.137173
0.0145209
0.00303135
0.00832146
0.00417198
0.002657
0.026045
0.327605
0.00265507
0.0192771
0.834181
0.763001
0.989505
0.478366
0.0111275
0.00279251
1.04579
1
0.988843
0.997221
0.00255589
0.00305659
0.00282211
0.0241654
0.0436807
0.119408
0.0767163
0.0134652
0.0186435
0.00308507
0.0911928
0.00304633
0.00257971
0.0325497
0
0.00266371
0.00564779
0.0598597
0.014978
0.00279251
0.0107123
0.00826338
0.02146
0.0441879
0.80054
0.782283
1
0.0864486
0.990149
1
0.0806125
0.0386146
1.00329
0.0498529
0
0
0
0
0.0243182
0.00692989
0.184555
0.0864007
0.181798
0.00234768
0.00278095
0.00514486
0.0931369
0.0171572
0.644218
0.483177
0.631362
0.0119679
0.00249634
1
1.00017
1.03835
0.0106393
0.0263082
0.00283071
0.835752
0.364434
0.0108498
0.00560664
0.132811
0.0244377
0.00739211
0
0.00415793
0.00251202
0.00531347
0.0110772
0.358093
0.00385267
0.0929453
1.28935
0.143636
0
0.472695
1.00936
0.643472
0.77964
1
0.00249634
0.0109484
0.00249634
0.0173107
0.0885315
0.00278666
0.0031449
0
0
0.00277879
0.281482
0.0411758
0
0.662455
0.98498
1
0
0.0027997
0
0.00271764
0.0106162
0.00279476
0.00505245
0.258057
0.667377
1
0.986032
0.0191637
0.00334883
0.00801481
0.002846
0.0643074
0.0397166
0.132962
0.00535014
0.0090272
0.0397166
0.00292663
0.0615363
0.0111942
0.230467
0.0038688
0.0090103
0.0397166
0.520932
0.42759
0.00243217
0.00286987
0.00931587
0.189366
1
1
0.352244
0.956937
0.0189235
0.00324357
0.00518548
0.00276658
0.0781635
0.00270816
0.0340022
0.00549535
0.00270816
0.0045136
0.011444
0.0540072
0.00343553
0.011647
0.00270816
0.496353
0.308681
0.625333
0.610212
0.625237
0.496034
0.460674
0.733509
0.255006
1
0.424112
1.00056
0.250762
0.0028608
1
0.0666746
0.998517
0.834932
0.363678
0.141799
0.312128
0.385816
0.218937
0.324033
0.100868
0.407726
0.723993
0.276522
1
0.30105
0.27114
1
0.152318
0.411049
1
0.242346
0.25835
1
0.0967273
