0.162635
0.575047
0.00300199
0.456488
0.990531
1.0096
0.0509848
0.284763
0.0547919
0.824466
0.751494
0.00411033
0.0584598
0.969356
0.00293823
0.0595163
0.341608
0.997252
0.0121113
0.0958015
0.00282915
0.011849
0.0984805
0.00289179
0.442816
1.00164
0.00310029
0.00267471
0.00298056
0.0288345
0.00280584
0.00272502
0.00284714
0.00288328
0.0182434
0.00842752
0.00284714
0.00308518
0.312531
0.00280738
0.00270569
0.0024985
0.00601948
0.00874424
0.485472
0.0311291
0
0.0108183
0
0.00308314
0.00269068
0.00297337
0.00283404
0.00277184
0
0.0199821
0.00585529
1.00331
0
0.0027647
0.00404155
0
0.00276989
0.00252994
0.00279439
0.00253916
0.00302795
0.0028405
0.0221904
0.0135858
1
0.00291264
0.00548602
0
0
0.00268744
0.00283684
0.00279965
0.0169998
0.00575444
0.00268449
1
0.00262726
0.00298818
0
0.00326261
0
0.00285519
0.906435
0.00292534
0.00278436
0.00283887
0.00578773
0.00298532
0
0.00850125
0.00294229
0.00580075
0.00596617
0.00589877
1
0.00784454
0.00822645
0.0080401
0.323505
0.00269074
0.0157123
0.0029652
0.00285258
0.00293774
0.0027864
0.00540955
0.0105479
0
0.00289928
0.00310029
0.00433625
0.00835372
0.00310239
0.09817
0.0195785
0.00264722
0.00265343
0.00838021
0
0.00437794
0.0358124
0.0038272
0.0565622
0.00278717
0.00296937
0.00296937
0
0
0.0170113
0.00819384
0.0492778
0.00303654
0.00268097
0.00293039
0.00295943
0.0117207
0.0120724
0.00292637
0
0.00756745
0.00683563
0
0.0278461
0
0.0114253
0.0702239
0.824841
0
0.00307392
0.0211173
0.00277169
0.00871671
0
0.00494508
1
0.607887
0.00284622
0.795409
0.606887
0.00299202
0.0233599
1.02489
1
0.0175047
0.884576
0.017715
0.41999
1
1
0.0213426
0.983951
0.0216208
0.699384
0.0235666
1
0.994167
0.00561071
0.064557
0.998691
0.00569875
0.0655306
0.398866
0.99904
0.00377483
0.173688
0.00257007
0.173886
0.664518
1
0.094331
0.0134181
0.0940031
0.0112152
0.334062
1.00849
0.0137118
0.00298366
0.0195429
0.062176
0.0290166
0.00279443
0.212087
0.00604202
0.010761
0.989962
1.03228
1.0126
1
1
0.977438
0.00610975
0.00670949
0.00594806
0.147852
0.00294917
0.00269638
0.00285704
1
0.00276045
0.00294917
0.697913
0.0108426
0.00577458
0.00568738
0.0124174
0.00292686
0.00577941
0.00267304
0.00282757
0.287806
0.00271837
0.00292686
0.00610975
0.00588711
0.00597831
0.290102
0.109624
0.184818
0.0114856
0.215484
0.971493
0.0108746
0.411887
0.0138887
0.158908
0.21504
0.632486
0.00279311
0.0169448
1
0.00280231
0.0171485
0.909471
0.96605
0.564739
0.00304326
0.00308304
0.0204432
0.986612
0.0207104
0.200424
1
0.521606
0.0425093
1
0.0431528
0.179081
0.277705
0.0817599
0.0832502
0.274138
0.467751
0.0436381
0.0368754
0.134427
0.987952
0.0184245
0.0270657
0.138575
