0.585744
0.300093
0.0072888
0.21212
0
0.00533795
0
0.00867376
0.0548366
0.985086
0
0.0107333
0.0167062
0.00528036
0.162237
0.99605
0.0721485
0.0919766
0.0172516
0.0107656
0.0114026
0.00277055
0.0027825
0.0550184
0.0203686
0.0940481
1.01149
0.00586928
0.00734761
0.386196
0.0108474
0.0102715
0.0028411
0.00287082
0.991669
0
0.0123035
0.0116994
0.00257077
0
0.00301144
0.00311535
0.00252592
0
0.0029038
0
0
0.0932656
0.00411
0
0
0.00280471
0.00258133
0.0348867
0
0.294457
0.00747022
0.068008
0.00266263
0.00709909
0.00294965
0.989475
1
0.00257077
0.00287082
0.0039045
0.0116822
0.00771231
0.0233369
0
0.0247841
0.0544527
0
0
0.0029038
0.0887306
0
0.0029038
0.00272953
0.0105622
0.0025924
0.0629318
1
0.00287652
0.776564
1
0.00730001
0.012098
0.03358
0.00938618
0.00850083
0.00738896
0
0.0382134
0.00577327
0.00294806
0.00544463
0.0305095
1
0.661382
0.00361472
0
0
0.00303023
0.00305529
1
0.594265
0.00276271
1
0.867342
0.995861
0.999789
0.732991
0.476509
1.04173
0.0147554
0.00256025
0.00295108
0.0599336
0.0339649
0.0111158
0.00299919
0.0029592
0
0
0
0.0336124
0.00576367
0.00576706
0.0901966
0.0367992
0.828011
0.00368292
0.0118476
0.00282437
0.00255556
0
0.00255556
0
0.010951
0.0401891
0.00295498
0.0286475
0.0027973
0.00258074
0.0837776
0.0485473
1.00001
0.00282277
0.00281462
0.00271859
0.00495166
0
0.0168236
0
1
0
0.00569807
0.00351319
0.0046729
0
0.0040802
0.00273235
0.036728
0.0055846
0.253776
0.00390336
0.00883801
0.0337091
0.00627339
0.993444
0.050568
0.00823813
0.00293229
0.00290883
0.00282357
0.00268976
0.0029997
0.00282357
0.0028688
0.00293229
0.00272063
0.0029592
0.00255556
0.00958336
0.0029592
0.0029592
0.00255556
0.00348486
0
0.993945
0.00259543
0.00547548
0.0056683
0.0171369
0.00825625
0.00250798
0.049236
0.00292691
0.14544
0.0056563
0.0756321
0.00241933
0.00293229
0.298006
0.00302083
0.00540738
0.00257588
0.00373115
0.00292368
0.00300005
0.00816299
0.00643872
0
0.00284352
0
0.00293229
0
0.00550832
0.00292026
0.0185371
0.00836887
0.00293229
0.0041718
0.71126
1
0.00282892
0
0.0477256
0.0111608
0.0047155
0.231709
0.0367185
0.0554497
0.00866418
0.00272147
0.0367185
0.0611974
0.0054071
0.0338624
0.0122311
0.0367354
0.337379
0.00274179
0.00281462
0.00281462
0.00281462
0.00281462
0.130688
0.924827
0.0171301
0.00873247
0.0535051
0.00282357
0.00296884
0.00566476
0.00282357
0.00385032
0.00259237
0.00350265
0.0126896
0.00282357
0.855352
0.0551126
0.45689
0.00507579
0.0125715
0.00269587
0.00283167
0.00256362
0.0134794
0.00269587
0.00425664
0.00258365
0.00651272
0.00269587
1
1.00628
0.324609
0.556597
0.432806
0.471196
0.286498
0.168913
1
0.0983294
