0.0945176
0.0533668
0.0536485
0.276029
0.0536485
0.85918
0.0261824
0.041337
0.040163
0.0536485
0.858244
0.104064
0.0681568
0.0536485
0.77987
0.146371
0.0681568
0.0394316
0.738335
0.146371
0.0804533
0.0394316
0.728279
0.146371
0.0804533
0.0134773
0.553207
0.171771
0.121995
0.0134773
0.299728
0.310929
0.138796
0.0339974
0.0948483
0.0527918
0.0140374
0.0969836
0
0.0165117
0.0119169
0.0212108
0.0388148
0.141372
0
0.00798838
0.572238
0
0.0224785
0.0667074
0.0119169
0
0.0198013
0
0.0688865
0.223946
0.00798838
1.00018
0
0.0342969
0.298654
0.0224926
0
0.00812435
0.00985697
0.119475
0.153858
0.00705879
0.760845
0.00633149
0.690101
0.0205292
0.00750201
0.00985697
0.0781534
0.120479
0.00952314
0
0.43366
0.00633149
0.869785
0.0119169
0.00750201
0.00976586
0
0.191099
0.090142
0.0147589
0.523286
0.852731
0.0119169
0.0152179
0.0198811
0.265864
0.0759617
0.0068928
0.3075
1.0028
0.0221194
0.00771592
0.0198811
0.0775286
0.0392742
0
0.129658
0.980073
0.0221194
0.00771592
0.0295308
0.0508542
0.012242
0
0.103441
1.0028
0.00876269
0.00972593
0.0382136
0
0.911957
0.00876269
0.0124686
0
1
0.00876269
0
0.0070109
0
1
0.0269021
0.0070109
0.642925
0.0526043
0.0225453
0.174364
0.353755
0.0450987
0.138889
0
0.010287
0.0139408
0.0435965
0.21952
0.239782
0.138889
0.00901434
0.204381
0.010287
0.0139408
0.0435965
0.21952
0.271925
0.0125063
0.121072
0.101972
0.0581593
0.010287
0.0139408
0.0593264
0.21952
0.25606
0.0125063
0.094651
0.101972
0.0581593
0.010287
0.0139408
0.0735105
0.260263
0.248636
0.0125063
0.0684623
0.101972
0.0581593
0.010287
0.0275894
0.100799
0.217979
0.273541
0.0125063
0.0519436
0.0191317
0.0242541
0.116683
0.0457724
0.0136486
0.114668
0.217979
0.258212
0.0125063
0.0168128
0.024656
0.00888384
0.136608
0.012375
0.130219
0.092691
0.357917
0.0125063
0.0168128
0.0164278
0.00888384
0.143992
0.130219
0.040481
0.218199
0.0107442
0.0186921
0.0129677
0
0.00812694
0.17767
0.216007
0.0137956
0.0186921
0.11759
0.0157298
0.044607
0.00625672
0
0.0848115
0.0692898
0.687241
0.0360665
0
0.00796835
0.144579
0.0463755
0
0.118394
0.593425
0.999932
0.0809211
0
0.00623581
0.00796835
0.00853363
0.282439
0.0455992
0.00877001
0
0.0884685
0.538625
0.0134786
1.00949
0.0578105
0.0471372
0.43058
0.0220883
0
0.171711
0.506376
0.586449
0.0212208
0.0328918
0.015525
0.526483
0.00706493
0.0220883
0.068856
0.0514924
0.00958903
0.49322
0.170203
0.0389694
0.015525
0.570475
0.00706493
0.0115396
0.0393364
0
0.441691
0.170203
0
0.0389694
0.015525
0.448299
0.0122178
0.388202
0.170203
0.00607753
0.0145719
0.416229
0.0104908
0.0128508
0.0280597
0.0969607
0.0217703
0.186891
0.0117695
0.0117695
0.166685
0.000967125
0.000967125
0.000967125
