0.00254625
0.00275902
0.00286788
0.0410996
0.00730713
0.0105719
0.0103809
0.212586
0.0242043
0.0235937
0.909421
0.830836
0.00447045
0.00511834
0.00246751
0.0625906
0.069246
0.0613096
0.107146
0.0963238
1
0.345974
0.00538399
0.00530154
0.00301388
0.0177997
1
0.00300395
0.0175221
0.0027883
0.00832886
0.181861
0.978863
0.00567709
0.537026
0.00616945
0.0930148
0.00610387
0.0864196
0.321346
0.367763
1
0.0100603
0.00267412
0.869321
0.00287606
0.00265034
0.00290403
1
0.0421035
0.00270916
0.791812
0.00301662
0.00267012
0.00306136
1
0.0433416
0.00786167
0.707431
0.0261814
0.00771754
0.0267023
1.00004
0.707365
0.00581112
1.00515
0.00569083
1.00171
1.0019
1.00657
0.584258
1.00676
1.00032
0.733378
0.134496
0.139037
