0.398593
0.677342
0.209319
0.37352
0.00263065
0.00774638
0.205962
0.00268482
0.00775878
0.038264
0.486602
1
0.00271487
0.00266008
0.00542065
0.00266008
0.0619882
0.518204
0.00266008
0.00267334
0.00553727
0.00266008
0.00435268
0.00267334
0.0159605
0.0493604
0.0620301
0.0493938
0.339302
0.90851
1
0
0
0
0.00805167
0
0.0484749
0.886869
0.00815038
0.00822409
0
0.0226001
0.0485126
0
0.00832491
0.0226177
0.446153
0.609651
0.998588
0.0202498
0.013426
0.0136344
0.00922571
0.6135
0.00551729
0.00518533
0
0.00272251
0.0282216
0
1.0343
0.00274775
0.0138769
0.0111827
0.0485371
0.005009
0.00551729
0.00890381
0.0183986
0.00551729
0.00539144
0.0145857
0.00300083
0.00551729
0.0256028
0.0026027
0.0111978
0.00263586
0
0
0.00256619
0
0.00583881
0.00273948
0.00292657
0
0
0.00270105
0.0809058
0
0.00371814
0.00273948
0
0.0502229
0.00895036
0
0.0123478
0
0.00583188
0
0.0152894
0
0
0
0
0.993652
0.00261742
0.00273576
0
0.0026995
0.0135847
0.0231134
0.990347
0.0105452
0.0108511
0.00751854
0.0128645
0.00271528
0.0038618
0
0
0
0
1
0.00264118
0.018986
0.0122422
0.00862976
0
1.01349
1.00376
0.0030437
0.0937823
0.0115676
0.00344435
0.00271325
0.0122894
0.0190319
0
0.0082993
0.0484188
0.00370807
0.0111544
1
0.0414696
0.00410723
0.00283743
0.00586108
0.00625029
0.617653
0.398621
0.00583367
0.00303908
0.105277
0.00269289
0.0139106
0.00448254
0.00278212
0.00292515
0.00281252
0.00273517
0.00830221
0
0.00273517
0.00336158
0.00255446
0
1.00999
0.00273175
0.0244396
0.0849639
0.00584138
0.00273948
0.00255446
0.00278741
0.00904807
0.00273948
0.199505
0.0230998
0
0
0
0
0
0
0.824841
1
0
0.398646
0
0
0.521621
0.508487
0.837861
0.0528187
0.821848
0.014196
0.0529519
0.0142318
0.185155
1
0.125435
1
0.00795767
0.0375582
0.945222
0.00263346
0.00812596
0.0375974
0.00268915
0.221958
0.985895
0.0187183
1
0.0026835
0.112195
0.989067
0.00274146
0.0607776
0.112261
0.0608138
1
0.451201
1.00149
0.00304579
0.113231
0.00297286
0.00255798
0.00298313
0.0221138
0.00365426
0.966827
0.00301891
0.00561662
0.109831
0.165608
0.00564063
0.00260404
0.00296257
0.0109767
0.0029528
0.00292258
0.0227785
0.00270204
0
0.0160142
0.00272351
0.00257741
0.00272351
0.0225373
0.0436867
0.0325
0.0380354
0.0468216
0.00304937
0.00288091
0
0.00302487
0
0.616283
0.00526845
0.00579128
0.00865888
0.0256346
0.0368415
0
0.00360575
0.78634
0.0198277
0.00728112
0.00556489
0.0125252
0.0414477
0.00279482
1.00621
0.0240271
0.0030483
0.0026902
0
0
0.0142165
0.00949193
0
0.0087175
0.996103
0.0109805
0
0.0249759
0.0739005
0.0029707
0.0028741
1.00732
0.698392
0.011563
0.0057084
0.00348968
0.0142441
0.00527945
0.00285238
0.00269407
0.00291613
0
0.00853123
0.00617405
0
0
1.09267
0.00292327
0.0647368
0
0
0.0104893
0.00639586
0
0.00538894
0.00306495
0.00299926
0.0395959
0.0206803
0.415201
0.0764465
0.00527945
0.00508763
0
0.0113131
0.00925661
0.00291613
0.00527945
0.00538693
0.00287244
0.085888
1.03623
0
0.0852297
0.00300635
0.0029707
0.0177639
0.00307314
0.0220086
0.0117919
0
0
0.0232516
0
0.0028542
0
0.989548
0.0401619
0
0.0029573
0
0
1.08247
0.00365661
0.0231017
0
0.0028542
0.0028542
0.0524966
0
0.0028542
0.18029
0.0787449
0.943981
0.529999
0.296557
0.155394
0.185834
0.483247
0.781939
0.00295866
0.0040281
0.91299
0.0346842
0.983052
0.011616
0.00874147
0.227959
0.914316
0.00555433
0
0.0838237
0.00276046
0
0.327026
1.00098
0.0172704
0.993911
0.102435
1
0.10261
0.537926
0.687739
1
0.0853759
1.0171
0.0854364
1.01215
0.820663
