0.0150176
0.00796369
0.0139062
0.167563
0.014535
0.0303513
0.0161019
0.206142
0.014535
0.0303513
0.0762509
0.0298616
0.0490202
0.0144932
0.0687155
0.138075
0.0229489
0.0303469
0.0303513
0.0249661
0.0758296
0.0429308
0.0687155
0.0906654
0.0355307
0.0311117
0.0303513
0.0249661
0.177975
0.0108866
0.0687155
0.060232
0.0355307
0.0615719
0.0208236
0.0249661
0
0.177975
0.0108866
0.0687155
0.060232
0.0355307
0.0615719
0.0208236
0
0.0249661
0.177975
0.00684265
0.108155
0.0527867
0.0355307
0.0615719
0.00632312
0.0208236
0.0427571
0
0
0.00663169
0.177975
0.00663008
0
0.705247
0.0527867
0.0355307
0.0697273
0.0208236
0
0.0699833
0
0.016658
0.00851792
0.177975
0.00663008
0.767947
0.0241269
0.0914135
0.0109277
0.00760434
0.013768
0
0.140245
0.0244085
0.0109168
0.00740492
0.177975
0.402152
0.0158547
0.0164423
0.0245171
0.013768
0.0128005
0.01664
0.00781545
0.155223
0.00740492
0.00764377
0.0264088
0.0161199
0
0.010277
0.042567
0
0
0
0
0
0.0078237
0.0467311
0.0122681
0.0126567
0.287557
0.00811471
0.00875082
0.101483
0.0236483
0.0104718
0.148556
0.00811471
0.197382
0.0571879
0.0300377
0.141283
0.0080974
0.00811471
0.197382
0.0571879
0.0122558
0.0300377
0.102462
0.0422299
0.00811471
0.197382
0.0571879
0.0158181
0.0122558
0.0300377
0.0949157
0.0422299
0.0154648
0.207544
0.0571879
0.0158181
0.0122558
0.0300377
0.0278469
0.00807439
0.0801108
0.0209399
0.14329
0.00811471
0.253112
0.219412
0
0.218396
0.0158181
0.00821827
0.0122558
0.0085326
0.0300377
0.00807439
0.0639364
0.0209399
0.134373
0.00811471
0.722802
0.219412
0.0148512
0
0
0.240445
0.122165
0.0122558
0.034247
0.0403855
0
0.00807439
0.00856005
0.307607
0.0320389
0.67094
0.1854
0.0224188
0.0130174
0.194654
0
0.152943
0.0122558
0
0.0403855
0.0751796
0
0.00910083
0.00807439
0.00856005
0.019131
0.234025
0.0193267
0.169767
0.00820316
0.161056
0.567656
0
0.0751796
0.0201379
0.0281765
0.0106752
0.11676
0
0.00815558
0.680317
0.0258792
0
0.00875082
0.0106752
0.132479
0
0.0104879
0
0.0168562
0.112007
0.00996469
