0.00751684
0.00268637
0.00308544
0.170942
0.067176
0.00262939
0.426772
0.683413
0.0323126
0.0176568
0.999001
0.231207
0.0186969
0.0199294
0.0452001
0.0449291
0.0656455
0.023226
0.0474233
0.162176
0.388469
0.0228808
0.0617086
0.0201815
0.0057732
0.00463162
0.148157
0.6159
0.00726772
0.0030067
0.0203116
0.00803192
0.142036
0.414507
0.0243965
0.0175867
0.158808
0.0578893
0.00291081
0.0595902
0.0182714
0.568257
0.0176908
0.0149887
0.0259368
0.15825
0.00370295
0.00576207
0.0353991
0.0310585
0.512442
0.00551416
0.0302904
0.0652472
0.00304168
0.033134
0.312378
0.0117407
0.0151233
0.0108851
0.0229083
0.00691504
0.00287358
0.419711
0.0161586
0.0118478
0.00289044
0.0247534
1
0.0478345
0.0172993
0.0874773
0.00890482
0.00299455
0.0359692
0.633278
0.00782325
0.0865088
0.0291498
0.0249914
0.0627091
0.00834183
0.00294529
0.00286853
0.00286853
1
0.00286853
0.00286853
0.61377
0.021199
0.90149
0.0314711
0.0497401
0.136868
0.022653
0.00278422
1
1
0.010888
0.0258036
0.00269301
0.00267448
0
0.0850875
0.00416433
0.0323622
0.00827493
0.739333
0.0221264
0
0.0231533
0.0456837
1.03655
0.0276715
0.0349647
0
0
0.00273951
0.00272297
0.0213579
0.19944
0.0254161
0.0242019
0.021094
0.163936
0.0302284
0.0318512
0.0142732
0.145116
0.00834465
0.0228435
0.00491919
0.114504
0.00824809
0.0196249
0.0155695
0.561258
0.00298995
0.0372536
0.0132214
0.521246
0.169498
0.998014
0.125735
0.992616
0.967349
0.355449
0.243338
0.104873
0.136591
0.0470656
