0.0789893
0.00709595
0.00883737
0.00977722
0.183287
0.0646886
0.165072
0.0823386
0.155119
0.0919832
0.146688
0.100153
0.137701
0.108862
0.10203
0.143427
0.0918998
0.153244
0.054896
0.189101
0.0365668
0.170098
0.0289075
0.102906
0.657236
0.0352805
0.00718668
0.0080433
0.813451
0.0498914
0.00834131
0.0459473
0.0227257
0.827619
0.10107
0.00834131
0.09215
0.0227257
1
0.20733
0.0164637
0.20982
0.0611359
0.999418
0.242895
0.0164637
0.203835
0.106178
0.98685
0.249369
0.032651
0.25096
0.151598
0.959261
0.249369
0.032651
0.220918
0.195895
0.959261
0.124339
0.0243097
0.166146
0.381147
0.00951317
0.771054
0.093898
0.0243097
0.143588
0.443388
0.403715
0.0674496
0.0163655
0.0989134
0.376502
0.314927
0.0447143
0.00812242
0.0689819
0.00970177
0.248747
0.844869
0.0719604
0.0518529
0.149482
1
0.0780615
0.00763222
0.178636
0.0356701
0.824297
0.0854713
0.0150701
0.201883
0.0893591
0.641206
0.0716656
0.0150701
0.222723
0.178602
0.524948
0.0718463
0
0.0150701
0.155596
0.178316
0.379554
0.064169
0.109791
0.231237
0.246011
0.0704664
0.071047
0.221196
0.0871829
0.0702621
0.039588
0.214632
0.0433378
0.0350579
0.0314564
0.198877
0.00751777
0.00880836
0.354735
0.445072
0.639863
0.639863
0.639863
0.639863
0.639863
0.639863
0.587764
0.41006
0.233209
0.139636
0.0278965
