0.0401336
0.0892322
0.259804
0.0297195
0.0297195
0.0297195
0.0198077
0.00996708
0.00632204
0.0116407
0.0078132
0.00765766
0
0.00952749
0
0.00845265
0.0352757
0.0182725
0.00683551
0.00658993
0.0164325
0
0.0189262
0.0391418
0.0250012
0.244984
0.0164302
0.0263388
0.0666411
0.0172584
0.0078132
0.0400704
0.00670145
0.00696705
0.0155514
0.0202947
0
0.0854335
0.0239457
0.0379366
0
0.025189
0.0260919
0
0.0326144
0.0717841
0.0253415
0.0116559
0.0120546
0.431013
0.0632616
0.0240111
0.0130352
0.122462
0.026324
0.0155715
0.0241218
0
0.0410864
0.0156601
0
0.0363874
0.030971
0.0294572
0.00752744
0.102043
0.0239457
0.0562768
0.00683551
0
0.057988
0.0264759
0
0.018246
0.0266049
0.0251269
0.0315056
0.102107
0.046936
0.0120546
0.548721
0.0783545
0.0239235
0.027082
0.145567
0.0172584
0.0157656
0.048913
0.00958035
0.0205646
0.0485418
0
0.02074
0.0587564
0.0469789
0.049221
0.00753807
0
0.117108
0.0188844
0.0117057
0.146742
0.0287283
0
0.0664633
0.0395893
0
0
0.0270044
0.0251269
0.0205142
0.038417
0.046936
0.0249047
0.461739
0.13733
0.0233171
0.0338073
0.180036
0.00871661
0.00795236
0.0328531
0.029319
0.0139222
0.114127
0
0.0210273
0.0439232
0.0167384
0.364604
0.0302704
0.014866
0.00822975
0.0670989
0.0561763
0.0235309
0.0574845
0.0215592
0.00719851
0.024593
0.09454
0.035123
0.0066759
0.0340013
0.112833
0.0127896
0.0847609
0.035417
0.139181
0.202583
0.00776566
0.0197902
0.156813
0.00856543
0
0.0241828
0.00951716
0.013318
0.0813911
0.0339941
0.0518765
0.0162379
0.333558
0.0194945
0.0242065
0.0842895
0.169801
0.0358674
0.0184327
0.0350218
0
0.0421497
0.207087
0.00731408
0.035123
0.0135653
0.081797
0.0250807
0.0125928
0.0594149
0.0929535
0.124626
0.0401263
0.00651207
0.0437419
0.0265977
0
0.03182
0.028217
0.0203208
0.0652078
0.0202768
0.0295913
0.0333791
0.31899
0.0490587
0.0568584
0.118598
0.0383868
0.0118252
0.132182
0.0205715
0.00669093
0.0325911
0.193018
0.00731408
0.0754286
0.0261817
0.0177766
0.102423
0.0497646
0.0252912
0.0474385
0.0278083
0.0310374
0.024597
0.0159036
0.0152215
0.00921276
0.0986476
0
0.00757369
0.317992
0.0298357
0.00720785
0.0245748
0.217196
0.037115
0.0351265
0.281877
0
0.0242442
0.0678492
0.0143803
0.091983
0.00642559
0.00893597
0.0728814
0.0127848
0.0347957
0.0460728
0.00907866
0.0158573
0.0157962
0.0106951
0.00937502
0.0156147
0.0152215
0
0.0327344
0.00791225
0
0.0298108
0.0101221
0.0320659
0.0921559
0.0184094
0.0342936
0.0143208
0.00706624
0.0299925
0.0118037
0.0147699
0.00639816
0.00854513
0
0.00767516
0.0161473
0.00764415
0
0.0599333
0.00971647
0.00812913
0.0170318
0
0.0112636
0
0.0085722
0
0.00767516
0.0131145
0.0161473
0
0
0.0145112
0.00712078
0.0243287
0.0165489
0.011591
0
0.00845067
0.0188504
0.0130883
0.0166822
0.019914
0.177818
0.0149287
0
0
0
0
0.015013
0.00767516
0.0131145
0.0161473
0.0070021
0.187086
0.00974503
0
0.0410683
0.0325285
0.0116536
0.0176745
0
0.00660403
0.0166768
0
0.0375072
0.0130883
0.0332267
0.109876
0
0.655308
0
0
0.0115579
0
0.0155118
0.00767516
0.0280971
0.00651383
0.034061
0.0165839
0.129509
0.0073033
0.0654846
0.0325285
0.0116536
0.0176745
0
0.0263461
0.00798973
0.0131022
0.0224292
0.129655
0.0130615
0.024804
0.190824
0
0.0116602
0.958294
0
0
0.00650337
0.0115579
0.0175733
0.0155118
0.00767516
0.037746
0.00678865
0
0.0159772
0.0409085
0.0165839
0.144737
0
0.00746456
0.0653235
0.0325285
0.0184848
0.0116536
0.0363434
0.00677598
0.0472279
0.0164063
0.0266412
0.0219186
0.185334
0.0130615
0.0253309
0.160029
0.0121798
0.0353068
0.994435
0.0180832
0.0160796
0.0079983
0.0128947
0
0.0169666
0.00756646
0.0153834
0.0280282
0.00678865
0
0.0159772
0.0413787
0
0.0165839
0.115229
0.015031
0.0653782
0.0488553
0.0184848
0.0362287
0.00677598
0.0535293
0
0.0270832
0.0143695
0.204849
0.0130615
0.0164466
0.180409
0
0.0353068
0.802397
0.0184262
0.0150868
0
0
0
0.00853395
0.0314824
0.0235986
0.0100674
0.0136839
0
0.0318376
0.0133086
0
0.0165839
0.0874272
0.00947652
0.015031
0.0647654
0.0651906
0
0.0122212
0.0362287
0.0138371
0.059727
0.00876094
0.0410375
0.0290578
0.0930645
0.0196119
0.0163303
0.148133
0
0.0237815
0.472727
0.0740579
0
0.00826553
0.00671775
0.0115579
0
0.00756646
0.00770791
0.00913804
0.031863
0.0136297
0
0.0847032
0.131715
0.0200776
0
0.0564397
0.0319251
0
0.0239226
0.0719036
0.00677598
0.059754
0.00876094
0.0134605
0.022105
0.147375
0.0325513
0.0251506
0.108599
0
0.0356105
0.232636
0.0555255
0
0.015844
0.0130625
0
0
0.00756646
0.00818299
0.00913804
0
0.0318591
0.0139645
0
0.0674272
0.0722824
0
0.0813469
0.0319251
0.0191508
0.047339
0.0180394
0.00677598
0.053168
0.0168074
0.0134605
0.0222872
0.166156
0.0258129
0.0423517
0.0884552
0.0121793
0.035418
0.12742
0.0743938
0
0.00826553
0.00634477
0
0.0261795
0.0152376
0
0.00923632
0.016929
0.0154979
0.0138624
0.0328796
0.0874272
0
0.0151309
0.0729403
0.032434
0.0718895
0
0.0140915
0.0395605
0.0168074
0.00735663
0.222123
0.0191933
0.0337296
0.0687455
0.0247601
0.0351852
0.12712
0.0751882
0
0.0323301
0.00634477
0
0.0170134
0.00756646
0
0.00923632
0.0229714
0.0343928
0.0332655
0.0874272
0.00746456
0.0974122
0
0.0728234
0
0.00731552
0.0462524
0.00876094
0
0.0143489
0.185305
0.0127592
0.0257393
0.0493315
0.0372338
0.0349717
0.125685
0.0650461
0.0159185
0.00634477
0.0110013
0.0169875
0.0314716
0
0.00923632
0.0156427
0.0204978
0
0.0332655
0.0432692
0.00746456
0.113806
0.0167006
0.0963971
0
0.0396444
0.00876094
0
0.0216041
0.146885
0.012563
0.0342271
0.0499408
0.0372338
0.023926
0.172369
0.0560695
0.0159185
0
0
0.0169875
0.0471663
0.0154016
0.00923632
0
0.0233457
0.0204978
0.0169698
0.0288488
0.0147364
0.105727
0.0167006
0.108453
0.0181163
0
0.0328575
0.00876094
0
0.0214207
0.128951
0.00631979
0.0425313
0.060239
0.0250545
0.0123105
0.574108
0.0368557
0.0149095
0.0159185
0.00639689
0.0171168
0.016261
0.0155753
0.00923632
0
0.0309958
0.0070021
0.0169698
0.0145112
0.0148382
0.0895533
0.0167006
0.132667
0.0132028
0
0.0140113
0.0140286
0.165396
0.012667
0.0423533
0.0509486
0.0250545
0.0123105
0.69343
0.036574
0.0149095
0.0403561
0
0
0.00918786
0.00808231
0.0155228
0.0188094
0.00694417
0.0151793
0.0070021
0
0.0169698
0
0.0224697
0.0739162
0
0.155757
0
0.0270119
0
0.0140113
0.0140286
0.166026
0.0257239
0.051438
0.0210182
0
0.0361043
0.386568
0.0275775
0.0620367
0.0327812
0
0.0110103
0
0.0329218
0.0197732
0.00694417
0
0.0154695
0
0.0334181
0.0142343
0.0102001
0.00757601
0.033615
0
0
0.394009
0
0.0828281
0.0171047
0
0.022825
0.0740956
0.0065564
0.113621
0.0213505
0.0121714
0.0476247
0.324269
0.0374158
0.0299494
0.0322013
0.0128811
0.0238434
0.0354517
0.0243789
0.0100675
0.0139234
0.0168424
0.0154695
0.00695033
0.00763738
0.0331439
0.0459521
0.0102001
0.00801029
0.0675542
0
0.0188113
0.287278
0.0148312
0.0761496
0.0440585
0
0.0606477
0.0949289
0.00653825
0.0795721
0.065538
0.0243094
0.0480573
0.605034
0.027781
0.076851
0.0563424
0.0196204
0.01205
0.0348863
0.040013
0.0104083
0.00742548
0.0519941
0.0395448
0.0341245
0.00692707
0.0324879
0.0632102
0.020774
0.0540575
0.0770925
0.0501752
0.0768029
0.0971699
0.0594667
0.0296173
0.0626304
0.0359726
0
0.0812771
0.112978
0.00653825
0.0617204
0.0864027
0.0123663
0.0477276
0.990011
0.0578324
0.030775
0.0570402
0.0402776
0.01205
0.0516135
0.0795197
0.0235818
0.0610734
0.0487278
0
0.0363816
0.0307095
0.0339153
0.0938645
0.010282
0.143826
0.0762232
0.033996
0.0370207
0.0752706
0.0393422
0.124338
0.229219
0.0354313
0
0.12789
0.0741606
0.032591
0.116952
0.0864933
0.0123088
0.0488169
0.563355
0.0288226
0.0937722
0.0405126
0.0398846
0.0218617
0.0789939
0.0546268
0.0407351
0.0833243
0.0284899
0.0167275
0.0242291
0.0290142
0.015444
0.0682807
0.0641701
0.0306453
0.199277
0.102074
0.0677414
0.0556074
0.271107
0.0577338
0.0865656
0.202433
0.0266731
0.0137002
0.0596576
0.0960458
0.0325538
0.133586
0.0853996
0.0359189
0.0630592
0.219009
0.0191565
0.124328
0.0568687
0.0333723
0.0223023
0.0615357
0.0328257
0.00812076
0.0729249
0.00667992
0.0341548
0.0252184
0.0354319
0.00788016
0.0869818
0.11056
0.0203633
0.184615
0.0591718
0.0699657
0.111519
0.528209
0.0745834
0.0570555
0.159789
0.00901881
0.0679403
0.0676625
0.173667
0.0203232
0.0978653
0.0536354
0.0851273
0.112805
0.0970904
0.0102041
0.123513
0.0153305
0.0137448
0.0338392
0.0456853
0.0323333
0.0155424
0.0505108
0.00690084
0
0.0167409
0.0491563
0.0145026
0.104481
0.0962247
0.0394572
0.162241
0.0591293
0.0701963
0.0947299
0.516245
0.0561917
0.028295
0.164626
0.0182111
0.0691559
0.0389705
0.170424
0.0412107
0.0976824
0.0637441
0.0993288
0.112397
0.0722844
0
0.0296461
0
0.0282034
0.0112391
0.0180027
0.0162021
0.0165647
0.0206177
0.0755077
0
0.0166319
0.0773371
0.0457043
0.0173048
0.0805962
0.00926198
0.108039
0.0515316
0.0168047
0.0396818
0.209064
0.0391907
0.109936
0.172371
0.00901881
0.134803
0.0558953
0.047618
0.0876755
0.0211087
0.0365677
0.0862595
0.0116218
0.0197248
0.0467579
0
0.00691927
0.0106663
0.0269703
0
0.0241466
0.009873
0.0920454
0
0.0328476
0.048737
0.0304017
0.0335965
0
0.0282076
0.0611246
0.087512
0
0.019332
0.0619446
0
0.072119
0.118246
0.027226
0.0981082
0.0183352
0.0341472
0.147561
0
0.0369523
0.0628155
0.029677
0.063635
0.00691927
0.0211528
0.0177408
0.00812076
0.0206045
0.034964
0.0235088
0.04245
0.00731425
0.0173048
0
0.0194085
0.0380968
0.0330459
0.0168412
0.0369995
0.270439
0
0.0589337
0.0277604
0.03471
0
0.0434949
0.0202218
0.174494
0
0.02361
0.0621366
0.00999557
0.0789035
0.0217256
0.0275339
0.00812076
0.0100853
0
0.00810759
0.015143
0.0676232
0.0141393
0.0101465
0.0289843
0.00818765
0.0503898
0.019332
0.330233
0.0188414
0.029706
0.021084
0.0171371
0
0.00746147
0.0182174
0.00641032
0.200297
0
0.02361
0.0990417
0.0103988
0.0643831
0.00780718
0.0217256
0.0456058
0.00812076
0.0100853
0
0.00810759
0.015143
0
0.0332915
0.028701
0.0101465
0.0436876
0.00818765
0.0178925
0
0.305341
0.0372336
0.0442437
0.0144318
0.0171371
0
0.0150061
0
0.00641032
0.182276
0
0.02361
0.123662
0.0103988
0.0759605
0.00776373
0.0065469
0.0226637
0.0369338
0
0.0100853
0.0158626
0.0168858
0
0
0.0159867
0.028701
0.0101465
0.021353
0
0.0514865
0
0.295066
0.0372336
0.037345
0.0219029
0.0171371
0.0150061
0
0.0130802
0.164916
0.02361
0.19724
0
0.108404
0.0065469
0.0226637
0.0271406
0.00771229
0
0.0100853
0
0.00810759
0
0.00759195
0.0659135
0.028701
0
0.0139704
0
0.0514865
0.0180596
0.268862
0.0372336
0.037345
0.00747107
0.0171371
0.0158079
0
0.00666989
0.183773
0.02361
0.210388
0
0.093438
0
0.0065469
0.0226637
0.0263228
0.00771229
0.00817038
0
0.032275
0.00810759
0.0155484
0.0490573
0.0432687
0
0.0221153
0
0.0335941
0
0.255532
0.0372336
0.037345
0.006441
0.0171371
0.0158079
0
0.00666989
0.185852
0.0117164
0.221775
0
0.0937203
0.0227189
0.0178144
0.00771229
0.00817038
0.00986128
0.0164124
0
0.00759195
0.0839713
0.0432687
0.00814486
0.0165255
0.0335941
0.0365648
0.0360662
0.0188414
0.0214896
0.012867
0.0171371
0
0.0147968
0
0.00666989
0.0642192
0.0239772
0.623936
0.0616404
0.00651045
0.0232948
0.00902018
0.00817038
0
0
0.00820117
0.00759195
0.0655697
0.029417
0.00814486
0.00827961
0.0155918
0.0365648
0.0119376
0.0561195
0.0360583
0.0133775
0.0274221
0.0078228
0.0185261
0.00666989
0.0445242
0.0239772
0.369558
0.0464055
0.0112943
0.00902018
0.0159954
0
0.00820117
0.00759195
0.0145617
0.00827961
0.0329201
0.0365648
0.0119376
0.0187612
0.0355775
0.006441
0.0131141
0
0.00666989
0.0366982
0.0373874
0.19504
0.00902018
0.00817038
0.0101465
0.00808288
0
0.0287298
0.006441
0.0127758
0.00860816
0.0128317
0.122532
0.00902018
0.00817038
0
0.0101465
0
0.0145909
0.006441
0.0127758
0.0128317
0.0854564
0.00902018
0.00817038
0
0
0.0101465
0.0138917
0.0127758
0.225823
0
0.00675917
0.0127758
0.296264
0
