0.129375
0.130589
0.190915
0.865853
0.933512
0.20522
1.00025
0.00247688
0.631671
1.00183
0.129898
0.0349115
0.29927
0.00531391
0.00511713
0.00535236
0.00511713
0.00767569
0.00522905
0.00515915
0.00533071
0.0186315
1
1
0.115108
0.286209
0.0163969
0.0158298
0.0165769
0.0158298
0.0206476
0.0151583
0.0160257
0.0165536
0.0195348
0.00270055
0.953854
0.952996
0.340709
0.0219515
0.022499
0.0217815
0.0228294
0.0217815
0.0469623
0.00290566
0.0272268
0.013385
0.00248543
0.0167964
0.0221386
0.0228421
0.00574823
0.954385
0.00266112
0.00817628
0.00272114
0.0194556
0.00280306
0.00285448
0.00272191
0.00277707
0.00388844
0.00277707
0.0093387
0.00272191
0.00285972
0.00801429
0.00262912
0.00280306
0.0113868
0.00816131
0.00272191
0.00253647
0.0464489
0.0393906
1.06146
0.00306241
0.00312959
0.00704664
0.0251264
0.0396733
0.0263479
0.0251264
0.0685266
0.00806649
0.00295771
0.0216068
0.00467008
0.00310149
0.0251264
0.00295771
0.425398
0.0221687
0.0665062
0.0221687
0.00310967
0.026356
0.00554572
0.0168233
0.188448
0.0429677
0.0082249
0.078832
0.00272748
0.145984
0.461949
0.207535
1.01807
1.03098
0.642722
0.0142179
0.0498286
0.0476066
0.132161
0.0921859
0.179582
0.0767841
0.959715
0.919855
0.461524
0.951202
1
0.381853
0.446556
0.643619
0.352702
0.524834
0.014938
1
0.377223
0.140417
0.570009
0.0398404
0.0347668
0.199202
0.0332003
0.0348157
0.0474291
0.94195
0.00549534
0.062404
0.00577643
0.00549379
0.00784606
0.00824068
0.0436297
0.00549379
0.00549379
0.00549379
0.00549379
0.0196505
0.00549379
0.0132437
0.0135528
0.0416027
0.00535165
0.450081
0.00510938
0.0180596
0.00549379
0.0138921
0.00549379
0.0197015
0.00576276
0.0255511
0.0427283
0.0138921
0.00749153
