0.0132228
0.146377
0.366658
0.0245787
0
0.135714
0.0264433
0.00805874
0.0325451
0.0119922
0.0104474
0.0240525
0.706097
0.028237
0.0653766
0.0588555
0.0825447
0.0239589
0.039326
0.100984
0.0134294
0.919429
0.028237
0.00961047
0.0495127
0.00870147
0.116705
0.013866
0.0825447
0.0360602
0.0534139
0.0106586
0.117632
0.0134294
0.900556
0.0690914
0.0190353
0.03327
0.00870147
0.134109
0.0640019
0.0360602
0.0534139
0.0210941
0.018357
0.0123444
0.117606
0.0251511
0.821304
0.0690914
0.0268153
0.03327
0.00870147
0.135326
0.0541475
0.0360602
0.0526051
0.021663
0.017414
0.0243567
0.0847968
0
0.782413
0.026827
0.0690914
0.0268153
0.00805874
0.00870147
0.119388
0.0365169
0.0121013
0.0389298
0.0690706
0.00675417
0.248639
0.026827
0.0690914
0.00709547
0.00805874
0
0.0258416
0.0442764
0.026827
0.0690914
0.00709547
0.00805874
0
0.14986
0.0339079
0.480891
0.0251088
0.00937467
0.814985
0.0166404
0.00839339
0.982277
0.00841868
0.00814894
0.876363
0.00841868
0.00814894
0.47773
0.00841868
0.00814894
0.0138982
0.00841868
0.00814894
0.0138982
0.00841868
0.00814894
0.0138982
0.00841868
0.00814894
0.0138982
0.00841868
0.0205157
0.0089694
0.423091
0.475732
0.167815
0
0.0135439
0.00708906
0
0.0229339
0.0136536
0.00844794
0.00897289
0.00771651
0.114444
0
0.00892248
0.014179
0.030487
0.0105793
0.0245609
0.00930981
0.0410239
0.0120564
0.00844794
0.036816
0.144718
0.274056
0.0414464
0.00892248
0.0292369
0.0076385
0
0.00765726
0.0105793
0.0245609
0.0300504
0.00930981
0.266329
0.0429205
0.0142011
0.00873227
0.0114016
0.148461
0.0682869
0.0127787
0.21303
0.193304
0.00892248
0.108272
0.00767552
0
0.010377
0.00765726
0.0105793
0.0116234
0.0402821
0.00930981
0
0.266329
0.0344725
0.0142011
0.00873227
0.0114016
0.136213
0.0252867
0.0127787
0.0083598
0.205865
0.108516
0.00892248
0.161367
0.00767552
0
0.010377
0.00765726
0.0116234
0.0402821
0.00983606
0.00930981
0
0.266329
0.0344725
0.0142011
0.00873227
0.0114016
0.00877638
0.136213
0.0414988
0.0127787
0.192699
0.0125075
0.0190228
0.159743
0
0.042073
0.00765726
0.0402821
0.0083936
0
0.00930981
0.22677
0.0176232
0.0142011
0.00873227
0.124839
0.0252867
0.00809928
0.178945
0.0125075
0.0286345
0
0.030279
0.0199227
0
0.0182525
0.133637
0.00827497
0.0177052
0.0108954
0.0633395
0.0357073
0.118167
0.027059
0.0286345
0.023362
0.0131258
0.00972168
0.020401
0.0129603
0
0.0133225
0.0286345
0.023362
0.0131258
0.00972168
0.0070825
0.00629943
