0.0134524
0.143034
0.302805
0.846102
1
0.204336
0.995945
0.00288264
0.0504774
0.00506762
0.00523327
0
0.00816469
0.732843
1
0.289256
0.00428748
0.00519122
0.00270678
0.00962563
0.00258101
0.00263948
0.00259361
0.00534569
0.00268483
0.0642213
0.880526
1
0.990103
0.00732372
0.0440654
0.00266895
0.0234896
0.0111056
0.00255574
0.125188
0.00269244
0.0258046
0.15713
0.00604093
0.00815167
0.00300763
0.00784573
0.026212
0.147329
0.0105208
0.981733
1
1
0.00261873
0.0024841
0.00605653
0.0398055
0.00282525
0.0109464
0.00267964
0.0310979
0.00313099
0.0676293
0.0191748
1
0.00865849
0.00626814
0.00519509
0.0391248
0.00769279
0.00790782
0.00255574
0.00261589
0.00553889
0.00333357
0.00785845
0.0299539
0.00506389
0
0.940637
0.00383711
0
0
0.00537239
0
0.00854642
0.00568548
0.0109658
0.00276848
0.0041008
0.00525436
0.00259717
0.00262084
0.0141843
0.00829532
0.00810954
0.0221169
1
0.0200591
0.0157983
0.0471475
0.0159673
0
0.00525436
0.00259717
0.00266895
0.0765944
0
0.00760677
0.0397225
0.145297
0.00794665
0.00243223
0.0024841
0.681841
0.0024841
0.0142189
0.0220454
0.0024841
0
0.0279878
0
0.0483979
0
0.00500428
0.0201395
0.0455402
0.0815392
0.0116958
0.0109604
0.0233917
0.00748909
0.00604362
0.00314208
0.0144179
0.0105149
0.0724443
0.00280475
0.0358008
0
0.15356
1
1
0.0766294
0.00441879
1.0069
0.00275194
0.00290792
1
0.00265072
0.013467
1
1.00577
0.880502
0.00435826
0.00267758
0.869393
0.00279248
0.988315
0.985715
0.54133
1
1
0
0.00732074
0.707877
1
1
0.0402547
0.00580555
0.00628224
0.00546677
0.00293833
0
0.0139905
0.00297143
0.876418
1
0.352521
0.00460829
0.0026121
0.00699707
0.00307871
0.00279189
0.00722524
0.00296486
0.00258538
0
0.0026713
0.00285687
0
0.00407949
0.00889869
0
0.00290787
0.0216124
0.00381373
0.00277305
0.0111683
0.00863019
0.00285687
0.0351659
0
0.00543654
0.00577299
0.00298644
0.0908511
0.0645638
0.983821
0.750685
0.988305
0
0.00838703
0.230751
0.00280129
0.00399313
0.00282555
0.00280129
0.0450982
0.00288365
0.127565
0.00262601
0.00299123
0.0466049
0.0139053
0.210396
0.0196331
0.00283334
0.00547089
1.01205
0.0046675
0.00759153
0.00553781
0.00285564
0
0.00285564
0.00862073
0.00267233
0.00378302
0.00288651
0.164621
0.00271319
0.00314617
0.0315027
0.00276055
0.002835
0
0.00264811
0.00743198
0.0195812
0.00843196
0.00295692
0.00252547
0.00269071
0.00291119
0.00945001
0.00266961
0
0.988625
0.0743991
0.0111121
0.0168077
0.00264811
0
0.00529141
0.00264913
0.0114725
0.00256821
0.00264811
0.00300197
0.00643287
0.00546814
0.00276019
0.00532504
0.0378418
0.0085647
0.00394252
0
0.0155307
0.00276055
0.0397237
0.00937487
0.0109518
0.0112427
0.0166728
0.0140032
0.0112427
1.01075
0.00976098
0.0305294
0.00532504
0.00418328
0.0406212
0.0412026
0.0563912
0.00837521
0.0101765
0.0412026
0.00252547
0.0442599
0.0169291
0.0295424
0.00531106
0.0104383
0.00275425
0
0.00247619
0
0.00518993
0.0366015
0.00544881
0.902542
0.0221007
0.00650299
0.00252547
0.0115144
0
0.0260119
0.00283155
0.0497063
0
0.00283155
0.0223302
0.0200732
0.0607845
0.00243752
0.00283155
0.0824837
0.00584647
0
0.00832559
0.104053
0.00836331
0.0161349
0.0109495
0.853064
0.0025183
0.00276584
0.0025183
0.00298711
