0.0500231
0.230304
0.0149431
0.0409852
0.0446235
0
0.0092215
0.017322
0.273488
0.0137896
0.0100376
0.0149431
0.0340046
0.0245387
0.00812727
0.0705232
0.00631797
0.0305791
0.0270212
0.0309387
0.0433297
0.0371742
0.00972142
0.017322
0.474975
0.0137896
0.0126609
0.0224111
0.0340046
0
0.0501757
0.00859695
0.0629667
0.0333217
0.0915623
0.0131555
0.00722288
0.0605363
0.0270212
0.0157002
0.0328517
0.0763448
0.00972142
0.702758
0.0137896
0.0247919
0.030061
0.0340046
0
0.0627794
0.00819966
0.0629667
0.0333217
0.414168
0
0.0536165
0.0119753
0
0.0286972
0.0328517
0.133481
0.00972142
0.379603
0.0137896
0.0373383
0.0296476
0.0443515
0.038194
0.0494854
0.0333217
0.414168
0.00733306
0.0608843
0.0761992
0.00678589
0.0220706
0.209137
0.00972142
0.27849
0.0137896
0.0374363
0.0455397
0.0340046
0.038194
0.0494854
0.00989744
0.0228833
0.505936
0.00733306
0.0155142
0.0243735
0.0656654
0.00678589
0.0169078
0.022222
0.232521
0.127309
0.0137896
0.0253052
0.0156438
0.0452066
0.0185159
0.038194
0.346426
0.0227601
0.0363168
0.0200892
0
0.0331283
0.0112454
0.114568
0.00881005
0.0173246
0.0753213
0.0253052
0.00798508
0.0340046
0.079601
0.00726781
0.0123982
0.0100092
0.0169078
0.00943239
0.00937167
0.0164478
0.0374789
0.0340046
0.00726781
0.00943239
0
0
0.00938631
0.00845881
0
0.0299194
0.309048
0.00938631
0.01934
0.136777
0.066755
0.0100797
0.0549387
0.175432
0.0193183
0.652696
0.00843383
0.0171002
0.0270466
0.0195997
0.122983
0.113524
0.0491033
0.0100797
0.121289
0.213703
0.0193183
0.967462
0.0335122
0.0109254
0.0171002
0.0270466
0.0195997
0.074886
0.192321
0.0072634
0.0645584
0.0317886
0.0100797
0.231001
0.222556
0.0193183
1.00503
0.0414539
0.0109254
0.0345676
0.00938631
0.0342739
0.206529
0.0072634
0.0801398
0.0317886
0.0100797
0.241718
0.198909
0.0193183
0.817655
0.0329516
0.0109254
0.0345676
0.00938631
0.013869
0.116037
0.0072634
0.0400292
0.0974854
0.175483
0.162457
0.0193183
0.25985
0.0489473
0.0109254
0.0171002
0
0.00894534
0.0070145
0.114145
0.0072634
0.00750152
0.0322283
0
0
0.0796014
0.0108953
0.109952
0.0845307
0.00927471
0.0526886
0.0568374
0.0109254
0
0
0
0.00894534
0.0070145
0.106925
0.0072634
0.00750152
0.0322283
0.00881684
0
0.00662883
0.0960647
0.0995792
0.0840181
0.00927471
0.0498908
0.0482785
0.0109254
0.0107924
0
0
0.00894534
0.0070145
0.106925
0.0072634
0.00750152
0.0400128
0.0176115
0
0.0806067
0
0.0666726
0.0840181
0.00890923
0.0282468
0.0498908
0.0403267
0.0230303
0
0
0.00781751
0.00894534
0.0070145
0.0995299
0.0072634
0.00750152
0.0400128
0.0359587
0.0812749
0.0666726
0.0836296
0.00890923
0.0282468
0.0498908
0.0238005
0.022099
0.00895284
0.0078646
0.0070145
0.0997433
0.0072634
0.0154492
0.0148225
0.0400128
0.00881684
0.195969
0.0658298
0.0357902
0.00890923
0.01866
0.119965
0.00780483
0.0109254
0.00996211
0.0181459
0.0078646
0.0070145
0.0913292
0.0072634
0.0238025
0.0148225
0.0558963
0.00881684
0.178863
0.0544744
0.0269376
0.00890923
0.01866
0.866713
0.00780483
0.0109254
0.00996211
0.0170071
0.0181459
0.0161505
0.0070145
0.0989036
0.0072634
0.0315642
0.0148225
0.0393883
0
0.014156
0.162882
0.0435211
0.0178541
0.00890923
0.00927471
1.01562
0.00780483
0.0109254
0
0.00996211
0.0170071
0.0180513
0.0150488
0.216615
0
0.0159164
0.0333067
0.0122102
0.00890923
0.00927471
0.417953
0
0.0127044
0
0
0
0.0552067
0.0233498
0.00827378
0.238636
0
0
0.0333889
0.153718
0.0177197
0.0102671
0.158728
0.0258126
0.0100476
0.00824627
0.011927
0
0.00837431
0.0850783
0.00747018
0.0239515
0.164769
0.0231932
0.0136645
0.0327023
0.120746
0.0179208
0
0.00907861
0.868508
0.017938
0.0377093
0.0350059
0.00824627
0.011927
0.0232104
0.0173284
0.0974535
0.023153
0.00797298
0.111361
0.134845
0.0482405
0.0639492
0.0788277
0
0.143723
0.0387901
0.0102696
0.00907861
0.976474
0.017938
0.073789
0.0843633
0.0344185
0.035096
0.0139667
0.0178442
0.0232104
0.0173284
0.00879793
0.0974535
0.0151469
0.0159037
0.195831
0.16129
0.130419
0.0221899
0.0331251
0.0105588
0.283072
0.0471403
0.00914127
1.00363
0.0987063
0.0246861
0.00947863
0.0979243
0.0202548
0.0261295
0.0178442
0.0232104
0.00879793
0.0974535
0.0151469
0.023992
0.118072
0.35553
0.106569
0.00912996
0.0429431
0.0500573
0.0213063
0.195942
0.00886338
0.0280183
0.76851
0.0170731
0.113566
0.0246861
0
0.00843539
0.0979243
0.0202548
0.0121628
0.0178442
0.0115938
0.0120408
0.0083872
0.00705521
0.0369829
0.0317484
0.0880272
0.0276865
0.487092
0.171894
0.0355156
0.0331768
0.0107475
0.301297
0.00886338
0.00914792
0.0372901
0.246842
0.0249229
0.186545
0.0390795
0
0.00843539
0.0632457
0.0202548
0.0121628
0.00946684
0.00852105
0.0156824
0.00705521
0.036827
0.0397536
0.0634004
0.0557489
0.480166
0
0.163492
0
0.0412155
0.0490747
0.0107475
0.216952
0.0102845
0.0279192
0.149898
0.0249229
0.214874
0.0261461
0.00843539
0.0540548
0.0202548
0.0121628
0.00852105
0.010187
0.00729522
0.00705521
0.0808931
0.0481758
0.0254427
0.0277669
0.235371
0
0.107083
0
0.0412148
0.0490747
0.0107475
0.129601
0.0102845
0.0279192
0.112692
0.0249229
0.214874
0.0128909
0.0109802
0.00843539
0.034258
0.0121628
0.00852105
0.010187
0.00705521
0.0312767
0.0081325
0.174848
0.0241481
0.0133257
0.0321132
0.0625511
0.0102845
0.0279192
0.0936036
0.0332464
0.212993
0.00843539
0.011818
0.0563057
0.00687419
0
0.010261
0.00923649
0.0200894
0
0.0139186
0.00734588
0.00757008
0.0574763
0.00687419
0
0.0219703
0.0200894
0.00813989
0.0139186
0.0121628
0.00647244
0.0574763
0.00687419
0.0117094
0
0.0289846
0.00813989
0.0139186
0.0121628
0.00647244
0.0574763
0.00687419
0.0117094
0
0.0289846
0.00813989
0.0139186
0.0121628
0.00647244
0.0574763
0.00687419
0.0117094
0
0.0289846
0.00813989
0.0139186
0.00647244
0.0574763
0.00687419
0.0117094
0.0468389
0.0139186
0.0249083
0.0383674
0.0570194
0.0468389
0.0101508
0.0101508
