0.392247
0.274592
0.123697
0.177183
0.900037
0.758692
1.03753
0.214003
0.00264987
0.00269117
0.00290994
0.179546
1
0.00261766
0.0101084
0.00513515
0.00272923
0.0135453
0.116134
1
0.986742
0.0056847
0.0141272
0.0849884
0.447404
1
0.00300555
0.0691836
0.0300129
0.127843
0.0280707
0.0029318
0.00807994
0.0111483
0.0320003
0.342542
0.0112209
0.0026636
0.00832979
0.00533477
0.0802338
1
0.0157231
0
0.00771668
0.00548517
0.00282474
0.00859799
0.062706
0.00537337
0.00847552
0.00271771
0.138339
0.00527076
0.0369952
0.385096
0.00291668
0.0292364
0.414386
0.982756
0.662418
1
0.0271927
0.0855193
0.434372
0.00286697
0.0110138
0.00341504
0.00274074
0.0195618
0.00345123
0.0213814
0.0247204
0.0112209
0
0.00541101
0.0685671
0.24534
0.0099223
0.00865982
0.0159208
0.0166191
0.276021
1.01244
0.550018
1.0131
0.0128934
0.0931414
0.033905
0.00596389
0.0215727
0.00303698
0.380642
0.00777862
0.0811744
0.97993
0.372317
0
0.00410743
0.033598
0.00353032
0.0152524
0.0306686
0.0107813
0.0025159
0.00738108
0.0052671
0.00270658
0.00527258
0.98084
1.00883
0.0156983
0.00784174
0.0168577
0.00261713
0.02725
0.0864039
0.00479045
0.0458994
0.788753
0.003767
0.49399
0.0036614
0
0.0228288
0.0112917
0.0602675
0.00461256
0.0397222
0.0357865
0.00660233
0.0054292
0.0146277
0.0693948
0
0.00873268
0.00498565
0.259296
0.0662578
0.0211813
0.00731344
0.00530503
0.0193402
0.0738712
0.0210029
0.0169659
0.0356708
0.0277207
0
0.00270978
0
0
0.0153548
0.00273575
0.00533607
0
0.00273621
0.0179995
0.01105
0.00979971
1.01012
0.00293331
0.00293249
0.00293111
0.00803516
0.00287127
0.0452737
0.0222583
0.00269199
0.0421951
0
0.0119804
0.00289223
0.00296777
0
0.00380437
0
0.0126286
1.03664
1.0126
0.0174051
0.0258832
0.00288955
0
0.00748537
0.00282879
0.0126194
0
0.00274661
0
0
0.0867241
0.339062
0.00275857
0.00288551
0.00253339
0.00275293
0.00293249
0.0119392
0.0140359
0.00420734
0.00265497
0.00305013
0.00329946
0.00260412
0.00319892
1
0.00856504
0.002962
0.0131137
0.00452158
0.0131591
0.00294101
0.0169303
0.0088004
0.0121508
0.439414
0
0.967432
0.00625891
0.00282022
0.00365274
0.0484085
0.0137852
0.0310207
0.00296777
0.00905629
0.0028472
0.00563015
0.00296777
0.00846007
0.00869998
0.0178066
0
0.0107294
0
1.00827
0.0107294
1.00831
0.00892732
0.00300349
0.00629276
0.00255913
0.00255913
0.0576601
0.00255913
0.00255913
0.331295
0.0180171
0.00255913
0.0133241
0.00255742
0.00396195
0.00255742
0.00594198
0.00255742
0.00255742
0.00255742
0.0136012
0.0294737
0.453789
0.979485
0.666166
0
0.00280851
0.0257408
0.0168662
0.0145387
0.00551455
0.00280851
0
0.0494041
0.020169
0.0107772
0.0138882
0.0253315
0.013446
1.00251
0.0204766
0.00247047
0.00505418
0.00247047
0.00243491
0
0.00261847
0.00368181
0.00947709
0.00247047
0.0216608
0
0.00247047
0.00266766
0.126599
0.00562221
0
0.0148557
0
0.00548486
0.00266766
0.0055867
0.00509966
0.032917
0.00258565
0.0112763
0.141778
0.0192548
1
1
0.002623
0.00256378
0.00261802
0.00272622
0.00684646
0
0.0117752
0.00418383
0.00274755
0.00279842
0.0986284
0.00433823
0.00530046
0.00241206
0.00293307
0.00274755
0.0135866
0.00261809
0.290673
0.00327321
0.377489
0.0057237
0.00837762
1
0.00560233
0.0749939
0.00583741
0
0.0390456
0
0.00350756
0.0188385
0.00857263
0.00525122
0.106237
0.967912
0.0129611
0.0751323
0.00399574
0.00548092
0
0.0031217
0
0
0.00998869
0
0.0025858
0.00256631
0.136515
1.00724
0.283826
0.011366
0.00276913
0.0113692
0.00265987
0.0152751
0.0106915
0.0312661
0.0301052
0.00270946
0.999597
0.00252659
0.00279337
0.00574532
0.0308997
0.0150618
0.0329272
0.0210543
0.00313806
0.0328768
0.00538254
0
0.0585727
0.0110746
0.00807892
0.00277752
0.00271819
0.0150618
0
0.0114049
0.0107463
0.0499337
0.00313313
1.00151
0.791167
0.981863
0.0103724
0.00270262
0.00275205
0.00258176
0.00260757
0.00252659
0.048582
0.0203157
0.00646293
0.00290667
0.119822
1.00014
0.0025103
0.00261373
1.16622e-05
0.00932747
0.00240825
0.00342313
3.7424e-05
0.00290667
0.00291796
0
0.144452
0
0.34524
0.00236081
0.00291796
0.0264468
0.00278258
0.00869368
0.0299492
0.458776
1.00254
0.00511823
0.765193
1
0.00385919
0.0154206
0.00293303
0.00295955
0.00365987
0.00293307
0
0.0129029
0.00296197
0.00308779
0.0220593
0.00291582
0.00535053
0.00252659
0.00390074
0.0405212
0.00836887
0.101609
0.561661
0.019591
0.0146624
0.00282781
0.00282983
0.00463117
0.0221817
0.00847789
0.0032297
0.00539152
0.0199686
0.291615
0.00288673
0.0156862
0.00910549
0.00799944
0.0124642
0.00562152
0.00549277
0.00286036
0.0731155
0.00390235
0.99869
0
0.00539152
0.596514
0.00274805
0.00252659
0.0123523
0.00397795
0.00505481
0.00451061
0.0532493
0.111126
0.00463153
0.00256493
0.00876196
0.00605662
0.00375513
0.00827428
0.00271611
0
0.00533681
0.160542
0.00256493
0.00292065
0.00924594
0.00962205
0.00275809
0.967095
0.282413
0.0028734
0.00293675
0
0.00307531
0.00281266
0.0102383
0.00300813
0.00270597
0.00252659
0.366375
0.00515794
0.0150568
0.00293136
0.0138733
0.00293675
0.00489458
0.00310025
0.00293675
1
0
0
0.00276849
0.00814469
0.00809232
0.002981
0
0.00817956
1.0158
1
0.00262453
0.0190083
0.00654489
0.00262453
0.00262453
0.0487905
0.0151133
0.380152
0.00265314
0.0311361
0.0053744
0.852222
0.0320853
0.0030364
0.00984201
0.0923807
0.237163
0.00268393
0.149303
0.00531751
0.00259198
0.00908487
0.130281
0.131594
0.221074
0.00275445
0.00260056
0.00258709
0.00286688
