0.00767457
0.0600486
0.294463
0
0.373965
0
0.373965
0
0.373965
0
0.373965
0
0.373965
0
0.388157
0.00636744
0.0710668
0.0261749
0.529128
0.00745921
0.0156727
0
0.00626856
0.0202182
0.184447
0.0170151
0.788089
0
0.00848526
0.0242055
0.00633962
0
0.0349829
0.0156727
0.010728
0
0.0176761
0.00626856
0.0131058
0.536706
0.00860662
0.546584
0.00884616
0.0141865
0.00848526
0.0121106
0.00633962
0.00712823
0
0.0695109
0
0.00645042
0.00918313
0.0156727
0
0.010728
0.0176761
0.0197537
0.598296
0.69308
0.00884616
0.00762842
0.00848526
0.0121106
0.0148128
0.00712823
0
0.207442
0.00804593
0.0174522
0.0156727
0
0.0877931
0.00813444
0.0137794
0.0197537
0.612108
0.0362236
0.696461
0.00786879
0.0221549
0.00848526
0.0112058
0
0.00633274
0.00732855
0.0148128
0
0
0.619297
0.00820247
0.00946018
0.00720662
0.0344366
0.0332789
0
0.011768
0.0112038
0
0.138983
0.00755129
0.0131058
0.306274
0.0272397
0.0119992
0.0104519
0.620547
0.00773478
0.0288962
0.0112058
0.0136086
0.00732855
0.0341494
0.0154723
0
0.00836455
0
0.789251
0.00785009
0.020218
0.0352649
0.0360621
0
0.0119087
0.0112038
0.258953
0.0127165
0.0206736
0.0062726
0.215791
0.0263172
0.0119992
0.0104519
0.243279
0.00800871
0.0139856
0.0112058
0
0.0142552
0.00732855
0.0341494
0.0171125
0
0.00836455
0
0.831104
0
0.0135537
0.0352649
0.0336026
0.0719449
0.141235
0.00812561
0.0127165
0.0272384
0
0.0104433
0.242463
0.016812
0.0656183
0.135676
0.00903452
0.00665533
0.00764366
0.0223859
0.0203778
0.00865543
0.0168475
0.0171125
0
0.0154232
0.0343201
0
0.865711
0.00782839
0.0272997
0.0268784
0.0159963
0.0248773
0.264638
0.0254007
0.0127165
0.0202668
0
0.0213998
0.227289
0.00869142
0.0104519
0.0743709
0.00903452
0.00674427
0.00764366
0.011436
0.0206339
0.00865543
0.0791692
0
0.0343201
0
0.924912
0.00905709
0.0145729
0.0268784
0.0159963
0.048703
0
0.282721
0.0168636
0.0255969
0.0199598
0.00681641
0.141652
0.0114058
0.051774
0.00903452
0.00853052
0.0350997
0.00637867
0.0780245
0.0146295
0
0.00829076
0.0184913
0.786471
0.0152852
0.0176953
0
0.034271
0.0118342
0
0.139954
0.052959
0.00666802
0.00746994
0.0225887
0.0979957
0.0114058
0.0117367
0.0373216
0.0257456
0.00903452
0.0115531
0.00637867
0.0776835
0.00673672
0
0.0164608
0.457441
0.0226785
0.00857487
0.00763108
0.0160047
0.0262268
0.0273221
0.0134828
0.0257456
0.00903452
0.0776835
0.00673672
0
0.0164608
0.0629588
0.0365718
0.0287358
0.0179049
0.00628687
0.0570419
0.0465977
0.00673672
0.168386
0.0428787
0.072514
0.0862402
0.00628687
0.0115885
0.246024
0.0672303
0.0312339
0.00756059
0.233035
0.0114768
0.128058
0.00904975
0.0517983
0.0364416
0.0328763
0.0115885
0.304354
0.102578
0.00819516
0.0312339
0.00756059
0.19181
0.0114768
0.128058
0.00904975
0.0517983
0.0364416
0.0328763
0.0115885
0.376678
0.102578
0.00819516
0.0312339
0.184763
0.0114768
0.128058
0.00904975
0.0517983
0.0242145
0
0.0328763
0.00887005
0.0115885
0.391472
0.395803
0.00819516
0.0312339
0.184763
0.0114768
0.0875003
0.00904975
0.0517983
0.0242145
0
0.0328763
0.00887005
0.0115885
0.391472
0.72706
0.00819516
0.107098
0.0114768
0.0448489
0.00904975
0.0517983
0.0116592
0.0328763
0.0179782
0.0747291
1.00334
0.0161625
0.0279522
0
0.091021
0.652759
0.0151855
0
0.0214209
0.547638
0
0.0214209
0.547638
0.014681
0
0.547638
0.014681
0
0.0139541
0.622662
0.00630628
0.00794543
0
0.00746773
0.0361691
0.014681
0.0133338
0
0.0272708
0.00767414
0.00695417
0.0440335
0.0296038
0.0240303
0.969317
0.0151801
0.00630628
0
0.0207552
0.0128962
0
0.0240043
0.0244206
0.0138531
0.00779243
0.0424506
0.0871087
0.00965625
0
0.0348053
0.0104445
0.0312063
0.0168433
0.0421966
0.0137288
0.0193431
0.0798987
0.0768938
0.0243968
0.968389
0.0218959
0
0.00630628
0.0106364
0.0325728
0.0128962
0.0162929
0
0.0479711
0.0068516
0.0154358
0.187891
0.0354441
0.00741659
0.00792397
0.2193
0.0722934
0
0.100288
0.0231729
0.0117527
0.0570846
0
0
0.014582
0.0125351
0.214721
0.0889398
0.0173159
0.0379873
1.00326
0.0308373
0.0179409
0.013893
0.0106364
0.0108257
0.025446
0.00769599
0.0156739
0.0327478
0.0141328
0.0154358
0.187891
0.0358043
0.0147995
0.00792397
0.228939
0.0582027
0.00953141
0.0165235
0.239541
0.0121638
0.0218766
0.0990455
0.0166177
0.0283987
0.00753386
0.0129479
0.43015
0.0864078
0.0174809
0.0389051
0.897362
0.0246987
0.00884421
0.0206748
0.00816061
0.0214907
0.025446
0.0077521
0.0152977
0.0327478
0.0151405
0.00790775
0.187192
0.0469454
0.00716632
0.0087789
0.260094
0.0787657
0.0291948
0.0165235
0.578059
0.0121638
0.022308
0.124545
0.0325985
0.0575881
0.0141043
0.0134781
0.681057
0.0593734
0.0254129
0.050853
0.99403
0.00793685
0.0257199
0.0076709
0.00816061
0.0423185
0.0104949
0.0266127
0.0153684
0.0306638
0.0329192
0.00770698
0
0.0347555
0.0349282
0.00766735
0.0333441
0.249067
0.057268
0.0367537
0.101447
0.85927
0.022308
0.158441
0.0156547
0.058051
0.014096
0.0141175
0.583709
0.104731
0.0426408
0.0495713
0.948087
0
0.0170471
0.0258793
0.016106
0.0302022
0.0107309
0.00679391
0.00757546
0.0156581
0.0325981
0
0.00718209
0.0175396
0
0.00766735
0.00767447
0.280568
0.0656067
0.0269439
0.0337431
0.996413
0
0.0223247
0.0911094
0.0156547
0.0987097
0.0140281
0
0.36475
0.0585107
0.0521913
0.0506503
0.685775
0.00719942
0.00908914
0.00696632
0.0163814
0.0302022
0.0117906
0.00707374
0
0.0161204
0.0226088
0.0153008
0.0128363
0.0147652
0.0713663
0.0442994
0.0255657
0.016753
0.978078
0
0.023023
0.0668553
0.083566
0.0140281
0.00620653
0.195205
0.0565428
0.034774
0.0135977
0.39125
0.0173099
0
0.0142284
0.0334802
0.0100427
0.00743185
0.0164979
0.00768605
0.0112224
0.00709784
0.102231
0.050514
0.0347137
0
0.978222
0.0340376
0.0583368
0
0.0550138
0.00710055
0.00628385
0.206495
0.0873884
0.0185324
0.0248
0.22511
0.0173099
0
0.00726209
0.0255348
0.00951968
0.0070954
0
0.0252779
0.00677421
0.0606922
0.0576177
0.0440497
0
0.995698
0.0122557
0.0110147
0.050143
0
0.0550464
0.0141593
0.0075336
0.161633
0.0716198
0.00912144
0.0225443
0.202698
0.00840141
0.0251241
0
0.00726209
0.0342071
0.0100685
0.00803416
0
0.0252779
0.00677421
0.021775
0.018582
0
0.970256
0.0107618
0.0110147
0.0164747
0
0.00869237
0.0284313
0.0141593
0.0075336
0.0449433
0.0716198
0.00919035
0.0113419
0.179722
0.00840141
0.0262416
0.00867234
0.0123443
0.0130592
0.009644
0.637104
0.00160168
0
0.0142517
0.0420558
0.0217036
0.0133828
0.0251953
0.102595
0.0220288
0.0262416
0
0.013162
0.0161562
0.0787936
0.00160168
0
0.00751616
0.00632002
0.0232233
0.0263606
0.0220755
0.0262416
0.0108019
0.0136491
