0.300687
0.210496
0.198794
0.324675
0.958646
1
0.984333
0.00911125
0.0243343
0.295135
0.00500913
0.00258929
0
0
0.0218164
0.00256247
0
0.00825414
0
0.00521262
0.00317421
0
0.00276501
0.00353749
0
0
0.00253937
0.00207793
0.011192
0.116312
0.0340191
1.04872
0
0
0
0.00288503
0.0026298
0.0150824
0.00264175
0
0.00249924
0.00247587
0.00265764
0.00854398
0.00326967
0.00249924
0.00505827
0.00249924
0.0054155
0.0070278
0.0109407
0.0190728
0.00262032
0.00554767
0.0194604
0
0.00253937
0.00274517
0.00539658
0
0.00580203
0.00579131
0
0
0
0
0.0193126
0.0167561
0.0664477
0.201194
0.144697
1.01216
0.982698
0
1
0.0054484
0.0272036
0.00307429
0.00290668
0
0
0
0.00255432
0.00261665
0.00246846
0.018833
0.0029075
0.0082813
0.00290606
0.00331349
0.00287087
0.00254863
0
0.00272122
0.00254034
0
0.00264438
0
0.00253937
0
0.0053962
0.0054727
0.00292914
0.00253852
0.0137288
0.00580213
0.0054727
0.002977
0.00577123
0.00649611
0.00358875
0.00285987
0.00280384
0
0.00263035
0.00280384
0
0
0.0103526
0.0163188
0
0.00276767
0.00281672
0
0.00280384
0
0.00254863
0.00365719
0.00253973
0.0026532
0.00792581
0.005301
0.0144567
0.00273714
0.0147349
0.00255066
0.00247624
0.0365181
0.0233848
0.0453671
0.270537
0.989566
0.81539
0.925499
0.0132754
0.999487
0
0.00260093
0
0.0206027
0.0973323
0.0112095
0.00272892
0.00260143
0.00261176
0
0.0269198
0.0053256
0.00536566
0.0292528
0.00824577
0.0133241
0.00306425
0.00368153
0.00271226
0.00503284
0.0107036
0
0.0054095
0.00253937
0.0277296
0.00283703
0.00468769
0.00263714
0.00251803
0.00529905
0.00254034
0.00253937
0.00501248
0.014759
0
0.00305689
0.00271124
0.00278334
0.00504273
0.00284102
0
0.00271149
0.00832204
0
0.0270812
0.00304556
0
0.00300251
0.00525755
0
0.0112321
0.00487324
0.0528033
0.0413852
0.00527411
0
0
0
0.00587156
0
0.0056044
0.0377682
0.0310836
0.00603638
0.0194032
0
0
0.00481498
0
0
0.00268192
0.00346372
0
0.00702258
0.00262789
0.00505294
0
0.0101676
0.00269576
0
0.0026007
0.0105963
0.00269018
0.0126199
0.0171938
0.0138653
0.0175029
0.0134521
0
0.0026007
0.00833533
0.00278603
0.0898962
0.0279183
0.0201367
0.181617
0.253376
0.0332998
0.0889114
1.00445
0
0.0025871
0.00536498
0.0112506
0
0.00283538
0.00828396
0.00292777
0
0.00298273
0.00544522
0.00303429
0.00283535
0
0.00561888
0
0.0214926
0
0.00280657
0.0052122
0
0.00260677
0.00261176
0.00524544
0.00326435
0.00572829
0.00501495
0.00555114
0.00261176
0.0052922
0
0.00332158
0
0.005878
0.00264223
0.00285993
0.00265565
0.0027943
0.00300251
0.00254863
0.002821
0.00261482
0.00613405
0.0085185
0.00781462
0.00300251
0.00796264
0.0378873
0.00291741
0.0195593
0.0149421
0
0.00815992
0
0
0.00252217
0
0
0.320014
0.00299026
0
0.0254644
0.0113251
0.00285186
0.00297003
0.00502456
0.00273306
0.00545086
0
0.0567093
0.0161832
0.00304813
0.00298841
0.00251228
0
0
0.00543469
0.0110535
0.00549556
0.00855635
0.0143693
0.0107572
0.00282075
0.00236985
0.0029286
0
0
0.024857
0.0245602
0.0257387
0.269496
0.213254
1.0013
0.00246865
0.00563848
0.00290277
0.0232664
0.0217601
0.0512581
0.00840114
0.00515789
0.00802909
0
0.00274589
0
0.00582643
0.00851626
0.00430129
0
0.11628
0.0238247
0.0052275
0.0081674
0
0
0.00736305
0
0.00243435
0.00759377
0
0.00246421
0.00271274
0
0.0049087
0
0.00721794
0.00247241
0
0.0053544
0
0
0.00254034
0
0.00272732
0.00424354
0.129558
0.0397512
0.0424653
0.476212
0.0342726
0.00526938
0.00255809
0.00541096
0
0
0
0.00598531
0.0152723
0.0111751
0
0.0107272
0.0580073
0.019053
0.0332367
0.00251811
0
0.00780361
0.00308061
0.010799
0
0.0137288
0.00781698
0.00910467
0.0055917
0.00297003
0
0.00513073
0.00254047
0.00352763
0.0165426
0.0147994
0.0933483
0.0167851
0.00907861
0
0.00246934
0
0.00800995
0.0114022
0.0166304
0.0589347
0.00820002
0.0203849
0
0.00817859
0.00273433
0.00280384
0.0025226
0.041287
0.0207776
0.0126931
0.160393
0.0114439
0.00855989
0.013538
0.0129039
0.00244756
0.00298841
0.00280384
0.00537142
0.00524331
0.00839635
0.0222228
0.0222999
0.0476721
0.169598
0.137654
0.984499
0.904663
0.771501
0.999436
0.00797382
0.00543668
0.00263092
0.00532117
0.00253875
0.00769267
0.0437827
0.0107972
0.035025
0.0139211
0.239046
0.0052619
0.00809931
0.00555924
0.00255781
0.00524322
0.00543515
0.00269013
0
0.00400856
0.0256905
0.0146321
0.00543515
0.0139381
0
0
0.0503847
0.00281724
0.0107382
0.00253354
0.0144021
0.115347
0.0747496
0.00381009
0.00284077
0.0169802
0.0135959
0.00531659
0.0111726
0.00263443
0.00795881
0.00249924
0.00807962
0.00343332
0.127876
0.0273608
0.0717482
0.996505
0.551312
0.0355121
0.0369784
0.0161377
0.00817614
0.00256563
0.0027051
0.0108103
0.00509921
0.0058603
0.00662052
0
0.0109163
0.00271653
0.159739
0.0111726
0.0221354
0.00296342
0.00855345
0
0.039801
0.00517088
0.00574361
0.0348673
0.0079529
0
0.0108189
0.00239717
0.00296313
0.0027954
0.00391128
0.00894642
0.0275626
0.0106265
0.20112
0.0249877
0.00275544
0.079598
0.010831
0.00239411
0.00255809
0.0125172
0.00810675
0.00265557
0.0341838
0.0604624
0.0161815
0.00274743
0
0.00250017
0.039768
0.00263822
0.00860377
0.0443061
0.0553133
0.00294731
0.00823688
0.203358
0.00844966
0.00883904
0.00514547
0.00952032
0.00530095
0.00482075
0
0.00569626
0.00287119
0.0137968
0.0204179
0.010789
0.00802252
0.0201342
0.0805325
0.0209945
1
0.561146
0.442034
0.919494
0.00252051
0.0135967
0.00860489
0.00265284
0.0188854
0.0198083
0.0155216
0.0107505
0.0180391
0.00249971
0.0108077
0.00806619
0.00836619
0.0029731
0.00783937
0.00284481
0.00585146
0.00743184
0.0141956
0.0208788
0.00256508
0.0069107
0.00300472
0.0110822
0.0132036
0.00308344
0.00942649
0.00813747
0.0028668
0.011976
0
0.0162079
0.00330558
0.0027722
0.00297345
0.046633
0.00272376
0.0126908
0.00871723
0.00280386
0.00278334
0.00253428
0
0.0507947
0.0170134
0.0497827
0.883243
0.10637
0.0280978
0.0166797
0
0.00823445
0
0.0303543
0.00569223
0.161909
0
0.0356266
0
0.00550896
0.00258054
0.0608998
0.00304743
0.0421143
0
0.00572914
0.0110901
0
0.00521873
0
0.0114001
0.0233893
0.0448123
0.00395132
0.0710757
0.0142311
0.00581987
0.0107961
0.00582878
0.0141651
0.0439356
0
0.0232164
0.0098783
0.0107375
0.00769674
0.0137951
0.0122335
0.00858443
0.0297762
0.0542804
0.0113193
0.00687442
0.191248
0.00286588
0.00772671
0.00544163
0
0.00816979
0.029939
0.00275128
0.00294522
0.0389524
0.00873011
0.0195377
0.0141082
0.118818
0.120375
1
0.290417
0.00272092
0.00289117
0.00592049
0.00253354
0
0
0.00907308
0
0
0
0.00302668
0.00586773
0.0056821
0.0026251
0.00864395
0.00269033
0
0.0132381
0
0
0
0.00253701
0.0057
0.00400447
0.00569219
0.00266646
0.0639185
0.00573514
0.0080471
0.00288717
0.00562829
0.0326279
0.00266646
0.00587369
0.00279299
0.00270452
0.00544391
0.00288717
0.00295181
0.00566813
0.0125068
0.0283156
0.0118918
0.00894613
0.531586
0.0813078
0.00742833
0.00272015
0.0028159
0.0107238
0.00268846
0.0274266
0
0.00583943
0.0732799
0.00571022
0.00272015
0
0.0607647
0.0107835
0
0.0160668
0.0479058
0
0.00288852
0.00803311
0.00536018
0
0
0
0.0203533
0.0280535
0.00715163
0.099561
0.00599984
0.00244288
0.0490525
0.0081831
0.00516192
0.00291128
0.00379546
0.0112925
0.0417487
0.0338985
0.00833954
0.00288042
0.0027051
0.0166971
0.0420503
0.0200454
0.00329099
0.0382084
0.00286188
0.00548531
0.00554689
0.00558669
0.00555427
0.0027051
0.0224918
0.00597621
0.0890876
0.0208394
0.486351
0
0
0.00833966
0
0.0114131
0
0.00601245
0
0
0.00266646
0.00310802
0.00757313
0.0116086
0.00993292
0
0
0
0
0
0
0
0.0059716
0.0028668
0
0.00263618
0.00740456
0
0.00580252
0.00587756
0.228743
0.0759888
0.0123723
0.005223
0
0.00269934
0
0.00584524
0
0.010143
0.0119033
0.00264718
0
0.0582659
0.00264878
0.00273211
0.00561094
0
0
0
0.00294943
0.00286958
0.00412454
0
0.00272896
0.00288042
0.00622587
0.00836793
0.0138337
0.0406234
0.0142893
0
0.00929271
0.00593157
0
0.036361
0.00298105
0
0.0106928
0.00289182
0.0116571
0
0.0381858
0.0194992
0.00566899
0
0.00583433
0.032574
0.00523263
0.0045908
0
0.00277853
0
0.00596689
0.00275325
0.00309026
0.0027051
0.00583433
0.00304953
0.022668
0.00306355
0.00557781
0.0307161
0.0212211
0.204432
0.00571923
0.0053033
0.0027722
0
0.00389896
0.00841339
0
0.00866464
0
0
0.011433
0.0221298
0.00296437
0.023222
0.00303333
0
0
0.0028955
0.00261756
0
0
0.00274452
0
0.00276518
0
0.0138122
0
0
0
0
0.00427424
0.00267615
0.00269603
0.103735
1.01595
1.0247
0.0508703
0.00563684
0
0
0
0.0126199
0.00599242
0
0.0586379
0.00281426
0.00576026
0
0.00261958
0.00304851
0
0.0122104
0
0.020068
0.00943551
0
0.00535865
0.00575617
0.0058117
0.00297608
0.00298609
0
0.0117869
0.0255945
0
0.0328216
0.024064
0.0196136
0.00283065
0
0
0.0027722
0.0103494
0.0171849
0.00622775
0.0161682
0.0110398
0.00301124
0.00716181
0.00256508
0
0.00266647
0.022894
0.00300655
0.00462007
0.00276312
0.0112131
0
0
0.00280167
0.00256508
0.00266647
0.00269999
0.00499963
0.00886995
0
0.844807
1
0.00290968
0
0.00283304
0.0251039
0.00356138
0.00280025
0.002916
0.00302118
0.0057419
0
0
0.00298229
0
0.00792623
0.00558739
0.00313698
0.0081751
0.0124246
0
0.00458887
0.00248965
0
0.00292908
0.00792956
0.00542938
0
0.00296548
0
0.00296328
0
0.0025662
0.00389628
0.0027667
0.00276302
1.0131
0.0659171
0.904604
0
0.00881133
0
0.00248965
0.0575698
0.00856945
0.120991
0
0
0
0
0.0998543
0.0465962
0
0
0
0.00303133
0.00324737
0.0237749
0.0424254
0.0153312
0
0.00260955
0.00247048
0.00773851
0.00874525
0.0122121
0
0.0167255
0.00587066
0.00293905
0.0125647
0.00290629
0
0.068051
0
0.00610522
0.00598316
0.00323826
0.00290629
0.00880755
0.00264104
0
0.00932135
0.0029367
0.0030591
0.0353222
0.0717754
0
0
0.00884183
0
0.00287059
0.0027346
0.00795286
0
0
0
0.00296328
0.00281984
0
0
0
0
0.0034858
0.0198406
0.925474
0.284144
0.355481
0.00540686
0.0176818
0
0.0031328
0
0.0686964
0.0028668
0.164302
0
0.00615189
0.0200965
0
0
0.0029861
0.00308806
0.00894315
0.00392819
0.0398914
0.00312126
0.00790264
0
0
0
0.177986
0.00837804
0
0.0058685
0.034456
0.00864153
0
0.00293591
0.00404673
0.00485214
0.0070137
0
0.27947
0.0146878
0.0447502
0.00510321
0.00593848
0.00262269
0
0
0.00292811
0
0
0.00296328
0
0.0146864
0.0150844
0.0127498
0.0114159
0.0458616
0.485977
0.102603
0
0.00296328
0.0339905
0
0.00302109
0.0374164
0.00296328
0.00286777
0
0
0
0
0.00286035
0.00250477
0.00387811
0.00621018
0.0179261
0.00312322
0
0.0339379
0
0
0
0.0179261
1.0089
0.00417972
0
0.00544938
0
0.0147776
0.00277623
0.00769071
0.00264994
0.0438738
0.0222745
0.0107646
0.043091
1.54117
0.0503722
0.00277878
0.00297617
0.0105946
0.00282822
0.00947291
0
0.00572345
0.0116979
0
0.00283642
0.0027051
0.00310837
0.0141469
0.00572345
0.0149384
0
0.0128043
0.0148932
1.00375
1
0
0
0.00296994
0.00284949
0.0136878
0.0393088
0.0254389
0
0.00303927
0.00279732
0.00347798
0.00554699
0.00278785
0
0
0.00295553
0.00369309
0.0125098
0.00291895
0
0.00295553
0
0.0240642
0.00796078
0
0
0.00286491
0.0035706
0.00539213
0.00296994
0.00297494
0.0222913
0.00301049
0.00297494
0.0031013
0
0.00290858
0
0.157221
0
0.00307187
0
0.445632
0
0.00279382
0.00543332
0.00729217
0.00592964
0.0119151
0.00888234
0.00290571
0.00738947
0.00309049
0
0
0.0111457
0.00303677
0.00268006
0.00284949
0
0.00295655
0.0029858
0.00371522
0.852635
0
0.00246844
0.00578147
0
0.00732704
0
0.00283756
0
0
0
0.00308081
0.00362766
0.0388166
0
0.00887637
0
0
0
0
0
0.00284931
0
0.00268365
0
0.00268375
0.519607
0
0
0.0029922
0.029214
1.00086
0.0644939
0.00277028
0.00265185
0.00343467
0.00311234
0.00248021
0.00267223
0.00265815
0.00740531
0
0.0316359
0.00474011
0.0193597
0.00574533
0.00884342
0.00285408
0.00297494
0.00556296
0.011582
0.0127379
0.0168134
0.00254053
0.0518402
0.00330241
0.00563363
0.0162856
0.967966
0.0137212
1.0089
0.0108918
0.0164289
0
0
0.00577313
0.00276765
0.00618402
0.00251318
0.00804867
0.00284949
0.00285998
0.0581037
0.00284949
0
0.00281617
0.00285998
0
0.389491
0.0183688
0.0639124
0
0
0
0.00273671
0.00311564
0
0
0.00620448
0.00482362
0.00670723
0
0.00289417
0.00275899
0
0.00286881
0.00289537
0.0031661
0
0.00285998
0.00282614
0.00295761
0.00273671
0.00306719
0.0126917
0
0.128199
0
0
0
0
0.00434126
0
0.0842252
0
0
0
0.00292533
0
0
0
0.0110227
0.00277825
0.00297527
0.002958
0.00876775
0.0240312
0
0.0123696
0
0.00861128
0.0420409
0.00299824
0.707403
0
0
0
0.00291179
0
0
0.00573645
0
0
0
0.00277845
0.00281146
0.00281146
0.0102622
0.00603502
0.00310624
0.0084541
0
0
0.00287128
0.00976069
0
0.00602181
0.002958
0.00571527
0.00284122
0.0146841
0.0029487
0.0143735
0.002958
0.00709522
0.002958
0
0.011964
0.0151684
0.0168799
0.0323177
0.448013
0
0
0.01479
0.967017
0.697089
0.00318401
0.00296577
0.00284254
0
0.00454447
0
0.00403739
0
0
0
0.00250555
0
0.00283355
0.00286363
0.00286363
0
0
0
0.0206464
0.00369399
0.00286363
0.00286363
0
0
0.0171973
0.0031067
0.00278093
0
0.0030568
0.00848928
0.0113214
0.0209013
0
0
0.00683462
0.0287039
0.00281654
0.0150317
0
0.0031493
0.0105305
0.0308295
0.00280268
0
0
0.00272477
0
0.00512563
0.00407682
0.0473926
0
0.0205081
0.00281924
0
0
0.0126374
0.00833534
0.00854054
0.0271665
0.00254929
0.0238381
0.0263484
0.0362428
0.0384337
0.0841038
0
0.00649287
0.00807461
1.02547
0.00564574
0.0165385
0.0171991
0.00256052
0.00578108
0
0.0029766
0
0.00541394
0.00564892
0.00838858
0.00337631
0
0.008068
0.00555996
0.00300899
0.00296397
0.00283793
0.00260741
0.00558804
0
0.0027516
0
0.0195556
0
0
0.00525715
0.0168708
0
0.0027312
0
0.0087337
0.00271906
0.007909
0
0
0
0.0292802
0.0190302
0.0110766
0.00583726
0.00300081
0.0227344
0
0.00256344
0
0
0.00271767
0.0124036
0.00281625
0.00279659
0.122581
0
0.00544748
0.00593678
0.0115199
0.0310673
0.00307645
0.00284169
0.0123212
0.00510063
0
0.00609645
0.00282487
0.00568934
0
0.0611433
0.0124934
0.00603154
0.00550151
0.00281727
0.0114598
0.0026986
0.0265224
0.0106741
0.0293678
0.0226331
0.00391154
0.0519824
0.00549031
0.00238511
0.00292533
0
0.0113924
0
0.0309033
0.0191041
0.121585
0.0524694
0.266422
0.999163
0.00605553
0.00591047
0.01047
0.00506733
1.01835
0.0448185
1
0.0051403
0.00264238
0.00739956
0.0203268
0.002977
0.00590929
0.00823339
0.00593925
0.00260822
0.0169987
0.00851295
0.00239738
0.0104574
0.0113891
0.0172973
0.00694734
0.164731
0.073963
0
0.0207833
0.0230864
0.00863277
0.0025794
0.0057618
0.0029952
0
0.00579041
0.00301828
0.0078478
0
0
0.0179712
0.00305386
0
0.00543465
0
0.00589561
0.0057053
0.0280833
0.0026808
0.00841399
0
0
0.00584267
0.00265431
0.00575308
0.00262261
0.00510815
0.00299382
0.0132729
0.00536617
0.03422
0.00551842
0.00753794
0.0112072
0.00309729
0.0869057
0
0.00842553
0.00257657
0.00292821
0
0.00565865
0.0151072
0
0
0.0089609
0.00284169
0.00552095
0.00512255
0.00286363
0.00557889
0.0131638
0.0348004
0.00309455
0.011785
0.0372208
0.00886827
0.00256344
0
0.00856205
0.00248279
0.00861809
0.00567871
0.0199322
0.0148411
0.0475424
0.0056725
0.00282391
0.00818888
0.00250788
0.00839175
0
0.0217782
0.016249
0.00856574
0.0147059
0.0149468
0.0815453
0.00286777
0.00520238
0.00250788
0.0085449
0.0102387
0.056333
0.00544254
0.00864887
0.0361647
0.0195695
0.0543004
0.0469317
0.995995
0.407454
1.02569
0.00267717
0.00553128
0.0749384
0.0078598
0.966152
0.0360115
0.962962
0
0.00272042
0.00838125
0.018966
0.00653895
0.00840907
0
0.00273218
0
0.00305269
0.00251539
0.00557791
0.00285113
0
0.00805488
0.00516742
0.00273197
0.00788095
0.0495288
0.00292158
0.00581061
0.0142865
0.00285998
0.00266702
0.00273179
0.00533679
0.00846451
0.00636954
0.0059
0.00279586
0.0026808
0.00797604
0
0.00265469
0.0051409
0.337541
0
0.00813743
0
0
0.00283827
0.00545803
0.00250555
0.00518078
0.00274965
0.17162
0.00261535
0.00304906
0.0057652
0.0106884
0.00571648
0.00286363
0
0.00877561
0.00418669
0.00671166
0.00310497
0.016672
0.00814792
0.0383577
0.00284877
0.0176006
0.00809485
0.0029311
0.00311563
0.00402959
0.0057078
0.00814077
0
0.00604675
0.00306765
0.00248793
0
0
0.00246757
0
0
0.044263
0.041015
0.00297867
0.00855794
0
0.0163395
0.00769674
0.00534002
0.00246757
0
0.00835828
0.0104384
0
0.0140208
0
0.0296818
0.0331604
0.00288376
0.0503804
0.00693732
0.00534079
0.0139765
0.026865
0.0725343
0.019559
0.0171291
0.0568921
0.0912604
0.00268062
0.00238774
0.0111664
0
0.015033
0.00797904
0.0375738
0.0453048
0.361978
0.0655835
1.02524
0.00285479
0.00285618
0.0287959
0.0242332
0.977187
0.128399
0.990262
0.010679
0.00536351
0.0342038
0.0384717
0.00557458
0.0110354
0.0476734
0.00285998
0.00536305
0
0.00543656
0.0110746
0.00269691
0.0105779
0.00642835
0.00572234
0.0132085
0.0283118
0.00803083
0.0114828
0.0119979
0.00274978
0
0.00564043
0.00815368
0.00863489
0.00511715
0.00255585
0
0
0.00291513
0.007884
0.00279017
0.00839786
0.0107
0.201722
0.0140151
0
0.0114361
0
0
0.00540121
0.00844368
0.00535547
0.00516428
0.0425517
0.00551778
0.00548958
0.00518253
0.00261344
0.0085073
0.00280002
0.0113999
0.00513094
0.00263309
0.00326481
0.0349847
0
0.0107591
0.00816166
0.076525
0.0200932
0.0116154
0.00290275
0.0110744
0
0.00535559
0.0184219
0.0267957
0
0
0.00296306
0
0.00271793
0.0086757
0
0.00273121
0.028387
0.0059804
0.00324922
0.00258385
0.0588971
0.0733953
0.00302711
0.00857155
0.00816907
0.00491042
0.00801491
0.00282814
0.00292195
0.0031869
0.0107625
0.023046
0.00723107
0.0215762
0.0271043
0.011617
0.0203145
0.0443251
0.0303107
0.00561372
0.00254518
0.00802666
0.00550512
0.0197084
0.0051974
0.0542776
0.0550968
0.00655002
0.00809913
0.00565243
0.0271295
0.0512974
0.00271912
0.0105635
0.00550512
0.0027875
0.00795537
0.00896444
0.0800382
0.00809019
0.0336157
0.182647
0.033217
0.906599
0
1.15699
0.00271643
0.00407667
0.0202257
0.00274936
0.0981049
1.00357
0.00567097
0.00251681
0.00547551
0.0194429
0.0163868
0.0084923
0.02527
0.00562118
0.00821507
0.00585693
0.00542631
0.00266884
0.00821035
0.00565791
0.00564365
0.0166038
0.00536121
0.0129052
0.0145164
0.00583809
0.0055449
0.00505536
0.00267097
0.00784338
0.013084
0.00515005
0.00548176
0
0.00513436
0.00250555
0.00782804
0.00273838
0.00297875
0.00272546
0.0238293
0.00564511
0.0026076
0.00826004
0
0.00247206
0.00248279
0.00285257
0
0.0107477
0.0117926
0.0114225
0.00276784
0.0055105
0.00795415
0.00529677
0.00543573
0.0132709
0.0105106
0.00519434
0.00564576
0.0145727
0.0422605
0.0107582
0.00840412
0.00574169
0.0238087
0.0109847
0.00543258
0.0107788
0.010678
0
0.00540885
0.0218461
0.0026224
0.0110669
0.0645997
0.0384556
0.0194765
1.0219
0.00292195
0.0131441
0.00742532
0.0110146
0.00539062
0.00478251
0.0137992
0.016392
0.0301255
0.108403
0.0193821
0.00299749
0.0220999
0.00593791
0.00724305
0
0.0177503
0
0.0138127
0.0203399
0.0382161
0.00776615
0.00540589
0.147412
0.00817411
0.0105098
0.00998368
0.00845299
0.00494633
0.010916
0.0117116
0.0292513
0.00563909
0.0116474
0.0115674
0.00948318
0.127445
0.00503683
0.00770223
0.0100236
0.00547958
0.0139047
0.00565421
0.0107971
0.0664878
0.0232323
0.0602343
0.048418
1.0057
0.0142627
0.0515785
0.00502208
1.03377
0.682629
1.03925
0.00583663
0.00769656
0
0.0200633
0.066406
0.0720628
0.00296025
0.00790433
0.0055051
0.00828317
0.00276888
0.00775395
0.00286363
0.00307219
0.00535835
0.00981517
0.00869312
0.0507965
0.0502925
0.00563439
0.00282467
0.00874879
0.00267848
0.00271707
0.00578495
0.0133568
0.00266564
0.00546472
0.0107327
0.00246464
0.00260614
0.0028688
0.00643029
0
0
0.00535347
0.00539782
0.0571473
0.00280193
0.00573108
0
0.0131475
0.00578581
0.00531545
0.0105873
0.00537368
0
0.00745139
0.00810651
0.0145809
0.0300444
0.00276068
0.00567632
0.00545602
0.00507235
0.00835634
0.00776262
0.0173634
0.00307237
0.0490238
0.0112628
0.0082237
0.00799634
0.0540487
0.0240502
0.0269198
0.00609955
0.00535271
0.0110712
0
0.00250555
0.0136409
0.00791834
0.0506731
0.0848348
0.0325719
0.0714446
0.996033
0.52742
0.00553503
0.0110381
0.00533275
0.00585638
0.00833969
0.0149535
0.0208337
0.0289655
0.0513185
0.0690018
0.0165189
0.00575012
0.00556597
0.00846269
0.0101108
0.016425
0.0114614
0.0135152
0.0321685
0.0215831
0.0199602
0.019194
0.0114188
0.111201
0.0142267
0.013434
0.00262234
0
0.00284169
0.00877863
0.0222331
0.0138636
0.0207327
0.181152
0.0168016
0.0174669
0.00664908
0.0235445
0
0.00813824
0.0114341
0
0
0.00260614
0.0134651
0.013781
0.0168241
0.0143634
0.0497739
0.00367434
1.0284
0.0113901
0.0225254
0.0109983
0.795272
0.999051
0.997401
0.0132782
0.0027324
0.0474518
0.00590415
0.00733552
0.0449863
0.240422
0.0113238
0.0130115
0.00544061
0.00539332
0.0133439
0.00530953
0
0.0139016
0.0140943
0.0199254
0.0464665
0.00743467
0.00833512
0.0085334
0
0.00821892
0.0131696
0.0127616
0.0139833
0
0.0262657
0.0152064
0.00524626
0.0111867
0.0106566
0.00884715
0.00295116
0.010925
0.0055589
0.0438348
0
0.00588743
0.00277964
0.0128572
0.0192074
0.00821104
0.00882316
0.0111962
0.0115111
0.0217984
0.0164867
0.0322648
0.0629105
0.0248932
0.0139716
0
0.00255757
0.0110931
0.0106156
0.00591292
0.0215745
0.187563
0.00852416
0.00834699
0.0198983
0.153717
0.0109646
0.00803515
0.00550758
0.0137301
0.00289824
0.00764789
0.064403
0.00302728
0.0219115
0.0537272
0.0216111
0.0541443
0.722479
0.502093
0.0083001
0.0212462
0.00515525
0.0113396
0.0138315
0.00337215
0.0316219
0.0538951
0.0397286
0.0431555
0.021737
0.0082092
0.0168899
0.00824561
0.00260975
0.00816975
0.0118293
0.00819474
0.0262605
0.0202394
0.0255681
0.0166561
0.0080985
0.0812235
0.00266227
0.0105757
0.00699287
0.00550943
0.0245923
0.0247084
0.0548868
0.0220477
0.0078919
0.16334
0.00294147
0.0220098
0.0262002
0.0438803
0.00814476
0.00974229
0.0269158
0.00260614
0.00836844
0.002882
0.0372317
0.0027832
0.00848697
0.0238373
0.0584776
0.00419581
1.00238
0.00258407
0.0264698
0.018733
0.4667
0.00552432
0.00275417
0.0029307
0.0105032
0.0171659
0
0.00838788
0.0024977
0.00543666
0
0
0.00806431
0.0028481
0.00575699
0.0029167
0.00434746
0.00843076
0.0358111
0
0.0146392
0.00253337
0
0
0.00802498
0.0028677
0.00255851
0.00577394
0.00581872
0.153894
0.00552135
0.00282013
0.00603835
0.00540308
0.0162535
0.0147394
0.0141127
0.0056499
0.0028677
0.00275339
0.00282013
0.00585842
0.00254717
0.0302196
0.0114713
0.00600694
0.00552297
0.0322865
0
0
0.0029952
0.00527351
0.00279196
0.0056438
0.00344174
0.202625
0
0
0
0.103011
0.0327855
0.0219376
0.00263985
0.00288561
0.0026714
0.0172079
0.00256445
0.00824373
0.00276338
0.0165761
0.652241
0.183016
0.00833172
0.0109771
0.00753852
0.0137913
0.0113244
0.00441269
0.0337383
0.0355497
0.0230596
0.0190936
0.0110625
0
0.0108374
0.0137495
0.00240832
0.00290468
0.0432683
0.00982368
0.00280871
0.00587808
0.0150702
0.0141127
0.00306195
0.115293
0.00534085
0.00273114
0.00253617
0
0.0107647
0.0452259
0.0141588
0.0084203
0.0790937
0.00270077
0.0104632
0
0.0024899
0.00255272
0.00517648
0.00290329
0.0090498
0.00294299
0.03441
0
0.0099312
0
0.00830125
0.997139
0.00299996
0.0753209
0.00273117
0.110459
0.00278647
0.00834355
0.00684831
0
0.00617875
0.00246611
0.00283598
0
0.00532212
0
0.00901648
0.0164288
0.00278261
0
0
0.0028481
0.00289939
0.00253537
0.00565417
0
0.0024367
0.002882
0
0.0028951
0.00562486
0.0111567
0
0.00551446
0
0.002882
0.00581107
0.0084116
0.0161593
0.00265862
0.01053
0.00240477
0
0.0618437
0.00307371
0.00265862
0.038204
0.00254274
0.00265862
0.00303758
0
0.0145486
0.00595429
0.233119
0.350031
0.00296879
0.00272244
0.00616927
0.00288561
0.00513288
0.0115112
0.0308995
0.0132323
0.0171504
0
0
0.0029206
0.00856689
0
0
0.0119859
0.0119294
0.0132499
0.0167548
0.00311859
0.0982968
0.0029206
0.00294471
0.011179
0.0318603
0.00555216
0
0
0.00586882
0.00558895
0.00419581
0.00999807
0
0.00290468
0
0
0.0279661
0
0
0
0.00837287
0
1
0
0.00808949
0.00700531
0.0111551
0.00658576
0.0115664
0.00280693
0
0.00474549
0.00278725
0.00289084
0
0.0084431
0
0.00785013
0.00278725
0
0.0138085
0.00280272
0.00300483
0
0.00535588
0.00267297
0.00564412
0.00274936
0
0.00711462
0
0.0029553
0.00876199
0
0.00797346
0.00864272
0.00288297
0.00291466
0.0057561
0
0.00865452
0.00600436
0.016296
0.00283678
0.00299545
0.00250052
0.0077251
0
0.00597073
0
0.128689
0.00288399
0
0.0269536
0.00239805
0.00528044
0.00277041
0.079058
0
0
0.00351964
0.00254956
0.142621
1.02787
0.985364
0.296809
0.00283678
0.00557881
0.00273267
0.00286357
0.0224225
0.0366735
0.0132123
0.0314104
0.00298708
0.00561805
0.00563395
0.0136065
0.0214801
0.00247291
0.0104106
0.0117103
0.00583581
0.016732
0.0114092
0.00259153
0.049532
0.00277041
0
0.042322
0.00294374
0.00298708
0
0.0113277
0
0
0.0029206
0.00284056
0.00309942
0.00280272
0.0176206
0
0.00587621
0.0143869
0.00371431
0
0.00564256
0.384666
0.00563689
0
0.0111036
0.0129856
0.00739397
0
0.00278725
0.00276754
0.00753344
0.00290239
0.00579709
0
0.00838624
0.00857518
0.0052322
0.00812916
0
0
0.00804244
0
0.0188957
0
0
0.00255943
0.00530673
0.00276754
0.00261228
0.00256018
0.00277041
0.00569599
0.00292622
0.00524328
0.00271374
0.00553736
0
0.00530673
0.00576849
0.00520699
0.00851142
0.00249392
0.00561215
0.0026919
0
0.0187866
0.00271842
0.00535491
0.00593088
0.00517206
0
0.0599645
0.00594739
0
0.0219992
0.00550442
0.0105614
0.00250052
0
0.00313109
0.018371
0.00563861
0.0928591
0.763115
0.00808634
0.00298857
0
0
0.00596318
0.00761514
0.0173489
0.0227206
0.00399365
0
0.00283678
0.00577582
0
0.00522571
0.00387677
0.0087052
0.00395372
0.0173102
0.00609494
0.03167
0.00292156
0.00291974
0.00256018
0.00280272
0.054323
0
0.00744968
0
0
0
0.00248208
0.00299942
0
0.00572928
0
0.0150081
0.00301653
0.00288363
0.0200798
0
0
0.00284056
0.00293789
0.0025987
0
0.00733782
0
0.00539978
0
0.00274577
0
0
0.00260419
0.011972
0.00293513
0
0
0.00283292
0.00574596
0.00246127
0.00583773
0.0222465
0.00282953
0.00530289
0.00303751
0
0.00246611
0.00287577
0.00600426
0.00282953
0.00560432
0.00309209
0
0.00246611
0.00566542
0.0029317
0.0166347
0.00260346
0.0056572
0
0
0.0470434
0
0.00272596
0
0.0112041
0.00277604
0.0055288
0.00291967
0.00242715
0.00289566
0.00377121
0
0.235036
0.506896
0.00298495
0.00506957
0.00559125
0.00284524
0.0232471
0.00345172
0
0.00246611
0.00582625
0.00288101
0.00244412
0.00298495
0.00355017
0
0.0103552
0.00626518
0
0
0.044056
0
0.00299353
0.0082418
0.0169537
0
0.0030435
0.00577569
0.0027505
0.0122631
0.00280354
0.0149247
0
0
0
0.00273242
0
0
0
0.00263154
0.00256497
0.00264314
0.00264314
0.00278167
0.0063724
0.00290032
0
0.00264314
0.00273156
0
0
0
0.0229488
0.00584859
0.00514366
0
0
0.126467
0.00285013
0.00433485
0.00313068
0.0029206
0.0440606
0.0257939
0
0.0588826
0.00299355
0.271548
0
0
0.00399229
0.00578828
0
0
0
0
0.0101987
0
0.00885252
0.00253997
0
0.008509
0
0
0
0.0030304
0
0.00322215
0
0
0.00821002
0.0113942
0
0.0097767
0
0.0169451
0.00300483
0
0.0187539
0.00263962
0.121956
0
0
0.00724162
0.00303442
0
0.00303281
0
0
0.01167
0.00249392
0
0
0
0
0.00306497
0
0
0.00248311
0
0.0173483
0.00272251
0.00542079
0.0254717
0.206147
0.0026462
0
0.00270468
0.0074083
0.00530613
0.00246466
0.00325294
0.00308366
0.00300483
0.00307812
0
0.126692
0.00301443
0
0
0
0
