0.0130734
0.0541248
0.163103
0.222918
0.222918
0.222918
0.222918
0.222918
0.222918
0.344995
0.684569
0.697247
0.613533
0.0079823
0.333838
0.0150452
0.00761883
0.132548
0.0157094
0.172109
0.0150452
0.0086409
0.00761883
0.0667889
0.0221468
0.0336157
0.0174458
0.0315575
0.377024
0.0148948
0.00854579
0.0086409
0.00761883
0.0342947
0.0102816
0.0174138
0.0165831
0.00833594
0.0177506
0.0236564
0.0080155
0.0891768
0
0.00633146
0.00633146
0.00633146
0.00633146
0.241488
0.0206228
0
0.14512
0.417076
0.0206228
0
0.018294
0.0383912
0.14512
0.246463
0.00973626
0.0206228
0
0.0359707
0.244604
0.0529597
0.0309533
0.0101648
0
0.0176541
0.0583021
0.0395785
0.0316653
0.0601601
0.0601601
0.0601601
0.0601601
0.0601601
0.0601601
0.0601601
0.0601601
0.538193
0.747584
0.452771
0.0933407
0.234695
0.0110873
0.629015
0.0152188
0.0212588
0.0182823
0.0351714
0.0243037
0.00780437
0.629015
0.196222
0.0108343
0.0212588
0.0236615
0.00911094
0.169117
0.0105059
0.00799958
0.646274
0.0402914
0.0605482
0.0376743
