0.00704156
0.406402
0.00534066
0.100257
0.14433
1.35663
0.208211
0.278454
0.506907
0.145549
0.899406
0.0545629
0.889858
0.209848
1
1
0.251936
1
0.979907
0.0258113
1
0.1136
0.00257151
0.0025604
0.00254456
0.107845
0.012493
0.943524
0.568715
0.00409242
0.0443651
0.00259187
0.00269509
0.00706873
0.0214704
0.00259532
0.0156645
1.01129
0.0428312
0.00259187
0.00505386
0.00262381
0.00268472
0.0253052
0.00370457
0.0449385
0.00259187
0.00256807
0.00302808
0.0100819
0.00532057
0.030514
0.0289368
0.968998
0.959317
0.974363
0.00946436
0.991427
0.00299107
0.187186
0.00262028
0.0038717
0.00532531
0.107146
0.00384251
0.00524707
0.00295447
0.0865839
0.450687
0.0410949
1
0.00416435
0.00261718
0.00249678
0.00557711
0.00248385
0.0162469
0.00257151
0.333848
0.00516337
0.00773662
0.0355102
0.00257151
0.0122079
0.0237586
0.015143
0.00295447
0.00295447
0.0302517
0.00787752
0.00295447
0.00308572
0.00385366
0.0108971
0.0998366
0
0
0
0.00514602
0.0382171
0.0038617
0.00261372
0.152062
0.0152062
0.00261372
0.00772341
0.211485
0.105714
0.105704
0.00338469
0.0147685
0.437553
0.00262441
0.0157022
0.477667
1
0.174771
0.0670698
0.387198
0.0745109
0.080781
1
0.9965
0.478779
0.00257041
0.0248455
0.0190024
0.0400288
0.619029
0.00273117
0.0026607
0.0538639
1.00142
0.453838
0.0142774
0.0119735
0.0030036
0
0.0759091
0.224394
0
0.021286
0.0113407
0.31843
0.305169
0.960171
1
0.988469
0.018243
0.553015
0.113965
0.00284561
0.0921315
0.524988
0.479218
0.0130763
0.00249476
0.00612487
0.0052866
1.02798
0.00620371
0.0115808
0.00283067
0.00851174
0.0654388
0.00538263
0.0115808
0.0152322
0.0104109
0.00623113
0.0575555
0.0803901
0.980142
0.66126
0.00759152
0.502567
3.61044e-05
0.013445
0.000178761
0.007936
1
0.00266853
0.00297562
0.0750956
0.00298162
0.0227761
0.096461
0.00540035
0.224551
0.00353366
1
0.05205
1
0.00307618
0.0061566
0.00880999
0.00372121
0.655506
0.0958596
0.300629
0.0123724
0.0931915
0.00420941
0.0098729
0
0.0208939
0.00328934
0.0550004
0.0679612
0.00556278
0.0323983
0.00556278
0.0575225
1.00666
0.15557
0.311785
0.13796
0.150197
0.157315
0.0927497
