0.00674825
1.01136
0.0051182
0.297518
0.7815
1.30012
0.518149
0.00279154
0.00283046
0.588989
1.01105
0.00270921
0
0.00525594
0.200152
1.05627
0.10569
0.00401297
0.00280242
0
0.00271448
0.00263262
0.00815021
0.031866
1.04173
0.00280502
0.00259463
0.0194597
0.00242061
0.00259463
0.00256575
0.002889
0.00815021
0.00320025
0.014445
0.00550766
0
0.00273175
0.0379678
0.00288819
0.00278844
0.00267531
0.00292349
0.00281245
0.00278844
0.0027809
0
0.0250281
0
0
0.0140631
0.0108338
0.00286406
0
0.00255811
0.00296945
0.00264255
0.00263111
0
0.098712
0
0.00278765
0.00274675
0.00829452
0.00278923
0.00261866
0
0.00250217
0.00273175
0
0.00279868
0
0
0.0032781
0.00262544
0.00280261
0
0.0126287
0.002889
0.002889
0.00676842
0.002889
0.014445
0.00408891
0
0.0116826
0.0156451
0.00502932
0.00264255
0.00526809
0.00250147
0.00767046
0.00377083
0.00871547
0.00250217
0.00512083
0.00250217
0.00373673
0.00250217
0
0
0
0.0105473
0.00278844
0.00244128
0.00278844
0.00275142
0.0038354
0.00252574
0.00278844
0.0277219
0
0.00255419
0
0.00257803
0.0027004
0.00561033
0
0.0212194
0.00327332
0
0
0.00718047
0
0.0026809
0
0.00415488
0
0.00605417
0.0027365
0.00274998
0
0.00261866
0
0
0.00750145
0.0089287
0
0.00327955
0
0.00273404
0
0.0157418
0.0540584
0.00262437
0
0
0
0
0.00254346
0
0.00767079
0.00271137
0
0.00252574
0.00259076
0
0
0
0.00297209
0
0
0
0.00532393
0.00264255
0.00834057
0
0.00568789
0.00427325
0
0
0.00745022
0.00294268
0.00281994
0
0
0
0.0072963
0.00276135
0.00874545
0
0
0
0.00283455
0.00265735
0
0
0.00555501
0.00544128
0
0.0232026
0.174415
0.00888879
0.00662264
0.00255948
0.00262437
0
0.00292592
0.0796355
0.00671288
0.00274992
0
0
0.00254312
0
0.00259463
0.0027732
0.0384715
0.00261759
0
0.00305539
0
0.00270328
0.00274088
0.0053277
0
0
0.00259744
0.00301189
0.00616799
0.00531397
0.00275168
0
0.00268515
0.00546223
0.00268944
0.00361091
0.00291802
0.00266039
0.00250281
0.00277027
0.00721645
0.00249974
0.00266039
0.0292254
0.00267842
0.0026725
0
0.00258488
0
0
0.00518421
0.0141701
0.00562008
0.00554068
0.00317887
0
0.00293946
0.00270892
0.00457876
0.0165984
0.0110631
0.048278
0.0794419
1.03463
0.867745
0.0051853
0
0.00861398
0
0
0.00270968
0.00518384
0.002742
0.00257347
0.00268879
0.00274071
0
0.00525936
0
0
0.00263893
0.00252574
0.00271057
0.00270243
0
0.00272967
0.00264651
0.00267265
0.00299755
0.00263101
0
0.00264597
0
0
0.00556699
0
0.00630315
0.0160261
0.0084169
0.00529949
0.00272204
0
0
0.00688079
0
0
0.00534284
0.039805
0.00337069
0.098712
0
0.00880652
0.605708
1
0.00270916
0.0025602
0.00662031
0
0.0200999
0
0.00269212
0.00248107
0.0129457
0.00258419
0
0
0
0
0
0.0027002
0.00528893
0.00802598
0.00266039
0
0
0.00926703
0.00815529
0.0025602
0
0.00865648
0.0027002
0.00270892
0
0
0
0.00863045
0
0.0107739
0.00266627
0
0.0102441
0
0.00456577
0
0
0
0.00266888
0.00664158
0.00940283
0.00269943
0
0.0398811
0
0.00256466
0
0
1.22973
0.062935
0
0.00518507
0
0.00262364
0
0
0.0134099
0.00258346
0.00262421
0
0
0.00269152
0.00261305
0.00729855
0
0
0.00262347
0
0
0.00262347
0
0.00269136
0
0.00322218
0.0159623
0
0.00268612
0
0.00319247
0.00280446
0.00279647
0.0307263
0
0.00812146
0.0199529
0.0027093
0.00331016
0
0.00262347
0
0.0028063
0.00648676
0.0111811
0.00268908
0.00541784
0.00268908
0.0268515
0.00266471
0
0.00258419
0
0
0.00263381
0.00269002
0.130941
0
0.00247474
0.00258419
0
0.00773598
0.0132166
0.0404029
0.0258452
0.964803
0.953439
0
0
0
0
0
0.0042936
0.0106842
0.0157548
0
0
0
0
0
0
0
0.00257616
0
0
0
0
0
0
0
0
0
0
0.0163701
0.00262347
0.00381015
0.0026946
0.00760488
0.0027253
0.00537548
0.00272594
0.00268368
0
0
0.00268391
0
0
0.00902974
0.0213655
0
0.0387863
0.0027938
0
0
0.00807614
0.00838242
0.0199351
0.00273117
0
0
0.00271297
0.013725
0.0104671
0.0268159
0.0108124
0.00255277
0
0
0
0
0.0129479
0.00803693
0.0193547
0.143864
0.143763
0.987812
1.02644
0.00262654
0
0.0109494
0.016463
0.0488801
0.0793842
0.00558862
0.00275967
0
0
0.00524044
0
0.00280759
0.0070487
0
0.0152668
0.00282235
0
0.00272473
0
0
0.0081742
0.00267806
0.00549511
0
0.0233121
0.968903
0.0380855
0.00535204
0.00266644
0.00340027
0.0102177
0
0.0564033
0.00507522
0
0.00277608
0.0138536
0
0.00262971
0.0166917
0.00691266
0.0611008
0
0.00273429
0.0199102
0.00255277
0.00257422
0
0.00804253
0.0117784
0.0668782
0.00270651
0.00543173
0
0
0.00556483
0.00257422
0.0185765
0.0131656
0.0197453
0.0862016
0.0293132
0.813062
0.950698
0.990064
0.00257968
0.0065033
0.0105766
0.00940247
0.00275386
0.00262728
0.00533831
0.00962889
0.00603652
0.00262775
0
0.00581599
0.00278225
0.85067
0.0124963
0.0026139
0
0.00669102
0.0917465
0.00251516
0.0116774
0.00548419
0.0313632
0.00261008
0
0.0238285
0.00403302
0.0394169
0
0.00261008
0.00251007
0
0.00616091
0.00275453
0
0.0199171
0.00804959
0.00262654
0.0517969
0.00540395
0.00357255
0.00271384
0.0161269
0.0026233
0.00240522
0.00262654
0.00261169
0.00273896
0.0034746
0.0104414
0.0364661
0.00518239
0.21208
0.0594612
1.0008
0.00273818
0.00262387
0.00243731
0.00251516
0
0.00682765
0.0219241
0.0129771
0.00548349
0.00249228
0
0.00538213
0.00260695
0.00869872
0.0135665
0.00249299
0.0126666
0.00809755
0.00261264
0
0.0188347
0.0051383
0
0.807529
0.00787568
0.00248608
0.00257422
0.00261008
0.00240133
0.00362428
0.00269638
0.0794838
0.00248608
0.00257422
0.00248608
0.00568283
0.0370625
0.0158701
0.00508154
0
0.00266545
0.00932279
0.0507816
0.0157999
0.0617787
0.00515234
0.00248647
0.00339011
0.00951374
0.0149165
0.0107915
0
0.00524644
0.00273896
0.00763145
0.0824005
0.00286303
0.0187825
0.00262313
0.00524234
0.00511629
0.00263452
0.0102088
0.00264484
0.013857
0.212185
0.0204182
0.021887
0
0.00275061
0.00267111
0.00326098
0.00715351
0.00276721
0
0.00685954
0.00250056
0.00276721
0
0.0036094
0.0338871
0
0.00284097
0.097495
0.00511446
0.00283351
0
0.00327683
0.0118595
0.00273793
0.00549776
0.0218564
0.00276721
0.0111861
0
0.00749126
0
0.00250732
0.00272457
0.00283771
0.00794658
0
0.0175586
0
0.00250732
0.00538288
0.00282137
0.00272457
0.00264501
0.0165047
0
0
0.00272457
0.00292306
0.00264501
0.00417633
0.00274804
0.0215311
0
0.825129
0.00253186
0.00516228
0.00319693
0
0.00282162
0.00268448
0.00516373
0.00796778
0.00412537
0.00281938
0.00728608
0.00257279
0.00245735
0.00276721
0.0157698
0.0307163
0.00279794
0.0193729
0.107599
0.0152894
0.00250056
0.00555812
0.0222378
0.0108584
0.0312799
0.00254896
0.00262584
0.00268549
0.00383392
0
0.00269279
0
0.0174579
0
0.00510856
0.00289724
0
0
0.00268175
0.00262313
0.00551077
0.00815056
0.0114626
0.0196089
0.311502
0.00326592
0
0
0
0.0027487
0.00372976
0.01183
0.00249201
0.00735549
0.00249201
0.0169114
0.0333104
0.00264142
0.00528082
0.0916461
0.00754044
0
0.00249201
0.00341646
0
0.00263732
0
0.00501151
0.00243997
0
0.00255537
0
0
0.0116767
0.00830318
0
0
0
0.0146042
0
0.00275476
0
0.00994837
0
0
0.00491838
0.00269307
0.00286749
0
0.208183
0.00260898
0.00268282
0.00249201
0.00310566
0.00796983
0
0.00261816
0
0.00278072
0.00268357
0.00268282
0.00394482
0.00261581
0.00714931
0
0
0.0156348
0.00281143
0.00268282
0.00250334
0.00371539
0.00804845
0.00250334
0.0160625
0.0525187
0.0105433
0.0164063
0.27573
0.0598039
0.00273896
0.00276091
0
0.00268549
0.00337127
0.233348
0.00259552
0.00824943
0.0125366
0.00809633
0.00246233
0.00542445
0.00525183
0
0
0.00262753
0.00409509
0.015712
0.0026704
0.00490216
0.00286577
0.00256066
0.00804845
0.00341885
0.0055524
0.00783308
0.310848
0
0.00273896
0.00239965
0
0.00250334
0.0156348
0
0.00260018
0
0
0.00273896
0.00249838
0.0129875
0.00249838
0.00552318
0.00535245
0.00441063
0.0125965
0
0.00532627
0
0.00789089
0
0.0051117
0.0026261
0.002618
0.00657574
0.358706
0.00252737
0.00524025
0.00786683
0.00519906
0.0351678
0.0194058
0.00954208
0.00629485
0.00264598
0.00521994
0.00519528
0.00450444
0.00560338
0.0105359
0.0560098
0.00249295
0.0139535
0.00784255
0.118138
0.00252666
0.00246244
0
0.00934505
0.00264509
0.0114496
0.00531271
0.0081189
0.00250127
0.00252666
0.00249201
0.00947496
0
0.0207403
0.0379908
0.0328249
0.0474556
0.0544156
0.35406
0.0102132
0.00533423
0.0211384
0.0149521
0.00835383
0.021264
0.00275644
0.0104014
0.00265729
0.00233734
0
0.00265278
0.0149131
0.00788784
0.00920718
0.00249201
0.00263953
0.00528867
0.0057508
0.00457158
0.00548457
0.0115516
0.188029
0.0162369
0.00264177
0.00252033
0.0244552
0.023219
0.0155434
0.0138187
0.00537668
0.00675803
0.00541713
0.0110401
0.0285529
0.0505105
0
0.00261452
0.00264136
0.00843281
0.00555513
0.0294202
0.0153038
0.718082
0.996465
0.0039326
0.0051193
0
0.00256026
0.00261406
0.00283904
0.0116824
0
0.00285204
0.0513036
0.00275438
0.00287244
0.018475
0.00268549
0.0026892
0.00752976
0.00258475
0
0.0133567
0.00275224
0.00265189
0.0675555
0
0.00796961
0.0328139
0.91736
0.0024224
0
0.00254023
0.00530115
0.00800877
0.00575887
0.0160136
0
0.00794617
0.00288669
0.0108867
0
0.00455573
0.00647641
0.00260986
0.00530203
0.0118325
0
0.0229122
0.0105799
0.00249201
0.00246752
0.0137514
0.0218407
0.0108434
0.00821215
0.00786897
0.00807454
0.013429
0.0570326
0.0052784
0.0129588
0.0139014
0.00255063
0.924698
0.0868353
0.762233
1
0.00272909
0
0.00995177
0.00276454
0
0.00270912
0
0.0052523
0.0027704
0.0129408
0.00513183
0
0.00553839
0.00775995
0.0027584
0.00794478
0.00339219
0.00272832
0.00476328
0.016168
0.0026892
0.00508339
0.00540723
0.0161607
0.999593
0
0
0.0025386
0.00264502
0.0131579
0.0809886
0.00288529
0.0296899
0
0
0.00239715
0.00283297
0.00272633
0.0261635
0.00552363
0.00694503
0
0.0025386
0.00249201
0.00792191
0.00431159
0.0072137
0.00278243
0.0973969
0.00553518
0.00793729
0.0195531
0.0214059
0.00265562
0
0
0.0181421
0.00836463
0.0609571
0.00266092
0
0
0.00247693
0.00767953
0.983591
0.0225478
0.732847
0
0
0
0.00276558
0.00304333
0.0518141
0.00275567
0
0
0.00422489
0.00551118
0.00261355
0.00803517
0
0.00801537
0
0.00681583
0.00647223
0.0159625
0.00256594
0
0.00682665
0.0204475
0.00266945
0.117878
0.0286413
0.011265
0.00239949
0.00282227
0.0265278
0.00259671
0.159736
0.0202402
0.00553714
0.0025386
0.00259161
0.00511006
0.00280107
0.942726
0.0025386
0
0.995042
0.0809138
0.020538
0.00270912
0.00387325
0.00366685
0.00271594
0.00256679
0.00259378
0.00274946
0.00527591
0.00256679
0.0409601
0.00265361
0.0052892
0.00527591
0.00708877
0.00285396
0.00337987
0.00784713
0.00455112
0.00256691
0.00269439
0.0082421
0.00255202
0.00258177
0.00425337
0.0051941
0.00266724
0.005459
0.00272877
0.00319002
0.0132011
0.00514159
0.00265174
0.0197227
0.00541307
0.00657745
0.00793592
0.0186264
0.00556492
0.00320849
0.00793592
0
0.00302557
0.00276908
1.11343
0.00268268
0.0033384
0.716663
0
0
0
0.00299993
0
0.00269285
0.0148502
0
0.0165181
0.00275302
0.00269285
0
0
0
0
0
0
0.00265263
0
0
0
0
0
0
0
0.00605959
0
0
0
0.00269285
0
0.0115146
0.00509863
0
0.382472
0
0
0.00292934
0.0219576
0.00292386
0
0.00849516
0.00292386
0.00289409
0
0
0
0.00596343
0.00942454
0
0
0.00273805
0
0
0.00586236
0.00299741
0.0284901
0
0.0147396
0.0171907
0.00872415
0.00642459
0.00284901
0.300493
0
0.00292934
0.00286394
0.00266982
0.00300234
0
0.00292934
0.0055346
0.0029362
0
0.00294462
0.0166648
0.0108219
0
0
0
0.0174248
0
0.0829424
0.00308086
0.0123363
0
0.00269285
0.00280756
0
0.00576676
0.00855028
0
0.0028524
0.00625665
0.00872611
0.00280965
0.00298975
0.0169494
0.00586054
0
0.0219675
0.0057981
0.0147469
0.0085878
0.00292801
0.034431
0.00285008
0.00286902
0.271028
0
0.00575951
0
0.00462795
0.00301799
0
0.00551799
0
0.00587092
0.00269023
0.00291983
0
0
0.00840233
0
0.00273805
0
0.00262732
0
0.00603591
0.00844045
0.00267402
0.00269023
0
0.00272285
0
0.00437974
0
0.00302192
0.00850964
0
0.00799171
0.00263753
0.00300431
0.00275302
0
0.00294725
0
0.0110135
0
0
0.00547085
0.00618579
0.00807517
0
0.0166847
0.00254982
0.00300431
0.00273279
0.00829751
0.00283995
0
0.00286179
0.00293312
0.0117585
0.00854212
0.00887591
0.0427408
0.00293312
0.00671816
0.00587604
0
0.00556121
0.0088302
0.0282129
0.014651
0.00292972
0
0.00293312
0.401463
0.00293295
0.00286475
0
0.00295656
0.00275469
0.0174866
0.00279336
0.00292718
0.00587009
0
0.003898
0
0.00273971
0.00620927
0.00274638
0.00293631
0.00298499
0.00551509
0
0
0.00306698
0
0
0
0
0.00302816
0
0.00395965
0.00293378
0.0114003
0
0.00282292
0.00582577
0
0.00295357
0.0028807
0
0.00283951
0
0
0.00569697
0.00846304
0.0425378
0.0207779
0.00588977
0
0.0127742
0
0
0
0
0.0161717
0.00288584
0
0
0.0106006
0
0.0221904
0
0
0.00273279
0
0.00288584
0.00367207
0
0.00886067
0
0.0121588
0
0.00289507
0.0162667
0.00966943
0.00615948
0.00298674
0.0074036
0.00301314
0
0.00293378
0.0124452
0.00586236
0.00325902
0.0148921
0.00904667
0.00602485
0.00474852
0
0.00733444
0.00296144
0.421191
0.00281107
0.00588809
0
0.00835242
0.0336929
0
0.0145961
0.00852504
0.00282258
0.00286253
0.00295759
0.00555933
0.00274449
0
0.0128774
0.00722389
0.0243826
0.0348625
0.00555537
0.0207151
0.00294894
0.00284901
0.00855338
0.00300133
0.0112623
0.00570238
0
0.0116284
0.00284816
0.00291667
0
0
0.126707
0
0.00599563
0.00280155
0.00371303
0.00281186
0.0111034
0.0335357
0.00574806
0
0
0
0.0421377
0.00863595
0.00288726
0.00889284
0.00263057
0.00830969
0.00568245
0.0111959
0.00286915
0
0
0.0126045
0.00957107
0.00864638
0.0113464
0.0364802
0.00271668
0.0246634
0.00286902
0.00568101
0.00301897
0
0.00409878
0
0.0296305
0.00874708
0.00840464
0.00854363
0.005638
0.00267919
0.00565408
0.00560181
0
0.00874204
0.0158389
0.0105445
0.00286021
0.00843269
0.060362
0.00298775
0.00543569
0.00565665
0.00270169
0.00596381
0.0088803
0.00293631
0.00363349
0.00286713
0.00856396
0.097685
0.00276672
0.00267919
0.00871478
0
0.0118527
0.00578914
0.0113885
0.00878329
0.0123062
0
0.00566995
0.00557068
0.00575613
0.0669457
0.00266982
0.011805
0.0117426
0.0116754
0.0320584
0.0155995
0
0.0028597
0.0110551
0.00273279
0.32881
0
0.00272003
0
0
0.0205635
0.00611051
0.00291241
0.00293312
0
0
0.0114386
0.00842171
0
0.00291534
0.0109929
0.016905
0.00337717
0
0.0217723
0.00279336
0.00589494
0
0.00293312
0.00552616
0.00569644
0.00296144
0
0.00562713
0.00305808
0.00277913
0.00290386
0
0.00290386
0
0.011399
0.017881
0.00578431
0
0.0102241
0.00573724
0.0165747
0.00569423
0.00287132
0
0.00295357
0.00582053
0.00282002
0.00285053
0.0504337
0.00588449
0.00286957
0.00278559
0
0.00276051
0
0.00284816
0
0.00592842
0
0
0.0116337
0.00326701
0.00269023
0.00741619
0
0.160207
0.00284816
0
0
0.00295838
0.0374697
0.0079891
0.00284525
0.00594852
0.00293312
0
0.00563553
0
0.00293312
0.0152541
0.00920082
0.0140564
0
0.00293312
0
0.00274468
0.00271053
0.00293312
0.0059014
0.00304391
0.0111294
0
0.00301243
0.00301174
0.0142112
0
0.00284525
0.0028272
0.00555397
0
0.00296429
0.0082356
0.00473225
0.00282199
0.00286437
0
0.00284056
0.00290394
0.00273971
0.00716146
0.00823239
0
0.00837924
0.0173305
0.00717753
0.00704884
0
0
0
0.745174
0.00287051
0
0
0.00664364
0
0.00573784
0.00279336
0.00286098
0
0.00283537
0.0136724
0
0.00487148
0
0
0
0
0.00279298
0.00586272
0
0.00286179
0.00282861
0.00566601
0.00285684
0.00350506
0.0116254
0.00295178
0
0
0
0.00872563
0.00275473
0.0794474
0.00295128
0.00848968
0.0032067
0.00277913
0
0
0
0.00555211
0.257875
0
0.00892658
0.00588807
0.00572057
0.00259655
0
0.00288584
0
0
0.00787046
0.00877713
0.00546382
0.00259655
0
0.00274279
0.0234229
0.00280407
0.00275302
0
0.00604206
0
0.00455658
0
0.129784
0.00299128
0.00589466
0.00576568
0.00276051
0
0.011601
0.00820633
0.00580896
0.00583119
0.00373597
0.031845
0.0321734
0
0.00276051
0.0516961
0.00270395
0
0.00291667
0
0
0
0.00799724
0.0154947
0
0
0.0211612
0.0328362
0.0119176
0.0139565
0.0134515
0.00266982
0.00259274
0
0.00599485
0.00960915
0.0427636
0
0.00283392
0.0194553
0.0180976
0.00270892
0.00538743
0.00266982
0.00860366
0.00358915
0.0139318
0.00281368
0.050739
0.0155623
0.898282
0.00560468
0.0180317
0.00259274
1.06258
0
0.014173
0.0029924
0.0135047
0.00890674
0.0217725
0.00575185
0.0654786
0
0.00249879
0
0
0
0.00253733
0.00270473
0.0288854
0.00290811
0.00549466
0.05391
0.00249879
0
0
0
0.00249879
0.00532338
0
0.00272775
0.00860927
0
0
0.0029362
0
0.00285009
0.00302688
0.00821977
0.0811228
0.0124892
0.00838411
0.00554522
0
0.00567942
0
0
0
0.00293341
0.245707
0
0.00306968
0.00286622
0.0136891
0.00520412
0
0.00294803
0.00246284
0.00494324
0.00263688
0.0120517
0.00281886
0.0139773
0.00555144
0.0859182
0.0167416
0.00906817
0.00249753
0.00294803
0.0135248
0
0.00559628
0.0096853
0.0043023
0
0.172574
0.00599627
0
0.00292386
0
0.0025689
0.00814551
0
0
0.00372521
0
0.00845089
0.0382553
0.0178045
0.0112172
0.0027122
0.00548223
0
0.00232936
0
0.00580724
0.00305456
0.00263496
0.00645261
0.0177348
0.0277146
0.0174584
0.0128668
0.0316977
0.00991173
0.0028182
0
0.00547197
0.0172362
0.018567
0.0561574
0.0110613
0.011511
0.0115501
0.0102333
0.00271425
0.00266557
0
0.00261597
0.00277104
0
0.079488
0.0246182
0.0112558
0.0656633
0.0251323
1.01754
0
0.0040994
0.0100118
0
1.01242
0.00532984
0.00293181
0
0.0110552
0.00990573
0.00578741
0.00575358
0.0111103
0
0.00297934
0.00293016
0.00561271
0.00533285
0.0027011
0.00570984
0.0105418
0.00335204
0.00553381
0.00275841
0
0.0027122
0
0.00545433
0.00263176
0.00283371
0.00545092
0
0.00263176
0
0.00290386
0.0122963
0.0057069
0
0.00249879
0.00263176
0
0
0
0.012274
0.011009
0.0026361
0.00554752
0.00834988
0.00554707
0.00274459
0.00263503
0.00576302
0.0104363
0
0.0110108
0.0115782
0.00545873
0.0107409
0.0307997
0.0204213
0.00252937
0.00286179
0.00295357
0.00246284
0.0118185
0.0169455
0.00305681
0.00286017
0.00853669
0.00550316
0.00232419
0.0109807
0.00291381
0.00830491
0.00615888
0.0332958
0.0271663
0
0.0026889
0
0.00268374
0.00246284
0.0138946
0.00297893
0
0.0205152
0.00547548
0.00591465
0
0
0.00564811
0
0.0056749
0.00246284
0.00544036
0.0107514
0.00553161
0.00247982
0.00535918
0
0.0131649
0
0.00805608
0.00246284
0
0.00300603
0.00279906
0.00246284
0.0217629
0.0107673
0.022131
0.0224099
1.12005
0
0
0.00286179
1.00731
0.0027032
0.0026325
0.00483295
0.0653122
0.0305306
0.0138744
0.010958
0.00552654
0.00267202
0.0052686
0.00527095
0.00270152
0.0282013
0.0117147
0.038389
0.0328435
0.00777616
0.0055505
0.00889797
0.00552654
0.00276051
0.0027195
0
0.00262386
0
0.00274559
0.00329034
0.00272865
0
0.00570661
0.00259655
0.0150935
0.00275822
0.00291697
0.00276436
0.00276051
0.00263176
0.00273521
0.00276677
0.00818533
0.00604833
0.0392082
0.00295964
0.00552287
0
0.00286394
0.00274559
0
0.0999878
0.00553092
0.0107584
0.0334966
0.0226961
0.0400344
0.00961415
0
0.00255085
0
0.00286394
0.00945909
0
0.0267119
0.00608034
0.00888125
0.964537
0
0
0
0.00591633
0.00256387
0.0215335
0.0166503
0.027195
0.0256921
0.0147763
0.00291413
0.00275126
0.00830134
0.00786522
0.00541987
0.00858576
0.0102324
0.0117939
0.010527
0.00533457
0.0444495
0.00275126
0.0087195
0.00275364
0.00564694
0
0.00528254
0.0111808
0.00547383
0.0192473
0.0342893
0.0112559
0.00851482
0.011202
0.0689271
0.0027996
0
0
0.00282436
0.00536868
0.00539344
0
0.0218295
0.0299262
0.0499318
0.145127
0.0143562
0.909708
0.023289
1
0.990563
0.00278245
0
0.00946757
0.0217487
0.0448169
0.0975461
0.0140216
0
0.00249704
0.00265251
0.00249633
0.00289226
0.00558754
0
0.00850534
0.0120989
0.00505701
0
0.00570835
0
0.00249704
0.00263824
0.00258096
0.00307648
0.0398601
0.00524685
0
0.00266384
0.00551182
0
0.00255277
0
0.00524685
0.00278323
0.0026727
0
0.00276109
0.00277661
0.0110939
0
0
0.00665858
0.0164653
0.0133876
0.00557726
0.00270447
0
0.00533658
0.00264097
0.00536431
0.028841
0
0.00783973
0.0055559
0.17233
0
0.0136757
0.00404206
0.00280962
0.00748811
0.559548
0.00255997
0
0.00290241
0.0147211
0.0100834
0.0409322
0.0387958
0.0293144
0.00282436
0.00500821
0
0.00366668
0.00279999
0.0112173
0.0404831
0.0131536
0.00556898
0.0114926
0.0583778
0
0.00563046
0.00332303
0
0.00267202
0.0668007
0.0496291
0.0166045
0.0119331
0.0214906
0.00295596
0.0055063
0.00894428
0.00470807
0.00535531
0.00290871
0.00245947
0.00400803
0.0194497
0.0350754
0.0417468
0.183612
0.00714157
0.93914
0
0.0101651
0.0488823
0.986425
0.00292691
0.00836765
0.0130616
0.0209259
0.00556041
0.00282436
0.00564971
0.0055846
0
0.00406881
0.00847743
0
0.0105635
0
0.0054462
0.00256699
0.00282436
0
0.00269961
0.00528626
0.00524271
0
0.00274626
0.116345
0.00567869
0.0148725
0.0140567
0.00288328
0
0.00523665
0
0.00273521
0.00282084
0.00268329
0.00263695
0.0056404
0
0.0217519
0.00272865
0.0191115
0.00267522
0.00277262
0.108182
0.00269025
0.0556355
0.0079653
0.00840037
0.0238893
0.00277879
1.02724
0.00765064
0.00543627
0.00493419
0.00567122
0.0123238
0.0330145
0.00363405
0
0
0.00778308
0.00522531
0.00252787
0.00978099
0.00493447
0.00575048
0.00726771
0.0110322
0.00291063
0.0438803
0.0029184
0.00251173
0.0102129
0.00777983
0.0839146
0.00524323
0.00386339
0.00540466
0.00261914
0.0282436
0
0.00993036
0.0077352
0.00266422
0.0304281
0.00840795
0.0140957
0.00281348
0.151488
0
0.0029184
0
0.00799211
0
0
0.00281677
0.00648069
0.00291635
0.00509592
0
0.00282212
0.0112563
0.0158383
0.00799291
0.00270229
0
0.00498558
0.00271663
0.00281465
0.00271729
0.0106859
0
0.00281465
0.00280069
0.0139134
0.0028537
0
0.0110811
0.00268329
0.00815546
0.102056
0.00283096
0
0.0356612
0.00549794
0.00268329
0.0188656
0.0026441
0.598242
0.00505578
0
0.00559412
0.00849524
0
0.035416
0.00933476
0.0150386
0
0.0158293
0.0104905
0.0026676
0.00585578
0.00626872
0.00793314
0.00276956
0.205481
0
0
0.00269941
0.0188198
0.0392121
0.00543942
0.00465504
0.00586645
0.00826788
0.0174627
0.00719405
0.0160554
0.00551834
0.00270437
0.0309649
0.00269694
0.0267634
0.00367684
0.00265473
0.0110933
0.00439297
0
0.00544549
0.0112311
0.00574757
0.00257691
0.0054126
0
0.0027651
0.00263727
0.00712981
0.00268216
0.00273765
0.00274892
0
0.00250963
0.0136116
0.00263587
0
0.00279302
0.00263653
0
0.00539364
0.0109108
0.0534723
0.00573276
0.0134377
0.00258132
0.00805769
0.28154
0.0741845
0
0
0.00582134
0.0248448
0.00655894
0.0027943
0.00289706
0.00649948
0.0027676
0.00263546
0.0977348
0
0.00788107
0.0248646
0
0.00546765
0
0
0.00524454
0.00292923
0.0131351
0.00268227
0.00543236
0.00627916
0.0115884
0.00523462
0
0.00395958
0.00751931
0.00276834
0
0.00256699
0.00269905
0
0.0229151
0.00269266
0.00534048
0.00405314
0.103458
0
0.00263644
0.00516908
0.00730435
0
0
0.00926868
0.00727002
0.00264562
0
0.00256699
0
0.00256699
0.00269206
0
0
0
0.00287737
0
0.00262832
0.00260491
0.0026619
0.00926868
0.0026619
0.0026619
0.00397229
0.268383
0.0566082
0.00286505
0.0135502
0
0
0.0262291
0.00253436
0.00536771
0.0025556
0.0126718
0.00253436
0.00400163
0.00282257
0.00284588
0.00316796
0
0
0.00253436
0.990664
0.411772
0.825254
0.314958
0.342895
1
0.589579
0.546696
0.0537563
