0.257225
0.00830447
0.00750762
0.360565
0.0116624
0.00830447
0
0.0142495
0.594287
0.00830447
0
0.01048
0.0211752
0.0299379
0.0160793
0.65397
0.00706651
0.0134573
0.00830447
0
0.0142495
0.0161115
0.00930979
0.0100344
0.0236547
0.0103618
0.616506
0.0180021
0.0145912
0.00803614
0.0119085
0.00980424
0
0
0.00674184
0.0136275
0.00756968
0.0187915
0.0559266
0
0.541212
0.0155916
0.0125896
0.0160261
0
0
0.0119992
0.0131325
0.0081054
0.0204109
0.0156294
0.0187915
0
0.0559266
0
0.541212
0
0
0.0251759
0.0154574
0
0.00786999
0.00788969
0.0131466
0.0119992
0.00729174
0.00902606
0.0135675
0.0156294
0.00930979
0.0206083
0.0559266
0
0.527103
0
0
0.00700167
0.00841025
0.0257861
0.0154574
0.00995352
0
0
0.00804428
0
0.0107548
0.0132666
0.0119992
0.00729174
0.00902606
0.0135675
0.0233866
0.0107827
0.0559266
0.575956
0
0.00814761
0.00707994
0
0.0257861
0.0152494
0
0.0251778
0.00980173
0.0449042
0
0.0283927
0.0137076
0.00756968
0.0107827
0.0720519
0
0.69746
0.0154005
0
0.0160488
0.00731009
0.014957
0.00876397
0.0131965
0.0113107
0
0
0.00752209
0.0156158
0.0252485
0.011155
0.098962
0
0
0
0.0635166
0.016929
0.00678341
0
0.0586959
0.055661
0
0.010432
1.00085
0.00804786
0.0253499
0.0236703
0
0.00876397
0
0
0.0235055
0.0252485
0.011155
0.0764533
0
0
0.0276992
0.013416
0.00764061
0
0.0192604
0.0479181
0
0
0.981266
0
0.01283
0.0230661
0.0161027
0
0.00876397
0
0
0.00807517
0.00842531
0
0.0331188
0.00837769
0.0109987
0
0.0143396
0.00819816
0.0132236
0
0
0.00963673
0.0318192
0
0.888607
0
0
0.0374914
0
0
0.0235093
0
0.0430554
0.0136852
0.0214344
0.0104978
0.0822086
0.00663261
0.00974982
0
0
0.778839
0.0125979
0.0677685
0
0.0143041
0.00800664
0.0118779
0.140268
0.00861321
0.0202959
0.0322121
0.0432451
0.00974528
0.0561346
0
0.0194779
0.00754771
0.00915098
0.055623
0.465511
0.0127824
0.0225347
0.00708777
0.0279451
0.0655684
0
0.0288568
0.190951
0.02468
0.0440426
0.00858031
0.054094
0.0629953
0.0329773
0
0
0.0576042
0.0633167
0.0142404
0.0204331
0.666579
0.0245618
0.0375421
0.042458
0.0572556
0
0.0287783
0.0934448
0.0167551
0.0109441
0
0.0548869
0
0.0324506
0.0121236
0.0493716
0.0325298
0.00775624
0.00982765
0.0672331
0.0398127
0.010628
0.390968
0.0127484
0.00757753
0.0170671
0.0147526
0.00876803
0.011435
0
0.0427044
0.0236355
0.00792492
0.0215523
0.00821926
0.0109153
0.012457
0.0350651
0.00758805
0.00650414
0.0286059
0.00824874
0.050847
0
0.00777426
0.0170671
0.0435135
0
0.0126517
0.014933
0.00824124
0.0464705
0.00790292
0.0102605
0.0326113
0
0
0.0143372
0.0168074
0.00824551
0.00648129
0.00941207
0.0297113
0.00757263
0.0131507
0.0170671
0.0275239
0
0.0138937
0.0236817
0.0297251
0.0308693
0.0112603
0.0305048
0
0.0217529
0
0.0105585
0.0217752
0
0.00757598
0.0128396
0.0389417
0.00791558
0.0144567
0.0102857
0.0257032
0.00757263
0.0376578
0
0.0170671
0.0418598
0.0138937
0.0116186
0.0147921
0.0551768
0
0.0112603
0.0717461
0.0113933
0
0.011339
0
0.0285397
0
0.00757598
0.0125538
0.00992902
0.0379232
0.0155066
0.0144567
0.0208048
0.00757263
0.0514569
0.0694714
0.0138937
0.0457245
0.0100838
0.0436481
0
0.117845
0.0713455
0
0.0138608
0.0165115
0.0107646
0.0212975
0.0447655
0
0.00992902
0.0477245
0.00791558
0
0.0409782
0
0
0.0144791
0.0427042
0.00876069
0.0920383
0.0226196
0.0164578
0.0100838
0.0719249
0.133113
0.0238436
0.0111231
0.0814146
0.0271398
0.00823901
0.0328773
0.0312176
0.0343453
0.00799718
0.0450632
0.0385934
0.151333
0.00772215
0.0144634
0.257431
0.0369848
0.0154241
0.0280597
0
0.0521462
0.0229105
0.101493
0.00800893
0.109677
0.00802316
0.0222137
0.154024
0
0.00823901
0
0.0117364
0.0312176
0.0282402
0.00767162
0.0397412
0.0474203
0.162559
0.0287875
0.358181
0.0125326
0.0132481
0
0.00736244
0.0268828
0.0411822
0.0438904
0.0312207
0
0.0225547
0.0304469
0.0209773
0
0.0719128
0.0144498
0.00814669
0.00826399
0.0330314
0.00732346
0.0374256
0.0474312
0
0.283367
0.0127301
0.0132481
0.0127696
0.0108625
0
0.00812543
0.00779273
0.0106798
0.0105312
0.0106
0.0159168
0.00732346
0.0287755
0.0191767
0.110665
0.0128372
0
0.0114064
0.0106687
0.166251
0.0162964
0
0
0
0.0114064
0.0106687
0.00966221
0.144046
0.0162964
0
0
0
0.0114064
0.0129656
0
0.0148967
0.144046
0.0162964
0.0291411
0
0
0
0.0114064
0.0138212
0
0
0
0
0.00796187
0.0205286
0.00998861
0
0.155549
0
0.0323902
0.0144061
0
0.011195
0.0167548
0.00924074
0
0.0330579
0.0138212
0.00904192
0.0128952
0.0212431
0.00882688
0.00796187
0.030797
0.00998861
0.00862551
0.0486351
0.173779
0.0258023
0.0182969
0
0.0474228
0.0183644
0.0134296
0
0
0.011195
0.0158573
0.0421736
0.00924074
0.0123146
0.0114064
0.0121166
0.0281297
0.0183123
0
0.0393138
0.0214871
0.00742261
0
0.0168738
0.00846137
0.00999281
0.0530187
0.0486277
0.248565
0
0.0166428
0.0258023
0.00809182
0.0182969
0
0.110263
0.0183644
0.0421122
0.012416
0
0.0226747
0.0310264
0
0.00993721
0.0250608
0.0170366
0.0211978
0.0350581
0.0143085
0.0185488
0
0.0264187
0.0324915
0
0.0181529
0.00818416
0.0173735
0.0403148
0.04376
0.00866419
0.0647199
0.516174
0.0135629
0.0168331
0.0129165
0.0164423
0.0184346
0.022853
0.0955066
0.0368469
0.0283005
0.012416
0
0.0331338
0.0158861
0.00874452
0.0191558
0.0327951
0.0263712
0
0.0444281
0
0.0143085
0.0364377
0
0.0266068
0.0659396
0
0.018644
0.0167391
0.0143937
0.0173024
0.0201348
0.0315113
0.00866419
0.0628518
0.832383
0.0135629
0.0329607
0.0143467
0
0.052835
0.0234543
0.0469854
0.0177482
0.0143704
0.0247738
0
0.0329584
0.0321384
0.0259649
0.0388298
0.0169597
0.0357848
0.0434924
0.044937
0.0439612
0.0360926
0.0121439
0.0138289
0.165036
0.00790004
0.00926101
0.0343486
0.028894
0.0166498
0.0203854
0.0302033
0.00879181
0.0153193
0.901699
0
0.0423154
0.040124
0.00809182
0.0175881
0.0153506
0.0298896
0.0182296
0.0725198
0.0125169
0.035295
0.0225387
0.0153877
0
0.0299627
0.0349706
0.00912058
0.0585101
0.0772863
0.0340529
0.0439612
0.0454239
0.0121439
0.0534115
0.16264
0.00790004
0.0341752
0.0211314
0.024399
0.020218
0.0399984
0.0170865
0
0.998066
0.0262394
0.0508174
0.040124
0
0.0182637
0.0303075
0.015327
0
0.0285868
0.0352139
0.0437509
0.0314462
0
0.0294186
0.00882287
0
0.0231302
0.0556089
0.0215888
0.0280954
0.0453791
0.0121439
0.0127568
0.0651044
0.0224157
0.025834
0.0517398
0.0351275
0
0.0488823
0.0825523
0.00852029
0.0142515
0.928594
0.0128329
0.00803314
0.121641
0
0.0182637
0.065725
0.045374
0.00871068
0.0420435
0
0.0221883
0.0138355
0
0.0271504
0.0333492
0.0438757
0
0.104991
0.0123644
0.0441982
0.0116887
0.0381156
0.0765024
0.00757143
0.0179304
0.0339897
0.0341087
0.0165385
0.0648564
0.0493312
0
0.045694
0.790001
0.00803314
0.105593
0.00774032
0.0159955
0.0586052
0.0583828
0
0.0138858
0
0.0334028
0.030323
0.0159838
0.0185887
0.0331793
0
0.0218774
0.0416302
0.0442124
0
0.107845
0.0257722
0.0631378
0.030358
0.0271387
0.0395561
0.0340306
0.0166213
0.0373042
0.0787073
0
0.0277022
0.754463
0.0080236
0.167831
0.00783321
0
0.00745933
0.0738969
0.016826
0.0537885
0.0231932
0.0167394
0.0208995
0.0150171
0.0081264
0.0090882
0.0330765
0.00806188
0.0438922
0.0517174
0.0449766
0.208725
0.0114271
0
0.134004
0.0151104
0.008629
0.0333712
0.0537166
0.0157692
0.133305
0.0409155
0
0.0273238
0.546985
0.089141
0.0167505
0.0643543
0.00783321
0
0.0356523
0.0736144
0.00824431
0.0955902
0.0119717
0
0.0638693
0.0150171
0.0164152
0.0090882
0.0409164
0.0424111
0.0334973
0.0859523
0.0230426
0.366251
0.0216541
0.113785
0.00757143
0.0349221
0.0578284
0.039978
0.030386
0.104929
0.0595181
0.00744623
0.0422426
0.386323
0.0654834
0
0.0270931
0.0300308
0
0.0360626
0.0575363
0
0.0416131
0.0107389
0.00817885
0.0090882
0.0247408
0.0170956
0.0453667
0.0860528
0
0.0414963
0.174818
0
0.0128818
0.0612418
0.00721791
0.0179548
0.0240024
0.032173
0.00817331
0.0679683
0.0503529
0.0229605
0.0427796
0.133906
0.0533493
0
0.0129087
0.0227337
0
0.014016
0.0153321
0
0.0273933
0
0.00837045
0.0164351
0.0452392
0.0318727
0.0283168
0.0423793
0.0110559
0.0127943
0.0510858
0
0.0165359
0.0129387
0.0378567
0
0.0154508
0.0717518
0.0128224
0
0.0251656
0
0
0.011604
0
0.0352305
0.0105796
0.0334208
0.040327
0
0
0.00836594
0
0
0.00777166
0.0313208
0
0
0.0137526
0.011604
0
0
0.0255461
0.0130956
0.0206546
0
0.00924267
0
0.0313208
0
