0.0065426
0.0065426
0.0065426
0.0065426
0.0065426
0.0065426
0.0065426
0.0065426
0.0065426
0.00714221
0.00728545
0.00728545
0.00728545
0.00728545
0.00728545
0.00734999
0.00734999
0.00734999
0.00773488
0.0198344
0.0198344
0.0198344
0.00738879
0.00738879
0.00738879
0.00738879
0.0208159
0.0208159
0.0208159
0.0121885
0.00748521
0.00748521
0.00748521
0.00666328
0.00666328
0.00666328
0.00631097
0.00631097
0.00631097
0.00631097
0.00689778
0.00689778
0.00689778
0.00689778
0.00689778
0.00689778
0.00689778
0.00689778
0.00688973
0.00688973
0.00688973
0.00688973
0.00805278
0.00805278
0.00805278
0.00805278
0.00805278
0.00805278
0.00805278
0.00805278
0.00805278
0.00805278
0.0158506
0.0158506
0.0158506
0.00678402
0.00678402
0.00678402
0.00678402
0.00761883
0.00761883
0.00761883
0.00610863
0.00610863
0.00610863
0.00610863
0.00610863
0.00610863
0.00610863
0.00610863
0.00610863
0.00610863
0.00610863
0.00709859
0.00709859
0.00709859
0.00709859
0.00709859
0.00709859
0.00709859
0.00709859
0.00709859
0.00709859
0.00709859
0.00671136
0.00671136
0.00671136
0.00671136
0.00671136
0.00671136
0.00671136
0.00671136
0.00671136
0.00671136
0.0207921
0.0207921
0.0207921
0.00683561
0.00683561
0.00726205
0.00726205
0.00726205
0.00726205
0.00726205
0.019938
0.019938
0.019938
0.00749207
0.0077641
0.0077641
0.00714977
0.00714977
0.00736182
0.00726984
0.00736582
0.00668278
0.00668278
0.00668278
0.00668278
0.00668278
0.00668278
0.00668278
0.00668278
0.00668278
0.0062956
0.0062956
0.0062956
0.0062956
0.0111211
0.0111211
0.0104898
0.00815761
0.0073137
0.0073137
0.00648128
0.00648128
0.00712173
0.00712173
0.00712173
0.00712173
0.00727373
0.00727373
0.00808095
0.00808095
0.0108608
0.0108608
0.0102442
0.00796664
0.00695778
0.00695778
0.00661643
0.00661643
0.00661643
0.00661643
0.00661643
0.00661643
0.00661643
0.00661643
0.00661643
0.0074693
0.0074693
0.0074693
0.0074693
0.00645442
0.00645442
0.00645442
0.00662283
0.019378
0.019378
0.019378
0.00698201
0.0071335
0.00768308
0.00768308
0.00728629
0.006221
0.006221
0.0208314
0.0208314
0.0208314
0.0070259
0.0070259
0.0070259
0.00696917
0.00696917
0.00696917
0.00696917
0.00696917
0.00696917
0.00696917
0.00696917
0.00696917
0.00696917
0.0076298
0.00683877
0.00683877
0.00683877
0.00685978
0.00685978
0.00685978
0.00685978
0.00790898
0.00790898
0.00790898
0.00790898
0.00785112
0.00701493
0.00701493
0.00701493
0.00701493
0.00701493
0.00701493
0.00701493
0.00701493
0.00696994
0.00696994
0.00696994
0.00696994
0.0174458
0.0174458
0.00807024
0.00807024
0.0070637
0.019354
0.0072816
0.0072816
0.0072816
0.00816869
0.00816869
0.00785254
0.00785254
0.0172583
0.00641788
0.00641788
0.00711108
0.00711108
0.00711108
0.00711108
0.0187269
0.0187269
0.00731931
0.00748786
0.00748786
0.00748786
0.016395
0.016395
0.00699917
0.0198793
0.0198793
0.0198793
0.00702735
0.00702735
0.00702735
0.00702735
0.00692975
0.00692975
0.00692975
0.00692975
0.00714082
0.0070075
0.0070075
0.00807516
0.00807516
0.00708875
0.00708875
0.00323908
0.00717476
0.00717476
0.00717476
0.00717476
0.00717476
0.00639133
0.00716008
0.0163931
0.0163931
0.0163931
0.00776994
0.007354
0.007354
0.007354
0.007354
0.007354
0.007354
0.007354
0.007354
0.007354
0.0189106
0.0189106
0.0189106
0.0198425
0.0198425
0.0198425
0.0184372
0.0184372
0.0184372
0.0184372
0.0066642
0.0066642
0.0066642
0.00690693
0.00690693
0.00690693
0.00690693
0.00816264
0.00660495
0.00660495
0.00733729
0.0200738
0.0200738
0.0200738
0.00769508
0.0187877
0.0187877
0.0187877
0.0187877
0.00741447
0.0065132
0.0065132
0.00675799
0.00675799
0.00675799
0.0190899
0.0190899
0.00641887
0.00641887
0.0065837
0.0065837
0.0065837
0.0065837
0.0065837
0.0065837
0.0065837
0.0065837
0.00499199
0.00673103
0.00673103
0.0176541
0.0176541
0.00806407
0.00806407
0.00806407
0.00806407
0.00720207
0.00720207
0.00720207
0.00720207
0.0061488
0.0061488
0.0061488
0.0061488
0.0061488
0.0061488
0.0061488
0.0061488
0.0061488
0.00728616
0.00706291
0.00817387
0.00817387
0.00817387
0.00817387
0.00817387
0.00715682
0.00660847
0.00660847
0.00660847
0.0162197
0.0162197
0.00692436
0.00716773
0.00649403
0.00649403
0.00649403
0.0186226
0.0186226
0.0186226
0.0186226
0.00813242
0.0188565
0.0188565
0.0188565
0.00674651
0.00674651
0.00674651
0.00634724
0.00634724
0.00634724
0.00634724
0.00703675
0.00703675
0.00742622
0.00742622
0.0187566
0.0187566
0.0187566
0.0187566
0.0063575
0.00672654
0.0208826
0.0208826
0.0208826
0.00759374
0.00759374
0.00759374
0.00759374
0.00759374
0.00759374
0.00759374
0.00759374
0.00759374
0.00759374
0.00759374
0.00639518
0.00639518
0.0176616
0.0176616
0.0176616
0.0188639
0.0188639
0.0061853
0.00777791
0.00777791
0.0201067
0.0201067
0.0201067
0.00713426
0.00713426
0.00713426
0.00633136
0.00759733
0.00759733
0.00610351
0.00610351
0.00622316
0.00622316
0.00622316
0.00622316
0.00622316
0.00622316
0.00622316
0.00622316
0.00622316
0.00651843
0.00648426
0.00606716
0.00606716
0.00606716
0.00606716
0.0070606
0.0070606
0.0070606
0.0070606
0.0070606
0.0070606
0.0070606
0.0070606
0.0070606
0.0069393
0.0069393
0.0086409
0.0086409
0.0065067
0.0065067
0.0065067
0.0065067
0.0065067
0.0065067
0.0065067
0.0065067
0.0065067
0.00677903
0.00677903
0.00677903
0.00677518
0.00677518
0.00677518
0.00344397
0.00344397
0.0180936
0.0180936
0.0180936
0.00653919
0.00682802
0.00682802
0.00682802
0.0187366
0.0187366
0.0187366
0.0187366
0.0187366
0.00682703
0.00682703
0.016661
0.016661
0.016661
0.0105762
0.0105762
0.0122369
0.00717536
0.00717536
0.00717536
0.00717536
0.00717536
0.00717536
0.00717536
0.00717536
0.00717536
0.00628469
0.0162747
0.00815358
0.00815358
0.00815358
0.00688107
0.00646192
0.00646192
0.00646192
0.00646192
0.00646192
0.00646192
0.00646192
0.00646192
0.00646192
0.00646192
0.0072047
0.0072047
0.0072047
0.0072047
0.00642988
0.00642988
0.00642988
0.00697302
0.00762024
0.00762024
0.00628612
0.00628612
0.00719651
0.00719651
0.00719651
0.00719651
0.00671125
0.0040519
0.00624739
0.00624739
0.00707215
0.00707215
0.00707215
0.00707215
0.00723685
0.0205309
0.0187546
0.00755066
0.00755066
0.00755066
0.00632843
0.00632843
0.00632843
0.00725851
0.00725851
0.00725851
0.00683296
0.00683296
0.00683296
0.0190591
0.0190591
0.0190591
0.00685342
0.00685342
0.00621376
0.00694437
0.00694437
0.00694437
0.00622164
0.00622164
0.00622164
0.00622164
0.0164168
0.0164168
0.0164168
0.0070439
0.00777385
0.00789073
0.00597642
0.00597642
0.00108408
0.00787222
0.00737765
0.00737765
0.00737765
0.00721021
0.00721021
0.00721021
0.00721021
0.00685529
0.00685529
0.00685529
0.00611057
0.00611057
0.00611057
0.00611057
0.00611057
0.00611057
0.00611057
0.00611057
0.00611057
0.00611057
0.0101933
0.0101933
0.00747703
0.00728959
0.00728959
0.00728959
0.00644716
0.00644716
0.00644716
0.00644716
0.00644716
0.00644716
0.00644716
0.00644716
0.00644716
0.0190533
0.0190533
0.0190533
0.00669847
0.00669847
0.0065008
0.0065008
0.00665641
0.00665641
0.00665641
0.00790919
0.00790919
0.00727546
0.00727546
0.00727546
0.00730085
0.00730085
0.00730085
0.00735355
0.0150452
0.0150452
0.00854579
0.00804132
0.00804132
0.00804132
0.00804132
0.00804132
0.00804132
0.00804132
0.00804132
0.00804132
0.00804132
0.00804132
0.00774829
0.00774829
0.00725203
0.00725203
0.00725203
0.00725203
0.0067963
0.0067963
0.0067963
0.0067963
0.00730438
0.00730438
0.00730438
0.00730438
0.00773948
0.00773948
0.0106826
0.0106826
0.0123601
0.00736604
0.00780437
0.0108344
0.0108344
0.0102193
0.00794728
0.0068214
0.0068214
0.0068214
0.0068214
0.00698343
0.00698343
0.00727356
0.00727356
0.00727356
0.00727356
0.00714454
0.00790565
0.00790565
0.00718912
0.00718912
0.00718912
0.00718912
0.00729187
0.00729187
0.00687525
0.00687525
0.00687525
0.00772709
0.00772709
0.0148948
0.0195066
0.0195066
0.0195066
0.00733975
0.0070893
0.0070893
0.0070893
0.0070893
0.0190244
0.0190244
0.0190244
0.00721464
0.0170325
0.00646996
0.00591822
0.00801809
0.00758807
0.00758807
0.00758807
0.00758807
0.0115665
0.00689217
0.00689217
0.00756936
0.00756936
0.00804728
0.00625405
0.00625405
0.00625405
0.0073429
0.0073429
0.0073429
0.00606949
0.00731819
0.00610426
0.00610426
0.00642393
0.00701229
0.00701229
0.00701229
0.00645272
0.0127309
0.00687701
0.0184944
0.00789542
0.0067585
0.0067585
0.0067585
0.0067585
0.0067585
0.0067585
0.0067585
0.0067585
0.0067585
0.00731285
0.00731285
0.00731285
0.00770551
0.00770551
0.00756368
0.00756368
0.00756368
0.00734567
0.00734567
0.00734567
0.00734567
0.00734567
0.00734567
0.00734567
0.00734567
0.00734567
0.00626539
0.00626539
0.00626539
0.00626539
0.00685663
0.00685663
0.00685663
0.00685663
0.00667186
0.00802918
0.00802918
0.0102132
0.00607059
0.00607059
0.00607059
0.00607059
0.00607059
0.00607059
0.00607059
0.00607059
0.00607059
0.00607059
0.00745768
0.00745768
0.00627063
0.00627063
0.00627063
0.00627063
0.00627063
0.00627063
0.00627063
0.00627063
0.00627063
0.00777217
0.00777217
0.00692282
0.00692282
0.00692282
0.00773909
0.00773909
0.00773909
0.00773909
0.00773909
0.00773909
0.00773909
0.00773909
0.00773909
0.00773909
0.00785366
0.00730657
0.00730657
0.00730657
0.00730657
0.00730657
0.00730657
0.00730657
0.00730657
0.00730657
0.0164509
0.0164509
0.00733826
0.00734881
0.00734881
0.00734881
0.00734881
0.00723174
0.00723174
0.00690092
0.00690092
0.00690092
0.00690092
0.00690092
0.00690092
0.00690092
0.00690092
0.00690092
0.00817332
0.00817332
0.00616769
0.00616769
0.00616769
0.00616769
0.00616769
0.0062094
0.00780822
0.00701472
0.00701472
0.0203796
0.0203796
0.0203796
0.00666479
0.00666479
0.00666479
0.00666479
0.00695544
0.00695544
0.00689087
0.00689087
0.00689087
0.0191703
0.0191703
0.0191703
0.00685989
0.00767036
0.00767036
0.00767036
0.00797461
0.00991195
0.00991195
0.00727064
0.00732681
0.0072567
0.0072567
0.0072567
0.0074246
0.0074246
0.00718651
0.00718651
0.00718651
0.00718651
0.00718651
0.00718651
0.00718651
0.00718651
0.00718651
0.00718651
0.00681408
0.00681408
0.00681408
0.00681408
0.00681408
0.00681408
0.00681408
0.00681408
0.00681408
0.00672997
0.00672997
0.00812072
0.00812072
0.00812072
0.00665747
0.00313013
0.00313013
0.00504888
0.00504888
0.00504888
0.00682972
0.00682972
0.00682972
0.00607101
0.0157333
0.00719801
0.00719801
0.00719801
0.00719801
0.00719801
0.00719801
0.00719801
0.00719801
0.00719801
0.00719801
0.0115483
0.00171655
0.00171655
0.00171655
0.00171655
0.00171655
0.00171655
0.00171655
0.00171655
0.00171655
0.00645853
0.00645853
0.00645853
0.0171258
0.00618641
0.00618641
0.00618641
0.00618641
0.00669855
0.00669855
0.00669855
0.00669855
0.00669855
0.00669855
0.00669855
0.00669855
0.00669855
0.00738675
0.0101648
0.0101648
0.0101648
0.0101648
0.00711581
0.00711581
0.00761356
0.00761356
0.0127116
0.0079823
0.0079823
0.0079823
0.0103264
0.0103264
0.0103264
0.00974011
0.00703767
0.00799958
0.00618268
0.00610942
0.00610942
0.00668682
0.00668682
0.00668682
0.00668682
0.00668682
0.00668682
0.00668682
0.00668682
0.00668682
0.00668682
0.0061809
0.00732926
0.00732926
0.00732926
0.00368366
0.00888383
0.0119833
0.0119833
0.00988173
0.00988173
0.00724848
0.00690991
0.00690991
0.00737172
0.00737172
0.0189377
0.0189377
0.0189377
0.0189377
0.0172363
0.0172363
0.0172363
0.00688112
0.00636519
0.00636519
0.00636519
0.00636519
0.00636519
0.00804844
0.00804844
0.0127372
0.0127372
0.0072364
0.0072364
0.0072364
0.00302361
0.00973626
0.00697056
0.00697056
0.00697056
0.0166621
0.0071132
0.00790427
0.00790427
0.00790427
0.00689496
0.00689496
0.00689496
0.00754382
0.00754382
0.00735864
0.00735864
0.00735864
0.0063028
0.0063028
0.0063028
0.0063028
0.00706491
0.00706491
0.00667351
0.00750236
0.00805492
0.00911726
0.0115705
0.00685066
0.00685066
0.00685066
0.00865761
0.0116782
0.0116782
0.0206239
0.0206239
0.0206239
0.0176734
0.00734413
0.00734413
0.00734413
0.00967244
0.00967244
0.00709496
0.00731503
0.00744185
0.00744185
0.00744185
0.020885
0.020885
0.020885
0.00652951
0.0160263
0.0160263
0.0201532
0.0201532
0.0201532
0.00814151
0.00610642
0.00610642
0.00610642
0.00610642
0.00610642
0.00916505
0.0116312
0.00710086
0.00710086
0.00710086
0.00710086
0.00710086
0.00710086
0.00710086
0.00710086
0.00710086
0.00767898
0.00767898
0.00767898
0.00620075
0.00620075
0.00620075
0.00620075
0.00760525
0.00760525
0.00760525
0.00760525
0.00760525
0.00760525
0.00760525
0.00760525
0.00760525
0.00760525
0.0119151
0.00677289
0.00677289
0.00785405
0.0175003
0.0175003
0.0175003
0.00702731
0.00702731
0.00702731
0.00658721
0.00658721
0.00658721
0.00713085
0.00713085
0.00713085
0.0072111
0.0072111
0.0072111
0.0072111
0.0072111
0.0180995
0.0180995
0.00772684
0.00782805
0.00782805
0.00782805
0.00729433
0.00729433
0.00729433
0.00729433
0.00701627
0.00701627
0.00701627
0.00701627
0.00701627
0.00271121
0.0196825
0.0196825
0.0196825
0.0102766
0.0102766
0.0102766
0.00969315
0.0110811
0.0110811
0.0110811
0.010452
0.0069803
0.0069803
0.0069803
0.00625202
0.000160097
0.00648437
0.00648437
0.00673011
0.00904184
0.00514081
0.00514081
0.00669521
0.00669521
0.00669521
0.00730905
0.00730905
0.00730905
0.00730905
0.00730905
0.00730905
0.00730905
0.00730905
0.00730905
0.00721287
0.00721287
0.00721287
0.00630588
0.00630588
0.00630588
0.00630588
0.00630588
0.00642965
0.00642965
0.00642965
0.00674727
0.00674727
0.00674727
0.00674727
0.00708265
0.00708265
0.00708265
0.00708265
0.00807695
0.00733418
0.00733418
0.00733418
0.00669921
0.00284846
0.00728572
0.00728572
0.00728572
0.00728572
0.00728572
0.00728572
0.00728572
0.00728572
0.00728572
0.00726602
0.00833594
0.0075382
0.00637518
0.00637518
0.00637518
0.00637518
0.00637518
0.0105059
0.00633146
0.00633146
0.00633146
0.00633146
0.00633146
0.00633146
0.00633146
0.00633146
0.0188826
0.0188826
0.0188826
0.0167318
0.0183166
0.00704496
0.00704496
0.0120308
0.00813608
0.00813608
0.00691057
0.00691057
0.00691057
0.00691057
0.00657664
0.00657664
0.00739141
0.00695229
0.00695229
0.00609276
0.00609276
0.00609276
0.00609276
0.00609276
0.00685562
0.00678051
0.0115792
0.00697224
0.00697224
0.00697224
0.00697224
0.00697224
0.00697224
0.00697224
0.00697224
0.00697224
0.00697224
0.010999
0.010999
0.010999
0.00167484
0.00685164
0.00685164
0.0202155
0.0202155
0.0202155
0.0097013
0.0097013
0.0097013
0.00123053
0.00123053
0.00123053
0.00123053
0.00625685
0.00625685
0.0177506
0.00717663
0.00717663
0.00717663
0.00717663
0.00717663
0.0177315
0.00703948
0.00703948
0.00703948
0.00703948
0.00703948
0.0195476
0.0118652
0.0174138
0.00981773
0.00981773
0.00794293
0.00794293
0.00776921
0.00776921
0.00735364
0.00735364
0.00735364
0.00735364
0.00735364
0.00680112
0.0165076
0.00704723
0.00766352
0.00766352
0.00766352
0.00611864
0.00611864
0.00611864
0.00611864
0.00611864
0.00611864
0.00611864
0.00611864
0.00611864
0.00611864
0.0184179
0.00647913
0.00647913
0.00647913
0.00986672
0.00986672
0.00710644
0.00874377
0.00340984
0.00829157
0.00829157
0.00675037
0.00675037
0.00675037
0.00743589
0.00743589
0.00743589
0.0200531
0.0200531
0.0200531
0.00911094
0.00911094
0.0122897
0.00681285
0.00681285
0.00681285
0.00783264
0.00699879
0.00699879
0.00699879
0.00699879
0.00699879
0.00400866
0.00400866
0.00400866
0.00541715
0.00679077
0.0115967
0.0204894
0.0204894
0.0204894
0.00655827
0.00655827
0.00704033
0.00704033
0.00704033
0.00704033
0.00703686
0.00703686
0.0102766
0.0102766
0.0102766
0.00969318
0.0177826
0.0177826
0.00759156
0.00751035
0.00751035
0.00751035
0.00709334
0.00709334
0.00709334
0.00574651
0.00676152
0.00676152
0.0169352
0.0169352
0.0165944
0.0165944
0.00708431
0.00724498
0.0080155
0.00690913
0.00690913
0.00690913
0.00690913
0.00709411
0.00709411
0.00709411
0.00709411
0.00709411
0.00737289
0.00737289
0.00741486
0.00704925
0.0182684
0.00851902
0.0129338
0.00694929
0.0118674
0.00606196
0.00606196
0.00606196
0.00606196
0.00707108
0.0120754
0.00709275
0.00709275
0.00709275
0.018294
0.00730832
0.00730832
0.00730832
0.00730832
0.00730832
0.00730832
0.00730832
0.00730832
0.00730832
0.00730832
