0
0.112427
0.229044
0
0.516479
0
0.0168566
0.614504
0
0.36768
0
0.360775
0
0.270807
0.310488
0.406888
0.618362
0.612006
0.625067
0.00674228
0.752881
0.0134767
0.0127383
0.948287
0.0593664
0.00996056
0.0062764
0.00674228
0.008068
0
0.0184788
0.00994152
0.419414
0
0.00958195
0.00716015
0
0.0103382
0.0112346
0.191742
0.020923
0.0131713
0.00813583
0
0.0184788
0.0109891
0
0.00890419
0.0442844
0.0135126
0.362893
0.0097321
0.0188731
0.00830438
0.0127638
0.0076699
0.0313966
0.017647
0.0112346
0.325155
0.0203469
0.00997104
0.082268
0.00813583
0.00896161
0
0.00932209
0.0867032
0
0
0.10863
0.0145271
0.0150895
0.381106
0.0205838
0.0104406
0.0196429
0.015972
0.00667513
0.0076699
0.0218135
0
0.0346652
0.0112346
0.386831
0.0309594
0.00638962
0.0192409
0.054942
0.0163987
0
0.00932209
0.118642
0.0077051
0
0.0107491
0.0102187
0.28385
0.0281334
0.0108379
0.232711
0.00747649
0.0104406
0.00749843
0.015972
0.0211905
0.0076699
0.0356272
0.0112368
0
0.0112346
0.417208
0.0307067
0.0192409
0.0546543
0.0163987
0.0289349
0
0.0190294
0.154012
0.00776661
0
0.0107491
0.020578
0.18833
0.0284666
0.014754
0.156304
0.181595
0.0104406
0.0247593
0.00749843
0.015972
0.00667513
0.0076699
0.0581602
0.0112368
0.0161644
0
0
0.465054
0.0302812
0.0192409
0.0479376
0.0289349
0.0105534
0.0468682
0
0.118642
0.0234762
0
0.0107491
0.020578
0.195562
0.029621
0.014466
0.156304
0.160786
0.020394
0.00880937
0.0361032
0.015972
0.0076699
0.0461959
0.02104
0.0176374
0
0.017647
0
0.962719
0.0206669
0.00734718
0.0286399
0.0411953
0.0172053
0.0088028
0.0105534
0.0391359
0.118642
0.00751671
0.00687471
0
0.020578
0.195721
0.029621
0.014466
0.156304
0.153159
0.020394
0.00880937
0.0237557
0.015972
0.0076699
0.0121248
0
0.0176374
0.0339196
0.0358911
0.91222
0.0206669
0.00734718
0.0371971
0.0411953
0.0170583
0.0312238
0.0476274
0.118642
0.00810771
0.00687471
0
0.0309104
0.00877941
0.187615
0.014932
0.014466
0.177277
0.146779
0.03071
0.00880937
0.0124119
0.0232559
0
0.0171761
0.017647
0.833733
0.00734718
0.0637807
0.021584
0.0174833
0.00960498
0.00986529
0.0479714
0.100909
0.00810771
0.0309104
0
0.155834
0.0296401
0.014466
0.243569
0.119999
0.0204766
0.00896167
0.0247753
0.015972
0
0
0.0171761
0.445735
0
0.0144315
0.0454792
0.00717227
0.00843232
0.010019
0
0.0195136
0.0103638
0.0652475
0
0.0150092
0
0.0099215
0.0951174
0.0296401
0.0287102
0.412239
0.0725146
0
0.021067
0.00767871
0
0.0345382
0.0351512
0.452512
0.00969337
0.00714352
0.0919989
0.00717227
0
0.0309477
0.051139
0.0143985
0.00756454
0.0086571
0.0175315
0.0425669
0.0291826
0.0155808
0.404949
0.0801192
0
0.0204322
0
0.0103319
0.00814336
0.0220439
0.0103777
0.0182293
0.0345382
0.440503
0.00969337
0.00698948
0.0638038
0
0
0.0105259
0.0096891
0.136657
0.00706743
0.00742598
0.0329399
0.00899523
0.0949321
0.0144746
0.0308588
0.25664
0.026246
0.00968124
0.015363
0.00607967
0.00661987
0.034011
0.0331162
0.322967
0.00969337
0.00698948
0.0544872
0
0.00891261
0
0.031493
0.0104511
0.10127
0.00726451
0.0325623
0.0285108
0.123642
0.0155808
0.171409
0.00686502
0.00968124
0.00990151
0.0123749
0.00814336
0.00607967
0.00661987
0.0695181
0.0163348
0.283002
0.00936183
0
0.0358309
0.0138327
0.00891261
0.0207279
0.0104511
0.101896
0.00781195
0.0215454
0
0.018826
0.143936
0.0155808
0.18223
0.00686502
0.0111017
0.00990151
0.0242091
0.0072934
0.0232298
0.00607967
0.00661987
0
0.0503218
0.0341979
0.235275
0.0545678
0
0.00891261
0
0.0207279
0.0105127
0.101896
0.00781195
0.0545716
0.018826
0.100842
0.0155808
0.293682
0.00686502
0.0111017
0.00990151
0.0242091
0.00765449
0.0150864
0.00661987
0.034011
0
0.0178631
0.163682
0
0
0.0562383
0
0
0.0106335
0.00985306
0.0105127
0.0664039
0.0225431
0.0851492
0.0267927
0.0565638
0.0468742
0.524888
0.0135741
0.0319589
0.00990151
0.0242091
0.00765449
0.00661987
0.0105562
0
0.0165906
0.0353551
0.0346649
0.129387
0
0.0645309
0
0.00948682
0.010735
0.00985306
0.0196115
0.0981476
0.014912
0.0409907
0.0181288
0.0343588
0
0.0146769
0.477438
0.00629161
0.00644851
0
0.0118342
0.00785999
0.00661987
0.0213506
0.0165906
0
0.0335755
0
0.127949
0.0177858
0.010735
0.00985306
0.0203385
0.0179614
0.00710002
0
0.0100307
0
0.0185592
0.0147194
0.0308817
0.542691
0.006571
0.0139539
0.0100769
0.00999902
0
0.0159372
0.00785999
0.00661987
0.0103485
0
0.0165369
0.0474985
0
0.00735211
0.0171755
0.00656715
0.00921122
0.0093014
0.0201268
0.0292568
0.0345564
0.00669898
0.00968454
0.0374011
0.0145572
0
1.0049
0.00737795
0.033111
0.0106497
0.0156862
0.0152738
0.0206496
0.0168247
0.0315656
0.0329784
0.0336965
0.0106002
0.00735211
0.0274617
0.0274834
0
0.0093014
0.0100567
0
0.0385686
0.0140634
0.00968454
0.0385745
0.0601866
0.0127843
1.00776
0.00629722
0.00737795
0.0545749
0.0106497
0.0159919
0.00768909
0.00705816
0.00781229
0.0669507
0.0164962
0.0317582
0.0131601
0.0274822
0.0208483
0
0.0460994
0.0145734
0
0.00883462
0
0
0.0604501
0.0164449
0.00669898
0.0223293
0
0.0646204
0.0572492
0.0139893
0.9887
0.0134619
0.00737795
0.0745774
0.0106497
0.0245306
0.0299617
0.00705816
0.00690067
0.0111471
0.0112799
0.0684314
0.0335214
0.0153166
0.0270913
0.0206779
0.00617011
0.111427
0.0144566
0
0.0102107
0
0.143577
0.016595
0.00739759
0.0322615
0.00954039
0.0930843
0.102033
0.0139893
0
0.973338
0.0208372
0
0.0744694
0
0.0311921
0.0378951
0.0133248
0.00759487
0.0240287
0
0.0513652
0.0153166
0.0480455
0.0106002
0.00693336
0.210644
0.0211978
0.075669
0
0.180649
0.0174373
0.00722456
0.128359
0.00976065
0.113115
0.118059
0.0139893
0.0493322
0.998046
0.0208588
0
0.146673
0
0
0.0166157
0.0223263
0.00640778
0.00759487
0.0120777
0.0183971
0.0179834
0.0497259
0.0106002
0
0.228007
0.0140438
0
0.0186672
0.0101938
0.0103827
0.194582
0.0352569
0
0.0344258
0.0959926
0.00984039
0.226418
0.146381
0
0.0324811
0.999114
0.00629722
0.071288
0.00896394
0.0114383
0.00720223
0.0231709
0
0.014739
0.0334164
0.0157395
0.0368326
0.0126048
0.0897313
0.00716322
0.1273
0.0109014
0.121628
0.015864
0.0077063
0.0410835
0.0395153
0.148117
0.0610229
0.0140485
0
1.01399
0.0136392
0.00676909
0.0300121
0.00896394
0
0
0.0155401
0.036726
0.0108462
0
0.0321713
0
0
0.0208774
0
0.00698045
0.0633945
0.0130423
0.00841729
0.496441
0.0103033
0.0173065
0.128947
0.0077063
0.0206185
0.019729
0.0195295
0.105885
0.0455768
0
0.43301
0
0.00676909
0.0423499
0.00896394
0.0122603
0
0.0301567
0.00934262
0
0.016453
0.00633613
0.0257738
0.0283463
0.00606126
0.647836
0
0.0905877
0.0160859
0
0.042312
0.00970373
0.0104382
0.142951
0.0223666
0.0129245
0
0.273858
0.00738548
0.00676909
0.0112611
0.0115581
0.00721651
0.0160087
0
0.0610103
0.0102425
0.00934262
0
0.016453
0
0.0123288
0.0285313
0.00968658
0.00698045
0.0180183
0.00824935
0.626008
0
0.101341
0.0160859
0.00687324
0.0204471
0
0.0104382
0.0622271
0.0225524
0.0258959
0.181863
0.0141981
0.0200618
0.0112611
0.0115581
0.00798841
0.00817049
0
0.0683649
0.00985322
0
0.0151687
0.0123288
0.0146724
0.00968658
0.0138563
0.0180183
0.00606126
0.626008
0.019018
0.00877973
0.112164
0.00687324
0.00730269
0
0.0536214
0.0147394
0.0129714
0.0315423
0.162746
0.0141981
0.0200618
0.0112611
0.00744926
0.00673073
0.0610103
0
0.033416
0.0151687
0.0361319
0.0217382
0.0197141
0.00698045
0.0180183
0.00606126
0.636035
0.0281098
0
0.110585
0.0138901
0
0.0270928
0.022848
0.0321876
0.113204
0.0341438
0.0208419
0.0110904
0.00916507
0.00798841
0
0.019423
0.0226521
0.033416
0.118346
0.0358719
0.020934
0.019593
0
0
0.00841729
0.702504
0.018171
0
0.101368
0
0.00658741
0
0.0278638
0.00792045
0.0321876
0.0906941
0.0210139
0.0571707
0.0110904
0.0478026
0.0111792
0
0.019423
0.0138605
0.0105491
0.0361147
0.0858125
0
0.0129475
0.00826869
0
0.822488
0.00930547
0.0424777
0.0306932
0
0.0068635
0
0.0263328
0.0150129
0.0611791
0.0502447
0.0110904
0.057005
0.00783637
0
0.019423
0.00699863
0.0188303
0.0858125
0
0.0129475
0.816262
0.0102517
0.0521373
0
0.00955788
0
0.0297261
0.0611791
0.0502447
0
0.0478026
0
0.00747959
0.019423
0.0858125
0.00626366
0.00937451
0.422269
0.0316975
0.00892986
0.0303201
0
0
0.0370574
0.0194805
0
