0.178081
0.0244376
0.023935
0.00287647
0.105753
0.00286234
0.104985
0.0134235
0.755114
0.353164
1
0.00542786
0.00531102
0.00330512
0.154061
0.0027123
0.152174
0.00760178
1
1
0.811499
0.016425
0.0160803
0.0625608
0.0609826
0.99943
0.304587
0.124255
0.980058
0.00310992
0.0528475
0.999303
0.0114535
1
0.568517
0.00306118
0.0280367
0.00287272
0.0121154
0.00785587
0.0080769
0.0484614
0.00282759
0.0253367
0.0111834
0.877851
0.396686
0.0583512
0.994284
0.102298
0.0598111
0.988697
0.449385
0.0611649
0.0390337
0.00317232
0.0313829
0.0552343
0.0137467
0.0367391
0.0313783
0.049111
0.0940584
0.059359
0.151707
0.100915
0.669322
0.146918
1.00814
0.019321
1
0.547326
0.0217951
0.121564
0.0300036
0.0242493
0.135667
0.0561784
0.803338
1.02105
0.00547031
1.32146
0.498249
0.0223192
0.0108222
0.0329951
0.0314799
0.144148
0.0963585
0.00260586
0.00294593
0.0987575
0.0573627
