0.0181506
0.0104867
0.0881486
0.127094
0.010387
0.0181506
0.320513
0.010387
0.0181506
0.362803
0.010387
0
0
0
0.00701714
0.362803
0.010387
0
0
0
0
0
0.00701714
0.405971
0
0.010387
0
0
0.0140168
0
0
0
0
0.00701714
0.346677
0.010387
0
0
0
0
0.0214068
0
0
0.0150355
0
0.80179
0
0.010387
0
0.0177931
0
0
0
0
0.0214068
0
0
0
0
0
0
0
0
0.00910109
0.805931
0
0.0231555
0
0.0161968
0
0
0
0.0121794
0.0214068
0.014524
0
0
0.0214562
0
0.00805599
0
0.020886
0
0
0
1.00449
0
0.0117449
0
0.0161968
0
0
0
0.0121794
0.0214068
0.0184924
0
0
0
0.0214562
0
0
0.00766746
0.020886
0
0.013905
1.00449
0
0
0
0
0.00734717
0
0.0121794
0.0214068
0.0184924
0
0
0.042683
0
0
0.0105812
0
0.013905
0.00868777
1.00449
0
0
0
0
0.00734717
0.0121794
0.0214068
0
0
0.00893378
0
0.0214562
0
0.00732642
0
0.0199998
0.0156027
0
0.00868777
1.00449
0
0
0.00876734
0
0
0
0
0.0214562
0.00946029
0.00732642
0
0.00941861
0.00720287
0.958852
0
0
0
0.0214562
0.00946029
0.00732642
0
0.00720287
0.00795989
0.316301
0
0.0145494
0.036629
0.00744148
0.00688768
0.0303961
0.00734655
0.0084906
0.200733
0.00744148
0.018895
0.167873
0.0342601
0.332288
0.00835988
0.00744148
0.018895
0
0.145794
0.143884
0.246629
0.00744148
0
0.0438178
0.015437
0.127917
0.167889
0.238914
0
0.00744148
0.387462
0.012947
0.117713
0.176513
0.238914
0.00744148
0.801495
0.0134457
0
0.0206161
0.0968098
0.194178
0.238914
0.00744148
0.586368
0.146276
0.202608
0.225411
0.00744148
0.133941
0.0175726
0.165555
0.31019
0.117978
0.0094174
0.00887988
0.449941
0.102562
0.0126421
0.017315
0.00867673
0.0190399
0.00702718
0.127944
0.31221
0.0589338
0.0094174
0.0184119
0.756444
0.0670901
0.11725
0.0172368
0.0115164
0.00749739
0.0367163
0.00833751
0.00716239
0.00772561
0.119485
0.257984
0.00768564
0.020177
0.0184119
0.0129545
0.559661
0.134293
0.0837697
0.0264919
0.00764965
0.0115164
0.0210984
0.00833751
0
0.0148669
0.130475
0.251967
0
0.012965
0.0184119
0.10878
0.523702
0.0603669
0.0670901
0.0124019
0.0165294
0.0115164
0.00833751
0.0148669
0.15106
0.260086
0.012965
0.00924918
0.10878
0.396655
0.0603669
0.0838128
0.0124019
0.0165294
0.0115164
0.00833751
0.022416
0.142562
0.368083
0.010648
0
0.00924918
0.123093
0.122352
0.0603669
0.0339868
0.0124019
0.0165294
0.0115164
0.00833751
0.022416
0.138755
0.5968
0.00787339
0.010648
0
0.00924918
0.123093
0
0.100472
0.078854
0.0527298
0.0124019
0.0165294
0
0.0075498
0.0215503
0.00833751
0.00702873
0.022416
0.0684512
0
0
0.561223
0
0.010648
0
0
0
0
0.00774715
0
0.0467458
0.018487
0.100803
0.0140664
0
0.0222453
0.0215503
0.00702873
0.00698206
0.0301821
0.0598889
0.026214
0.500996
0.00783905
0
0
0
0
0.0143841
0.00739204
0
0.010118
0.0123953
0.0370534
0.0140664
0.00872988
0
0.0442217
0.084438
0
0
0.00707089
0.00685467
0.0593114
0.0297927
0.00818304
0.027525
0.888713
0.0153631
0.0123837
0
0
0
0.0293723
0
0.0076433
0.0356078
0
0.0375819
0.0142702
0.00846372
0.0176163
0.00871691
0
0.0805731
0.0430065
0
0.00788743
0.021721
0.0154252
0.0545507
0.0610988
0
0.0271118
0.999449
0.0230802
0.0127593
0.0213335
0
0.0142278
0
0.0076433
0.00882088
0
0.011839
0
0.0553811
0.0285315
0.00846372
0.0175833
0
0.0117136
0.0663273
0.0214563
0.00906949
0
0.0288094
0.00769045
0.0846644
0.0412255
0.00848445
0.0135461
0.999449
0.0230802
0
0
0.0160848
0.0292195
0.0190939
0
0
0
0.011839
0.0422037
0.0158469
0.0553811
0.0142613
0.0690965
0
0.0231857
0.0663167
0
0
0.0362964
0.0841035
0.14153
0.00848445
0.0267214
0.999449
0.00771711
0.0310883
0
0
0
0.00978715
0.0073257
0
0.0102532
0.011839
0.0084858
0.198676
0.0285134
0.0507983
0.00918413
0
0.116295
0
0.0091939
0
0.0140876
0
0.0995121
0.293038
0
0.999449
0.00771711
0.0209372
0
0
0.00676479
0.011839
0.0084858
0.0734873
0.0285134
0.0320621
0.00918413
0
0.0730568
0
0.015834
0.00724189
0.0375887
0.120025
0
0.999556
0
0
0.0106512
0
0.0188304
0.0285134
0.123653
0.00918413
0.0210923
0.00782168
0.00634441
0.0470571
0.010774
0
0.611151
0
0.0150038
0
0.012003
0.0490839
0.00897837
0.245101
0.0200899
0.0345619
0
0
0.225009
0.137211
0.0182236
0.00683395
0
0.0173312
0.00624801
0.00205121
0.00205121
0.00205121
0.00205121
0
