0.00629245
0.0114136
0.0291646
0.00629245
0.306506
0.00629245
0.600257
0.00629245
0.600257
0.00629245
0.600257
0.00629245
0.600257
0.00629245
0.614523
0.0113106
0.381347
0.676171
0.663426
0.663426
0.676056
0.676056
0.0702165
0.0259285
0.0188045
0.0440578
0.464056
0.0165691
0.362574
0.0125697
0.622297
0.0165691
0.29961
0.266124
0.377673
0.0165691
0.025375
0
0.228558
0.325003
0.362894
0.0165691
0.413303
0.011067
0
0.228558
0.337163
0.348246
0.899756
0.011067
0
0.17111
0.39554
0.348246
0.624897
0.00615694
0
0.200275
0.429757
0.278831
0.114855
0.0097728
0
0.244367
0.592375
0.0538734
0.364896
0.00735398
0
0.13935
0.0161155
0.521429
0.261373
0.0166237
0.0660114
0.220562
0.208152
0.0166237
0.039471
0.184205
0.181204
0.0166237
0.0691098
0.184205
0.16827
0.0121912
0.0166237
0.0407686
0.206926
0.00665799
0.16827
0.0166237
0.0407686
0.206926
0
0.155814
0.00930978
0.0166237
0.010027
0.0407686
0.206926
0
0.027499
0.0659393
0.0126204
0.0327749
0.026359
0.263672
0
0.0139876
0.00979228
0
0.0166237
0.028641
0
0.7077
0.0139876
0
0
0
0.0166237
0.00835767
0.103413
0
1.01037
0
0
0
0.00835767
0.0900999
0
1.01037
0
0
0.00835767
0.0755918
0
1.01037
0.0140107
0
0
0.00835767
0.0755918
0
1.01037
0.0140107
0
0.0090015
0
0.0449076
0.0227035
0.0637885
0.241096
1
0.0383476
0
0
0.0894843
0.014705
0.0144824
0.0300457
0.0565059
0.133949
0.611493
0.0256776
0
0
0.178103
0.00998637
0
0.0144824
0.0147002
0.021103
0.107313
0.0431393
0.012785
0
0.159935
0.0074687
0.0144824
0.0210376
0.0664542
0.00848088
0
0.0216011
0.00895838
0.0074687
0.0265289
0.00848088
