0.017706
0
0.0391199
0.0475531
0.0182097
0.0119151
0
0.00769336
0
0.00906469
0.0181277
0
0.017706
0
0.0391199
0.158669
0.018902
0.0182097
0.0119151
0
0.0896834
0
0.0283153
0.0213017
0.011897
0.00690317
0.017706
0
0.0655809
0.311283
0.0207351
0.0571877
0.0182097
0.0119151
0.00902384
0.0372324
0.0145204
0
0
0.0946168
0.011897
0.00690317
0.017706
0.0237069
0.0776943
0.351513
0.0278338
0.0328256
0.047531
0.0182097
0.0113317
0.15208
0
0.018602
0.192953
0.011897
0.00690317
0.017706
0.0079609
0.00770984
0.158745
0.352746
0.0278338
0.00809743
0.063727
0.047531
0
0.0575152
0.0176879
0.0113317
0.351188
0.00715472
0.0907576
0.0986281
0.007913
0.0118678
0.0140316
0.017706
0.00668437
0.013301
0.00770984
0.170809
0.304388
0.0135715
0.0482416
0.0380574
0
0.00965042
0.00902932
0.0184604
0.0584899
0.011096
0.0176879
0.0159127
0.379821
0.00721951
0
0.108798
0.097571
0.0104353
0.007913
0.0109462
0.0240657
0
0.0116437
0.037365
0.00667238
0.221866
0.304388
0.00709867
0.0071257
0.0238054
0.0800563
0.0380574
0
0.0189416
0
0.0268384
0.138113
0.011096
0.072512
0.0072524
0.0173147
0
0.0117973
0.387929
0.0147401
0.107545
0.417325
0.007913
0.0109462
0
0.0106342
0.017706
0.0195588
0.0102886
0.6648
0.306224
0.00709867
0.0138726
0.0611761
0.0947481
0.0285612
0
0.00929119
0.00981158
0.0082758
0.0357704
0.221676
0.011096
0.0737055
0.0072524
0.0173147
0
0.0117973
0.390973
0.0206232
0
0.126216
0.587327
0.007913
0.0109462
0.00670104
0.017706
0.0184879
0.874516
0.384112
0.00709867
0.0071257
0.0757259
0.134172
0.0285612
0
0.00981158
0.0082758
0.0363421
0.277916
0.071642
0.0072524
0.0333249
0
0.0117973
0.541298
0.0651285
0
0.397007
0.774517
0.072087
0.0205753
0.00926652
0.849316
0.2451
0.00709867
0.0377683
0.103807
0.037773
0
0.00849233
0.00889952
0.0082758
0.0378616
0.314231
0.162106
0.0072524
0.0249488
0.0122375
0.0220696
0.522098
0.0800357
0.382
0.694125
0.0157958
0.0862894
0.0357233
0.00926652
0.629156
0.134266
0.00677158
0.059523
0.0718996
0.00942843
0.00849233
0.0285857
0.333359
0.0930794
0.0072524
0.0249488
0.0225853
0.0220696
0.478561
0.0593089
0.0167547
0.360404
0.410578
0.013007
0.101839
0.0119535
0.0143412
0.0196969
0.2352
0.0154972
0.0129764
0.0411694
0
0.154504
0.0409641
0.0072524
0.0220696
0.317338
0.0376896
0.00735783
0.269306
0.271871
0.013007
0.0939106
0.0116105
0.0386984
0.156691
0
0.0486799
0
0.157637
0.0441846
0.297962
0.0372792
0.504427
0.172124
0.00778138
0.0939106
0.00798141
0.0194392
0.246582
0
0.0330012
0
0.117891
0
0.0110484
0.0565233
0.22791
0.0305318
0.593876
0.153953
0.0193412
0.0383457
0.0710487
0.238637
0
0.0247196
0.0585339
0
0.0459543
0.134908
0.023149
0.323219
0.116664
0.0658708
0.00784105
0.0336619
0.0167361
0.0193945
0.0170137
0.196292
0.0069497
0.0336619
0.0193945
0.00835236
0.196292
0.091826
0.199337
0.12148
0.235729
0.0410806
0
0.00876052
0.0472791
0
0.010691
0
0.00876052
0.380486
0.0162703
0.0118335
0.0244114
0.0234334
0.0443933
0.0149976
0.0551064
0.0107329
0
0.00876052
0.38041
0.0162703
0.0372887
0.0244114
0.027313
0.0192965
0.057976
0
0
0.110987
0.0149976
0.648945
0.0107329
0
0.00876052
0.366177
0.0162703
0
0.074292
0.0244114
0.00970686
0.0885777
0.0677489
0.057976
0
0
0.325481
0.0271996
0.0149976
0.360735
0.0105965
0.0107329
0.00853337
0.0153724
0.36429
0
0.111848
0.0244114
0
0
0.116264
0.0875713
0.0216389
0.057976
0.0248186
0.0129366
0.402134
0.0354943
0.0296532
0.541412
0.0179999
0.00920472
0.0107329
0.0075797
0.00898953
0
0.0153724
0.0175627
0.0102757
0.00757645
0.245706
0
0.136125
0.0161804
0.423884
0.0969774
0.0216389
0.0697072
0.0248186
0
0.0108321
0.480938
0.0439523
0.00661299
0.0191275
0.148727
0.939673
0.0179999
0.0401144
0.0107329
0.0075797
0
0.0153724
0.0147358
0.0102757
0.00757645
0.194748
0.0150602
0.2202
0
0.580393
0.00839791
0.117095
0.0216389
0.0697072
0.0129226
0.0340686
0
0.02179
0.766645
0.126045
0.0141996
0.015987
0.149503
0.996224
0.00919547
0.0107897
0.0107329
0.0162776
0.0171221
0.00849249
0
0.0209959
0.00892599
0.0151254
0.170094
0.0161132
0.0150602
0.183082
0.0142047
0.522909
0.0160864
0.00839791
0.147907
0.0216389
0.057976
0.0263779
0.0507865
0.0127335
0.0625044
0.661307
0.108569
0.0219571
0.015987
0.173817
1.00584
0.0369604
0.0107897
0.0107329
0.0171221
0.00849249
0.0356325
0.00932093
0.0124992
0
0.0282229
0.00754895
0.12017
0.0153265
0
0.122564
0.00992759
0
0.369192
0.00803452
0.0174006
0.129176
0.0125815
0.0263957
0.0774913
0
0.0625044
0.484461
0.054505
0.00758662
0.0325109
0.196066
0.691784
0.0544869
0
0.0261777
0.0162969
0
0
0.0106955
0.0149331
0.00999601
0
0.00754895
0.0917264
0.00702912
0.0973945
0
0.164091
0.0998735
0.0105876
0.0278289
0.0168124
0.0521973
0.348555
0.019263
0.0177674
0.1798
0.534388
0.0354909
0.00886688
0.0261777
0.00849249
0
0.0149331
0.0200671
0.0124252
0.00763331
0.0610415
0.078096
0.0702959
0
0.0120522
0.0521973
0.304406
0.1557
0.479761
0.00986545
0.0175756
0.00849249
0.0149331
0.048766
0.140116
0.00944581
0.0594267
0
0
0.0120522
0.0521973
0.203221
0.110829
0.446109
0.00829704
0.0175756
0.00849249
0
0.137799
0.0295882
0.0120522
0.0521973
0.0232136
0.127647
0.373535
0.00849249
0.0525157
0.0521973
0.127647
0.0188378
0.0521973
0.120174
0.0188378
0.0123678
0.0115671
0.0102706
0.0494566
0.0492584
0.00829763
0.00332416
0.0728205
0.036746
0.0128038
0.0461405
0.0128038
0.0569816
0.0175751
0.0350069
0.0128038
0.208263
0.00924331
0.100366
0.130549
0.0128038
0.208263
0.00924331
0.100366
0.130549
0.00775583
0.0128038
0.208263
0.100366
0.130549
0.0128038
0.315668
0.255141
0.277291
0.0128038
0.0287985
0.0974169
0.277291
0.0128038
0.0141321
0.0386446
0.0141321
