0.0137876
0.0482386
0.01851
0.0383638
0.153699
0.0137876
0.0739858
0.01851
0.0587589
0.153699
0.0137876
0.0240815
0.0254361
0.01851
0.0383638
0.153699
0.0137876
0.0240815
0.0254361
0.0174201
0.0383638
0.24581
0.0137876
0.0240815
0.0254361
0.0174201
0.0383638
0.337621
0.0137876
0.0240815
0.0254361
0.0174201
0.0383638
0.428989
0.0137876
0.0240815
0.0254361
0.0174201
0.0383638
0.466831
0.0137876
0
0.124133
0.0240815
0.0528843
0.0369771
0.0383638
0.485794
0.0355104
0
0.0137876
0.0162417
0
0.0765423
0.269518
0.0240815
0.0254361
0
0.034587
0.105909
0.0604106
0.961544
0.0355104
0
0.0162417
0.0751806
0.0792
0.709483
0.0240815
0.231141
0.0135713
0.0186518
0.0154538
0.178134
0
0.367415
0.12196
0.974492
0.0168168
0.0293885
0
0.0712674
0.0163473
0.0268383
0.306507
0.984829
0.0240815
0.168778
0.0135713
0.0192389
0.21324
0
0.0173463
0.775914
0.118988
0.102978
0.977281
0.0293885
0.0167057
0
0.0712674
0.0163473
0.0268383
0.579594
0.607611
0.0466649
0.271257
0.0135713
0.0173648
0.232249
0.0160996
0
0.0173463
0.989526
0.118916
0.0154309
0.996615
0.0737843
0
0.0525312
0.0510672
0.616666
0.0232706
0.29081
0.0135713
0.0173648
0.195075
0.0160996
0
0
0.988568
0.0995575
0.9503
0.043989
0.0353847
0.0510672
0.365522
0.140661
0.0173648
0.0915939
0.0160996
0
0.271331
0.0599022
0.0145198
0.455017
0.0176338
0.0150822
0.0162417
0.106674
0.0489165
0.01673
0.0160996
0.031726
0.311952
0
0.110621
0.188783
0.0306265
0.0278487
0
0
0.354306
0.110035
0.0278487
0.0354576
0.034273
0
0.0178957
0.016872
0.0361109
0.798973
0.18637
0.0530408
0.0216167
0.0354576
0.100253
0.0416392
0.0197534
0.014077
0.016872
0.0361109
0.686073
0.467272
0.0783402
0.0216167
0.0345412
0.0532072
0.0843101
0.204022
0.170679
0.0197534
0.0327514
0.014077
0.0464258
0.0361109
0.609166
0.845396
0.0783402
0.0453312
0.0134224
0.0532835
0.0937405
0.201798
0.0144505
0.307053
0.0332995
0.0445037
0.016872
0.0361109
0.991295
0.71873
0.025192
0.0230871
0.0134224
0.0704445
0.147827
0.0167473
0.169728
0.491394
0.0382644
0.016248
0.0300466
0.0321903
0
0
0.970154
0.748215
0.025192
0.0134224
0.0957617
0.0167473
0.20201
0.630189
0.0186764
0.0159138
0.0153183
0.0353988
0
0.970154
0.749158
0.025192
0.0701119
0.0360868
0.230872
0.683564
0.0335876
0.0403739
0
0.970154
0.767132
0.025192
0.0409463
0.0549779
0.135102
0.744006
0.0143957
0
0.0335876
0.0403739
0
0.951113
0.642825
0.0246428
0
0.0129609
0.018891
0.0644842
0.756301
0
0.0682097
0.0403739
0
0.951113
0.361484
0.050393
0
0
0.0555445
0.0991894
0.923405
0
0.141798
0
0.808853
0.219454
0.0246428
0
0.0555445
0.13454
1.00279
0
0.274229
0.764658
0.0794259
0.0477489
0.0155455
0
0.0555445
0.170615
0.882125
0.0161982
0.675126
0.256098
0.125691
0.134578
0.0600583
0.0177509
0.0427658
0.126121
0.20367
1.03859
0.069179
0.0176286
0.0310432
0
1.04138
0
0.168215
0.284366
0.430759
0.176082
0.0316231
0.0554215
0.16263
0.26905
0
1.00039
0.0685312
0.0157786
0.0148266
0.0454683
1.03678
0
0.0403134
0.286983
0.505183
0.305228
0.0671124
0.0837189
0.234311
0.366605
0
0.975705
0.137152
0.0343429
0.0148266
0.0154277
1.0403
0
0.0154913
0.019927
0.0153008
0.313505
0.670197
0.320271
0.115513
0.0546916
0.24876
0.593219
0.0702632
1.0123
0.223174
0.0283743
0.0462218
0.97336
0.019927
0.0462915
0.177746
0.333409
0.290525
0.116078
0.0133086
0.14249
0.493892
0.0291212
1.03476
0.20094
0.0162785
0.0402197
0.0462915
0.0839986
0.463022
0.174078
0.0319504
0.0691936
0.323931
0.964432
0.102649
0
0.0780164
0.0861313
0.0874152
0
0.0129321
0.0518725
0
0.544461
0.102649
0
0.0129321
0.148976
0.0342261
0.031381
0
0.0871534
0.0800208
