0.0381733
0.0893555
0.0373525
0.0475113
0.0469287
0.0479599
0.0373525
0.0470236
0.0563144
0.0378162
0.0469287
0.091319
0.0214715
0.0489777
0.00546503
0.0444981
0.00550478
0.0469287
0.0486486
0.0469287
0.0110574
0.344487
1.31067
0.361606
1.03784
0.0167567
0.00566121
0.0175113
0.0166399
0.016752
0.0717942
0.0167706
0.00583328
0.0169061
0.0837599
0.016752
0.0172612
0.0111611
0.0174124
0.016752
0.124857
0.368794
0.00547034
0.0180479
0.00547034
0.00570159
0.00745956
0.021381
0.00567429
0.00547034
0.0077749
0.00567284
0.02216
0.00547034
0.0159599
0.0132613
0.0116936
0.00591265
0.0139649
0.00553966
0.00596782
0.00572577
0.175004
0.00724195
0.0422443
0.258609
0.126933
0
0.0938166
0.0381902
0.0050172
0.00715937
0.0050172
0.0050172
0.00516432
0.00512175
0.0050172
0.0050172
0.00525687
0.00516432
0.0938543
0.0050172
0.075258
0.00495541
0.0117331
0.0050172
0
0.0277759
0.0176526
0
0.996573
0.00641407
0.00907634
0.00752957
0.00577267
0.00596018
0.00577267
0.00577267
0.00539021
0
0.00596018
0.0398592
0
0.00587077
0.034636
0.0192691
0.0192691
0.0172481
0.00577267
0.0265456
0.0517926
0.00518007
0.0066364
0.00539862
0.0111505
0.0162368
0.040794
0.0974374
0.0642941
0.378864
1.02148
0.0080619
0.0128059
0.0303366
0.0189487
0.00568461
0.00588588
0.00530014
0.00507435
0.00568461
0.00568461
0.0053133
0.00568461
0.00588588
0.0902232
0.0107905
0.0337752
0.0189487
0
0.00572688
0.00537665
0.00844967
0.0156412
0.0114197
0.00599359
0.0267391
0.141507
0.0621063
0.372854
0.0707508
0.0476211
1.0438
0.982058
0.00535535
0.00584592
0
0.00565007
0
0.661503
0
0
0.22766
0.00530014
0.00525024
0.00548386
0.0167497
0.0173874
0.00510535
0
0.0163997
0.496859
0.0167497
0.0059794
0
0.992512
0
0.00684741
0.0173874
0.0555315
0.183585
0
0.00527894
0.00557634
0.100498
0.0105955
0.00713541
0.0443818
0.0231564
0.00692207
0.100874
0.00592344
0.0379433
0
0.0104339
0.010423
0.01171
0.0176448
0.00577477
0.00530912
0.210202
0.0618486
0.189702
0.325807
1
1.02273
0.998078
0.00530014
0
0.025697
0.00506379
0.980198
0.00533274
0.0131168
0
0.0103337
0
0.0055331
0.00589235
0
0.00662387
0.00613929
0.0344874
0.104183
0.00552573
0.011828
0.00599596
0
0.0449157
0.00840108
0.0113324
0
0.0771737
0
0.0387773
0.0269984
0.0639706
0.20859
0.158387
0.174628
1.19541
0.736347
0.0341161
0.0214443
0.0341257
0.0853142
0
0
0.0214363
0.0341257
0.0341353
0.0053882
0.0341257
0.012699
0
0.0411811
0.0551763
0.00553687
0.0167937
0
0.00530014
0.00662518
0.0265456
0
0.246661
0
0.00530014
0.00530014
0
0.0510733
0
0.993019
0.00527438
0.0227534
0.00516401
0.255322
0.028904
0.0796931
0
0.205026
0.00589444
0.00803787
0.0233695
0
0
0.29935
0.00589444
0.0378845
0.00680127
0.00608166
0
0.0223622
0
0.00513708
0.0214424
0.0169863
0.0339331
0
0
0.0168634
0.0214424
0.0278031
0.0991336
0.0219718
0.0115471
0.185432
0.0823301
1
1.01642
0.00509533
0.00510866
0.00513263
0.00757858
0.0055341
0.0102284
0.00509245
0.00578447
0.0102026
0.00510866
0
0.00555763
0.00553194
0.00530181
0.00510866
0.00509389
0.00532024
0.00524084
0.00509389
0.0318009
0.00531151
1.00176
0
0.0157514
0.00611267
0.252881
0.0159698
0
0.00510587
0.00511395
0.0057619
0
0.00528112
0.017205
0
0
0.0321821
0
0
0.00530181
0.00555763
0.00555763
0.00514751
0.114898
0.00578447
0.00509389
0.103752
0.00555763
0.00522504
0.0111675
0.0509389
0.86795
0.840497
1.08129
0.00555606
0.0367044
0.0660281
0.0411014
0.00555763
0.00555763
0.0593102
0.0173574
0.0747199
0.0740322
0.0424669
0.00543102
0.0109119
0.0052299
0.0087165
0.0254801
0.0309622
0.0382202
0.150785
0.0263422
0.0317038
1.02003
0.0109949
0.0254801
0.0052299
0.00784485
0.109201
0.0161903
0.0935603
0.0513695
0.364036
0.00534429
0.00547031
0.0256894
0.00566426
0.00711743
0.0265436
0.0232284
0.0077676
0.0265328
0
0.00555763
0.056907
0.152168
0.00606998
0.051318
0.00550861
0.00555763
0.00527285
0.0246912
0.545947
1.0164
0.0746329
0.986197
0.032399
0.0328808
0.0102641
0.0754227
0.0431419
0.0052465
0.0258076
0.00508496
0.0283021
0.0273309
0.00577896
0.0273232
0.0242174
0.0736059
0
0.00532495
0.487705
0.00508496
0
0.00555763
0
0
0.00514787
0.130703
1.05254
0.0652379
0.0751945
0.00486925
0
0.00527561
0
0.0204187
0.0154274
0
0.00531747
0.00654403
0
0.00476507
0
0.0104799
0.00556847
0
0.00508496
0
0
0.0273232
0.135343
0.0397469
0.0172283
0.00526713
0.00501719
0.0273232
0.0616944
0.274028
0.991109
0.114013
0.15527
0
0.319272
0.110616
1
0.0160124
0.0175707
0
0.980893
0.944179
0
0
0.98382
0.989507
0
0
0.036102
0.0160763
0.00581782
0.990724
0
0
0.0052054
0.407272
0.665565
0.00496569
0.013539
0.00503999
0.00517909
0.00552741
0.0049643
0.0634853
0.00488297
0.00520198
0.0166275
0.0049643
0.0671305
0.0109421
0.0111763
0.011313
0.149436
0.011499
0.0046422
0.0051321
0.0049643
0.0167019
0.00725015
0.005742
0.00679327
0.0329207
0.0049643
0.00476737
0.0051321
0.798435
0.0973223
0.015303
0.0115351
0.00518088
0.084457
0.0357922
0.0156834
0.0119757
0.01551
0.115908
0.432989
0.028078
0.0115351
0.129613
0.14199
0.0228032
0.0365038
0.0237329
0
0.0110743
0.125218
0.016237
0.01551
0.0730715
0.00545161
0.00810677
0.0148317
0.0160779
0.77233
0.202079
0.00563194
0.102862
0.00526867
0.0212212
0.0103148
0.376621
0.0112048
0.0269056
0.0104407
0.0447678
0.0212978
0.00517632
0.0135332
0.00565987
0.00515614
0.00529342
0.00541326
0.0597121
0.0217823
0.014007
0.00562529
0.0234842
1
0.360746
0.0105065
0.0109206
0.014299
0.0157816
0.00518112
0.01615
0.0107945
0.0214047
0.0110462
0.0453442
0.0114386
0.00533824
0.00530584
0.120867
0.00547171
0.00531016
0.0138621
0.0232875
0.00541326
0.022736
1
0.0108048
0.0108079
0.00905624
0.0270119
0.0107894
0.0109554
0.00550794
0.00639686
0
0.0112587
0
0.072325
0.0051685
0.0110357
0
0
0.027289
0.0108079
0.00856419
0.00524159
0.0506421
0
0.0108526
0.00543374
0
0.00555117
0.0058489
0.00639599
0.00564722
0.019546
0.0112587
0.00515984
0.0212737
0.0113191
0.0270716
0.0276369
0.00506278
0.00587446
0.159623
0.0108048
0.0270716
0.016944
0.0106284
0.00512088
0.0344075
0.0103193
0.0147461
0.0103223
0.0060937
0.0103223
0.00521447
0
0.0106478
0.00501028
0.0109974
0.00518589
0
0.00572487
0.0064761
0.00591583
0.0076773
0.00599325
0.00825988
0.00802438
0.0247796
0.00499133
0.00599775
0.00568652
0.0114598
0.00625541
0
0.00548141
0.0804974
0.00915217
0.00603413
0
0.926531
0.996673
0.00529667
0.00794725
0.00529816
0.00529965
0.0158945
0
0
0.00867001
0.00514249
0.00903803
0.068829
0.0225526
0.00594904
0
0.0113564
0
0.011045
0.495978
0.0122076
0.00575896
0
1
0.544981
0.00539419
0
0.0312909
0.102041
0.00571465
0.00524428
0.00993406
0.00581484
0
0.0112184
0.0105182
0.229992
0.152257
0.0263617
0.0263691
0.0263691
0.0263691
0.0263766
0.0223572
0.00521173
0.0263691
0.0058406
0.0058406
0.027642
0.0101288
0
0.0850413
0.00610201
0.0797595
0
0.0218725
0
0.00566661
0
0
0.00634885
0.387096
0.164833
0.00585757
0.00585922
0.00585922
0.00585922
0.00586087
0.00616149
0.00585922
0.0211894
0
0.00614599
0.00547916
0.0199666
0.0691324
0
0.0219721
0.00600525
0.0222265
0.011483
0.00591641
0.0211894
0.00874682
0.530742
1.02546
0.173962
1
0.0577705
0.0107442
0.13638
0.00590507
0
0.00571434
0.137955
0.00579935
0.0159069
0.0160229
0.0372629
0.0117878
0.0664984
0.013029
0.027058
0.0236572
0.0556455
0.0850543
0.0264721
0.913547
0.661003
0.00552677
1.12252
0.857166
0.906385
0.0118664
0.00514531
0.030127
0.00596833
0.0118698
0.0167963
0.0077901
0.0122399
0
0.00596833
0.00600446
0.0529008
0
0.00492185
0.00573395
0.00573395
0
0.0058241
0.00516459
0.00492185
0.00573395
0
0.00573395
0.0245741
0.0349526
0.0108872
0.23307
0.0178025
0.005216
0
0
0
0.005387
0.0148553
0
0
0.0202935
0
0.00575752
0
0.0328583
0.0118522
0.0442169
0.095483
0.0170018
0.017478
0
0.00590144
0.12395
0.0609885
0.074325
0.0630197
0.245807
0
0.0147536
1.06985
0.656243
0.00517549
0.0153636
0.0795646
0.0115526
0.0265215
0.00496936
0.0140145
0.0265215
0.00617766
0.00497076
0.0218411
0.0321278
0.00517567
0.00497076
0
0
0.0329375
0.00621036
0.0158001
0.0445675
0.00590507
0.0158941
0.117892
0.00545777
0.0282442
0.0449423
0.00587773
0.939953
0.0215508
0.0167275
0.0220205
0.0196365
0.00509448
0.0923604
0.0058282
0.00671161
0.00526969
0.0276423
0
0.00602875
0.0387857
0.0158809
0
0.0186403
0
0.00598523
0.0159871
0.0206601
0.0345584
0.088273
0.259235
0.0292946
0.0748374
1
0.949025
0.249973
0.0222637
0.00613862
0.0153042
0.00591191
0.00570952
0.0173277
0.02227
0.0282068
0.251719
0.00621717
0.0214107
0.02227
0.0487436
0.0106758
0.00613899
0.00592883
0.00570952
0
0.0332379
0.0483886
0.0173633
0
0
0.00592883
0.26257
0.00570952
0.0342571
0.0115547
0.00570952
0.0056531
0
0.00539575
0.087301
0.00592883
0.163116
0.00526886
0.0168193
0.00570952
0
0.01418
0
0.00596847
0.00503338
1.02607
0.0165605
0
0
0.0516404
0.0178111
0.0681038
0.0709735
0
0.00561631
0.00561124
0
0.0098895
0.0220192
0.0114328
0.0813761
0.0114101
0.050613
0.060459
0.0135229
0.0168102
0
0.0158098
0.0134803
0
0.0251415
0.15674
0.050515
0.248207
0.0545095
0.205414
0.0165605
1.07278
0.793616
0.00552824
0
0
0.011283
0
0.0263312
0.0192278
0.00577929
0.0113406
0.0372099
0
0
0.00568476
0.0055298
0.00538523
0.0646279
0.016181
0
0.0055298
0.166189
0
0
0
0.00575322
0.0055298
0
0
0.811735
0.00549752
0.0289151
0.00563294
0.00575215
0
0.014857
0.0820445
0.0061949
0.0117214
1.01654
0.011283
0.0169092
0.00750535
0.0202018
0.0169905
0.0106333
0.00535528
0.00572523
0.0139677
0.0165893
0.0054392
0.0204792
0
0.0055298
0.0438265
0.0161453
0.00713874
0.139211
0.00518655
0
0.0154859
0.0376101
0.0107282
0.029766
0.0243799
0.0111673
0.2399
0.0157916
1.10494
1.00252
0.0117894
1.07954
0.691522
0
0.00516047
0.126985
0
0
0
0.052479
0
0
0.00541248
0
0.0110115
0.00571099
0
0.258476
0
0
0
0
0.00522504
0
0.0103326
0.1503
0.0344477
0.330608
0.0108283
0
1
0
0
0.0170389
0.00901633
0.0503857
0
0
0.00589591
0
0.0174895
0.0547041
0.00537686
0.00752618
0.0551494
0
0.137076
0.00552548
0.0302337
0
0.0110773
0
0.0333039
0.00595226
0.146832
0.989526
0.90568
0.365668
0
1.02063
0.0264869
0.00522008
0.0261806
0.0311135
0.0207685
0.0112028
0.00517016
0.0108382
0.026712
0.0156413
0.0221578
0.0108382
0.0156413
0.00517016
0.00515802
0.0311554
0.0104711
0.0613444
0.112186
0.01653
0.0109343
0.0158415
0.0323933
0.0215182
0.965772
0.0104711
0.0118726
0.0319044
0.0709707
0.00994118
0.0125229
0.00550937
0.0104711
0.0103892
0.00549281
0.0104711
0.00528075
0.0567451
0.00988162
0.0104711
0.00416145
0.0114587
0.484886
0.900539
0.63298
0.973522
0.0306036
0.05196
0.0727985
0.0305032
0.0206191
0.0207782
0.00997583
0.0206191
0.024743
0
0.011007
0.00997583
0.0413741
0.0531214
0.0364672
0.0215636
0.123715
0.155394
0.0429569
0.0106342
0.996135
0.0343658
0.0663935
0.0107345
0
0.0274633
0.0306403
0
0.0315004
0.573314
0.983911
0.64665
0.836719
0.0218212
0
0
0
0.0051125
0.0134567
0
0
0.0103683
0.00704876
0.297634
0.646863
0.300766
0.025958
0.0109589
0.00563599
0.230718
0.653873
0.529215
0.981939
1.00068
1
1.00082
1
0.508059
1.00678
0.0167733
