0.0181255
0.00217636
0.00279408
0.0198312
1.07372
0.0263368
0.245262
0.0040102
0.00217892
0.00915785
0.0855252
0.0451595
0.0798873
0.000847435
0.000737333
0.0110623
0.00840294
0.0346071
0.00258514
0.00721147
0.125089
0.00581805
0.00685113
0.048155
0.047432
0.0083488
0.39847
0.281831
0.569924
0.00325141
0.349491
0.00861569
0.0195673
0.20068
0.892426
0.0301766
0.055837
0.00365853
0.00893279
0.0296267
1
0.0164986
0.12854
0.0145735
0.0169536
0.0145694
0.118987
0.69134
0.318968
0.075666
0.00398069
0.0117621
0.00472709
0.00142325
0.011803
0.148297
0.723334
1.00064
0.0690661
0.151166
0.00217523
0.00144635
0.0233038
0.331494
0.00145681
0.0617053
0.53988
0.623823
0.0685332
0.517085
0.0213778
0.00967873
0.00072596
0.061329
0.279941
0.664361
0.0205805
0.10408
0.110358
0.997661
1
0.270781
0.543841
0.283781
0.00150146
0.599318
0.00268072
0.00372118
0.357564
0.000836812
0.00437867
0.00572655
0.0237645
0.00267166
0.00266226
0.00923049
0.000743697
0.00838912
0.102365
0.0209453
0.0236503
0.00226665
0.0132285
0.470434
0.0226845
0.000707756
0.0290428
0.000732512
0.000724278
0.0117359
0.240522
0.000850897
0.00462389
0.251671
0.00680711
0.00264455
0.0123031
0.0020854
0.0011009
0.00084807
0.00263459
0.00850297
0.00220782
0.0208718
0.118954
1.00102
0.00924579
0.316502
0.184534
0.00141168
0.00148181
0.00383738
0.0201151
0.00332478
0.0021097
0.00518729
0.00204756
0.00353892
0.00841188
0.578273
0.000699266
0.000734911
0.0025633
0.00271157
0.0253398
0.140523
0.020934
0.00124808
0.00147233
0.00307636
0.0115453
0.000684695
0.000716619
0.144728
0.00903071
0.00355048
0.0183297
0.164795
0.122349
0.00921294
0.00200983
0.121047
0.0187451
0.000768561
0.0503614
0.00465823
1
0.0742803
0.243055
0.0501443
0.245077
0.137552
1
1
0.278051
0.098003
0.00676215
0.0124712
0.00750533
0.0925239
1
0.0220746
0.516796
1.0043
0.0122583
0.00224454
0.00656394
0.0251643
0.317123
0.0216657
0.0199602
0.0217667
0.00346336
0.0251297
0.00399205
0.00419175
0.0209819
0.361966
0.172097
0.0542316
0.497079
0.00133066
0.0032669
0.0105047
0.0911708
0.024244
0.0293566
0.00136565
0.00914822
0.00145269
0.262689
0.0114873
0.00224191
0.0488743
0.755566
0.642534
0.00748305
0.0214761
0.0198163
0.938505
0.0376613
0.6639
0.0724568
0.996997
0.137007
0.134599
0.120569
0.197048
0.101308
0.420281
0.0330577
