0.013093
0.0134719
0.0199866
0
0
0
0.0180407
0.0114664
0.0134719
0
0.0559171
0.011415
0.0134739
0.0101871
0.019094
0.00801558
0.0377582
0.00946815
0.0141726
0
0.0129634
0
0.0249759
0
0
0.242664
0.0155634
0
0.0201984
0
0
0
0.0127101
0.0234209
0.0953015
0.00808026
0.018731
0.0141726
0.0116186
0.00641333
0
0
0.0128335
0.00904109
0.0355722
0.0354987
0.00732752
0.626821
0.00729151
0.0127336
0.0323116
0.0113916
0.0231354
0
0.0201896
0
0
0.0133151
0
0.0147013
0
0.0153044
0.15068
0
0.0398716
0.00839763
0.0330148
0.0133353
0.0136964
0.0254131
0.00904109
0.0686117
0.0248107
0
0.00799012
0.999813
0
0.032012
0.0113916
0.0226393
0.0148557
0.0201896
0
0.0226321
0
0
0.0133151
0.0147013
0.00718055
0.0153044
0.148665
0.00950941
0.00812168
0.0267441
0.0154047
0.0158996
0.02457
0.00728312
0.0246091
0.00942182
0.0697699
0.0248107
0
0.968339
0.00699686
0.0458086
0.0113916
0.0237427
0.0148557
0.00692446
0.0103815
0
0
0.0133151
0.0148734
0.00718055
0.0224173
0.130778
0.0189599
0.00812168
0.0267441
0.0154047
0.0158996
0.0133353
0.0138694
0.0242141
0.0202943
0.0686776
0.0122606
0
0.892746
0.00727658
0
0.0458086
0.0109537
0.0237427
0.00692446
0.0103815
0.011599
0
0.0133151
0.00698031
0.0148734
0.0194426
0.0214698
0.0151285
0.148293
0.00950941
0.00812168
0.0141726
0.00839763
0.0158996
0.0378294
0.0202932
0.025557
0.0108725
0.0676083
0.0122606
0.0149679
0
0.804903
0
0.0128786
0.0619667
0.031097
0.0141368
0.0131817
0.0103815
0.0224164
0
0.0269556
0
0.0194426
0.0214698
0.0151285
0.148293
0.00812168
0
0.00839763
0.0181236
0.0503693
0.0202932
0.00739949
0.0134707
0.01219
0.0108725
0.0419182
0.0122606
0.0149373
0.00704498
0.52501
0
0.0245794
0.046765
0.0231185
0.0141368
0.00743543
0
0.011599
0.0111805
0.0269556
0
0.0194426
0.0271898
0.0231434
0.164886
0.00841212
0.00812168
0
0.0165678
0.0248381
0.0343815
0
0.0406336
0.01219
0.0108725
0.0243602
0.0122606
0.0149373
0.00704498
0.253558
0.0143674
0.0128786
0.046765
0.00837567
0.0141368
0
0
0.021716
0.0218496
0.0143288
0
0.00739692
0.0352137
0.0205192
0.0231434
0.132141
0
0.0166643
0.0289106
0.0165678
0.0248381
0.0270984
0
0.0269123
0.0119255
0.0108725
0.0338213
0.0107443
0.0149373
0.0142092
0
0.0143674
0.0247682
0.0306069
0.00837567
0.028045
0
0.0116311
0.011599
0
0.0143288
0.0235973
0.00739692
0.139808
0.0352137
0.0262004
0.0221791
0.113824
0.0177733
0
0.0293825
0.0160653
0.0248381
0.0200804
0
0.0269123
0.00918569
0.0161894
0.0216981
0.0299383
0.015294
0
0.021675
0.0128786
0.0311548
0.017241
0.0421407
0.00637929
0.0225239
0.0108208
0.0103555
0.0156307
0.0151828
0.00637442
0.70936
0.0175981
0.0135827
0.0221791
0.130365
0.00913362
0
0.027159
0.0148637
0.0181236
0.0377369
0.0211802
0
0.0267771
0.00940253
0.0334075
0
0.00704498
0
0.00730764
0.0372335
0.0155419
0.00837567
0.0549087
0.013963
0
0.0330564
0.0103496
0.0156307
0.00788204
1.01284
0.0221791
0.167616
0.00913362
0.00854265
0.027159
0.00719605
0.0181236
0.0508693
0.020512
0.00732989
0.0119515
0.0425538
0.0145252
0.0141787
0
0.00730764
0.0498068
0
0.0548476
0.013963
0.0110978
0.0225239
0.0156307
1.00347
0.0168844
0.0221362
0.148304
0.00913362
0.0166643
0.0273195
0.0158106
0.0615178
0.0144779
0
0.00914315
0.0425538
0.0141787
0
0.00730764
0.0487857
0.015768
0.00810672
0.0535506
0.00758371
0.0110978
0.0325283
0.0156307
0.977892
0.0186071
0.0221362
0.148621
0.00871503
0.050044
0.00707036
0.0425538
0.00693698
0.0587288
0
0.0106847
0.428736
0.00746632
0.0737432
0.00871503
0.0383493
0.0128158
0
0.00840525
0
0.00728364
0
0.0120068
0
0.0146872
0.017413
0.00871503
0.023739
0
0
0.00810672
0
0.0146872
0.017413
0.00871503
0.023739
0
0
0.0120068
0.0146872
0
0.017413
0.00871503
0.023739
0
0.0120068
0
0.0146872
0
0.017413
0.00871503
0.023739
0
0.00810672
0
0.0146872
0.017413
0.00871503
0.023739
0
0
0.0129914
0
0.0145591
0.0146872
0.00871503
0.023739
0
0
0.00810672
0.0262711
0
0.00871503
0
0.023739
0
0
0
0
0
0.0129914
0
0
0.0075953
0.00899453
0.00871503
0
0.023739
0.0120738
0.0100375
0
0.0160113
0.014544
0
0
0
0.00780626
0.00684012
0.0153424
0.0075953
0
0
0.023739
0.0120738
0
0.0100375
0.031084
0.0592235
0
0
0
0
0
0.0112617
0
0.0142616
0.00684012
0.0181553
0
0.0188192
0.0127978
0.0124591
0.0120738
0.0401046
0
0.0160113
0.255575
0.00714449
0
0.0159687
0
0.0140801
0.0219082
0
0.0300827
0.0181553
0
0.0188192
0.0176819
0
0.0509399
0.00702153
0
0.0132292
0.0397438
0.017401
0
0.0160113
0.327688
0.0137565
0
0
0.0165678
0.0140154
0.0070116
0.0107895
0.0108736
0
0
0.0144093
0.0155725
0.0301675
0.0184365
0
0.0260789
0
0.0684851
0.0069111
0.0124735
0.0132292
0.0200831
0.0688803
0
0.049426
0.82457
0
0.00771952
0.024152
0.0161047
0
0.0140154
0.0107895
0.0108736
0.0107327
0.0462191
0
0
0.0968803
0
0.0262072
0
0.00743252
0.169869
0.0240753
0
0.0622815
0.0264958
0.0499818
0.0949201
0.049361
0.997197
0.00663054
0.0598739
0.0164331
0.00846514
0.0279602
0.0070116
0.0111187
0.0216713
0
0.015248
0.0455969
0
0
0.105843
0.0194013
0.0176294
0.221473
0
0
0.0145852
0.0504169
0.0132292
0.061373
0.203245
0.0244701
0.0493735
1
0.013625
0.00764037
0.0483605
0.0127884
0.0167123
0.0421181
0
0.0112936
0
0.0149421
0.0466001
0
0
0.0605974
0.0562541
0.0356866
0
0.205177
0
0.00723942
0.0256111
0.0631953
0.106198
0.0334148
0.978453
0.00764037
0.0371028
0.0161326
0.028389
0
0.0107977
0
0.0317437
0
0.00694884
0.0225863
0.0382205
0.0356866
0.120047
0
0.0142118
0.0126566
0.0732767
0.0537702
0.0173991
0.696864
0.00693391
0.00764037
0
0
0.00748463
0.0317437
0.0151202
0.0194013
0
0.00936136
0.0518821
0
0.0126566
0.0205116
0.018193
0.0506104
0.505091
0
0
0.0108736
0.00724453
0.0188178
0
0.0177473
0.00711918
0.0126331
0
0.0100814
0.00872701
0.0173991
0.177215
0
0
0
0
0.0188178
0.0172299
0
0.00711918
0.0126331
0.019954
0.0173991
0.00723055
0.0155275
0
0.00689061
0
0.0439774
0
0.00705635
0.0100814
0.0173991
0
0.0137204
0.00759475
0.225213
0
0.0173991
0.440755
0.016879
0
0.0173991
0.429896
0
0.016879
0.0109522
0.102106
0.016879
0.0109522
