0.0140751
0.0089082
0
0
0
0
0.00750621
0
0.0841758
0
0.00878154
0.0137176
0
0.0116989
0
0.0263724
0
0.00802975
0.0205406
0
0.00708386
0.00750621
0.00883529
0.0141467
0.117975
0
0.0186056
0.00902049
0
0.0315583
0.00843165
0.0233408
0
0
0
0.00921914
0.0183271
0.0147206
0.040155
0
0.0200719
0.0348752
0.0145188
0.00973254
0.00825138
0
0
0.00708386
0.00750621
0
0.00883529
0
0.203591
0
0.0186056
0.00928381
0.00851086
0.0154034
0.0473335
0.00843165
0
0.00658016
0
0.0129398
0
0.0158613
0.0158491
0.00683517
0.0135229
0
0
0.034788
0.0138151
0.0145188
0.0300276
0.00965655
0
0.0100873
0
0.0149965
0.0361445
0.00906391
0
0
0.409641
0.00866344
0.0273207
0.0088932
0.0172137
0.0158148
0.0135942
0.0479605
0.0121025
0
0
0.00700441
0.0248859
0.0109187
0.0336385
0.00683517
0.0540583
0.0171557
0.0583552
0.0355808
0.0138151
0.0301912
0.0588107
0
0
0.0091673
0.00942618
0.00708386
0.0503296
0.0429088
0.00778741
0.0289148
0.83281
0.00866344
0.00982403
0.0350715
0.0332364
0.0270113
0.0632721
0.036214
0
0
0.00683973
0.0242277
0.0213762
0.00911714
0.0158613
0
0
0.107667
0.0171557
0.0783239
0.0615958
0.0146517
0.0436938
0.0796326
0.00959829
0.0133428
0.0381682
0.0464355
0.0143165
0.0785257
0.0699671
0.00778741
0.115674
1.00009
0.00866344
0
0.0423853
0.0246394
0
0.0438971
0.0636776
0
0.0480241
0
0.0131028
0.0138263
0.0242277
0.0213762
0.0186496
0.0158613
0.00778691
0.00683517
0.147562
0.0262575
0.0783239
0.0534356
0.0146517
0.0428474
0.0996551
0.02861
0
0.0293043
0.027394
0.00723265
0.0782334
0.0356803
0.0234604
0.131367
1.00092
0.00866344
0.00947564
0.0435661
0.0245096
0.0288212
0.0318846
0.00821793
0.0121025
0.0131028
0.0138303
0.0251151
0.0213762
0.0186496
0.0158613
0.014802
0
0.10903
0.0181264
0.113061
0.0869047
0
0.0436726
0.129672
0.0282887
0.014564
0.0390779
0.00897929
0.00723265
0.114007
0.0626103
0.0234604
0.116103
1.00092
0
0.00934605
0.0438947
0.0158928
0
0.0587522
0.0297443
0.0176866
0.0232785
0.0129786
0.0131028
0.0068891
0.0251151
0
0.0186496
0.0337039
0.0144018
0.00727326
0.0959442
0.0181264
0.113061
0.0781984
0.0147179
0.0440294
0.0992665
0.0189335
0
0.0300193
0.00897929
0.0152525
0.113636
0.0631987
0.0156973
0.12976
1.00276
0.00917194
0.0181276
0.0346809
0.00739103
0.0286508
0.0297443
0.00821793
0
0.013811
0
0.00676653
0
0
0.0095325
0.0158613
0.0068181
0.0227606
0.0680167
0.00923049
0.111277
0.0516859
0
0.0300112
0.029353
0.0189335
0.0159423
0.0492981
0.0182384
0.0152525
0.0707673
0.0274691
0.0242981
0.113429
0.83709
0.0196747
0.00883653
0.00739103
0.0166048
0.0271055
0.0313491
0.00821793
0
0.00664389
0
0.0129281
0.0118519
0.0095325
0.050357
0.0219674
0.0308689
0.0529608
0.00790269
0.0927464
0.0177982
0.0313201
0.044488
0.029353
0.0083116
0.0315572
0.049649
0.00849033
0.0158904
0.0629177
0.0183664
0.00778741
0.0853332
0.449843
0
0.00978006
0.00883653
0
0.0158148
0.0135114
0
0
0.0235522
0.00664389
0
0.0193632
0.0122526
0.0237055
0.106325
0.050357
0.0078258
0.0528811
0.0901422
0.0157015
0.0763563
0.00898062
0.0478268
0.0593513
0.0198893
0.0178917
0.0296577
0.0381544
0.0173573
0.00787063
0.0287844
0.0265956
0.00895498
0.128931
0.0110194
0
0.0285018
0.00883653
0
0.0135366
0.0163244
0.0184915
0.0120023
0
0.027351
0.0192723
0.0122526
0
0.272607
0.048323
0.015613
0.029552
0.0778739
0.0241763
0.0769724
0
0.061948
0.0448978
0.0490468
0
0.0740349
0.0187786
0.00930162
0.0632928
0.00790004
0.0252483
0.127237
0
0.0191031
0.00852609
0
0.0273291
0.0321659
0.00874464
0
0.0061954
0.0286285
0.0395952
0
0.804852
0.0972194
0.0150382
0.0591555
0.0664997
0.0348665
0.095639
0.0171386
0.0139159
0.0443277
0.0497229
0.0171668
0.0288652
0.0478347
0.0218752
0.0694118
0.00790004
0.0259304
0.0994942
0.0113993
0.00854817
0.0191031
0.0258318
0
0.0315399
0.0418565
0.0447969
0.0272933
0.0108795
0.0191301
0
0.0122786
0.0120542
0
1.01091
0.100071
0.0141339
0.103866
0.10639
0.00912696
0.0939897
0.0167326
0.0139159
0.043791
0.0874808
0.0251989
0.0288652
0.0662826
0.0182602
0.0152049
0.0814392
0.00812578
0.0177543
0.101501
0.0453452
0.0262693
0.0376248
0.0255206
0
0.0160109
0.0845347
0.0146996
0.0612908
0.0221199
0.01895
0
0.00658159
0.0120542
0
1.00303
0.067147
0.0142912
0.140761
0.181428
0.0172663
0.109239
0.0158407
0.030393
0.0562133
0.0968881
0.0167025
0.0703858
0.0384584
0.0167108
0.00742833
0.0800702
0.00812578
0.00878841
0.117206
0.0453452
0.0341131
0.0383954
0
0.00744848
0
0.0564794
0
0.0875053
0.0452789
0.0262569
0.0134416
0
0.0120542
0
0.77132
0.117449
0.0140672
0.125233
0.0656811
0.0168297
0.0715059
0.0158407
0.0142253
0.0708319
0.0759211
0.0167025
0.0142493
0.0379764
0.0170832
0.00742833
0.0456746
0.00812578
0
0.0570283
0.0681635
0.00842524
0.00951349
0
0.023204
0
0.0284154
0
0.0533351
0.0222373
0.019473
0.0391468
0.024973
0.0234784
0.0102977
0.387352
0.0491551
0.0210328
0.0788362
0.0529777
0.00818029
0.0533726
0.0156824
0.0293634
0.0432671
0.0659653
0.0414946
0.04578
0.0170632
0.0213799
0.0325713
0.0160961
0.00826848
0.0801342
0.0173032
0.00951349
0
0.023204
0
0.0284154
0
0.0521651
0.0329527
0.0127546
0.0520867
0.0190438
0.0343803
0
0.0835196
0.04935
0.0140886
0.0638584
0.025884
0.0080489
0.0534362
0.0156824
0.0293634
0.0422489
0.0467493
0
0.0424914
0.037525
0.00859253
0.0145459
0.0394246
0.0243062
0.0165142
0.068546
0.00875498
0.00951349
0
0.0231623
0
0.0284154
0
0.0519351
0.0329527
0.0189417
0.0391468
0.025675
0.0343803
0
0.0590357
0.0483224
0.0140886
0.0639305
0.025884
0.0080489
0.0894854
0.0235454
0.0153833
0.0563932
0.0465141
0.00895209
0.0424914
0.0287717
0.00859253
0.00742833
0.0456964
0.0165403
0.00826848
0.0920839
0
0.0189192
0.0231623
0.0161367
0.0419629
0.0139674
0.0351512
0.0329527
0.0123343
0.0647892
0.0192206
0.0460983
0
0.0416853
0.0327087
0.0209194
0.0499067
0.025884
0.00793866
0.0715109
0.0235454
0.0153833
0.0708271
0.055773
0.00895209
0.0566164
0.0466685
0.00859253
0.00742833
0.0396052
0.0165403
0.00804865
0.0808838
0
0.0189192
0.0152386
0.0161367
0.0419629
0.0139674
0.0257749
0.055624
0.0123343
0.0783073
0.0254851
0.0226494
0
0.0164685
0.0327087
0.0209194
0.0500845
0.0521639
0
0.0528993
0.0558449
0.029446
0.0708271
0.0274933
0
0.0574154
0.0558337
0.00863617
0.00742833
0.0529755
0.0165403
0.00804865
0.0689547
0
0.0189192
0.0152386
0.0470461
0.0559442
0.0139674
0.0257749
0.0447429
0.00614724
0.0519163
0.0317487
0.0114241
0
0.00824439
0.0163235
0.0352096
0.0287317
0.025884
0
0.0704409
0.0637962
0.0153833
0.0852542
0.0368349
0.00842418
0.0581595
0.0642566
0.00863617
0.00742833
0.060192
0.0165403
0.00804865
0.0689547
0
0.0279582
0
0.0160057
0.046601
0.0274647
0.0139674
0.0430031
0.0330885
0.00631002
0.0526521
0.025667
0.0114241
0.0218575
0.00824439
0.0163235
0.0348139
0.014139
0.025884
0.00784126
0.071999
0.0632031
0.0294877
0.0578065
0.0458497
0
0.0287525
0.0549776
0.0173747
0.014231
0.0667743
0.0159915
0.00804865
0.0820484
0.00851637
0.0279973
0.0168265
0.0160057
0.0304643
0.041945
0.042209
0.0430762
0.0109929
0.00631002
0.0520304
0.019188
0.0233719
0.0112545
0.00824439
0.0163235
0.0351607
0.0212345
0.0379219
0.0241567
0.0893409
0.047061
0.0294877
0.0720026
0.0462281
0
0.0431789
0.0276358
0.00863617
0.0152195
0.0601141
0.0251351
0.0156092
0.0692486
0.0704424
0.00851637
0.0189583
0.0164896
0.0243995
0.0459077
0.041945
0.042413
0.0445754
0.011588
0.0520402
0.0250714
0.0229632
0.0541553
0.00824439
0.0158306
0.0213176
0.0284352
0.0379219
0.00824177
0.0893409
0.0716476
0.0730992
0.0858583
0.0367394
0.0145032
0.0283045
0.0169746
0
0.040608
0.025019
0.0156092
0.199726
0.0700053
0.0166791
0.0189583
0.0246071
0.0161097
0.0306558
0.0568042
0.0719615
0.0359915
0.011588
0.0126787
0.0375986
0.0313641
0.0229632
0.0218156
0.00824439
0.0158306
0.00707899
0.0370388
0.051831
0
0.198897
0.0637485
0.103418
0.0726514
0.0278884
0
0.0144868
0.0558053
0.0250899
0.00734757
0.0551855
0
0.0314923
0.212808
0.0587379
0.0165392
0.0189583
0.0332217
0.0160799
0.0625954
0.130538
0.0567361
0.0178219
0.011495
0.00621747
0.0378978
0.0319029
0.0106561
0.0174518
0.0490422
0.0211495
0.0511396
0.0518488
0
0.182531
0.0475016
0.0874116
0.117954
0.0288739
0.0173417
0.0140564
0.046073
0.0167515
0.0142984
0.06228
0.00808191
0.0239243
0.365856
0.0470798
0.0172807
0.0189894
0.0333502
0.0166741
0.125211
0.114176
0.0281349
0.00916974
0
0.00621747
0.0502109
0.0389735
0.0111202
0.0164951
0.0651077
0.0210543
0.0511396
0.0126646
0.0174246
0.146967
0.0478325
0.0727685
0.058735
0.0572277
0.0182644
0.0296802
0.0749735
0.00811533
0.0283886
0.0749234
0.00837053
0.0473386
0.619092
0.0480391
0.0082362
0.0284615
0.0338999
0.0162253
0.156484
0.129176
0.0139635
0.0175298
0.0344353
0.0129682
0.0646601
0.0264471
0.0114241
0.0114136
0.00825068
0.0684061
0.0363472
0.13398
0.0374716
0.0171707
0.0561653
0.0394826
0.0575173
0.147089
0.0381884
0.0182644
0.0296802
0.0567093
0.0170696
0.0645032
0.116003
0.0331195
0.0476659
0.89318
0.0459598
0.0259395
0.0562866
0.00811755
0.0166919
0.12498
0.0862822
0.0139635
0.0178352
0.0217294
0.0129682
0.0781441
0.00619678
0
0.0114136
0.0171416
0.0331162
0.0291191
0.104184
0.0507299
0.00923991
0.0746099
0.0246375
0.028544
0.221455
0.0579111
0.0188914
0.0153675
0.0870317
0.0253252
0.0724453
0.129103
0.0165752
0.0477826
1.01399
0.0813915
0.0350582
0.0846545
0.00811755
0.0253415
0.141354
0.0722246
0.0150335
0.0178352
0.010573
0.00641647
0.0780662
0.0135276
0
0
0.0171418
0.0177809
0.0224079
0.125739
0.0381744
0.00923991
0.130002
0.00826157
0.0147214
0.311666
0.0776135
0.00909212
0.0274862
0.108091
0.0516758
0.115436
0.163316
0.00824182
0.0237091
1
0.0589743
0.00892366
0.159767
0.0175277
0.00765174
0.142422
0.0289586
0.0321577
0.00905326
0.0222527
0
0.0525255
0.00677292
0.0113794
0.0340516
0.0340825
0.0151977
0.113829
0.0125336
0
0.145142
0
0.0310892
0.280331
0.0583331
0.00909212
0.0583119
0.0982579
0.00921927
0.0802463
0.128314
0.0164905
0
1
0.0484637
0.00892366
0.0654729
0.0627626
0.0155533
0.0160443
0.0275204
0.0331075
0.0137417
0.0131062
0
0
0.0254206
0.0346825
0.0151977
0.128496
0.0125336
0
0.0940044
0
0.0448618
0.148635
0.0191422
0.00876932
0.0440523
0.0794765
0
0.073634
0.0201945
0
0.0168994
0.987387
0.0117941
0
0.0196522
0.0489071
0
0.0160443
0.0188296
0.010573
0
0.00633324
0
0.0165731
0.0177809
0.0151977
0.069248
0.0125336
0.00777485
0.0773153
0.0457715
0.134966
0
0.0440523
0.0402454
0.0381113
0
0.00858901
0.985977
0.0392085
0.0316353
0
0.0160443
0.0184084
0.00705625
0.012442
0.00663667
0.0124289
0
0.0259031
0.0177809
0.0225414
0.0537219
0.0125336
0.00777485
0.30828
0
0.045886
0.134094
0
0
0.0137012
0.0405211
0.0451847
0
0.0169791
0.348315
0.0101091
0.00778863
0.0817306
0
0.031704
0.0180715
0.014238
0.0129468
0.00663667
0.0124289
0
0.0165826
0.0177809
0.0217287
0.0609254
0.0169186
0.600987
0.00855133
0.0295182
0.060086
0
0.00963724
0.0431013
0.0387666
0
0.0305
0.00692415
0.00902272
0.00839006
0
0.00853077
0.0101771
0.00917434
0.0160029
0.0680148
0.0459715
0.0184084
0
0.0207531
0
0.00663667
0.0124289
0
0.0165981
0.0339122
0.0447089
0.0609254
0.0371831
0.00943863
0.731885
0.0162446
0
0.0750938
0
0.00963724
0.0415841
0.0395312
0
0.0450401
0
0.0253391
0
0.012179
0.00853077
0.00976424
0.0085497
0.0849651
0.0138959
0.0303118
0.00976902
0.0108692
0.0555011
0.0130903
0.0128542
0
0.0121345
0.0427716
0.0331251
0.0436464
0.101389
0
0.025614
0.743603
0.0264706
0.0154466
0.0435408
0.0100715
0
0.0581872
0.0399009
0
0.0593497
0
0.00891203
0.0330345
0
0.0176079
0.0185818
0
0
0.1015
0
0.0303279
0.0188223
0.0108692
0.0483568
0.0130903
0.0129567
0.0126641
0.0122739
0.0258331
0.0656154
0.0660541
0.0783615
0.0394597
0
1.021
0.00816079
0.0316049
0.0896126
0.00954727
0.0704151
0.019232
0.00919486
0.0753648
0
0.0169045
0.00907716
0.00883654
0
0.100372
0
0.0158703
0
0.0108692
0.0134862
0.0408758
0.0129567
0.0126641
0.0117401
0.02735
0.0636135
0.0609892
0.0383294
0
0.0253584
0.603989
0.00816079
0.0292571
0
0.00954727
0.0439979
0.0100208
0.0265419
0.0901816
0.00944392
0.0169045
0
0.00907716
0.00883654
0
0.0165352
0
0
0
0.0108692
0.0279871
0
0.0129567
0
0.0118506
0.0184628
0.0478345
0.0516534
0.0230741
0
0.0333811
0.137632
0.00816079
0.0158357
0.0154355
0
0.0285309
0.0100208
0.0189385
0.0449216
0.00903191
0.0169045
0
0
0.00907716
0.00883654
0
0.0165352
0
0
0
0.0108692
0.0125731
0
0.0129567
0.0251782
0.0089352
0.0478345
0.0365746
0.00766104
0.014265
0.0163491
0
0.00816079
0.0487562
0.0154355
0
0.0285309
0.0100208
0.028258
0.0453592
0.00903191
0.0169045
0
0
0.0180457
0.00883654
0
0.0165352
0
0
0.0216702
0.00614319
0
0.00673918
0.012514
0.0123899
0
0.0478345
0.0365746
0.00766104
0.0138894
0.0163491
0
0.00923842
0.0481452
0.0154355
0.017421
0.0285309
0.0100208
0.00931951
0.0456564
0.00903191
0.0254708
0
0
0.0180457
0
0
0.0165352
0
0
0.010801
0.006339
0
0.00673918
0.012514
0
0.0478345
0.0294349
0.00766104
0.0337332
0
0.00923842
0.0481452
0.014002
0.0257118
0.0285309
0.0100208
0.00931951
0.0385423
0.00903191
0.0424919
0.0148877
0
0.00907716
0
0
0
0.0091931
0.010801
0.0126285
0
0.012514
0
0.0478345
0.0291414
0.0133061
0.0257105
0
0.00809965
0.0481452
0.0156292
0.0269318
0.0428218
0.00983243
0.00931951
0.0461022
0
0.0424919
0.0148877
0.012726
0.00907716
0
0.0166153
0
0
0.0126285
0.0137767
0.0236855
0
0.0813736
0.022117
0
0.00827536
0
0.0481452
0.0153354
0.017034
0.0428218
0.00918935
0.00931951
0.0462105
0
0.0680912
0.0148877
0.012726
0.00907716
0
0.0166153
0
0
0.0133457
0.0137767
0.0111715
0.010619
0.0648735
0
0
0.00838934
0
0.0469687
0.0296678
0.0102834
0.017034
0.0428218
0.0387845
0
0.110041
0.0294127
0
0.0180918
0.00974122
0
0
0.00628946
0.0220183
0.0224955
0.0649412
0.0074973
0
0.047095
0.0143324
0.0102834
0.017193
0.0296956
0.00845211
0.0232119
0
0
0.0507674
0.0295251
0
0.0361101
0.0166431
0
0
0
0
0
0.0220662
0.0118765
0.0324903
0.0070762
0.00868993
0.0248375
0.0307468
0.017193
0.0153991
0.00835095
0.00688475
0.00691053
0
0.127344
0
0
0.0181751
0.0330848
0.0146314
0.0131118
0
0.0108948
0.0108526
0.0164288
0
0
0.0171331
0.0303517
0
0.0173259
0.0153991
0.00933993
0.00688475
0.0920851
0
0.0110038
0.00907716
0.0330848
0
0.00681256
0
0.0321363
0.00776548
0.0126966
0
0.00891033
0.0159499
0.00982204
0.00829078
0.0173974
0
0.0150001
0.00907716
0.0330848
0
0
0
0.0164288
0.00776548
0
0.0163128
0
0.00891033
0.0159499
0.0155521
0.00982204
0
0.00897483
0.0395475
0
0
0.0164288
0.0154438
0.0159499
0
0.0151916
0.00931854
0
0.0245011
