0
0
0.00281814
0
0.00281814
0
0
0
0
0.00603239
0
0.00296131
0
0.437382
0.00251909
0
0.00251909
0.00264232
0.0027412
0
0.00251909
0.00281814
0
0
0
0
0
0
0
0.00871483
0.005256
0.0025312
0.00269832
0.00435742
0
0.00260069
0.00533183
0.00584936
0.005256
0.0340476
0.181094
0
0
0.00283728
0.00259262
0.0028378
0
0.00295276
0.00252701
0.0028378
0
0.00301606
0
0.00281814
0.00292996
0.00681505
0
0
0.0029762
0.0430523
0
0.00294787
0.00294751
0
0
0
0.0119696
0.00387949
0.038092
0
0.00265547
0.0054895
0.00262842
0
0
0
0.00278216
0
0.00876287
0.00300735
0
0
0
0
0.00265531
0.00913661
0.0194299
0
0.170711
0.199176
0.171838
0
0
0.00646447
0.0035466
0
0
0.00801008
0
0.00352365
0.00559961
0.00578854
0
0.00270146
0
0.00265531
0.00660844
0
0.00607984
0
0.00287016
0.0171819
0.00293371
0.00255125
0.00587772
0.00287016
0.00294787
0.00573381
0.00974725
0.0288735
0.00297843
0.00901744
0.00473568
0.0277485
0.0024672
0
0.00270146
0.0142071
0.00297843
0
0
0
0
0.00307679
0
0.00355176
0
0
0.00290494
0
0
0.00294315
0.0115463
0.0108791
0.0171869
0.252046
0
0.00286935
0.00271897
0
0.00399953
0.00796392
0.00592351
0
0.00284141
0
0.00287096
0.00250005
0.0026646
0
0
0.00341622
0
0.0153669
0.00287675
0.00289831
0.0190396
0.00564149
0.00250005
0
0.00265531
0
0.00284824
0.00786725
0
0
0
0
0
0.00310456
0
0.00826455
0.00259375
0.0028594
0.00294787
0.00533984
0.0362872
0.00257229
0.00289208
0
0.0028594
0.00283728
0.00548961
0.00542808
0.00260571
0.00451485
0.00302408
0
0
0.00863503
0
0.00292642
0.0298571
0.00298691
0
0
0.00570094
0.00569448
0.00570764
0
0.0265322
0.00290494
0.00260161
0.00315287
0.00586219
0.00860792
0.0154957
0.00546862
0
0.00886227
0.0195398
0.0530929
0.127444
0.628396
0.0614024
0
0.00250005
0.00260641
0.00476567
0.0069931
0
0.00287675
0
0.00253372
0.0424017
0
0
0.00699801
0.00538765
0.00272756
0
0.0147778
0.00279454
0
0.00251909
0
0
0.00281509
0.0025674
0.00602404
0
0.0028594
0.0436561
0
0
0.00283909
0.00552987
0
0
0.00257669
0.0171324
0
0.00322396
0.0024852
0.00248938
0
0
0
0.00583942
0.0025072
0.00768102
0.00634134
0.00258148
0.00508764
0
0
0.00283728
0
0.0194586
0.0729084
0.00300949
0.00523704
0.00286239
0
0.00262044
0.00854761
0.00296412
0.0026613
0.0106398
0.00296945
0.00537614
0
0
0
0.00289141
0.00287757
0.0241695
0.0081835
0.0114322
0.0199998
0
0
0
0
0
0
0.0102493
0.0170784
0.0322025
0.0504099
0.623418
1
0.884518
0.112668
0
0
0
0.00281814
0
0
0
0.00295754
0.00293605
0.00287016
0
0
0.00386934
0.00251477
0
0.00290234
0
0.00341797
0.01269
0
0
0
0.00297459
0.0029014
0
0
0.00287938
0.00556942
0
0
0
0
0.0054664
0.00557128
0.0102223
0
0
0.00571485
0.00285529
0.0348977
0
0.00336121
0.00269197
0.0024672
0.00294273
0.00256265
0.00581628
0
0
0.00571448
0.0037008
0.0109389
0
0.00260069
0
0.00285486
0
0.00960355
0
0.0116176
0.00684186
0
0.0028331
0
0
0.00598436
0.00297086
0.0210656
0.0201976
1
0.944152
0.55988
0.00292092
0
0
0
0
0
0.0053871
0.00291928
0
0.00296862
0
0.00704536
0.00287525
0.00287675
0.00296246
0
0
0
0.0028594
0.00268935
0.00286608
0.00276743
0
0
0
0
0.0057902
0
0
0.0027182
0
0
0
0
0.00291538
0
0.00250005
0.00250005
0.00256861
0
0.00288442
0.0141413
0.00250005
0.0196412
0
0
0.00507234
0
0
0.00286502
0.0100467
0.00943253
0.0208038
0.00292117
0
0.00530961
0
0
0.00617351
0
0
0
0
0.0423701
0
0
0.00301915
0
0
0.00491069
0.00657471
0.00475238
0.00277942
0
0
0.0069053
0
0
0.00583998
0.00317361
0.0025496
0.00490485
0
0.00288495
0.0171683
0.00286194
0.00573637
0.0206497
0.0414035
1
1.05944
1
0.00268178
0.00273888
0
0.00338891
0.00571225
0.00278969
0
0
0.00299417
0.00268103
0
0
0
0.00758311
0
0
0
0.00288686
0.00263021
0
0.012162
0
0.00263021
0.0051493
0
0.0165431
0
0
0.00565449
0.00270854
0.00285529
0
0
0
0.00572141
0.00270854
0.00575282
0.00285529
0.00270854
0
0
0.00558555
0.00361192
0
0
0.00525685
0.00286972
0
0.028721
0.00595311
0.0139862
0
0.00262842
0.00538603
0.00273727
0
0.00557787
0
0.00287675
0.00550766
0.00297773
0.00275776
0
0.00281036
0
0
0
0.00255241
0
0.0029443
0
0.00284088
0.936426
1.00435
1.09709
0
0
0
0
0.0120908
0.0167425
0
0.00852935
0.00283759
0.00293657
0
0
0.00461929
0.00293268
0
0
0.00282783
0.00295087
0.0070945
0.00292483
0
0.00263021
0.00844396
0.00250821
0
0.00298397
0.0027409
0.00704129
0.0028378
0.00271864
0
0.00279454
0.0029201
0
0.00586707
0.0029133
0
0.00853725
0
0.00528083
0
0
0.0120708
0
0
0.0174662
0
0.00291743
0.00287938
0
0.00250005
0.011608
0.00581172
0.00874993
0.00794806
0
0.00293858
0.00262842
0
0
0.00421124
0.0178477
0.00290412
0.00404251
0.0212098
0.020226
0
0.00876142
0
0
0.00281437
0.00300413
0
0
0.00291326
0
0
0.00282783
0.00283617
0
0.00293545
0.00298563
0.140797
0.00295782
0.00295068
0
0.0563671
0.00283617
0.00283617
0.00451485
1.01501
1.08119
1
0
0.00283919
0.00278794
0.00498961
0.00356541
0.0397664
0
0.00397516
0.0077493
0.0810536
0
0.00530212
0.00283617
0.00530571
0.00559347
0.00389576
0.00262275
0.007735
0.00250707
0.00297552
0
0.00274065
0.00356995
0.00251909
0.00246731
0
0
0.00557319
0.00239399
0
0.0025223
0
0.00256557
0
0.00250005
0
0.00275184
0.0106542
0.00799483
0.015871
0
0.00283617
0
0.00253098
0
0.00271471
0.0100763
0.00289897
0.00825206
0.0029201
0
0.00533675
0
0
0.00274861
0.0107313
0
0
0.00288735
0
0
0
0.0617049
0.00808259
0.00279825
0.00288735
0.00861795
0
0.00278093
0.00293777
0.00275046
0
0.00276554
0.00265531
0.0365964
0.00288348
0.0043343
0.0463701
0
0.0317573
0.0052415
0.00260069
0.00262275
0.00565508
0.00396147
0.998533
1.17897
1.08242
1.04336
0.00265606
0
0.00468697
0.00706182
0.00385181
0
0
0.00254883
0.00291185
0.00282466
0.00264561
0.00662492
0.00290729
0.0220713
0
0
0
0.0027182
0
0.00263105
0.0027182
0
0.0027182
0.0259041
0
0.00283839
0.005665
0.0024672
0.00283839
0
0.0123744
0
0
0
0.00283839
0.0028554
0.01083
0.00273107
0.0029622
0
0
0
0
0
0.00281785
0
0.007153
0.0123744
0
0.00985061
0
0
0
0.00294787
0.00376611
0.00869107
0.0350347
0
0
0.00260069
0.00559961
0.00256041
0.0078335
0.00751168
0
0.00284919
0.0208038
0.00260794
0.00256041
0
0.00265531
0
0.021369
1.02327
0.233177
0
0.0076391
0.00433448
0.00265531
0.00260069
0.00263707
0.00650172
0.00283759
0
0
0
0
0
0.0203551
0
0.00258964
0.00428248
0.00806103
0
0.00257984
0.00285499
0.00291327
0
0.00856667
0.00262222
0.00523139
0.00795106
0.00280553
0.0025176
0.0025176
0
0
0.0416854
0.00298697
0.00264199
0.00935177
0.00511055
0
0.0025176
0.00573639
0
0.00256862
0
0.00345227
0.00569615
0
0.00342218
0.0192532
0.0161747
0
0.00821802
0
0
0.009411
0.032195
0.00844138
0.00246755
0.00288953
0.0027182
0
0.00663677
0.0107
0.00881445
0.00535545
0.00714045
0.0105925
0.0093625
0.268396
0
0.00719966
0.00379011
0.00284919
0
0
0
0
0.00365696
0.00291518
0
0
0.0155577
0
0.00282546
0.00368364
0.00830873
0
0
0.00449924
0.0027488
0
0
0.00598315
0
0.00278794
0
0
0.00285714
0.0101656
0.0460235
0.013467
0.00280502
1
0.00790961
0.00292559
0
0.00572495
0
0
0.0107897
0.00272973
0.0055083
0.0106262
0.00242565
0.00514823
0.0187323
0.00551418
0.0234679
0.00257792
0.0171099
0
0.040477
0.00276554
0
0.00604671
0.00275586
0.00544116
0
0
0.0112252
0.008392
0.00268204
0.00921848
0
0.00558291
0.00553798
0
0.00437805
0.00264092
0
0
0.0029246
0
0.00573618
0
0
0
0.0031588
0.00246755
0
0.00556345
0.00844486
0
0
0.72158
0.283666
0.00268899
0.00260731
0
0.00463586
0
0
0.00264461
0.00257229
0
0
0.00307877
0.0080074
0
0.00440202
0.00701533
0.00558286
0
0.00246755
0.0116848
0.00546996
0.00259295
0
0.0090402
0.00292438
0.0146963
0.00256041
0.00866026
0.00272715
0.00262683
0.00266415
0.0389102
0.0400999
0.0134359
0.0216175
1.01214
0.0156395
0
0.0080627
0.00269896
0.00288735
0.00259295
0.00263122
0
0.0221453
0.0163953
0.00283851
0.00531989
0.0103855
0.00580879
0.00262842
0
0
0.00255417
0.0233222
0.0028645
0.00286469
0.0183392
0.00282903
0
0.00597417
0.00285181
0.0115663
0
0.010972
0.0037408
0
0.00277022
0.00555779
0.0172478
0.00831405
0.00533718
0.00315385
0.0105725
0.00257229
0.00556345
0.00567913
0.00602734
0.00505461
0.0442681
0
0
0.00777402
0.00260444
0.00257229
0.00542728
0.0200889
0.00279323
0.00260201
0.0588402
0.990297
0.261073
0.0191251
0
0.00265531
0.0134771
0
0.00552054
0
0.00260805
0
0.00328354
0.00574111
0.040285
0
0.00733853
0.00267104
0
0.00427301
0
0.00257197
0.0039615
0
0.00696111
0
0.0025829
0
0.00255417
0
0.0297143
0.101377
0.00504128
0.0134142
1.0095
0.0153039
0.0108034
0.00801852
0.0026327
0.00261306
0
0.0106395
0.0452319
0.0026412
0.00274963
0.0245796
0.0160129
0
0.00262683
0.00261182
0.00507767
0.00263081
0.00261306
0.0170304
0
0
0.00460924
0.00504271
0.00268227
0.00343673
0.0120708
0.00252815
0.00413305
0.0220267
0
0.00254045
0
0.00582112
0.0441535
0.0216438
0.00272511
0.00562792
0
0.0122053
0
0.00294787
0.0058471
0.00532446
0
0.0164814
0.00277223
0.00504752
0
0.00294787
0
0.00462665
0
0.0192283
1.00988
0.503972
0.00818013
0
0.00258709
0.0024672
0
0
0
0.008412
0.00260401
0.00536089
0.00258782
0.00268824
0
0
0.00397716
0.00534415
0.00351999
0
0.00536241
0.00403231
0.00861148
0.00259953
0
0
0.00296131
0
0
0
0.00245909
0
0
0
0
0.0169563
0
0
0
0
0
0
0
0.00988028
0.0135554
0.00817466
0.99823
0.0192894
0
0.00791132
0
0.00262842
0.0079223
0.035216
0.00569789
0
0.0932252
0.0132019
0.00535937
0.0053874
0.00243205
0
0.0025463
0.240719
0.0079629
0.00276003
0.00270001
0.0026008
0
0.00843821
0.00263237
0
0.0150084
0.00344688
0.0138398
0
0.243582
0.0027236
0.00249802
0.0155702
0.00577706
0.0161611
0.153503
0.00532046
0.00252464
0
0.0226869
0.00255095
0
0.00284875
0.00277491
0
0.00806649
0.00900093
0
0
1
0.00265853
0.00516113
0.0025997
0.00265928
0.00264536
0.00715057
0.0451347
0
0
0
0
0
0.00266002
0
0
0
0
0.00274638
0.00528863
0
0
0.0214511
0.00526814
0.00273648
0.00677878
0.0218743
0.00520461
0
0.0194065
0.00521249
0.00552792
0.0093023
0
0.00261306
0
0.0100452
0.00295352
0.0145584
0.0165961
0
0.00536552
0.986464
0.0107146
0.00536454
0.00801385
0.00284919
0.00262194
0.04947
0.0300975
0.00550859
0.0229909
0.00528087
0.00790789
0
0.00257674
0.0025775
0.00255415
0.0326528
0
0
0.00864889
0.0050379
0.00262171
0
0.00572449
0.00462257
0.00808203
0.00363422
0
0.00284539
0
0.00499411
0.00248158
0.0025088
0
0
0.0315717
0.00565768
0.00262988
0
0
0.00860366
0.00522641
0.00932183
0
0
0
0.0108257
0
0.0151132
0.00800329
0
0
0.0026461
0
0
0.0054586
0.0062695
0.00270981
0.00264631
0.00783706
0
0.00698495
0.0051681
0
0.00258874
0.00272879
0.00271109
0.00248061
0.00705782
0
0.00583001
0.992095
0
0
0.00264536
0.00268923
0.0025463
0
0
0.0302361
0.0110153
0.00283279
0.0220822
0.00267671
0.00262587
0.00258787
0
0.00267782
0
0
0.00281881
0.00349796
0.00253992
0
0.0116011
0.0028269
0.00325754
0.00526729
0.0116115
0
0.00259467
0.00580576
0.00270936
0.00261098
0
0.00407712
0.00678461
0
0.00327339
0.00271756
0.0115874
0
0.00264461
0
0
0
0.00244695
0
0
0.00265928
0
0
0
0
0.00277611
0
0.0025999
0.00273952
0
0
0.00270156
0
0.00253854
0.00527271
0.00267671
0
0
0.0256694
0
0
0.00248942
0.00252757
0
0
0
0.00235755
0.00267671
0
0.00264734
0
0
0.00551135
0
0.00674063
0.0196459
0.00264127
0.00272803
0.00252562
0
0.00707636
0.00260746
0
0.00270866
0
0.00271012
0
0.00628029
0
0
0
0
0.00265621
0
0
0
0.0085471
0.00268857
0
0.00514691
0
0.00903695
0.00257185
0.00248061
0
0
0
0.00275448
0.00276902
0
0.00251142
0
0.00314005
0
0.00526562
0
0
0
0.00332126
0.00642561
0
0
0
0
0
0
0
0
0
0
0
0
0
0.00612465
0
0
0
0
0.00264209
0.00262126
0
0
0
0
0.002485
0
0
0.00262906
0
0
0.00386975
0.0025821
0
0
0.00387298
0.00853716
0
0.00351728
0.00279324
0
0.00533555
0
0
0
0.00255826
0.00338201
0.0118071
0
0
0
0
0.0108377
0.00269089
0
0.00238956
0.00270586
0.0110909
0
0
0.00280258
0.00503827
0
0.00270263
0.0053087
0
0.00263972
0
0
0.00247896
0
0
0
0
0.00659349
0
0
0
0
0.00553484
0
0
0.00256079
0.00252179
0
0.0116189
0.00263528
0.00273356
0
0.00400237
0
0
0.00283728
0
0.00258953
0
0.00263552
0
0
0.00832223
0.0111123
0.00529176
0.0782966
0.00854352
0
0.00356667
0
0.00268967
0.00842929
0.00251887
0
0.00251142
0
0
0
0.0206206
0.00291034
0.00255459
0.00251142
0
0
0.0392335
0
0.00305491
0.0111126
0
0.00265918
0.0029476
0
0
0.00264995
0
0
0.00274203
0
0
0.00249859
0
0.00248673
0
0.00341351
0
0.00259295
0.00555691
0.00746018
0
0
0.00260248
0.0028585
0
0
0
0.00251575
0.00390339
0
0.00331672
0.00768345
0
0.0025463
0
0
0
0
0
0.00818367
0.00379318
0.0197186
0
0
0
0
0
0.00242605
0
0.0151064
0
0
0.00252879
0.00267671
0.00252879
0
0.00250935
0.0148294
0.00271523
0.0216541
0.00279047
0.00252879
0.00251887
0.002505
0.00287908
0.00523286
0
0.0108298
0.00539078
0
0
0
0.00263671
0
0.00265928
0
0.00256847
0.00248582
0
0
0
0.00269814
0.00251142
0
0
0.00270936
0
0
0.00273797
0
0
0.00520271
0.00275693
0.00259274
0.00782334
0
0.00260044
0
0.00267479
0
0
0.00785154
0.00861644
0
0.00777247
0.00255415
0
0.00249744
0.00260731
0.00251328
0
0
0
0
0
0.0097339
0.00504094
0.00263199
0.00260281
0.00400135
0.00252696
0
0.00259117
0.00263757
0.0231605
0
0.00267671
0.00248582
0.00546477
0
0.00268058
0.0227576
0.00547361
0.00248582
0
0
0.00259274
0
0.00299477
0.00999537
0
0.0111827
0.00800478
0.475059
0
0.00259295
0
0
0.00516051
0
0
0
0
0.00263199
0
0.00258337
0.00259274
0.00518925
0
0.00258709
0
0
0.00260211
0.0197189
0
0.00264382
0.00272715
0
0
0.00263107
0.00288378
0
0.00254106
0.00271858
0.00820781
0
0
0
0
0.0025463
0
0.00750376
0
0
0
0
0
0.00518897
0
0
0.00431543
0.00276663
0.00973
0.00263483
0
0.00237757
0.00280403
0
0.00522408
0
0.00266827
0.00627097
0
0.00273467
0
0.00585721
0
0
0.002829
0.104978
0.00262111
0.00280235
0
0.00264601
0
0.00311372
0.00262572
0.00266644
0.0269719
0.00280235
0.179587
0.00263477
0
0
0
0.00346422
0
0.00260006
0.00280235
0
0.00256151
0
0
0
0.00269989
0
0.00515976
0
0
0
0.00834861
0.00258709
0
0
0
0
0.00250895
0.0216465
0.00284394
0
0.00288567
0
0
0.0318415
0
0.00288567
0.00923443
0
0
0
0.00267387
0
0
0
0
0.00284394
0.00324625
0.00272471
0.00263483
0.0105021
0.00250342
0
0.0055603
0
0.00752516
0.00568008
0.00246665
0.00978545
0
0.00263483
0
0.00275023
0.00526031
0
0.00812076
0
0
0
0.00252696
0
0.00518105
0
0.00561651
0.0162479
0.00257472
0.0112961
0.00252696
0.00267671
0.00248582
0
0.0088842
0
0.00787855
0.016934
0.00285823
0.00542801
0.00779747
0.0989366
0.123163
0.00262484
0.00796571
0.0026008
0.00255459
0.00263199
0.00563251
0.00263477
0
0
0
0.0026008
0
0.00267605
0.00537036
0
0
0.00258709
0.00299477
0.00550127
0.00828998
0.00268276
0.0026882
0.00798126
0.00526277
0
0.00262558
0.00253865
0.00806461
0
0
0.00274626
0
0
0
0
0
0.00268276
0.00560626
0
0
0
0.00274256
0.00391097
0.00259451
0.00744184
0.00926836
0.00279255
0.00273797
0.00246665
0
0.00271858
0.00274725
0.00371308
0.00287754
0
0.0151727
0
0
0.00288729
0.00275624
0.00260731
0
0.00266498
0.0176545
0
0
0.00255415
0
0.00282695
0
0.00869076
0.00275738
0.0135666
0
0.00621387
0
0
0.00589204
0.00292381
0
0.0174835
0.00828161
0.00286198
0.159247
0.0167048
0
0.00782576
0
0.00303229
0.00267922
0.0153389
0.00282125
0
0
0.00953598
0.00518895
0.00288648
0.00273661
0
0.00304219
0.00273168
0.003107
0.00278481
0.00796808
0
0.00524608
0.0026975
0.00271719
0.00540197
0
0.00534738
0.00264769
0.00277421
0
0.00260226
0.0024621
0
0
0.00271433
0.0154155
0
0.00578308
0.00292308
0.00256061
0.00280812
0.00456928
0
0.00292308
0
0
0.00284042
0.0303831
0.00578308
0
0.0025055
0.0135346
0.0311124
0.00508036
0
0.0155496
0.00259274
0.00279119
0.0112314
0.00961062
0.00265256
0.00274849
0.0209762
0.00230301
0.00259274
0.0056111
0.00272875
0
0
0.0153909
0
0
0.010192
0.00271287
0.00523899
0.00522543
0
0
0.00864432
0.00281943
0.00557503
0.0209628
0.00287326
0.00249718
0.00271331
0.00255415
0
0.00259363
0.00301479
0.00306724
0.00548166
0.00263529
0.022638
0
0.00541687
0.00638537
0.00553728
0.219384
0.033512
0.0024614
0.00255578
0.00300452
0.0120526
0
0.00270748
0.00250068
0
0.00254496
0.0025481
0.00249051
0.00498979
0
0.00335559
0.0116797
0.00745464
0.00271786
0
0.00282028
0
0.00509378
0
0.00254496
0.00255506
0.00286151
0.00266029
0.00259288
0.00259695
0.00254045
0
0
0.00516097
0.00253747
0.00254496
0.00518064
0.0148439
0.00259288
0.00259288
0
0.0028059
0
0
0.00256088
0.00260029
0.00256202
0.0025463
0
0.00559591
0.00377689
0
0
0.00279492
0
0.00274626
0.00541663
0.00269844
0.0178076
0.0117781
0
0.00501094
0.00271799
0.00486309
0.00293002
0.00782126
0.0151796
0.00979433
0.00276113
0.00555914
0.00252879
0.0115339
0.00274346
0
0.00539398
0.00576812
0.0080276
0.00699557
0.0134374
0
0.00985892
0.0108377
0.00556412
0.00504919
0
0.00548555
0.00276569
0.00371727
0
0.00560067
0.00850503
0.0103078
0
0.00248017
0.0024621
0
0.00258709
0.00344586
0.0285719
0.0255117
0.0515506
0.0293462
1.02318
0
0.0109818
0.00274875
0.944368
0.0442483
0.00260017
0.00262312
0.00374974
0.00987099
0.00259322
0.00539163
0.00284378
0
0
0.00247541
0.00253418
0.00731273
0
0.0133611
0.157207
0.0297139
0.00559411
0.00837025
0
0
0.00254045
0.00836049
0.00836382
0.00253347
0
0
0.00274626
0
0.00807427
0.00250823
0
0.00316069
0
0.0488498
0.00263199
0.00248829
0
0.00259943
0
0
0.0164776
0
0
0
0
0
0.00274626
0.00275203
0
0
0.0140709
0
0.00314642
0.0027617
0.00697308
0.0167417
0.00801302
0.0755711
0
0.00284999
0
0.0039615
0.0027739
0
0.0140792
0.00272282
0.00259547
0.0104146
0
0.00236742
0
0.00539636
0.00517425
0.00287555
0.0174285
0.00698887
0.00255553
0.00556591
0.0330146
0
0
0.00813892
0
0.008038
0
0.00539636
0.00862375
0.00267207
0
0.0461599
0.0117265
0.00285501
0.00262415
0.00259295
0
0
0.00279948
0.00411266
0.0274813
0
0.00573649
0.00333153
0.0117833
0
0
0.00527753
0.00502379
0.003228
0.0039665
0.00569927
0.00590067
0.0142133
0.00341235
1
0
0.0109027
0
0.872607
0.245666
0.762601
0.00288486
0.00514314
0.00568556
0
0.0123567
0.00279359
0.00277176
0
0.00270924
0.00549427
0.00270386
0.0255105
0.00816033
0.0091629
0.0051098
0
0.00624379
0.00259288
0.00260686
0.00858626
0
0
0.00252423
0.00253347
0.00542986
0
0.00799155
0.00280239
0.00815616
0
0
0.00264382
0.00514746
0
0.00264826
0
0.00294575
0.00526106
0.00262558
0.002726
0
0
0
0.0824505
0.00563527
0
0.00283933
0.00256283
0.00262207
0
0.00246665
0
0.0142256
0.00530991
0.0108668
0.00522944
0.157316
0.00549494
0.00806523
0.00511762
0
0
0.00389471
0.00514866
0.040181
0.00275307
0.00252346
0.00817596
0
0.00281165
0
0.00246854
0.0025964
0.00713874
0.020878
0.00541904
0.00269177
0
0.0163071
0.00540223
0.00293002
0
0.00274835
0.0106624
0.00844937
0.00256761
0.0294315
0
0
0.0396262
0.00628961
0.00260468
0
0.00277987
0
0.00667868
0.0255523
0.00571819
0.00851236
0.0146479
0.0280378
0
0.00818697
0.0052383
0
0.0107131
0.00647828
0.0359785
0.0171905
0.0675905
0.0314993
1
1
0
0.00549516
0.0516753
0.00567555
0.655569
0.967719
1.01055
0.00255387
0.011051
0.00547911
0
0.00916472
0.00260425
0.00301643
0.00873622
0.00274281
0
0.00835181
0.00833398
0.00288567
0
0.00255531
0.0198769
0.00855383
0
0.0356142
0.00549885
0.00549363
0.00544667
0
0.00511781
0.00267805
0
0.00262746
0.00258926
0
0
0.0807051
0.011265
0.00772922
0.00252508
0.00280415
0.00262746
0
0
0
0
0.00274549
0.0028309
0.0112294
0
0.00274835
0
0
0.0226106
0.00539418
0.0110173
0
0.0039247
0.0186304
0.00266655
0.0026975
0.00262207
0.00274835
0
0.0097494
0
0
0.476177
0
0
0.00264655
0
0
0.00916663
0
0.00548977
0.0130276
0
0.0108362
0.00815607
0.0102259
0
0
0
0.0051163
0
0.0160789
0.00282921
0.0126154
0.0219637
0
0.00272524
0.00240231
0.00808575
0.00504021
0
0.017016
0.00822217
0.0387236
0.00838574
0.0252268
0.0419351
0.00564515
0
0
0.00273609
0.00778915
0.00260685
0.0250373
0
0.00376866
0.927244
0.705683
1
0.00288286
0.00804437
0.0497477
0.00289809
1.00002
1
1
0.00264631
0.00312885
0.0109117
0
0.0321373
0.00566177
0.00286237
0
0.00261809
0.00783893
0.0111916
0.00958682
0.00283513
0.00863931
0.00289809
0
0
0
0.00262234
0.00258926
0
0
0
0.00259916
0.0111722
0.00529059
0
0
0
0.00255459
0.00258926
0
0
0.00270097
0.00263063
0.00815088
0.00273797
0.00262207
0
0.0097757
0
0
0
0.00803619
0.0276893
0.00262818
0.0035548
0.00263105
0.0389531
0.0054111
0.00265324
0
0.00261579
0.00437011
0
0.00562026
0
0.0160724
0.0436498
0.00847259
0.00538282
0.00258099
0
0
0.00614901
0.00893192
0.00580208
0.00270611
0.0803725
0
0.00278877
0.00540099
0
0.00543082
0
0.0028454
0.0079182
0.00273235
0
0.00553992
0.0675958
0.0175801
0.00814155
0
0.00267166
0
0
0
0.00297489
1.0056
0.0170233
0.980574
0.0658453
0.00293002
1
0.00276234
0
0
0.0105267
0
0.0269459
0
0
0.0093253
0.0138964
0.0173885
0
0
0
0
0.00535844
0
0.00255459
0.00327633
0
0.00255459
0
0
0.00279849
0
0.00276902
0
0
0.00255459
0
0
0.00265357
0
0.00555057
0.00271858
0
0.0153275
0
0.00845263
0.0138966
0.0347263
0.026054
0
0.0187267
0.010847
0
0
0
0.00247858
0
0
0.00827639
0.00531331
0.00357554
0
0
0.00276942
0.00855377
0.0181314
0.00284181
0
0
0
0
0
0.110707
0
0.0174107
0
0
0
0.00683088
0.00776694
0.963779
0.0798882
0.921676
0
0.0113373
0
0.964703
1.0067
0.0032897
0.0340042
0
0.00265324
0.00276734
0.00747128
0
0
0.00248829
0.00271331
0
0.0144964
0.00248829
0.00282805
0
0
0
0.00507755
0
0
0.016429
0
0.00282805
0
0.00262207
0.00449594
0.00715109
0
0.00581378
0
0
0.00270674
0.00298145
0.0041401
0.00776571
0
0.0111588
0.00835803
0
0
0.00357554
0
0.0151132
0.0086964
0
0
0.00250959
0
0
0.0028195
0.00990945
0.00460964
0.00571119
0
0
0
0
0.0144856
0.00267394
0.00413784
0
0
0
0
0
0.935563
0.68551
0.354952
0.987908
0.00541525
0.00254574
0.00448671
0.00577242
0
0.00281649
0.005376
0.00296656
0
0.00258926
0.00270223
0
0.00248829
0
0
0.00260029
0
0
0.00255506
0.00289809
0.00264171
0.00289809
0
0.00344698
0
0.0143918
0
0
0
0.00549838
0.00303725
0
0.00307451
0.0173439
0
0
0
0.00263602
0.00508514
0.00674557
0.00594728
0.00770693
0.00821501
0.00291122
0.00273937
0
0
0.0126375
0
0.00998256
0.00273937
0.00282263
0.00285147
0.00263602
0.00407353
0.00923005
0
0
0
0
0.00285147
0.00403424
0
1.03179
0
0.210606
0.00285357
0.0025587
0.00347991
0
0.00260029
0.00805945
0
0.00288567
0
0
0.00248829
0.00275758
0.00258926
0.0058356
0.0026057
0.00557266
0
0.0077142
0
0
0.00290008
0.00407175
0.00298906
0.0051562
0
0.00564871
0.00259468
0
0.0327461
0.00801058
0.00856793
0.00830917
0.00268115
0
0.00566254
0
0.033599
0.0024645
0
0.0057624
0
0
0.00306675
0.0024645
0
0.00262294
0
0.0091056
0.00278973
0
0
0.175054
0
0
0.00380796
0.0030492
0.00547493
0
0.00258926
0.00260964
0.00743598
0.00282717
0.00258926
0.00274295
0.00261794
0.00258926
0.00248767
0.00515988
0
0
0.00275856
0
0.00271553
0.00510623
0.00542274
0
0.00290056
0
0.00261794
0.00265575
0.00300163
0.011581
0.00976157
0.00590188
0.00813371
0.00547643
0.00748422
0.00261427
0.00313216
0.00246808
0
0.0270222
0.0338179
0.00576936
0.00852748
0.985039
0.00519618
0.00269207
0.0025225
0
0.00681308
0.0339182
0.00853871
0.0136461
0
0.00462094
0.0057294
0
0.00844859
0.00528665
0.00292162
0.00459943
0
0
0.00262792
0.00279837
0.00289309
0.00459597
0
0.00273168
0.29375
0
0.00248797
0.00566757
0.00285147
0
0.00285438
0.00280985
0
0
0.0161544
0.00299108
0.00285147
0.0082925
0.00275522
0.00288158
0.00298595
0
0.00248829
0
0.00271331
0
0.00604694
0.00515572
0.0108166
0
0
0.00302565
0.004061
0.00734389
0
0.00585746
0.0082226
0.00772225
0.00268394
0
0.00243134
0.00313071
0.00522597
0.00389132
0.0142086
0.00807699
0.0112661
1.05399
0.0025477
0
0.00574035
0
0.00587098
0.00815336
0
0
0.00412238
0.00299419
0
0
0
0.0527915
0
0.00525391
0.00950576
0
0.00291802
0
0
0
0.00281649
0.00260953
0.00383874
0.00260346
0
0
0
0.917362
0.00264072
0
0.00465925
0
0.00297199
0.00298459
0.00471576
0.00292709
0
0
0
0.0053904
0.00292783
0.00270798
0.00298459
0.00298459
0.0054571
0.00286452
0.00287224
0.00312502
0.00298459
0
0.00262904
0.0058273
0.00248829
0
0.00850851
0.00730441
0.0717516
0.00306522
0.00295948
0.0167494
0
0.00818651
0.0156367
0.00294686
0
0.0028492
0
0.986031
0
0.00289752
0.00564091
0.0215928
0.0110332
0.00708311
0.00395194
0.0115806
0.00970867
0
0.00832422
0.0138328
0.00271599
0
0
0.00296622
0.00255427
0
0
0
0.00332968
0.00260029
0
0
0.00726476
0
0.294811
0.0029692
0
0
0
0
0
0.00310001
0.00297087
0.0030472
0.0129635
0
0
0.00274297
0
0
0.00297003
0.00658771
0
0.00261794
0.00580006
0.00297003
0
0.0030874
0.00306939
0
0.00265909
0.00296453
0.00276055
0
0.00550804
0.0870863
0
0
0.011177
0
0.00311253
0
0.0198189
0.935425
0
0.0108569
0
0.00452034
0
0.00295568
0
0.0053136
0.0287421
0.00298459
0
0.00463618
0
0.011914
0
0.00687481
0
0.00300071
0.012112
0.00295948
0.00316082
0.00292085
0
0.00555386
0
0.00259551
0
0.00301473
0
0.87306
0
0
0.00495006
0
0.00289096
0.00274765
0
0.00264325
0.00254194
0.00299361
0.00272951
0
0.00288158
0
0
0.00278375
0
0.00261427
0
0.0089101
0
0.00858279
0.00308551
0.00897112
0.00281649
0.00297216
0
0.00262562
0
0
0.00255799
0.00254401
0.00305738
0.00319749
0.00298459
0.00288158
0.0261794
0
0.00288158
0
0
0.00291773
0
0.00271593
0.00412386
0
0.00283063
0.00285866
0
0.00489928
0
0
0.00275522
0
0.00276055
0.00275418
0
0.00276055
0.00264525
0.00285784
0.00295948
0.00422478
0
0.00259468
0.00264198
0.0169767
0
0
0.00285438
0
0.00284454
0.00275522
0.00254194
0
0
0
0
0
0
0.00566722
0.00487156
0.00607871
0.00392942
0
0.00259468
0
0.00297526
0.00293831
0
0.00259468
0.0221961
0
0
0.020822
0.00280458
0
0
0.00959248
0
0.00388286
0.01327
0.00845962
0.00273942
0
0.00285512
0
0.00864894
0.00285468
0
0.00340788
0
0.00268052
0
0
0
0.00279049
0
0
0
0
0
0.00294687
0.00275522
0
0.00277137
0.00258538
0
0
0
0
0.00576289
0.0028777
0.0126326
0.00285023
0.00265378
0.00347033
0
0
0.00251291
0.0028451
0.00261364
0.00579437
0
0
0.00298383
0.0837702
0.00312831
0
0
0.00258898
0.374494
0.0029272
0
0
0
0.69256
0.00299399
0
0.00275977
0.00281627
0
0.00276055
0
0.00261911
0.00535441
0.00276055
0.0213
0.00533766
0
0.00588715
0.00560798
0.00267462
0.00536025
0.00280932
0.00763302
0
0.00419052
0.00564683
0.0025559
0
0.0420828
0.005308
0.00554337
0.00295466
0.00355929
0
0.0026776
0.00285438
0
0
0.00775619
0.0055211
0.00561708
0.00720687
0
0
0
0.00258898
0.00272011
0.0170435
0
0
0.00284743
0
0.00284743
0.00505518
0.469735
0.00584388
0.00707641
0.00272631
0
0.00284743
0.532194
0.00555182
0
0.00284963
0
0
0
0
0
0.00871422
0
0.00363134
0.00299849
0.00533822
0.00565919
0.00282815
0.00246808
0.00396378
0
0.00229811
0.00274769
0.00269928
0.00385795
0.00286993
0
0.00255799
0.00292594
0.00280471
0
0
0.467223
0
0.217369
0.00281627
0
0.00296074
0.00279539
0.00260635
0.00260688
0
0.00371847
0
0
0.00274223
0.00546401
0.00401358
0.0153278
0.006635
0.00263656
0.00288682
0.00258996
0.00442333
0.00564083
0
0
0.00272631
0.00261427
0
0.00361084
0.0264442
0.00246808
0.886753
0
0
0.00246808
0.165242
0
0
0
0
0
0
0.00749753
0.00288156
0.022117
0
0.00343579
0
0.00254974
0
0.00464809
0
0.00532901
0
0
0.00287663
0
0.0202631
0.0280981
0
0.00573136
0
0
0
0
0
0
0
0
0
0
0.00276155
0.0807333
0
0.00558068
0.00299247
0.00553066
0.00422322
0.00272631
0
0.0128785
0.00286592
0
0
0.00565244
0.0104155
0
0.993573
0
0.0555857
0.08803
0.00267938
0.00360344
0
0.00276827
0
0.00887013
0.00265644
0
0.0029474
0
0.00284825
0.0137422
0
1.05493
0.836821
0.533103
0.231617
0.148497
