0
0.0790044
0
0.00757698
0.675964
0
0.0227286
0.00696166
0.0150195
1.00053
0
0.0227286
0.00696166
0.0150195
1.00053
0
0.0227286
0.00696166
0.0150195
1.00053
0.013588
0.0162677
0
0.0227286
0.00696166
0.0150195
1.00053
0.013588
0.0162677
0
0.0227286
0.00696166
0.0150195
1.00053
0.0121915
0.0117929
0.0162677
0
0.0227286
0
0.0150195
1.00053
0.0121915
0.0137371
0.0117929
0.0162677
0
0
0.0370359
0.00662606
0.0150195
0
1.00053
0.0137371
0.0117929
0.0162594
0.0077635
0
0.0211574
0.00695142
0.0107018
0.0126737
0.0440109
0.0176984
0.0198148
0.0291519
0
1.00053
0.0110469
0.0116498
0.00648168
0.0137371
0
0.0108403
0
0.0133044
0
0.193515
0.0077635
0.00997717
0.0282554
0.0340841
0.0107018
0.0126737
0.0431575
0.00840901
0.0542757
0
0.064374
0.0852711
0
1.00002
0.0107556
0.0116498
0.00826463
0.013092
0.0137209
0.0108403
0
0.00686984
0
0.0973837
0.00771195
0.00997717
0.00678903
0.00646215
0.00915399
0.0141243
0.0107018
0.062064
0.0127755
0.0162176
0.0455776
0.0139814
0.0124512
0.0327463
0.0418532
0.00806202
0.595647
0.0116082
0.0244724
0.0172004
0.00686682
0.0265724
0.0108403
0.00657631
0.0153612
0.00686984
0.0122621
0.0495884
0
0
0.022185
0.0152465
0.00646215
0.0134901
0.00973512
0.0122352
0.0207179
0.0140441
0.0162176
0.0268607
0.0066972
0.0251555
0.0406077
0.0143123
0
0.448781
0.0116082
0.0605907
0.0172004
0.0131002
0.0133634
0
0.0213428
0.00716283
0.0075893
0
0
0.34977
0
0.0290773
0.022185
0.00785662
0.00724148
0
0.00695004
0
0.0783676
0.0270703
0.0083586
0.0273836
0.0251555
0.0600596
0.0728813
0
0.00765963
1.019
0.0116082
0.0629696
0.0088809
0.0198846
0.013511
0.0144195
0.0108403
0.00716283
0
0
0
0.741328
0.0248057
0.0290773
0.0115813
0.0368149
0.00724148
0
0.01428
0.0106612
0
0.0722035
0.0140441
0
0.00934325
0.00696693
0.0382767
0.243171
0.258914
0.00649269
0.0245876
1
0
0.0109561
0.0386074
0.0088809
0.0067526
0.0268173
0.0413203
0.014663
0.0108403
0.00718061
0
0.00620743
0.00741977
0.0127942
0.991876
0.0330677
0.0188491
0.0473515
0.0230905
0.00711495
0
0.0446005
0.0106612
0.0128303
0.0505263
0.0271137
0.00857774
0.0206613
0
0.286876
0.117599
0.0335968
0.562979
0.00906623
0
0.0386074
0
0
0.0278119
0.055743
0
0.0327835
0.0143758
0
0.0191612
0.00743819
0
0.991876
0.00809652
0.0188491
0.0711236
0.00785662
0.0275657
0
0.0735378
0.021363
0.0128303
0.0579136
0.0130696
0.0283136
0.0202131
0.218926
0.0720638
0
0.0906742
0.0322551
0.0119505
0.0511213
0.00837227
0
0.0278119
0.0422414
0.00738651
0.0219432
0.00690215
0
0.0124904
0.01518
0.0231658
0.991876
0.0158944
0.0105133
0.0823669
0
0.0139951
0.0092784
0.0880127
0.0106612
0.0261278
0.0351575
0.0565196
0
0.027669
0.0270161
0.0120281
0.205953
0.05867
0
0.12328
0.0165357
0.00916331
0
0.062617
0.0171676
0
0.0351321
0.0276156
0
0.0105039
0.0070588
0.0192298
0.0151616
0.0235643
0.987862
0.00779785
0.0208806
0.0701502
0.0297244
0.0278143
0.00906628
0.116603
0.0106612
0.0128303
0.0283854
0.0566074
0.0186398
0.0136668
0
0.199528
0.0433824
0
0.139546
0.0165357
0.0186301
0
0.074011
0.00837227
0.00764145
0.0351172
0.014328
0.0146369
0.0342617
0
0.0070588
0.00620743
0
0.0117484
0.987558
0.0163456
0.0105133
0.116234
0.0661775
0.00688015
0.0181156
0.0430737
0.0206152
0
0.0734646
0.0271162
0.047123
0.0278773
0.0140363
0.199408
0.0452155
0.148514
0
0
0.0120634
0.0637438
0
0.0480943
0
0.0223259
0.00726351
0.0196497
1
0.0162726
0
0.139657
0.0891107
0.00688015
0.00919937
0.035512
0.0101592
0.073009
0
0.00864331
0.0385453
0.0204013
0.0663895
0.205691
0.0586831
0.00771925
0.148514
0.0337676
0.00851661
0.0591259
0.0521051
0
0
0.0207422
0.0130879
0.011822
0.00620743
0.995633
0.00779785
0.0105448
0.172067
0.0515812
0.00688015
0
0.0287945
0
0.0138173
0.0303796
0.012949
0
0.019348
0.0136668
0.067835
0.220034
0.0451182
0
0.173126
0.0170009
0.0237146
0.062852
0.00805898
0.00708396
0
0.00754293
0.00665756
0.00699696
0.013075
0.00712485
0.929004
0
0
0.146777
0.00679808
0.00733515
0.0187989
0
0
0.0132555
0.0145832
0.012949
0.00761861
0
0.00669988
0.0770867
0.163209
0
0.353368
0.01622
0.0238949
0.011891
0.00640988
0.00686066
0.0271901
0.00767112
0.00686755
0
0.484885
0.00814436
0.0101158
0.111839
0.00733515
0.0191671
0
0.0132555
0.0137829
0
0.0159007
0.00939217
0
0.0126554
0.0666059
0.429227
0.01622
0.0355502
0
0
0.00640988
0.0145679
0.0271901
0.00767112
0.353514
0.00814436
0.0105273
0.100973
0.00703672
0.00943729
0
0
0.0132555
0.0202264
0
0.0159007
0.00940454
0.0126554
0.0408174
0.131404
0.0330331
0.0123911
0.00729636
0.0130946
0.013715
0.0207514
0.0072961
0.0129382
0.305952
0.00814436
0.0670589
0.00943729
0
0.0367812
0.0272054
0.00828205
0.0273329
0.00709155
0.0126554
0.0539154
0
0.105576
0.0330331
0.0234527
0.0126125
0
0.00668475
0.013715
0.0138733
0.00667946
0.0072961
0.0129382
0.274088
0.0160306
0.0670589
0.0069883
0.00666442
0
0
0.0501615
0.0205223
0
0
0.0358099
0.0126554
0.0678137
0.0149192
0.097446
0
0
0.0232621
0.013865
0.00685439
0.0105579
0.00752175
0.0130634
0.0072961
0.0129382
0.143356
0.0325776
0
0.100034
0
0
0
0
0.0369059
0.0136825
0
0.0452956
0.0126554
0.0674024
0.0149192
0.00662475
0.129707
0.0162057
0.00926764
0.0069438
0.00668475
0.0136902
0
0.0116692
0.0127381
0.00724753
0.0810702
0.00788621
0.0103908
0.0660746
0
0.00673661
0.00845373
0
0
0
0.00670352
0
0.00813837
0.0194713
0.147508
0.0129742
0.17668
0
0.0112883
0.0069438
0.00668475
0.0136902
0.0195638
0.00756891
0.0650492
0.00788621
0.0218592
0.0205984
0
0.00966521
0.0947868
0.00634947
0.177112
0
0.00677479
0.0133921
0.00813205
0.011052
0.00842911
0
0.00870511
0.020548
0
0.0406389
0.0305856
0
0.00704092
0.00760423
0.0107254
0.0118604
0.00707389
0.0960595
0.00725842
0
0.00764393
0.0134292
0.0118604
0.00707389
0.484009
0.00882789
0.00786809
0
0.00697924
0.0152156
0.00787772
0
0
0
0
0.0134292
0.0100706
0.0118604
0
0.80897
0
0.0128929
0.00749694
0.0131445
0.00782423
0.00697924
0
0.00787772
0.0119532
0
0.022459
0.00770297
0.0102332
0.00156671
0.00785346
0.01901
0.0131753
0.00644655
0.523728
0
0.0159718
0.00782423
0.0223509
0.00697924
0.0217104
0.00629275
0.00787772
0.0119938
0
0.0089209
0.0208363
0.0670563
0.153284
0.0101542
0.0122383
0.015936
0.0100706
0.0134294
0.0495412
0.0128118
0.0066063
0.278057
0
0
0.0112835
0
0.0229095
0.00657323
0
0.00782423
0.0332912
0.00697924
0.0143541
0.00787772
0.0238351
0.033485
0.0089209
0.0311825
0.0662886
0
0.185608
0.00692353
0.0101542
0.108893
0.00702618
0.0128023
0.0394516
0.0190235
0.00679133
0.0631811
0.00652187
0.0132574
0.335549
0
0.0222901
0
0.0229429
0
0.00782423
0.00697924
0.0158755
0.00686308
0.0238351
0.033485
0
0.011117
0.0338066
0.00676086
0.405651
0.0213479
0.108552
0.0316429
0.00891215
0.0134038
0.101248
0.0200432
0.0140554
0.00682794
0.739836
0.0149519
0.0222901
0
0.00693426
0.0150767
0.00697924
0.0153874
0
0
0.0174038
0.011117
0.0690681
0.00742555
0.536081
0.00680978
0.0101542
0.0618414
0.0162957
0.0174047
0.0139874
0.137229
0.0135139
0.0140554
0
0.724567
0.0113435
0.00899803
0.00693426
0
0.00769574
0
0
0.0137128
0.0119478
0.015536
0.011117
0.0246765
0.0145866
0.577273
0
0.0138291
0
0.0133255
0.0334617
0
0.00678827
0.051909
0.0135139
0.0280044
0.640428
0
0.0226682
0.00751187
0
0.00769574
0.0084472
0.0137128
0
0.015536
0.020016
0.0246765
0.00755676
0.00742555
0.604926
0.0106656
0.0396275
0
0.0133255
0.0165852
0
0.00678827
0.0260177
0.0135139
0.0140554
0.219203
0
0.0226682
0.00835032
0.00751187
0
0.00830605
0.0206629
0
0
0.00972144
0.0246765
0.00755676
0.00742555
0.488451
0.0106656
0.0396275
0
0.0133255
0.0165852
0.00890382
0.0260177
0.00699199
0.00682794
0.00805187
0.00890348
0.0123629
0.00848829
0
0
0.016109
0.0069501
0.0174512
0
0
0.0362823
0
0
0.324268
0.0106656
0.039229
0
0.0133255
0.0247859
0.0184495
0
0.01227
0
0
0.00805187
0.00848829
0
0.0156837
0.0069501
0.016195
0
0.00997491
0.0362823
0
0.812689
0.00691283
0
0.0269374
0
0.0139966
0.00865154
0
0.01227
0
0
0
0
0.0150734
0.016195
0
0.00997491
0.0251642
0
0.916038
0.00691283
0.0131082
0.00740965
0.00865154
0
0
0.0069877
0.745058
0.418853
0.103934
