0.00837298
0.00837298
0.00837298
0.00837298
0.00837298
0.0164984
0.00701149
0.00820082
0.00820082
0.00820082
0.00820082
0.00845838
0.00845838
0.00845838
0.00845838
0.00845838
0.00845838
0.0165336
0.0165336
0.0165336
0.0165336
0.0161298
0.00655122
0.00798579
0.00798579
0.00798579
0.00798579
0.00798579
0.00798579
0.0163549
0.0163549
0.0163549
0.0163549
0.0163549
0.0163549
0.0163549
0.0163549
0.0163549
0.00828191
0.00578905
0.00578905
0.0076516
0.0104358
0.00786519
0.00291766
0.00286891
0.00286891
0.00286891
0.00286891
0.00263972
0.00329931
0.00277084
0.00277084
0.00639883
0.00209445
0.00150365
0.00257411
0.00257411
0.00257411
0.00172192
0.00143985
0.00179962
0.00191884
0.00191884
0.00349027
0.00232685
0.00232685
0.00232685
0.00232685
0.00232685
0.00163949
0.00232685
0.00159008
0.00159008
0.00159008
0.000919176
0.00177176
0.00177176
0.00159008
0.00159008
0.000950039
0.000950039
0.00119975
0.00127922
0.00127922
0.00232685
0.000265242
0.00026081
0.00026081
0.00026081
0.00026081
0.000239974
0.000299937
0.000319806
0.000319806
0.000581712
0.0067233
0.0067233
0.0067233
0.0067233
0.0067233
0.0067233
0.0067233
0.0067233
0.00819555
0.00822084
0.00822084
0.00822084
0.00771195
0.0148919
0.0148919
0.0148919
0.0148919
0.0148919
0.0148919
0.0148919
0.0148919
0.0148919
0.0167324
0.00376602
0.00376602
0.00376602
0.016041
0.016041
0.016041
0.016041
0.016041
0.016041
0.00888083
0.00888083
0.00888083
0.00888083
0.00888083
0.00888083
0.00888083
0.00888083
0.00888083
0.00888083
0.0157409
0.0157409
0.0157409
0.0157409
0.0157409
0.0157409
0.00845373
0.00779327
0.00881475
0.00881475
0.0154852
0.0154852
0.0154852
0.0154852
0.0154852
0.00836285
0.00795071
0.0155419
0.0155419
0.00819967
0.00819967
0.00819967
0.00819967
0.00819967
0.00819967
0.00819967
0.0077608
0.0077608
0.0077608
0.0077608
0.0077608
0.00832751
0.00832751
0.00832751
0.0157603
0.0157603
0.0157603
0.0157603
0.0157603
0.0157603
0.0157603
0.0157603
0.0157603
0.0148686
0.0076587
0.00955229
0.00955229
0.00955229
0.00955229
0.00924322
0.00943471
0.00787548
0.0153386
0.00768865
0.00768865
0.0086521
0.0086521
0.000836833
0.00821401
0.00821401
0.0080304
0.0080304
0.00762969
0.00805411
0.0154546
0.0154546
0.0154546
0.0154546
0.00496916
0.00496916
0.00496916
0.00893196
0.00893196
0.00893196
0.00695155
0.00695155
0.00377779
0.00375802
0.0041484
0.0041484
0.0041484
0.00496916
0.00822157
0.00822157
0.00822157
0.0159407
0.0159407
0.0159407
0.0159407
0.0159407
0.00474829
0.00437732
0.00437732
0.00437732
0.00436186
0.00674961
0.00396401
0.00652059
0.00364734
0.00364734
0.00351084
0.00351084
0.00351084
0.00707957
0.00707957
0.00707957
0.00707957
0.00707957
0.00707957
0.00707957
0.00707957
0.00966521
0.00662687
0.00662687
0.00662687
0.00662687
0.00662687
0.00662687
0.00662687
0.00662687
0.00662687
0.0096012
0.0096012
0.0096012
0.0096012
0.00369206
0.00407559
0.00692168
0.00448464
0.00572003
0.00572003
0.00572003
0.00572003
0.00572003
0.00572003
0.00572003
0.00369206
0.00621191
0.00621191
0.00621191
0.00621191
0.00621191
0.00621191
0.00621191
0.00621191
0.00621191
0.00621191
0.011117
0.011117
0.011117
0.011117
0.011117
0.0084472
0.00830605
0.00830605
0.00830605
0.0126599
0.0154487
0.0154487
0.0154487
0.0154487
0.0154487
0.0154487
0.0154487
0.0154487
0.0154487
0.0154487
0.0024248
0.0024248
0.0024248
0.0024248
0.00177612
0.00177612
0.00422143
0.00177612
0.0024248
0.0024248
0.00177612
0.00177612
0.00513283
0.00869488
0.00869488
0.00853806
0.0165861
0.00847328
0.00847328
0.011804
0.0150028
0.0150028
0.00781027
0.00861646
0.00834327
0.00834327
0.00834327
0.00784748
0.00802621
0.00796273
0.00796273
0.00796273
0.00401318
0.00401318
0.00401318
0.00526654
0.00526654
0.00526654
0.00526654
0.00401318
0.00526654
0.00260398
0.00276169
0.00235761
0.00235761
0.00235761
0.00235761
0.00235761
0.0018587
0.0018587
0.001754
0.00351103
0.00173599
0.00184113
0.000910701
0.000910701
0.00184503
0.000877002
0.000882128
0.000882128
0.00162294
0.00146267
0.00106612
0.00106612
0.00127572
0.00105253
0.000863452
0.000863452
0.00105253
0.00105253
0.000860797
0.000860797
0.00146267
0.00106612
0.00106612
0.00127572
0.00105253
0.000969344
0.000969344
0.000969344
0.000969344
0.00145276
0.00145276
0.00146267
0.00106612
0.00106612
0.00127572
0.0126554
0.0126554
0.0126554
0.0126554
0.0126554
0.0126554
0.00820739
0.00820739
0.00839266
0.00839266
0.00775994
0.0105605
0.0104473
0.0104473
0.00685439
0.00685439
0.00685439
0.00756907
0.00587505
0.00811369
0.00811369
0.00679808
0.00679808
0.00640988
0.00640988
0.00640988
0.0110616
0.0110616
0.0069438
0.0069438
0.00870511
0.0121349
0.011687
0.00793912
0.00793912
0.00793912
0.00676846
0.00659709
0.00659709
0.00794729
0.0118939
0.00692525
0.00668171
0.00668171
0.00692525
0.00341827
0.00341827
0.00348827
0.00348827
0.00348827
0.00348827
0.0034553
0.00599504
0.00325798
0.00325798
0.00343766
0.00333085
0.00333085
0.00428542
0.00545287
0.00545287
0.013565
0.013565
0.013565
0.013565
0.013565
0.013565
0.013565
0.0130879
0.00805898
0.00773834
0.00857537
0.00790541
0.00822459
0.0116911
0.0150093
0.0150093
0.00831138
0.0118145
0.00766204
0.00764956
0.00973483
0.00934325
0.00934325
0.00934325
0.00934325
0.00934325
0.0128303
0.0128303
0.0128303
0.0128303
0.00904937
0.0115146
0.00954404
0.00954404
0.00954404
0.00840921
0.00840921
0.00758276
0.00758276
0.00758276
0.00758276
0.00758276
0.00758276
0.00758276
0.00758276
0.00758276
0.00758276
0.00795821
0.0120115
0.00368831
0.00473341
0.00376383
0.0163186
0.0163186
0.0163186
0.0163186
0.0163186
0.0163186
0.0163186
0.0163186
0.0163186
0.0163186
0.00778646
0.00778646
0.00352448
0.00699714
0.00778292
0.00787799
0.00787799
0.00787799
0.00787799
0.00369673
0.00369673
0.00369673
0.00369673
0.00369673
0.00369673
0.00369673
0.00369673
0.00369673
0.0154893
0.00369558
0.00369558
0.00369558
0.00369558
0.00369558
0.00369558
0.00369558
0.00369558
0.00369558
0.00369558
0.00826393
0.00826393
0.0168858
0.0115391
0.0115391
0.0115391
0.0115391
0.00836011
0.00836011
0.00959262
0.00358052
0.00514727
0.00460664
0.00348386
0.0150928
0.00731713
0.00731713
0.00731713
0.00731713
0.00731713
0.00731713
0.00731713
0.00731713
0.00731713
0.00731713
0.00731713
0.00916699
0.0153162
0.00863651
0.00863651
0.00863651
0.00863651
0.00455092
0.0149744
0.0121176
0.00826585
0.00826585
0.00874648
0.00874648
0.00874648
0.00874648
0.00874648
0.00881873
0.00787839
0.00787839
0.00787839
0.0121721
0.0121721
0.0121721
0.0121721
0.0121721
0.0121721
0.0095661
0.00149939
0.00233236
0.00233236
0.00137262
0.00167242
0.00167242
0.00213312
0.00213312
0.00213312
0.00279932
0.00148193
0.00149939
0.00233236
0.00233236
0.00137262
0.00137262
0.00151988
0.00258793
0.00140663
0.00140663
0.00140663
0.00186368
0.00250012
0.00250012
0.00141505
0.00203424
0.00167242
0.00167242
0.00213312
0.00279932
0.00170002
0.00170002
0.00170002
0.00149939
0.00233236
0.00233236
0.00137262
0.00137262
0.00151988
0.00258793
0.00140663
0.00140663
0.00140663
0.00186368
0.00154571
0.00250012
0.00203424
0.00203424
0.00167242
0.00167242
0.00213312
0.00213312
0.00213312
0.00279932
0.00148193
0.0151029
0.0151029
0.0157678
0.0157678
0.00679399
0.00679399
0.00609577
0.00609577
0.00347571
0.00696653
0.0045137
0.0045137
0.0045137
0.00698457
0.00698457
0.00698457
0.00698457
0.00698457
0.00698457
0.00698457
0.00644646
0.0040467
0.0040467
0.0040467
0.00625216
0.00625216
0.00625216
0.00625216
0.00625216
0.00625216
0.00625216
0.01672
0.01672
0.00825362
0.00372591
0.00372591
0.00372591
0.00372591
0.00372591
0.00372591
0.00372591
0.00372591
0.00372591
0.00852311
0.00822773
0.00845086
0.00845086
0.00845086
0.010855
0.00786446
0.00504483
0.00614954
0.00614954
0.00614954
0.00614954
0.00614954
0.00614954
0.00219825
0.00219825
0.00219825
0.00219825
0.00219825
0.00219825
0.00219825
0.00219825
0.0147673
0.0147673
0.000706335
0.00693768
0.0107187
0.00893935
0.0110169
0.00792905
0.00787859
0.00787859
0.0153513
0.017421
0.017421
0.017421
0.017421
0.017421
0.017421
0.017421
0.017421
0.017421
0.017421
0.00849043
0.00849043
0.00849043
0.00843697
0.00843697
0.00843697
0.00843697
0.00830679
0.00739072
0.00900912
0.00900912
0.00900912
0.00900912
0.00900912
0.00900912
0.00900912
0.00900912
0.00900912
0.0153651
0.0153651
0.0153651
0.00711826
0.00711826
0.00711826
0.00711826
0.00711826
0.00711826
0.00711826
0.00711826
0.00711826
0.00943309
0.0150842
0.0150842
0.0150842
0.0150842
0.0150842
0.0150842
0.0150842
0.0150842
0.0150842
0.0150842
0.00424907
0.00424907
0.00515009
0.00391326
0.00384787
0.00384787
0.00384787
0.00347505
0.00347505
0.00347505
0.00384787
0.00424907
0.00424907
0.00471827
0.00471827
0.00350411
0.00475886
0.00475886
0.00475886
0.00475886
0.00653493
0.00653493
0.015014
0.00699772
0.00699772
0.00699772
0.00778356
0.0153032
0.0153032
0.0151771
0.00927684
0.00935233
0.0151077
0.0151077
0.00950369
0.00751295
0.00751295
0.00751295
0.00751295
0.00751295
0.00751295
0.00751295
0.00751295
0.00751295
0.00383358
0.0151989
0.00789009
0.00789009
0.00509894
0.00509894
0.0163465
0.00370687
0.00370687
0.00603168
0.00603168
0.00822362
0.00822362
0.00801786
0.00872017
0.0123635
0.0083128
0.0083128
0.0068625
0.0068625
0.00836524
0.00836524
0.00836524
0.00836524
0.00836524
0.00836524
0.00836524
0.00836524
0.00439767
0.0036537
0.00372851
0.00372851
0.00640793
0.00592753
0.00596796
0.00596796
0.00596796
0.00596796
0.00596796
0.00611173
0.00690939
0.00690939
0.00690939
0.00690939
0.00690939
0.00690939
0.00690939
0.00690939
0.00690939
0.00690939
0.00782518
0.0107556
0.00657631
0.0105026
0.00206094
0.00194325
0.00335349
0.00335349
0.00335349
0.0023868
0.00192714
0.00213389
0.00193308
0.00263909
0.00263909
0.00133417
0.00133417
0.00133417
0.00133417
0.00163134
0.00163134
0.00163134
0.00226703
0.00226703
0.00226703
0.00145739
0.00079267
0.000747404
0.0012898
0.0012898
0.0012898
0.000917999
0.000917999
0.000917999
0.00115188
0.00115188
0.00125093
0.00079267
0.000764121
0.00109848
0.00109848
0.00109848
0.000834673
0.000741206
0.000820725
0.000743492
0.00101503
0.00101503
0.00079267
0.000747404
0.0012898
0.0012898
0.0012898
0.000917999
0.0012898
0.00125946
0.00125946
0.00125946
0.000809661
0.000444723
0.000444723
0.000444723
0.000444723
0.00054378
0.00054378
0.00054378
0.000755676
0.000755676
0.000755676
0.000485797
0.000296482
0.000296482
0.000296482
0.000296482
0.00036252
0.00036252
0.00036252
0.000297397
0.000297397
0.000406013
0.000406013
0.000317068
0.000298961
0.000515921
0.000515921
0.000515921
0.0003672
0.000296482
0.00032829
0.000297397
0.000406013
0.000406013
0.000160047
0.000160047
0.000160047
0.000160047
0.000160047
0.000160047
0.000203007
0.000250186
0.000148698
0.000203007
0.000203007
0.0159467
0.00863001
0.0038131
0.0038131
0.0038131
0.00510355
0.00510355
0.00471585
0.0169653
0.0169653
0.0169653
0.0169653
0.0169653
0.0169653
0.0169653
0.0169653
0.01544
0.0153602
0.00829757
0.00633034
0.00898342
0.00898342
0.016021
0.016021
0.016021
0.016021
0.016021
0.016021
0.016021
0.0112883
0.0110647
0.0110647
0.0110647
0.0101542
0.0101542
0.0101542
0.0101542
0.0133255
0.0133255
0.0133255
0.0133255
0.00691283
0.00691283
0.0069877
0.00598128
0.00598128
0.0153052
0.0153052
0.0153052
0.0153052
0.0153052
0.00679133
0.00679133
0.00679133
0.00738098
0.00666584
0.00666584
0.00666584
0.00848829
0.00848829
0.00785391
0.0154622
0.015839
0.00800399
0.00800399
0.00800399
0.00800399
0.00795178
0.0157888
0.00782876
0.00930102
0.00584281
0.00785662
0.00785662
0.00785662
0.00785662
0.00736919
0.00736919
0.00736919
0.00736919
0.00736919
0.00736919
0.0150394
0.0150394
0.0150394
0.0150394
0.0150394
0.0150394
0.0150394
0.0150394
0.0150394
0.0150394
0.0167199
0.0167199
0.0162515
0.0162515
0.0162515
0.0162515
0.0162515
0.0164128
0.0164128
0.0164128
0.00844329
0.00658835
0.00757069
0.00757069
0.00509358
0.00365679
0.00534117
0.00646322
0.00420245
0.0156089
0.0156089
0.01641
0.00748007
0.00748007
0.00911803
0.00911803
0.00911803
0.00911803
0.00911803
0.00911803
0.00911803
0.00911803
0.00830809
0.00830809
0.00741508
0.0153683
0.0163552
0.0163552
0.0163552
0.0163552
0.00784754
0.00784754
0.00784754
0.00784754
0.00784754
0.00784754
0.00784754
0.00784754
0.00421456
0.0053627
0.00784754
0.00784754
0.00784754
0.00784754
0.00784754
0.00318733
0.00351843
0.00552935
0.00552935
0.00552935
0.00849192
0.00849192
0.00849192
0.0154468
0.0154468
0.00601339
0.00601339
0.00601339
0.00601339
0.00601339
0.00601339
0.0153782
0.0153782
0.0153782
0.0159635
0.00793366
0.00793366
0.00793366
0.00793366
0.00229619
0.00229619
0.00313481
0.00313481
0.00313481
0.00228913
0.0038897
0.00252294
0.00278911
0.00229619
0.00229619
0.00313481
0.00313481
0.00313481
0.00228913
0.0038897
0.00252294
0.00228913
0.00253472
0.00229619
0.00229619
0.00313481
0.00313481
0.00313481
0.00339253
0.00466846
0.00466846
0.00234585
0.00275654
0.00275654
0.0154851
0.00956781
0.00956781
0.00400905
0.00400905
0.00702768
0.00702768
0.00702768
0.00702768
0.00417516
0.00445174
0.00809751
0.00809751
0.00400905
0.00363051
0.00399488
0.00616578
0.00353986
0.00353986
0.00353986
0.00353986
0.00353986
0.00358156
0.00394341
0.00394341
0.00394341
0.00394341
0.00394341
0.00323502
0.00323502
0.00323502
0.00323502
0.00323502
0.00323502
0.00353322
0.00314358
0.00314358
0.00382369
0.00382369
0.00382369
0.00382369
0.00469938
0.00469938
0.00469938
0.0029054
0.000798864
0.000955923
0.000955923
0.000798864
0.000686278
0.000798864
0.000798864
0.000650408
0.000650408
0.000664955
0.000664955
0.00786764
0.00786764
0.00696388
0.00756148
0.00844962
0.00365887
0.00423738
0.00365887
0.0058715
0.00385225
0.00391772
0.00391772
0.00540658
0.0173156
0.0173156
0.0173156
0.0173156
0.0173156
0.0173156
0.0122005
0.0103908
0.00703284
0.00857287
0.0159909
0.0159909
0.0159909
0.0159909
0.0159909
0.0155601
0.00664947
0.00664947
0.00810555
0.00810555
0.00810555
0.00810555
0.00810555
0.00810555
0.00810555
0.00810555
0.015031
0.015031
0.015031
0.00563965
0.00563965
0.00809534
0.00809534
0.0149808
0.0149808
0.0149808
0.0149808
0.0149808
0.0149808
0.0149808
0.0149808
0.0149808
0.0149808
0.0149808
0.0166549
0.0166549
0.0166549
0.0166549
0.0166549
0.0166549
0.0113813
0.0067645
0.0067645
0.00141398
0.00762318
0.00762318
0.00762318
0.00762318
0.0153423
0.0153423
0.00761333
0.00761333
0.0153854
0.0153854
0.0172118
0.0167217
0.0167217
0.0147891
0.0147891
0.00332437
0.00177324
0.00298348
0.00298348
0.00307619
0.00193105
0.00300383
0.00333298
0.00950621
0.00950621
0.00950621
0.00950621
0.00950621
0.00405567
0.00405567
0.00405567
0.0156477
0.0156477
0.0156477
0.00835776
0.00835776
0.00835776
0.0120772
0.0120772
0.00853595
0.00853595
0.00853595
0.00853595
0.00853595
0.00853595
0.00853595
0.00853595
0.0149195
0.0161727
0.0161727
0.0161727
0.0110518
0.0110518
0.0110518
0.0110518
0.0110518
0.00847652
0.00847652
0.00486893
0.00486893
0.00486893
0.00471578
0.00471578
0.015959
0.00811884
0.00811884
0.00636094
0.00636094
0.00636094
0.00636094
0.00636094
0.00636094
0.00402939
0.00302355
0.00636094
0.00550653
0.00559527
0.00275666
0.00224437
0.0023803
0.0023803
0.0023803
0.00275666
0.00329862
0.0024531
0.00378202
0.00378202
0.00419645
0.00159023
0.00159023
0.00159023
0.00159023
0.00159023
0.00159023
0.00100735
0.000760306
0.000760306
0.00139882
0.00139882
0.000801006
0.000801006
0.000801006
0.000801006
0.000801006
0.000918885
0.00109954
0.000817701
0.00126067
0.00126067
0.00139882
0.00819753
0.00687901
0.00822204
0.00822204
0.00828823
0.00690794
0.00690794
0.00842063
0.00842063
0.00842063
0.00842063
0.00842063
0.00842063
0.00842063
0.0033287
0.0033287
0.00804738
0.00356874
0.00356874
0.00356874
0.00843321
0.00843321
0.00843321
0.00843321
0.00843321
0.00788956
0.00788956
0.00788956
0.00636536
0.0151841
0.0021371
0.0021371
0.00702332
0.00702332
0.0087843
0.0038038
0.0038038
0.00597088
0.00951133
0.00951133
0.00951133
0.00951133
0.0154155
0.0157827
0.0157827
0.0157827
0.0157827
0.0157827
0.0157827
0.0157827
0.0157827
0.0157827
0.0157827
0.0157827
0.0122272
0.0159645
0.0159645
0.0159645
0.00697894
0.00697894
0.00697894
0.00648409
0.0035126
0.0159379
0.00883308
0.00811985
0.0168242
0.0065508
0.00798527
0.00798527
0.00798527
0.00798527
0.00798527
0.00798527
0.00798527
0.015736
0.00843595
0.00843595
0.00843595
0.00843595
0.00843595
0.00843595
0.00843595
0.00843595
0.00843595
0.0166154
0.00772008
0.00772008
0.00772008
0.00772008
0.0153234
0.0153234
0.0153234
0.0153234
0.0153234
0.0153234
0.00622369
0.00758654
0.00676429
0.00676429
0.00676429
0.00676429
0.00676429
0.00676429
0.00676429
0.00824552
0.00824552
0.00550589
0.00231654
0.00231654
0.00231654
0.00231654
0.00231654
0.00231654
0.00231654
0.00231654
0.00231654
0.00550589
0.00231654
0.00231654
0.00231654
0.00231654
0.00249333
0.00231654
0.00231654
0.00231654
0.00231654
0.00550589
0.0024433
0.00495
0.00495
0.00477593
0.00477593
0.00477593
0.00495
0.00495
0.00435417
0.00833974
0.00833974
0.00833974
0.00772894
0.00495468
0.00495468
0.00513255
0.00759999
0.00759999
0.0149093
0.0149093
0.0149093
0.0149093
0.0149093
0.0149093
0.0149093
0.0149093
0.0149093
0.0149093
0.00808794
0.00280986
0.00280986
0.00280986
0.00280986
0.00280986
0.00317105
0.0038571
0.0038571
0.00489426
0.00356409
0.00620487
0.000870208
0.000870208
0.000870208
0.000870208
0.000870208
0.00147411
0.00147411
0.00147411
0.000870208
0.00206829
0.00206829
0.00790965
0.00828207
0.00793274
0.00793274
0.00793274
0.010062
0.010062
0.010062
0.010062
0.010062
0.0138173
0.00974556
0.00974556
0.0161232
0.00897246
0.00416152
0.00704322
0.00704322
0.00328888
0.000299591
0.00815243
0.00815243
0.0148911
0.0148911
0.0148911
0.0148911
0.00927609
0.00927609
0.0162113
0.0164021
0.00764046
0.00764046
0.00836478
0.00836478
0.0162047
0.0152877
0.0152877
0.0066831
0.0066831
0.0066831
0.00847698
0.00847698
0.010447
0.00794464
0.00794464
0.0176271
0.0176271
0.0176271
0.0176271
0.0176271
0.0176271
0.0176271
0.0176271
0.0176271
0.0176271
0.0169494
0.0169494
0.0169494
0.0169494
0.0169494
0.0169494
0.0169494
0.0169494
0.0169494
0.0169494
0.0152106
0.00872454
0.00650713
0.0081597
0.0155385
0.0172841
0.0172841
0.0172841
0.0172841
0.0172841
0.0172841
0.0172841
0.0172841
0.0172841
0.0172841
0.0092671
0.00941692
0.00941692
0.0166707
0.0166707
0.016705
0.0118606
0.00771189
0.0149918
0.0149918
0.0148723
0.00797731
0.00797731
0.0176206
0.0176206
0.0176206
0.0176206
0.0176206
0.0176206
0.0176206
0.0176206
0.0176206
0.0176206
0.000578936
0.0163791
0.0163791
0.0163791
0.00892974
0.0162903
0.0162903
0.00683662
0.00783838
0.00783838
0.00783838
0.0147671
0.00843146
0.01643
0.01643
0.01643
0.01643
0.00822308
0.00822308
0.008323
0.008323
0.008323
0.00834747
0.00834747
0.00834747
0.00834747
0.00834747
0.00790256
0.00790256
0.00772868
0.00772868
0.00795891
0.00795891
0.0153643
0.0153643
0.0153643
0.00849582
0.00815952
0.00815952
0.00815952
0.00815952
0.00815952
0.00661758
0.00661758
0.00661758
0.00661758
0.00661758
0.00661758
0.00661758
0.00806668
0.00806668
0.0148527
0.0148527
0.0149252
0.0149252
0.0149252
0.0149252
0.0149252
0.0149252
0.0149252
0.0149252
0.0149252
0.0160584
0.0078746
0.0078746
0.0078746
0.0117561
0.00935218
0.0162137
0.0162137
0.0162137
0.0162137
0.0162137
0.0080157
0.0080157
0.0080157
0.0080157
0.00636683
0.00636683
0.00636683
0.00636683
0.00636683
0.00636683
0.00636683
0.00776102
0.00776102
0.00755845
0.00755845
0.015601
0.015601
0.015601
0.015601
0.015601
0.00899747
0.00886637
0.00886637
0.0161737
0.0161737
0.0161737
0.0161737
0.0161737
0.00650422
0.0154591
0.00893241
0.00893241
0.00893241
0.00635572
0.00635572
0.00635572
0.00635572
0.0106935
0.0106935
0.0106935
0.0106935
0.0106935
0.0106935
0.00930576
0.00930576
0.00621315
0.00157385
0.00110358
0.000678224
0.000702229
0.000678224
0.0085769
0.0085769
0.0085769
0.0085769
0.0085769
0.00766896
0.00766896
0.00839691
0.00839691
0.00839691
0.016731
0.016731
0.0158469
0.0158469
0.0158469
0.0158469
0.0158469
0.0158469
0.0158469
0.0158469
0.0158469
0.0158469
0.0158001
0.0158001
0.00822111
0.00822111
0.0150917
0.0157452
0.00852578
0.00852578
0.00852578
0.00765103
0.00310752
0.00310752
0.00738588
0.00738588
0.00738588
0.00310752
0.00343033
0.00343033
0.00343033
0.00343033
0.00309797
0.00317473
0.00317473
0.00908976
0.00908976
0.00908976
0.00908976
0.00306011
0.00306011
0.00306011
0.00306011
0.00619963
0.00619963
0.00619963
0.00619963
0.00619963
0.00306011
0.00312277
0.00413308
0.00196458
0.00363558
0.00363558
0.00363558
0.00261814
0.00261814
0.00212524
0.00261814
0.00261814
0.00194441
0.00206654
0.000982292
0.00181779
0.00181779
0.00181779
0.00102582
0.00106262
0.00106262
0.00130907
0.00130907
0.000972203
0.00102004
0.00102004
0.00102004
0.00102004
0.00104092
0.00181309
0.00142888
0.00175611
0.00175611
0.00175611
0.00162717
0.0025309
0.00558884
0.00235144
0.00126545
0.00126545
0.00145168
0.00801498
0.00344792
0.00344792
0.00437341
0.00389112
0.00389112
0.00319359
0.00390492
0.00390492
0.00390492
0.00320344
0.00320344
0.00456343
0.00456343
0.00440295
0.00434201
0.00456343
0.00440295
0.00440295
0.00260328
0.00260328
0.00213562
0.00213562
0.00193896
0.00193896
0.00193896
0.00193896
0.00193896
0.00185243
0.00130164
0.00130164
0.00130164
0.00106781
0.00106781
0.0156518
0.0156518
0.0156518
0.0156518
0.00848642
0.00848642
0.00848642
0.00848642
0.00933976
0.00933976
0.00933976
0.010856
0.00110231
0.00110231
0.0013437
0.00207191
0.00207191
0.00207191
0.00261995
0.00261995
0.00150491
0.00271401
0.00235544
0.00117523
0.0013437
0.00207191
0.00207191
0.00207191
0.00261995
0.00261995
0.00150491
0.00271401
0.00836105
0.00834488
0.00896546
0.00808931
0.00626545
0.00626545
0.00626545
0.00763744
0.00763744
0.00763744
0.00763744
0.00763744
0.00763744
0.00763744
0.015135
0.00244517
0.00828753
0.00828753
0.00828753
0.00828753
0.00373155
0.00373155
0.00373155
0.00373155
0.00373155
0.0164502
0.00981772
0.00981772
0.015815
0.015815
0.015815
0.015815
0.015815
0.0108074
0.0108074
0.0108074
0.00864897
0.00864897
0.00864897
0.00864897
0.00864897
0.00844526
0.00844526
0.00844526
0.00844526
0.00856312
0.0166724
0.00703321
0.00703321
0.00703321
0.00857332
0.00857332
0.00857332
0.00857332
0.00857332
0.00857332
0.00857332
0.00354031
0.00354031
0.00354031
0.00865399
0.00865399
0.00865399
0.00865399
0.00865399
0.0157064
0.0157064
0.0157064
0.0157064
0.0157064
0.0163343
0.0163343
0.0163343
0.0163343
0.00349557
0.00329596
0.00404826
0.00404826
0.00336968
0.00507962
0.00507962
0.00568786
0.00399666
0.00399666
0.0032787
0.0032787
0.00326862
0.00326862
0.00326862
0.00555406
0.0035705
0.00416227
0.00399666
0.00399666
0.00952256
0.00152114
0.00848181
0.00848181
0.00865479
0.00544603
0.00544603
0.00544603
0.00785864
0.00785864
0.00843581
0.00843581
0.00843581
0.00918652
0.00918652
0.00918652
0.0150124
0.00872823
0.00872823
0.00872823
0.00872823
0.00872823
0.0114531
0.0114531
0.0114531
0.0114531
0.0114531
0.0114531
0.0114531
0.00680715
0.00680715
0.0151873
0.0151873
0.0151873
0.00697924
0.00697924
0.00697924
0.00697924
0.00697924
0.00697924
0.0119478
0.00972144
0.00972144
0.00870038
0.0018628
0.00236282
0.00236282
0.00324465
0.00324465
0.00177874
0.00177874
0.00177874
0.00177874
0.00213694
0.00184519
0.0018628
0.00236282
0.00236282
0.00324465
0.00324465
0.00324465
0.0022885
0.00314268
0.00314268
0.00213694
0.00184519
0.00210225
0.0022885
0.00194297
0.00255707
0.00255707
0.00177874
0.00177874
0.00177874
0.00177874
0.00213694
0.00184519
0.00134068
0.00134068
0.00175939
0.00175939
0.00184911
0.00160073
0.00160073
0.00160073
0.00160073
0.000869912
0.000869912
0.00033517
0.00033517
0.000439848
0.000439848
0.000400183
0.000400183
0.000400183
0.000400183
0.000400183
0.000217478
0.000217478
0.000219735
0.00027464
0.00027464
0.00027464
0.00027464
0.00027464
0.00027464
0.00027464
0.00027464
0.000439848
0.000292833
0.000219735
0.00027464
0.00027464
0.00027464
0.00027464
0.00027464
0.00027464
0.00027464
0.00027464
0.000439848
0.000292833
0.000514191
0.00021634
0.000366475
0.000366475
0.000237704
0.000235593
0.000235593
0.000235593
0.000292833
0.000439848
0.000228178
0.00791659
0.00791659
0.00781273
0.00702395
0.0154798
0.0154798
0.0154798
0.0154798
0.0154798
0.0154798
0.0154798
0.0154798
0.0154798
0.0154798
0.00588201
0.00588201
0.00588201
0.008334
0.008334
0.008334
0.008334
0.0151097
0.0151097
0.0151097
0.0154896
0.0154896
0.0154896
0.00770805
0.00770805
0.0153818
0.0161958
0.0161958
0.0161958
0.0169246
0.00977796
0.00977796
0.00858618
0.00858618
0.00827127
0.00827127
0.00827127
0.00827127
0.00774741
0.0062713
0.0062713
0.0163545
0.0163545
0.0163545
0.0163545
0.0163545
0.00774186
0.00774186
0.00774186
0.00527242
0.00366758
0.00366758
0.00471865
0.00471865
0.00669015
0.00669015
0.00487189
0.00434999
0.0034714
0.0034714
0.0034714
0.0034714
0.00737891
0.00737891
0.00467424
0.00379425
0.00344262
0.000283948
0.000283948
0.000115327
0.000115327
0.000115327
0.000115327
0.000126716
0.000126716
0.000114973
0.0089723
0.00816566
0.00795001
0.00882789
0.00655619
0.00652187
0.00652187
0.00652187
0.00652187
0.00652187
0.00652187
0.00890382
0.00890382
0.00346804
0.00346804
0.00537296
0.00373272
0.0154088
0.00678443
0.00678443
0.00678443
0.00678443
0.0124841
0.010456
0.0126853
0.0126853
0.00822678
0.00822678
0.00336663
0.00336663
0.00336663
0.00336663
0.00315776
0.00431105
0.00431105
0.00315776
0.00315776
0.00336663
0.00547805
0.00324537
0.00389893
0.00389893
0.00389893
0.00389893
0.00389893
0.00531294
0.00930597
0.0179585
0.00755582
0.00755582
0.00755582
0.00755582
0.0080556
0.0161454
0.00771925
0.0142019
0.00921038
0.00921038
0.015049
0.0157966
0.0157966
0.00641588
0.00641588
0.00641588
0.00641588
0.00641588
0.00641588
0.00966211
0.00966211
0.0129094
0.0129094
0.0129094
0.0129094
0.00701555
0.011822
0.011822
0.011822
0.0131174
0.00689948
0.00689948
0.00145457
0.00741537
0.00741537
0.00741537
0.00741537
0.00741537
0.00741537
0.00741537
0.00741537
0.00903916
0.00903916
0.00941688
0.00941688
0.00941688
0.00941688
0.0131753
0.0131753
0.0131753
0.0131753
0.0131753
0.00851438
0.0131413
0.0131413
0.0131413
0.0152699
0.0152699
0.0152699
0.0152699
0.00346781
0.00346781
0.00853811
0.016584
0.016584
0.016584
0.00759802
0.00759802
0.00759802
0.00764393
0.00787772
0.00787772
0.00787772
0.00787772
0.00804898
0.00804898
0.0134762
0.00948037
0.00948037
0.00948037
0.00342784
0.00342784
0.0084397
0.00789047
0.00789047
0.0100029
0.0108959
0.0108959
0.0078941
0.00822812
0.00822812
0.00822812
0.00822812
0.00878043
0.0038384
0.0038384
0.0038384
0.0067684
0.0135379
0.0135379
0.00668226
0.0117195
0.0117195
0.0117195
0.0117195
0.0117195
0.0117195
0.015263
0.015263
0.015263
0.015263
0.015263
0.015263
0.015263
0.015263
0.015263
0.015263
0.00821542
0.0176528
0.0176528
0.0176528
0.0176528
0.0176528
0.0176528
0.0176528
0.0176528
0.0176528
0.0176528
0.00422653
0.00345662
0.00422653
0.00346728
0.00346728
0.00346728
0.00740892
0.00641375
0.00348552
0.00369662
0.0122352
0.00680794
0.00847921
0.00847921
0.00847921
0.00825947
0.00825947
0.0162468
0.0162468
0.00355796
0.00850988
0.00850988
0.00850988
0.00850988
0.00850988
0.00850988
0.00899388
0.00899388
0.00899388
0.00786282
0.00786282
0.00786282
0.00786282
0.00394311
0.00394311
0.00394311
0.00394311
0.0033874
0.00343726
0.00343726
0.00343726
0.00321034
0.0043599
0.00537314
0.0043599
0.0043599
0.00389285
0.0155414
0.0155414
0.0155414
0.0155414
0.0155414
0.0155414
0.0155414
0.0155414
0.0155414
0.0155414
0.000461516
0.000452255
0.000452255
0.000452255
0.000664317
0.000664317
0.0161709
0.0161709
0.0161709
0.0161709
0.00833211
0.00833211
0.00833211
0.00687905
0.00687905
0.00687905
0.00687905
0.00687905
0.00687905
0.00687905
0.00687905
0.00687905
0.00687905
0.00687905
0.00828431
0.0123566
0.0123566
0.00803437
0.008083
0.008083
0.008083
0.008083
0.00829437
0.010554
0.00679721
0.0084099
0.0084099
0.0084099
0.0084099
0.0084099
0.0084099
0.0084099
0.0156684
0.0034918
0.0034918
0.00722701
0.00722701
0.00722701
0.00722701
0.00722701
0.00722701
0.00722701
0.00722701
0.00880956
0.00880956
0.0084075
0.0084075
0.0084075
0.0084075
0.0084075
0.00629051
0.00644914
0.00786135
0.00786135
0.00786135
0.00786135
0.00786135
0.00786135
0.00786135
0.00786135
0.00833695
0.00826922
0.00826922
0.00826922
0.00826922
0.00826922
0.00826922
0.0116498
0.0116498
0.0161405
0.0161405
0.0161405
0.00767919
0.00767919
0.00767919
0.00767919
0.00767919
0.00767919
0.00767919
0.00767919
0.00789025
0.00789025
0.00846885
0.00846885
0.00846885
0.00846885
0.0163696
0.000414166
0.00800459
0.00800459
0.0046392
0.00518364
0.00382072
0.00352694
0.00703641
0.00703641
0.00703641
0.00703641
0.00703641
0.00703641
0.00703641
0.00703641
0.00703641
0.00703641
0.00703641
0.00301275
0.00301275
0.00301275
0.00231421
0.00231421
0.00232773
0.00234167
0.00352995
0.00276757
0.00276757
0.00301275
0.00301275
0.00301275
0.00301275
0.00427151
0.00336632
0.00255788
0.00234167
0.00352995
0.00276757
0.00276757
0.00301275
0.00301275
0.00301275
0.00301275
0.00816144
0.00816144
0.0100706
0.0100706
0.0100706
0.0100706
0.0138291
0.0138291
0.0138291
0.0138291
0.0138291
0.0138291
0.0138291
0.00668951
0.00668951
0.00668951
0.00668951
0.00668951
0.00668951
0.00668951
0.00668951
0.00668951
0.00668951
0.00779907
0.00819637
0.00819637
0.00819637
0.0152464
0.0152464
0.0152464
0.0152464
0.0152464
0.0152464
0.0152464
0.0152464
0.0152464
0.0152464
0.0154021
0.0159824
0.0159824
0.0159824
0.0159824
0.0159824
0.00791283
0.00791283
0.00808894
0.0165524
0.015392
0.015392
0.015392
0.0155619
0.0155619
0.0161187
0.0161187
0.0161187
0.0161187
0.0161187
0.0161187
0.00798033
0.00798033
0.00798033
0.00770324
0.00770324
0.0159881
0.0159881
0.0159881
0.0159881
0.0159881
0.00844759
0.0010416
0.00805015
0.00870914
0.00870914
0.00870914
0.00870914
0.00870914
0.00870914
0.0159014
0.0159014
0.0159014
0.0159014
0.0159014
0.0159014
0.0159014
0.00939027
0.00939027
0.00939027
0.00939027
0.00816749
0.00620449
0.0085838
0.0085838
0.0085838
0.0085838
0.00872702
0.00872702
0.00872702
0.0151463
0.0151463
0.00983518
0.00983518
0.00983518
0.00756976
0.00756976
0.00756976
0.00756976
0.00756976
0.00756976
0.00756976
0.00756976
0.00922737
0.00922737
0.0152755
0.0152755
0.00242195
0.00247154
0.00247154
0.00490674
0.00291511
0.00236
0.00386352
0.00228923
0.00228923
0.00228923
0.00228923
0.00272888
0.00141763
0.00141763
0.00118
0.00199179
0.00118
0.00193176
0.00114461
0.00199179
0.00114461
0.00114461
0.00272888
0.00114814
0.00114814
0.00114814
0.00114814
0.00156748
0.00215248
0.00128895
0.00169634
0.00215248
0.00156748
0.00272888
0.00114814
0.00114814
0.00114814
0.00114814
0.00156748
0.00114814
0.00139956
0.00139956
0.00139956
0.00139956
0.00121097
0.00123577
0.00123577
0.00245337
0.00145755
0.00118
0.00193176
0.00114461
0.00199179
0.00114461
0.00114461
0.0155458
0.0168024
0.0168024
0.0168024
0.0168024
0.0168024
0.0168024
0.0168024
0.0168024
0.0168024
0.0168024
0.0154269
0.0154269
0.0154269
0.00826331
0.00838861
0.00838861
0.00838861
0.00838861
0.0152861
0.0152861
0.0152861
0.00803363
0.00467813
0.00467813
0.00467813
0.00467813
0.00467813
0.00467813
0.00995179
0.00995179
0.00995179
0.00855282
0.0108828
0.00795015
0.00795015
0.00795015
0.0169449
0.0169449
0.0169449
0.0169449
0.0169449
0.0169449
0.0169449
0.0169449
0.0169449
0.0169449
0.00796418
0.00818436
0.00818436
0.00818436
0.00818436
0.00808587
0.00838806
0.00838806
0.00368395
0.00368395
0.0164963
0.0164963
0.0164963
0.0123533
0.00807473
0.00807473
0.00807473
0.00329965
0.00329965
0.00329965
0.00829534
0.00384941
0.00377217
0.00377217
0.00384941
0.00850043
0.00850043
0.0154599
0.00846474
0.0170992
0.0170992
0.0170992
0.0170992
0.0170992
0.0170992
0.0170992
0.0170992
0.0170992
0.0170992
0.0154019
0.0154019
0.0081459
0.0081459
0.0081459
0.0081459
0.0153745
0.0077635
0.0077635
0.00646215
0.00646215
0.00928983
0.00928983
0.00928983
0.00928983
0.0114173
0.0070588
0.0070588
0.0162907
0.00376405
0.00839551
0.0119341
0.00875745
0.00875745
0.00875745
0.00760862
0.00760862
0.00789607
0.00789607
0.00789607
0.00671461
0.00671461
0.00511662
0.00599691
0.00599691
0.00599691
0.00620755
0.00620755
0.00436695
0.00436695
0.00436695
0.0159417
0.0159417
0.0159417
0.0159417
0.0159417
0.0159417
0.0159417
0.0159417
0.0159417
0.0159417
0.0159417
0.00837777
0.015993
0.015993
0.015993
0.015993
0.0166278
0.0158127
0.0158127
0.0158127
0.0158127
0.0149277
0.0149277
0.0149277
0.00415913
0.00747595
0.00425758
0.00529218
0.00439943
0.00426105
0.00164597
0.000812442
0.000812442
0.000812442
0.000812442
0.000812442
0.000829078
0.00189653
0.000938967
0.0163212
0.0163212
0.0163212
0.0161634
0.0161634
0.00789548
0.00693941
0.00693941
0.00693941
0.00693941
0.00693941
0.00693941
0.00693941
0.00693941
0.00845898
0.00845898
0.0078044
0.0078044
0.00330551
0.00700065
0.00700065
0.00179482
0.0108403
0.0108403
0.0108403
0.0108403
0.0108403
0.0108403
0.0108403
0.0120281
0.0118373
0.0118373
0.00688766
0.00620743
0.00620743
0.00620743
0.00620743
0.00620743
0.00620743
0.00620743
0.00620743
0.00759005
0.0114967
0.00754293
0.00767112
0.00767112
0.00683311
0.00683311
0.00683311
0.00683311
0.00683311
0.0163979
0.0163979
0.0163979
0.00724148
0.00724148
0.0127942
0.00747369
0.00774178
0.00774178
0.0119357
0.0132436
0.00858888
0.00858888
0.00858888
0.0074049
0.0074049
0.0074049
0.0074049
0.0074049
0.00902641
0.00902641
0.00902641
0.00902641
0.00902641
0.00417461
0.00314741
0.00348508
0.00314741
0.00322541
0.00354431
0.00383486
0.00383486
0.00383486
0.0059188
0.0059188
0.00467764
0.00664918
0.00664918
0.00664918
0.00664918
0.00664918
0.00664918
0.00664918
0.00353755
0.00353755
0.00353755
0.00467764
0.00781798
0.00811146
0.00811146
0.0124512
0.014853
0.014853
0.014853
0.014853
0.014853
0.014853
0.014853
0.014853
0.014853
0.00796387
0.00801781
0.00801781
0.00805082
0.00805082
0.00805082
0.00736931
0.0123063
0.0161118
0.0161118
0.00374379
0.00374379
0.00342932
0.00468179
0.00342932
0.00289404
0.00289404
0.00288381
0.00288381
0.00288381
0.00288381
0.00288381
0.00288381
0.00288381
0.00288381
0.00289404
0.00289404
0.00446246
0.00446246
0.00288381
0.00288381
0.00288381
0.00288381
0.00288381
0.00288381
0.00289404
0.00289404
0.0029314
0.00507312
0.00507312
0.00584541
0.00253119
0.00253119
0.00253119
0.00253119
0.00837371
0.00837371
0.00837371
0.00598615
0.00598615
0.00525664
0.00525664
0.00525664
0.00432165
0.00382941
0.00809306
0.00809306
0.00809306
0.0080335
0.0080335
0.00420423
0.00420423
0.00420423
0.00346713
0.00346713
0.00375593
0.00375593
0.00580292
0.00580292
0.00210211
0.00210211
0.00171919
0.00324135
0.00324135
0.00228026
0.00228026
0.00228026
0.00210211
0.00210211
0.00171919
0.00177234
0.00177234
0.00177234
0.00177234
0.00177234
0.00267172
0.00824812
0.0058116
0.0058116
0.00364818
0.00333973
0.00376088
0.00406919
0.00442969
0.00376088
0.00376088
0.00628046
0.00628046
0.00628046
0.00457355
0.00930456
0.00930456
0.00829953
0.00829953
0.00829953
0.00829953
0.00914449
0.015596
0.015596
0.015596
0.015596
0.015596
0.015596
0.015596
0.015596
0.015596
0.015596
0.00793365
0.0114719
0.00828205
0.00828205
0.00828205
0.0126125
0.0162057
0.00681834
0.00825245
0.00513504
0.00628288
0.016094
0.016094
0.016094
0.016094
0.016094
0.016094
0.016094
0.016094
0.016094
0.016094
0.00679971
0.0075556
0.00786107
0.00786107
0.00331303
0.00331303
0.00331303
0.00755482
0.00755482
0.00872676
0.00872676
0.00872676
0.0075624
0.0075624
0.00623527
0.00623527
0.00623527
0.00623527
0.00623527
0.00623527
0.00623527
0.0153519
0.0117198
0.0155831
0.00731511
0.0034771
0.00434592
0.00372805
0.00593884
0.00593884
0.00341285
0.00341285
0.00452667
0.00505791
0.00351836
0.00363118
0.00363118
0.00422689
0.00463382
0.00341285
0.008931
0.008931
0.008931
0.00719482
0.00359432
0.00361533
0.00361533
0.0072958
0.0100054
0.0100054
0.00525573
0.0044622
0.00438823
0.00438823
0.0081266
0.0081266
0.0081266
0.0081266
0.00778815
0.00778815
0.00778815
0.00778815
0.00411489
0.00411489
0.00411489
0.00411489
0.00411489
0.00632856
0.00632856
0.00410035
0.00498746
0.00498746
0.00411489
0.00411489
0.00411489
0.00411489
0.00411489
0.00634495
0.00634495
0.00344871
0.00344871
0.00344871
0.00704327
0.00704327
0.00704327
0.00858559
0.00858559
0.00858559
0.00858559
0.00858559
0.00858559
0.00858559
0.011855
0.00791483
0.00378879
0.00378879
0.00378879
0.00805187
0.00805187
0.00805187
0.00805187
0.00805187
0.00805187
0.00805187
0.00805187
0.00873424
0.00873424
0.0152719
0.0165229
0.00742381
0.00742381
0.00742381
0.00742381
0.00742381
0.00742381
0.00742381
0.00742381
0.00742381
0.00904945
0.0098758
0.00882745
0.00882745
0.00220225
0.00765923
0.0162355
0.00686682
0.00686682
0.00686682
0.00686682
0.00686682
0.00686682
0.00728271
0.00728271
0.00728271
0.00834876
0.00583974
0.00583974
0.00583974
0.00583974
0.00583974
0.00831107
0.00831107
0.00831107
0.00831107
0.00351294
0.00351294
0.0109316
0.00844569
0.00844569
0.00992063
0.00992063
0.00992063
0.00775954
0.00775954
0.00775954
0.00156671
0.00101869
0.0101655
0.00347502
0.00347502
0.00347502
0.00354363
0.00350567
0.0163964
0.0163964
0.0163964
0.0163964
0.0163964
0.0163964
0.0163964
0.0163964
0.0163964
0.0163964
0.0155639
0.0155639
0.015466
0.0120369
0.0120369
0.00803446
0.00803446
0.00690215
0.00690215
0.0118158
0.0109483
0.0109483
0.0109483
0.00819673
0.00819673
0.00819673
0.0153609
0.0153609
0.0153609
0.0153609
0.0153218
0.015769
0.00665756
0.00665756
0.00665756
0.0117669
0.0117669
0.0117669
0.00627655
0.00627655
0.00765097
0.0151811
0.0155435
0.0155435
0.0120972
0.0120972
0.00657417
0.00657417
0.00657417
0.00697233
0.00697233
0.00697233
0.0161015
0.00792225
0.00792225
0.00792225
0.00776329
0.00776329
0.00747602
0.0138348
0.0138348
0.0089723
0.0089723
0.0087171
0.0134413
0.0134413
0.0134413
0.0134413
0.0134413
0.0134413
0.00945585
0.00945585
0.0165968
0.0165968
0.0155604
0.0155604
0.0155604
0.0155604
0.0155604
0.015627
0.015627
0.015627
0.015627
0.015627
0.015627
0.0084997
0.0084997
0.0084997
0.0160014
0.0160014
0.0160014
0.0160014
0.0160014
0.0160014
0.0160014
0.0160014
0.0160014
0.0160014
0.0160014
0.0122717
0.0122717
0.016813
0.016813
0.00707389
0.00707389
0.00707389
0.00707389
0.00707389
0.00707389
0.00707389
0.00337096
0.00337096
0.00337096
0.00337096
0.00337096
0.00337096
0.00337096
0.00337096
0.00337096
0.00359394
0.00359394
0.00362823
0.00355543
0.00355543
0.0033887
0.0033887
0.0033887
0.00337096
0.0158864
0.0158864
0.0158864
0.0158864
0.0158864
0.0158864
0.0158864
0.0158864
0.0158864
0.000120819
0.000120819
0.000120819
0.000120819
0.000120819
0.000120819
0.000120819
0.000120819
0.000120819
0.00969476
0.00969476
0.00185629
0.00269749
0.00372046
0.00185629
0.00269749
0.00358963
0.00748035
0.00748035
0.00985041
0.0118722
0.00343492
0.00343492
0.00343492
0.00344551
0.00344551
0.00344551
0.00344551
0.00344551
0.00344551
0.00344551
0.00344551
0.00367341
0.00637348
0.00637348
0.00637348
0.00637348
0.00637348
0.00637348
0.00637348
0.00637348
0.00637348
0.00637348
0.0032724
0.0032724
0.0032724
0.0032724
0.0032724
0.0032724
0.00446756
0.0032724
0.00550583
0.00550583
0.00550583
0.00550583
0.00550583
0.00550583
0.00326234
0.00326234
0.00326234
0.00635908
0.00635908
0.00635908
0.00635908
0.00635908
0.00775157
0.00775157
0.00775157
0.00775157
0.00775157
0.0153937
0.00627501
0.0104789
0.0104789
0.00107338
0.000884011
0.00860784
0.00860784
0.00860784
0.00860784
0.00271568
0.00271568
0.00271568
0.00228965
0.00236308
0.00236308
0.00329155
0.00239786
0.00242611
0.00242611
0.00242611
0.00135784
0.00135784
0.00135784
0.00113801
0.0011314
0.0011314
0.0011314
0.00119893
0.00111978
0.00119893
0.00121306
0.00135784
0.00135784
0.00135784
0.00113801
0.0011314
0.0011314
0.0011314
0.00113801
0.00206052
0.00122963
0.00122963
0.00135784
0.00135784
0.00135784
0.00113801
0.0011314
0.0011314
0.0011314
0.00113801
0.00206052
0.00122963
0.00121306
0.000678921
0.000678921
0.000625264
0.00101134
0.00101134
0.00101134
0.000822887
0.000599466
0.00055989
0.000599466
0.000606528
0.000678921
0.000678921
0.000625264
0.00101134
0.000590769
0.000590769
0.000593799
0.000599466
0.00055989
0.000599466
0.000606528
0.00853115
0.00759642
0.00642716
0.00270415
0.00899856
0.00899856
0.00899856
0.00375649
0.00375649
0.00375649
0.00354198
0.0156916
0.0156916
0.0156916
0.0147266
0.0147266
0.0147266
0.00881137
0.00881137
0.00811001
0.00811001
0.00811001
0.00811001
0.00341219
0.00341219
0.00341219
0.00341219
0.00341219
0.00359891
0.00693745
0.00693745
0.00359891
0.00693745
0.00341219
0.00341219
0.00341219
0.00341219
0.0156228
0.0156228
0.0156228
0.0156228
0.0156228
0.0156228
0.00822544
0.00849256
0.0163834
0.0163834
0.0163834
0.0163834
0.0163834
0.0163834
0.0163834
0.0163834
0.0163834
0.0154516
0.00630611
0.00936318
0.00936318
0.00817189
0.00817189
0.0155047
0.0155047
0.0155047
0.0128023
0.0149713
0.00826212
0.00826212
0.00826212
0.00764747
0.0158007
0.00531209
0.00264666
0.00408491
0.00409549
0.00244613
0.00665005
0.00665005
0.00665005
0.00665005
0.00665005
0.00665005
0.00665005
0.00665005
0.00810626
0.00810626
0.0162314
0.0162314
0.0162314
0.0162314
0.0162314
0.0162314
0.0162314
0.0162314
0.0162314
0.0162314
0.0162314
0.00625241
0.00762155
0.00762155
0.00762155
0.00762155
0.00762155
0.00762155
0.00762155
0.00762155
0.0166746
0.0166746
0.00865596
0.00865596
0.0178427
0.0178427
0.0178427
0.0178427
0.0178427
0.0178427
0.0178427
0.0178427
0.0178427
0.0178427
0.00460688
0.00425691
0.00588875
0.00588875
0.00517111
0.00517111
0.00384562
0.00426641
0.0148742
0.00857662
0.00769694
0.00686856
0.00686856
0.00686856
0.015425
0.015425
0.015425
0.00626495
0.00626495
0.00626495
0.00626495
0.00751905
0.00357404
0.00371137
0.00371137
0.00715423
0.00480397
0.00480397
0.00480397
0.00351882
0.00176867
0.0030522
0.0030522
0.0030522
0.0030522
0.0030522
0.00178702
0.00178702
0.00178702
0.000884333
0.0015261
0.0015261
0.00120099
0.000946842
0.00120099
0.00120099
0.00120099
0.000879704
0.00216592
0.000879704
0.000879704
0.000879704
0.000946842
0.00120099
0.00120099
0.00120099
0.000879704
0.00962504
0.0128349
0.00709867
0.00709867
0.00949424
0.00949424
0.00829901
0.0088743
0.00845603
0.00845603
0.00845603
0.00845603
0.00827937
0.0156296
0.0156296
0.017945
0.017945
0.017945
0.017945
0.017945
0.017945
0.017945
0.017945
0.017945
0.017945
0.017945
0.00937393
0.00843799
0.0119635
0.0119635
0.0150169
0.0150169
0.0150169
0.00848603
0.00848603
0.00848603
0.00801684
0.00801684
0.00801684
0.00801684
0.0162645
0.0162645
0.0162645
0.0162645
0.00975451
0.00795103
0.00797922
0.0160238
0.00869227
0.00869227
0.00869227
0.0171485
0.0147583
0.0147583
0.0079303
0.0079303
0.00703437
0.00703437
0.00703437
0.00703437
0.00703437
0.0067045
0.0071784
0.0164208
0.00812985
0.00812985
0.00812985
0.00844795
0.0162797
0.0162797
0.0162797
0.0162797
0.0162797
0.0162797
0.0162797
0.0162797
0.0162797
0.0162797
0.00969573
0.0165617
0.0165617
0.0165617
0.0165617
0.00694292
0.007973
0.0170539
0.0170539
0.0152811
0.0152811
0.0152811
0.0152811
0.0152811
0.00756256
0.00756256
0.0035976
0.0035976
0.00609426
0.00676205
0.00676205
0.00365406
0.00365406
0.00741706
0.00387216
0.00387216
0.00253783
0.00253783
0.00253783
0.0022816
0.00108452
0.00108452
0.00108452
0.00220137
0.00114925
0.00114925
0.0014099
0.0014099
0.0014099
0.000638472
0.00111498
0.000606031
0.000591376
0.00100487
0.00065178
0.000606031
0.000845942
0.000845942
0.000845942
0.000383083
0.000668988
0.000363619
0.000392893
0.000598837
0.000598837
0.000598837
0.000845942
0.000375397
0.000375397
0.00043946
0.00043946
0.000365796
0.000365796
0.000551419
0.000379462
0.000379462
0.000563961
0.000563961
0.000563961
0.000255389
0.000261929
0.000261929
0.000350572
0.000367613
0.000255389
0.000255389
0.000281981
0.000281981
0.000281981
0.000127694
0.000222996
0.000120502
0.000120502
0.000244596
0.000127694
0.000127694
0.000281981
0.000281981
0.000281981
0.000127694
0.000222996
0.000121206
0.000175286
0.000183806
0.000126487
0.000126487
0.00746768
0.00746768
0.00787632
0.0151828
0.0151828
0.0140363
0.0140363
0.0140363
0.00910293
0.00910293
0.00872907
0.00872907
0.00872907
0.00872907
0.0066063
0.0066063
0.0121543
0.0121543
0.00942717
0.00830506
0.00854666
0.0121489
0.0121489
0.0095223
0.0095223
0.0154559
0.00861877
0.0082084
0.00371716
0.00371716
0.00371716
0.00371716
0.00371716
0.00371716
0.00371716
0.00371716
0.00527647
0.00380931
0.00380931
0.00380931
0.00587935
0.00587935
0.00587935
0.00382281
0.00382281
0.00527647
0.00380931
0.00380931
0.00380931
0.00587935
0.00587935
0.00587935
0.00330769
0.00313608
0.00824806
0.00792472
0.00792472
0.00792472
0.0154238
0.0154238
0.0154238
0.0149655
0.0148248
0.0121736
0.00789493
0.0174152
0.0174152
0.0174152
0.0174152
0.0174152
0.0174152
0.0174152
0.0174152
0.0174152
0.0174152
0.00846089
0.00899668
0.00899668
0.00773172
0.00773172
0.00578746
0.00469609
0.00578746
0.00469609
0.00469609
0.00469609
0.00343979
0.00343979
0.00846912
0.00596732
0.00596732
0.00345789
0.00345789
0.00345789
0.00345789
0.00345789
0.00786809
0.00770297
0.0089209
0.0089209
0.0111937
0.00742555
0.00742555
0.00742555
0.00742555
0.00955359
0.00982147
0.00982147
0.00774187
0.00774187
0.00774187
0.0150605
0.0150605
0.0150605
0.0150605
0.0150605
0.0150605
0.0150605
0.0150605
0.0150605
0.0150605
0.00818261
0.00818261
0.00935381
0.00935381
0.0040873
0.00178678
0.0021951
0.0021951
0.0021951
0.00311224
0.00311224
0.00311224
0.00202361
0.0040873
0.0040873
0.0040873
0.0040873
0.00180783
0.00180783
0.00176989
0.00245272
0.00204973
0.00204973
0.0040873
0.0040873
0.0040873
0.0040873
0.0028799
0.00337518
0.00166009
0.00166009
0.00166009
0.00166009
0.0040873
0.00178678
0.00176086
0.00176086
0.00182402
0.00182402
0.00182402
0.00342255
0.00342255
0.00394565
0.0158781
0.0159783
0.0124355
0.0124355
0.0124355
0.0124355
0.0124355
0.00709055
0.00709055
0.00723573
0.00723573
0.007101
0.0157817
0.0157817
0.0159161
0.0159161
0.0159161
0.0159161
0.0159161
0.0163518
0.0163518
0.0163518
0.0156462
0.0156462
0.00683982
0.00683982
0.00683982
0.00635483
0.00635483
0.00635483
0.0156426
0.0156426
0.0156426
0.00820765
0.00820765
0.0040887
0.0169614
0.0169614
0.0157661
0.0157661
0.0157661
0.0157661
0.0157661
0.0157661
0.0064035
0.0167219
0.0167219
0.0167219
0.0167219
0.0167219
0.0160387
0.0160387
0.0160387
0.00955031
0.00955031
0.00955031
0.00851939
0.00843635
0.0161361
0.0161361
0.0161361
0.0154273
0.0154273
0.0154273
0.0154273
0.0154273
4.46842e-05
4.46842e-05
4.46842e-05
0.0108893
0.00788933
0.0147918
0.00801232
0.00806005
0.00806005
0.00647277
0.00647277
0.00647277
0.00647277
0.00647277
0.00647277
0.00647277
0.00647277
0.00647277
0.00704608
0.0161734
0.0161734
0.0161734
0.00381183
0.00381183
0.00381183
0.0037758
0.0037758
0.0037758
0.0037758
0.0037758
0.0037758
0.00831718
0.00831718
0.00831718
0.00831718
0.00831718
0.0165282
0.0165282
0.0165282
0.0165282
0.00663809
0.0122524
0.00842315
0.00858505
0.00858505
0.00858505
0.0153581
0.0153581
0.0152956
0.0152956
0.00771605
0.0152707
0.0152707
0.0152707
0.0070202
0.00759571
0.0117234
0.00358489
0.00454715
0.00454715
0.0033596
0.0033596
0.0033596
0.0033596
0.0033596
0.0033596
0.0033596
0.00389079
0.00316775
0.00582901
0.0033596
0.00430205
0.00430205
0.00430205
0.00530185
0.00530185
0.00347851
0.00347851
0.00314148
0.00314148
0.00314148
0.00347851
0.0159447
0.0159447
0.0159447
0.015014
0.015014
0.0157704
0.0157704
0.00854034
0.00630363
0.0028276
0.00490598
0.00490598
0.00546791
0.00546791
0.00546791
0.00279731
0.0026938
0.0026938
0.00460097
0.00315181
0.00139865
0.00139865
0.00139865
0.00139865
0.00139865
0.00139865
0.00139865
0.00139865
0.00181041
0.00181041
0.00315181
0.0014138
0.0014138
0.0014138
0.00133307
0.00133307
0.00133307
0.00133307
0.00133307
0.0014138
0.0014138
0.00315181
0.0014138
0.00245299
0.00245299
0.00273395
0.00273395
0.00273395
0.00139865
0.0013469
0.0013469
0.00245299
0.00594816
0.0035353
0.0035353
0.0035353
0.00769817
0.00769817
0.00769817
0.0152768
0.0152768
0.0156139
0.0156139
0.0156139
0.0156139
0.00590099
0.00590099
0.00881669
0.00881669
0.00881669
0.00829548
0.00995016
0.00995016
0.0163724
0.0163724
0.0115359
0.00668475
0.00668475
0.00668475
0.00668475
0.00668475
0.00664976
0.00804211
0.00467611
0.00642146
0.00642146
0.00522488
0.00522488
0.00805108
0.00805108
0.0163062
0.0163062
0.0163062
0.0163062
0.0149687
0.0149687
0.0149687
0.00629791
0.00629791
0.00629791
0.00629791
0.00767701
0.00767701
0.00767701
0.0105963
0.0152147
0.00789775
0.00306001
0.00205421
0.00142734
0.000930126
0.0157006
0.0157006
0.0157006
0.0157006
0.0157006
0.00760337
0.0155449
0.0155449
0.0155449
0.00976265
0.00976265
0.00976265
0.00976265
0.00841051
0.0160431
0.00348796
0.00348796
0.00345059
0.00860235
0.00860235
0.00860235
0.00860235
0.00860235
0.00797935
0.00798933
0.00827619
0.00736889
0.00310037
0.00310037
0.00310037
0.00310037
0.00310037
0.00310037
0.00310037
0.00310037
0.0042327
0.00736889
0.00327003
0.00311668
0.00311668
0.0033763
0.00525197
0.00525197
0.00525197
0.00525197
0.00525197
0.00706006
0.0119532
0.00799593
0.00799593
0.00799593
0.00860042
0.0112835
0.0163852
0.00672249
0.00672249
0.00672249
0.00672249
0.00759717
0.0153392
0.0151548
0.0151548
0.0151548
0.0151548
0.0151548
0.0151548
0.0151548
0.0151548
0.0151548
0.0151548
0.00981707
0.00981707
0.00981707
0.00981707
0.00804598
0.00804598
0.00758651
0.00758651
0.00758651
0.00758651
0.01396
0.01396
0.0075468
0.00919937
0.0151864
0.00854434
0.00833838
0.0157817
0.0156353
0.00771751
0.00771751
0.0135351
0.0135351
0.0073556
0.0073556
0.0073556
0.00891938
0.00891938
0.00786313
0.00786313
0.0152082
0.00361728
0.0170142
0.0170142
0.0170142
0.0170142
0.0170142
0.0170142
0.0170142
0.0170142
0.0170142
0.0170142
0.00826508
0.00826508
0.00391647
0.006039
0.0156323
0.0156323
0.0156323
0.0156323
0.0156323
0.0156323
0.0156323
0.0156323
0.0156323
0.00982428
0.00982428
0.00352046
0.00362921
0.00362921
0.00392673
0.00427461
0.0161177
0.0161177
0.0161177
0.0161177
0.0161177
0.0161177
0.0161177
0.0161177
0.0161177
0.00989995
0.00989995
0.00989995
0.00989995
0.0173707
0.0173707
0.0173707
0.0173707
0.0173707
0.0173707
0.0173707
0.0173707
0.0173707
0.0173707
0.00830847
0.0081997
0.0081997
0.00478149
0.00656601
0.00656601
0.00386617
0.00589271
0.0163986
0.0163986
0.0163986
0.0163986
0.0163986
0.0112062
0.0112062
0.00811889
0.00811889
0.00227459
0.00227459
0.00227459
0.00227459
0.00227459
0.00227459
0.00227459
0.00227459
0.00227459
0.00929387
0.00945029
0.0151293
0.0151293
0.0153683
0.0153683
0.0153683
0.0114429
0.00814436
0.00814436
0.00814436
0.00814436
0.00814436
0.00724753
0.00804055
0.00956837
0.0140952
0.00669988
0.00669988
0.00669988
0.00669988
0.00669988
0.00669988
0.00669988
0.00709978
0.01052
0.01052
0.01052
0.00853621
0.00853621
0.00853621
0.0062526
0.0062526
0.00339974
0.00339974
0.00339974
0.00899175
0.00899175
0.00899175
0.00899175
0.00899175
0.00899175
0.00960681
0.00960681
0.00960681
0.00960681
0.00960681
0.0157308
0.0157308
0.0157308
0.0157308
0.0157308
0.00754819
0.00754819
0.00754819
0.00754819
0.00754819
0.00754819
0.00754819
0.00754819
0.00920107
0.00920107
0.0137361
0.0130696
0.0130696
0.0130696
0.0130696
0.0130696
0.00678006
0.00678006
0.011891
0.011891
0.0163272
0.0163272
0.0163272
0.0163272
0.0163272
0.0163272
0.0163272
0.0163272
0.0163272
0.0163272
0.0076311
0.0076311
0.0076311
0.0076311
0.00789664
0.0147848
0.0098621
0.0098621
0.0098621
0.0152789
0.0152789
0.00708591
0.00708591
0.00967385
0.00747366
0.00747366
0.00747366
0.00747366
0.00747366
0.00863756
0.00863756
0.00863756
0.0158534
0.0158534
0.0158534
0.0158534
0.0158534
0.00867788
0.00867788
0.0152311
0.0152311
0.0152311
0.0152311
0.0152311
0.0152311
0.0152311
0.0152311
0.0152311
0.0152311
0.0152311
0.00968674
0.00968674
0.00968674
0.00656205
0.00825741
0.00929023
0.0178655
0.00780998
0.00780998
0.00765327
0.00765327
0.0155051
0.0155051
0.0155051
0.0155051
0.0155051
0.0136388
0.0158225
0.0080551
0.0080551
0.0080551
0.00971678
0.0165455
0.0165455
0.0165455
0.0167562
0.0150644
0.00743575
0.00743575
0.00743575
0.013041
0.013041
0.013041
0.013041
0.013041
0.0150502
0.0150502
0.0150502
0.00455048
0.00645172
0.00370402
0.0154556
0.0154556
0.0154556
0.0154556
0.0154556
0.0154556
0.00765202
0.00265749
0.00458606
0.00287886
0.00287886
0.00271693
0.00271693
0.00271693
0.00650877
0.00650877
0.00650877
0.00650877
0.00650877
0.00444784
0.00444784
0.00132875
0.00229303
0.00143943
0.00143943
0.00143943
0.00178915
0.00140922
0.0035542
0.00807643
0.00807643
0.00829392
0.00829392
0.00829392
0.00829392
0.0165112
0.0165112
0.0165112
0.00599411
0.00471078
0.00471078
0.00471078
0.00471078
0.00471078
0.00486377
0.00599411
0.00471078
0.00526363
0.00646908
0.00646908
0.00646908
0.00486377
0.00760492
0.015541
0.0140488
0.0140488
0.0140488
0.00693441
0.00660923
0.00660923
0.00660923
0.00660923
0.00657464
0.00750977
0.00750977
0.00750977
0.00750977
0.00750977
0.00750977
0.00750977
0.00750977
0.00750977
0.0162536
0.0162536
0.0162536
0.0162536
0.0162536
0.00796722
0.00796722
0.00811791
0.0154615
0.0161771
0.0161384
0.0161384
0.0161384
0.0161384
0.0069883
0.00809323
0.00673661
0.00705499
0.0153743
0.0162158
0.00658618
0.00658618
0.0080284
0.0080284
0.0080284
0.0080284
0.0080284
0.0168497
0.0168497
0.0168497
0.0154159
0.0154159
0.0154159
0.0154159
0.0154159
0.00338762
0.00412943
0.00412943
0.00412943
0.00412943
0.00412943
0.00412943
0.00412943
0.00412943
0.0072387
0.0072387
0.0072387
0.0072387
0.0072387
0.00688748
0.00412943
0.00412943
0.00412943
0.0166355
0.0153077
0.0153077
0.0153077
0.00378421
0.00378421
0.00378421
0.00378421
0.00374783
0.00374783
0.00374783
0.00857324
0.0157586
0.00761846
0.00876481
0.00377613
0.00377613
0.00377613
0.00377613
0.00377613
0.00377613
0.00377613
0.00377613
0.00377613
0.00778182
0.0155353
0.0155353
0.0155353
0.0155353
0.00844283
0.00844283
0.00844283
0.00844283
0.00666465
0.00666465
0.00812405
0.00812405
0.00812405
0.00812405
0.00812405
0.00812405
0.00812405
0.00812405
0.00812405
0.00792351
0.00630196
0.00768195
0.00768195
0.00768195
0.00768195
0.00768195
0.00768195
0.00768195
0.00768195
0.0150625
0.0150625
0.0164107
0.00861653
0.0174038
0.0174038
0.0174038
0.00704692
0.00704692
0.00704692
0.00780295
0.0154051
0.0154051
0.0154051
0.0154051
0.0154051
0.0154051
0.0154051
0.0154051
0.0154051
0.0154051
0.00831449
0.00831449
0.00831449
0.00844758
0.00844758
0.00844758
0.00844758
0.00285444
0.00285444
0.00285444
0.00285444
0.00285444
0.00285444
0.00285444
0.00713353
0.00713353
0.00713353
0.00713353
0.00713353
0.00713353
0.00713353
0.00713353
0.00869561
0.00869561
0.00165004
0.00182707
0.0040751
0.000929058
0.000929058
0.00203755
0.00105058
0.00150271
0.00203755
0.00820261
0.00820261
0.00820261
0.00820261
0.0166575
0.00760898
0.00760898
0.00760898
0.0099041
0.00159514
0.00873738
0.00873738
0.00873738
0.0167381
0.0167381
0.0167381
0.0167381
0.00984138
0.00984138
0.00937466
0.0082962
0.0161974
0.0161974
0.0161974
0.0161974
0.0155538
0.0155538
0.0155538
0.0155538
0.0105606
0.0105606
0.0105606
0.0105606
0.0105606
0.0105606
0.00765119
0.00957115
0.00957115
0.00957115
0.0167776
0.0151549
0.0082344
0.0148407
0.00973825
0.0161973
0.0161973
0.0161973
0.0161973
0.0161973
0.0161973
0.0161973
0.0161973
0.0161973
0.0161973
0.00216909
0.00216909
0.00216909
0.00954234
0.00954234
0.00954234
0.00954234
0.0148984
0.0148984
0.0172104
0.00784268
0.00784268
0.00784268
0.00759783
0.00759783
0.0159171
0.0159171
0.0159171
0.0159171
0.0159171
0.00815617
0.0125764
0.0125764
0.0125764
0.0125764
0.0125764
0.0125764
0.00884738
0.00884738
0.00884738
0.00315836
0.00334964
0.00638776
0.00486756
0.00382981
0.00791838
0.0122214
0.00863365
0.0122409
0.00652935
0.00846937
0.00713503
0.00713503
0.00713503
0.00713503
0.00713503
0.00713503
0.00713503
0.00713503
0.00869744
0.00869744
0.00869744
0.0153493
0.0153493
0.00768357
0.00816927
0.00812972
0.00812972
0.015761
0.0164303
0.00375927
0.00611693
0.008613
0.00643458
0.00855487
0.00855487
0.00855487
0.00646074
0.00787941
0.00787941
0.00787941
0.0151979
0.0151979
0.0036281
0.0036281
0.00445898
0.00260469
0.00260469
0.00269812
0.00415978
0.00415978
0.00269812
0.00246855
0.00246855
0.001516
0.001516
0.001516
0.001516
0.001516
0.0022712
0.0022712
0.001295
0.001295
0.0022712
0.00132152
0.000907024
0.000907024
0.00111475
0.000651173
0.000651173
0.000674531
0.000689195
0.000689195
0.000689195
0.00083812
0.00083812
0.000907024
0.000907024
0.00111475
0.000651173
0.000651173
0.000674531
0.00063094
0.00063094
0.00124816
0.000617137
0.000617137
0.000907024
0.000907024
0.00111475
0.000651173
0.000651173
0.000674531
0.00103995
0.0011539
0.0011539
0.000617137
0.000617137
0.000907024
0.000907024
0.00111475
0.000811758
0.000811758
0.000811758
0.000907024
0.000811758
0.000811758
0.00083812
0.00083812
0.000907024
0.000907024
0.00111475
0.000651173
0.000651173
0.000651173
0.00063094
0.00063094
0.00124816
0.0011356
0.000660759
0.0160518
0.00792311
0.00792311
0.00792311
0.00792311
0.00808534
0.00808534
0.00808534
0.0184954
0.009157
0.00832235
0.00832235
0.00832235
0.00832235
0.00832235
0.0165854
0.00919422
0.00919422
0.00919422
0.00839112
0.00839112
0.00839112
0.00839112
0.00426864
0.0032789
0.00426864
0.00340489
0.016414
0.00811069
0.00811069
0.00940781
0.00940781
0.00374566
0.00835026
0.00835026
0.00351327
0.0154836
0.0154836
0.0154836
0.0154836
0.0154836
0.0154836
0.0154836
0.0154836
0.0154836
0.0154836
0.00943816
0.00943816
0.00943816
0.00943816
0.00943816
0.00846249
0.00777378
0.0119982
0.00831913
0.00831913
0.00899816
0.00899816
0.00899816
0.00899816
0.0165193
0.00956814
0.00956814
0.00956814
0.00800866
0.00800866
0.00855086
0.00855086
0.00855086
0.00855086
0.00840287
0.00840287
0.00840287
0.00840287
0.00415974
0.00415974
0.0067555
0.00778801
0.00800559
0.00872686
0.00872686
0.00872686
0.00676253
0.00676253
0.00857774
0.00857774
0.00857774
0.00857774
0.00857774
0.00628302
0.00628302
0.00628302
0.00826568
0.00826568
0.00688015
0.00688015
0.00688015
0.00688015
0.00688015
0.00688015
0.0112634
0.0152827
0.0155628
0.0155628
0.00939734
0.00939734
0.0115813
0.0115813
0.0115813
0.0115813
0.0115813
0.0115813
0.0115813
0.0115813
0.0115813
0.0164423
0.015421
0.015421
0.015421
0.015421
0.015421
0.015421
0.00787076
0.00787076
0.00787076
0.00808033
0.00773191
0.00773191
0.00773191
0.0162458
0.00849365
0.00849365
0.0035736
0.0035736
0.0035736
0.00821543
0.00821543
0.00821543
0.00857006
0.00857006
0.00857006
0.00857006
0.00857006
0.00635489
0.00635489
0.00635489
0.00635489
0.00635489
0.00635489
0.00635489
0.00683989
0.0132625
0.0132625
0.0132625
0.00756207
0.00756207
0.00756207
0.00756207
0.00756207
0.0176526
0.00873974
0.0159997
0.0159997
0.0159997
0.0159997
0.0159997
0.00338605
0.00338605
0.00338605
0.00338605
0.00338605
0.00338605
0.00338605
0.00319532
0.00591313
0.00383484
0.00383484
0.00338605
0.00338605
0.00338605
0.00338605
0.00338605
0.00338605
0.00338605
0.0033181
0.00581936
0.00581936
0.0042583
0.00764995
0.00764995
0.00740655
0.0083586
0.0083586
0.0083586
0.0106612
0.0106612
0.0106612
0.0106612
0.0106612
0.00733654
0.00733654
0.00802939
0.00802939
0.0152966
0.0152966
0.00855188
0.00855188
0.00781221
0.0149678
0.0149678
0.0144415
0.0144415
0.0129573
0.00738807
0.00700475
0.00700475
0.00700475
0.00700475
0.00824516
0.00824516
0.00974978
0.00644244
0.00644244
0.00644244
0.00389831
0.0038637
0.0038637
0.0118963
0.0132555
0.0132555
0.0132555
0.0132555
0.0132555
0.00965292
0.00707057
0.00707057
0.00826493
0.00826493
0.00826493
0.00826493
0.00826493
0.00862087
0.00780768
0.00844566
0.00798073
0.00798073
0.00798073
0.00798073
0.00810624
0.00826509
0.00826509
0.0156286
0.0156286
0.0156286
0.0156286
0.0163808
0.0118604
0.0118604
0.0118604
0.00644655
0.0106891
0.0106891
0.0109466
0.0109466
0.015536
0.015536
0.0083437
0.00882899
0.00440131
0.00324084
0.00837788
0.00946757
0.0153706
0.0153706
0.00289211
0.00289211
0.00289211
0.00289211
0.00289211
0.00289211
0.00289211
0.00238098
0.00290236
0.00180222
0.00180222
0.00126984
0.00126984
0.00126984
0.000735834
0.000731983
0.000892271
0.00836567
0.00827555
0.00827555
0.0154817
0.0154817
0.0154817
0.00774709
0.015171
0.015171
0.015171
0.015171
0.015171
0.015171
0.015171
0.015171
0.015171
0.015171
0.00766351
0.00766351
0.00766351
0.0154431
0.00824004
0.00894993
0.00140899
0.0169744
0.0169744
0.00828567
0.00828567
0.00348841
0.00369968
0.00369968
0.00369968
0.00803306
0.00803306
0.00803306
0.0093153
0.0093153
0.0093153
0.0093153
0.0077704
0.0077704
0.0077704
0.0077704
0.00463954
0.00463954
0.00463954
0.00463954
0.00757527
0.00625897
0.00625897
0.00625897
0.00625897
0.00625897
0.00625897
0.00625897
0.00625897
0.00625897
0.00429437
0.00429437
0.00429437
0.00867382
0.00867382
0.0149137
0.0149137
0.016617
0.016617
0.016617
0.016617
0.00512948
0.00512948
0.017104
0.0162569
0.00819708
0.00819708
0.00861977
0.00861977
0.00861977
0.00861977
0.0165813
0.00773002
0.00773002
0.00773002
0.00732605
0.00836591
0.00378849
0.00378849
0.00378849
0.00378849
0.00378849
0.00378849
0.00378849
0.00378849
0.00378849
0.000630088
0.000630088
0.000630088
0.000630088
0.000630088
0.000630088
0.00863976
0.00863976
0.00448019
0.00448019
0.00413017
0.00413017
0.00413017
0.00413017
0.00413017
0.00413017
0.00413017
0.00834215
0.00834215
0.0057007
0.00448019
0.00914217
0.00914217
0.00914217
0.00914217
0.0151742
0.00844647
0.0149305
0.0149305
0.0149305
0.0160264
0.0160264
0.0160264
0.0160264
0.0160264
0.0160264
0.0160264
0.0160264
0.0160264
0.0160264
0.00594601
0.0081112
0.0081112
0.0162259
0.0162259
0.0162259
0.0159058
0.0080462
0.0080462
0.0080462
0.0160894
0.016649
0.00850027
0.00840342
0.00840342
0.00840342
0.00840342
0.00840342
0.00840342
0.00856917
0.00856917
0.00856917
0.00856917
0.00313758
0.00285528
0.00308516
0.00104586
0.00169164
0.00169164
0.00104586
0.00169164
0.00174653
0.0152226
0.0152223
0.0152223
0.0152223
0.0152223
0.0152223
0.0152223
0.0152223
0.0152223
0.0152223
0.0152223
0.0161244
0.0161244
0.0161244
0.0149419
0.0149419
0.0149419
0.0176771
0.0176771
0.0176771
0.0176771
0.0176771
0.0176771
0.0176771
0.0176771
0.0176771
0.0176771
0.0035451
0.0035451
0.00924045
0.00924045
0.00924045
0.0149484
0.00710545
0.0088809
0.0088809
0.0088809
0.0088809
0.0144227
0.0142231
0.00737848
0.00752956
0.00752956
0.0164414
0.0164414
0.00354297
0.00354297
0.00852308
0.00852308
0.00852308
0.00699199
0.00699199
0.00699199
0.00699199
0.00699199
0.00954564
0.0131082
0.0131082
0.00829805
0.00829805
0.00829805
0.00829805
0.00829805
0.016828
0.0161746
0.0161746
0.0161746
0.0161746
0.0161746
0.00800799
0.00800799
0.00800799
0.00841074
0.00962172
0.00962172
0.0153028
0.0153028
0.0153028
0.0153028
0.00800063
0.00800063
0.00800063
0.00800063
0.0165498
0.0165498
0.0165498
0.0165498
0.0133459
0.00707358
0.0160895
0.0155319
0.0155319
0.0173688
0.0173688
0.0173688
0.0173688
0.0173688
0.0173688
0.0173688
0.0173688
0.0173688
0.0173688
0.0166524
0.0166524
0.0166524
0.0166524
0.0092523
0.00828165
0.00828165
0.00828165
0.00828165
0.00849495
0.00849495
0.0153412
0.0062836
0.0062836
0.00355649
0.00347868
0.00347868
0.00347868
0.00372457
0.00764516
0.00900977
0.00900977
0.00900977
0.00889589
0.0114426
0.0114426
0.0114426
0.0114426
0.0114426
0.0114426
0.0114426
0.0114426
0.00829019
0.00649269
0.00635522
0.00774688
0.00774688
0.00774688
0.00774688
0.00774688
0.00774688
0.00774688
0.00774688
0.00923838
0.00772732
0.00919585
0.00919585
0.00919585
0.0153594
0.0153594
0.0153594
0.0153594
0.0153594
0.00758597
0.00758597
0.00758597
0.00758597
0.014748
0.014748
0.014748
0.014748
0.00941947
0.00774387
0.00685506
0.00685506
0.00685506
0.00671751
0.00671751
0.00671751
0.00671751
0.012949
0.012949
0.00776365
0.0158764
0.0158764
0.0163081
0.0165581
0.0165581
0.0165581
0.0165581
0.0165581
0.0165581
0.0165581
0.0165581
0.0165581
0.0165581
0.00916701
0.0174382
0.0174382
0.00708263
0.00708263
0.00708263
0.00708263
0.00708263
0.00708263
0.0148866
0.0148866
0.0148866
0.0148866
0.0148866
0.0148866
0.0148866
0.0148866
0.0148866
0.00762213
0.00762213
0.00762213
0.00479306
0.00479306
0.00479306
0.00871424
0.00871424
0.00871424
0.00796507
0.00796507
0.00796507
0.00541828
0.00767804
0.00767804
0.00767804
0.00767804
0.0151525
0.0151525
0.0151525
0.0157262
0.0157262
0.0141385
0.0141385
0.0141385
0.0141385
0.0141385
0.00697869
0.00697869
0.00697869
0.00697869
0.0162984
0.0166855
0.0166855
0.0166855
0.0166855
0.0166855
0.00542024
0.00542024
0.00542024
0.00542024
0.00542024
0.00522963
0.00522963
0.00257641
0.00515725
0.00469219
0.00270438
0.00138521
0.00138521
0.00138521
0.00109208
0.00109208
0.00109208
0.00107016
0.00128807
0.00128807
0.00128807
0.00101152
0.00101464
0.00101464
0.00101464
0.00101464
0.00101464
0.00101464
0.00101464
0.00138521
0.00138521
0.00171878
0.00101152
0.00108405
0.00108405
0.00108405
0.00108405
0.00108405
0.00104593
0.00104593
0.000644036
0.000644036
0.000644036
0.000505761
0.00050732
0.00050732
0.00095356
0.000618412
0.000618412
0.00050732
0.00050732
0.000692606
0.000692606
0.000938437
0.000540877
0.000540877
0.00103145
0.000535082
0.000546038
0.000546038
0.000546038
0.000535082
0.000644036
0.000644036
0.000644036
0.000505761
0.00050732
0.00050732
0.00095356
0.000618412
0.000618412
0.00050732
0.00050732
0.000692606
0.000692606
0.00085939
0.000505761
0.0078807
0.0078807
0.00771881
0.00771881
0.00771881
0.015026
0.015026
0.015026
0.00945151
0.0162796
0.0162796
0.00805997
0.00805997
0.00805997
0.00805997
0.00805997
0.00805997
0.0159597
0.0159597
0.0159597
0.0159597
0.0159597
0.00769437
0.00769437
0.00629275
0.00834645
0.00834645
0.00834645
0.00834645
0.00834645
0.00834645
0.00834645
0.00834645
0.00413392
0.00413392
0.00413392
0.00191998
0.00229984
0.00428233
0.00413392
0.00413392
0.00413392
0.00191998
0.00229984
0.00326919
0.00755579
0.00755579
0.00763244
0.00763244
0.0157805
0.0155805
0.0155805
0.0155805
0.0155805
0.0155805
0.0155805
0.0137209
0.00696702
0.00696702
0.00696702
0.00696702
0.00696702
0.00696702
0.00696702
0.00696702
0.00849264
0.00849264
0.00849264
0.00826718
0.00891611
0.00891611
0.00891611
0.00891611
0.016386
0.016386
0.016386
0.00943469
0.00943469
0.00943469
0.00824781
0.00824781
0.00824781
0.00824781
0.00824781
0.00824781
0.0153669
0.00844011
0.00844011
0.00844011
0.00844011
0.00844011
0.0076215
0.00367129
0.00367129
0.00367129
0.00832108
0.00832108
0.00832108
0.0165916
0.0165916
0.0165916
0.0162217
0.0162217
0.0162217
0.0162217
0.0162217
0.0162217
0.0162217
0.0162217
0.0162217
0.0162217
0.0162217
0.00823996
0.00823996
0.00823996
0.00823996
0.00823996
0.00795054
0.00798072
0.0062131
0.0154564
0.015205
0.00972125
0.00818861
0.00818861
0.00818861
0.00645907
0.00645907
0.00645907
0.00645907
0.00645907
0.00645907
0.00645907
0.00645907
0.00645907
0.00796177
0.00796177
0.00796177
0.0160813
0.0160813
0.00793364
0.00793364
0.00793364
0.00793364
0.00793364
0.00847734
0.00175947
0.00175947
0.00175947
0.00786797
0.00896088
0.00896088
0.00896088
0.00896088
0.0147367
0.00834458
0.00834458
0.00834458
0.00834458
0.00850182
0.0037413
0.0037413
0.0037413
0.0037413
0.0037413
0.0037413
0.00769129
0.00769129
0.00769129
0.00769129
0.0152199
0.00374523
0.00374523
0.00353136
0.00353136
0.00813384
0.00813384
0.00813384
0.00813384
0.00352213
0.00352213
0.00838638
0.00487002
0.00487002
0.00487002
0.00853066
0.0152954
0.00799627
0.00799627
0.00799627
0.00758828
0.00758828
0.00758828
0.00580548
0.00580548
0.00580548
0.00849549
0.00660842
0.00953461
0.0117472
0.0117472
0.0117472
0.00770727
0.00709155
0.0149192
0.0149192
0.00698198
0.00851087
0.00793965
0.00648852
0.00648852
0.00648852
0.00790936
0.00790936
0.00790936
0.00790936
0.00790936
0.00971924
0.00799051
0.00676086
0.00541956
0.00541956
0.00541956
0.00541956
0.00431918
0.00431918
0.00628991
0.00845514
0.00845514
0.00757655
0.00757655
0.00757655
0.016173
0.016173
0.016173
0.016173
0.016173
0.016173
0.016173
0.016173
0.011052
0.0169173
0.0169173
0.00837568
0.00837568
0.00837568
0.00837568
0.00837568
0.00837568
0.0110221
0.00866071
0.00796295
0.00796295
0.0120232
0.0120232
0.0120232
0.0120232
0.0120232
0.00944909
0.00944909
0.00944909
0.00944909
0.00355238
0.00355238
0.00784453
0.0159828
0.00807577
0.00807577
0.00807577
0.0171977
0.0154614
0.0154614
0.0154614
0.0154614
0.0154614
0.0076317
0.0133846
0.0133846
0.0133846
0.0133846
0.00856431
0.00856431
0.00760325
9.90355e-05
9.90355e-05
9.90355e-05
9.90355e-05
9.90355e-05
9.90355e-05
9.90355e-05
9.90355e-05
9.90355e-05
0.0165918
0.0165918
0.0165918
0.0131211
0.00770598
0.0117452
0.0117452
0.0117452
0.0117452
0.0117452
0.0147553
0.00705576
0.00823297
0.00823297
0.00823297
0.00823297
0.00823297
0.0153633
0.0153633
0.0153633
0.0153633
0.00832219
0.00633686
0.00633686
0.00461462
0.00379465
0.00379465
0.00373124
0.00568706
0.00568706
0.00568706
0.00336972
0.00803904
0.00803904
0.0153344
0.00670352
0.00670352
0.00670352
0.00670352
0.00670352
0.00670352
0.014803
0.00824986
0.0148001
0.0148001
0.0148001
0.0148001
0.0148001
0.0148001
0.0148001
0.0148001
0.0148001
0.0148001
0.00430425
0.00480938
0.00610261
0.00611841
0.00332557
0.00330625
0.00961874
0.0157552
0.00871686
0.0148222
0.0148222
0.0148222
0.0148222
0.0148222
0.0148222
0.0148222
0.0148222
0.0148222
0.0099967
0.0099967
0.00878156
0.0166254
0.0166254
0.0166254
0.0166254
0.0154997
0.0154997
0.00862354
0.00862354
0.00326618
0.00326618
0.00326618
0.00326618
0.0032808
0.0032808
0.0032808
0.0032808
0.00825627
0.00825627
0.00825627
0.00825627
0.00825627
0.00825627
0.00825627
0.00338816
0.00829281
0.00829281
0.00829281
0.00907394
0.00907394
0.0164576
0.00576808
0.00453314
0.00453314
0.00576808
0.00576808
0.0176705
0.0176705
0.0176705
0.0176705
0.0176705
0.0176705
0.0176705
0.0176705
0.0176705
0.0176705
0.0176705
0.00853868
0.0078722
0.0078722
0.0078722
0.00781031
0.0032861
0.0032861
0.00699696
0.00661094
0.00661094
0.00661094
0.00661094
0.0105579
0.00621344
0.00621344
0.00871586
0.00871586
0.00871586
0.00871586
0.00871586
0.00871586
0.00871586
0.00871586
0.00876278
0.0095415
0.0095415
0.0095415
0.0095415
0.00772817
0.00772817
0.0081923
0.0081923
0.0163863
0.0162158
0.0162158
0.0162158
0.0162158
0.0162158
0.0162158
0.0162158
0.0162158
0.00813205
0.00712186
0.0070233
0.0070233
0.00738144
0.00738144
0.00371805
0.00676612
0.00676612
0.00676612
0.00676612
0.00676612
0.00923727
0.00824775
0.00824775
0.00670862
0.0148143
0.0155935
0.0155935
0.00776467
0.00776467
0.00547015
0.00392238
0.00638513
0.0156258
0.0156686
0.0086302
0.0086302
0.0086302
0.0086302
0.0157622
0.0157622
0.0157622
0.0157622
0.0157622
0.00431591
0.00198936
0.00305957
0.00175654
0.00222804
0.00222804
0.00348726
0.00283117
0.00283117
0.0030675
0.0030675
0.000994681
0.00152979
0.000828802
0.000991167
0.000991167
0.000991167
0.000991167
0.000991167
0.00153375
0.00153375
0.000994681
0.00152979
0.000828802
0.00111402
0.00111402
0.00174363
0.00141558
0.00141558
0.00153375
0.00153375
0.00821153
0.00329833
0.00329833
0.00329833
0.0160211
0.0160211
0.0160211
0.0153836
0.0153836
0.0160288
0.00826463
0.00795378
0.00795378
0.00356243
0.00343906
0.00343906
0.00343906
0.00333221
0.00331238
0.00331238
0.00395223
0.0047903
0.00588735
0.00428717
0.0044264
0.0044264
0.00324225
0.00324225
0.00395223
0.0169838
0.0155924
0.0155924
0.0155924
0.0155924
0.0155924
0.0155924
0.0155924
0.0155924
0.0155924
0.0155924
0.0090022
0.017847
0.017847
0.017847
0.017847
0.017847
0.017847
0.017847
0.017847
0.017847
0.017847
0.00551674
0.00447641
0.00399689
0.00484443
0.00484443
0.00334981
0.00398277
0.00970845
0.00710674
0.00314987
0.00314987
0.00314987
0.00314987
0.00314987
0.00314987
0.00314987
0.00314987
0.00314987
0.00673068
0.00332223
0.00332223
0.00332223
0.00332223
0.00673068
0.00673068
0.00339026
0.00314987
0.0082438
0.0082438
0.0082438
0.0082438
0.00553198
0.00553198
0.00553198
0.00448878
0.00768342
0.00768342
0.00873965
0.00976531
0.00802839
0.00873224
0.00781202
0.00781202
0.0083873
0.0083873
0.00620742
0.00777443
0.00605067
0.0159312
0.00398534
0.00593668
0.00346788
0.00346788
0.00346788
0.00593668
0.00593668
0.00483044
0.00432309
0.00398534
0.00328662
0.00567175
0.00567175
0.00567175
0.00567175
0.00567175
0.00612932
0.00432309
0.0159681
0.0159681
0.0153991
0.00767189
0.00831326
0.0159597
0.016788
0.016788
0.016788
0.016788
0.00851507
0.00851507
0.00851507
0.00564544
0.00564544
0.003654
0.00691768
0.00620676
0.00620676
0.00691768
0.00691768
0.00337304
0.00764033
0.00764033
0.00764033
0.0066972
0.00696693
0.00696693
0.00696693
0.00696693
0.00696693
0.00696693
0.00696693
0.00696693
0.0128927
0.00703512
0.00703512
0.00703512
0.00345882
0.00345882
0.00345882
0.00345882
0.00818924
0.00818924
0.00818924
