0.166764
0.862764
1
0.323812
0.0480685
0.0731796
0.043426
0.1662
1.0047
0.345245
1
0.747784
0.997002
0.00318816
0.0573453
0.00287491
0.00287491
0.0165784
0.140016
1
0.0987584
0.736495
0.796607
0.234258
0.026974
0.165797
0.00556614
0.60316
0.890962
0.265598
1.03499
0.691358
0.255443
0.132861
0.0085752
0.0436385
0
0
0.133323
0
0.990939
0.861951
1
0.914524
0.0631766
0.00817411
0.00582701
0.136328
0.00277195
0.00586917
0.668411
0.0057021
1.01324
1.00518
1
0.999068
0.213539
0.02555
0.00542393
0.0896642
0.0643922
1
0.953565
1
0.979709
1
0.0280565
0.0523112
0.994658
0.0118716
1
0.0204013
0.810675
0.102713
0.0117095
0.319227
0.387685
0.774881
0.0209887
1
0.716421
1.00596
0.33459
0.00461673
0.675406
1
0.0285862
1.00294
0.0572855
0.0411883
0.0991814
0.558441
0.994136
0
1.02606
0.0763058
0.0402326
0.902918
0.0118989
1.01765
0.0450369
0.0226954
0
0.0142133
0.143726
0.00464501
0.00538449
0
0.0865203
0.00365179
0
0
0
0.00828919
0.0119987
0
0
0.0147605
0.00422988
0.0207728
0.00289653
0.00588584
0.0104989
0.00254337
0.0027865
0.00293308
0.00262732
1.00401
0
0.0027997
0.0027997
0.0027997
0.00285627
0.00299816
0.00285045
0.0209206
0
1.00298
0
0.00314692
0.281451
0.00271969
0.0027997
0.0027997
0.0027997
0.0112662
1
0.199434
0.613816
0.329693
0.0053539
0.0219231
0.0572501
0.213332
0.341357
0.110867
0.600016
0.290683
1
0.00279641
0.0147524
0.10824
0.290802
0.501589
0.298063
0.187535
0.921284
0.706236
0.0058029
0.0429231
0.0177791
0.178064
0.0176996
0.870276
0.945084
0.150985
1
0.196314
0.476473
1.04038
0.977519
0.58485
0.308111
1.0034
0.0415878
0.121619
0.100976
0.00262578
0.101282
1
0.786958
0.879543
0.995772
0.0224423
0.0722655
0.690314
0.24098
1
1
0.2562
1.02193
1
0.164824
1
0.113322
0.0259137
0.0989714
0.0491607
0.401632
0.385187
0.225655
0.440152
