0
0.0968293
0
0.00281131
0.763692
0
0.00564529
0.00276262
0.016736
1.02336
0
0
0.0262197
0.0026739
0.00275638
0.0196158
0.0830593
0.00261544
0
0
0
0.00289459
0
0
0
0
0
0.00273004
0.00544637
0.00328681
0.0158649
0.0370442
0.00263488
0
0
0
0.0029133
0
0.00249517
0.00274475
0
0.0213467
0.00268269
0.00913725
0
0
0
0.00391596
0.00262657
0
0.00810656
0.0134804
0.0261688
0.022996
1.01382
0.450097
0
0
0.00252697
0.00416535
0
0.00284467
0.00256632
0.00611955
0.00279147
0
0.00249921
0.00285838
0
0.00529379
0.0316335
0
0.0114895
0.0745326
0
0
0.0156221
0.0175666
0.0351107
0.0378462
0.00267978
0
0.0025746
0
0
0.00262117
0.00282709
0.00267978
0.0102069
0.0108163
0.0763567
0.00267978
0
0.0025746
0.0151502
0.00263858
0.0104012
0.00274688
0.00784862
0.00261605
0.00274723
0.0241247
0.0495249
0.0274242
0.00257703
0
0.0025746
0.00946886
0
0.00521332
0.0141332
0.0639207
0.00273797
0.115093
0
0
0.00605687
0.0374683
0
0.0183506
0.00829726
0.0137941
0.0185106
0.161065
1.00968
0.199792
0.904267
0.999999
1.02103
0.00248247
0.00770396
0.017415
0.00246035
0.00249639
0.00377289
0.0104806
0.00247606
0.00258347
0.00536565
0
0.0221683
0.00544585
0.00264556
0.00269618
0.0103239
0.00531752
0.0024786
0.022341
0.00770791
0
0.00808739
0.0180689
0.00248177
0.00264556
0.00253143
0.00246654
0.0206719
0.0295607
0.0864904
0.0879744
0
0.00253143
0.00249517
0.00251911
0.00780768
0.00540376
0.0981475
0.0130822
0.00519859
0
0.00265771
0.0268126
0.00521251
0.00501003
0
0.00257893
0.0078605
0.00264523
0.012773
0.0061283
0.01214
0.010942
0
0.00235864
0.00529829
0.00542992
0.00297248
0.033993
0.0163846
0.0701896
0.00260718
0.00248177
0.00516494
0.00274723
0.0107566
0.00529829
0.0923482
0
0.0025243
0.00670609
0.0351391
0.00526741
0.00251277
0.00856222
0.297579
0.00262505
0.00712507
0.175743
0.00249281
0.010769
0.0101089
0.0172784
0
0.00524848
0.013198
0.0192916
1.10258
0.703751
1.00546
1
1.01373
0.00525861
0.00261661
0.00246035
0.00677681
0.00514126
0.0510719
0.00264348
0.00815325
0.00261735
0
0.00527199
0.0192449
0.00250123
0.0373019
0.00521842
0.00272745
0.00275353
0.00332278
0.012652
0.00270096
0.00266259
0
0.00254331
0.00268914
0
0.00265822
0.0129493
0.00526979
0.00818568
0.0105514
0
0
0.00246035
0
0.00265708
0.0370502
0.0437491
0.276167
0.0666541
0.103894
0.00252349
0.00246035
0.00513793
0.00265822
0.00245056
0.00810503
0.0110994
0.00517847
0.00522904
0.00246035
0.0228039
0.0457067
0.00257606
0.00246035
0.00566124
0.00258986
0.00542409
0.013487
0.017224
0.0770836
0.0159626
0.00274117
0.00494818
0.00671272
0.00603059
0.085045
0.0190141
0.0641542
0.00790262
0
0.00249356
0.0138415
0.00522651
0.0029883
0
0.00809364
0.00726296
0.0194179
0.0259247
0.0028952
0.00454461
0.0298747
0.00945556
0
0.0129447
0.0053005
0
0.00296819
0.0130525
0.0154524
0.446412
0.0105659
0.00296794
0.30981
0.00264372
0.0274018
0.00535815
0.0027161
0.0129407
0.0235271
0.0199197
0.00271476
0.00272632
0.0516584
0.0379596
0.993858
1.01414
0.848738
1.00033
0.0828607
0
0.00247474
0.00538501
0.00345846
0.0101294
0
0
0.0051505
0.00553878
0.0052114
0.00398774
0.00260607
0.0026489
0.0113163
0.00499677
0.00751711
0.00249356
0.00246035
0.00252203
0.00344409
0.0028693
0
0.002542
0.00270649
0.00280535
0.00246035
0.00499677
0.00267978
0.00253196
0.0123277
0.363192
0.0905464
0.0185762
0.00761202
0
0.00502339
0.00264047
0
0.0107296
0.010861
0.00253118
0.0598188
0.00502339
0.00513563
0.00275779
0.00524859
0.00781156
0
0.0125068
0.0105381
0.00249804
0.00250136
0.00235219
0.00251121
0
0.00517972
0.0190027
0.0767813
0.0774311
0.0124902
0.00250136
0.0024387
0
0.00500273
0.00260557
0
0.206402
0.0101651
0.0104442
0
0.0103256
0.00249356
0.0102272
0.0103184
0.00263044
0.00305429
0
0.231053
0.00235641
0.00782761
0.00249356
0.00263044
0.00273459
0.00260542
0.002866
0.0111091
0.138014
0.966973
0.998728
1.01854
0.981929
0.148048
0.00502127
0.00249639
0.00253238
0.00249569
0.0086661
0.0219737
0.0311912
0.00767649
0.00509093
0.0053528
0.00253309
0.00249569
0.00253238
0.00415051
0.00537449
0.0356561
0.00262219
0.00253349
0.00796997
0
0
0
0
0
0.00244973
0
0.00447115
0
0
0
0
0
0
0.00374353
0.0706063
0.0454181
0.0403286
0.0156236
0.00510736
0.00253238
0.00249031
0.00259716
0.00261041
0.00276825
0
0.0105243
0.0265036
0.0717595
0
0.00249569
0
0
0.0134785
0
0.0079025
0.00249031
0.00234615
0.00356527
0
0.00275873
0.0293548
0.0098976
0.0376652
0.00258658
0
0.00249031
0.00237481
0.00522645
0.00831897
0.0290266
0.00534092
0.00253238
0.0104047
0.00262219
0
0.00519697
0.0126386
0.2699
0.00286393
0.0105045
0.03779
0.00494202
0.00539242
0
0.00807751
0.00566074
0.0164713
0.00847747
0.441088
0.188035
1.00938
1.00025
0.996364
0.986213
0.930045
0.00246066
0.00262456
0
0.0112861
0.00409768
0.00717596
0
0.00799121
0.00277972
0
0
0.00496687
0.00833468
0
0.00257341
0.00272336
0
0.0027788
0
0.00371469
0.00277022
0.00268643
0.0374071
0
0.00267978
0.00831067
0
0
0
0.00268643
0
0.0108662
0.0551214
0.00266384
0.0160174
0
0.00283068
0.00274723
0
0
0
0.00269829
0.00807161
0
0
0.0102974
0.00279608
0
0
0
0.00273449
0.00322293
0.00557002
0
0.00303525
0.00717261
0.0372317
0.00539137
0
0.00249266
0
0.00814749
0.0413021
0
0.00287931
0.0388
0.00277022
0.0410894
0.00296653
0.00439933
0.0538043
0.00533385
0.0169587
0.00813013
0.0463556
0.00252197
0
0
0.00415534
0.0699078
0.0290071
0.976293
1.06328
0.120423
1.00924
1.02765
0.990248
0
0.00308805
0.0127095
0.00265722
0.00277612
0.00257002
0.0026022
0
0.0220987
0.00286148
0
0
0
0.00268643
0.00265538
0
0
0
0
0
0.00514045
0
0.00279608
0.00269892
0.00354578
0
0.0115989
0.00289529
0.00660648
0.0104787
0
0.00265538
0
0
0
0.00312792
0.0133771
0
0.0149269
0
0
0
0.00269892
0
0
0.00278468
0
0.00837082
0.0109679
0.00274117
0
0
0.00274553
0.00279277
0
0
0
0.00310773
0.00285804
0.0242366
0.0230096
0.00548176
0.00527563
0.00499983
0
0
0.984734
0.0740128
0
0.00259861
0
0.00443748
0
0
0.00685415
0.00579211
0
0
0
0.00694931
0.00261712
0.00274637
0.00266633
0
0
0
0
0.00281472
0.0190165
0.00279608
0.00281472
0
0.00796613
0.00281472
0
0.00287177
0.00782231
0.0093824
0.0028234
0.00599796
0.0151076
0.0051653
0.00281472
0
0.0211783
0
0.00974782
0.00281472
0.00523989
0.00282378
0.00287177
0.00569216
0.00308666
0.0334833
0.00296536
0.00274117
0.002841
0
0.016529
0
0.0028752
0.00258908
0
0
0.0104421
0.0168716
0
0.00254249
0
0.00254249
0.00551875
0.0105292
0
0.0028922
0.00268683
0.00254249
0
0.00265797
0.00254249
0
0
0.00279722
0.0112481
0.0629161
0
0
0.0117145
0.0110722
0.00292295
0
0.00268719
0
0.00365209
0.0055651
0.0198023
0.00268246
0.00276007
0.00731643
0
0.0027922
0.00267978
0.00258225
0
0
0.00281766
0
0
0.00249517
0.00328978
0.0364802
0.00284887
0.00583115
0.991883
0.00533588
0
0
0.00275369
0.011661
0
0.00288868
0
0
0
0
0.00278456
0.00568529
0.00930924
0
0.00253945
0.0136752
0.00753179
0.0051666
0.00925372
0
0
0
0.00828861
0.00282214
0.00521561
0.00528882
0.00856483
0
0.0127021
0.00268292
0.00834339
0
0.00272446
0.00274937
0.00274937
0
0.381369
0
0.00278456
0.00267978
0.00332189
0
0.00880911
0.00756932
0.00281579
0
0.00277463
0.00274937
0
0
0.00276944
0
0.00576245
0.00729662
0.00277542
0.0106478
0.00602906
0
0
0.00321435
0
0
0.00271398
0
0.00682086
0
0.0028131
0.00547586
0.00278456
0.00265316
0.00410783
0.025022
0.00286355
0.00882449
0.999999
0.411047
0.0167027
0.00273076
0.00299841
0.00286103
0
0.00531594
0
0
0
0.00299841
0
0.00826255
0.00273368
0.00521013
0
0.0227826
0.0113566
0.0277051
0.0176979
0.00572453
0.00254037
0.00299841
0.00290269
0.0027904
0
0.025
0.0124827
0.0178347
0.0026782
0.00706724
0
0.00295246
0.0059161
0.00285605
0
0.00296343
0
0.00282051
0.00852921
0.0102413
0.00280635
0.00553123
0.0029209
0.00296343
0.00979721
0.00289596
0
0.722626
0.00268568
0
0.0389863
0
0
0.00278456
0.00397815
0.00838612
0.00998882
0
0.00266687
0.00261638
0.00268643
0.00281072
0
0.00278456
0.00265797
0.00374353
0
0.0134322
0.00275787
0
0
0.0219183
0
0.00289938
0
0.0041938
0.00539254
0
0.034766
0.0026782
0
0
0
0.00261635
0.00280204
0.00280206
0.00552306
0
0.0026782
0
0.0053913
0
0.00733505
0.048048
0.395009
0.99
0.124833
0.00825873
0.00554929
0
0.00291059
0
0.00564183
0.00325457
0
0
0.0117479
0.00548326
0.00262227
0
0
0
0
0.0475914
0.00277945
0.00881471
0
0.00249759
0
0
0.00284573
0.00264401
0
0.00591176
0.00637741
0.00264481
0
0.00256997
0
0.00549953
0.00591931
0
0
0.00262647
0
0
0.00594732
0
0.00299841
0
0.0029209
0.00989325
0.00291021
1.01889
1.03085
0
0
0
0.00286446
0.00394238
0
0
0
0
0
0
0.00249684
0.00570772
0.00728882
0
0
0.00510486
0.00242812
0.00313617
0.00246066
0
0
0
0.00385129
0
0
0.00738199
0.00273368
0.00273036
0
0
0.0267436
0.026813
0
0.0196982
1
0.990311
0.0598857
0.00272377
0.00283225
0
0.0234755
0.00536206
0.0147208
0
0.109478
0.00563075
0.00523338
0.00283225
0
0.0828255
0
0
0.00758229
0
0.00489383
0
0
0
0
0.00847133
0
0.0187752
0.239741
0
0
0.00263118
0
0
0.00423566
0.00545194
0.0087743
0.163227
0.00821235
0
0.0025272
0.00545405
0.025142
0
0.00874371
0.00263981
0
0
0.00299841
0.0108275
0.00276085
0.00898255
0
0.00699855
1.00828
1
0
0.00249754
0
0.00249075
0.00270815
0.0283845
0.0295354
0
0
0.00312861
0
0
0
0.00284337
0.00249684
0.00258587
0
0.0110201
0
0.00533112
0.0110283
0.00279172
0.00551499
0.00668533
0.00273368
0.00257327
0.0782807
0.00251728
0.00257327
0
0.00249075
0
0.0359223
0.0376297
0
0.00266458
0.0141542
1.00202
1.02177
0.0101769
0
0.00250621
0
0.00283225
0.00516278
0.0131842
0.0249552
0.0312362
0
0.00542201
0.00290323
0.0477002
0.00274243
0
0.00516278
0.00260567
0
0.0309767
0
0.00553712
0.0160105
0.00284337
0
0
0
0.00303185
0.00570763
0
0.0171063
0.00392767
0.0491288
0.00283509
0
0.00250141
0
0
0.0143178
0.0111713
0.00745936
0.0194719
0.0197501
0.0565509
0
0.00294373
0.00277231
0.00563737
0
0
0.0111713
0.0103998
0
0.0106444
0
1.00442
0.993219
0.00379095
0.00274739
0.00257182
0.0163989
0.00256597
0
0.00251848
0
0.00540818
0.00369951
0.0111954
0
0.0073953
0
0.0115356
0
0.00674538
0.0123546
0
0.00257327
0.00510842
0.0249539
0.0199411
0.00496481
0.00566489
0.988565
0.913667
0
0.00273833
0.00253173
0
0.0234113
0.00846102
0.00829373
0.0053528
0
0
0.00535214
0
0
0.00436277
0.00616584
0
0
0.00352924
0
0.00251481
0.00557678
0.0463643
0.00654415
0.00475657
0.00538386
0.0115961
0.00865171
0.00249333
0.00499377
0.00570715
0.0236349
0
0
0.0679641
0
0
0
0.00751296
0
0.999337
0
0.977528
0.0433911
0
0.00280716
0.00347859
0.00292351
0.00382794
0.00261999
0
0
0.0027975
0
0.00553241
0.00500676
0.013793
0.00271702
0.00283225
0.00277811
0.00559432
0.00283225
0.00282753
0.0292477
0.00262468
0
0.0191322
0.00284999
0.0026567
0
0.00284695
0.0304904
0
0.982442
0
0.00265881
0.00263885
0
0
0.00923562
0.00263511
0.00249075
0
0.00280257
0.00269273
0.00259896
0
0.00411579
0.0257383
0.00255799
0.00295038
0.00299449
0.0246478
0.00543025
0.00302856
0.00272112
0
0
0.0406741
0
0
0
0
0.0769136
0.00282942
0.00277068
0.0864764
0
0.0040121
0.00265881
0.00253034
0
0
0.00265881
0.00258828
0
0.00265881
0.0220104
0.00690816
0
0.00253461
0
0
0.00296012
0.00276456
0
0.00270575
0.00924011
0.00270575
0.00270575
0.00277068
0
0.0418059
0.00689413
0.00541045
0.0028317
0
0
0.00771153
0
0.004071
0.00268836
0
0.0037983
0.0173333
0.00257327
0.00504657
0.00274436
0.00886271
0.0381831
0.004071
0.00504657
0.00556303
0.014317
0.00527614
0
0.00276115
0.0117156
0.00284032
0.0771812
0.00260114
0.00259916
0.00271702
0.00911215
0
0
0.00277104
0.0031176
0.01104
0.00261595
0
0
0
0.0205023
0.00283569
0.0026959
0
0.00262411
0.00281001
0.0259148
0
0
0.00290978
0.00542445
0
0.00532121
0.00263511
0.00274854
0.00279166
0
0
0
0.00287461
0.0077916
0.0051614
0.0055779
0.00247331
0.0027842
0.00273365
0.0146939
0.00535214
0.00296223
0.0079392
0.00503479
0.00511787
0.00260114
0
0.00286759
0.0192535
0.00557195
0.00521686
0
0.0041863
0
0.00272093
0.00267748
0
0.00511046
0.00905615
0.00272306
0
0.00801621
0.00279087
0.0169652
0.00254925
0.00298336
0.0221791
0.0112291
0.00261184
0.00762498
0
0.00277068
0
0.0136807
0.00284219
0
0
0
0.00264711
0
0
0
0.00271702
0.00273365
0.00266502
0
0
0
0
0
0.00261757
0.00270091
0
0.0104658
0.00736048
0.00287904
0.0110867
0
0
0.00502841
0.00761146
0.0054894
0
0.00260114
0.00260114
0.00261757
0.0107028
0
0.00260114
0
0.00791458
0.00292173
0.00589041
0.00257327
0.00256754
0.00294543
0.0397661
0.00257327
0.99621
0
0
0.00258221
0.00276389
0
0.00789033
0.0053355
0.00263511
0.00253034
0.00265978
0
0.00253034
0.0389054
0.00253461
0.00264565
0.00787081
0.00261362
0.00245302
0.00273365
0
0.00583773
0.0109446
0.00819427
0.00261362
0
0
0.00632585
0.00287099
0.00945689
0.00521659
0
0.00421724
0.00259337
0.00702354
0
0.00765667
0.0414252
0.00765667
0.648431
0.0260114
0.0318835
0.00256573
0.00259931
0.00273365
0.0194768
0.00269131
0
0.00404902
0.00256573
0.00274119
0.0737613
0.00948631
0.00253461
0.00259931
0.00607257
0.00380191
0.00265433
0.00261362
0.00521082
0.019476
0.00521082
0.00269809
0.00250405
0.125796
0.01532
0.124893
0
0.00698914
0
0.00286483
0
0.00256573
0.00284518
0.00284518
0.00962149
0.00265864
0.00256573
0.00262033
0
0.00262116
0.00374451
0.00262116
0.00273365
0
0.00299021
0.002697
0.0173122
1
0.632825
0
0.00258737
0
0
0.00469419
0.00389529
0
0.00261109
0
0.00261109
0.00535315
0
0.00261109
0.00545627
0
0.00383554
0.00295145
0
0.00606139
0
0.00306866
0.0046786
0
0.0232942
0.00273987
0.00290308
0.00584491
0.00487877
0.01055
1
0.986592
0.00258883
0.00409786
0.0155667
0.00246756
0.00778334
0.00333099
0.0121939
0.00260079
0
0
0.00541352
0.0053436
0.00251887
0.00336575
0
0
0.00591536
0.00257394
0.00273629
0.0082551
0.00803331
0.0109469
0.00520987
0.00870758
0.0544746
0.00839802
0.0333398
0
0
0.00974411
0.00789467
0.00262116
0
0
0.00346339
0.00257394
0.00341461
0.133887
0
0.00350992
0.00891406
0
0.0104312
1.00446
0.078184
0.572475
0.409613
0.993651
0.00282857
0.00793659
0.00269054
0
0.00273267
0.014863
0.0107659
0.0053849
0
0
0
0.00318694
0.00250405
0
0.00265178
0.00259843
0.00298594
0.00268647
0.00311091
0.00251937
0.0131586
0.00286715
0.00471465
0.00783134
0.0141796
0.0628185
0.026817
0.0512165
0.00298594
0.0026608
0.00261228
0.00865824
0.0295989
0.00280456
0.00260092
0.00859069
0.00263773
0.00261169
0
0.00585685
0
0.0214504
0.10282
0.00297935
0.00339234
0.00285059
0.00287091
0.00308191
0.0123825
0.0111038
0.00261236
0.00538754
0.0232097
1.00198
0.206862
0.144402
0.0123039
0.941705
0.996456
0
0.00252882
0.00263471
0.00440964
0.011748
0.00252233
0.00256289
0.00256217
0
0
0
0
0
0.00244656
0.00529547
0.00256289
0
0.00760779
0.00252811
0
0.00262775
0.00259895
0
0.0025559
0.161144
0.00251765
0.0158677
0.0028234
0
0.00250488
0.00252811
0.076677
0.00561253
0.0103378
0.00480984
0.00537455
0.00411307
0.00811234
0
0.0154521
0.00522647
0.0316753
0.0024988
0.00260494
0.0101784
0.0282738
0.607399
0.042585
0.0932562
0.00259052
0
0
0
0
0.00354219
0.0571466
0.0212906
0.00257073
0.00260494
0
0
0.00269186
0
0.0210136
0.00264054
0.00511674
0.00974103
0.0153461
0.00781054
0
0.00310149
0.00246438
0
0.00517912
0.0130017
0.430909
0.00269916
0.0250301
0.017178
0.00246314
0
0.00246438
0.00597879
0.00246438
0.00316014
0.00560314
0
0.0412979
0.00740764
1.00775
0.552157
0.264759
0.00267791
0.0167402
0.00259052
0.800847
1.01863
0.00511043
0.00618972
0.0171912
0
0.00260421
0.00249642
0
0.00626012
0.0077263
0.00864943
0
0.00260494
0.0024983
0.00256289
0.00249642
0.00256141
0.00255198
0.00529479
0.00284518
0
0.00251302
0
0.0105418
0.00263403
0.00253492
0.00256289
0.00284518
0
0.0841758
0.00260655
0
0.00262275
0.00257321
0.00271175
0.00288584
0.00335636
0.00793927
0.00257949
0.00374173
0.0264348
0.00257321
0.00257321
0
0.00386555
0.0106925
0.460914
0.0472878
0.0627988
0
0.00246731
0.00257385
0.00870687
0
0.00806376
0.0276627
0.0556087
0
0.00485723
0.00596217
0.00527301
0.00268222
0.00326313
0.0239575
0.0168741
0.00255025
0.0218738
0
0.00799775
0
0
0.00254448
0.0168043
0.00884064
0.152387
0.00692188
0.00978848
0.00260691
0
0.00249642
0
0.00258352
0.0172004
0.0136966
0.00734307
1.06021
0.974904
0.27485
0
0.00261026
1
0.985135
0.0025912
0
0.00310433
0
0.0125652
0
0.00265636
0.00259266
0.00507496
0.00596485
0.00270137
0.00554463
0
0.00261504
0.00276654
0
0.0133607
0.0055348
0.00532383
0
0.0440915
0
0.00265465
0.00252844
0.00259193
0
0.00247838
0.00795507
0
0.0025685
0.00259766
0.00250609
0.028801
0.00248799
0
0
0.0026105
0.0282703
0.106838
0.0661309
0.0104973
0.0026105
0
0.00287698
0.00427024
0
0.0755986
0.0902923
0
0.0026105
0.00517265
0
0.00267548
0.0276574
0.00263014
0.00779995
0.015663
0
0.00270996
0.00258929
0.00258352
0
0.00775998
0.00518595
0.00285843
0.012333
0.00531487
0.00546492
0.00517133
0
0.00328481
1
0.902307
0.0149785
1
0.992373
0.00940613
0.00266771
0.00507421
0.00259402
0.00281273
0
0
0.0301842
0.00271284
0
0.00281273
0.00265339
0.00280508
0
0.00261109
0.00770854
0.00553869
0
0
0
0.00293598
0.00964188
0.00280508
0.00247253
0.00331803
0.00295593
0.00256681
0.00708948
0.0155
0
0.00334347
0.00259402
0
0.0165901
0.0253851
0.00520569
0.0370201
0.00256215
0.00487581
0.00261403
0.00354671
0.00846567
0.0132134
0.00260901
0.00259052
0.00259402
0.00972759
0.00286712
0.00259052
0.00786375
0
0.00281273
0.00280311
0.00706616
0.152416
0.00258163
0
0.0100381
0.00540676
0.00291914
0.995338
0.99081
0.00561626
0.711415
1
1
0.00357045
0
0
0.00292292
0.0228337
0
0.00269208
0
0
0.00281273
0
0.00639845
0.00270549
0
0
0
0.00312649
0
0.00436583
0.00259052
0.00312123
0
0.00261604
0.0214419
0.00439209
0
0.005714
0
0
0.00242844
0
0.00280528
0
0.998612
0
0.0193283
0.97415
0
0
0.00261026
0
0.00276654
0
0.00298594
0
0
0
0.00250405
0
0.0138251
0
0
0.00395376
0
1.0449
0
0
0
0
0.00265219
0
0
0.00267427
0.00256548
0
0
0
1
0.0261022
0
0
0.00544699
0.00260953
0.0028665
0
0
0.00277859
0.00280508
0
0
0.0205434
0
0.00281273
0.00390976
0.688643
0.675551
0
0.00632364
0
0
0
0.00264186
0.0311121
0.00265219
0.0057702
0
0.00285845
0.00265219
0.00265219
0.00273228
0.148714
0.00261011
0.00265219
0.00278153
0
0.00265219
0.00280508
0
0.00294188
0.00265219
0.00281273
0.0172892
0.00281273
0
0.995161
0.10191
0.00512232
0.00551406
0.00311379
0.00260092
0.00825111
0
0.0321766
0
0.00570566
0.00467514
0.00655314
1.00561
0.00298678
0.00265305
0
0.00378949
0.00313143
0
0
0.00995099
0.00276654
0.00265339
0
0.00826164
0.968721
0.0027319
0
0.00299558
0
0.0027319
0
0
0
0
0.0027238
0
0
0
1.0128
0
0
0
0
0.00265219
0.00276111
0.00265219
0.00270421
0.00261026
0
0.0271928
0.00854546
0
0
0.830575
0.0176729
0.00242478
0.00561457
0.0027319
0.00296391
0.0136595
0.00276654
0.0029059
0.00436822
1
0.00260092
0.00260092
0.00260092
0.478221
0.609182
0.778401
