0.0189364
0.219965
0.801378
0.989842
0.344364
0.00655691
0.0748401
0.00305625
0.0323897
0.0026661
0.00292713
0.05605
0.00303543
0.00569869
0.00963118
0.0669996
1
0.261496
1.03419
0.74511
1.00024
0.00330415
0.00282371
0.20781
0.0059925
0.0084979
0.00880483
0.0345562
0.507396
1
0.750589
0.8466
1
1
0.0027925
0.00458668
0.0106531
0.0407414
0.00820303
0.22818
0.00259162
0.00465027
0.00569148
0.00269166
0.00464063
0.00870412
0.00547822
0.00621986
0.00303065
0.00551258
0.00293829
0.00787969
0.82942
0.00273923
0.0217609
0.00972809
0.00262656
0.0106339
1
0.605128
1
0.999784
0.0152874
0.00262152
0.00265073
0
0.18053
0.158937
0.00545996
0.00258324
0.00271931
0.00256375
0.0281881
0.00540356
0.00319955
0.159489
0
0.0255964
0.00288602
0.00256972
0.0807768
0.922722
0.992839
1
0.993878
0.128793
0.0052573
0.00268332
0.0165511
0.00546045
0.12334
0.00561268
0
0.00549996
0
0.00272957
0.618505
0
0.00409899
0.00284208
0.041547
0
0.9885
0.988704
0.991512
1.01696
0.497281
0.00445094
0.012133
0.00278961
0.0279798
0.00285594
0
0
0.00282023
0.0420606
0.080269
0
0.0927586
1
1.0299
1
1.01306
1
0.00294421
0
0
0.0373372
0.118117
0.994658
0.0028357
0.00297422
1
0.041092
1
0.225317
0.00281893
0
0
0.0028357
0.00292692
0.0107604
0.0028357
0.0120724
0.968906
0.387685
1
0.0696188
0.00281893
0.00472617
0.00289004
0
0.0028357
0.00464445
0.00289004
0.0028357
1
1
0.0234004
0.00272904
0.0172174
1.0246
0.811286
0.00344509
0.0140946
0.00281676
0.00301433
0.0231558
0
0
1.00631
1
0.00777019
0.00776945
0.0251432
0.0172674
1
0.403888
0.00277088
0.0371175
0.232235
1.00813
0.99122
0.0120378
0.0108661
0.910962
0.637978
0.0056483
0.0778899
0
1
1.01605
0.0399849
0
0.00277125
0.0450231
0
0.003605
0.0316076
0.0118468
0.468126
0
0.00279746
0.00436846
0.00839182
0.164874
0.043209
0.00288039
0.0205083
0.00256869
0.010366
0.00345532
0.00254236
0.0207319
0.00256794
0.0684758
0.00254236
0.00287562
0.0220072
0.0196302
0.0455127
0.00280341
0.00280333
0.00554357
0.964627
0.0029
0
0.00280333
0.00280333
0.00280333
0.00276425
0.00955652
0.00376944
0.00281436
0.0356671
1.00597
0.00381081
0
0.00276425
0.039777
0.00276425
0.00542965
0
0.00861563
0
0.00276384
0
0
0.00284223
0
0.00818223
0.00921765
0
0.00818223
0.857824
0.0276384
0.00303999
0.011633
1
0.21891
1.00396
0.528117
0.00277667
0.0113699
0.0597282
0.212777
1
0.0851167
0.651798
0.87558
1
0.00571731
0.0149511
0.00867115
0.14436
0.00860024
0.394962
0.406408
0.264488
0.542177
1.0195
1
0.00311709
0.00259758
0.0375303
0.0167893
0.183633
0.00380602
0.0192007
0.00848491
0.00289768
0.00534996
0.00271294
0.00339117
0.883886
0.0111902
0.00271294
0.00271294
0.00348885
0.544065
0.807179
0.251009
0.00904312
0.806778
1.00906
0.00277224
0.00273013
0.00682916
0.0110179
0.00264887
0.00523569
0.00394574
0.0224387
0.289734
0.0302165
0.140573
0.0360861
0.0138246
0.00413587
0.0027957
0.00516216
0.00809907
0.341167
1.05841
1.01929
0.466803
1
1
0.00273839
0.00269449
0.00271418
0.00250556
0.0137959
0.0270517
0.0766361
0.0275489
0.0794965
0.00315191
0.0126209
1.00042
0.572745
0.0165189
1.00037
1
0.00250556
0.00255139
0.00250556
0.0027426
0.038427
0.0054624
0.198907
1
0.740604
1
1
0.998962
0.980671
1
1
0.729972
0.255326
0.0189163
0.461964
0.229465
0.333929
0.320257
0.512676
1
