0.0148181
0.00978458
0.0222831
0.0148181
0.0222831
0.00642098
0.0148181
0.0222831
0.00642098
0.0148181
0.0222831
0.00642098
0.0148181
0.0222831
0.00642098
0.0148181
0.0152305
0.0148181
0.0152305
0.0148181
0.0152305
0.0148181
0.0152305
0.00780286
0.00757129
0.0152305
0.00803859
0.00759629
0.00986724
0.0116332
0.0152305
0.0142345
0.0095885
0.00803859
0.0180748
0.00779294
0.0108892
0.0211454
0.024279
0
0.0229027
0.0152305
0.149579
0.0149769
0
0.0577234
0.00928552
0.0487635
0.0168595
0.00926185
0
0.499921
0.0358336
0.0165759
0.404445
0.00693832
0.0133039
0.0149832
0.0063899
0.0108892
0.211093
0.00785213
0.0285032
0
0.011147
0.0713313
0.0168595
0.00648554
0.357313
0.0365815
0.00916157
0.024463
0.727876
0.00693832
0.0260313
0.030767
0.0328539
0.172498
0.0154865
0.00928552
0.011147
0.0380327
0.0168595
0.0225161
0.328531
0.01381
0
0.024442
0.844411
0.0158982
0.00680954
0.0440929
0.091471
0.0154865
0.0201682
0.0719129
0.0168595
0.00693936
0.0225161
0.353293
0.0222942
0.00812957
0.0241033
0.453046
0.0158982
0.0168534
0
0.0108892
0.0687102
0.0154865
0.0198429
0.0482792
0.0142043
0.0220564
0.267787
0
0.0156918
0.358409
0.0168534
0.0108892
0
0.143001
0.0154865
0.0198429
0.0109197
0.0403784
0.00626899
0.215425
0.00820252
0.0396406
0.311951
0
0.0071055
0.0108892
0.303317
0.0446159
0.00928552
0.0114021
0.00986962
0.047152
0
0
0.237206
0.0435781
0.00820252
0.0713911
0.226702
0
0.0071055
0.0108892
0.326675
0
0.0521318
0.00928552
0.0138947
0.00986962
0.0315393
0.00677594
0
0
0.206903
0.0435781
0.00820252
0.0937055
0.132274
0
0.0071055
0.0108892
0.314702
0.0683956
0.0204357
0.00986962
0.0166249
0.0135235
0
0.010432
0.230715
0.0367137
0.0928917
0.0851004
0
0.0119182
0.0108892
0.369086
0.164366
0.0212995
0.00986962
0.0197026
0.0264486
0.0111759
0.33037
0.00750947
0.195474
0.0647377
0.015897
0.0382652
0.0219385
0.00992821
0.377394
0.0069671
0.254767
0.0318039
0.0200416
0.0135235
0.0264486
0.0111759
0.520605
0.00750947
0.421247
0.0589971
0.015897
0.0109521
0.0382652
0.0138796
0.0210862
0.377447
0.0069671
0.263148
0.0318039
0.0118923
0.0827627
0.0130963
0.615475
0
0.00845679
0.577446
0.0257563
0.0235535
0.0246344
0.0207628
0.28851
0.00762139
0.23286
0.0318039
0.0827627
0.0130316
0.704842
0.396686
0.0131747
0.0109521
0.0127162
0.011158
0.235519
0.00762139
0.247369
0.0318039
0.0204656
0.00693433
0.686251
0.557192
0.00665131
0.0109521
0.0127162
0.011158
0.211909
0.00762139
0.247926
0.0318039
0.0204656
0.00646039
0.698646
0.719512
0.0134012
0.0109521
0.011158
0.128805
0.00762139
0.139765
0.0318039
0.0204656
0.00646039
0.363705
0.00781337
0.99499
0.0401179
0.0109521
0
0.092001
0.0582313
0.0102936
0.308152
0.773206
0.0276864
0.0109521
0.0306916
0.0163008
0.0073235
0.104933
0.757833
0.0144561
0.0109521
0.0159321
0.0337712
0.379751
0.0109521
0.0159321
0.0337712
0.355002
0.0109521
0.0159321
0.0337712
0.355002
0.0109521
0.00810467
0.0105901
0.0337712
0.355002
0.0109521
0.00810467
0.0105901
0.0107101
0.0337712
0.355002
0.0151633
0.0109521
0.00810467
0.0080708
0.0107101
0.0337712
0.18287
0.0151633
0.0089051
0
0.00751107
0.0166598
0.056099
0.0107101
0.0434289
0.0479986
0.00676508
0.0284168
0.00639335
0.00714738
0.0089051
0.0324064
0
0.00994466
0.0851555
0.0316761
0.00778381
0
0.618952
0.0564014
0
0.140488
0.00676508
0.00865282
0.0724574
0.00814755
0.0108459
0.00648313
0.0166585
0.011294
0.0187936
0.0142115
0.0244213
0
0.00994466
0.485265
0.0119021
0.0402726
0.0927783
0
0.016385
0.0313311
0.0270503
0.00902065
0.114864
0.0459553
0.00680421
0.00929303
0.394307
0.0338227
0.00865282
0.0436136
0.0156307
0.0108459
0.0253677
0.011294
0.0277804
0
0.00765736
0.0244213
0.00994466
0.349953
0.0119021
0.0402726
0.0749362
0.016385
0.0313311
0.0198119
0.00902065
0.0930462
0.0338852
0
0.00864654
0.377017
0.0281843
0.00865282
0.0390338
0.011294
0.0187936
0.00765736
0.0150462
0.0208909
0.0732103
0.0229451
0.0199941
0.0453686
0.016385
0.0345986
0.00663559
0
0.0461605
0.0224125
0.00864654
0.130441
0.00683211
0.0187936
0.00765736
0.00772706
0.015535
0.0199941
0.0332278
0
0.0349642
0.0118331
0.00864654
0.0730332
0.0119265
0
0
0.0559533
0.0139458
0.030244
0.0173636
0.00606128
0.0287813
0.00764509
0.00606128
0.0287813
0.00764509
0.00606128
0.0287813
0.00764509
0.00606128
0.0287813
0.00764509
0.00606128
0.0287813
0.00764509
0.00606128
0.0287813
0.00606128
0.0287813
0.00606128
0.0287813
0.00606128
0.0287813
0.00606128
0.0287813
0.00831335
0.0287813
0.00830046
0.00940927
0.00883766
0.0100687
0.0113989
0.0461749
0.0287813
0.124295
0.0178756
0.0506947
0
0.0366057
0.0391548
0.00675642
0.504104
0.0287813
0.0275396
0.405755
0.00643779
0.0261193
0.0178756
0.0138788
0.010235
0.343184
0.0758852
0.0100687
0.0192941
0.021346
0.00803215
0.0162902
0.0207611
0.0141569
0.352013
0.019779
0.0166153
0.0275396
0.704323
0.0380585
0.0267314
0.0138788
0.010235
0.257955
0
0.0555779
0.047195
0.0316775
0.0137788
0
0.0239074
0.0207611
0.0141569
0
0.428525
0.020105
0.0326385
0.0411312
0.705839
0.0120702
0.0267489
0.0138788
0.0127705
0.010235
0.0626642
0
0.0738109
0.0664225
0.0210109
0
0.0617139
0.00740043
0.361288
0.00980287
0.0326385
0.0275396
0.432854
0.0267489
0.0127705
0.010235
0.0787328
0.018233
0.0472547
0.0103522
0.0452891
0.00706491
0.362168
0.0166153
0.0275396
0.291824
0.0149554
0.0123991
0.00942677
0.0127705
0.010235
0.132748
0.036821
0.027105
0.0449461
0.0129897
0.00706491
0.255426
0.00948289
0.0166153
0.120863
0.235337
0.0149554
0.00942677
0.368537
0.00731163
0.10477
0.0269687
0.0107292
0.0156228
0.00706491
0.286754
0.00948289
0.146908
0.211047
0.0149554
0.00942677
0.343484
0.00731163
0.121484
0.0180457
0.0107292
0.00706491
0.316659
0.00948289
0.211253
0.162828
0.0149554
0.0111364
0.225033
0.160962
0.028074
0.0107292
0.00830159
0.480936
0.0159858
0.289436
0.0740836
0.0149554
0.0198621
0.00948192
0.318137
0.256197
0.0284782
0.0107292
0.00764402
0.00820757
0.470363
0.0159858
0.465197
0.0582797
0
0.051389
0.00948192
0.0268709
0.543752
0.00638472
0.206212
0.00928628
0.114495
0.0137554
0.0462882
0.0316771
0
0.00771627
0.299704
0.816435
0.0498764
0
0.0210099
0.0612676
0.0191965
0.00900137
0.0139418
0.580732
0.00638472
0.413041
0.00928628
0.0926757
0.0137554
0.0542873
0.0390948
0.0136765
0.0096815
0.379549
0.84652
0.016871
0.0148654
0.0210099
0.0501606
0.00948192
0.00900137
0.0139418
0.386755
0.0134946
0.374257
0.0280139
0.0825025
0.0137554
0.0553371
0.0236255
0.0136765
0.0523778
0.606507
0.429752
0.00843241
0
0.0126856
0.0627676
0.0402592
0.00948192
0.00900137
0.299215
0.0202382
0.431035
0.00928628
0.0193885
0.0825025
0.0137554
0.0314674
0.0308298
0.0136765
0.043767
0.635491
0.575811
0.0171193
0.0126272
0.0136722
0.0627676
0.0402592
0.00948192
0.00900137
0.0107611
0.195125
0.00674358
0.0273071
0.227538
0.00928628
0.0193885
0.0928444
0.028788
0.0076638
0.0316295
0.0269224
0.0077666
0.0096815
0.789832
0.954122
0.0412939
0
0.0296491
0.00948192
0.00900137
0.0107611
0.0147966
0.12276
0.0273071
0.345616
0.0187667
0.0193885
0.0928444
0.028568
0.0076638
0.0236255
0.0269224
0.0077666
0.0096815
0.00826653
0.503494
0.0106772
0.033891
0.996744
0.065683
0
0.0202145
0.00948192
0.0107611
0.0436029
0.0273071
0.0416604
0.0193885
0.0159745
0.0139405
0.00970938
0.00826653
0.369312
0.00901354
1
0.0574518
0
0.00948192
0.0107611
0.0349313
0.0273071
0.0371871
0.0193885
0.0139405
0.199906
0.00901354
0.892034
0
0.00848079
0.0170004
0.106689
0.00901354
0.484158
0.00848079
0.0776696
0.45742
0.00848079
0.0776696
0.447411
0.0776696
0.447411
0.0776696
0.447411
0.00733157
0.0776696
0.177825
0.0108685
0.0318838
0.0101374
0.0242184
0.205576
0.0325741
0.0976929
0.00836686
0.00863105
0
0
0.0196527
0.00902113
0.0206086
0.208448
0.0157478
0.00731902
0.0101374
0.0149184
0.26506
0.123903
0.0165114
0.2563
0.0404125
0.0988601
0.00885229
0
0.0253332
0.0129733
0
0.00891479
0.0134586
0.0380518
0.0190017
0.0206086
0.490952
0.0166341
0.0263847
0.00690432
0.0197652
0.0149184
0.0329506
0.0444364
0.0294784
0.0161416
0.68868
0.0913114
0.00631587
0.125754
0.0121186
0
0.0346977
0.0129733
0
0.0134586
0.0196527
0.00902113
0.038768
0.280363
0.0246267
0.0263847
0.0212004
0.0101374
0.00733577
0.0326706
0.0587864
0.0305699
0.0498974
0.656278
0.0660651
0.0292129
0.0130548
0.0213718
0.0192602
0.00942165
0.0167022
0
0.0279088
0.0171389
0.01822
0.0206086
0.128385
0.0277905
0.0246073
0.0144008
0.0101374
0.0237495
0.044809
0.0104198
0.188757
0.0336081
0.00680628
0.0130548
0.00862223
0.0290506
0.0171389
0.00919885
0.0111275
0.00749652
0
0.0398477
0.00869391
0.0171389
0.0112726
0.0398477
0.0206986
0.0210235
0.00775893
0.00901974
0.00964633
0.0161038
0.0123654
0.00901974
0.0161038
0.0247028
0.00901974
0.0161038
0.0247028
0.00901974
0.0161038
0.0247028
0.00901974
0.0161038
0.0247028
0.00901974
0.0161038
0.00901974
0.0161038
0.00901974
0.0161038
0.00901974
0.0161038
0.00901974
0.0161038
0.0124441
0.0113267
0
0.0162586
0.0161038
0.00727779
0.0151579
0.0253523
0
0.0330126
0.0161038
0.142746
0.00679829
0.0101279
0.0165621
0.17778
0.016077
0.0181604
0.0291563
0
0.0163725
0.00766873
0
0.0212055
0.525535
0.0161038
0.0130113
0.509965
0.00802469
0.0144162
0.0140314
0.0113284
0.00999801
0.616622
0.156933
0.0399498
0
0.0318254
0.00685749
0.00966897
0.0223342
0.259226
0.010091
0.0260549
0.981197
0.0292563
0.00820285
0.00679829
0.0113284
0.0313328
0.399196
0.172775
0.0699852
0.00723162
0.00873035
0.0624933
0.0096019
0.0106371
0.00701485
0.0114093
0.368912
0.0146768
0.0295452
0.0193332
0.993548
0.00802997
0.011765
0.00820285
0.00679829
0.0113284
0.0329663
0.240664
0.0174034
0.0327513
0.0700749
0
0.00730669
0.0457977
0.0096019
0.0201821
0.00701485
0
0.350315
0.00827901
0.00953278
0.0193332
0.529897
0.0100242
0.00802997
0.0127196
0.0100664
0.252166
0.00791449
0.0662652
0.0593068
0.00730669
0.0197134
0.0449202
0.382311
0.00944407
0.0200733
0.236743
0.0100664
0.370419
0.00791449
0.0648496
0.0588328
0.00730669
0.00929142
0.0317261
0.0107456
0.321103
0.00944407
0.0253467
0.171473
0.00986861
0.0112115
0.751043
0.0172827
0.0388774
0.0234004
0
0.383178
0.00944407
0.0441551
0.118693
0.620382
0.034516
0.0295254
0.0234004
0.528853
0.00944407
0.0438656
0.0919907
0.535689
0.0823601
0.00949962
0.0234004
0.0101995
0.00637532
0.545873
0.00944407
0.0693682
0.0520775
0
0
0.631549
0.206071
0.0351287
0.00853677
0.00748355
0.0101995
0.575969
0.00944407
0.192978
0.0268074
0
0
0.0509167
0.86823
0.345802
0.104131
0.0357038
0.0085159
0.0300435
0.0103994
0.398483
0.39919
0
0.0509167
0.966755
0.632579
0.104131
0.0714521
0.0161228
0.544823
0.348853
0
0.0509167
0.651878
0.633729
0.104131
0.0714521
0.0085159
0.723677
0.200953
0.0509167
0.520294
0.617213
0.104131
0.0269263
0.0159797
0.0097798
0.71737
0.317683
0.0509167
0.304738
0.314326
0.104131
0.0183895
0.0085159
0.0097798
0.885302
0.615128
0.0120773
0.0509167
0.266504
0.314326
0.104131
0.0183895
0.0085159
0.0097798
0.567506
0.6539
0.0120773
0.130499
0.0365559
0.0085159
0.498407
0.557729
0.0120773
0.0932203
0.0186403
0.0085159
0.0106033
0.17902
0.482779
0.0386422
0.0186403
0.114392
0.241281
0.0137796
0.0386422
0.0829763
0.240864
0.0252956
0.0657428
0.241529
0.0252956
0.0657428
0.241529
0.0322735
0.0657428
0.241529
0.0217863
0.0657428
0.111249
0
0.0426411
0.0336436
0.0142898
0.0283116
0.0288262
0.0123852
0.00818228
0.00855067
0.0180216
0.295338
0.0077509
0
0.313516
0.10201
0.00956318
0.129532
0.027416
0.0462832
0.0378928
0.00818228
0.0326389
0.0183341
0.0180216
0.657449
0.0191694
0.0077509
0
0.00679215
0.0100694
0.0419848
0.0168145
0.00818561
0.018736
0.3909
0.0816581
0.0557902
0.00906656
0.00818228
0.0219912
0.0326389
0.0183341
0.0534808
0
0.281379
0.0372753
0.0077509
0.0104391
0.00679215
0.0103627
0.0545945
0.0340417
0.0164731
0.018736
0.367164
0.065965
0.00924632
0.0142146
0.0326389
0.00850883
0.0163002
0
0.166674
0
0.0457594
0
0.0102786
0
0.116327
0.0398955
0.0142146
0.0485926
0.018607
0.00984584
0.0133442
0.0142146
0.0133442
0.113719
0.0157951
0
0.00607868
0.00607868
0.00607868
0.00607868
0.00652574
0.0145645
0.063649
0.0179952
0.0145645
0.0766656
0
0.0206272
0.0763318
0.00977972
0.0374504
0
0.28955
0.0145645
0.0283804
0.348788
0.01449
0.0205789
0
0.737691
0.0239473
0.0137202
0.0374504
0.00768252
0.0131393
0
0.0177616
0.125424
0.0286492
0.0134479
0.00991131
0.586571
0.0281803
0
0
0
0.527779
0.00840468
0.0487348
0.0620468
0.0179117
0.0200426
0.0119806
0
0.00865164
0.164645
0.0493523
0.0134479
0.00991131
0.637453
0.0136902
0.010819
0
0.309224
0.0169538
0.0205007
0.0165007
0.0500531
0
0
0
0.0268172
0.014444
0.00865164
0.139676
0.0280201
0.0146366
0.0181901
0.371433
0.0136902
0
0
0.360765
0.00977972
0.0174218
0.0363329
0.0150768
0
0.00764685
0.020945
0.00865164
0.146781
0.00693633
0.0297736
0.00991131
0.17184
0.0136902
0
0.410767
0.0186743
0.00854218
0.0363329
0
0.00714236
0.0144223
0.0127537
0.13187
0.00693633
0.0441767
0.0181523
0.137481
0.0173532
0.0136902
0.702414
0.00756242
0.0363329
0.00714236
0.00690329
0.0127537
0.00830348
0.188663
0.00693633
0.0297736
0.0181523
0.109141
0.0136902
0.674176
0
0.0157144
0.0363329
0.0144616
0.0201834
0.0127537
0.205755
0.0132739
0.0297736
0.0447461
0.0733022
0.0136902
0.00975792
0.450261
0.0480338
0.011725
0.0215975
0.0489227
0.00864835
0.217473
0.0297736
0.118225
0.0591511
0.0136902
0.0192397
0.609116
0.0479169
0.0530531
0.0105178
0.0215975
0.0220126
0.0116948
0.0173749
0.241396
0.0146366
0.233502
0.0661324
0.0136902
0.0192397
0.102567
0.679635
0.120256
0
0.0719572
0.0105178
0.0215975
0.0876992
0.0116948
0.0132604
0.0259666
0.168425
0.544285
0.0592287
0.0136902
0.0192397
0.102567
0.841644
0.241047
0
0.0719572
0.0294769
0.0731754
0.0112905
0.0116948
0.027101
0.197292
0.0133707
0.508676
0.014481
0.0136902
0.0192397
0.0682499
0.0357522
0.589709
0.241047
0
0.0719572
0.0294769
0.059477
0.0112905
0.0116948
0.0411551
0.214323
0.00679955
0.308676
0.00718139
0.00999187
0.0682499
0.457176
0
0.26452
0.0124157
0.0896292
0.0125457
0
0.0447188
0.0112905
0.0116948
0.0544258
0.0074133
0.206463
0.410443
0.00718139
0.00888982
0.0235328
0.187886
0
0.153014
0.0124157
0.142959
0.0125457
0.0447188
0.0112905
0.0116948
0.065042
0.0074133
0.207915
0.0422211
0.836618
0.013778
0.0095994
0.173657
0
0.160786
0.0237785
0.142959
0.0125457
0.0517303
0.0112905
0.0523993
0.0074133
0.11562
0.00636953
0.836104
0.00659663
0.0135468
0.0793602
0
0.0124157
0.013729
0.0125457
0.00768093
0.0140541
0.0542588
0.00614472
0.736232
0.0529413
0.0135468
0
0.0259614
0.00884988
0.013729
0.0125457
0.0140541
0.014648
0.00614472
0.605909
0.00713878
0.0129476
0.00863992
0.00742349
0.263664
0.0129476
0.237727
0.0129476
0.237727
0.0129476
0.237727
0.00778233
0.247621
0.0181668
0.00859657
0.0167172
0.0818531
0.0181668
0.00747671
0.0114332
0.0255502
0.0579402
0.0374339
0.0235564
0.0151515
0.0120688
0
0.0106557
0.28929
0.0380672
0.0145445
0.0352138
0.0424704
0.248121
0.0818249
0.0154351
0.176013
0.0235564
0.0321171
0.0119036
0
0.14752
0.00796219
0.0134205
0.625142
0.0146161
0.0160829
0.0213827
0.0237331
0.0423139
0.0419503
0.0904088
0.517427
0.0235564
0.0321171
0.0206862
0.0119036
0.024365
0.0182716
0.138201
0.0161536
0
0.0154787
0.388198
0.0146161
0.0160829
0.0206244
0.0114332
0.0219796
0.033771
0.083041
0
0.42826
0.0378856
0.0068904
0
0.0123302
0.0101303
0.0201925
0.108593
0.0162639
0.0157154
0.137874
0.011971
0.00820444
0.00683824
0.0114332
0.0143598
0.0253686
0.00846079
0.00698897
0.1284
0.015711
0.00895807
0.00943157
0.0197695
0.0265662
0.0143598
0.0191246
0.00943157
0.00752429
0.00749116
0.00652846
0.00694236
0.0191246
0.0556061
0.0199417
0
0.0166747
0.0166747
0.0166747
0.0166747
0.00619683
0.0165459
0.0165459
0.0396717
0.00725093
0
0.0107169
0.0358182
0.013048
0.011676
0.0396717
0.0618852
0
0
0.00966794
0.0461162
0.00764351
0.0143481
0.0136032
0.548819
0.0396717
0.0140536
0.286456
0.0485036
0.00729546
0.0124592
0.00966794
0.530715
0.037397
0.00764351
0.0191283
0
0.0152025
0
0.0143481
0.320287
0.0396717
0.0309778
0.53368
0.00784935
0.0630493
0.024904
0.287708
0.109107
0.0248119
0.0191283
0
0
0.0297442
0.0149766
0.0300821
0.0143481
0.0136032
0.394914
0.0753035
0.0241682
0.0285027
0.565441
0.00784935
0.0318684
0.00701198
0.0124592
0.199043
0
0.106927
0.00821071
0.00966631
0.0106577
0.00822848
0.044312
0.0149766
0.0142431
0.0397979
0.408782
0.0375953
0.0241682
0.0449706
0.234029
0.0148971
0.00701198
0.0250904
0.204918
0.0738948
0.0162014
0.00966631
0
0.0582188
0.0149766
0.357245
0.0114035
0.0453081
0.144739
0.00701198
0.0112073
0.285354
0.0547676
0.00966631
0.044312
0.0149766
0.42344
0.0114035
0.0285027
0.0966452
0.00701198
0
0.546992
0.0727942
0.00966631
0.0435099
0.0149766
0.458846
0.0732617
0.0685958
0.00701198
0.407159
0.0906224
0.0417295
0.502039
0.0877441
0.055449
0.00701198
0.432411
0.0904396
0
0.0285693
0.00729237
0.364307
0.266797
0.0261995
0.00743299
0
0.0115111
0.759101
0.231239
0.00827355
0.0138336
0.0147523
0.00729237
0.234171
0.402987
0.0130184
0.00743299
0.0136915
0.0115111
0.962431
0.500726
0.0211074
0
0.016262
0.0132903
0.0147523
0.00729237
0.00668696
0
0.316592
0
0.733683
0.00631367
0.0105139
0.0133232
0.0136915
0.0115111
0.999816
0.78961
0
0.0650709
0.0154164
0.0147523
0
0
0
0.377499
0.0114443
0.604774
0.0128592
0.00754929
0.0105139
0.0133232
0.00624625
0.00711335
0.0242113
0.542741
0.736018
0.0735572
0.0288899
0
0
0.660867
0
0.276313
0.0105139
0.00665411
0
0.00624625
0.00711335
0.0127002
0.417674
0.00870097
0.703515
0.00787564
0.00760541
0.00994749
0
0.00880384
0.0449111
0
0.02912
0
0
0.711264
0.0116306
0.486374
0.00624042
0.00723744
0.0110525
0.0105139
0.00703682
0.0161211
0.00624625
0.0217095
0.0127002
0.179462
0.0185246
0.432268
0.0805818
0.0176378
0.0154164
0.0678986
0
0.824041
0.0193503
0.0116306
0.883618
0.0128681
0.00754347
0
0
0
0.014163
0.0217095
0.0242107
0.134036
0.0185246
0.399269
0.0712537
0.00923654
0.0339978
0.0154164
0.0153042
0.0678986
0
0.441309
0.0167835
0.0356727
0.999542
0.0882555
0
0
0
0.014163
0.00674771
0.00806271
0.0459925
0.107755
0.0101168
0.00923654
0.0163599
0.0294934
0.0153042
0.0231406
0.00749094
0.344679
0.0362003
0.0243727
0.991551
0.0477463
0
0
0
0.00674771
0.00806271
0.0341658
0.0368129
0.0101168
0.014077
0.0153042
0.0231406
0.00749094
0.116103
0.0535239
0.0126052
0.907073
0.0204639
0.0112677
0.00770965
0.0381185
0.0173236
0.466965
0.0381185
0.466965
0.466965
0.466965
0
0
0.0123335
0.466965
0.00853944
0
0.00815234
0.00724885
0.0123335
0.136345
0
0.0361569
0.0105648
0.01651
0
0.015216
0.00815234
0.0144554
0.0360159
0.0269856
0.0485109
0.0142975
0.0119724
0.0108991
0.00764169
0
0.0351896
0.0369596
0.206006
0
0.0300069
0.0371688
0.0208376
0.373465
0.0385182
0.297823
0.00742421
0.0142975
0.0105575
0.0108991
0.0153276
0.00714333
0.0351896
0.0163465
0.0108081
0.120545
0.0181935
0.00810434
0.310309
0.0079381
0.0139239
0.0303194
0.0371688
0.0208376
0.0627544
0.0496384
0.0201654
0
0.901293
0.00655457
0.020799
0.0105575
0.00714333
0.0351896
0.00954693
0.0115949
0.129283
0.0236872
0.202794
0.0110518
0.0202216
0.0079381
0.0139239
0.0151784
0.0229272
0.0135887
0.0985494
0.0351404
0.0201654
0
0.711553
0.0272885
0
0.00779452
0.00714333
0.0351896
0.011395
0.111821
0.00735371
0.00747007
0.0685716
0.0104764
0.00991493
0.00768589
0.0139239
0.0140455
0
0.0652205
0.011796
0.0201654
0.137429
0.0136011
0.0116356
0.0224511
0.00922445
0.00917035
0.0196252
0.0139239
0.00350757
0.0121233
0.0483711
0.0107585
0.00922445
0.0097103
0.0139239
0.015141
0.0326439
0.0411586
0.0105363
0.00781372
