0.049957
0.123177
0.00962191
0.106245
0.139246
0.0194308
0.360286
0.010991
0.007357
0.00912216
0
0.015225
0.0083309
0.0140376
0
0
0.0163807
0.00714429
0.0186847
0.0116876
0.0314526
0
0.0463506
0
0
0.0075067
0.0163455
0.00810686
0.0093419
0.0140376
0.0401552
0.0547315
0
0.0219597
0.0801141
0.0101238
0
0.0167323
0.0124605
0.0141219
0
0.00852722
0.0640434
0.0188326
0.0190073
0.066503
0.0370216
0.0299258
0.00926916
0.142811
0
0.01508
0.0815924
0
0.0333475
0.00810686
0.0093419
0
0
0
0
0.10951
0.00610431
0.0403288
0.0330508
0.180738
0
0.0176944
0.0424184
0.0239662
0.01131
0.041033
0.0685493
0.0248413
0.0641771
0.0201393
0.038197
0.20422
0.0223448
0.0259605
0.0487986
0.395946
0
0.0303781
0.080256
0.02311
0.0285879
0.0575661
0.00810686
0.0127039
0.0354646
0.0331762
0.0161206
0
0.331269
0.0127781
0.0263965
0.0540138
0.16
0.0299894
0.0546852
0.0261683
0.0123759
0.01131
0.0865073
0.034598
0.0248413
0.0778984
0.0465839
0.0197862
0.224464
0.0214179
0.0270408
0.0377819
0.682253
0.00972843
0.0224414
0.0785037
0.00741262
0.0423686
0.0332407
0.00810686
0.0403484
0.0180597
0.0480822
0.0439647
0.0562895
0.0149622
0.0181346
0.969997
0.0191512
0.0260396
0.0650197
0.263801
0.0198451
0.0456868
0.0174369
0.0120375
0.0354597
0.0946301
0.0351107
0.0159333
0.0839188
0.0382041
0.0371075
0.214906
0.0214179
0.0402449
0.0601945
0.776875
0.0201854
0.0151524
0.0961766
0.0161468
0.0534073
0.041389
0.0665327
0.034169
0.0490876
0.0457854
0.0571574
0
0.0529862
1.00056
0.0138057
0.0535865
0.0754364
0.280086
0.0289344
0.0724959
0.0328106
0.0123989
0.0229678
0.114803
0.033561
0.00756842
0.10712
0.00869489
0.0387782
0.257925
0.0291013
0.0553164
0.0496083
0.391029
0.010457
0.0315367
0.0629148
0.0152276
0.0396438
0.0317357
0.0922899
0.00871776
0.0319948
0.0747964
0.0913172
0.00743719
0.0343506
0.920847
0.0276577
0.0396962
0.0537733
0.261393
0.00977998
0.0639127
0.0413417
0.0128822
0.0223298
0.114694
0.0330778
0.015537
0.0654277
0
0
0.221871
0.0289869
0.0447207
0.0579089
0.0210145
0.0196022
0.0316221
0.031037
0.00739155
0.0137808
0.0317357
0.00841427
0.0652767
0.0180521
0.0794064
0.0303633
0.0726535
0.00783058
0.324334
0.035299
0.0402987
0.0312804
0.258761
0.0203926
0.0716498
0.0329692
0.0128822
0.047041
0.127868
0.0330778
0.0157971
0.0365091
0.0189669
0.0549623
0.211077
0.0216556
0.01493
0.0387251
0.00959959
0.0193261
0.0308395
0.031037
0
0
0.0407348
0.0084258
0.0785645
0.0277024
0.0487339
0.0576811
0.0197814
0.0071978
0.0169182
0.77353
0.0211084
0.0264904
0.0640904
0.319583
0.0188943
0.0626219
0.0411171
0.0137589
0.0234706
0.121503
0.0330778
0.00820897
0.0214473
0.00894051
0.0351372
0.246779
0.0222732
0.0128617
0.0469199
0.0101314
0.0101809
0
0.063888
0.00736627
0
0.0485667
0.00906144
0.0628207
0.018049
0.0480412
0.0441634
0.0189952
0.0071978
0.0160663
1.00878
0.0749709
0.0251069
0.0847675
0.198124
0.00977998
0.0800978
0.042694
0.0137589
0.0243311
0.123892
0.0162266
0.0143893
0.00894051
0.0562594
0.170412
0
0.0131699
0.0968156
0.0205546
0.030172
0.046861
0.013756
0.0339527
0.0515313
0.0259551
0.031862
0.0445601
0.0538792
0.0148134
0
1.00047
0.00731361
0.0124586
0.114484
0.11667
0.0403794
0.0452408
0.0322512
0
0.0363026
0.111019
0.0345636
0.0235149
0.0148231
0.0558774
0.0393291
0.1384
0.0259449
0.246303
0.0301753
0.00990532
0.0155691
0.0158788
0
0.013756
0.00896578
0
0.0634532
0.051176
0.031862
0.0150173
0.0359195
0.00835553
0.796309
0.00618667
0
0.0422534
0.061005
0.0496562
0.00908981
0.0159231
0.0135689
0.0467366
0.0983515
0.0360424
0.0238527
0.0138575
0.0461433
0.092269
0.136365
0
0.0131699
0.25782
0.0291122
0.00939644
0.00827677
0.0149107
0.0395272
0.0171587
0.0128931
0.0175666
0.0170129
0.0360716
0.00810502
0.531041
0.00650837
0.09258
0.0197075
0.0388864
0.0183858
0.00888485
0.0251506
0.125032
0.0855056
0.0179566
0
0.0139756
0.0266905
0.056533
0.0850737
0
0.0289095
0.420741
0.0202916
0.0165484
0.0149107
0.0388383
0.026524
0.0263651
0.0154286
0
0.713997
0.0063157
0
0.105326
0.057618
0.0353083
0.00888485
0.0115817
0.167577
0.0525198
0.00872048
0.0147694
0.0186193
0.0727549
0.0437908
0
0.0266408
0.366245
0.0299879
0.0103867
0.0306155
0.0315699
0.00773987
0
0.0159418
0.0259929
0.00804052
0.0177593
0
0
0.815301
0.00614684
0
0.0831342
0.0192621
0.0276488
0
0.023715
0.153263
0.0340849
0.0354749
0.0155367
0.0225257
0.0743978
0.0326691
0
0.303388
0.0107558
0.00687328
0.0472733
0.0148286
0.0268081
0.00825977
0.0525532
0.00928753
0.0154286
0
0
0.0189741
0.645538
0
0.0522089
0.0611201
0.00990837
0.018473
0.01314
0.0124142
0.168088
0.0162772
0.0232525
0
0.019841
0.0868176
0.00818022
0
0.21162
0.0199416
0.0142974
0.047902
0.0148286
0.0394084
0.0510842
0.0519768
0.0154286
0.0385781
0
0.0189741
0.796447
0.00732419
0.0134621
0.050906
0.0404311
0.018473
0.00820032
0.01314
0
0.135235
0.0162772
0.0150646
0.00775457
0.00997581
0.130438
0.0146916
0.194567
0.0191531
0.0155049
0.0160903
0.0135871
0.0506228
0.00836158
0.0397687
0
0.0159923
0.489175
0.0136994
0.0134621
0.0217484
0.0402592
0
0.0277737
0.00820032
0
0.0211406
0.128736
0.0346818
0.00753716
0.0227324
0.0174433
0.0719218
0.0418206
0.359457
0.0103849
0
0
0.00808524
0.0164064
0.00905989
0
0.00909658
0.0319233
0.0203683
0.0688932
0.00732419
0.0327145
0.018696
0
0.01843
0.0239488
0.0202816
0.00818788
0.0224924
0.0267165
0.0389862
0.0811388
0
0.0270641
0.318725
0.0400536
0
0.0135871
0.00805589
0.0396622
0
0.0104906
0.0118654
0.0192794
0.00713195
0.0367447
0.0212065
0.0221711
0.0419369
0.0883729
0.0301761
0
0.00800923
0.00897559
0.0268941
0.0104906
0
0
0
0.00640401
0.0123725
0.00975514
0.0196618
0.0130956
0.00640401
0.0535808
0
0.00975514
0
0
0.0266179
0.019121
0.147095
0
0.136506
0.126389
0
0
0.0138328
0
0
0.0284045
0.0288953
0.339951
0.0120421
0.0212222
0.00604497
0.00745294
0.0141202
0.00851628
0.170043
0.0130311
0.670962
0.0103852
0
0.0125515
0.00884263
0
0.0742253
0
0.0152299
0.0405885
0.0291883
0.829822
0.00804293
0.0531761
0.0128602
0
0.105738
0.0069834
0.0130311
1.01776
0
0
0.0140574
0.00884263
0
0.0603637
0.018506
0.0152299
0.0247112
0.0398778
0.0188813
0.0091243
0.905021
0
0.0777806
0.00640161
0.0172761
0.00640623
0
0.108041
0
0.0069834
0.0422852
0.968313
0.00908787
0
0
0.00750185
0.026748
0
0.0313582
0
0.018506
0
0.0247112
0.0603257
0.0188813
0.0108327
1.00102
0.00765771
0.112692
0.0172761
0.0131904
0
0.12831
0
0.00696087
0.0422852
0.844966
0.00918241
0
0
0.00750185
0
0.015531
0.0313582
0.0199019
0.018506
0
0.0125437
0.0388853
0.0491965
0.0108327
0.598135
0.00765771
0
0.0666213
0.00617159
0.00845025
0.00671499
0
0.189666
0
0.029254
0.307182
0
0.0102871
0.00699831
0.00750185
0
0.00743204
0
0.0125273
0.0190257
0
0.0988325
0.00765771
0.0210031
0
0.00754037
0.00671499
0.121829
0.0143822
0
0.0176644
0
0.0102871
0.00750185
0.009707
0
0.139356
0.0157092
0.0105664
0
0.0337554
0.0100827
0.0072045
0.00892738
0.0108125
0.0326941
0.0105664
0.0186069
0.00769739
0
0.0100827
0.00892738
0
0.00769739
0.0171407
0.00892738
0.00892738
