0.0399971
0.04514
0.267653
0.0303357
0.0826516
0.448206
1.0062
0.0247967
0.242525
0.0872585
0.755701
0.0506581
0.660821
0.977058
0.108527
0.00268575
0.029479
0.098045
0.00266496
0.0669505
0.778239
0.0938149
0.986097
1.03004
0.00279946
0.00282168
0.00554657
0
0.00263274
0.038602
0
0.00557924
0.00273045
0.115957
0.00262214
0.00595114
0.00549976
0
0.0942519
0.00747831
0.00575496
0.0201084
0.0280484
0.0633821
0.999087
0.643361
0.675701
0.261897
1
0.00275183
0.00270288
0.00263004
0.00258475
0.00274711
0.00263004
0
0.00274711
0
0
0.00274779
0
0.00273045
0
0.00377633
0
0.00273045
0.00271357
0.00808739
0.0137041
0.009981
0.00281517
0.00271969
0.0194097
0.0151883
0
0.00324827
0.0056559
0
0.00691884
0.00278873
0.00811412
0.395884
0.0211138
0.986365
1
1
0
0.989555
0.00299637
0.00264543
0.00287189
0.00256966
0.00274711
0.00270288
0.0127433
0.0028158
0
0
0.00275004
0
0
0.00725645
0.0049779
0.0276816
0.0136523
0.00236406
0.0049779
0.0279504
0.00277906
0.00259534
0
0.00526666
0
0.00811913
0.0083263
0.00599506
0.0194968
0
0.00259534
0
0.00305037
0.00259534
0.00852455
0.0225821
0.0440459
0.465452
1
0.987717
0.997843
0.475472
0.94314
0.00460844
0
0.0321727
0.00268114
0.00276507
0.0360265
0.00309754
0
0.00279946
0
0.0024871
0.00252162
0.0026064
0.00292631
0.0052023
0.00379179
0.00857907
0.00283545
0.00991146
0.00794218
0.020203
0
0.00565563
0.00279205
0.00284073
0.0161987
0.0053545
0.00420125
0.00283394
0.0175356
0.0113751
0
0.00257956
0.00799623
0.0301597
0.0279973
0.314542
0.247899
1
1
1.0019
1.01726
0
0.00266472
0.00289592
0
0.00612583
0.0217601
1.12327
0.0126097
0.00256696
0.00274935
0.0029668
0.00945606
0
0.017969
0.0123192
0
0.00257372
0.00804204
0
0.0190272
0.00311844
0.0054482
0.0078816
0.0026788
0
0.0187236
0.00256835
0.0027551
0
0
0
0.0877469
0.00252737
0.0203673
0.026697
0.00276614
0.0083172
0.00539026
0.00250326
0.00550651
0.00863102
0.138312
0.00992319
1
1
1.06251
1.01227
0.00259251
0.00337109
0.00536222
0.0127071
0.0108727
0.966466
0.00746424
0.00952666
0.0113754
0.002582
0.0276427
0.00300014
0.0160366
0.00255356
0.00267131
0.00268577
0
0.0110302
0.0306084
0.0300208
0.00792442
0
0.00673364
0.00957691
0.00541116
0.00300041
0.00273045
0.00257956
0.0402707
0.00259572
0.00332967
0.00569698
0.00511831
0
0
0.00264971
0.00574509
0.0034706
0.00307378
0.0552337
0.0433277
0.978712
0.00467725
0.00905855
0
0
0.00310645
0.00617355
0.00288086
0.0029668
0.0164986
0.0029115
0.00275485
0.846099
0.00796797
0.0054627
0.00248895
0.00797619
0.00289521
0.0465768
0.00248895
0.00265426
0
0.0123993
0.0488704
0.0156006
0
0.00265339
0
0.00265279
0
0.0191161
0
0.00274202
0.130508
0.00258143
0.00357528
0
0.00852726
0.0113338
0
0.00273045
0.00576052
0.00529379
0.0072826
0.00263558
0.154435
0.00943585
0.0109392
0
0.00263004
0.00259004
0
0.00332903
0.00793991
0.0324427
1.00234
0.00265426
0.00495829
0.0109631
0.0105832
0.00250279
0.00265426
0.00255806
0.0112316
0.017975
0.00255806
0
0.00457004
0.0170468
0.00949964
0
0.00255806
0.00934428
0.00824071
0.00247213
0.00889235
0.00273045
0.0112687
0.00423265
0.00307949
0.00286799
0.0114517
0.00276748
0.00247213
0.00268068
0
0.00590256
0.0208594
0.0195886
1
0.00300392
0
0.0024651
0.00318373
0.0180133
0.00556454
0.00300307
0.00258493
0.118405
0.00263865
0.00289919
0.0128672
0.00264575
0.00270756
0.00257956
0.0028916
0.00407298
0
0.0029668
0.00257956
0.0027771
0.00812269
0.00262007
1.00191
1
0.015921
0.00255274
0.00571064
0.00270288
0.00386058
0.0396589
0.00270756
0.00263893
0
0.0115838
0
0.0405152
0.00590897
0.0479728
0.00768416
0.0666573
0.00269967
0.00548869
0.00827256
0.00280826
0.0068082
0.00300054
0.00848705
0.0114857
0.00252798
0.00785936
0.0582799
0.00611532
0.0107815
0
0.00561906
0
0.00252798
0.0152206
0.0409469
0.0218543
0.996895
0.00297862
0.0418308
0.0417324
0.00297778
0.0144715
0.00530848
0.0027785
0.00397258
0.00520866
0.00271061
0.0479021
0.00525617
0.00283545
0
0.0214211
0.00271061
0.00261953
0.00289592
0
0.0205504
0.0225264
0.0183707
0.0194917
0.989662
0.883832
1
0.0140283
0.00525617
0.00809948
0.0170137
0.0148831
0.0028046
0.11755
0.00525617
0.0051464
0.00289592
0.00556728
0.00260099
0.0731378
0
0.00262887
0.00596987
0
0.0117515
0.0507081
0.00429906
0.0352641
0.00537415
0.049662
0
0.00357655
0.00272139
0.0155876
0.00260894
0
0
0.0108073
0.0144263
0.0531556
0.00275125
0.0199865
0.00540013
0.00777679
0.00539597
0
0.0316846
0.00274379
0.0395622
0.0123401
0.77457
0.999915
0.00378239
0.0158133
0
0
0.00271061
0.0026828
0.00271061
0.00280224
0.0197119
0.0133129
0.00275252
0.0296246
1
0.151375
0.0198522
0.00568201
0.00535147
0.00958822
0.00395354
0.0521059
0.00266258
0
0
0.00407231
0
0
0.00793724
0.024833
0
0.00256574
0.0314353
0.0793724
0.00765224
0.00267131
0.0498802
0
0.00883649
0.0189546
0.00498093
0.00513119
0.00339808
0.0140019
0.0503171
0.0149428
1
0.313597
0.0353785
0.0383925
0.0113184
0.00511201
0.00719386
0.00793896
0.00537015
0.0388211
0
0
0.00259679
0.0225351
0.0025883
0.00555279
0.00270756
0
0.0359962
0.0337926
0.00802026
0.168025
0.685792
1
0.0311689
0
0.00271061
0.00515767
0.00336464
0.0631205
0.0103784
0.0123282
0
0.0148831
0.0109466
0.00356702
0.00478343
0.0051115
0.0156054
0.00278457
0.00832305
0.0027943
0.0227225
0.00280986
0.0066462
0.0025444
0.00271971
0.0215104
0.146002
0.00959329
0.00255821
0.0154766
0.00272282
0.0388077
0.0153493
0.110129
0.938481
0.0028419
0.00263783
0.00270002
0.00579765
0.00255176
0.00263663
0.0236284
0.00811359
0.0133779
1
0.988854
0.0221127
0.0106237
0.00813706
0
0.0108391
0
0
0.00271939
0.0337479
0
0.00606164
0.00250545
0.0294972
1
0.0108682
0.0496865
1
0.00263079
0.0026437
0.00797087
0.00263663
0.00259976
0.00269258
0.00558567
0.00577818
0.022141
0.0574861
0.760682
0.00267128
0
0.00384741
0.11742
0.0139299
0.0136195
0.00255821
0.00792387
0.11207
0.0224597
0.00778233
0.988387
0
0
0.586334
1
0
0.0025866
0.00297725
0.0299183
0.0106327
0.823386
0.0357069
0.473815
0.00289246
0.112723
0.0134339
0.00316037
0.112949
0.0717232
0.0116811
0.0102597
0.00285087
0.0372706
0.00262952
0.00515057
0.00259266
1.02187
0.0403134
0.00787012
0.00262952
0.995571
0.00286095
0.00843227
1
0.00291635
0.00426425
0.0030303
0.00252556
0.0025883
0.00259482
0
0.053336
0.0190355
0.117335
0.0027001
0.0115773
0.0494281
0.0057634
0
0.00800421
0.00260902
0.00534738
0.0212274
0.00263882
0.0133951
0
0.0116367
0.0026828
0.00528369
1.01751
0
1
0
0.00389172
0.079274
0.00600789
0.00278606
0.0829103
0.0214953
0.00257762
0.0027437
0.00555496
0.40756
0.00961245
0.00549965
0.997632
0
0.002699
0.002928
0
0.002928
0.00306609
0
0
0.00249951
0.00915086
0.00379234
0.00869924
0.0482997
0.00577818
0.00576935
0.00285018
0.0109088
0.00582046
0.00555028
0.0585827
0.223775
0.00906856
0.00820755
0.0333017
0.00549146
0.0580158
0.00854066
0.0111881
0.980538
0.00264567
0
0
0.00849104
0.0174444
0.00819027
1
0
0
0.00271636
0.00254482
0.00369249
0.00271636
0.00284123
0.00283539
0.00271636
0.00942284
0.00283539
0.0317512
0.00431714
0.00282591
0.0357881
0.00272286
0.00282706
0.0050778
0.00282591
0.0278541
0.00809699
0.00291637
0.00473873
0.00423886
0.00809699
0.0109299
0.0222654
0.122804
0.00295967
0.0137653
0.981587
0.0026813
0.00278426
0.0547635
0.00295967
0.00311633
0.00566754
0.0478663
0.0253779
0.0312664
0.00314455
0.019222
0.062398
0.232514
0.338859
0.165013
1
1
0.00709972
0.00284192
0.0056167
0.0223669
0.00297634
0.0784453
0.00711137
0.00284192
0.0120669
0.00297634
0.0078464
0.195322
0.00367253
0.0340131
0.00271494
0.0347531
0.00664152
1.03719
0.604732
0.0120669
0.572606
1
1
0.00297443
0
0
0.00303188
0.0182994
0
0.00272165
0
0.00573487
0.000714947
0.179073
0.0187864
0.534682
0.992827
0.00251991
0.644502
0.0285693
0.988123
1.00085
0
0.00296023
0
0.00426324
0.0030028
0.00450938
0.0121622
0.345065
0.00880582
0.0354928
0.00399804
0.00788494
0
0.00263936
0
0.0352902
0.00906215
0.0179056
0.00952611
0.00251991
0
0.00831397
0.0216169
0.210188
0.0583524
1.01836
0.286223
1.05227
0.0106671
1.05604
0.452035
0.454647
1.00063
0
0
0
0
0
0
0.00251345
0
0
0
0
0
0
0
0.00775673
0
0
0
0
0.014509
1.02394
0.0051739
0.00994958
0
0.00285154
0.00265879
0
0
0
0
0.00511222
0.00259865
0.0025936
0.00292553
0.0427847
0.00302034
0.00570303
0
0.00511222
0
0.0027124
0.00582178
0.00280135
0.0303391
0.0269656
1
0.00511222
0.990347
1.00145
0.233218
0.00519069
0.0178466
0.0323111
0.00291791
0.00258676
0.00310022
0.0111731
0.0056759
0.0028605
0.00311336
0.0305187
0.0028605
0.00288256
0.0179833
0
0.0088931
0.0205555
0.703147
0.251579
0.00390068
0.00270827
0.00378893
0.0191712
0.0028605
0.00846494
0.00267271
0
0.00299089
0.00287874
0.00284141
0.0133483
0
0.00533822
0.0113425
0.0241875
0
0.00292622
0.00262359
0.0138597
0.00876364
0.00289657
0.0167372
0.122643
0.0360791
0.971331
0
0.00292622
1
0.875506
1.02127
0
0
0.00308928
0.00271753
0
0.0116466
0
0
0.00352887
0
0
0.00292578
0
0.00773693
0.00284491
0.0561559
0.00563023
1.01188
0.0203446
0.0440708
0
0
0.0285697
0.00251991
0.0959226
0.0172112
0.00536006
0.0251381
0.00955927
0
0.0160455
0
1.01477
0.00281577
0
0.98835
0
0.00311726
0
0.00602935
0
0.0291754
0.00863166
0.0028154
0
0.675585
0.990587
0.0202269
0.00302569
0
0.00572229
0.0535791
0.00298741
0.0055619
0.0626401
0
0.0289178
0.00555486
0.0227699
0
0
0.0612267
0.00290882
0.019119
0.00316611
0.891574
0
0.00285465
0.00308018
0.00258422
0.0028154
0.00294139
0.0274946
0.942098
0.0028605
0.061781
0.00546945
0.00296593
0.251094
0.00257095
0.00570518
0.0376612
0.00273589
0.0286138
0
0.009458
0.00570518
0.00950864
0.00286362
0.0221113
0
0.00570518
0.00283376
0.00257567
0.0028154
1
0.0486549
0.762462
0.00583635
0.0028924
0.0341017
0.00804305
0.00286622
0.403231
0.00270117
0.0069057
0.0956194
0.621718
0.00270819
0.00351228
0.694066
0.980794
0.514128
1
0.0560442
0.166976
0.0786561
1
0.0833149
0.413817
0.380102
0.15692
0.266156
0.0983294
1
