0.0189747
0.208764
0.208764
0.208764
0.208764
0.208764
0.208764
0.208764
0.0130053
0.249089
0.039276
0.0355803
0.0345084
0.0108452
0.00928842
0.278664
0.0269632
0.0141403
0.0781525
0.0532513
0.0118374
0.0886681
0.0111021
0.0412222
0.0285383
0.593739
0.035748
0.0236041
0.0691839
0.073665
0.327128
0.661499
0.00883813
0.101038
0.0216008
0.0322931
0.0100001
0.189106
0.0490041
0.12261
0.168984
0.0780247
1.0279
0.076983
0.0120486
0.0528188
0.0273837
0.0918146
0.234936
0.776418
0.073718
0.0141403
0.0471704
0.0856902
0.0136867
0.411525
0.0239844
0.108689
0.143234
0.126895
0.0927659
1.03322
0.027118
0.0623841
0.0366437
0.0193593
0.0199995
0.180678
0.0528244
0.473589
0.0586413
0.0312667
0.0753215
0.0140978
0.35191
0.0242932
0.105501
0.0837129
0.126984
0.0601183
1.00886
0.011442
0.0531839
0.0562611
0.0108912
0.0181343
0.0265438
0.231272
0
0.0398951
0.0312667
0.0208918
0.0217473
0.0807636
0.0122333
0.0472912
0.127806
0.708881
0.00864213
0.00921991
0.0782539
0
0.0131596
0.0148772
0.0407194
0.0122333
0.0225073
0.298335
