0.0211403
0.00857477
0.0430126
0.170803
0.0113973
0.00882217
0.292592
0.0130421
0.017076
0
0.0066312
0
0.0100929
0.00798928
0.0208272
0.0301715
0.00855939
0.0300508
0.00917994
0.00627206
0.0173948
0.0186718
0.00872069
0.0118722
0.113033
0.0347062
0.314209
0.017076
0
0.0114986
0.0066312
0
0.00798928
0
0.0208272
0.060965
0.017197
0.0447718
0.0104355
0.0095693
0.00627206
0.0424372
0.0347759
0.00872069
0.0473193
0.00783398
0.594352
0.00935303
0.0736515
0.58841
0.00687535
0.017076
0.0193548
0
0.0114986
0.0211898
0
0.0380068
0.425186
0.00770334
0.00863761
0.0442941
0.0963592
0.0095693
0.0209908
0.0244366
0.0142629
0.00897981
0.310394
0.0953941
0.0167069
0.608964
0.114682
0.0721623
0.994449
0.0330262
0.0299873
0.0114986
0.00892779
0.0280416
0.00949088
0.00912525
0
0.0208272
0.989329
0.0223839
0.00863761
0.112986
0.207562
0.0189579
0.0209908
0.0236192
0.0142629
0.00897981
0.446038
0.0160673
0.107575
0.0350986
0.00885745
0.947325
0.123322
0.0180295
0.108162
0.996229
0.0330262
0.00918194
0.0228523
0.00925029
0.0216295
0.0306925
0.00949088
0.0252575
0.0156974
0.0208272
1.00316
0.0297078
0.0173751
0.200341
0.207254
0.00967186
0.0209908
0.031823
0.0142629
0.00897981
0.445291
0.0336785
0.120304
0.0345977
0.00885745
1.00508
0.113943
0.0183247
0.154182
0.63027
0.033542
0.0193455
0.0339354
0.00925029
0.0288124
0.0203517
0.00889215
0.0178691
0.0208272
0.783646
0.0362371
0.155249
0.143103
0.0095693
0.0147187
0.039667
0.0305335
0
0.374559
0.144851
0.0171942
0.0247188
0.815002
0.0953532
0.0519094
0.141798
0.207047
0.017076
0.0193527
0.0228523
0.0066312
0.0203517
0
0
0.0173271
0.0208272
0.958842
0.0274901
0.0680195
0.095693
0.0299809
0.012528
0.031996
0.0149359
0
0.231799
0
0.0934114
0.0171942
0.0158022
0.474639
0.048443
0.0335847
0.0696279
0.0962913
0.017076
0.0193527
0.00992139
0.0114986
0.0066312
0.0100527
0
0.0122146
0
0.0173271
0.0380061
1.01348
0.00700045
0.00849553
0.0803903
0.0768603
0.0201193
0.00654854
0.00820385
0.0298577
0.231767
0.0174656
0.00971842
0.0357903
0.0348765
0.0231783
0.497964
0.0388244
0.0166723
0.0839214
0.0591081
0.017076
0
0.0100056
0.0100527
0.00863927
0.0122146
0.0348538
0.0208272
1.0052
0.0662699
0.0783455
0.013699
0.00815605
0.00874885
0.108087
0.0525682
0
0.032706
0.0185903
0.0158256
0.249033
0.019676
0.0166723
0.0937307
0.0459053
0.017076
0.0100056
0.0100527
0.00840766
0.889376
0.026688
0.0187303
0.00871065
0.00773261
0.0268048
0.0450758
0.0174656
0.0560088
0.0165351
0.00807713
0.0884532
0.0166723
0.142172
0.00655915
0.0481868
0.008864
0.0166043
0.998171
0.0269034
0.0092211
0.00663418
0.0802624
0.0351074
0.0112643
0.00775167
0.0949858
0.0169232
0.203054
0.0228711
0.0104111
0.0087423
0.0247803
0.708571
0.0676521
0.00722878
0.142407
0.034143
0.0158018
0.211954
0.00886154
0.0172003
0.691732
0.0111791
0.0104111
0.0087423
0.00840766
0.788211
0.120802
0.00884524
0.00720551
0.142703
0.0339107
0
0.0107913
0.0163432
0.0158018
0.103851
0.0172449
0.672274
0.0159886
0.021364
0.00867244
0.0195017
0.769248
0.0535469
0.0183295
0.0142635
0.179221
0.0355008
0
0.0177534
0.00796117
0.155598
0.0264153
0.0358184
0.558417
0.023594
0.0100512
0.00959247
0.0107082
0.00913446
0.0527784
0.00893682
0.661314
0.0553452
0.0186783
0.00822801
0.0446918
0.231657
0.0118521
0.0322174
0.00796117
0.145559
0.0367435
0.451324
0.0117151
0.0168333
0.0542535
0.00913446
0.0595177
0.709024
0.00731759
0.0286138
0.00822801
0.223583
0.0351624
0.0322174
0.00796117
0.268382
0.0203562
0.0367435
0.386712
0
0.049035
0.0179572
0.0336439
0
0.0458754
0.441748
0.00731759
0.026465
0.00973662
0.00648889
0
0.00951331
0.241173
0.0244628
0.0698243
0.0162858
0.161851
0.0287379
0.0185735
0.522749
0.02285
0.0329498
0.00932269
0.0889509
0.00731759
0.00898406
0.0403166
0.00973662
0.0196651
0.0692733
0.0127582
0.0190045
0.0604752
0.363
0.00880479
0.347405
0.0727735
0.0168333
0.0117132
0.055835
0.0265571
0.00914001
0.052514
0.0254326
0.0869003
0.0121038
0.0168333
0.0117132
0.055835
0.0133089
0.052514
0.0129076
0.0344875
0.0121038
0.0168333
0.0117132
0.055835
0.0133089
0.0344875
0.0168333
0.0117132
0.0218248
0.0297776
0.0464666
0.0168333
0.0117132
0.0118172
0.0130283
0.0126161
0.0585757
0.0168333
0.0117132
0.0118172
0.0126161
0.0693404
0.0168333
0.0544487
0.0130148
0
0.0126161
0.0150443
0.0132144
0.252282
0.0168333
0.0102044
0.0804532
0.0733504
0.00844388
0
0
0.0466848
0.0241677
0.0161495
0.619359
0.0148576
0.0102698
0.00913532
0
0.11738
0.537199
0.0401768
0
0.0121268
0.0825035
0.0228425
0.0356787
0.988403
0.0109281
0.0296378
0.0105124
0.00913532
0
0.134964
0.0103702
0.861726
0.214776
0
0.00961394
0.0105198
0.0612247
0.161173
0.0085565
0.0356787
0.99697
0.0111467
0.0148576
0.0195332
0.0105124
0.0101761
0.00913532
0
0.00853214
0.165809
0.0103702
1.00136
0.123811
0
0.0362188
0.0253061
0.0186682
0.126051
0.25469
0.0164025
0.990878
0.0111467
0.00706134
0.0101151
0.0105124
0.0204928
0.0181653
0.0171547
0.0790529
0.0209863
0.837053
0.0469806
0
0.0181066
0.0487281
0.0186682
0.0075969
0.25469
0.0326389
0.365697
0.0225054
0.0172603
0.00939877
0.0101761
0.011172
0.0171547
0.0534266
0.0209863
0.214481
0.0456725
0
0.0277695
0.0244886
0.0186682
0.00751485
0.255878
0.0162364
0.141472
0.0348551
0.00939877
0.0115555
0
0.00853214
0.0262786
0.0103702
0.156261
0
0
0.00892785
0.0188769
0.0096629
0.0128415
0.0152894
0.0119401
0
0.0253141
0.052432
0
0.00649174
0
0
