0.0255922
0.0246941
0.141074
0.156783
0.037697
0.122717
0.246369
0.0267321
0.273116
0.037697
0
0.0081403
0.0102432
0.197601
0.286827
0.0349691
0.017458
0.0143202
0
0.253618
0.022704
0
0.00715413
0.0081403
0.0114227
0.160806
0.00932772
0.31053
0.0349691
0.0263738
0.00741734
0.241435
0.0300173
0
0.00678311
0.0081403
0.0114227
0.172413
0.00932772
0.31053
0.0269918
0.0164582
0.0161357
0.0177514
0.0142126
0.209124
0
0.0138275
0.0150796
0
0.00678311
0.0160142
0
0.186699
0.00932772
0.333443
0.0362543
0.0164582
0.0450756
0.0212724
0.00850053
0.201928
0
0.0138275
0.00801318
0
0.00678311
0.0067269
0.00787388
0
0.137868
0.00813435
0.00932772
0.481539
0
0.027287
0.0164582
0
0.0361091
0.0212724
0.00850053
0.0257726
0.18949
0
0.0280799
0.00801318
0
0.00787388
0.0111653
0
0.010652
0.122998
0.00813435
0.00932772
0.845461
0.044887
0.0164582
0.00777907
0.0271301
0.013855
0.00876618
0.0452623
0
0.0280799
0.00801318
0.00787388
0.0111653
0.373112
0.00813435
0
0.0368703
0.884132
0.00870757
0.00777907
0.0366254
0.00679529
0.025528
0
0.0306256
0.00801318
0.00711197
0.00709887
0.00787388
0.0111653
0
0.123085
0.00813435
0
0.0742256
1.0006
0.0366254
0.00679529
0.0128209
0
0.00711197
0.00787388
0.0358458
0.00813435
0
0.00932772
0.478498
0.00883559
0.00621636
0.0486952
0.196579
0.0238584
0.187415
0.0133603
0.0276528
0.0176553
0.0133603
0.176456
0.0609426
0.0150564
0.0133603
0.0572165
0.176456
0.607838
0.0786573
0.0147687
0.0207376
0.0133603
0.269604
0.176456
0.810549
0.138079
0.0293192
0.019661
0.0133603
0.388898
0.176456
0.0362922
0.0200951
0.024733
0.664545
0.0140454
0.0141835
0.150498
0.00715015
0.0293192
0.029442
0.421834
0.176456
0.068202
0.0196048
0.00980508
0.0235107
0.0079718
0.0390028
0.497934
0.0140454
0.0141835
0.151906
0.0432224
0.00732397
0.00992637
0.0404694
0.487798
0.0169007
0.176456
0.0545255
0.030621
0.00676035
0.0193875
0.0135651
0
0.0079718
0.0390028
0.405687
0.0140454
0.0290332
0.149042
0.0186673
0.042594
0.0206855
0.0387609
0.567436
0.0328264
0.176456
0.0612795
0.00794139
0.0310348
0.00958241
0
0.0180669
0.321712
0.019749
0.0560715
0.120659
0.00759832
0.0375311
0.0702814
0.0163297
0.0733064
0.0141806
0.600605
0.0160576
0.243292
0.00760606
0.0741919
0.0604639
0.00796615
0.0180669
0.304716
0.00735607
0.082146
0.104987
0.0460961
0
0.0708599
0.031126
0.158672
0.0272065
0.544536
0.0117007
0.0160576
0.597454
0.0152507
0.0741919
0.0079013
0.0597281
0.00796615
0.0104319
0.0180669
0.168728
0.00735607
0.082146
0.15059
0.0375311
0.0166741
0.0777988
0.031126
0.158859
0
0.734223
0.0117007
0.0161724
0.998396
0.00764464
0.0614993
0.029093
0.0155358
0.00671225
0.0104319
0.0180669
0.0675075
0.0136508
0.0259351
0.15059
0
0.0281143
0.00860151
0.0568568
0.031126
0.198896
0.696793
0.0117007
0.0242388
0.995853
0.00800533
0.00675401
0.0166123
0.00951322
0.00796615
0.00671225
0.00868886
0.0236488
0.0399461
0.109752
0
0.00914281
0
0.0419504
0.00766221
0.0232557
0.0431621
0.272657
0.0242388
0.825995
0.00759182
0
0.00796615
0.00671225
0.00788482
0.0536062
0.0785851
0
0
0
0
0.0147962
0.021769
0.0959849
0.0117821
0
0.39195
0.00796615
0
0
0
0
0.00661339
0
0
0.0121089
0.0209556
0
0.32651
0
0.00796615
0
0
0
0
0.113036
