0.0663057
0.170925
0.0379448
0.19402
0.234016
0.0150372
0.330505
0.0197382
0.00671266
0.0338372
0.0164548
0
0.00858788
0
0.00988497
0.0300883
0.0142716
0.0662818
0.0105794
0.29157
0.00716038
0.0197382
0.00996236
0.00660459
0.00948381
0.0338372
0.0387706
0
0
0.0207639
0.0127654
0.0102783
0.00720039
0.0136152
0.630802
0.0105794
0.0489882
0.52849
0.0148403
0.0205773
0.00772411
0.0195785
0.0102715
0.381467
0.0115338
0.00640301
0.0387706
0.0530767
0.0108043
0
0.0906055
0.148839
0
0
0.0308786
0.00720039
0.00701685
0.550187
0.106612
0.011073
0.0661356
0.999727
0.0104522
0.00767996
0.0302901
0.0691515
0.00948381
0.0102715
0.931256
0.0340159
0.0132992
0.0543262
0.126271
0.0132886
0.175498
0
0.198127
0.0120326
0.0512749
0.0355153
0.00637172
0.79499
0.189686
0.011073
0.0843056
0.998221
0.0216669
0.00767996
0.0162554
0
0.0302901
0.00689497
0.0801032
0.0199264
0.0102715
1.00541
0.0340159
0.00640301
0.0613039
0.133105
0
0.132601
0.013834
0.00798133
0.264597
0.0123494
0
0.0517299
0.042312
0.00637172
1.02279
0.137462
0
0.16874
0.667874
0
0.0330076
0.00767996
0.0340077
0
0.0302901
0.0693043
0.0126267
0.0199264
0.0102715
0.797482
0.0340159
0.00640301
0.0466767
0.102931
0.0139876
0.119991
0
0.207342
0.0124889
0.0604294
0.0410254
0.0215462
0.889072
0.128179
0.0339259
0.116567
0.33657
0
0.0328546
0
0.0340077
0.0185436
0.0168969
0.050587
0.00716322
0.0891203
0.0211407
0.0102715
0.814858
0.0111324
0.00682826
0.037893
0.080141
0.123339
0.00850325
0.108066
0.0124889
0.0604294
0.0410254
0.0282883
0.385305
0.0634756
0.0226078
0.0488264
0.218949
0.0530979
0.0427963
0.0340077
0.00892405
0.0611111
0.00716322
0.0693043
0.00630324
0.0211407
0.0102715
0.898603
0.0313279
0.0305337
0.080141
0
0
0.0842186
0
0.0996229
0.0244483
0.00992686
0.0307327
0.0420108
0.0194985
0.353702
0.0625367
0
0.0658055
0.186898
0.0395465
0.0740281
0.00892405
0.0401542
0.0114742
0.0202059
0.879147
0.0111324
0.0457307
0.0576443
0.0240612
0
0.0950493
0
0.00794309
0.0575212
0.0891239
0.00992686
0.0110359
0
0.00734325
0.203215
0.0104896
0.0223671
0.0484791
0.132165
0.0426079
0.00892405
0.00686045
0.0106549
0
0.00701591
0.0112567
0.0290453
0.752039
0.0220378
0.0382885
0.0208893
0
0.0135087
0.0161478
0.0571228
0.0241624
0.0487974
0.00647047
0.144064
0.0100416
0.0993913
0.0795483
0.0526726
0.00686045
0.020384
0
0.00701591
0.0224818
0.0192709
0.83384
0.00697325
0.045256
0.00789022
0.0404376
0.0207735
0.0116736
0
0.00990672
0.0125466
0.122296
0.0100416
0.0104501
0.0992542
0.0293484
0.0109337
0.0132499
0.0379849
0.00950759
0.454815
0.0672665
0.0140745
0.104709
0.0280134
0
0.0388796
0.00636793
0.019674
0.364031
0.0104501
0.877943
0.00726364
0
0.0382927
0.0110666
0.495086
0.0112185
0.0669237
0.161459
0.0427626
0.00938685
0.00636793
0.0132035
0.321376
0.0104501
0.730697
0
0.0106821
0
0.00938646
0.0110666
0.553859
0.0216909
0.0670265
0.015849
0
0.0146771
0.177298
0.0520371
0.0128539
0.188164
0
0.542818
0.0150108
0.0217062
0.029274
0.00938646
0.388462
0.0104724
0.0595957
0.0236262
0.0116579
0
0.241554
0.0137903
0.013045
0.00662674
0.145521
0.0439581
0.442613
0
0.029274
0.533034
0.0333138
0.00835118
0.00781778
0.0225405
0.0266076
0.00855374
0.206496
0.0137903
0.013045
0.306332
0.0439581
0.420112
0.00726904
0.00877009
0.029274
0.273361
0.0333138
0.00781778
0.0225405
0.0266076
0.0599928
0.154881
0.0137903
0.0197003
0.0066287
0.190168
0.0330553
0.0106846
0.703589
0.0391531
0.00877009
0.101716
0.0219574
0.0152702
0.0266076
0.0677072
0.00719994
0.0142864
0.265956
0.395954
0.0959065
0.00852904
0.0300037
0.0532313
0.00726904
0.0148619
0.036558
0.0148619
0.067709
0.02636
0.236168
0.0227323
0.00952868
0
0.00733454
0.175931
0.00213141
0.00966757
0.0779618
0.0623021
0.0098099
0
0.865271
0.0155145
0
0
0.00849028
0
0.0107844
0.00952868
0.00651398
0.0470593
0.505159
0.0758036
0.00983638
0.0309311
0.00627259
0.26614
0.316905
0.0222665
1.00265
0.014643
0
0.0219316
0
0.00933845
0
0.00849028
0.0107844
0.00952868
0.0130642
0.047477
1.02757
0.11631
0.0411904
0.0512628
0.0194357
0.175301
0.400211
0.209563
1.00306
0
0
0.0111716
0.0207389
0.0189417
0
0.00740215
0
0
0.0221744
0.00937282
0.0208018
0.0556605
0.00772237
1.00355
0.0142334
0.158345
0.0210838
0.0809961
0.0194357
0.313813
0.465559
0.188496
0.994289
0.00778388
0.0102725
0.0207389
0.0189417
0
0.0221744
0
0.00651398
0.0157272
0.00772237
0
0.983587
0.0142334
0.0589311
0.0309202
0.0722848
0.0202562
0.0993972
0.314097
0.154601
0.324396
0.00821425
0.0102725
0.0207389
0.00933845
0.00901921
0.00651398
0.435107
0.0142334
0.0477271
0.0105288
0.0218491
0.0064114
0.0643297
0.212756
0
0.0719797
0.00821425
0.00933845
0.00669084
0.00651398
0.00809959
0.186072
0.0188944
0.01649
0.00728505
0.00651398
0.0406385
