0.0503292
0.00254127
0.227843
0.0381721
0.189664
0.0825717
0.999821
0.0503649
0.0771734
0.764253
0.0169864
0.380804
0.0152588
0.580738
0.118248
0.00303481
0.0215455
0.106827
0.00301131
0.0489324
0.00666424
0.784129
0.094399
0.0112598
0.993559
1.03645
0
0
0.00296195
0.00253448
0.00287241
0
0
0.00259806
0
0.00287241
0.00996664
0.0113025
0.0445685
0.00554854
0.00296634
0.0187342
0.00288829
0.00558582
0.00554854
0.00554854
0.00260359
0.00261581
0.0769267
0.00829813
0.00535865
0.002599
0.00515862
0.00297524
0
0
0.00295038
0.00935101
0.0869064
0.00386301
0
0
0.0115188
0.0159114
0.0546453
0.0222123
0.989469
0.643361
0.55053
0.364335
1
0.00287241
0.00274998
0
0.0026355
0
0.00292443
0.00266489
0.0123066
0.00286433
0.00270106
0
0.00259116
0.010997
0
0
0.00693794
0.0431905
0.00266319
0
0
0.00262576
0.00261975
0.00675869
0.00303672
0.0110352
0.453625
0.039379
0.99611
1.00135
1.00824
0.05602
0.990544
0.00247749
0.00276152
0
0.0024588
0
0.0027623
0.00311447
0.00258722
0.00256769
0.0024588
0.023889
0
0.00256769
0.00256769
0.00693264
0.017935
0.00617585
0.00257781
0.00312336
0.0439638
0.00252242
0.00300412
0.00659588
0.162189
0.0148082
0.00255437
0.00523163
0
0.0762648
0.00518007
0.00261975
0.00783879
0.00264078
0.00288505
0.0114264
0.00261975
0.00306976
0.00528938
0.0273756
0.0889756
0.441033
1
1
0.992472
0.469774
0.753722
0
0.00273794
0.0151559
0.00295878
0
0
0.00276667
0.0390038
0.00259273
0.00268104
0
0.00409799
0.00290095
0.0024588
0.00849486
0.0171753
0.00617655
0.0149233
0.00252374
0.00262112
0
0.00285613
0.00590749
0.0056815
0.0083462
0.00304099
0.00276014
0
0.00262908
0.0164335
0
0.0311957
0.00309817
0
0.00299998
0.0141756
0
0.0106932
0.00279872
0.00261975
0.00296201
0.00822572
0.0179217
0
0.00558751
0.0113162
0.0084657
0.00296201
0.00294739
0
0.00578165
0.0406395
0.0339149
0.386647
0.122879
1
1.00003
1.02116
1.00418
0
0
0.00789359
0.041074
0.00281799
0.00737639
0.00277074
0.00542928
0.00253067
0
0
0
0.00802472
0
0
0
0.0149345
0.0121551
0.00590685
0.0240244
1.07904
0.00276919
0
0.00294913
0.00285614
0
0
0.00262112
0
0.00341707
0.00287203
0
0.00361656
0.0628432
0.00301167
0
0.00305267
0.0207952
0.00542388
0
0.00280753
0
0
0.0027623
0.249256
0.00571234
0.012153
0.042303
0.00572621
0.00272899
0
0
0
0.0027623
0
0
0.00283213
0.0873195
0.0104281
1
1
1.00072
1.00505
0.00276667
0.00347528
0.00377273
0.0026618
0
0.0127164
0.00270106
0.0118045
0.0063621
0.00256807
0.00253067
0.00274535
0.980254
0.00710597
0
0
0.00270106
0.00262112
0.00506429
0.0140498
0.0114639
0.00289167
0.0760026
0.00267238
0
0.00273001
0.00267491
0.0219386
0.00267264
0.00386717
0.00480773
0
0.0112106
0.024551
0.0325373
0
0.00764561
0.00279341
0.00526607
0
0.00653494
0.0205436
0
0.00272899
0
0.00297996
0.0442762
0.00326329
0.0247069
0.00553546
0
0.00272899
0.00287311
0.0025752
0.00722378
0.00290948
0.0122638
0.995187
0.00279419
0.00450278
0.0077165
0.00290675
0.00292597
0.00461437
0.0028633
0.00875922
0.00446781
0.021388
0.00253067
0
0
0.00283396
0.00604846
0
0.00258196
0.932716
0.00842615
0.0056765
0.00278602
0.00253067
0
0.0328212
0.0208951
0.00589583
0.0554708
0.00515654
0.00270106
0
0.00278602
0.0439638
0
0.0192117
0.0026031
0.00250853
0
0.0586623
0.0490817
0.0173659
0.00922012
0.0238445
0
0.0139299
0.16047
0.00369646
0.0256321
0.00785673
0
0.0221
0.00273102
0.00280753
0.00296844
0.00528438
0.0410319
0.00578269
0.134393
0
0.00282638
0.00352246
0
0
0.00270106
0.00297472
0
0.00306529
0.0154597
0
0
0.00334405
0.00267936
0.0521674
1
0.00283396
0.00804947
0.00251761
0.002608
0.00299224
0
0.002833
0.0230903
0.00289293
0.00515654
0.0395552
0.00265463
0.0024587
0
0
0.00809202
0.0092344
0
0.00322298
0.00485847
0
0.011474
0.00961199
0
0.00289983
0.00925443
0.0138562
0
0
0.00282559
0.00597201
0.0143429
0.00278141
0.00449638
0
0.0027727
0.0027499
0.00559528
0.00859786
0.00314787
0.0147044
0
0.00976526
1.00194
0.0179658
0.0039465
0.00291086
0.00296294
0.00301204
0.0070239
0.00538285
0.00359262
0.00284771
0.00284771
0
0
0
0.00741679
0.00270062
0.00284771
0.0024587
0.00292591
0.00386315
0.00276511
0.0246044
1.01154
1
0.00851117
0
0.00539625
0.00263443
0.0160995
0.0328941
0
0.00278602
0
0.00269123
0
0.00261852
0
0.0157165
0.0111553
0
0.0473681
0.0155652
0.00898719
0.0070582
0.00291508
0
0.00284925
0
0.00580723
0.00340584
0.00544508
0.0250344
0.00790387
0.0640224
0.00252631
0.0161217
0.0056463
0
0.00544508
0.00285168
0.00584285
0.0153739
0
0.00638563
0.021836
1
0
0.00314543
0.00374393
0.00740989
0.00257916
0
0.0028836
0.00282559
0.00796581
0.00399579
0.00312562
0.00850259
0.00298085
0.00291246
0.00693636
0.011146
0.00793892
0.0351742
0.973091
0.583922
0.991641
0.005677
0.00282559
0.00276902
0.0248051
0.00538081
0.00313516
0.0946991
0.005677
0.0519249
0.00268818
0.0288335
0
0.0220994
0.0450481
0.0142733
0.0139196
0
0.00277043
0.0334638
0.00690182
0.00784947
0.00291508
0.0123276
0.00259116
0.0626122
0.0108468
0.0428182
0.00555601
0.00875154
0.0025928
0
0.0028836
0.0208272
0.00268563
0.016714
0.00648201
0.510593
1.01139
0.0130299
0.00263526
0.00263601
0.00513472
0.0157229
0.002589
0.00332345
0.0128826
0.00259222
0.019582
0.00797072
0.0366608
1.00155
0.137261
0.0024587
0.00782912
0.00365047
0.0792632
0.00721152
0.0257034
0.0024587
0.00826749
0
0.00360617
0.0113442
0.00272387
0.00831096
0.0393048
0.00266526
0.0025928
0.0126945
0.00270106
0.0199238
0.0053941
0.0196355
0.00640681
0.00255437
0.00399632
0.00409799
0.99994
0.527217
0.00252002
0.00680739
0.0294843
0.0113233
0
0.00727344
0.00690216
0.00680674
0.0172075
0.00793943
0.16379
0.521869
1
0.0393704
0
0.0155965
0.00530338
0.00270004
0.00543344
0.00557244
0.00288339
0.00366104
0.0474727
0.00272126
0.0321094
0.0025928
0.00836908
0.0106241
0.153849
0.0288562
0.0025928
0.00721667
0.00542285
0.0097478
0.0153269
0.0442793
0.984562
0.00687514
0.00273229
0.0429185
0.0187104
0.00250321
0.0188872
0.356782
1
0.0135543
0.00839204
0.00258063
0
0.0105881
0.0217716
0.0109579
0.00256733
0.00263526
0.00300816
0.054352
0.00257232
0.00256273
0.00263526
1.00945
0.00263814
0.138276
1
0.00561987
0.00273609
0.0101757
0.00575107
0
0.00269103
0.0025193
0.0053585
0.00561987
0.00833031
0.00556291
0.0189899
0.106402
0.903426
0.00281382
0.00266942
0.0133313
0
0.00288796
0.00280883
0.0109478
0.00353936
0.0994044
0.00259506
0.00255448
0.00263405
0.0290116
0.00272478
0.00256273
0.00284565
0.00528426
0.104907
0.0579465
0.00562949
1
0.0291311
0.851247
1
0.00267526
0
0.00456015
0.00312671
0
0.00282752
0.00288796
0.00273191
0.00276922
0.0659904
0.630475
0.032812
0.361582
0.00277333
0.202441
0.024506
0.00271148
0.00255448
0
0.056558
0.00301755
0.00275526
0.0255448
0.00261117
0.0795134
0
0
0.00278384
0.0026421
0.0110376
0.942367
0.00297816
0.00505189
0.00565311
0.0026421
0.992188
0.0025709
0.0395718
0.00306222
1
0.00273191
0.0039087
0.00273191
0.00521079
0.00283154
0.00300593
0.0320589
0.0361252
0.0361661
0.296236
0.00310182
0.0336569
0.00397899
0.00285369
0.007812
0.00800356
0
0.00925215
0
0.0032303
0
0.00288796
0.00264416
0.00770573
0.00265184
0.00270092
0.00372503
0.00264416
0.00288796
0.00264416
1
0.00562419
1
0
0.0159473
0
0.00841874
0.00560915
0.00296476
0.00369178
0.00274381
0.00268071
0.00841874
0.00578976
0.00367517
0.0202084
0.054944
0.311542
0.00877341
0.00291697
0.00273826
0.00255934
0.00307914
0.00264705
0.00286411
0.336794
0.00887944
0
0.00298003
0.00278384
0.97119
0.00253812
0.00279009
0.00662384
0.00292167
0.00852342
0
0.0183312
0.0304691
0.0332511
0.0688575
0.0101066
0.0219725
0.00808527
0.00969091
0
0
0
0
0.0474985
0.213395
0.00571297
0
0
0.00283137
0.0553247
0.00291697
0.00505189
0.0158258
0
0.971872
0
0.00301785
0.00574603
0.0130117
1.00522
0.00572152
0.00373294
0.00284618
0.00300912
0.00912617
0.00306052
0.00548349
0.00285369
0.00274394
0.0112983
0.0102693
0.00274963
0.00285369
0.0114816
0.0189543
0.00832316
0.00267811
0.00312749
0.00819113
0.0135995
0.00272178
0.206699
0.0052111
0.00291697
0.0109372
0.99625
0.0692385
0.00267298
0.00271644
0.00287196
0
0.00618453
0.0914144
0.0279274
0.0175611
0.00838498
0.123125
0.00819573
0.00863658
0.00570063
0.0198367
0.00254135
0.00300133
0.00299969
0.00545331
0.0114387
0.059712
0.222505
0.338859
0.165013
1
1
0.00303653
0.00300087
0.00702712
0.00541361
0.0141569
0.00812744
0.0636202
0.00806097
0.170924
0.0106343
0
0.0137208
0.982767
0.599866
0.493178
0.991954
1
0.00259132
0.0372937
0.00311548
0
0
0.00308222
0.0181211
0.00309285
0.00839407
0.0136533
0.0025586
0.153841
0.00764476
0.531967
0.561335
1.01564
0.656932
0.0194958
0.980515
0.996332
0.00973862
0.00259132
0.00296993
0.00271001
0.0086714
0.0026915
0
0
0.00324984
0
0
0.0313251
0.0086714
0.0182212
0.00295772
0.00924954
0.00824759
0.00859562
0.0077815
0.012325
0.119954
0.00682986
1.03848
0.270476
0.0410716
1.01085
1
0.775447
0.426496
1
0
0.00280754
0
0
0.00306835
0.03079
1.00282
0.00526819
0.00686493
0.0147582
0.00284675
0.0170127
0
0.0103122
0
0.0150953
0.00257252
0.0171187
0.0639759
0.039775
1
0.00246654
1
1
0.558304
0
0.00266936
0
0
0
0
0
0.0192795
0
0
0
1.0295
0.245049
0
0.0215018
0.0114923
0.00996944
0.00267675
0
0.00267144
0.00819899
0.00266307
0.00246654
0.0159371
0.00518586
0.00628258
0.00265846
0.00303954
0.022788
0.00246654
0
0.0029273
0.012514
0.0139796
0.00290479
0.110962
0.0377328
1
0.00552324
1
1
1.01472
0.0110449
0.00292653
0.00265641
0.00283623
0
0
0.00283703
0.00259987
0.00294817
0.0166257
0
0.00299418
0
0.00579386
0.0556456
0
1
0.0147267
0.00867009
0.00730021
0.0027084
0.00843635
0.0140364
0.0582954
0.00373138
0.0394323
0.998931
0.980079
0.00282344
0.00857404
0
0.00275348
0.00472724
0.00287458
0.00750949
0.00270091
0.00268643
0.0129994
0.0122404
0
0.976971
0.962305
0.00414062
0.00280629
0.00839126
0.00309041
0.00266342
0
0.00260119
0.0278739
0
0.00359004
0.770082
0
0
0.00314498
0
0
0.00251793
0.00283703
0.0028906
0.00969993
0.00813263
0.00299418
1.00968
0.054143
0.00302085
0
0.00254202
0
0.00810607
0
0.266218
0.00301451
0.0226718
0.0644276
0.00302704
0.0402154
0.0755689
0.0197445
0.0419323
0.077062
0.00367727
0.016932
0.0197445
0.00280728
0.00282808
0
0.00292482
0.00853173
0.0107276
0.00292482
1
0.270462
0.893596
0
0.00641609
0.0145075
0.0028866
0.00561408
0.00359301
0.00296664
0.0511979
0.00571354
0.0144314
0.00271488
0
0.00571354
0.00952257
0.00571354
0.472581
0.136471
0.313844
0.350365
0.0177208
0.981069
0.514128
1
0.0560599
0.269721
0
0.0786561
0
0
0
0
1
0.134581
0.444964
0.408711
0.134117
0.227479
0.0922832
0.938511
