0.0639224
0.0294076
0.130874
0.705024
0.019174
0.116162
0.00270768
0.0182969
0
0.0146827
0.00760261
0
0.0193578
0
0.0146812
0.00367026
0.00513282
0.0139419
0.00284533
0
0
0.0154519
0
0
0.00281387
0.0143984
0
0.10321
0.00784335
0.025948
0.0028273
0.00293241
0.0141365
0.0509835
0.0204433
0.00530431
0.162178
0.975455
0.0113407
0.00568008
0.00294233
0.00277219
0.0107175
0.00266487
0.00214079
0.0436447
0.0026065
0.00512386
0.0101116
0.184208
0.0335295
0.00526201
0.00392234
0.00250974
0.0064238
1
0.02631
0.12473
0.975204
0.00279953
0.131529
0.00498663
0.00278941
0.0204433
0.0212385
0.00788593
0.010579
0.00258942
0.154222
0.00262392
0.00788593
0.989193
0.0106558
0.00715615
1
0.00266146
0.00326862
0
0.0026065
0.0026421
0.0131775
0.0140838
0.0144575
0.0372955
0.0125551
0.000526234
0.00852036
0.000526957
0.73051
0.997526
0.0244137
0.0194485
0.0133323
0.0107846
0.00667145
0
0.00297951
0
1.00512
0.30763
0.941338
1
0.4659
