0.0963702
0.0678495
0.0198252
0.0963702
0.0678495
0.211825
0.00937094
0.0678495
0.458884
0
0.00937094
0.016219
0.0546763
0.486944
0
0.00937094
0.016219
0.0533621
0.497558
0
0.00937094
0.0159107
0.00760928
0.0138565
0.0158303
0
0.466595
0
0.014787
0.00637459
0.00937094
0.0159107
0
0.00694267
0.00706525
0.0121544
0.476424
0.0174352
0.00748368
0
0.014787
0.00637459
0.00937094
0.0159107
0.0177429
0.0154989
0
0.00694267
0.0155744
0.0216784
0.0121544
0.565546
0.00733649
0.00748368
0.014787
0.0178543
0.00937094
0
0.0159107
0
0.0316896
0.0065204
0.0158303
0.107456
0.0136208
0.0216784
0.0238748
0
0.692469
0
0.00752894
0.030003
0.0126938
0.0178543
0.00937094
0
0.0159107
0.0168017
0.0387782
0.0264012
0.0065204
0
0.138527
0
0.0136208
0
0
0.0216784
0.527145
0.0170238
0
0.00752894
0.00736573
0.0515849
0.030003
0.0126938
0
0
0
0.0192589
0.0619671
0.0327997
0.0382694
0.0264012
0.0065204
0.00681215
0
0.15267
0
0
0.0279525
0.00909059
0.149822
0.0243722
0
0.0109446
0.301832
0
0.00752894
0.00736573
0.03422
0.0303132
0.00637459
0.0104646
0.0341802
0.00944383
0
0.0192589
0
0.0783066
0.0327997
0.0537818
0.0264012
0.0065204
0.013131
0.169822
0
0
0.0432758
0.00700678
0
0.187875
0.0241311
0.00950119
0.00921711
0.311326
0.00736243
0
0.00752894
0.00736573
0.0705378
0.0303406
0.00637459
0.0318617
0.00664422
0.0189441
0.0341802
0.00944383
0
0.0541683
0
0.0641728
0.0522904
0.0533817
0.0524736
0.0065204
0.013131
0
0.0169707
0.169576
0
0
0.0494384
0.0209643
0
0.323463
0.0735895
0.00950119
0.00921711
0.32918
0.00736243
0.0363055
0.0369059
0.0380205
0
0.12342
0.0603337
0.0201001
0.0531257
0.0153902
0.00918903
0.0174377
0.0388951
0
0.0349336
0.0930495
0.0315167
0.0874865
0.0620984
0.0524736
0.02654
0.0267056
0.0150902
0.0178767
0.279583
0.0157431
0.0109651
0.0620184
0.0492603
0.00948801
0.224514
0.0979124
0.00950119
0.0386855
0.890831
0.0224125
0.105065
0.0962103
0.0295861
0.0446074
0.158354
0.0904618
0.0128032
0.106131
0
0.00918903
0.0896613
0.0781755
0
0.107123
0.158531
0.0492917
0.122284
0.12438
0.0511597
0.0339094
0.0528823
0.0165963
0.0159111
0.326086
0.0157431
0.0225206
0.0625004
0.0275999
0.0095468
0.401552
0.133225
0.0568994
0.0765622
0.865957
0.0505619
0.0703017
0.176218
0.0300607
0.0511321
0.0720547
0.0609483
0.0191444
0.392872
0.0216005
0.0278677
0.100682
0.0864201
0
0.106394
0.125954
0.0650504
0.210727
0.236626
0.0378992
0.0401057
0.100512
0.0298892
0.0176513
0.409278
0.0142574
0
0.166291
0.042921
0.0180783
0.714619
0.244665
0.0748779
0.0870719
0.476138
0.0364112
0.0676868
0.142012
0.0679851
0.072442
0.106411
0.153911
0.059959
0.28626
0.0498436
0.0259825
0.155465
0.0947155
0.0230247
0.270605
0.0944738
0.0487235
0.189531
0.262552
0.026769
0.0614248
0.113319
0.141822
0.0503159
0.442937
0.0154884
0
0.165363
0.0555433
0.0626499
0.597087
0.18224
0.0572345
0.165908
0.508727
0.0285268
0.136358
0.104894
0.0520583
0.0805601
0.157553
0.092808
0.0611681
0.24379
0.0204504
0.0456241
0.0867084
0.0956653
0.0218517
0.4119
0.111492
0.0496443
0.308447
0.230788
0
0.0602488
0.0862857
0.139487
0.0498781
0.570204
0.0912399
0.0360837
0.201226
0.0493079
0.0698274
0.654008
0.122814
0.122508
0.25556
0.348442
0.0500034
0.205696
0.117043
0.0525877
0.0518711
0.14165
0.0460036
0.0617836
0.118452
0.0273981
0.0184774
0.106193
0.0286199
0.0137999
0.88892
0.110121
0.0644586
0.324362
0.198333
0.0253905
0.0473751
0.0674215
0.126845
0.0992106
0.474518
0.0932987
0.0468328
0.235052
0.0701027
0.175003
0.942783
0.0494135
0.131606
0.283806
0.265246
0.0570813
0.169968
0.0447287
0.0223466
0.0452516
0.17487
0.0302036
0.0743596
0.107693
0.0347207
0.0264882
0.104803
0.0286199
0.0151933
0.992228
0.112595
0.0171762
0.471632
0.199341
0.0612159
0.0679084
0.11439
0.142414
0.0841945
0.571389
0.0620863
0.0586342
0.138283
0.0770546
0.0800803
0.829274
0.0488438
0.0846509
0.448164
0.161673
0.0508611
0.154268
0.0294284
0.0151942
0.0290579
0.207844
0.0292048
0.0811036
0.0745477
0.013683
0.0273193
0.108313
0.0479605
0.0227108
1.00269
0.0969725
0.0157624
0.371374
0.131931
0.024625
0.0824308
0.0688163
0.0937831
0.0962663
0.451285
0.0912988
0.0128054
0.118724
0.0703457
0.0617665
0.639876
0.0736161
0.0750694
0.431515
0.0873839
0.0364175
0.203956
0.0308875
0.00747073
0.0227048
0.157207
0.0147405
0.0799521
0.0220637
0.0214178
0.00888216
0.104106
0.0282292
0.0140017
1.01205
0.0928418
0.0480538
0.337939
0.0934566
0
0.0346755
0.0623563
0.108834
0.0995543
0.29391
0.0323547
0
0.0773869
0.0768659
0.071403
0.454598
0.0246207
0.0184503
0.596712
0.11664
0.0139143
0.210642
0.0383222
0.0303089
0.213945
0.0293458
0.0735081
0.0546391
0.0217265
0.0362529
0.140473
0.00965436
0
0.910861
0.0309612
0.0471587
0.455137
0.105574
0.0273233
0.0342909
0.048265
0.0626318
0.084433
0.299689
0.0783432
0.0120535
0.0648993
0.0287596
0.0715854
0.583291
0.0122688
0.0458357
0.72583
0.0493647
0.0210102
0.157255
0.0468854
0
0.0465171
0.165296
0.0293101
0.0739238
0.0755169
0.0214781
0.0267284
0.12288
0
0.00687219
0.935228
0.0948869
0.0315843
0.521084
0.0973684
0.0639202
0.0424311
0.056129
0.0823836
0.0336732
0.34565
0.0609894
0.0358255
0.0985739
0.028075
0.0186362
0.630847
0.0367823
0.0735935
0.686262
0.0562731
0.0141542
0.103224
0.0390483
0
0.0767817
0.203011
0.059112
0.0807112
0.0659976
0.00727854
0.0178463
0.0898227
0.0100406
0.0137516
1.03777
0.113702
0.0164534
0.41444
0.113976
0.0887151
0.0627408
0.0563922
0.0489967
0.165788
0.363647
0.0607197
0.0241959
0.0565611
0.00713942
0.0277634
0.974619
0.0265099
0.0467032
0.438285
0.0648091
0.00722467
0.0702563
0.0446009
0.00764905
0.0923354
0.240496
0.0927179
0.0533978
0.0330704
0.00669082
0.018568
0.144492
0.019714
0.0137965
0.79839
0.111098
0.0164534
0.429277
0.0963241
0.0758725
0.028525
0.0570453
0.0500755
0.163353
0.26856
0.089895
0.0230733
0.0646407
0.0131944
0.0191464
0.728155
0.0236727
0.0270672
0.310264
0.0664528
0.00722467
0.0550864
0.036951
0.0232846
0.0927848
0.183495
0.0606053
0.0338649
0.0439704
0.00668376
0.0183741
0.146671
0.0282423
0.00710974
0.535199
0.0779662
0
0.362105
0.0961423
0.0884742
0.0347408
0.0647567
0.0631688
0.181471
0.284795
0.120766
0.0121464
0.0788525
0.0131944
0.0273718
0.668768
0.0359764
0.0182925
0.287954
0.0784818
0.0294314
0.0541702
0.0439462
0.0304616
0.047447
0.217704
0.0466454
0.0464026
0.0319949
0.00668376
0.0179951
0.164021
0.0391626
0.0222905
0.294494
0.0454348
0.0160621
0.25497
0.0731156
0.0246796
0.0435445
0.0493535
0.0466974
0.147493
0.20046
0.0769045
0.0689027
0.0574216
0.0131944
0.0562906
0.480793
0.0359764
0.0571139
0.624016
0.0983893
0.0225695
0.0900297
0.0229826
0.0231211
0.0729953
0.148283
0.0189392
0.00904922
0.106531
0.0459369
0.0150786
0.128739
0.0931866
0.0312425
0.201361
0.0173516
0.0249045
0.0290352
0.0284506
0.0638615
0.216941
0.1487
0.0451463
0.0112896
0.0635689
0.0131944
0.0642463
0.621033
0.0361224
0.0567549
0.972661
0.0955622
0.0151529
0.0565978
0.0217207
0.0152394
0.0806655
0.0565679
0.0465128
0.0108345
0
0.0101019
0.0897858
0.0459369
0.0150786
0.0752818
0.0461277
0.030138
0.14575
0.00756685
0.0123029
0.0486327
0.0349134
0.0313485
0.186094
0.167409
0.0155873
0.0704634
0.0714142
0.00723305
0.0733646
0.383293
0.0361224
0.0552474
0.981863
0.132538
0.00697655
0.0380159
0.0214767
0.0378844
0.0562772
0.0549019
0.0410231
0.0108468
0
0.0356626
0.0738861
0.0181997
0.013975
0.0180793
0.0461277
0.015458
0.17077
0.00845385
0.0123029
0.0614708
0.0345024
0.0325758
0.149389
0.0475128
0.0622142
0.023605
0.0411596
0.0141827
0.0545745
0.217007
0.0236727
0.0486998
0.715803
0.0872084
0.0575804
0.00705027
0.0150021
0.0404157
0.0363136
0.0277407
0.0184438
0
0.00739595
0.0147541
0
0.163432
0.00856277
0.0132986
0.0145528
0.00737104
0.0640671
0.0650317
0.0149999
0.0144655
0.0358257
0.00650929
0.0220674
0.0653237
0.21191
0.071332
0.0380865
0.273393
0.0580278
0.0380902
0.00777376
0.0230009
0.0326614
0.0183877
0.0206565
0
0
0.019568
0.0147541
0.0324263
0.0901195
0.00871475
0.0130215
0.0216899
0
0.047152
0
0
0.0248778
0.00650929
0.0142388
0.029921
0.177021
0.0348489
0.0276386
0.266807
0.028275
0.0195646
0.00777376
0
0.0408293
0
0.00696724
0
0.0370844
0.019568
0.0842641
0.0190453
0
0.00639543
0.04965
0
0
0.0128163
0.0139283
0.048498
0.121462
0.0184902
0.257532
0.0278574
0.0195646
0
0.0487527
0.00696724
0.019568
0.0681838
0.0365116
0.0140336
0.00712193
0
0.0672227
0.017012
0.0128163
0.00650929
0.0352717
0.0825292
0.0129925
0.250545
0.00884838
0.038502
0
0.00816795
0.00696724
0.0197633
0.0357575
0
0.017012
0.00650929
0
0.00912718
0.0115153
0.130763
0.0099835
0.038502
0
0.0159955
0
0.0182323
0.00817332
0.0195638
0.0357575
0.0378208
0.0138838
0.017012
0.00650929
0.00734424
0.0359125
0.0115153
0.0655555
0
0.0227748
0
0.00743515
0.00690886
0.0110744
0.0161124
0.0552597
0.0530857
0.108296
0.00783188
0.0541787
0.0664742
0
0.0126466
0.0224107
0.00734424
0.165607
0.0115153
0.189605
0
0.00758084
0
0.00743515
0.0132801
0.0215326
0.00963408
0.0680209
0.010262
0.00817332
0.038687
0.0530857
0.174649
0.0167852
0.0136374
0.0681668
0.182194
0.016779
0.0150687
0.0548814
0.0210811
0.150978
0
0.00979154
0.55797
0.0288641
0.0154495
0.0704464
0
0.015808
0.0132828
0.0330888
0.0680209
0.010262
0.0191232
0.0169842
0.0519397
0.275294
0.0165174
0.115669
0
0.0178967
0.233567
0.016779
0.0150687
0.0803893
0.0339741
0.00719564
0.204865
0.0601371
0.00979154
0.781357
0.0288641
0.0233486
0.0874279
0.00787612
0.0232519
0.0142944
0.0218402
0
0
0.0204465
0.0749292
0.0167982
0.0341692
0.37649
0.0165174
0.122843
0
0.0101627
0.281438
0.016779
0.0150687
0.073358
0.0139734
0.0144389
0.405116
0.0781032
0.0277483
0.995573
0.0192364
0.0157677
0.0691788
0.0301714
0.0188124
0.0142944
0.0229293
0
0
0.0353894
0.010262
0.00770001
0.0575927
0
0.0500439
0.0701101
0.0165174
0.0272619
0.518725
0.00706027
0.0159129
0.215838
0.016779
0.0862881
0.0208179
0.0144389
0.282218
0.0587559
0.0131561
0.0480322
0.958782
0.0185428
0.0304837
0.016275
0.0451474
0.0361962
0
0.0142944
0.0229293
0
0
0.0169311
0.010262
0.00770001
0.0578342
0.149835
0.0901804
0.00793289
0.0404141
0.749643
0.00706027
0.622874
0
0.108933
0.0355256
0.00724329
0.166686
0.0122535
0.0770091
0.430803
0.00912717
0.0383319
0.0346026
0.00744361
0
0.0451474
0.0173838
0
0.0142944
0
0
0
0.0169311
0.030795
0.00770001
0.038741
0.149099
0.0901804
0.00793289
0.0268726
0.555127
0.00706027
0.0167477
0.605539
0
0.144307
0.0210934
0.00733109
0.139614
0.0250674
0.149361
0.284666
0.0294657
0.046225
0.0350503
0.00744361
0
0.0371237
0.0359344
0
0.0142944
0.0077214
0
0.0169311
0
0.038741
0.115486
0.0718789
0.00793289
0.0409681
0.299705
0.0072507
0.0167477
0.383645
0.0158198
0.0727695
0.00694245
0.00733109
0.095183
0
0.0122535
0.149361
0.25349
0.0290913
0.046225
0.0187754
0.00744361
0
0.0221426
0.0173838
0.0142944
0.0077214
0.0169311
0.00767221
0.0372518
0.0979507
0.0372601
0.0978846
0.0072507
0.0669496
0
0.0242298
0.00733966
0.0147741
0.0857104
0.0191964
0.0122535
0.139569
0.233316
0.00912717
0.046225
0.0187754
0.00744361
0
0.00744398
0.0173838
0
0.0142944
0.0077214
0.0169311
0.00767221
0.0191232
0.0319951
0.017481
0.0844935
0.0072507
0.0497714
0
0
0.00733966
0.00744304
0.0489786
0.0191964
0.0122535
0.149972
0.202967
0.00912717
0.0150381
0
0.00744361
0
0.00734661
0
0.0142944
0.00793908
0.0489647
0.017481
0.0486199
0.0072507
0.0174501
0
0.0123145
0.00687264
0
0.039458
0.0122535
0.140371
0.193487
0.00912717
0.00732273
0
0
0.0176131
0.0142944
0
0.00956803
0.0166609
0.0137415
0.0487824
0.0072507
0.0337287
0
0.00687804
0
0.039458
0.140371
0.183594
0.0185428
0.00732273
0.0171614
0
0.0176131
0.0142944
0.0327549
0.0137415
0.0271322
0
0.0337415
0
0.039458
0.140371
0.183594
0.0185428
0.00732273
0.0171614
0
0.0176131
0.0142944
0
0.0327549
0
0.0137415
0.0266766
0.0174501
0.039458
0.150246
0.183594
0.0185428
0.00732273
0
0.00734084
0.0176131
0.0142944
0
0.0327549
0
0.0137415
0.0266766
0.0174501
0.039458
0
0.150246
0.183594
0.0185428
0.00732273
0
0.0176131
0.0142944
0
0
0.0327549
0
0.0137415
0.0266766
0
0.0174501
0.0577486
0.160597
0.162384
0.0185428
0.0176131
0.0142944
0
0.0166609
0
0.00674246
0.0174501
0.0158349
0.0489058
0.225789
0.162384
0.00912717
0
0.0176131
0.0142944
0
0.0166609
0.00674246
0.0160388
0.0174501
0.0489058
0.225789
0.162384
0.00912717
0.0176131
0.0142944
0.0166609
0.00674246
0.0174501
0.039458
0.198997
0.141637
0.00912717
0.0176131
0.0142944
0.0166609
0.0174501
0.039458
0.22615
0.103113
0.00714722
0.0166609
0.0174501
0.039458
0.013256
0.234934
0.0939024
0.00947281
0.00906109
0.0265121
0.189514
0.0723605
