0.0408674
0.0309958
0.0393975
0.450742
0.326312
1
0.47528
0.972435
0.340822
0.0148745
0
0.00293934
0.00785659
0.00253416
0
0.0030154
0.00278903
0
0.0105751
0.00267723
0
0.0080601
0.00249996
0.0128418
0
0.0526581
0
0.00268653
0
0
0
0
0
0.00267319
0.00251705
0
0.01126
0.0195985
0.0081646
0.0508541
0.828963
0.0669002
0.0045474
0.0332515
0.002848
0.00278824
0.00272844
0.00578161
0
0
0
0.00429257
0.00297604
0.0025205
0.00251503
0.0338677
0.0056513
0.0407797
0
0.00549107
0.00253568
0
0
0.00256836
0
0.00956787
0
0.00256836
0.00366908
0
0
0.00576526
0.00282772
0.00525218
0.00271594
0.00273689
0.00930064
0.00283521
0.0028761
0.0112276
0
0.00282772
0
0.0215385
0.0253949
0.0118643
0.245684
0.125529
0.990589
0.45181
0.00528734
0.00418705
0.0379857
0.0113621
0
0.0149842
0.215068
0.00541802
0.00249612
0.00290098
0.00549636
0
0
0.00296798
0
0.00280064
0.00271728
0
0.0037836
0
0.00255143
0.0268706
0.043879
0.0370342
0.00256097
0.0027146
0
0.00246935
0.00301286
0
0
0.00528585
0.00383393
0.0472957
0
0.00293583
0.00527147
0.00268868
0.0028498
0.0206426
0
0.0125972
0.00261565
0.00250469
0.00265582
0.00284272
0
0.00281674
0.00361251
0
0.00269532
0.00297604
0
0.00251871
0.00377255
0.00852254
0.00390557
0.104744
0
0.00837665
0.00297604
0
0.00877372
0.0155234
0.0053099
0.00258628
0.00269357
0.0106619
0.0253843
0.00269357
0.00251705
0.123711
0.00554439
0.0528243
0
0.00813975
0.00778333
0.00534951
0.00269357
0.00509021
0.0116463
0.00808796
0
0.0253505
0.0276717
0.0497638
0.20722
0.0907333
0.475573
1
0.0130331
0.00632953
0.00673201
0.0038821
0.00947862
0
0
0.00532148
0.00544269
0
0
0
0.00264924
0.00349196
0.00265697
0.00483832
0
0
0.0228631
0.00315692
0.00817579
0.00278903
0
0.0067159
0
0.00555797
0.00255143
0.0027146
0.00260297
0.00682223
0
0.00256097
0
0.00276536
0.00869007
0.00274209
0.0156412
0
0.00292432
0
0.00541614
0.00386853
0
0.00564814
0.00234992
0.0110072
0.0197107
0
0
0.00251503
0.00596469
0.0056428
0.0252446
0.0109807
0.00301827
0.00278187
0.0115593
0.00273108
0
0.00311418
0
0.0145128
0.00301037
0
0.00530951
0
0.00273108
0.00278187
0
0.00289356
0.0126833
0
0.0449562
0.0209372
1.0096
0.00288201
0
0.00700638
0.00433559
0.0127489
0.00280068
0.00288282
0.00479601
0
0
0.00285371
0.00405666
0.00507106
0.00258838
0.00246935
0.00246446
0
0.00292599
0.00532366
0
0.00278903
0.00526028
0.00302462
0.00784735
0
0.00265582
0.00408816
0
0.00883359
0.00288201
0
0
0.0209257
0
0.00308355
0.00277109
0
0.00604919
0
0
0.00359909
0
0.0178563
0
0
0.00747503
0
0.0154101
0.00525872
0.0211752
0.00278187
0
0.00389548
0.012338
0.00314011
0.00493004
0.00288378
0.0252473
0.3794
0.00251432
0.0241031
0
0.010791
0.0030272
0
0.00260136
0
0
0.0112285
0.00287761
0.0028167
0.00297343
0.00353255
0.00282772
0
0
0.00542856
0.00771197
0.00568424
0
0.00258838
0
0.00252851
0.00291587
0.00249996
0.00286393
0.00335509
0
0.0346668
0.00273787
0
0
0.00878882
0.00295506
0.0200606
0.00305346
0.00447756
0.0067765
0.00263633
0.0174982
0
0.00287886
0.00520731
0
0.00260668
0.00288378
0.0040195
0.00301988
0.00270643
0.00280654
0.00846457
0.00294784
0.0224192
0.892339
0.00252692
0.00848153
0.00684763
0.0170764
0.00472779
0.00268756
0
0.00271334
0.00604608
0.00284688
0.00313982
0
0.0331874
0.0157545
0.00585541
0.00345692
0.00587926
0.00271334
0.0106979
0.00285431
0.00264456
0.0030813
0.00262799
0.0156117
0.00314109
0.0057658
0.00271334
0
0.00293269
0
0.00876412
0.511136
1.00587
0.0502332
0.00855291
0.00273787
0.00532366
0.0129634
0.0029067
0.0671266
0
0.00287886
0.00254698
0.0107141
0.0056495
0.0196349
0
0.00552689
0.002973
0.00573679
0.0282277
0
0.00878452
0.0268909
0.00263665
0
0.00288358
0.00278903
0.00501969
0.00307147
0.00805397
0.00275068
0
0.00560848
0.00299548
0.010984
0.0404954
0.00561664
0.00300111
0.00289514
0.00262876
0.00299548
0.00842686
0.00585395
0.00554116
0.00542838
0.00809392
0.0108848
0.0207935
1
1
0
0.00570596
0.0156252
0.00644006
0.00551051
0.00550882
0.00251503
0.00568081
0.0125752
0
0.00425301
0.00875935
0.00417588
0
0.0155204
0.00279009
0.00287028
0
0.0122812
0.00603764
1
1
0.559407
0.00872673
0.0106729
0.00268654
0.0256443
0.0149998
0
0.0831965
0.00286562
0.00588834
0.00519219
0
0.0310468
0.0323626
0.00523085
0.00285431
0.00269357
0.00282873
0.0235651
0.0363197
0.0151599
0.0143162
0.00351336
0.00292448
0.0113897
0.00305288
0.00287761
0.00521884
0.0124155
0.00776453
0.051003
0.0054453
0.0085169
0.00521884
0.00283066
0.00290416
0.0293237
0.00537488
0.0167901
0.958889
0
0.00255143
0.02024
0
0
0
0.00266183
0.00399015
0.0031389
0.00287084
0.00258838
0.00282254
0.00254618
0.0028317
1.01415
1.02458
0.203543
0.0190235
0.00518394
0.00286562
0.0103155
0.00342102
0.0788314
0.002665
0.00502078
0.00263665
0.155806
0.00274559
0.00844016
0.0028334
0.00796746
0
0.00850728
0.162714
0.00245805
0.0156352
0.011427
0.00255918
0
0.022729
0.00298575
0.00467994
0.00281473
0
0.00373729
0.00416661
0.00288454
0.240828
0
0
0.0594386
0
0
0
0.0148774
0.00268723
0.00260171
0
0.00521242
1
0.108044
0.00297247
0.002665
0.00263665
0.00251619
0.0127392
0.00286562
0
0.00427925
0.00999746
0.00288812
0.00299924
0.0066649
0.00302897
0.0163696
0.00299924
0.00288812
0.00509669
0
0
0
0.00280064
0.00270401
0.00714161
0
0.00302897
0
0
0.00352961
0.0280697
0
0
0
0
0
0.0130353
0.00827761
0.0361617
1
0.0127198
0.00286562
0
0
0.00596693
0.0218443
0.002665
0.0112999
0.00452224
0.00271334
0
0.0027323
0
0.0028708
0.00678336
0.00305818
0
0.00283513
0.00264881
0.00249683
0.0526769
0.00264881
0.00385113
0.867447
0.0112036
0.37179
0.00258739
0.00269378
0.00374416
0
0
0.00286562
0.00271103
0
0.00255918
0.0149962
0
0.00555144
0.0114368
0.0718017
0
0.00259659
0.0270378
0.00285624
0.00279051
0.0029844
0.00296628
0.00710349
0.0398146
0.00274013
0.00283636
0.00280077
0.00288812
0.00553694
0.0028296
0.0534418
0
0.0026072
0.00553694
0.337048
0.00285953
0.00709152
1
0.00330103
0.00267537
0.00312954
0.00410562
0.0579388
0.0074981
0.0260096
0.00272509
0
0.0202784
0.00268989
0.00301517
0.0260096
0.00574128
0.00990343
0.00602218
0.0406204
0.00289515
0.00999497
0.0111813
0.0128539
0.0026154
0.00274605
0.00285956
0.00304068
0.131157
0.00296149
0.00773053
0.00275611
0.00283356
0.00283356
0.00283356
0.0381311
0.00272787
0.0028737
0.0804959
0.0106258
0.0732437
0.00772788
0.00597524
0.00300124
0.00287865
0.0735681
1
0.00305603
0.00801329
0.00267716
0
0.00267716
0.0228684
0.00267716
0.00259098
0.0028687
0.00808227
0.00267716
0.00273584
0.00831152
0.00446193
0.00551721
0.0362081
1.00788
0.19734
0
0
0
0
0.00262274
0.00406315
0.00850128
0
0.00262274
0.00609375
0.00262274
0.00262274
0.00262274
0.146203
0.0028398
0.00429131
0.00278042
0.00370614
0.00271783
0.00660255
0.00275733
0.00294208
0.00282711
0.0264102
0.00376985
0.267551
0.00283297
0.00284096
0.00719699
0.0090904
0
0.0167318
0.488798
1.04009
0.0470215
0.00316402
0
0
0.00271783
0.00271783
0
0.00258548
0.009925
0.00299929
0.00659724
0.00276915
0.00275969
0.0169635
0.00833415
0.00258798
0.00898786
0.00339271
0.402073
0.00271707
0.0171115
0.00990436
0
0.0158201
0
0
0.00270968
0.0026389
0
0.00268256
0
0.00263669
0.00283191
0.00284763
0.00283191
0.0072037
0.00275977
0
0.00286987
0.0247998
0
0.023835
0.00991733
0
0
0.00584039
0.0927278
0.00378297
0.00309778
0
0.00282726
0.0192863
0.00661397
0.00295485
0.0243619
0
0.00282726
0.00689923
0.00290603
0.0169717
0.0174487
0.117722
0.018341
0.00292981
0.00282726
1.01232
0
0.0110018
0.0121065
0.0489218
0.00296833
0.00282052
0.00253276
0.00346829
0
0.00570596
0
0
0
0.00347361
0.0169102
0.00288379
0
0.00812767
0.00850385
0.229516
0
0.00275523
0
0.00266266
0.00854704
0.00400965
0.0219064
0.00282543
0.00256446
0.00986765
0
0.00284989
0.00342031
0.0421239
0.0369916
0.00266266
0.01641
0.00284834
0.0185482
0.00276184
0.00557052
0.0220188
0.0517125
0.033884
0.12372
0.00394548
0.00562575
0.99221
0.00580338
0.00846322
0.00795224
0.00684461
0.00298542
0
0.00301062
0.00811621
0.00398774
0.00769232
0.00285192
0.00280021
0.00561505
0
0.0027414
0
0.00253945
0.00496436
0.00288379
0.0027414
0.00273581
0.00286997
0.040913
0.00288379
0.00267635
0
0
0
0.00567475
0
0.00607934
0
0.00265703
0
0
0.00292378
0.00288379
0
0.0266723
0.0027641
0.00536947
0.00560253
0.00521573
0.0089312
0.00289595
0.00266723
0
0.00292277
0.00317406
0.0341203
0.00271707
0.00557411
0
0
0
0.0029752
0
0.0029752
0.00283191
0.00264559
0.00311558
0.0029752
0
0.00544406
0
0.00989587
0.00277431
0.00308675
0
0.00256245
0
0
0.00274897
0
0
0.00317471
0.0170856
0.00274897
0
0.00532641
0.00312532
0.00306277
0
0.00266321
0.00268945
0.00248626
0.00277042
0
0.00967076
0.00750812
0
0.00514854
0
0.00271768
0
0.0029657
0.00292123
0.00288303
0
0.00345006
0
0
0.00301015
0.00274897
0.00284495
0.00564361
0.00263137
0
0.00280021
0.0027597
0
0.00286302
0.00263137
0.00283037
0
0.00269538
0.00832154
0
0.00878127
0.00277731
0
0.00265902
0.0762222
0.011402
0
0.324434
0.680722
0.0743329
0.00292123
0.00284989
0
0.00301039
0
0.0169583
0.00320798
0
0.00292123
0.00534355
0.00315031
0.00613504
0.00317719
0
0.00264808
0
0.00288307
0.00268
0.00286392
0.00284442
0.0121338
0.00284744
0.00538848
0.00286392
0
0.00288379
0.00883028
0.0212505
0.00374467
1
0
0
0.00378836
0
0.00568313
0.00286805
0
0.00573991
0.0313159
0.0055909
0.00283458
0.00882053
0.00263669
0
0
0.00263669
0.0029275
0.00267784
0.00286302
0
0.0028699
0.00534057
0.00263669
0.00839258
0.0029275
0.0086646
0.00546521
0.00832982
0.00286302
0.00823234
0.0381024
0.0056414
0.00796992
0.00285175
0.00561199
0
0
0.030577
0.00290854
0.661307
0.158611
0.00829837
0
0.00943971
0.0132663
0.0034223
0.00264808
0.00786641
0.00417186
0.00821765
0
0
0.00745718
0.00532325
0
0.0298896
0.00288635
0
0.00275969
0.00561152
0.00368711
0.0060216
0
0.0105769
0.0026755
0.00283562
0.00390534
0.00848721
0.0107376
0
0.00289729
0
0
0.00287092
0.867734
0.00661262
0.00286963
0.00300466
0.00252347
0.00527339
0
0.00286963
0
0.00286963
0.00275261
0.00563147
0.00541258
0.0028909
0.002872
0
0.002872
0.00589645
0
0.00286963
0.002872
0
0
0.00292592
0.0743624
0.0107019
0
0.00295415
0
1
0.196366
0.00268
0
0.00296715
0.0215735
0.00808864
0.007069
0
0.00258668
0
0.00385286
0.00300918
0.0027881
0
0
0.00854335
0.0054756
0.00590711
0.00885931
0
0.0114671
0.00300714
0.00263137
0.0135175
0.00849254
0.00781772
0.00320829
0
0.0140132
0.00550052
0.329751
0
0.00263312
0
0.00582436
0.00283041
0.00267895
0
0.00277195
0.00280021
0.0051332
0
0
0.0065189
0.00300812
0.00533619
0.00295415
0.122222
0.0106888
0.00535669
0.0126607
0
0.353443
0.00273502
0.0142988
0.00406422
0.0171954
0
0.00273502
0
0.00441346
0.00865478
0.0107376
0.00607337
0.0536926
0
0.00810324
0.0181734
0.00561489
0.00400998
0
0.00545365
0.0318219
0.00533861
0
0.00861709
0.0124127
0.00280896
0.00263265
0.0174451
0.00319033
0.00265861
0.00515559
0
0.0237256
0.00418659
0
0.00538954
0
0.00802725
0.0028458
0.00263137
0
0.00338983
0.00277256
0.00280021
0.00590363
0.0158885
0.00283288
0.00253205
0.002872
0.0162785
0.00295319
0
0.00253205
0.02154
0.213757
0.00276754
0.0108925
0
0.00271803
0.00606494
0
0.00918904
0.00263137
0.00558239
0.0087491
0.0030291
0.00411192
0.0163082
0.00251793
0
0.0082377
0.00289237
0.0162639
0.00260086
0.00264505
0.00264579
0.00288047
0.00266186
0.0109836
0.00292896
0.00557243
0
0.00273075
0
0.00292896
0.00292896
0.0026393
0.00264505
0.00273075
0.00262307
0.00292896
0
0.00282486
0.0275389
0.00822074
0
0.0813195
0.264777
0.00802017
0.0212975
0.00298021
0.00579807
0.00315519
0
0.00885315
0
0.0032893
0
0.00762625
0
0
0
0.00253205
0.945138
0.00287251
0.00881374
0.0041978
