0.00715507
0.0123153
0.00736596
0
0.020159
0.0175818
0.0150654
0.0971929
0.157222
0.00715507
0.0103233
0.0346606
0
0.0596904
0.0123153
0.00736596
0
0.0113352
0.0077955
0.0100761
0.0191547
0.0336744
0.116057
0.00702131
0.541321
0.00715507
0.0419389
0.017061
0.0103233
0.0342974
0
0.0348641
0.0587607
0.0606552
0.0352801
0.00736596
0
0.00664817
0.0238028
0.057026
0.0083123
0.0424875
0.00702531
0.0360702
0.0591852
0.151791
0.00682507
0.00703422
0.378479
0.00907581
0.0152047
0.00986648
0.0284199
0.017061
0.0103233
0.0267124
0
0.0442893
0.0293974
0.0606552
0.0463689
0.00736596
0.0203528
0.00664817
0.0258005
0.0490716
0.0083123
0.0657452
0.0135207
0.0524414
0.0108783
0.0421132
0.144226
0.00682507
0.0146005
0.306839
0.00907581
0.0152047
0.00995875
0.00986648
0.0146184
0.00862589
0.0114093
0.0267124
0
0.0101414
0.0534061
0.013762
0.0154796
0.0606552
0.0463689
0.00736596
0.0203528
0.00664817
0.0081839
0.0124676
0.0679255
0.0152142
0.0432085
0.0204654
0.0173182
0.0524414
0.0219209
0.0413888
0.17076
0.0141909
0
0.210244
0.0126463
0
0.00715507
0.0206718
0.00986648
0.0278577
0.017104
0.0112468
0.0267124
0
0.0101414
0.0712895
0.0606552
0.0347102
0.00736596
0.0198207
0.0143869
0.0166441
0
0.0751662
0.00765094
0.00966618
0.0551351
0.0204654
0.00869317
0.0528795
0.0340981
0.013198
0.0487933
0.125258
0.0141909
0
0.188467
0.0126463
0.0152941
0.020801
0.00986648
0.0132394
0.0253886
0.011247
0.0132
0
0.0202136
0.079685
0.0748222
0.0347102
0.00736596
0.0284195
0.0434776
0.0171285
0
0.0667739
0.00875244
0.045059
0.00702531
0.018723
0.0330529
0.0230223
0.0195749
0.0483189
0.124754
0.0141909
0
0.199294
0.0260226
0.0152941
0.0106486
0.00862589
0.0215777
0
0
0.0965672
0
0.105926
0.022395
0.00736596
0.0360486
0.0435108
0.025987
0.0923125
0.00771672
0.00839596
0.0438552
0.0139561
0.00869317
0.0341591
0.0339005
0.0268028
0.0483189
0.017868
0.00682507
0.00724303
0.19799
0.0126463
0.0220054
0.0106486
0
0.014596
0.0171951
0.0312319
0
0.0884279
0
0.13404
0.0231112
0.0159903
0.0360486
0.0137738
0.034064
0.0929251
0.00764817
0
0.0556295
0.0140555
0.0178805
0.0515093
0
0.0204021
0.0562402
0.0180168
0.0346098
0.00724303
0.296512
0.00924774
0.00715507
0.0193021
0
0.00862589
0.0204555
0.0147103
0.00877069
0.098867
0
0
0.1508
0.0344631
0.0165289
0.056579
0.0433918
0.10255
0
0.0655117
0.0212387
0.0170456
0.0344767
0
0.0676238
0.038947
0.00862701
0.0142603
0.00713725
0.701011
0.0385186
0
0.00766587
0.0186461
0
0.0160953
0.0204555
0.00689659
0.0182015
0.0146816
0
0.312304
0.0109822
0
0.0205278
0.0291426
0.0112975
0.00789365
0.0180556
0.0872148
0.00703015
0.00869317
0.0348154
0.0106483
0.0131813
0.0403114
0.00862701
0.00673078
0.0294429
0.908248
0
0
0.0100974
0.0192284
0
0.0240523
0
0.0208294
0.00923447
0.0739603
0.0111188
0
0.00686611
0.0500351
0.00796936
0
0.00863093
0.0317461
0.00896316
0.0106483
0
0
0.0173057
0.00676957
0.0287378
1.00268
0.00972092
0.0216489
0.0202356
0
0
0.0234571
0.00704255
0.00899669
0.0147098
0.0298668
0.0214228
0.0155873
0
0.0283553
0
0
0.00689603
0.00829867
0.0107471
0
0.00987253
0.0158673
0.026203
0
0.00720153
1.00303
0.0119921
0.051867
0
0
0.0251974
0.039763
0.0100599
0.00651953
0.0172821
0.00899669
0.0142658
0.0289658
0.0282261
0
0.00756021
0.0980864
0.00766529
0.0323158
0.00642439
0
0.0413775
0.00647882
0.00860472
0.0166523
0.0101041
0.0396363
0.051321
0.0126207
0.00720153
0.519766
0.0365275
0.0523096
0
0
0.0251974
0.0310102
0.00966377
0.0135641
0.0344179
0.00854547
0.00865101
0.0136019
0.0289015
0.0571076
0.0434548
0.0484363
0.0152516
0.0113996
0.0161726
0.0195449
0.0165765
0.0822138
0.0129402
0.017033
0.0167719
0.0202423
0.00615739
0.0389839
0.025029
0.00651729
0.0207983
0.360206
0.0253073
0.0365078
0.0595217
0
0
0.0230508
0.0268831
0.00877596
0
0.0510661
0.0567193
0.188758
0.021353
0.00784259
0.00651065
0.0760317
0.0234206
0.0115649
0.0320268
0
0.0247743
0.0925522
0.00647882
0.00840493
0.100376
0.0301678
0.0125699
0.0157998
0
0.0192364
0.0277091
0.23032
0.0123132
0.0365078
0
0.0196489
0.00949874
0
0.0233543
0.0100334
0.0132653
0.00822525
0.0346677
0.02671
0.0282026
0.217271
0.0109712
0.0152549
0.0259294
0.0903426
0.0158559
0.0120517
0.0321569
0.00658934
0.0169156
0.133912
0.00638851
0.00866255
0.182024
0.0405766
0.0186777
0.0466291
0.00853527
0.00651729
0.0138493
0.130572
0.0123132
0.018197
0.00768034
0.0196488
0.0186296
0.0271221
0.0155041
0.0293902
0.0333714
0.0166629
0.0175178
0.0131069
0.0138795
0.260428
0.0327512
0.0154728
0.0327349
0.0766517
0
0.0115949
0.0238456
0.0200008
0.00863184
0.11251
0.00628017
0.017258
0.165277
0.0207459
0.0190435
0.0618294
0.0170671
0.00647541
0.0206554
0.075341
0.0123132
0.00900232
0.00768034
0.0196488
0.00949874
0.0126343
0.0159916
0.0392209
0.0333338
0.0166629
0.00915311
0.026423
0.0272868
0.0138795
0.394309
0.0109712
0.0154728
0.0325919
0.0564408
0.0155378
0.0230578
0
0.00690901
0.016651
0.0820503
0.00628017
0.0172271
0.0845118
0.0200363
0.0378378
0.0228897
0.00831129
0.00650047
0.0208898
0.0646838
0
0.0180382
0.00768034
0
0
0.00791579
0.0194901
0.0331735
0.0253627
0.0174478
0.00856587
0.0141441
0.0138795
0.335452
0
0.00750312
0.059818
0.0627568
0.0232959
0.00765253
0.0271327
0.00801919
0.020029
0.0130907
0
0.0508534
0.0200452
0.032207
0.0302005
0.0164408
0.0139262
0.0212661
0
0.0180382
0.00768034
0.00943904
0.0261465
0.00791579
0.0194901
0.0197741
0.0341359
0.0261307
0
0.438879
0.0108914
0.0222752
0.046528
0.0139965
0.00809224
0.011574
0.00687305
0.00834845
0.0412744
0.0130964
0.0166592
0
0.00635337
0.0225651
0.0174306
0
0.0139262
0.0122267
0.0362019
0.00768034
0.00943904
0.0089111
0.0135205
0.00791579
0.01967
0.00667635
0.0173009
0
0
1
0.0319765
0.00739393
0.0408011
0
0.0237189
0.0164633
0.00687305
0.00903308
0.0106836
0.00659911
0.0160959
0.00658409
0
0.0175456
0.00696731
0.0267794
0.0135205
0
0.04108
0.0264258
0
0.0190396
0.981096
0
0.0421993
0
0.015747
0.0124532
0.0163046
0
0.00903308
0.0106581
0.00835083
0.0553029
0.010205
0.014792
0.0177016
0.00670972
0
0.0132057
0.0276908
0.0411661
0.00874299
0.0285407
0.017211
0.0149931
0.997673
0.02106
0.00886842
0.0653792
0.0363071
0
0.0125561
0
0.0140109
0.0174308
0.0325061
0.016653
0.0177803
0.010205
0.0408412
0.00859447
0.0131177
0.00778767
0.0449403
0.0132057
0.00990213
0.00769097
0
0.00949208
0.0276908
0.0315564
0.00764361
0
0
0.0170181
0.0149931
0.527084
0.0211052
0.00786912
0.0711429
0.0434169
0.00757626
0.0125031
0.0169777
0.00717633
0.0446332
0.0327501
0.00671481
0.00835083
0.035455
0.010205
0.0066351
0.138377
0.00828391
0.0131404
0.141873
0
0.00990213
0
0.00949208
0
0.0207884
0.00738202
0.00827354
0.00914253
0.00866882
0.0304765
0.0287629
0.316673
0.0215772
0.0851937
0.0520213
0
0.0125031
0.0331367
0.0136448
0.0520483
0.0313916
0
0.037167
0.010205
0.0135157
0.128911
0.00922492
0.00643071
0.172466
0
0
0.0195356
0.0149626
0.0208107
0.0260791
0.00914253
0
0.0149931
0.0137588
0.257841
0.033749
0.0851937
0.0440882
0
0.0249741
0.0252932
0.0136448
0.0261645
0.0308785
0.0136472
0.037167
0.0112083
0.00688064
0.128911
0.0134582
0.19344
0.0125094
0
0
0.0107214
0.0385505
0
0.0102182
0.0171985
0.00914253
0.00932462
0.0143175
0.210372
0.0231295
0
0.0628259
0.0221672
0.0151957
0.0497882
0.0169777
0.0136448
0.0355849
0.0103197
0.0136472
0.0745991
0.0208346
0.161948
0.00702747
0.20032
0.0125094
0
0.0107214
0.0290584
0
0
0.0102182
0
0.0178056
0
0.00898848
0
0.150618
0.0231295
0
0.0626423
0.0289708
0.0229624
0.0497882
0.0169777
0.0272545
0.0221253
0.00713232
0.073432
0.0139242
0.177324
0.0204056
0.236865
0
0
0
0.0194045
0
0.00853601
0.0102182
0
0
0.0263601
0.0143175
0.120466
0.0121717
0.0310652
0.0696708
0.0289708
0.00770614
0.0249741
0.00884023
0.0443314
0.0103197
0.00713232
0
0.073432
0.0109904
0.0205642
0.1861
0.0208681
0.236865
0.0112413
0.0107214
0.0292624
0
0.0310761
0
0
0
0.018421
0.120466
0.0341307
0.0397331
0.0757358
0
0.00770614
0.0125031
0.00884023
0.0182653
0.0103197
0.00713232
0
0.125564
0.0222529
0.0266865
0.177796
0.0136745
0.266184
0.0229958
0.00975539
0
0.0205723
0.00936104
0.0213326
0.00751714
0
0
0
0.0149553
0.0301124
0.0315386
0.0235313
0.0169975
0.055559
0
0.0616441
0.00884023
0
0.00942038
0.00713232
0
0.0883381
0.0112625
0.0545136
0.0889475
0.0137713
0.367633
0.0340176
0.0136147
0.0189847
0
0.00985099
0.0103981
0.00828889
0.0216977
0.00751714
0
0.00950087
0
0
0
0.0166537
0.0119169
0.0166568
0.0486081
0.00785884
0.0125033
0.0186196
0.00713232
0
0.0698088
0.0112625
0.0475628
0.0642413
0.00915319
0.013354
0.48529
0.0112413
0.0100179
0.0100423
0.0142512
0.0167931
0
0.014631
0.0183104
0
0
0.0149017
0.0158817
0
0.0119169
0.0211876
0.0152554
0.0128587
0
0.0272394
0.011763
0
0.0690219
0.0112625
0.0280966
0.0488402
0.00915319
0.0133107
0.986637
0
0.0132205
0.0196023
0.0313989
0.0203349
0
0
0
0.0436549
0.00940275
0
0.018627
0.0149017
0.0153719
0
0.00841797
0
0
0.0169868
0.0124397
0
0.0265378
0
0.0069379
0.0281974
0.0691585
0.0112625
0.0210126
0.0248548
0.00704546
0.94244
0
0.0266843
0.0392939
0
0.010496
0.0396029
0
0
0.0145185
0
0.0192811
0
0.0148722
0.0302994
0.0153719
0.0230158
0.0712691
0.0153639
0.00845055
0.0252118
0
0
0.0445379
0.0069379
0.018555
0.0183074
0.0112625
0.0281036
0.0668601
0.00714076
0.999659
0.0131201
0.0191938
0
0.0297508
0
0.0107406
0.0140747
0.00899323
0.00889933
0.0148722
0.0152069
0.0305928
0.0113897
0
0.0142531
0
0.0248426
0.0141643
0.017771
0
0.0141023
0.00918494
0.0368314
0.0541602
0.0654704
0.00886587
0.00732934
0.933249
0
0
0.00763921
0.0395584
0.0128664
0.0111125
0.0210173
0
0.00889933
0
0
0.0156435
0
0
0.0254916
0.0348055
0.0168035
0.0124575
0.006971
0.0592348
0
0.0414835
0
0.0370525
0.0105641
0.145422
0.0411543
0.01786
0.0213174
0.721149
0.0286419
0.0157088
0
0.0101793
0.0128664
0.0107281
0.0206138
0
0.0192826
0.00981369
0
0.0448707
0.0304695
0
0.0170064
0.0986015
0.0143216
0
0.0260385
0.00849025
0.0134288
0.0609102
0
0.0276225
0.0349346
0.0542251
0.0325158
0.104214
0.0654327
0.0279172
0.0209258
0.557359
0.010567
0
0.0467575
0.0159367
0.0413139
0.0474019
0.0689939
0.0242879
0.0398222
0.0217188
0.00955448
0.0180116
0.0354255
0.0141392
0.0293779
0.0748218
0.0216634
0.0246059
0.0562795
0.0218729
0.110557
0.00698494
0.0869361
0.0215124
0.0406924
0.0267587
0.0552503
0.0203559
0.0599894
0.0574115
0.0177658
0.0279546
0.392197
0.0342678
0.0769114
0.0281928
0.0230116
0.0100364
0.0287574
0.0387608
0.0647584
0.040048
0.0145822
0.0179886
0.0196399
0.0261751
0.0154038
0.0138435
0.0926994
0.0112516
0.0330891
0.0627174
0.0352366
0.0160582
0.183439
0.016753
0.00636583
0.147974
0.0452952
0.0467616
0.0344182
0.0540511
0.0203851
0.112714
0.056089
0.0267006
0.00709451
0.189772
0.0360823
0.0640871
0.0193874
0.0377612
0.0609608
0.0185065
0.0128979
0.0324716
0.040048
0.035132
0.00925093
0.00888489
0.00897097
0.0463266
0.0577445
0.0908613
0.0213943
0.0571217
0.0621166
0.0206577
0.0320087
0.19623
0.0253732
0.0353551
0.173398
0.0667149
0.0195654
0.0273935
0.141456
0.0105583
0.0846921
0.032028
0.0182578
0.00711444
0.131692
0.0351165
0.0379827
0.0395248
0.0376338
0.0490174
0.028663
0.0260974
0.0485225
0.0298827
0.0217687
0.0178875
0.0263431
0.0187049
0.0309228
0.0275826
0.0925044
0.0240974
0.0482262
0.0474759
0.0349892
0.0250317
0.255899
0.0251535
0.028066
0.183171
0.0886626
0.0191435
0.0453348
0.0675552
0.0215101
0.0792158
0.016898
0.00921477
0
0.116092
0.0595627
0.024963
0.0301878
0.0454611
0.0192364
0.0101565
0.0268784
0.0243435
0.0399181
0.0283923
0
0.0178081
0.0446223
0.0132988
0.0457371
0.0297895
0.0119883
0.072038
0.0607791
0.0229684
0.00813147
0.308481
0.0425659
0.0345385
0.133762
0.0663652
0.0349837
0.0447597
0.0341355
0.0210459
0.0665157
0.00773055
0
0.0274036
0.0937712
0.0702747
0.0363313
0.0302147
0.0165064
0.00965562
0.0392776
0.0258477
0.015697
0.0285944
0.0069104
0
0.0182681
0.0088789
0
0.0290166
0.0146956
0.049056
0.0482944
0.0218509
0.0160636
0.278094
0.0594874
0.0429475
0.0437577
0.0341419
0
0.0719375
0.0517337
0.0107303
0.0870643
0
0.00652706
0.0441044
0.0677309
0.0378968
0.0102926
0
0.065937
0.0251176
0.0157111
0.0108903
0
0
0.0148173
0.0625211
0.0650359
0.0203475
0
0.159928
0.0259031
0.00657969
0.0534623
0.00880692
0.0499239
0.0213317
0.0201698
0.0252456
0.00644733
0
0
0.0120885
0.0103635
0
0.0065213
0
0.0155942
0.0166097
0.0470813
0.00866933
0.0345919
0
0
0.0071125
0
