0.00275988
0.0596402
0.0175448
0.045234
0.00261523
0.00844174
0.0827423
0.00275808
0.00287181
0.0112442
0.00801142
0.180497
1.3112
0.839393
0.43794
0.00538781
0.613562
0
0.00293296
0.00385574
0
0.0145078
0.00293218
0.00294615
0.0286455
0.00295221
0.00293218
0.00289951
0.0529696
0.0138348
0.997429
0
0
0.0119017
0.0490639
0
0.00282754
0.00283659
0.0110945
0.016707
0
0
0.00296449
0.00282754
0.00290155
0.00275777
0.00282754
0.00567364
0.00282754
0.00290089
0.00282754
0.0212066
0.00294697
0.0109943
0.00339305
0.53823
0.0206676
0
0
0.180557
0.0263388
0.00967185
0.00293925
0.0056074
0.0281279
0.150988
0.316933
0.735804
0.0165485
0.0499744
0.0370085
0.213658
1
0.324692
0.00318239
0.00540075
0.00848939
1.03396
0.00673749
0.00267735
0.002695
0.0135548
0.0458151
0.00513558
0.00259623
0.0113515
0.00259715
0.00513558
0.00513558
0.00907357
0.00276153
0
0.00567526
0.00662764
0.00282645
0.00264711
0.0132427
0.00353746
0.00557299
0.0294585
0.0393689
1
1.00787
0.00254863
0.00543772
0.00349055
0.00255901
0
0.0025987
0.00255973
0.0113515
0.00345481
0.00271722
0.0125372
0
0.0168382
0.0027578
0.00271097
0.00276638
0.00564375
0.0534527
0
0.00558279
0
0.00265671
0
0
0
0.00264869
0.00530731
0.0105096
0.0167539
0.0254612
0.995627
1.00757
0
0.00460476
0.0218307
0.0028729
0
0.00425784
0.00267214
0.00248376
0
0
0.00256727
0.0165614
0.00499575
0.0112659
0.00285528
0.00840147
0.00499575
0.00254204
0.00286385
0.00266396
0
0.00814669
0
0
0.00867998
0.00266396
0
0.00264869
0.00247303
0.00858482
0.00262538
0
0.00521866
0.0049107
0
0.00793457
0.00508238
0.00262484
0.09317
0.0133198
1
0.99475
0
0
0.00354989
0
0.00803907
0
0.00544523
0
0
0.00276286
0
0.00812952
0.00694397
0.00534353
0
0.00814969
0.00253876
0.00258812
0.0129989
0.0372017
0.07559
0.00259735
0.00248763
0
0.00761629
0
0.00258812
0.00259735
0.00251841
0.00324459
0.0208076
0.00271097
0
0.00243055
0.00281389
0.00260492
0
0.0218203
0.00240173
0.00344241
0
0.00253912
0.00809267
0
0
0.0209334
0.00268741
0.00253912
0
0.00279112
0.00837337
0.00251829
0.0025547
0.0128201
0.00262422
0.07658
0.00790394
0.0671558
0.00555425
0
0.00248551
0
0.00239399
0.00258812
0.00524862
0.00544217
0.00564271
0.238501
0.0196058
0.965437
0.954644
0.995565
0
0
0.00288516
0.00331143
0.00280605
0.00342875
0.0116424
0.00509162
0
0.00248763
0.00275518
0.00277063
0
0.00248551
0.00560894
0.00785887
0
0.00250422
0.00990743
0.00248551
0.00564485
0.00539896
0.00287465
0.00232234
0
0.00261377
0.012151
0.00839953
0.0452427
0.00264944
0.00276286
0.00413912
0.00660496
0.00264869
0.00248347
0.0066599
0
0.00261446
0.00276181
0.00268419
0.00250881
0.00380814
0.00259735
0.0027386
0.0069137
0.00248763
0.00268419
0.00516783
0.0025927
0.00725284
0
0.0444002
0.00268419
0.0025927
0.00777182
0.0190367
0
0.00926391
0
0
0.00534583
0.00231618
0.00258967
0.00358461
0.0108969
0
0.0155836
0.0153282
0.00248551
0.00499167
0.00346122
0.016087
0.126353
0.00273551
0
0.00258954
0.00349718
0.0025338
0.308692
0.00259735
0.0336949
0.014384
0.00998985
0.00261358
0.00248376
0.00796436
0.00271011
0.0192281
0.00279445
0
1.06288
0.0331721
0.0130957
0
0.00354334
0
0.011962
0.0025839
0.00515708
0
0.00565198
0.00735639
0.0178368
0.00268419
0
0.0105667
0.00369128
0.00930374
0
0.00268419
0
0
0.0026595
0.00248551
0
0
0.0161409
0
0.00260726
0.00273447
0
0
0.00248551
0
0.00266398
0.00309934
0.00840975
0.0029048
0.00436241
0.00272361
0.00732053
0.0114182
0
0.0025839
0
0.981047
0.968697
0
0.0313148
0
0
0
0
0
0.0111746
0.00348371
0.00263086
0.00800963
0.00558789
0.00257699
0.00254242
0.0185127
1.0152
0.00272768
0.00324669
0.00557517
0
0.00270469
1
0.645925
1
0
0
0.00271877
0.0451053
0
0.0135048
0.0109792
0.00685673
0.0027578
0
0.00266038
0.0164938
0
0.0222813
1
0.351752
0.609057
0.00318646
0.991363
0.0640601
0.0027578
0.00313515
0.013789
0.0027578
0
0.00257887
0
0.00811786
0
0.00430649
0.00634485
1.01593
0.617069
0.00258921
0.00272974
0.0559915
0.0070909
0.00737532
0.00350061
1
0.118685
1.01644
1
0.702466
0.0661792
0.00382018
0.0676745
0.0191009
0.0109983
0.035331
1.31129
0.83701
0.0122875
0.00284282
0.0026271
0.00284282
0.0116527
0.00376457
0.00271896
0.0135948
0.97942
0.355605
0.495601
0.00259296
0.00271972
0.00259369
0.00299167
0.00243621
0.0027012
0.00271819
0.00259369
0.00259442
0.00278243
0.00270764
0.00290661
0.00271896
0.00271896
0.0109589
0.00592736
0.00535511
0.0603514
0.282526
0.0025004
0.0028155
0.00280171
0.00516254
0.00255878
0.00298593
0.00268481
0.0354247
0.00470973
0.0107814
0.0595086
0.00562863
0.00563898
0.00813499
0.0201285
0.00272625
0.00602684
0.0246414
0.00260065
0.00270764
0.99804
0.00985082
0
0.00274032
0.00274032
0.00277774
0.00274032
0.0203922
0.00914664
0.0103092
0.027961
0.0444052
0.0151619
0.0512796
0.0213707
0.00263467
0.0060083
0.00274913
0.00274445
0
0.00259722
0.00288831
0.00684833
0.00552416
0.0288831
0.00263924
0.723391
0.00247671
0.00287577
0.00527765
0.00254973
0
0.00541376
0.00256246
0.00296286
0.0024838
0.00291577
0.00263713
0
0.00512652
0.00289255
0.00291606
0.00263713
0
0.00329642
0
0.0073516
0
0
0.00621529
0
0.00388099
0.00349613
0.00850718
0
0
0
0.00257906
0.0148556
0.00275606
0.00269028
0.00433681
0
0.0201299
0
0
0.00318566
0.00261952
0.564783
0.00287577
0
0.00287658
0.00563155
0.00285403
0.0112605
0.00263987
0.00296799
0.00314819
0.00402975
0.00582095
0.00409474
0.00553756
0.0110818
0.00289331
0.00309822
0.00450421
0.00314029
0.00305747
0.00300281
0.0025794
0.0178739
0.00577358
0.00268772
0.00309822
0
0.00315198
0
0.00554091
0
0.132736
0.00301478
0.00263987
0.00267125
0.00284962
0.00287577
0.00287577
0.00597167
0.00287577
0.0028032
0.0346634
0.00284882
0.00267412
0.0312124
0.0085395
0.00294118
0
0.0026838
0
0.00467357
0.00277855
0
0
0.0045316
0.00697523
0
0.0398032
0
0.00281092
0
0
0.0030479
0.0254679
0.033932
0.00567548
0.00299167
0.00290618
0.00296883
0.0026838
0.00299167
0.00275232
0.00299167
0
0
0.0044727
0
0.0309264
0.00741937
0
0.086487
0.00445784
0
0.00573704
0.00623564
0.00297189
0.00420621
0
0
0.00567548
0
0
0.0158045
0.0201263
0.00299167
0.00304776
0.00556782
0
0.958496
0.0224053
0.00609605
0.00271031
0.00427544
0
0.00284637
0.00581681
0.00871156
0
0.0212943
0.00284038
0.00810485
0
0.0109906
0
0.00260894
0.0030739
0.00256874
0.00312285
0.00774356
0.00301564
0.0058817
0
0
0.00599553
0.00563482
0.00880848
0.00613831
0.0298451
0.013356
0.00272804
0.00265622
0.00734592
0.00581681
0
0.0143535
0.00864489
0.00694999
1
0.0420768
0.0026712
0.119207
0
0.00328394
0.00358651
0.00305049
0.00287461
0
0.0359874
0.00270397
0.00308976
0.00274913
0.00614048
0.00863372
0.00592567
0.0102747
0.00524452
0.0441334
0
0
0.0116339
0.00289572
0.00274635
0.0153707
0.0347453
0.00602271
0
0.0170936
0.00331751
0.00573234
0.00589518
0.0061351
0.0357368
0.00269321
0.00910729
0.00294841
0.00280121
0.00928942
0.0234423
0.192371
0
0.39198
0.00835648
0.00286446
0.00296663
0
0
0.0250186
0
0.0031236
0.00282291
0.00300659
0.00284565
0
0
0
0.00279679
0.00386393
0.0170978
0
0.0221636
0.00296371
0.00280984
0
0
0.00574181
0.00309544
0.00285273
0.00277328
0.0083422
0.00310202
0
0.00298576
0.00309048
0.00815887
0
0
0
0
0
0.00285273
0
0
0.00300659
0.00375826
0
0.0249128
0.00296296
0.00294179
0.00775574
0
0.00310747
0.00359609
0
0
0.0352552
0.00287461
0.0206687
0.00895364
0.0865978
0.0702573
0.0364915
0.626647
0.00310747
0
0
1.09777
0
0
0.010833
0.00281522
0.0026712
0
0.00272741
0
0
0.00673536
0
0.00284637
0
0.00299791
0.0026712
0
0
0.00298576
0.00599642
0.00283473
0
0.00294161
0.00293908
0.0140717
0.0179145
0.00595464
0.00424198
0.0161849
0
0
0.00732706
0.00275262
0.0028671
0.0859755
0.00278807
0.00299027
0.00732706
0.00751979
0.00305864
0.0058012
0
0.0088265
0.00971288
0.0201684
0.00296851
0
0.00275262
0.00307449
0.00286514
0.00545634
0.00689314
0.0116877
0
0.00284565
0.00269321
0
0.0029629
0.00464066
0
0
0
0.00296663
0.00351548
0.0419789
0.00284565
0.00868254
0.0262248
0.0523284
0.0262937
0.0106342
0
0.0127141
0.00272714
1.11021
0.00293991
0.0044936
0
0.00292564
0.00297411
0
0.0103672
0.00286941
0.0124953
0.0027786
0.00289177
0.008412
0.00322071
0
0.00302145
0.0027375
0
0
0
0.00573482
0.00330862
0.00269321
0.0027375
0
0
0
0
0
0.0055136
0.00252916
0
0.0077199
0.00584737
0.0055136
0
0.00274834
0.0263715
0.00292205
0.00545983
0.132719
0.00295766
0.00285231
0
0
0
0.0056982
0.0227628
0.0198992
0.0147663
0.00295433
0.0179067
0.00275143
0.00270015
0
0
0.00294445
0.00558235
0.00367256
0.00260502
0.00299966
0.0110845
0.0337684
0.00562021
0.00687465
0
0.00269321
0.0112933
0
0.0140955
0.124682
0.00267228
0.0118785
0.05311
0.044565
0
0.00557279
0.00617445
0.00289177
0.00370323
0.0281339
0.022348
0.0968456
0.0388948
1.10125
0.00845474
0.0186128
0.00777075
0.966994
0.00642246
0.00929338
0
0.00609556
0.029084
0.00734771
0.00555015
0.00980103
0.00290613
0
0.00291516
0
0.00299825
0.00281759
0.00280041
0.0425321
0.00434411
0.00273494
0.00290098
0.00281759
0.00264686
0
0.040401
0
0
0
0.00284565
0.00266154
0.00264435
0.00579582
0
0.00298653
0
0.00801898
0.086906
0.00419221
0.0090404
0
0.00305483
0.00373714
0.00896063
0.167389
0.00301648
0.00298387
0
0.00558017
0.00936773
0.00599573
0.00335823
0.00841461
0.0173254
0.0147661
0.0149324
0.0105333
0.00426493
0.0025034
0
0
0.00564599
0.0208348
0.00811513
0.0363205
0.00297742
0.0125733
0.00760368
0.00499541
0
0.00287461
0.00832935
0.0540939
0.0358473
0.0570321
0.00306487
0.0141347
0.0496196
0.0205018
0.00253316
0.00496268
0
0
0
0.00539202
0.00958205
0.019225
0.00257897
0.0198724
0.161342
0.0265157
1.05164
0.00400832
0.0103488
0.00279889
0.935272
0
0
0.00515856
0.00603116
0.00577746
0.00306673
0.00544255
0.00285691
0
0
0
0.0027277
0.00495171
0.00619027
0.00294573
0.00278207
0.00512348
0.00284644
0.00537117
0.00833048
0.00597339
0.00271705
0
0.00815177
0
0.0141303
0.0110023
0.00592129
0.00577722
0
0.0026934
0
0.00542836
0.00835842
0
0.00287032
0.0026041
0.00257288
0.00246104
0.00256173
0
0
0.00534274
0.00299421
0.00255481
0.0025641
0.00859541
0
0.00279889
0.00244629
0.00553024
0.00544125
0.00491454
0.00537918
0.0134711
0.0161593
0.00299188
0.00531818
0
0.00259224
0.00466482
0.00305176
0
0.0410584
0.0065535
0.00585297
0.0028734
0.0521393
0.00251994
0.005643
0.00566246
0.00813962
0.00572809
0.0161938
0.0112025
0.00846277
0.0270237
0.0320852
0.00258273
0.00533928
0.00580264
0.0052807
0.0166319
0.00274759
0.00261114
0.00583614
0.008431
0.026119
0.639365
0.00295568
0.00294573
0.624345
0.00249709
0.00253196
0.0029041
0.00440788
0.010872
0
0.00565512
0
0
0.0049988
0.00261425
0.0253248
0.0173657
0
0.0109969
0
0.0025641
0.00682141
0
0
0.00516964
0
0.00563606
0.0025641
0.0304627
0.00289428
0.00275334
0.00281759
0.00267852
0
0.002645
0.00544025
0.00561183
0.0144057
0.00775491
0
0.0163947
0.00294664
0.00303499
0
0.0123852
0.00296761
0.00398023
0
0.00255988
0.00296342
0
0.00397521
0.00262716
0.00414336
0.00910795
0.00283305
0.0029534
0
0.00771968
0
0
0.00297549
0.00300643
0.00885797
0.002777
0.00642719
0.020037
0.00863988
0.00553836
0.0038188
0.0121796
0.00483938
0.00265518
0.00714066
0.00570902
0.0111904
0.0030332
0.0891181
0.0104983
0.582655
0.0117207
0.00514581
1.14283
1.01688
0
0
0.0147796
0.00297225
0.0247834
0.0154531
0.00299198
0.00274759
0.00256337
0.00509003
0.00248995
0.00297977
0.00277466
0.00303972
0
0
0
0
0.00562623
0
0.00621505
0.00253903
0.00255705
0.00266454
0.00253865
0.00527282
0.00291944
0.00309428
0.0024996
0.00563462
0.00820851
0
0
0.00258677
0.00563462
0.026479
0.00274363
0.00836158
0.00893757
0.00842783
0
0
0
0.00452581
0.00269453
0.00857027
0.00263136
0.00547504
0
0
0
0
0.00260144
0.00700652
0.0250511
0.00559469
0.0026953
0.0256505
0.0289962
0
0.00246065
0.00301519
0.0136099
0.0116871
0.0309353
0.00718267
1.12093
0.00579156
0.0583443
0.979378
0.00264761
0.00281239
0.00433675
0.00752848
0.00297977
0.00272347
0.00274738
0.00727703
0
0
0.00259224
0
0
0
0.00568735
0.00565473
0.00559385
0
0
0.00287694
0.00559664
0
0
0.00272406
0.00278111
0.00290216
0.00284772
0
0.00273317
0
0
0.00286143
0.00836183
0.0417665
0
0.00364104
0.0025331
0.00286874
0
0.005227
0.00670389
0.0030502
0.00377872
0.00856352
0.00448218
0.00274759
0.00283429
0
0
0.00958929
0.00277212
0.0197645
0.00782545
0.0359849
0
0.00283907
0.00246065
0.00286871
0.00562098
0
0.00540951
0.024647
0
0.00351522
0.00816525
0.0141693
0.00864523
0.025628
0.00862343
0.0089885
0.00272501
0.00791217
0.00333985
0.00280288
0.00283906
0.00535936
0.00259224
0.00312036
0.00292251
0.00277175
0.0336975
0.00244075
0.00297977
0.00244371
0.00558216
0.00289099
0.00296814
0.00266364
0
0.00283547
0.00253865
0.00272498
0.00574345
0.00252087
0.00818679
0.00568622
0.00549697
0.00261531
0.00360696
0.021233
0
0.00305954
0.00252494
0.00247087
0
0.0027738
0.0110628
0
0.00543817
0.00566116
0.0135175
0
0.0028062
0.00246411
0.00290035
0
0
0
0.00269423
0.0636103
0.00264663
0.00588257
0.019555
0
0.0048642
0.0056065
0.0024978
0.00589337
0.00459291
0.00276635
0.00584305
0.0348677
0.00413268
0.00253912
0
0.0025248
0.0102824
0
0.00253087
0.0107997
0.00280302
0.00278151
0.00265714
0.00259224
0
0.00253802
0.00248925
0.0026451
0.00253865
0
0
0.0026451
0.00286635
0.0115392
0.0025641
0
0.00390902
0.0188491
0
0
0.00795002
0.0027375
0
0.0723049
0.00399841
0.968501
0.528854
0.0796751
0.00549482
0.00261271
0.0030139
0.00550117
0.0164291
0.00625479
0.00573942
0.00296197
0
0.00259882
0.00262763
0.0643153
0
0.00503645
0.0165028
0.00273302
0
0.00572939
0.00254408
0
0
0
0.00839408
0.00287167
0.0130173
0
1
0.00528712
0.00291815
0.00435053
0
0.00292424
0.00571347
0.00836349
0.00787029
0
0
0.00841851
0.00290502
0.0165796
0.00553916
0.00853467
0.00297485
0.00250236
0
0.00549739
0.00300668
0.00277968
0.00297485
0.00306072
0.0056434
0.0143696
0
0.00276793
0.0738331
0
0.0389022
0.011451
0
0.0132167
0
0.983574
1.0113
0.0180762
0.0167503
0.00753303
0.0108938
0.00290502
0.00259446
0.00774692
0.0140084
0.00856959
0.00542583
0.00304957
0.042421
0.00297282
0.00571347
0.0649066
0.00304725
0.00560224
0.00571347
0.00387533
0.174243
0.00422142
0.934242
0.00264585
0.00248471
0.00452099
0.00304931
0.00290307
0.00256318
0.00248855
0.0143272
0.0144899
0.00256318
0
0.00247392
0.00258847
0.00260638
0
0.00264027
0.0132166
0.0026041
0.0462827
0.0271451
0.00811001
0
0.00798402
0.987248
1
0.00509482
0.00296197
0.00292158
0.00964079
0.0369568
0.0114497
0.00386655
0.00663213
0
0.112503
0.0024647
0.0230377
0.00534905
0.00502787
0.00842567
0
0.0233553
0.00270542
0.0024647
0.503832
0.00481698
0.00303248
0.00268149
0.00426497
0.00550512
0
0
0
0.00302161
0.125707
0.0130196
0.0111604
1.03312
1
0.0219895
0
0.0813902
0.00256318
0.0203471
0
0
0.00384476
0.00263748
0
0.0697469
0.0917316
0.00539183
0.00560299
0.988497
0.00495348
0.0077627
0.0297209
0.00495348
0.00743022
0.00742242
0.00594418
0.00495348
