0.00427081
0.00427081
0.00354393
0.00354393
0.00354393
0.00355705
0.0038409
0.0038409
0.0038409
0.0038409
0.0068204
0.0101782
0.0101782
0.0101782
0.00838037
0.00976616
0.00976616
0.00834778
0.00834778
0.00834778
0.00834778
0.00834778
0.00834778
0.00633072
0.00633072
0.00633072
0.00633072
0.00974829
0.00974829
0.00974829
0.00974829
0.00836798
0.00836798
0.00887616
0.00887616
0.00887616
0.00733482
0.00733482
0.00726408
0.00726408
0.00726408
0.00726408
0.00726408
0.00726408
0.00769172
0.00769172
0.00769172
0.00769172
0.00787481
0.00787481
0.00787481
0.00797712
0.00797712
0.00797712
0.00797712
0.00797712
0.00806104
0.00806104
0.0105514
0.0105514
0.0105514
0.0105514
0.00742589
0.00742589
0.00742589
0.00742589
0.00940664
0.00940664
0.00940664
0.00940664
0.00940664
0.00940664
0.00940664
0.00940664
0.00940664
0.00856664
0.00856664
0.00772445
0.00772445
0.00406484
0.00406484
0.00577571
0.00577571
0.00577571
0.00387029
0.00387029
0.00387029
0.00387029
0.00723808
0.00748532
0.012932
0.012932
0.012932
0.00911266
0.00927283
0.00709461
0.00709461
0.00799714
0.00799714
0.00799714
0.00799714
0.00799714
0.00799714
0.0106154
0.0106154
0.0106154
0.0106154
0.00874035
0.00923268
0.00923268
0.00923268
0.0112134
0.0112134
0.0112134
0.0112134
0.0072827
0.0072827
0.00778428
0.00778428
0.00778428
0.00778428
0.00778428
0.0110051
0.0110051
0.0110051
0.0110051
0.0110051
0.00956873
0.00956873
0.00956873
0.00956873
0.0116215
0.0116215
0.0116215
0.0104
0.0104
0.0104
0.00856299
0.00719006
0.00719006
0.00719006
0.00711768
0.00711768
0.00711768
0.00711768
0.00711768
0.00711768
0.00711768
0.00711768
0.00994572
0.00994572
0.00994572
0.00994572
0.00994572
0.00994572
0.00996321
0.00996321
0.0075559
0.0120475
0.0120475
0.0107353
0.0107353
0.0107353
0.0107353
0.00939398
0.00939398
0.00939398
0.00939398
0.00939398
0.00939398
0.00939398
0.00939398
0.0081161
0.0081161
0.0081161
0.00846602
0.00846602
0.00846602
0.00846602
0.00921222
0.00921222
0.00921222
0.00921222
0.00921222
0.00921222
0.00921222
0.00921222
0.00921222
0.00720796
0.00720796
0.007623
0.00729208
0.00887741
0.00887741
0.00887741
0.00882565
0.00928004
0.00928004
0.00928004
0.00928004
0.010366
0.010366
0.010366
0.010366
0.010366
0.010366
0.010366
0.010366
0.00749518
0.00749518
0.00749518
0.00882625
0.00882625
0.00767586
0.00763265
0.00763265
0.00763265
0.00745926
0.00908094
0.00908094
0.00908094
0.00711875
0.00711875
0.00656834
0.00656834
0.0129213
0.0129213
0.00760616
0.00760616
0.00760616
0.0125673
0.0125673
0.0125673
0.0125673
0.0125673
0.0125673
0.0101368
0.00780414
0.00780414
0.00780414
0.0073103
0.0073103
0.0073103
0.0073103
0.0073103
0.0073103
0.00789324
0.0112155
0.00751544
0.00751544
0.00751544
0.00751544
0.00751544
0.00681784
0.00938335
0.00938335
0.00938335
0.00938335
0.00938335
0.00938335
0.00938335
0.00938335
0.00501601
0.00681695
0.00837613
0.00837613
0.00837613
0.00837613
0.00837613
0.00837596
0.00837596
0.00837596
0.00887161
0.00738531
0.00830931
0.00719609
0.00780953
0.00780953
0.00780953
0.00855981
0.00816563
0.00816563
0.00816563
0.00816563
0.00803366
0.00803366
0.00803366
0.00803366
0.00803366
0.00803366
0.00803366
0.00803366
0.00794261
0.00794261
0.0118529
0.0118529
0.0118529
0.00720315
0.00720315
0.00720315
0.00699035
0.00850476
0.00850476
0.00876224
0.00876224
0.00876224
0.00876224
0.00876224
0.00876224
0.00876224
0.00876224
0.00876224
0.00811404
0.00811404
0.00811404
0.00797604
0.00967814
0.00967814
0.00967814
0.00967814
0.00967814
0.00967814
0.00967814
0.00903517
0.00903517
0.00771662
0.00771662
0.00771662
0.00771662
0.0085896
0.0085896
0.00727056
0.00727056
0.00727056
0.00847191
0.00936237
0.00936237
0.00936237
0.00936237
0.00936237
0.00810565
0.00810565
0.00810565
0.00810565
0.00810565
0.00810565
0.00810565
0.0120962
0.00805515
0.00805515
0.00805515
0.00805515
0.00805515
0.00805515
0.00805515
0.00805515
0.00993084
0.00853723
0.00853723
0.00853723
0.00853723
0.00853723
0.00853723
0.00853723
0.00853723
0.0068555
0.0068555
0.00732766
0.00732766
0.00732766
0.00732766
0.00732766
0.00732766
0.00732766
0.00732766
0.00732766
0.00737728
0.00751422
0.00751422
0.00751422
0.00747416
0.00747416
0.00747416
0.008086
0.008086
0.008086
0.008086
0.0146492
0.0146492
0.0146492
0.0103227
0.0084094
0.0084094
0.00848751
0.00848751
0.00848751
0.00848751
0.00848751
0.00848751
0.00848751
0.00779433
0.00779433
0.00779433
0.00779433
0.00931982
0.00931982
0.00931982
0.00838387
0.00720259
0.00720259
0.00720259
0.00834448
0.00834448
0.00834448
0.00793397
0.00793397
0.00793397
0.00713499
0.00713499
0.00762639
0.00762639
0.00762639
0.00762639
0.00762639
0.00813021
0.00813021
0.00813021
0.00813021
0.00813021
0.00813021
0.0121329
0.0121329
0.00998977
0.00780813
0.00780813
0.00780813
0.00780813
0.00824968
0.00824968
0.00824968
0.00824968
0.00719243
0.00683929
0.00840358
0.00840358
0.00840358
0.00840358
0.00840358
0.00877227
0.00877227
0.00877227
0.00877227
0.00877227
0.00877227
0.00877227
0.00877227
0.0073663
0.0073663
0.0073663
0.0073663
0.0073663
0.00963388
0.00963388
0.00963388
0.00963388
0.00963388
0.00743453
0.00743453
0.00743453
0.0072414
0.0072414
0.00879885
0.00879885
0.00879885
0.00879885
0.00879885
0.00879885
0.00879885
0.00714885
0.00714885
0.00714885
0.00714885
0.00714885
0.0101578
0.0101578
0.0103452
0.0103452
0.0103452
0.0103452
0.0103452
0.0103452
0.00812248
0.00812248
0.00812248
0.0072107
0.0155993
0.0155993
0.0155993
0.0155993
0.00787365
0.00787365
0.00680892
0.0103901
0.0103901
0.0103901
0.0103901
0.0103901
0.00778226
0.00778226
0.00778226
0.00794586
0.00794586
0.00794586
0.00794586
0.00874419
0.00874419
0.00886647
0.00886647
0.00886647
0.00779503
0.00833669
0.00833669
0.00833669
0.00678043
0.00678043
0.00724742
0.00724742
0.00724742
0.00724742
0.00724742
0.00731305
0.00731305
0.00731305
0.00731305
0.00731305
0.00712787
0.00712787
0.00712787
0.00754621
0.00754621
0.00754621
0.00754621
0.00765146
0.00765146
0.00765146
0.00759238
0.00759238
0.00759238
0.00759238
0.00777035
0.00777035
0.00777035
0.00777035
0.00898726
0.00898726
0.00898726
0.00898726
0.00898726
0.00898726
0.00898726
0.00859347
0.00859347
0.00859347
0.00994947
0.00994947
0.00994947
0.00732423
0.00732423
0.00732423
0.00732423
0.00732423
0.00854345
0.00854345
0.00854345
0.00854345
0.00854345
0.00854345
0.00854345
0.00785387
0.00785387
0.00785387
0.00909414
0.00909414
0.00909414
0.00909414
0.00909414
0.00909414
0.00766351
0.00766351
0.00766351
0.00718444
0.0155425
0.0155425
0.0155425
0.0155425
0.00839519
0.00901058
0.00901058
0.00798709
0.00742984
0.00742984
0.00742984
0.00898461
0.00898461
0.00898461
0.00898461
0.00898461
0.00898461
0.00898461
0.00898461
0.00898461
0.0131519
0.0131519
0.0131519
0.0101352
0.0101352
0.00776791
0.00763394
0.00763394
0.00763394
0.00763394
0.00763394
0.00878286
0.00779877
0.00958251
0.00958251
0.00958251
0.00958251
0.00827691
0.0100763
0.0100763
0.0100763
0.0100763
0.0100763
0.00769381
0.00769381
0.00769381
0.00769381
0.00769381
0.00769381
0.00769381
0.00769381
0.00812621
0.00812621
0.00812621
0.00812621
0.00812621
0.00812621
0.00781063
0.00781063
0.00781063
0.00781063
0.00850735
0.00850735
0.00850735
0.00850735
0.00967667
0.00699269
0.00699269
0.00732142
0.00732142
0.00732142
0.00732142
0.00732142
0.00958259
0.00958259
0.00958259
0.00958259
0.00958259
0.00958259
0.00958259
0.00958259
0.00957693
0.0068385
0.0068385
0.00730949
0.00730949
0.00730949
0.00730949
0.00730949
0.0100888
0.0100888
0.0100888
0.00830676
0.0075734
0.0075734
0.0075734
0.00843098
0.00843098
0.0109922
0.0109922
0.00679634
0.00679634
0.00679634
0.00679634
0.00811724
0.00811724
0.00811724
0.00630502
0.00630502
0.00630502
0.00630502
0.00821429
0.00821429
0.00821429
0.00976426
0.00976426
0.00976426
0.00976426
0.00858435
0.00858435
0.00834616
0.00388887
0.00894849
0.00894849
0.00894849
0.00894849
0.00894849
0.00894849
0.00894849
0.00894849
0.0068092
0.00836661
0.00836661
0.00836661
0.00836661
0.00904272
0.00904272
0.00779411
0.00779411
0.00779411
0.00779411
0.00779411
0.00902399
0.00711663
0.0122951
0.0122951
0.0122951
0.00866382
0.00866382
0.00706993
0.000760733
0.000760733
0.00769326
0.0132913
0.0132913
0.0132913
0.00773016
0.00773016
0.00773016
0.00773016
0.00840912
0.00840912
0.00852013
0.00895879
0.00895879
0.00895879
0.00861935
0.00861935
0.00861935
0.00768898
0.00768898
0.00768898
0.00768898
0.00768898
0.00742406
0.00742406
0.00742406
0.00742406
0.00903808
0.00753263
0.00753263
0.00753263
0.00725982
0.00725982
0.00725982
0.00793179
0.00793179
0.00793179
0.00793179
0.00793179
0.00897534
0.00897534
0.0072837
0.0072837
0.0072837
0.00762911
0.00762911
0.00762911
0.00762911
0.00816674
0.00719719
0.00719719
0.00719719
0.00773943
0.00773943
0.00773943
0.00742055
0.00742055
0.00742055
0.00687176
0.00687176
0.00687176
0.00687176
0.00995099
0.00995099
0.00995099
0.00995099
0.00995099
0.00995099
0.00995099
0.00995099
0.00850576
0.00850576
0.00816551
0.00816551
0.00816551
0.0100331
0.0100331
0.007257
0.007257
0.007257
0.007257
0.007257
0.007257
0.007257
0.007257
0.0078462
0.0078462
0.0078462
0.00680814
0.00680814
0.00680814
0.00680814
0.00783745
0.00783745
0.00783745
0.00760166
0.00760166
0.00760166
0.0115935
0.00954561
0.00954561
0.00954561
0.00954561
0.00954561
0.0074708
0.0074708
0.0074708
0.00850622
0.00850622
0.00850622
0.00850622
0.00850622
0.00850622
0.00850622
0.00727083
0.00788725
0.00788725
0.00788725
0.00788725
0.00788725
0.00292947
0.00292947
0.00313123
0.00313123
0.00313123
0.00313123
0.00313123
0.00313123
0.00313123
0.00313123
0.00313123
0.00745453
0.00745453
0.00745453
0.00864888
0.00864888
0.00864888
0.0105292
0.0105292
0.00822496
0.00822496
0.00822496
0.0115226
0.0115226
0.0115226
0.0115226
0.0115226
0.0115226
0.0115226
0.0115226
0.0115226
0.00720427
0.00720427
0.00720427
0.00720427
0.00711326
0.00711326
0.0106153
0.0106153
0.0106153
0.0106153
0.00748069
0.00910703
0.00910703
0.00910703
0.00747719
0.00747719
0.00747719
0.00747719
0.00747719
0.00804979
0.00804979
0.00804979
0.00818179
0.00996055
0.00996055
0.00996055
0.00735422
0.00903629
0.00903629
0.00903629
0.00903629
0.00903629
0.010026
0.00756008
0.00756008
0.00756008
0.00896189
0.0094233
0.0094233
0.0094233
0.0094233
0.00751802
0.00751802
0.00751802
0.00999729
0.00999729
0.00857361
0.00857361
0.00857361
0.00857361
0.00715335
0.00715335
0.00715335
0.00690029
0.00690029
0.00690029
0.00690029
0.00690029
0.00677501
0.00677501
0.0111881
0.0111881
0.0111881
0.0111881
0.0111881
0.0111881
0.0111881
0.0111881
0.0111881
0.00801619
0.00801619
0.00716923
0.00716923
0.00716923
0.00716923
0.00953118
0.0100219
0.0100219
0.0100219
0.0100219
0.00802629
0.00829764
0.00829764
0.00829764
0.00711532
0.00711532
0.0106184
0.0106184
0.0106184
0.0106184
0.00724006
0.00724006
0.00724006
0.00724006
0.00774612
0.00951782
0.00951782
0.00951782
0.00951782
0.0100534
0.0100534
0.0100534
0.0100534
0.0100534
0.0100534
0.0100534
0.0100534
0.0100534
0.00766446
0.00766446
0.00799711
0.00799711
0.00799711
0.00799711
0.00799711
0.00799711
0.00733338
0.00733338
0.00733338
0.00733338
0.00991301
0.00941486
0.00941486
0.00941486
0.00941486
0.00941486
0.00941486
0.00941486
0.0080475
0.00922718
0.00922718
0.00922718
0.00922718
0.00922718
0.00922718
0.00922718
0.0081338
0.0081338
0.0081338
0.00726385
0.00726385
0.00726385
0.00726385
0.00726385
0.0111155
0.0111155
0.0111155
0.0111155
0.0111155
0.0111155
0.0111155
0.0111155
0.0111155
0.00852386
0.00852386
0.00852386
0.00852386
0.00852386
0.00852386
0.00852386
0.00734814
0.00894566
0.00894566
0.00894566
0.00894566
0.00819569
0.00819569
0.00819569
0.00837833
0.00716074
0.00716074
0.00716074
0.00716074
0.00716074
0.00871752
0.00931182
0.00829415
0.00829415
0.00829415
0.00829415
0.00769916
0.00769916
0.00769916
0.00769916
0.00937299
0.010508
0.010508
0.010508
0.010508
0.010508
0.010508
0.010508
0.00899356
0.00899356
0.00899356
0.00731851
0.00731851
0.00731851
0.00731851
0.00936093
0.00834126
0.00834126
0.00834126
0.00834126
0.00834126
0.00834126
0.00793458
0.00793458
0.00793458
0.00736651
0.00736651
0.00736651
0.00733943
0.00733943
0.00733943
0.00733943
0.00989978
0.00723673
0.00723673
0.00723673
0.00723673
0.00723673
0.00728384
0.00728384
0.00728384
0.00728384
0.00709757
0.00709757
0.00709757
0.00709757
0.00821191
0.00821191
0.00821191
0.00715022
0.00715022
0.00715022
0.00715022
0.00805694
0.00805694
0.00989973
0.00989973
0.00989973
0.00989973
0.00675607
0.00675607
0.00675607
0.00675607
0.00796034
0.00796034
0.00796034
0.00978104
0.00978104
0.00794259
0.00794259
0.00794259
0.0100796
0.0100796
0.00715465
0.00984136
0.00860891
0.00713115
0.00713115
0.00762229
0.00762229
0.00762229
0.00762229
0.00762229
0.00721785
0.0112017
0.0112017
0.0112017
0.0112017
0.0112017
0.0112017
0.0112017
0.0112017
0.0112017
0.00721595
0.00721595
0.0070683
0.0070683
0.0070683
0.0070683
0.00740218
0.00740218
0.00740218
0.00787071
0.00787071
0.00787071
0.0115341
0.0115341
0.0115341
0.0115341
0.0115341
0.0115341
0.0115341
0.0115341
0.0115341
0.00922019
0.00922019
0.00922019
0.00841461
0.00841461
0.00841461
0.00841461
0.00841461
0.00841461
0.00841461
0.00719252
0.00796999
0.00796999
0.00796999
0.00796999
0.00796999
0.00796999
0.00796999
0.0118938
0.00832033
0.00832033
0.00770557
0.00770557
0.00770557
0.00770557
0.00938079
0.00721283
0.00721283
0.00721283
0.00728554
0.00728554
0.00728554
0.00728554
0.00728554
0.00713744
0.00713744
0.00713744
0.0114273
0.0114273
0.0114273
0.0114273
0.0114273
0.0114273
0.0114273
0.0114273
0.0114273
0.00801264
0.00801264
0.00801264
0.00694863
0.00694863
0.00694863
0.00694863
0.00855503
0.00723059
0.00723059
0.00723059
0.00723059
0.00723059
0.00880691
0.00926034
0.00926034
0.00926034
0.00926034
0.00955319
0.00955319
0.00955319
0.00747447
0.00747447
0.00747447
0.00747447
0.000323063
0.00834733
0.00747343
0.00747343
0.00747343
0.00713923
0.00713923
0.00713923
0.00713923
0.00713923
0.0132602
0.0132602
0.0132602
0.0132602
0.00733468
0.00733468
0.00804844
0.00804844
0.00804844
0.00804844
0.00804844
0.00804844
0.00804844
0.00804844
0.00988929
0.00823351
0.00823351
0.00823351
0.00972688
0.00820003
0.00820003
0.00820003
0.00820003
0.00743859
0.00913995
0.00913995
0.00913995
0.00913995
0.00913995
0.00641948
0.00641948
0.00686161
0.00686161
0.00686161
0.00686161
0.00686161
0.00757223
0.00726197
0.00726197
0.00726197
0.00726197
0.00726197
0.00726197
0.00748011
0.00748011
0.00762679
0.00762679
0.00762679
0.00291391
0.00291391
0.00291391
0.00291391
0.00291391
0.00731559
0.00731559
0.00731559
0.00731559
0.00731559
0.00878167
0.00878167
0.00878167
0.00776564
0.00776564
0.00749429
0.00749429
0.00974061
0.00974061
0.00974061
0.00992498
0.00863863
0.00863863
0.00863863
0.0128909
0.0100915
0.0100915
0.0100915
0.0100915
0.0100915
0.00857961
0.00993344
0.00993344
0.0104449
0.0104449
0.013139
0.013139
0.013139
0.00772211
0.00772211
0.00772211
0.00762127
0.00762127
0.00725798
0.00725798
0.00725798
0.00641086
0.00641086
0.0103725
0.0103725
0.0103725
0.0103725
0.0103725
0.0103725
0.0103725
0.00729996
0.00686467
0.00686467
0.00686467
0.00686467
0.00686467
0.00686467
0.00686467
0.00686467
0.00875591
0.00875591
0.00870842
0.00870842
0.00870842
0.00870842
0.00870842
0.00870842
0.00767662
0.00767662
0.00767662
0.00767662
0.00767662
0.00888795
0.00872941
0.00872941
0.00872941
0.00872941
0.00872941
0.00673428
0.00673428
0.00673428
0.00673428
0.00673428
0.00692508
0.00692508
0.00692508
0.00879375
0.00879375
0.00879375
0.00879375
0.00879375
0.0100618
0.00730834
0.0109064
0.0109064
0.00714201
0.00714201
0.00714265
0.0069801
0.00877633
0.00877633
0.00877633
0.00877633
0.00877633
0.00877633
0.00877633
0.00784719
0.00784719
0.00784719
0.00784719
0.000135137
0.00759463
0.00759463
0.00759463
0.00880862
0.00752931
0.00752931
0.00752931
0.00752931
0.00752931
0.00752931
0.00752931
0.00752931
0.00772456
0.00772456
0.008241
0.008241
0.008241
0.008241
0.008241
0.008241
0.00974173
0.00974173
0.0101063
0.0101063
0.00800389
0.00800389
0.0096493
0.00576913
0.00728106
0.00728106
0.00715645
0.00715645
0.00715645
0.0085054
0.00458881
0.0036995
0.00281362
0.00281362
0.00281362
0.00248436
0.00248436
0.00281362
0.00281362
0.00281362
0.00458881
0.00458881
0.00573509
0.00249951
0.00249951
0.0085065
0.0085065
0.0085065
0.00937459
0.00801308
0.00801308
0.00801308
0.00801308
0.00801308
0.00801308
0.00801308
0.00801308
0.00808012
0.00808012
0.00808012
0.00808012
0.00808012
0.00935512
0.00810055
0.00810055
0.0100815
0.0100815
0.00904245
0.00904245
0.00725424
0.00725424
0.00825561
0.00825561
0.00825561
0.00900883
0.0143795
0.0079173
0.0115928
0.00881681
0.00881681
0.00980487
0.00980487
0.00980487
0.00980487
0.00980487
0.0088405
0.0088405
0.00794994
0.00794994
0.00973771
0.00973771
0.00901161
0.00901161
0.00844529
0.00844529
0.00844529
0.00742019
0.00742019
0.00794975
0.00794975
0.00794975
0.00162123
0.00866207
0.00866207
0.00742084
0.00742084
0.012682
0.0096452
0.00731838
0.00731838
0.00797726
0.00797726
0.00797726
0.00730713
0.00730713
0.00730713
0.00848512
0.00848512
0.00848512
0.00848512
0.00848512
0.00848512
0.00713713
0.00713713
0.00713713
0.00811625
0.00811625
0.00811625
0.00787492
0.00787492
0.00189775
0.00758127
0.00758127
0.00758127
0.00758127
0.00944038
0.00944038
0.00728099
0.0108656
0.0108656
0.00711529
0.00711529
0.00681129
0.00681129
0.00681129
0.00681129
0.00410859
0.0041784
0.00611817
0.00694334
0.00694334
0.00758888
0.00538036
0.00948459
0.00543675
0.00543675
0.00796516
0.00796516
0.00796516
0.0075963
0.0075963
0.0075963
0.0075963
0.0075963
0.00679605
0.00679605
0.00679605
0.00679605
0.00864403
0.00771846
0.00970469
0.00970469
0.00970469
0.00970469
0.00970469
0.00970469
0.00970469
0.00970469
0.01131
0.0128355
0.0128355
0.0128355
0.0128355
0.0128355
0.00530288
0.00987727
0.00717968
0.00738458
0.00738458
0.00738458
0.00738458
0.00807038
0.00757409
0.00757409
0.00757409
0.00708212
0.00708212
0.00708212
0.00806599
0.00806599
0.00806599
0.00806599
0.00825582
0.00825582
0.00825582
0.00825582
0.00825582
0.00825582
0.00825582
0.00825582
0.00855221
0.00855221
0.00920909
0.00920909
0.00920909
0.00853656
0.00853656
0.00853656
0.00853656
0.00853656
0.00853656
0.00853656
0.00853656
0.00954661
0.00954661
0.00883406
0.00739384
0.00722557
0.00908497
0.00908497
0.00908497
0.00908497
0.00908497
0.00908497
0.00908497
0.00776683
0.00776683
0.00776683
0.00776683
0.00776683
0.00945537
0.0068041
0.0068041
0.0157335
0.0157335
0.0157335
0.0157335
0.0157335
0.00872839
0.00872839
0.00872839
0.00830344
0.00760838
0.00760838
0.00760838
0.00760838
0.00760838
0.00760838
0.00760838
0.00760838
0.00781665
0.00781665
0.00781665
0.00781665
0.00742328
0.0110779
0.0110779
0.00725433
0.00725433
0.01005
0.01005
0.00802406
0.00802406
0.00802406
0.00802406
0.00681279
0.00681279
0.0157536
0.0157536
0.0157536
0.0157536
0.0157536
0.00738753
0.0110246
0.0110246
0.0072194
0.0072194
0.00774887
0.00774887
0.00774887
0.00774887
0.00780156
0.00780156
0.00895318
0.00849731
0.00849731
0.0073402
0.0073402
0.0073402
0.0073402
0.00719877
0.00719877
0.00719877
0.00719877
0.00719877
0.00764782
0.00764782
0.00764782
0.00791457
0.00791457
0.00791457
0.00694427
0.00694427
0.00694427
0.00694427
0.00880334
0.00880334
0.00880334
0.00880334
0.00880334
0.00880334
0.00880334
0.00880334
0.00773955
0.0090332
0.0090332
0.0090332
0.00752662
0.00752662
0.00752662
0.00752662
0.00752662
0.00839909
0.00839909
0.00839909
0.0076451
0.0076451
0.0076451
0.0076451
0.0076451
0.00930718
0.00748042
0.00748042
0.00748042
0.00853705
0.00853705
0.00853705
0.00786566
0.00786566
0.00786566
0.00786566
0.00786566
0.00764302
0.00746908
0.00746908
0.00746908
0.00746908
0.00746908
0.00939114
0.00753559
0.00917386
0.00917386
0.00917386
0.00810447
0.00810447
0.00810447
0.00810447
0.00810447
0.00810447
0.0066475
0.0066475
0.0153714
0.0153714
0.0153714
0.0153714
0.0153714
0.00804941
0.0101208
0.0101208
0.0101208
0.0101208
0.0101208
0.0101208
0.00776066
0.00776066
0.00776066
0.0078062
0.0078062
0.0078062
0.00841995
0.00841995
0.00841995
0.00719708
0.00719708
0.00719708
0.00719708
0.00719708
0.00719708
0.00719708
0.00719708
0.00804046
0.00804046
0.00804046
0.00987948
0.00987948
0.00987948
0.0094172
0.0103251
0.0103251
0.0103251
0.0103251
0.0103251
0.0103251
0.0103251
0.00726665
0.00750594
0.00750594
0.00922271
0.00922271
0.00922271
0.00922271
0.00922271
0.00894479
0.00894479
0.00689814
0.00689814
0.00689814
0.00689814
0.00330864
0.00681223
0.00681223
0.00681223
0.00681223
0.00681223
0.00681223
0.00681223
0.00757166
0.00757166
0.00757166
0.00814522
0.00814522
0.00814522
0.00767146
0.00767146
0.00767146
0.00732615
0.00732615
0.0116812
0.00685409
0.0121812
0.0074811
0.0131584
0.0131584
0.00691335
0.00691335
0.00691335
0.00691335
0.00691335
0.00691335
0.00731145
0.00890099
0.00890099
0.00890099
0.00750442
0.00754869
0.00754869
0.00754869
0.00754869
0.00985891
0.00985891
0.00985891
0.00168209
0.00747101
0.00747101
0.00747101
0.00826803
0.00957269
0.00957269
0.00957269
0.00957269
0.00751475
0.00751475
0.00751475
0.00725143
0.00725143
0.00725143
0.00785951
0.00785951
0.00785951
0.00785951
0.00766448
0.00895085
0.00895085
0.00996411
0.0121017
0.0121017
0.0121017
0.0121017
0.0121017
0.00851698
0.00828796
0.00828796
0.00918011
0.00784684
0.00784684
0.00784684
0.00784684
0.00784684
0.00784684
0.00784684
0.00784684
0.00850803
0.00850803
0.0072363
0.0072363
0.0106044
0.007999
0.007999
0.00712636
0.00712636
0.00712636
0.00712636
0.00867567
0.00761668
0.00761668
0.00761668
0.00761668
0.00722728
0.00722728
0.00722728
0.0078499
0.0078499
0.0078499
0.0078499
0.0078499
0.00874632
0.00813671
0.00813671
0.00813671
0.00813671
0.00813671
0.00813671
0.00813671
0.00813671
