0.269712
0.00900074
0.0199417
0.161262
0.153175
0.00900074
0.0196878
0.226956
0.185129
0
0.238487
0.108488
0.160658
0.185129
0
0.18712
0.108488
0.160658
0.185129
0
0.18712
0.108488
0.160658
0.210381
0
0.168958
0.166306
0.0412213
0.210381
0
0.168958
0.175959
0.0212796
0.210381
0
0.0678921
0.175959
0.0212796
0.210381
0
0.0678921
0.262489
0.0212796
0.139326
0.324502
0.0491483
0.0212796
0.0238664
0
0.814062
0
0.920357
0.00695124
0.0100073
0.0462897
0.00629241
0.845674
0.0112763
0.00695124
0.00849661
0.0495641
0.0100073
0
0.0121426
0.0956086
0.0168905
0
0
0.0115263
0.020448
0.00932302
0.725214
0.0564877
0.0112763
0.0252616
0.0250839
0.0514498
0.0107288
0.143314
0.0207037
0.0421992
0
0.0121426
0.00750801
0.0956086
0
0
0.0951007
0.0305326
0.00932302
0.44304
0.0195088
0.0363042
0.0129635
0.0580227
0.0807946
0
0.152633
0
0.0207037
0.0421992
0.0115896
0.116156
0.0194333
0.0164532
0.0358089
0.132413
0.0306353
0
0.407994
0.0195088
0.0363042
0.0129635
0.0659826
0.0707757
0
0.237684
0.0155039
0.0100073
0.0210866
0.0122973
0.1347
0.0194333
0.0159943
0.0537671
0.0101207
0.20278
0.0153231
0
0
0.274273
0.0195088
0.0363042
0.0129635
0.0659134
0.0707757
0.0119696
0.295145
0.0154848
0
0.0557702
0.0194333
0.0159943
0.0796694
0.0101207
0.222175
0.0153231
0.0201623
0.226154
0
0.0748431
0.0380579
0.0120133
0.0129635
0.0493466
0.0707757
0.0119696
0.30388
0.0154848
0
0.0557702
0.0194333
0.0355108
0.0709388
0.11817
0.0227673
0.0385457
0.0206017
0.191733
0.0197816
0.132563
0.0119194
0.00726555
0.0504202
0.0111581
0.00876004
0.104283
0
0.0360532
0.00834161
0.0177073
0.00918156
0.0745466
0.00744416
0.0190228
0.0803292
0.0436589
0.0264657
0.132563
0.0117886
0.00726555
0.0504202
0.00876004
0.25548
0.00918156
0.0101207
0.0107787
0.0197816
0.132563
0.0117886
0.00726555
0.0608074
0.00876004
0.701421
0
0.00876004
0.679154
0.0216117
0.218089
0.00979184
0.0668006
0.040617
0.415478
0.00979184
0.152006
0.0193203
0.0207907
0.249459
0.00979184
0.201696
0.144483
0.00888824
0.249459
0.00979184
0.201696
0.144483
0.00888824
0.221101
0.00979184
0.236727
0.144483
0.00888824
0.211841
0.00979184
0.177117
0.205866
0.00888824
0.211841
0.00979184
0.164161
0.217059
0.00888824
0.0304686
0.0747905
0.117471
0.38836
0.00888824
0.0304686
0.072419
0.324505
0.0304686
0.0479785
0.0505628
0.0337599
0
0.012702
0.241429
0.009073
0.00849311
0.00816052
0.0447344
0.126214
0.772442
0.009073
0.00849311
0.0158998
0.0447344
0.177378
1.00206
0.009073
0.00773924
0.0332235
0.126393
0.678983
0
0.0069323
0
0.00846591
0.0174107
0.0611023
0.0505601
0.0185886
0.179458
0.0129741
0.0114137
0.00752333
0.00803552
0.00655363
0.0274561
0.0112816
0.00846591
0.144615
0.014331
0.0182128
0.00888353
0.0124134
0.0185886
0.32587
0.0077925
0.0192834
0.0203935
0.0114137
0.0143695
0.00803552
0.0202378
0.013979
0.0375196
0.0327689
0
0.00822399
0.144615
0.00741171
0.014331
0.0182128
0.00888353
0.0640644
0.636598
0.0163414
0.0254272
0
0.0114137
0.06503
0.00684616
0.00803552
0.0136842
0.0102197
0.0377062
0.0327689
0
0.00822399
0.156797
0.00741171
0.0210585
0.0182128
0.019468
0.00888353
0.0636297
0.011546
0.00730277
0.0194836
0.596196
0.00854892
0.0264419
0.0114137
0.06503
0.00684616
0.0101426
0.0136842
0.0201759
0.0382992
0.0214544
0
0.00822399
0.386694
0.00741171
0.0358328
0.0182128
0
0.0151346
0.00872059
0.201249
0.0455692
0.0196525
0.232708
0.0167745
0.0192834
0.0203935
0.0403571
0
0.0114137
0.06503
0.00684616
0.0136842
0.0201759
0.0290575
0.0110409
0.0193234
0.00813995
0.623271
0
0.00728605
0.0136166
0.0179336
0.0179796
0.0153702
0.00872059
0.0945927
0.0222858
0.00691825
0.0196525
0.191169
0.00822561
0.0403169
0.0203935
0.0403571
0
0.0223503
0.00784926
0.0477979
0.00684616
0.00705098
0
0.0285838
0.0110409
0.0193234
0.563265
0.0114025
0.0136166
0.0179336
0.00872059
0.0520972
0.011546
0.0196525
0.191169
0.00822561
0.0594589
0.056588
0
0.0128558
0.0162855
0
0
0.0110409
0.279213
0.0114025
0.00680268
0
0.00556763
0.0206838
0.0196525
0.041606
0.0594589
0.0196927
0.0324191
0.0137878
0.0196525
0.0203499
0.0661991
0.0162054
0.00994306
