0.069317
0
0.0525733
0.00256272
0.018812
0.671069
0.726105
0
0.00795463
0.008117
0.528769
0
0.00254039
0
0.0725011
0.0202839
0.0137873
0
0
0.00503899
0.0256919
0.0251467
0.00838788
0.988824
0.00318712
0.0034279
0
0
0
0.00306523
0.00254173
0.00560753
0
0
0.00271825
0.00512187
0.0841789
0.00254039
0.00260629
0.00254039
0.00254039
0.0026932
0.0270747
0.00817239
0.00397667
0.00282762
0.0106617
0.0113619
0.0772294
0.00275745
0
0.00259804
0
0
0.00265881
0.00265111
0.00247674
0.00270636
0.0137488
0
0.00272056
0.00343721
0.00265782
0.00272056
0
0
0.00544157
0.0412465
0.985059
0.0529346
0
0
0.00292952
0
0.00382111
0.00280431
0
0
0
0
0
0
0
0
0
0
0
0.00265111
0
0
0.00269617
0
0
0.0132556
0
0
0
0.00600022
0.015751
0.00276531
0
0.0201473
0.0320601
0.166294
0.00265037
0.00289329
0
0
0.00421389
0
0.00285577
0.00265111
0.00276531
0
0
0
0
0.00274498
0.00976507
0.00274193
0
0
0.00306498
0.00263489
0
0
0.00274977
0.00262197
0.00302495
0.00276683
0
0.00521685
0.00265881
0
0
0.00275782
0
0.00265881
0
0
0.00268864
0
0.00848459
0
0.00274977
0.0146552
0.0025756
0
0.00299185
0.0026497
0
0.00816471
0.00338088
0.00276924
0.0115487
0.00788299
0
0.00268518
0
0.0027047
0
0.0136123
0.0358632
0.345763
0
0
0.00275098
0.00266076
0
0
0
0
0
0.00668636
0
0.00279405
0
0
0
0.00634819
0
0
0
0
0
0
0.00254039
0
0
0.00315323
0.00566521
0.532452
0
0.00265881
0
0
0
0.00295498
0.0288823
0
0
0
0.00281051
0.00298219
0
0
0
0.00274977
0.00572296
0.00377178
0.00286638
0.00282611
0.00265111
0.00278441
0
0
0.0027047
0.00272056
0.0379983
0
0
0.0032816
0
0.00258085
0
0
0
0
0
0.0288806
0.00302283
0.025571
0.04102
0.10935
0.475333
0.00267335
0.00276531
0.00382078
0
0
0
0
0.00392545
0.00268452
0.00261604
0
0
0
0
0.00285308
0
0
0
0.270672
0
0
0
0
0.002764
0
0.00541637
0
0
0.0026889
0.00266329
0.00327936
0.00316314
0
0
0.00540724
0.00888097
0.00633268
0.0163968
0
0.00263595
0.00286107
0.0334838
0
0
0
0
0.00540089
0
0.00275374
0
0.0114065
0
0.00453426
0.00561252
0.00852951
0.00669616
0.0197696
0.942878
0
0.00266978
0
0
0
0
0.00285048
0.020368
0
0
0.00271337
0.00691328
0
0
0
0
0.00352699
0
0.00264937
0.00267846
0
0.00290831
0
0.00282159
0
0
0.00492285
0.00276354
0
0
0
0.00266903
0
0
0
0
0.0572611
0
0
0.00254412
0.00257602
0.00294263
0.0117753
0.0116677
0.00286691
0.0147802
0.00278695
0
0.00275357
0
0
0.00526766
0.0115916
0.00274071
0.01426
0.00887171
0
0.00263595
0.0027047
0
0.0131365
0
0
0.0302966
0
0
0.0199614
0
0.00465721
0
0
0.00312081
0.0028748
0.00580642
0.00347074
0.0205596
0
0.00470238
0.00619686
0
0.00276402
0.00266903
0.00563174
0.00575564
0.00706028
0.00800709
0.0308198
0
0.00266482
0
0.00266927
0
0.00285658
0.00266903
0
0.00684399
0.00287547
0.00555863
0.0312889
0.0406009
1.01113
0.945995
0
0.013414
0.00368912
0
0
0.00266928
0
0
0.0159692
0
0.00274363
0
0.00282556
0.00285309
0
0.00268933
0.0053668
0
0.0122275
0.00293403
0
0.00282159
0.0053668
0
0.0158093
0.0028151
0.0111311
0.00280815
0.00267454
0.00255521
0.00304847
0.00282488
0
0.00255521
0.0109115
0.00244939
0.00267454
0.00582582
0
0
0
0.00282252
0.00279104
0.00345131
0.160277
0.0112795
0
0
0.00544491
0.00549759
0
0.00530966
0.0275613
0.00548384
0
0.0131514
0
0.00553585
0.00263667
0.0029749
0.0131514
0.0263595
0.00247972
0
0
0.00536692
0.0103634
0.00833502
0.0224243
0.317996
0.881606
1.02033
0
0.00249123
0
0.00249052
0
0.018563
0.0119441
0.0164756
0.005195
0
0.00249052
0
0.00897515
0.155196
0.0108193
0.00291507
0
0.00680614
0.00556608
0.00273151
0.00262571
0
0.00535146
0.00274351
0
0.00276966
0.00291646
0
0.00266676
0
0.00283298
0.00279546
0
0.0163486
0
0.0080698
0.00546022
0
0.00255706
0
0.0115419
0.0111355
0.013351
0.00830858
0.0377404
0.00827203
0
0.00541574
0
0.00298145
0.00739193
0
0
0.0039744
0.00884943
0.00541211
0
0.00923388
0.0085209
0.00834612
0.00927361
0.0199998
0.00274482
0
0.00272777
0.00282159
0.00282384
0.0105814
0
0.00556225
0.0126252
0.0136123
0.00268181
0.011231
0.00822929
0.0136733
0.00266429
0.0050141
0.00284902
0.00535179
0.0044587
0.0160715
0.0216457
0.0139866
0.171425
0.147602
0.981251
1.00273
0.00282079
0.00271497
0
0.00739417
0.037263
0.0113742
0.0123204
0.0210461
0.037263
0.0110394
0
0
0.00518835
0.00393241
0.00559279
0.0214195
0.002577
0.00272127
0.00283304
0.00262085
0.00746974
0.00790976
0.00515124
0.0123479
0.115473
0.0832577
0.00509501
0
0
0.0234471
0.0024928
0.00547312
0.00522992
0
0.00258276
0.00274351
0
0.00653399
0
0.0236549
0.0115394
0.115398
0.00251225
0
0.00251659
0
0
0.0282735
0.00539497
0.00284992
0.00253874
0.00266227
0.00251659
0
0.0052097
0.00252364
0.00275804
0.0172318
0.0055211
0.00543312
0
0.00747839
0.00547003
0.00693379
0.0407597
0
0.00272916
0
0
0.00523856
0
0.0206726
0.0027684
0.00289635
0.00519572
0.0251301
0
0.0024928
0.0807643
0.0110248
0.00381152
0.0753402
0.0138408
0.00824189
0.0053398
0.0100442
0.00278399
0.00253516
0
0
0.00264221
0
0.0037392
0.0155191
0.002875
0.0115119
0.0321279
0.0492842
1.09217
1.06553
0.935264
0.00268724
0.00263708
0.00268578
0.00836469
0
0.00355128
0.00992859
0.00825119
0.00282159
0.00823206
0.0027535
0.00262019
0
0.00771692
0.00612335
0.00344554
0.010553
0
0.00258276
0.00273456
0.022812
0
0.0158073
0.00357849
0.00276867
0.0116165
0.00786048
0
0.0025718
0
0.00773134
0.00273456
0.00709049
0.00273456
0
0.00258992
0.0035298
0.0136728
0
0.00273456
0.0108437
0.00789953
0
0
0.00247381
0.00277021
0
0
0.00294621
0.00990592
0.00809259
0.00264762
0
0
0.00571177
0
0.011321
0.0100089
0.0029433
0
0.00263634
0.0116692
0.00537618
0.00777432
0.00364947
0
0.00265344
0.00550008
0.00520849
0.00253155
0
0.00787255
0.00559512
0.00542934
0.00534403
0.0341929
0.0197725
0.00284911
0.00263358
0.00254308
0
0.00771384
0.00871526
0.00639477
0.00528846
0.0052363
0.002688
0.00285072
0.00263284
0.00423846
0.00285155
0.00705397
0
0
0.00801573
0.00264762
0.0385549
0
0
0.0152194
0.00263634
0
0.00537914
0
0.00532351
0.00527261
0.00368966
0.00830175
0.00249052
0.00249052
0.0127112
0.00260591
0
0.002541
0.0303561
0.0163666
0
0.00268725
0
0.00933947
0.00566047
0
0
0.00269501
0.00555551
0.00287005
0.00263284
0
0
0.00536999
0
0.010589
0
0.00806479
0.00272128
0.00270942
0
0.0220252
0.0174631
0
0.00275865
0
0
0.00530309
0.0129836
0.0137251
0.00994732
0.00537991
0.00262996
0
0.00553687
0.00678588
0
0
0.00519273
0
0.00270006
0.00262049
1.07005
0.0233158
0.00263634
0
0.00664621
0
0.0564884
0.00544093
0.0182602
0
0.00545169
0.0188125
0.0188799
0.00262049
0
0
0.00792455
0.00377353
0.00868354
0.0025639
0.00895999
0
0.00273267
0.0088049
0.00263037
0.00263634
0.00552839
0.00272185
0.00256572
0.00299988
0.00930006
0.00519895
0.0131348
0.0157185
0.0225055
0.00257627
0.0081713
0.00519748
0
0.00439276
0
0.0109968
0.00291823
0
0.00504711
0
0.00253075
0.966017
0.954191
0.00278208
0
0.00264762
0.0198203
0.00291732
0.0396415
0
0.00278208
0.00264762
0.022668
0
0.0151217
0.00548928
0.0356903
0.0157573
0.0176634
0
0.00269311
0.00276181
0
0.00536781
0.00262049
0.0107773
0.046833
0
0.0108734
0.0025388
0.0135575
0.0301868
0.0286987
1
0.00275865
0.00265262
0.00344928
0.00284992
0.0028123
0.0027602
0.00275943
0.00568408
0.00253806
0.00863629
0.00279608
0.00288221
0
0
0.00294222
1
0.433044
0.98271
0
0.00765467
0.0104589
0.0571132
0.00253075
0
0.00289789
0.0142368
0
0
0.0224577
0.00689856
0.00254816
0.00268899
0
0.00266195
0.00264147
0.00278021
0.0200163
0.00288778
0.00578718
0
0.00264147
0.010459
0.00277159
0.0169205
1
0.42884
0.61416
0.00300312
0.0205743
0.00295686
0.00257676
0.00300396
0.00257652
0.00690764
0.0150156
0
0.00825613
1
0.10259
0.0223912
0.00275943
0.00272968
0.00330184
0.165783
0.0268996
0.00300312
0.00268496
0.00272968
0
0.012021
0
0.0108197
0.0025236
0.00242387
0.00515372
0.00522075
0.00466322
0.0133223
0.00275376
0.0025236
0.00744342
0.00830319
0.00757079
1
0.601941
0.0975915
0.00260164
0.00287179
0.00293156
0.00703187
0.100112
0.00256766
0.00272968
0.0149518
0.0028011
0.0117835
0.991326
0.274758
0.90359
0.00274449
0.00282972
0.0117621
0.00274449
0.00292751
0.00365415
0.00257415
0.00290422
0.00633345
0.00258651
0.00401423
0.00289997
0.00846019
0.00274449
0.00494407
0.00242744
0.00292293
0.00272991
0.0200981
0.00258651
0.00381536
0.00294168
0.0168319
0.999897
0.652812
0.0690616
0
0.00290783
0
0
0.00260164
0
0.00602354
0.0135838
0.00270957
0.00285139
0.00272968
0.00589217
0.0389441
0.0188193
0.0055716
0.019661
1.00425
0.0468619
0.963764
0.0085828
0.0124963
0.00273828
0.00250924
0.00272968
0.00889038
0.00702491
0.00237468
0.00537149
0.00272895
0.00699043
0.00280996
0.00297714
0.00248608
0.00606474
0.0137667
0.00261005
0.00300312
0.0257979
0.988246
0.257591
0.206918
0
0.00263106
0.0056923
0.00290386
0.00270447
0.00305837
0.0027037
0
0.0105199
0.00355928
0.00288179
0.00282809
0
0
0
0.0029886
0.00289939
0
0.00559855
0.00293156
0.00589643
0.00258073
0.0136166
0.0142408
0.0663469
0.217221
0.00523892
0.00564363
0.0570165
0.00283617
0.00276682
0.00251627
0.00272968
0.0120228
0.00290246
0.00561528
0.00581427
0.00415814
0.00298572
0.00377569
0.00292878
0.00280531
0.00441542
0.0146571
0.021747
0.00303554
0
0.0201581
0.0445736
0.0125252
0.0055901
0
0.011872
0.996994
0.00254517
0.00254953
0.00294255
0
0.00311844
0.00830184
0
0
0.0306597
0.00277924
0.00375798
0.0285785
0.0224154
0.00813629
0.00288112
0.00379282
0.00311416
0.0215436
0.0210123
0.009001
0.00299185
0
0.00359318
0.00578843
0.00261005
0.00290422
0.00653879
0.010188
0.0289551
0.00288098
0.00255317
0.00434757
0.00303831
0.00415294
0.00366312
0.00259419
0.00260238
0.00295869
0
0.00282053
0.00299926
0.0110174
0.00294787
0
0.0110817
0
0.0120228
0.00277586
0.00257467
0.00948617
0.00274561
0.00271681
0
0.00316206
0.00254953
0.00264385
0.00249972
0.00714072
0.00280294
0.00277356
0.00285109
0.0164744
0.0111725
0.00282053
0.0025236
0.00262407
0.00849843
0.038615
0.0131813
0.00282053
0
0.00534804
0.00275608
0
0.082487
0.00239719
0.00843215
0.00511929
0.00263999
0.0188193
0.00311725
0.00260238
0.00288179
0.0025199
0.00293612
0.00269952
0.00260238
0
0.00255796
0.00407522
0.00301744
0.00264261
0.0161858
0.0108154
0.00266554
0.00379447
0.00293762
0.00242687
0
0
0.00333679
0.00300759
0.00304555
0.00559855
0.00255526
0
0
0.00260238
0.00263349
0.00544345
0.00608662
0.00263349
0.00937345
0.00263349
0.00263349
0.00593767
0.00286089
0
0.0027075
0
0
0.00559748
0
0
0.00280996
0.0126691
0.00309799
0.00889153
0.00292254
0
0.0108001
0.0120465
0.00569048
0.00292254
0
0.00291997
0.00535081
0
0.00569048
0.194867
0.00260238
0.00285377
0.00303616
0.00268881
0.00263349
0.00267259
0
0.00288112
0
0.00270819
0
0
0.00271951
0
0.00299295
0
0
0
0
0.00285004
0
0.00252964
0.00448728
0.00257891
0
0.00269237
0.00420599
0
0
0.00297305
0.00276793
0.00566855
0.00295814
0
0.00330828
0.0284651
0.00305738
0.00297305
0.00276793
0.00314605
0.00275138
0.00566855
0.00316278
0.00299323
0.0289469
0.0990051
0.00297388
0.00561318
0.00297221
0.00280996
0.00294783
0.0109572
0.00297305
0.00584814
0.00282852
0
0
0.0207994
0.00290761
0.0511532
0.00299295
0.00280996
0.00299025
0.0102665
0.00276836
0.0455745
0.0145061
0.00570499
0.00987558
0.0783524
0.00296713
0.00832112
0.00595962
0.00287308
0.00587746
0.00268146
0
0.00657187
0.0026955
0.00252964
0.00596629
0.00282852
0.00922672
0.0112248
0.0177702
0.00291745
0.00552402
0.00530321
0.00858976
0.00880556
0.00888511
0.969501
0.00284651
0.146514
0.00808548
0.00289469
0
0
0.0119799
0
0.00813629
0.00273775
0.00468225
0
0.00281235
0.00802584
0.0055013
0.0109392
0.0139384
0
0.0199572
0
0
0
0
0.00541121
0.00264506
0
0.0110174
0
0.0119153
0.0229161
0
0.0175374
0.00261239
0.00593341
0
0
0.0199046
0
0.009743
0.00283289
0
0.00596406
0.0182787
0
0.0335626
0
0.00559548
0.0148937
0.00282053
0.0176307
0.00858204
0.00299586
0
0.911941
0
0.0547833
0.171932
0.00535967
0.00595615
0.00319898
0.00310806
0
0.00266438
0
0.00266438
0.00627014
0.00393271
0.009958
0.00296042
0
0.00266438
0.00285377
0
0.00266438
0.00591465
0.00560459
0.00274997
0.00280169
0
0
0.00566024
0.0123605
0.0026968
0.00266438
0.00297305
0.00872154
0.00525985
0.00238378
0.004756
0
0
0.0057223
0
0.0107604
0.013331
0
0.00285021
0
0.014975
0
0.00286595
0.00255317
0
0.01107
0.00263518
0.00286595
0.00255317
0
0.00278164
0.00286595
0.00348159
0.00309459
0
0
0.00278538
0.0348093
0.00315456
0.00921927
0.00304682
0.00297764
0
0.00698415
0
0.0121231
0
0.00321633
0.0208922
0.00912351
0.0149003
0.00939016
0.144158
0
0
0.00574868
0.361812
0
0.0029967
0
0.0173656
0.00295753
0
0.00553864
0.00279558
0.00313504
0
0.00269214
0.0026391
0.00273582
0.0088826
0
0.00578853
0.00308964
0.00284651
0.00295502
0.0027284
0.00842699
0.00285939
0.00311925
0
0.00269507
0.00295386
0.00848104
0.00577445
0.00549203
0.00694966
0
0.0166618
0
0.00285377
0
0.0419996
0
0
0.00291083
0.00860641
0.00560905
0.00267044
0.00257133
0.00298925
0
0.0178195
0.011237
0.00583203
0.0485172
0.00283718
0.0027896
0
0.00788307
0
0
0.0369707
0.00559963
0.00286595
0.00285377
0.00276364
0
0
0
0.00400029
0
0
0
0
0.00290456
0.00267206
0
0.00274618
0.00307033
0
0
0.00285849
0
0
0
0
0.00565508
0
0.00280312
0.00294741
0.00762728
0.0108551
0.00296647
0
0.00401222
0.0101053
0.00572663
0.00273582
0
0.0054858
0.0332684
0.00280131
0
0.00879047
0.00906595
0.0320265
0.0154829
0.0291737
0.445481
0.00281994
0
0.0107473
0.00596134
0.561331
0
0.00276493
0.0106516
0.00283222
0.00297203
0.00560665
0.00278761
0.00267119
0.0117254
0.013687
0.0889134
0
0.00284044
0.00298893
0.00279383
0
0.0026955
0.0028391
0.002901
0
0
0.00286363
0.00304527
0.00352599
0.00291077
0.0500829
0.0028391
0
0.00280915
0
0
0.00536828
0
0
0.00278782
0.00734283
0
0.00338787
0.00292918
0.0154648
0
0
0.00269285
0.00297612
0
0.00425111
0
0.0072665
0.0077376
0.00279939
0
0
0.00278782
0.00465003
0.0147189
0
0.0242003
0.00282852
0
0.00486662
0
0.00697505
0.008918
0
0.00291997
0
0.00888496
0.00304306
0
0.00299613
0.00299295
0.00280131
0.00714997
0.0137966
0.00896016
0.00310658
0.0228916
0.0107458
0.00271993
0.0120056
0.898188
0.00279637
0
0.00291688
0
0.00269475
0
0.0027948
0
0
0.0141346
0
0.00274025
0
0
0.00597603
0
0.008534
0
0.00267044
0
0.00569234
0.00276614
0
0
0
0.160784
0
0.0059053
0.00283712
0
0.00297612
0
0
0
0.00798106
0.130873
0.00556214
0.0175576
0
0.00297612
0.00283712
0
0
0
0.0445259
0.00281602
0.0086397
0
0
0.00571453
0.00365797
0.0221755
0.00864522
0.00297541
0.0170426
0
0
0
0.00363325
0.00592244
0.00577806
0.0211779
0
0.00591059
0
0
0.00596134
0.00266602
0
0.0100967
0.0857485
0.00280523
0.00291903
0.0323195
0.0548975
0.0056405
0
0
0.0065858
0.00729006
0.00828588
0.00858983
0.0559723
0.0235035
0.974608
0.00281568
0.00285492
0.0093122
0.00840562
0.49989
0
0
0.0460249
0.00567738
0.00293355
0.00698896
0.00288095
0.00898249
0.00250912
0.00281105
0.00293355
0.00526817
0.00289512
0.00251692
0.00259313
0.00551548
0.0439292
0
0.00255413
0.00288088
0.00255574
0
0.00526817
0.00251692
0.0425568
0.00305491
0
0.00305354
0
0.0106209
0.00251453
0.00283718
0.00283712
0.00295947
0.0125512
0.00833529
0
0.00450718
0.00852242
0.00526116
0.00299586
0.00251692
0
0.00370059
0.00426699
0.0872495
0.00585819
0.00293355
0.00930561
0.00353565
0.00298332
0
0.0061021
0
0.00293355
0.00277455
0
0.00684067
0
0
0.00855846
0
0.00818271
0
0.0031226
0
0.00850956
0.000855267
0.00895288
0.00946812
0.0279998
0.00261542
0.00562133
0.00403627
0.01118
0.00279584
0
0.0052282
0.00945706
0.0097627
0.0113294
0.0115857
0.0539124
0.0110908
0.550464
0.00817615
0
0.00278568
0.461343
0
0.00572889
0
0
0.0035424
0
0.00303274
0.0177017
0
0.00577311
0
0.00279294
0
0.00580943
0
0.00590194
0.00286318
0.00341581
0.00577311
0
0
0.00856684
0
0.00578424
0.00545399
0
0.00295931
0.00256707
0.0123675
0.00297055
0
0.00289849
0.00288692
0.00293355
0
0
0.0196487
0.0029436
0
0.0104626
0.0029865
0
0.0198311
0
0.0146778
0.00284936
0
0.0221988
0
0.00380457
0.010725
0.0171559
0
0.00289849
0
0
0
0.00447086
0.0166165
0.017227
0
0.00297342
0.00522598
0
0
0.00275366
0.00580121
0.013674
0.00682621
0
0.0166782
0.00522598
0.0030473
0
0
0
0.00530441
0.00605831
0.00833452
0.00703135
0.0816091
0.00273531
0
0
0.00543628
0.00289849
0.00762241
0.0374835
0.00878154
0.0262695
0.719635
0.00282952
0.0154993
0.00289849
0.983626
0
0.00554662
0
0
0.0623718
0.0218276
0
0.00597358
0.00271788
0
0
0.00287381
0
0
0.00507285
0.002758
0.0270315
0.0175624
0.00802671
0.00592958
0
0
0.00530116
0.00294621
0
0.00266243
0.00540006
0
0.00557717
0
0.00746547
0.00304959
0
0.00531187
0
0.00549504
0.00556703
0.00267505
0
0
0.00300465
0.0222672
0.00287462
0.00552682
0.0138986
0
0.00290213
0
0.0166547
0.00290702
0.00874217
0.00552682
0.013993
0
0.00299924
0.00532018
0.00582744
0
0.00623751
0
0.00514224
0.00545438
0
0
0.00559869
0
0.00291766
0.00410037
0.00902212
0.00876758
0.00287117
0.00250912
0.00273669
0
0.00352256
0.00534952
0
0.0105824
0
0.0028924
0
0
0.00287117
0
0
0
0.00299481
0.011223
0.00453758
0
0
0.0489229
0
0.0028232
0.00385043
0.0236456
0
0
0
0.00309301
0
0.00710109
0.0108073
0.0108985
0.0170907
0.0785264
0.0105098
0.685283
0.00260106
0.967956
1.03305
0
0
0.00637263
0
0.0341337
0
0.00871279
0.00253502
0.00540741
0
0
0.00279296
0.00337222
0
0.0126797
0.00248729
0.0029559
0
0.00284187
0.00545793
0
0.0162131
0
0.00265571
0.00542354
0.00259313
0
0
0.00271071
0.00268904
0
0
0.0054557
0.00543864
0.00268729
0.00300704
0.00286136
0.00333152
0.0494975
0
0.00559191
0.0029053
0.00807144
0
0.00398496
0.00303873
0.00294386
0.0108605
0.0025418
0.0029759
0
0.00870916
0
0.00258245
0.00519865
0.00278568
0.00499373
0.00270025
0.00295369
0.00354074
0.00267474
0.0301379
0.00732072
0.00260967
0
0.00268427
0.00518993
0.00523363
0
0
0
0.00814023
0.0303098
0.00837868
0.00862724
0.0290688
0.00268427
0.0027028
0.00332424
0.00260106
0.0671564
0.00538695
0.0077877
0.00778938
0.01492
0.00309786
0
0.0178985
0.00538122
0.00261138
0.00528533
0
0.0160869
0.0105571
0.0313237
0.0706543
0.0238297
0.978749
0.00262666
0
0.00545013
0.0509439
0.97624
0.00557412
0.00291158
0.00442796
0.0293313
0.00592015
0
0.00248729
0.00257542
0
0.00448716
0.0149534
0
0.0137735
0.00265675
0
0.00277589
0.00550215
0.00272501
0.00280174
0.00267008
0.00267264
0.00280499
0.00521193
0.00437714
0.00278751
0.00272501
0.00287026
0.00255018
0.00284637
0.00258321
0.00986852
0.00276411
0.00291423
0.00566661
0.00289831
0.00258631
0.00564371
0
0
0.00346634
0.0259011
0
0.00436724
0.0085698
0.00289831
0
0.00683646
0.00283005
0.00272501
0.00254575
0
0.00311821
0.00490535
0.012241
0.00587059
0.0118467
0
0.00547282
0.00244696
0
0.00941063
0.00686369
0.00386503
0.00512112
0.0287425
0.00265146
0.00279675
0.00247487
0.00272501
0.00608136
0.00274862
0.011988
0.00858283
0.00273974
0.0260654
0
0.00254696
0.0029479
0.00522373
0.00767943
0.0107768
0
0.0113495
0.00939888
0.0029993
0.00301335
0.00251286
0.00321353
0.0316763
0.00542762
0
0.00276053
0.00510315
0
0.00566383
0
0.00522979
0.00267378
0
0
0.0024874
0.00807131
0.00258321
0.00775146
0.00555748
0
0.00271548
0
0.0077255
0
0.00297427
0
0
0
0.002648
0
0
0.00365542
0.0205079
0.00259797
0.00270255
0.0025878
0.00514746
0.00268064
0.00380963
0
0
0.00596931
0.00807196
0.0063735
0.0332086
0.00291378
0
0.00250672
0
0.00281106
0.00641745
0.00297292
0
0.00263573
0.0320045
0.00291378
0
0.00279985
0.00273633
0.00282012
0.00287555
0.00465362
0.00555066
0.00283171
0.0170469
0.00498219
0.00264277
0.00272379
0
0.00274797
0.00610425
0.0113106
0.00261157
0
0.0026085
0
0
0.0106525
0.010641
0
0.00260654
0.00808291
0.00279824
0.0031439
0.00280516
0.00336624
0.0026271
0.0121016
0.00572273
0.00788551
0.00278129
0
0.00299771
0.00284194
0.0137202
0
0.00539323
0.00559877
0.00270764
0.0137055
0.00790665
0.00296141
0.00258321
0.00839094
0.00268064
0.00279217
0.00573054
0
0.00252856
0.00258767
0.00294928
0.00560161
0.00288575
0
0.00452412
0.0041225
0
0.00278576
0
0.0025287
0.0106828
0
0.00259654
0.00279217
0
0.00540956
0.00379388
0.96975
0.528854
0.0815743
0.00291378
0.00284746
0
0
0.0165768
0.0100602
0.0650658
0.00526747
0.00284746
0.00520123
0.0135687
0.00459795
0
0
0.00676401
0.00535884
0.00261182
0.0468524
0.00854235
0
0.00259313
0.00550674
0.00289016
0.00868513
0.0117949
0.00279824
0.0112328
0.00265617
0
0.00259313
0.00292834
0.00259313
0.00470618
0.00865808
0.00260085
0
0
0.00267659
0.0116786
0.00276105
1
0.0159064
0.0464154
0
0.0157492
0.00271356
0.00298134
0.00816595
0.00298432
0.00779682
0.00269457
0.00557024
0.00801946
0.0171436
0.00534287
0.0404509
0.00291319
0.00545931
0.00749022
0.0182883
0.00269457
0.0056549
0.0051419
0.002796
0.00280174
0.00276926
0.00589856
0.00272501
0.0024874
0.00283158
0
0.00282586
0.00297427
0.00807131
0.00297427
0.00276926
0.00822987
0.00291899
0.00289767
0.0135631
0.0133687
0.0029245
0.00512487
0.0085301
0.00298712
0
0.0059105
0.00301414
0
0.0247027
0.00244839
0.0138182
0.00294928
0.00503213
0.00889679
0.00292709
0.613816
0.943504
0.00501055
0.0027797
0.0107556
0
0.0133014
0.00360378
0.0102612
0
0.010833
0.00298134
0.0118852
0.00806979
0.0027797
0.00759426
0
0
0.00768359
0.00574412
0.0028771
0.0396942
0
0.00539766
0.00251675
0.00291813
0.0170659
0
0.00343194
0.00583042
0.00554648
0.00934106
0.00831738
0
0.00296954
0.00251675
0.00771201
0.00943783
0
0.0114075
0.00361972
0.00991038
0.00269261
0.977416
0.0159147
0.0109943
0.0270654
0.00633143
0.0251655
0.00759886
0.0104264
0.0079792
0.00788079
0
0.00286508
0.00558488
0.00842603
0.0116377
0.0394153
0.0101097
0.00278039
0.00527325
0.0079387
0.012469
0.0269284
0.00290683
0.0108253
0.00284746
0.00568272
0.0107446
0.00514352
0.00546991
0.00559048
0.0108529
0.00812632
0.00507062
0.0370391
0.00280677
0.00284746
0.00841905
0.00818421
0.00545775
0.00554791
0.0105788
0.0216432
0.00563889
0
0.0135426
0.0194743
0.00567382
0.00262839
0.0136193
0.00568272
0
0.00357814
0.0658862
0.0026589
0.0329054
0.0225276
0.00850488
0.0153508
0
0
0.0160207
0.0169408
0.873084
1
0.0106314
0.0106975
0.0111307
0.0316699
0.00293193
0
0.0322178
0.0250319
0.01624
0.00279951
0.0110036
0.00754653
0.00528368
0.00829488
0.00770079
0.0111932
0.0195817
0.0107737
0.0110899
0.00585593
0.105773
0.00835875
0.00796178
0.0106278
0.00794207
0.0427712
0
0.00400358
0.013875
0
0.0277915
0.00764875
0.0184319
0.0155305
0.00275215
0.00500934
0.0508461
0.00284061
0.0223828
0.00670459
0.0109514
0.0052178
0.0519599
0.018413
0.427339
0.0110047
0.00252316
0.00995187
0
0
0.00521612
0.00296209
0.0053106
0.0108497
0
0.0197175
0.0123791
0
0
0
0.0053121
0.00244232
0.00259401
0.005155
0.00251675
0
0.00249153
0.00253621
0
0.00271347
0.0130464
0.00569074
0
0.0025047
0.00251675
0.0173751
0.00253621
0
0
0.0026173
0.0183757
0.0165228
0.00508269
0.0027035
0.00251955
0.00833574
0.00248729
0
0.00544635
0.00517156
0.00528936
0.0454776
0.199406
0.00575795
0
0.00270726
0.00248729
0.0304649
0.00544635
0.00248729
0
0
0
0.0120074
0.0190274
1.0409
1
0
0.0136089
0.0197295
0.0176935
0.0332519
0.0502191
0
0.0055228
0.00246591
0.00895213
0
0.01694
0.0496405
0.0026173
0
0.191311
0
0
0
0.00251342
0.015523
0.0315303
0.00270867
0.00373309
0.007938
0
0.00779118
0.00503017
0.0332578
0.0332118
0.00842511
0.00255631
0.00519616
0
0
0.0726408
0.0813217
0
0.00507949
0.00251271
0.00291832
0
0.00251342
0.002527
0.00256607
0
0.00266581
0
0.00372873
0.00253502
0.00592816
0
0.00288575
0.00253502
0.00253502
0
0.986879
0.0023768
0.00655247
0
0.00252001
0
0
0.00249095
0.0027442
0
0.00276772
0
0.00550297
0
0
0.0038491
0.00513875
