0.0291574
0.0166433
0.0400356
0.0427871
0.0144601
0.124077
0.0291574
0.0166433
0.0168967
0.0400356
0.00618601
0.0144601
0.36772
0
0.00976269
0.0393038
0.00847723
0.0166433
0.155358
0.123303
0.00618601
0.0144601
0.353473
0
0.00976269
0.218118
0.0166433
0.0420784
0
0.206838
0.00618601
0.014414
0.279923
0
0
0.00976269
0.218118
0.0166433
0.0420784
0.206838
0.00618601
0.014414
0.279923
0.0138582
0.00806942
0.218118
0.0166433
0.0420784
0.235191
0.00618601
0.264826
0.0138582
0.228245
0.0200559
0.0166433
0.0332122
0.290133
0.00618601
0.235571
0.0138582
0.238438
0.0166433
0.0332122
0.290133
0.00618601
0.179112
0.0138582
0.238438
0.0166433
0.0332122
0.290133
0.00618601
0.120756
0.368843
0.0166433
0.0163156
0.301513
0.00618601
0.239885
0.2082
0.0195632
0.0163156
0.0557326
0.662729
0.039711
0.0142989
0.773487
0.0136325
0.0101937
0.00656628
0.00791162
0.0198467
0.0065297
0.00266752
0.0159833
0
0.0168696
0.0128058
0.701916
0.0136325
0.0135748
0
0.00791162
0.0484325
0.0133701
0.0065297
0.0379143
0.0169812
0
0.0335123
0.00808039
0.00638381
0.00654551
0
0.615074
0.0136325
0.00965593
0.015985
0.0212099
0.00774823
0.00709936
0.00791162
0.116513
0.00662781
0.0065297
0.0192687
0.0147082
0.0158627
0
0.0166507
0.00784914
0.0166735
0.0103743
0
0.0106023
0.0265128
0.0132983
0.00677298
0
0.515753
0.0407001
0.015985
0.00710011
0.00812918
0.0121255
0
0.0158179
0.014161
0.134867
0
0.00639954
0.0330669
0
0.0158627
0.00714211
0.0514245
0.0331996
0.0107398
0.0194002
0.0103152
0.384203
0.00687667
0.0134834
0.0136678
0.309845
0.0407001
0.0196039
0.015985
0.0164986
0.0125551
0
0.00854203
0.014161
0.173844
0.0060818
0.0192687
0.0575372
0.0152704
0
0.0143657
0.0514245
0.0331574
0.0204192
0.0128235
0.0102978
0
0.383513
0.0134834
0.0136678
0.239609
0.0655291
0.0196866
0.015985
0.0071013
0.0164315
0.711827
0.012793
0
0.0192687
0.0162766
0.0152315
0
0
0.0166507
0.0243916
0.0216093
0.00677928
0.0203155
0
0.142464
0
0.0130661
0.0413433
0.104625
0.00993428
0.0137772
0.00836944
0.74992
0
0.0477322
0
0
0
0
0.0211929
0.0102978
0.0787349
0.00671041
0.0344207
0.0149858
0.0915541
0.0136897
0
0.0150454
0.311748
0
0.0177902
0.0237971
0.00768418
0.00842606
0.010681
0
0.0114452
0.0396411
0
0.0344207
0.0149858
0.0915541
0.255933
0.0177902
0.0179391
0.0131162
0
0.0131719
0.00675313
0.0149858
0.0915541
0.709885
0.0180814
0.00701618
0.746589
0.0371177
0.00957633
0.00701618
0.467349
0.205504
0.0173012
0.0344695
0.011284
0.155282
0.0147129
0.0139414
0.00957633
0.0211323
0.00828204
0.488302
0.169211
0.0180938
0
0.0366134
0.0171062
0.016853
0.0102699
0.00753353
0.0205848
0.323315
0.136641
0.0139414
0.00957633
0.0153073
0.024485
0.00914832
0.282502
0.00672111
0.15361
0.0171946
0.0148519
0.0086422
0.00882194
0.0102699
0.00753353
0.0108156
0
0.459435
0
0.315565
0.0284883
0.00957633
0.0159397
0.0153073
0
0.0187356
0.254473
0.00672111
0.156021
0.0148519
0.0086422
0.00882194
0.00753353
0.0202665
0.470778
0.341698
0.0284883
0.00957633
0.0187356
0.214979
0.00672111
0.174206
0
0
0.0148519
0.0086422
0.0276174
0.00753353
0.0107614
0.510185
0.369469
0.0145469
0.00957633
0.0187356
0.0150263
0.205078
0.00672111
0.155613
0.0323925
0.0148519
0
0.0276174
0.00753353
0.031464
0.40361
0.465439
0.0164222
0.0284869
0.00957633
0
0.037752
0.0150263
0.184863
0.00672111
0.173348
0.00906006
0.0173297
0.0148519
0
0.00882194
0.0144006
0.0107614
0.417938
0.465439
0.00788637
0.0162683
0.0286601
0
0.0169898
0
0.0278896
0.0150263
0.0496402
0.00672111
0.208601
0.00906006
0.0173297
0.0181201
0.00738758
0
0.00841009
0.0181757
0.0104516
0.0146158
0
0.251647
0.828432
0.0332172
0.0135269
0
0.0169898
0
0.0278896
0.0150263
0.0496402
0.00672111
0
0.0347576
0.0181201
0.00738758
0.0181757
0.00753353
0
0.0261126
0.212405
0.827814
0.0135269
0
0.0169898
0.00815127
0.0137296
0
0.0337021
0.0150263
0.010654
0.00672111
0.0190918
0.0347576
0.0360876
0.0167348
0.0421587
0.0225737
0.00871562
0.120332
0
0.0138174
0.225191
0
0.0427933
0
0.0176929
0.0146806
0.00815127
0
0.00928512
0.0167382
0.0311225
0.00673806
0.00764533
0.0423217
0.0173297
0.0160568
0.0249156
0
0.0111772
0.026057
0.040448
0
0.0151569
0.596936
0.0146128
0
0.0349031
0.00815127
0.00852094
0.00994302
0.0336979
0.0207302
0.00764533
0.103247
0.00884293
0.0503492
0.0509898
0.0184019
0.0317483
0.0231072
0.0615561
0.283545
0.00743813
0.0145437
0.927686
0
0.0150616
0.0107028
0
0.0186437
0.00686571
0.0140496
0.0107782
0.00766715
0.0194921
0.015682
0
0
0.200767
0
0.103886
0.0186373
0.0769728
0.00941883
0.0420757
0.0237865
0.119654
0.413545
0.0139725
0.991393
0
0.0577738
0.0539472
0
0
0.0399812
0.00766715
0.0192701
0.0330413
0.0149251
0.0102579
0.0141697
0.196945
0.0148316
0.0336697
0.0178837
0.0581913
0.0266895
0.0110328
0.0280607
0.0532613
0.01193
0.0523016
0.295491
0.0194834
0.0141898
0.94967
0.00734312
0.0301509
0.0151768
0.016388
0.0077242
0.0510391
0.0097066
0.00836375
0.00980845
0
0.0302868
0.0169345
0.0193123
0.0139342
0.213233
0.00812457
0.0313022
0.048678
0.0145723
0.0376948
0.031379
0.0168291
0.0217395
0.0144965
0.117204
0.0223776
0.132175
0.128815
0.00701756
0.0347887
0.757131
0.00755438
0.0464696
0.0131632
0.0106753
0.0282428
0.016388
0.00647692
0
0.0525229
0.0097066
0.0324445
0.016891
0.0592159
0.0230479
0.0189291
0.00688848
0.00760409
0.213865
0.0158691
0.0148316
0.113218
0.0225237
0.0735582
0.0322044
0.00842091
0.0332228
0.0206691
0.0752038
0.0677562
0.0982254
0.0149108
0.724658
0.0282803
0.0296549
0.0418209
0.0106753
0.0415118
0
0.020272
0
0
0.0200698
0.0404856
0.0182182
0.0461453
0.0452362
0.0317174
0
0.0332118
0.00760409
0.193378
0.00791982
0
0.19735
0.0375952
0.0360817
0.0232294
0.0178115
0.0544552
0.0331909
0.0731287
0.116177
0.0698153
0.00760701
0.883295
0.0148729
0.0448834
0
0.0325658
0.014472
0
0.026873
0.0155324
0.0241831
0.0291985
0.031674
0
0.0312151
0.0452362
0.0338791
0
0.0265727
0.0284758
0.211516
0.0167448
0.0170816
0.261604
0.0293827
0.0360817
0.0559777
0.0176124
0.0224269
0.0470146
0.107315
0.010212
0.115578
0.0659777
0.00760701
0.702389
0.0231466
0.0924653
0.0262958
0.0540705
0.0422493
0.0170347
0.0336207
0.016715
0.0241831
0.0197305
0.00807765
0.00896218
0.0154593
0.0589404
0.0101868
0.0404744
0.0431946
0.210455
0.00791982
0.0313006
0.327886
0.0223376
0.0358302
0.10528
0.00894104
0.0224785
0.0191722
0.0957783
0.121313
0.0800141
0.0146537
0.499788
0.00655823
0.0933692
0.040851
0.0526629
0.035445
0.0411725
0.00791031
0.0383914
0.00912861
0.0156408
0.00854166
0.0666877
0.0342289
0.00924296
0.0131336
0.042968
0.23114
0.0252775
0.0325596
0.568478
0.0304042
0.0353445
0.114481
0.0224785
0.0191722
0.064774
0.0103662
0.114633
0.0805916
0
0
0.371711
0
0.093399
0.0137215
0.0632027
0.0137708
0.0698959
0.0277218
0.0383914
0.00970015
0.0162722
0.0811821
0
0.0189698
0.0131336
0.0638636
0.192937
0.0177283
0.0321926
0.635837
0.0153576
0
0.0911063
0.00818806
0.0211183
0.0328232
0.0551226
0.0976877
0.0535744
0
0.331212
0
0.0926427
0.0137215
0.010916
0.0709166
0.0206267
0.00970015
0.0458986
0.00906151
0.0189698
0.00636654
0.0501081
0.0758647
0
0.0161462
0.74223
0.0234372
0.0167232
0.0504581
0.0179407
0.0110423
0.00690715
0.0314263
0.0759025
0.0262167
0.00734289
0.0943481
0.0140167
0.0926427
0.0146334
0.0173343
0.00660318
0
0.0314043
0.00906151
0.0287663
0.0741259
0.0152711
0.454906
0.0250188
0.0202345
0.0106375
0.0513961
0
0
0.0506934
0
0.0926427
0.0314043
0.0338238
0.0378638
