0.0143423
0.0143423
0.0143423
0.0143423
0.0143423
0.0085831
0.0132804
0.0132804
0.0132804
0.0132804
0.0132804
0.0132804
0.0132804
0.00675557
0.00675557
0.00939984
0.0152705
0.0152705
0.00330681
0.00330681
0.0063352
0.00379129
0.00379129
0.00447984
0.00330681
0.00330681
0.00515759
0.0048397
0.00317786
0.00447984
0.00705902
0.00705902
0.00705902
0.00705902
0.00705902
0.00705902
0.00705902
0.0036758
0.00384209
0.00384209
0.00384209
0.00384209
0.00384209
0.00384209
0.0036758
0.00355065
0.00698788
0.00698788
0.00355065
0.00355065
0.00384209
0.00967444
0.00411126
0.00526071
0.00526071
0.00411126
0.00427542
0.00427542
0.00334637
0.00802675
0.00390626
0.00390626
0.00390626
0.00802675
0.0035212
0.00825965
0.00825965
0.00526437
0.00526437
0.00526437
0.00526437
0.00526437
0.00236064
0.00294748
0.00348065
0.00348065
0.000985732
0.00219824
0.00219824
0.00219824
0.00219824
0.00147859
0.00230245
0.00230245
0.00230245
0.00230245
0.00230245
0.0137253
0.0137253
0.0137253
0.0137253
0.0137253
0.0137253
0.0137253
0.0137253
0.00990061
0.0134075
0.0134075
0.0134075
0.00635757
0.00635757
0.00735366
0.00735366
0.00735366
0.00735366
0.00735366
0.00735366
0.00735366
0.0134541
0.0134541
0.0134541
0.0134541
0.0134541
0.0134541
0.0133087
0.0133087
0.0133087
0.0133087
0.0133087
0.00235495
0.00974347
0.00974347
0.00974347
0.00974347
0.00974347
0.00974347
0.00974347
0.00974347
0.00974347
0.00974347
0.00974347
0.00696429
0.00696429
0.00696429
0.00696429
0.00696429
0.00760279
0.00760279
0.00760279
0.00760279
0.00760279
0.00760279
0.00760279
0.00760279
0.00760279
0.00376676
0.00376676
0.00376676
0.00376676
0.00376676
0.00376676
0.00376676
0.00376676
0.00376676
0.00330963
0.00448366
0.00448366
0.00448366
0.00448366
0.00448366
0.00330963
0.00354968
0.00319977
0.0030409
0.00448366
0.00448366
0.0125215
0.0125215
0.0125215
0.0125215
0.0125215
0.0125215
0.0125215
0.0125215
0.012773
0.012773
0.0081526
0.0161261
0.0161261
0.0161261
0.0161261
0.0161261
0.0161261
0.0161261
0.010654
0.010654
0.010654
0.010654
0.010654
0.010654
0.010654
0.010654
0.010654
0.010654
0.0145198
0.0145198
0.0145198
0.0145198
0.0145198
0.0145198
0.00868934
0.0171878
0.0094655
0.0094655
0.00666446
0.00666446
0.00925547
0.00925547
0.00925547
0.0182351
0.0182351
0.0182351
0.0182351
0.0182351
0.0182351
0.0182351
0.0182351
0.0131616
0.0131616
0.0183133
0.0183133
0.01558
0.00957805
0.00687541
0.00815471
0.00815471
0.0130705
0.0150454
0.0131719
0.00321313
0.0068594
0.0068594
0.0068594
0.0068594
0.00356712
0.00669934
0.00683392
0.00683392
0.0048325
0.0048325
0.00423086
0.00423086
0.0048325
0.0048325
0.0048325
0.0048325
0.00675486
0.00675486
0.00675486
0.013978
0.013978
0.013978
0.013978
0.013978
0.013978
0.0083651
0.00954447
0.0130356
0.0130356
0.00671267
0.00609069
0.00540432
0.00540432
0.00540432
0.00540432
0.00540432
0.00540432
0.00341145
0.00119509
0.00226001
0.0015921
0.00121729
0.00142631
0.00142631
0.00142631
0.00142631
0.00142631
0.00335634
0.00304534
0.00239359
0.00142631
0.00142631
0.00142631
0.00142631
0.00142631
0.00142631
0.00149336
0.00125909
0.00177926
0.00177926
0.00177926
0.00177926
0.00121622
0.00142631
0.00142631
0.00335634
0.00304534
0.0015921
0.00121729
0.00142631
0.00142631
0.00142631
0.00142631
0.00142631
0.00716496
0.00836375
0.00836375
0.00836375
0.00836375
0.00892695
0.00892695
0.0176849
0.0176849
0.0140929
0.0166824
0.0166824
0.0166824
0.0166824
0.0166824
0.0166824
0.0142396
0.0142396
0.0142396
0.0142396
0.0142396
0.00852169
0.0168562
0.0080534
0.00919861
0.00919861
0.00919861
0.00919861
0.00919861
0.00679957
0.00679957
0.00679957
0.000299366
0.013976
0.013976
0.013976
0.013976
0.013976
0.013976
0.013976
0.013976
0.0100815
0.00659506
0.00659506
0.00659506
0.00659506
0.000801887
0.000801887
0.000801887
0.000801887
0.000801887
0.000949233
0.0141683
0.0141683
0.0141683
0.0141683
0.0141683
0.0141683
0.0167717
0.0167717
0.00749654
0.00448629
0.00749654
0.00749654
0.00410577
0.0068607
0.0068607
0.0068607
0.00405515
0.00677611
0.00677611
0.00499703
0.00904608
0.00904608
0.00904608
0.00904608
0.00904608
0.0074896
0.0101464
0.0101464
0.0101464
0.0101464
0.0101464
0.0101464
0.0101464
0.0101464
0.0135753
0.0135753
0.0135753
0.0135753
0.0160698
0.013071
0.013071
0.0139797
0.0149302
0.0146424
0.0146424
0.00924296
0.0181873
0.0181873
0.0144451
0.0144451
0.0144451
0.0144451
0.0144451
0.0144451
0.0144451
0.0144451
0.0104198
0.0139555
0.0139555
0.0139555
0.0139555
0.0139555
0.0139555
0.0139555
0.00715647
0.00541472
0.00701554
0.00701554
0.00675769
0.0126915
0.0126915
0.0126915
0.0126915
0.0126915
0.0126915
0.0126915
0.0126915
0.0197942
0.0107636
0.0107636
0.0107636
0.0107636
0.0107636
0.0107636
0.0107636
0.0107636
0.00684353
0.00684353
0.00684353
0.00684353
0.0125723
0.0125723
0.0125723
0.00640787
0.00843148
0.00632899
0.00632899
0.00632899
0.00632899
0.00632899
0.0097897
0.00703576
0.00703576
0.00666116
0.00666116
0.00666116
0.00666116
0.00666116
0.00658727
0.00658727
0.00658727
0.00658727
0.00658727
0.00658727
0.0087854
0.0100347
0.0100347
0.0100347
0.0100347
0.0100347
0.013416
0.013416
0.013416
0.013416
0.0130141
0.0130141
0.0130141
0.0130141
0.00884468
0.0103964
0.0103964
0.00511962
0.00511962
0.0058733
0.0058733
0.0058733
0.0058733
0.0023274
0.0023274
0.0023274
0.0023274
0.0023274
0.00192235
0.00192235
0.00192235
0.00228308
0.0048651
0.0048651
0.0048651
0.00381267
0.00381267
0.00208014
0.00187523
0.00236041
0.00236041
0.00236041
0.00236041
0.0048651
0.00381267
0.00381267
0.00192235
0.00192235
0.00192235
0.00236041
0.00236041
0.0037833
0.0037833
0.00228168
0.00381267
0.00134803
0.00114084
0.00178608
0.00219299
0.00243255
0.00243255
0.00243255
0.00190633
0.00190633
0.00104007
0.000937615
0.00118021
0.00118021
0.00118021
0.00118021
0.00140615
0.00190633
0.00190633
0.00629782
0.00376892
0.00376892
0.00376892
0.00376892
0.00376892
0.00629782
0.0037239
0.0037239
0.00312022
0.0037239
0.0037239
0.0073331
0.0073331
0.00993439
0.00993439
0.00993439
0.00993439
0.00731994
0.00731994
0.00731994
0.0132258
0.00791982
0.00791982
0.00791982
0.00791982
0.00791982
0.00818806
0.0100069
0.015656
0.00719027
0.00719027
0.00719027
0.00719027
0.00719027
0.00719027
0.00719027
0.00677626
0.00677626
0.00677626
0.00677626
0.00677626
0.00677626
0.00677626
0.0128983
0.0128983
0.0128983
0.0128983
0.0128983
0.0128983
0.0128983
0.0128983
0.0128983
0.00700976
0.00419498
0.00419498
0.00419498
0.00419498
0.00419498
0.00722361
0.00722361
0.0134922
0.0164489
0.0164489
0.0150068
0.0200373
0.0200373
0.00794311
0.00794311
0.00794311
0.0157117
0.0157117
0.0157117
0.0157117
0.00338634
0.00458758
0.00458758
0.00458758
0.00458758
0.00338634
0.00319086
0.00388352
0.00388352
0.00388352
0.00388352
0.00319086
0.0131162
0.0131162
0.0131162
0.0131162
0.0131162
0.0131162
0.00931867
0.00350237
0.00361815
0.00730283
0.00670635
0.00670635
0.00670635
0.00670635
0.00670635
0.00670635
0.00670635
0.00755094
0.0105065
0.0105065
0.0105065
0.00755094
0.00755094
0.0070066
0.00714735
0.00714735
0.00714735
0.00714735
0.00714735
0.00714735
0.00714735
0.00540782
0.00540782
0.00994496
0.00994496
0.00846066
0.00471747
0.00354111
0.00714735
0.00962912
0.00962912
0.00962912
0.00962912
0.00723109
0.00723109
0.0135806
0.0135806
0.0135806
0.0135806
0.00676122
0.0094077
0.00943169
0.0039773
0.00333377
0.00333377
0.00333377
0.00333377
0.00333377
0.00333377
0.00392979
0.00392979
0.00392979
0.00392979
0.00392979
0.00392979
0.00392979
0.0128817
0.0128817
0.00746053
0.0140115
0.0140115
0.0140115
0.0140115
0.0140115
0.00731545
0.00731545
0.00731545
0.00731545
0.00731545
0.00703686
0.00703686
0.00703686
0.00711872
0.00755483
0.00755483
0.00755483
0.00755483
0.00755483
0.00755483
0.00755483
0.00743401
0.00743401
0.0139617
0.0139617
0.0139617
0.0139617
0.0139617
0.0139617
0.0100711
0.00747005
0.0140294
0.0140294
0.0101199
0.0101199
0.014747
0.014747
0.014747
0.014747
0.0144566
0.00743547
0.00743547
0.0146334
0.00948641
0.00667424
0.0125348
0.0125348
0.00904181
0.00904181
0.00665711
0.00665711
0.00665711
0.00665711
0.00849919
0.00849919
0.00849919
0.00849919
0.0097078
0.0097078
0.00899526
0.0102744
0.0102744
0.0102744
0.0102744
0.0102744
0.0102744
0.0102744
0.0102744
0.0091835
0.0091835
0.00746538
0.0140206
0.0140206
0.0101136
0.0101136
0.00385809
0.00385809
0.00772368
0.00772368
0.00772368
0.00772368
0.00772368
0.00320916
0.00355983
0.00355983
0.00498452
0.00355983
0.00355983
0.00355983
0.00355983
0.00355983
0.00667378
0.0147082
0.0125339
0.0125339
0.0125339
0.0125339
0.0177902
0.0177902
0.00903091
0.0127365
0.0127365
0.00762212
0.00762212
0.0150768
0.0150768
0.0150768
0.0150768
0.0132931
0.0132931
0.0132931
0.0132931
0.0132931
0.0132931
0.00961367
0.00178557
0.00191508
0.00191508
0.00191508
0.0017263
0.0017263
0.0017263
0.00178557
0.00191508
0.00393519
0.00393519
0.0017263
0.0017263
0.0017263
0.00178557
0.00178557
0.00178557
0.00211781
0.00172478
0.00172478
0.00172478
0.00178557
0.00178557
0.00178557
0.00204843
0.00169482
0.00261328
0.00172478
0.0129873
0.0129873
0.0129873
0.0129873
0.0129873
0.00932885
0.00932885
0.00675017
0.00675017
0.00399137
0.00675017
0.0150542
0.00907911
0.00907911
0.00907911
0.00907911
0.00907911
0.00907911
0.00892001
0.000928626
0.00361911
0.00476203
0.00426615
0.00721486
0.00654551
0.0166507
0.0166507
0.0166507
0.0166507
0.0129483
0.0129483
0.0129483
0.0129483
0.00660946
0.00660946
0.00660946
0.00846398
0.0143142
0.0143142
0.0143142
0.0143142
0.0143142
0.0143142
0.0143142
0.00944807
0.00944807
0.00944807
0.0126309
0.0126309
0.0126309
0.00689785
0.00689785
0.00689785
0.0142989
0.0142989
0.0142989
0.0142989
0.0142989
0.0142989
0.0142989
0.0142989
0.0142989
0.0142989
0.0103143
0.00712913
0.00712913
0.00712913
0.00712913
0.00675696
0.00675696
0.00675696
0.00675696
0.00675696
0.00675696
0.00675696
0.00675696
0.00435966
0.00435966
0.00435966
0.0041159
0.0041159
0.0041159
0.0041159
0.00755549
0.00755549
0.0141898
0.0141898
0.0141898
0.0141898
0.0141898
0.0141898
0.0102357
0.00633344
0.00633344
0.00633344
0.0074275
0.0074275
0.00756381
0.00756381
0.0142054
0.0142054
0.0142054
0.0142054
0.0142054
0.0142054
0.0102469
0.0123387
0.0123387
0.0123387
0.0123387
0.0123387
0.0123387
0.0123387
0.0123387
0.0123387
0.00661813
0.00661813
0.00661813
0.00661813
0.00600491
0.00661813
0.00661813
0.00661813
0.00661813
0.00563036
0.00475638
0.00284645
0.00284645
0.00235652
0.00235652
0.00774823
0.00641288
0.00641288
0.012844
0.012844
0.012844
0.012844
0.012844
0.0126482
0.0126482
0.0126482
0.0126482
0.0126482
0.0126482
0.00871327
0.0172351
0.0172351
0.0172351
0.0172351
0.0172351
0.0172351
0.0172351
0.0172351
0.0133108
0.0133108
0.0133108
0.0133108
0.0133108
0.00659969
0.00659969
0.00659969
0.00351498
0.00351498
0.00660142
0.00496714
0.00403106
0.00496714
0.00339531
0.00175749
0.00175749
0.00330071
0.001837
0.00165604
0.00398569
0.00336701
0.00175749
0.00175749
0.00175749
0.00201622
0.00169765
0.00169765
0.00169765
0.00664819
0.00664819
0.00664819
0.00664819
0.00664819
0.00664819
0.00664819
0.00664819
0.0124858
0.00247558
0.00247558
0.00605188
0.00605188
0.00362315
0.00335374
0.00335374
0.00247558
0.00247558
0.00234976
0.00234976
0.00659912
0.00464933
0.00464933
0.00247558
0.00247558
0.00239129
0.00283904
0.00293621
0.00335374
0.00335374
0.013055
0.013055
0.0122315
0.0122315
0.0122315
0.0122315
0.0146245
0.0146245
0.0146245
0.00448315
0.00538912
0.00945772
0.00718858
0.00718858
0.00890322
0.0131709
0.0131709
0.0131709
0.0131709
0.0131709
0.010458
0.010458
0.0140014
0.0140014
0.0156847
0.0156847
0.0156847
0.0156847
0.0156847
0.0156847
0.0107102
0.0148476
0.0148476
0.0148476
0.0151459
0.0151459
0.0151459
0.0151459
0.0151459
0.0128058
0.00923729
0.00923729
0.00923729
0.00923729
0.00923729
0.00923729
0.00344332
0.00344332
0.00503949
0.00408402
0.00408402
0.00408402
0.00344332
0.00344332
0.00654593
0.00654593
0.00654593
0.00395023
0.00901337
0.00642672
0.0124953
0.0124953
0.0124953
0.00964411
0.0177355
0.0177355
0.0127463
0.00690229
0.0080424
0.00690229
0.00690229
0.00690229
0.00690229
0.00690229
0.00133376
0.00421622
0.00355005
0.00355005
0.00421622
0.00421622
0.00421622
0.00834116
0.00952729
0.00952729
0.00952729
0.00952729
0.00952729
0.00952729
0.00952729
0.00952729
0.00712808
0.00550158
0.00550158
0.00550158
0.00550158
0.017717
0.00900396
0.0132691
0.00762212
0.00762212
0.0103662
0.0150727
0.0150727
0.0150727
0.0129179
0.0129179
0.0129179
0.0129179
0.00697872
0.0072802
0.00435682
0.00435682
0.00435682
0.00365189
0.00365189
0.00707692
0.00707692
0.00707692
0.00691148
0.00691148
0.00691148
0.00691148
0.0139069
0.0139069
0.00832258
0.00832258
0.00832258
0.00832258
0.00921319
0.00921319
0.013656
0.0139303
0.0139303
0.0139303
0.0139303
0.0139303
0.0139303
0.0139303
0.0139303
0.0139303
0.0139303
0.00565969
0.00787501
0.00787501
0.00787501
0.00787501
0.00787501
0.00669965
0.00738773
0.00738773
0.0138747
0.0138747
0.0138747
0.0138747
0.0138747
0.0138747
0.0100084
0.0097044
0.00493188
0.00880521
0.00880521
0.00880521
0.0097044
0.0097044
0.0097044
0.00527701
0.00345546
0.00345546
0.00345546
0.00416745
0.00416745
0.0080232
0.00351964
0.00706092
0.00706092
0.00706092
0.00706092
0.0125289
0.0125289
0.0125289
0.0125289
0.0125289
0.0125289
0.0127806
0.0127806
0.00702257
0.00702257
0.00702257
0.00702257
0.00702257
0.00940078
0.00940078
0.00970265
0.00970265
0.00970265
0.00970265
0.00970265
0.00970265
0.00970265
0.00970265
0.0190918
0.00958698
0.00722264
0.00456134
0.00670464
0.00670464
0.00670464
0.00670464
0.00670464
0.0126386
0.0123898
0.0123898
0.00637243
0.00637243
0.00637243
0.0102893
0.000252864
0.000252864
0.000252864
0.000252864
0.000215617
0.000215617
0.000215617
0.000348149
0.0139733
0.0139733
0.0139733
0.0139733
0.0139733
0.0165409
0.00750172
0.00750172
0.00750172
0.00750172
0.00750172
0.00750172
0.00750172
0.00750172
0.0140888
0.00839501
0.0095888
0.0095888
0.0095888
0.0095888
0.0095888
0.0095888
0.0095888
0.0095888
0.00952872
0.00952872
0.00952872
0.00843731
0.00963712
0.00963712
0.00963712
0.00963712
0.00963712
0.00963712
0.00963712
0.00963712
0.0131507
0.0131507
0.0131507
0.0131507
0.00932703
0.00932703
0.00744948
0.0139907
0.0139907
0.010092
0.010092
0.00719823
0.00719823
0.00719823
0.00719823
0.00719823
0.00683191
0.0128309
0.0128309
0.00925541
0.00925541
0.00925541
0.00888622
0.00801109
0.00801109
0.00801109
0.00801109
0.00417011
0.00526904
0.0068268
0.0068268
0.0126296
0.0123809
0.0123809
0.00637349
0.0149503
0.0149503
0.00919117
0.0127418
0.0127418
0.0127418
0.0127418
0.0127418
0.0129978
0.0129978
0.0144788
0.0110399
0.0110399
0.0110399
0.0110399
0.00680681
0.0127837
0.0127837
0.0092214
0.0092214
0.0092214
0.00665291
0.00665291
0.00665291
0.00665291
0.00665291
0.00665291
0.00665291
0.00607839
0.00607839
0.00489366
0.00489366
0.00489366
0.00489366
0.00489366
0.0030891
0.00261591
0.00216434
0.00261431
0.00216434
0.00216434
0.00216434
0.00557433
0.00275759
0.00303919
0.00244683
0.00244683
0.00244683
0.00244683
0.00244683
0.00130515
0.00130515
0.00275759
0.00303919
0.00244683
0.00244683
0.00244683
0.00244683
0.00244683
0.00154455
0.00130796
0.00905756
0.00904643
0.0148097
0.0148097
0.0148097
0.0148097
0.0148097
0.0151072
0.0151072
0.0135663
0.0135663
0.0135663
0.0135663
0.0135663
0.0160591
0.0160591
0.00947511
0.00947511
0.00947511
0.00951968
0.0100764
0.00882194
0.00882194
0.00882194
0.00882194
0.00882194
0.00882194
0.00882194
0.01426
0.00843196
0.00843196
0.00843196
0.00843196
0.0071963
0.0131981
0.0131981
0.0131981
0.0131981
0.0131981
0.0131981
0.0131981
0.0131981
0.0131981
0.0131981
0.0036813
0.0036813
0.00854759
0.00415973
0.00854759
0.00854759
0.00854759
0.0087956
0.0069616
0.00490423
0.00948133
0.00567629
0.00562191
0.00439354
0.00439354
0.00439354
0.00439354
0.0131613
0.00658064
0.00658064
0.00658064
0.0106104
0.020878
0.020878
0.020878
0.020878
0.020878
0.0150048
0.0150048
0.0150048
0.0130582
0.0100785
0.0100785
0.0100785
0.0100785
0.0100785
0.0078764
0.0078764
0.0078764
0.0134082
0.0134082
0.00452329
0.00759082
0.00759082
0.00759082
0.00385701
0.00764974
0.00660739
0.00660739
0.00660739
0.00678248
0.00678248
0.00678248
0.00678248
0.00678248
0.00445214
0.00880647
0.00880647
0.0103514
0.00743948
0.00638381
0.00638381
0.00917817
0.00917817
0.00917817
0.00917817
0.00689524
0.00689524
0.012716
0.012716
0.012716
0.012716
0.012716
0.012716
0.012716
0.0150525
0.0150525
0.0166433
0.0166433
0.0166433
0.0166433
0.0166433
0.0166433
0.0166433
0.0166433
0.0166433
0.0166433
0.0195632
0.0129951
0.0182219
0.0182219
0.0182219
0.0182219
0.0182219
0.0182219
0.0155023
0.0155023
0.00445893
0.0088199
0.00440567
0.0129746
0.0129746
0.0129746
0.0129746
0.0129746
0.0129746
0.0132352
0.0132352
0.0125958
0.0125958
0.017526
0.017526
0.0149102
0.0149102
0.0149102
0.0149102
0.00965188
0.00730276
0.00730276
0.00552541
0.00516403
0.00516403
0.00660819
0.00660819
0.0125625
0.0125625
0.0125625
0.0125625
0.0125625
0.00677928
0.00677928
0.00677928
0.00677928
0.00677928
0.00677928
0.0206987
0.0206987
0.0206987
0.0176094
0.0176094
0.0176094
0.0176094
0.0176094
0.0038261
0.00386642
0.00386642
0.00362248
0.00744364
0.00427083
0.00765962
0.00494318
0.00494318
0.00494318
0.00494318
0.00494318
0.0035303
0.00318254
0.00765962
0.00654344
0.00329922
0.00495089
0.00495089
0.00495089
0.00774579
0.00774579
0.00774579
0.00391591
0.00390991
0.00390991
0.00390991
0.00390991
0.00834966
0.00391591
0.000990113
0.010702
0.010702
0.0148364
0.0148364
0.0148364
0.0148364
0.0148364
0.0151344
0.0151344
0.00898178
0.00898178
0.0139414
0.0139414
0.0139414
0.0139414
0.0150263
0.0150263
0.0150263
0.0150263
0.0150263
0.00673806
0.0127911
0.0127911
0.0127911
0.00702008
0.00805354
0.00805354
0.00951033
0.00951033
0.0138303
0.013558
0.013558
0.013558
0.013558
0.013558
0.013558
0.0104643
0.00742748
0.0139494
0.0139494
0.0100622
0.0100622
0.00441099
0.00441099
0.00486489
0.00737071
0.00737071
0.00436142
0.00436142
0.00441414
0.00441414
0.00441414
0.006929
0.006929
0.006929
0.006929
0.00871804
0.00871804
0.00871804
0.00871804
0.00871804
0.00871804
0.00871804
0.00806468
0.00806468
0.00806468
0.00806468
0.00806468
0.00806468
0.00806468
0.0159522
0.0159522
0.0139104
0.0139104
0.0139104
0.0139104
0.0139104
0.0139104
0.0139104
0.0139104
0.00841225
0.00917269
0.00708889
0.00708889
0.00708889
0.00708889
0.00407168
0.00449067
0.00519762
0.00782679
0.00380895
0.0183972
0.0123879
0.0132219
0.0132219
0.0132219
0.0132219
0.0132219
0.0132219
0.0127688
0.0127688
0.0127688
0.0127688
0.0127688
0.0134918
0.0134918
0.0134918
0.0134918
0.00742217
0.00787687
0.00787687
0.00787687
0.00787687
0.00787687
0.00787687
0.0118649
0.00795135
0.00795135
0.00795135
0.00795135
0.00795135
0.0087271
0.00689202
0.00689202
0.00689202
0.00933683
0.00933683
0.00933683
0.0069043
0.0069043
0.0069043
0.00912304
0.00912304
0.00730334
0.00730334
0.00730334
0.00730334
0.00760689
0.00760689
0.00760689
0.00760689
0.00760689
0.00760689
0.00760689
0.00760689
0.0142863
0.0101163
0.0101163
0.0101163
0.0101163
0.0101163
0.0101163
0.00758408
0.00758408
0.00454147
0.00454147
0.0105526
0.00897765
0.00897765
0.00573826
0.00573826
0.00573826
0.00469529
0.00573826
0.00573826
0.00573826
0.00573826
0.00956291
0.00956291
0.00721564
0.0135516
0.0135516
0.00977526
0.00977526
0.00977484
0.00977484
0.00531531
0.00434921
0.0134441
0.0134441
0.0134441
0.0134441
0.0130891
0.0130891
0.0130891
0.0130891
0.0130891
0.0130891
0.0130891
0.0130891
0.0111355
0.00654456
0.00654456
0.00281557
0.0034694
0.00461089
0.0034694
0.0034694
0.00355876
0.00556777
0.0147852
0.00975865
0.00883459
0.00883459
0.00806659
0.0111867
0.0186662
0.0205724
0.0175019
0.0090689
0.0090689
0.0126889
0.00759364
0.0150204
0.0150204
0.00691721
0.00691721
0.00691721
0.00691721
0.0129911
0.0141895
0.00839027
0.00839027
0.0167968
0.0167968
0.0167968
0.0132469
0.013513
0.013513
0.013513
0.013513
0.013513
0.013513
0.013513
0.013513
0.013513
0.013513
0.00951612
0.00951612
0.00951612
0.00951612
0.00951612
0.00951612
0.00951612
0.0133536
0.0169898
0.0169898
0.0169898
0.0043561
0.0043561
0.0043561
0.00872065
0.00731024
0.013133
0.013133
0.00947337
0.00947337
0.006641
0.006641
0.006641
0.00697127
0.00697127
0.00697127
0.00697127
0.0136325
0.0136325
0.0136325
0.0136325
0.0136325
0.0136325
0.0136325
0.0136325
0.0136325
0.0136325
0.00888622
0.0166339
0.00712134
0.0170816
0.0074934
0.0175772
0.0175772
0.0175772
0.0147635
0.0150601
0.0150601
0.0150601
0.0150601
0.0150601
0.0150601
0.0150601
0.0150601
0.0150601
0.0150601
0.0053174
0.00977868
0.00743663
0.00743663
0.00743663
0.00743663
0.0139666
0.0139666
0.0139666
0.0139666
0.0100746
0.0091357
0.0126649
0.0126649
0.0126649
0.0126649
0.0126649
0.0126649
0.0129193
0.0129193
0.00741377
0.00741377
0.00741377
0.00741377
0.00446178
0.00545289
0.0067523
0.0067523
0.0067523
0.0067523
0.00509626
0.00509626
0.00471
0.00480461
0.00480461
0.00268978
0.00668523
0.0033975
0.0033975
0.0033975
0.00121125
0.00134489
0.00134489
0.00134489
0.00334261
0.00169875
0.00169875
0.00169875
0.00673698
0.00673698
0.00673698
0.0126526
0.00051799
0.00059165
0.00059165
0.00059165
0.00059165
0.00059165
0.00059165
0.00059165
0.00059165
0.00733501
0.00733501
0.00733501
0.00733501
0.00733501
0.00733501
0.00733501
0.00746352
0.00746352
0.0128279
0.0128279
0.0128279
0.0128279
0.0128279
0.0128279
0.015185
0.015185
0.00656628
0.00656628
0.0106023
0.016618
0.016618
0.00806258
0.0092091
0.0092091
0.0101937
0.00662781
0.00662781
0.00827545
0.00827545
0.00977239
0.00977239
0.00661908
0.00661908
0.00661908
0.00661908
0.00661908
0.00205405
0.00172171
0.00279429
0.00279429
0.00392049
0.00202952
0.00202952
0.00259694
0.00168815
0.00168815
0.00340586
0.00392049
0.00202952
0.00202952
0.010973
0.010973
0.010973
0.010973
0.00857545
0.00857545
0.00857545
0.0092196
0.0092196
0.0092196
0.0092196
0.00965696
0.0190019
0.0190019
0.0190019
0.0190019
0.0190019
0.0190019
0.0190019
0.0190019
0.00976914
0.0120971
0.0129116
0.0129116
0.0129116
0.0129116
0.0129116
0.0129116
0.00708298
0.00708298
0.00708298
0.00708298
0.00689999
0.00689999
0.00701824
0.00701824
0.00701824
0.00701824
0.00717158
0.00717158
0.00717158
0.00717158
0.00708492
0.00477017
0.00431848
0.00772963
0.00772963
0.00772963
0.00772963
0.00404602
0.00404602
0.00552113
0.00364719
0.00477017
0.00431848
0.00364719
0.00364719
0.00364719
0.00364719
0.00364719
0.00364719
0.00855519
0.00855519
0.0100474
0.0100474
0.0100474
0.0100474
0.0100474
0.0100474
0.0197701
0.0159833
0.00808039
0.00677298
0.00677298
0.00677298
0.0133983
0.0133983
0.0133983
0.0133983
0.0133983
0.0185138
0.0185138
0.00866948
0.00866948
0.00866948
0.00866948
0.00732185
0.0171748
0.00958388
0.00958388
0.0131632
0.0131632
0.0148601
0.0148601
0.0148601
0.0148601
0.0148601
0.0148601
0.0148601
0.00710093
0.00710093
0.00710093
0.00719875
0.0135198
0.0135198
0.00975238
0.00975238
0.00697311
0.00697311
0.0130961
0.0130961
0.0094467
0.0094467
0.0094467
0.00702688
0.00702688
0.00702688
0.012898
0.012898
0.0127987
0.0127987
0.0144486
0.0144486
0.0144486
0.0144486
0.00830852
0.00830852
0.00830852
0.00830852
0.00830852
0.00830852
0.00817434
0.00817434
0.00817434
0.00817434
0.00817434
0.00209553
0.00182775
0.00182775
0.00216783
0.00343265
0.00343265
0.00343265
0.00247611
0.00247611
0.00446817
0.00176708
0.00176708
0.00446817
0.00446817
0.00247611
0.00247611
0.00247611
0.00209682
0.00209682
0.00209682
0.00446817
0.00247611
0.00247611
0.00247611
0.00209682
0.00209682
0.00392257
0.00392257
0.00447348
0.00285739
0.00447348
0.00168816
0.0018063
0.0018063
0.0133884
0.0130532
0.0130532
0.0130532
0.00702351
0.0131907
0.0131907
0.00951498
0.00951498
0.00951498
0.00448903
0.00448903
0.00448903
0.00750112
0.00660961
0.00660961
0.00660961
0.00660961
0.0124134
0.0088645
0.0136067
0.0136067
0.0136067
0.0136067
0.0136067
0.0136067
0.0136067
0.0136067
0.0136067
0.00766018
0.00766018
0.00766018
0.00766018
0.0143864
0.0143864
0.0143864
0.0143864
0.0103775
0.00684846
0.00684846
0.00684846
0.0125724
0.0125724
0.0125724
0.0125724
0.00926174
0.00926174
0.00926174
0.0123105
0.0123105
0.0123105
0.0123105
0.0123105
0.0123105
0.0123105
0.0123105
0.0123105
0.00695108
0.00341883
0.00430339
0.00525932
0.00714112
0.00714112
0.00714112
0.00714112
0.00700013
0.0131468
0.0131468
0.0094833
0.0094833
0.0094833
0.00763847
0.00763847
0.00763847
0.00763847
0.0151091
0.00703175
0.00703175
0.00703175
0.0074542
0.00730741
0.00730741
0.013222
0.013222
0.013222
0.00371907
0.0074126
0.0074126
0.0074126
0.00678883
0.00678883
0.00678883
0.00678883
0.013446
0.013446
0.013446
0.00703491
0.00703491
0.00703491
0.00919118
0.00919118
0.00919118
0.00832273
0.0102699
0.0102699
0.0131786
0.0131786
0.0131786
0.0131786
0.0131786
0.0131786
0.0131786
0.0131786
0.00838296
0.00838296
0.00738758
0.00738758
0.00738758
0.00738758
0.00738758
0.00738758
0.00738758
0.00337766
0.00337766
0.00634351
0.00634351
0.00457582
0.00457582
0.00337766
0.00337766
0.00606275
0.00427101
0.00457582
0.00457582
0.00634652
0.0077242
0.0144548
0.0179543
0.0152746
0.0152746
0.0152746
0.0152746
0.0152746
0.0070936
0.0164706
0.00801549
0.00801549
0.00855524
0.00722537
0.00722537
0.00722537
0.00722537
0.00495498
0.00495498
0.00686914
0.00686914
0.00686914
0.00419454
0.00419454
0.00419454
0.00365754
0.00495498
0.00336056
0.00336056
0.00336056
0.00336056
0.00336056
0.00336056
0.00336056
0.00336056
0.00884646
0.00884646
0.00716723
0.00716723
0.0134606
0.0134606
0.0134606
0.0134606
0.0134606
0.0134606
0.0134606
0.0134606
0.00415516
0.00378813
0.00429853
0.00525337
0.00410553
0.00410553
0.00821903
0.00414879
0.00742591
0.00742591
0.00742591
0.00414879
0.00414879
0.00821903
0.00741472
0.00741472
0.00741472
0.00741472
0.0148438
0.0148438
0.0127718
0.0127718
0.0127718
0.0127718
0.00696975
0.00274524
0.00274524
0.00924853
0.00924853
0.00924853
0.00383542
0.00470942
0.00470942
0.00754832
0.00754832
0.0147915
0.0147915
0.0147915
0.0147915
0.0147915
0.0175094
0.0130014
0.0130014
0.0130014
0.0125555
0.0125555
0.00751383
0.00751383
0.00751383
0.00664775
0.00664775
0.00664775
0.00664775
0.0100576
0.0100576
0.0107614
0.0107614
0.0107614
0.0107614
0.00841009
0.0144601
0.0144601
0.0144601
0.0141754
0.0141754
0.0141754
0.0141754
0.0141754
0.0141754
0.0141754
0.0141754
0.00979725
0.00979725
0.00979725
0.00979725
0.00979725
0.00979725
0.00979725
0.00979725
0.0192779
0.0136304
0.0136304
0.0136304
0.0136304
0.0136304
0.0136304
0.00675313
0.00675313
0.00675313
0.00675313
0.00675313
0.00675313
0.00675313
0.00964361
0.00733578
0.00778518
0.00778518
0.00778518
0.00778518
0.00778518
0.00778518
0.00778518
0.00731228
0.00432375
0.00906838
0.00906838
0.00906838
0.00906838
0.00906838
0.00906838
0.0178438
0.00557106
0.00730639
0.00730639
0.0072181
0.0072181
0.0073631
0.00672519
0.00672519
0.00672519
0.00672519
0.00672519
0.00290518
0.00290518
0.00243512
0.00395214
0.005545
0.00505888
0.00290518
0.00242726
0.00237946
0.00237946
0.00242726
0.00242726
0.0174394
0.00854874
0.0100951
0.0100951
0.0100951
0.0100951
0.0100951
0.00690462
0.00690462
0.00690462
0.0129351
0.0129351
0.0129351
0.0129351
0.0129351
0.0153119
0.00675011
0.00675011
0.00675011
0.00675011
0.00675011
0.0126772
0.0126772
0.0126772
0.00914459
0.0128018
0.00972614
0.0134834
0.0134834
0.0134834
0.0137543
0.0137543
0.0137543
0.0137543
0.00716936
0.010176
0.00762125
0.00437786
0.00648969
0.00391444
0.00334079
0.00327987
0.00783647
0.00783647
0.00783647
0.00345549
0.00345549
0.00409846
0.00361181
0.00500886
0.00648969
0.0137136
0.0137136
0.0137136
0.0137136
0.0137136
0.0137136
0.000959697
0.0131597
0.0141386
0.0141386
0.0141386
0.0141386
0.0141386
0.0141386
0.0141386
0.00794662
0.00907665
0.00907665
0.00907665
0.00907665
0.00907665
0.00907665
0.00907665
0.00907665
0.00907665
0.00941671
0.0208558
0.0208558
0.0208558
0.0208558
0.0208558
0.0208558
0.0208558
0.00344365
0.00769041
0.00769041
0.00769041
0.00769041
0.00769041
0.00769041
0.00866713
0.00866713
0.0038433
0.00789737
0.0038433
0.0038433
0.00346445
0.00346445
0.00346445
0.0106989
0.0106989
0.0106989
0.0106989
0.0106989
0.00906006
0.00906006
0.0169489
0.00702208
0.00420235
0.00420235
0.00875278
0.00999745
0.00999745
0.00999745
0.00999745
0.00999745
0.00999745
0.00999745
0.00999745
0.00999745
0.0129867
0.0129867
0.0129867
0.0129867
0.0129867
0.0129867
0.0129867
0.0129867
0.0129867
0.0129867
0.000416584
0.000416584
0.000491939
0.000491939
0.000491939
0.00731402
0.0137363
0.0137363
0.00990853
0.00990853
0.00733449
0.00733449
0.00841423
0.00841423
0.00993626
0.00993626
0.00734676
0.00734676
0.0137978
0.0137978
0.0137978
0.0137978
0.0137978
0.0137978
0.0137978
0.0137978
0.0094921
0.0094921
0.0094921
0.00969031
0.0134338
0.0134338
0.0134338
0.0137036
0.0137036
0.0137036
0.0137036
0.013459
0.013459
0.013459
0.013459
0.00952967
0.00952967
0.00952967
0.00952967
0.00911543
0.018788
0.0147237
0.0147237
0.0147237
0.0147237
0.0147237
0.0147237
0.0147237
0.0147237
0.0147237
0.00705014
0.00705014
0.00705014
0.00705014
0.0127646
0.0127646
0.00421328
0.00421328
0.00421328
0.00421328
0.00421328
0.00421328
0.00421328
0.00860666
0.00860666
0.00860666
0.00239771
0.00239771
0.00239771
0.00677027
0.00677027
0.016824
0.016824
0.016824
0.016824
0.016824
0.016824
0.016824
0.016824
0.00807569
0.00807569
0.00807569
0.00807569
0.00807569
0.00807569
0.00747524
0.00747524
0.00886615
0.00886615
0.00886615
0.0101269
0.0101269
0.0101269
0.0101269
0.0101269
0.0129317
0.0129317
0.0138061
0.0138061
0.0106558
0.0106558
0.0106558
0.0106558
0.0106558
0.0106558
0.00832754
0.0102693
0.0102693
0.0102693
0.0102693
0.0102693
0.0102693
0.0102693
0.0162683
0.0162683
0.00944099
0.00944099
0.00452287
0.00894637
0.00819477
0.0161248
0.0161248
0.0161248
0.0161248
0.0115887
0.0115887
0.0115887
0.0115887
0.0115887
0.0115887
0.000994404
0.000994404
0.00137855
0.00137855
0.00140624
0.00140624
0.00140624
0.00675646
0.00675646
0.00675646
0.00675646
0.00675646
0.00675646
0.00675646
0.0133544
0.0133544
0.0133544
0.00662274
0.012438
0.012438
0.00897204
0.00897204
0.012729
0.012729
0.012729
0.012729
0.0132625
0.0132625
0.0132625
0.0126189
0.0128724
0.0128724
0.0128724
0.0128724
0.0128724
0.0128724
0.0128724
0.0126029
0.0126029
0.0126029
0.0126029
0.0102831
0.0102831
0.0102831
0.0102831
0.0142555
0.0142555
0.0142555
0.0145419
0.0145419
0.00729745
0.00729745
0.0137052
0.0137052
0.00988609
0.00988609
0.00737916
0.00737916
0.00737916
0.00702685
0.00702685
0.00702685
0.0127686
0.0127686
0.0127686
0.0127686
0.0127686
0.0127686
0.0127686
0.0127686
0.0127686
0.0130251
0.00741457
0.0139252
0.0139252
0.0100448
0.0100448
0.00866485
0.00866485
0.00866485
0.00866485
0.00866485
0.00497151
0.00450766
0.00930712
0.00930712
0.00431741
0.00357431
0.00357431
0.00357431
0.0036407
0.0036407
0.0036407
0.00853996
0.00431741
0.00403883
0.00403883
0.00403883
0.00403883
0.0036407
0.0036407
0.00853996
0.0138377
0.0081822
0.0081822
0.0163803
0.0163803
0.0163803
0.0163803
0.0127629
0.0127629
0.0127629
0.00904256
0.00904256
0.00904256
0.0125358
0.0125358
0.0127876
0.0127876
0.0127876
0.00657307
0.00657307
0.00657307
0.00657307
0.00899636
0.0102757
0.0102757
0.0102757
0.0102757
0.0102757
0.0102757
0.0102757
0.0102757
0.00686848
0.00406133
0.00406133
0.00406133
0.00686848
0.00686848
0.00832919
0.00832919
0.00951363
0.00951363
0.00951363
0.00924692
0.0105619
0.0105619
0.0105619
0.0105619
0.0105619
0.0105619
0.0105619
0.0105619
0.00784886
0.00649793
0.00649793
0.00649793
0.00775511
0.00775511
0.0155253
0.00695093
0.0130544
0.0130544
0.00941664
0.00941664
0.00829679
0.00829679
0.00829679
0.00829679
0.00829679
0.00823289
0.00823289
0.00823289
0.0027656
0.0027656
0.0027656
0.00165507
0.0013702
0.00165507
0.0013702
0.0013702
0.0020925
0.0020925
0.0016353
0.00182538
0.0013702
0.00165507
0.0013702
0.0013702
0.00513798
0.00513798
0.00513798
0.00420411
0.00892795
0.00892795
0.0159397
0.0126255
0.0126255
0.0126255
0.0126255
0.0126255
0.0145812
0.0145812
0.0145812
0.0145812
0.0145812
0.0145812
0.0172605
0.0172605
0.00260247
0.00512181
0.00516156
0.00216249
0.000465042
0.00709812
0.00709812
0.00709812
0.00709812
0.00709812
0.00969019
0.0134336
0.0134336
0.0134336
0.0137035
0.0137035
0.0137035
0.0137035
0.0145867
0.0145867
0.0202963
0.0163403
0.0163403
0.0163403
0.0163403
0.0163403
0.0163403
0.0101426
0.0140608
0.0140608
0.0140608
0.0143433
0.0143433
0.0143433
0.0143433
0.00486937
0.00486937
0.00486937
0.00486937
0.00486937
0.00380543
0.00761825
0.00895477
0.00895477
0.00895477
0.00720941
0.00455091
0.00455091
0.00895477
0.0128812
0.0128812
0.0128812
0.00678007
0.0127335
0.0127335
0.00918518
0.00918518
0.00412414
0.00689139
0.00748816
0.00748816
0.00748816
0.00748816
0.00748816
0.0140634
0.0140634
0.0140634
0.0101444
0.00698337
0.00698337
0.00698337
0.00654815
0.00654815
0.00747952
0.00747952
0.00471063
0.00471063
0.00471063
0.00471063
0.00471063
0.00654815
0.0064192
0.00495445
0.00387192
0.00495445
0.0064192
0.00330159
0.00330159
0.00330159
0.0134536
0.0079551
0.0079551
0.0079551
0.0079551
0.0079551
0.0079551
0.00665685
0.00665685
0.00665685
0.00665685
0.00740775
0.00726188
0.00726188
0.00726188
0.00736012
0.00736012
0.00736012
0.00736012
0.00736012
0.00736012
0.00736012
0.0138389
0.00828185
0.00828185
0.00828185
0.00828185
0.00828185
0.00828185
0.0163817
0.00995774
0.00995774
0.00995774
0.00995774
0.0138045
0.0138045
0.0138045
0.0140818
0.0140818
0.0130226
0.0130226
0.0130226
0.0130226
0.00669583
0.00669583
0.00669583
0.00673937
0.00673937
0.00673937
0.00673937
0.0129637
0.0129637
0.0129637
0.00936947
0.00476166
0.00403227
0.00403227
0.00403227
0.00403227
0.00797106
0.0040298
0.0085925
0.0085925
0.0085925
0.0085925
0.0040298
0.0040298
0.00990244
0.0137279
0.0137279
0.0137279
0.0140036
0.0140036
0.0140036
0.0140036
0.00700851
0.00700851
0.00832367
0.00832367
0.00982932
0.00982932
0.00982932
0.013005
0.00969762
0.00652994
0.00417093
0.00417093
0.00417093
0.00349608
0.00349608
0.00349608
0.00349608
0.00527332
0.00527332
0.00527332
0.00527332
0.00527332
0.00527332
0.00527332
0.00412111
0.00412111
0.00412111
0.00864837
0.0178254
0.0139693
0.0139693
0.0139693
0.0139693
0.0139693
0.0139693
0.0139693
0.0139693
0.0139693
0.00898658
0.0177757
0.0177757
0.0177757
0.0177757
0.0177757
0.00732745
0.00462753
0.0145585
0.0145585
0.0145585
0.0145585
0.0145585
0.0145585
0.00871249
0.00452915
0.00452915
0.00452915
0.00452915
0.00452915
0.00452915
0.00634474
0.0062198
0.0062198
0.00319903
0.00319903
0.00319903
0.0062198
0.00634474
0.00456431
0.00456431
0.00456431
0.00724718
0.00724718
0.0088282
0.00373271
0.00380205
0.00380205
0.00380205
0.00380205
0.00380205
0.00380205
0.00380205
0.00373271
0.00866695
0.00361327
0.00866695
0.00866695
0.00380205
0.00380205
0.00380205
0.00558165
0.00558165
0.00691175
0.00691175
0.00370049
0.00370049
0.00441481
0.00873263
0.00558165
0.00558165
0.0102646
0.0102646
0.0102646
0.0102646
0.0102646
0.00873263
0.0040113
0.0040113
0.0040113
0.0051328
0.0051328
0.00406229
0.00943921
0.0141578
0.0141578
0.0141578
0.0141578
0.0141578
0.0141578
0.00684268
0.00966963
0.00966963
0.0130083
0.0130083
0.0130083
0.0130083
0.00671454
0.00671454
0.0126104
0.0126104
0.00909641
0.00909641
0.00668498
0.00668498
0.00668498
0.0125549
0.00707223
0.00707223
0.00707223
0.00966938
0.00966938
0.0134048
0.0134048
0.0134048
0.013674
0.013674
0.013674
0.013674
0.00479466
0.00943439
0.00943439
0.00672818
0.00713939
0.00713939
0.00713939
0.00713939
0.0068655
0.012894
0.012894
0.00930091
0.00930091
0.00930091
0.00904343
0.00935767
0.00935767
0.00935767
0.00935767
0.00935767
0.00660895
0.00660895
0.015985
0.015985
0.015985
0.015985
0.00758188
0.00895335
0.00890589
0.00707094
0.0164062
0.0153618
0.00688848
0.00804101
0.00724837
0.00724837
0.00724837
0.00724837
0.00692991
0.00692991
0.00692991
0.00692991
0.00692991
0.00692991
0.00692991
0.00942393
0.00942393
0.00942393
0.00933826
0.0141501
0.0141501
0.0141501
0.0141501
0.0141501
0.0167501
0.0167501
0.00438481
0.00686478
0.00836912
0.005965
0.005965
0.005965
0.00363011
0.00363011
0.00354423
0.00354423
0.00518717
0.00406459
0.00406459
0.00500846
0.00480147
0.00480147
0.00177211
0.00177211
0.00185228
0.00185228
0.00210185
0.00210185
0.00240074
0.00240074
0.00200748
0.00200748
0.00168205
0.00168205
0.00168205
0.00168205
0.00256874
0.00256874
0.0127651
0.0127651
0.0127651
0.0127651
0.00754798
0.00754798
0.00781181
0.00781181
0.00781181
0.00781181
0.00781181
0.0146712
0.0146712
0.0146712
0.0105829
0.0128763
0.0128763
0.00671304
0.00671304
0.00671304
0.00671304
0.00671304
0.00671304
0.00671304
0.00671304
0.0126076
0.00508938
0.00508938
0.00508938
0.00508938
0.00508938
0.0126124
0.0126124
0.0126124
0.0126124
0.0126124
0.0126124
0.0126124
0.0126124
0.0126124
0.00672258
0.0126255
0.0126255
0.0091073
0.0091073
0.009901
0.009901
0.009901
0.009901
0.0194821
0.0194821
0.0194821
0.0140016
0.014023
0.014023
0.014023
0.014023
0.014023
0.0165996
0.0165996
0.00795161
0.00795161
0.00795161
0.00795161
0.00795161
0.00795161
0.00795161
0.00795161
0.0149337
0.00708779
0.00708779
0.00708779
0.00720426
0.00720426
0.00720426
0.00720426
0.00720426
0.0135302
0.0135302
0.0135302
0.00975984
0.00404037
0.00675142
0.00675142
0.00710701
0.00710701
0.00828688
0.00513024
0.00449154
0.00535141
0.00711211
0.00692263
0.00692263
0.00692263
0.0131603
0.0131603
0.0131603
0.0131603
0.00356327
0.00356327
0.00356327
0.00356327
0.00356327
0.00356327
0.00356327
0.00356327
0.00356327
0.00356327
0.0100118
0.0100118
0.0100118
0.0100118
0.0138794
0.0138794
0.0138794
0.0141582
0.0141582
0.00351914
0.0070258
0.0070258
0.0070258
0.00755251
0.00755251
0.00755251
0.00851171
0.00510111
0.00510111
0.00510111
0.00510111
0.00402854
0.00377438
0.00485007
0.00485007
0.0148781
0.0148781
0.0148781
0.0148781
0.0148781
0.0148781
0.0071629
0.0071629
0.0071629
0.0134525
0.0134525
0.00970381
0.00970381
0.00970381
0.00426957
0.00426957
0.00426957
0.00828478
0.0035674
0.00512894
0.00701618
0.00701618
0.00701618
0.0136414
0.0136414
0.0136414
0.0136414
0.0136414
0.0136414
0.00933894
0.00933894
0.00965593
0.00714211
0.00714211
0.00925687
0.00925687
0.00685805
0.00410419
0.00685805
0.00399104
0.00399104
0.00399104
0.0146118
0.0146118
0.00723934
0.0186452
0.0186452
0.00818017
0.00737381
0.00737381
0.0135605
0.0138328
0.0138328
0.0138328
0.0138328
0.0138328
0.0138328
0.0138328
0.0138328
0.0138328
0.0138328
0.00686313
0.00686313
0.00686313
0.00665821
0.00665821
0.00665821
0.00665821
0.00665821
0.00901684
0.00901684
0.00658979
0.00658979
0.00658979
0.0089274
0.0089274
0.00429934
0.00727099
0.00420442
0.00420442
0.00407564
0.00407564
0.00407564
0.00343286
0.00667442
0.0068085
0.00770055
0.00770055
0.00770055
0.00770055
0.00770055
0.00770055
0.00770055
0.00770055
0.00770055
0.0144622
0.0195296
0.00992513
0.00992513
0.0067314
0.0067314
0.0067314
0.0161462
0.0161462
0.0161462
0.00708308
0.00880287
0.0100547
0.0100547
0.0100547
0.0100547
0.0100547
0.0100547
0.0100547
0.0100547
0.0100547
0.00705223
0.00705223
0.00705223
0.00705223
0.00412574
0.00360362
0.00360362
0.0035049
0.00681449
0.00681449
0.00681449
0.0066239
0.0066239
0.0066239
0.0066239
0.0066239
0.0066239
0.0066239
0.0066239
0.0141789
0.00720453
0.00720453
0.00720453
0.0105398
0.00745847
0.00844907
0.012645
0.012645
0.012645
0.00829615
0.0186456
0.0158627
0.0158627
0.0125551
0.00642671
0.00802437
0.00802437
0.00721969
0.00721969
0.00736471
0.00736471
0.00736471
0.00665461
0.00665461
0.00901521
0.00901521
0.00901521
0.00663459
0.00663459
0.00663459
0.00898809
0.00898809
0.0201735
0.0171626
0.0171626
0.0171626
0.0171626
0.0171626
0.0171626
0.0171626
0.00534196
0.00534196
0.0105113
0.0105113
0.0105113
0.0105113
0.0105113
0.0105113
0.0105113
0.0105113
0.00452368
0.00380893
0.00380893
0.00467689
0.00467689
0.00394319
0.00467689
0.00467689
0.00571578
0.0105113
0.00459325
0.008061
0.0063358
0.0063358
0.0063358
0.000538698
0.000538698
0.000538698
0.0176367
0.0176367
0.0176367
0.0176367
0.0176367
0.0176367
0.0176367
0.0126753
0.0126753
0.00694952
0.00694952
0.00694952
0.00694952
0.0105258
0.0105258
0.00756482
0.00694309
0.00694309
0.00694309
0.00694309
0.0130397
0.00924035
0.00924035
0.00937139
0.00937139
0.0126286
0.0126286
0.00726823
0.00726823
0.00726823
0.00726823
0.00726823
0.00726823
0.00726823
0.00726823
0.0136503
0.00825157
0.00825157
0.0163219
0.0163219
0.0163219
0.0163219
0.0163219
0.0163219
0.0163219
0.0163219
0.00718914
0.00718914
0.00718914
0.00718914
0.00973936
0.00973936
0.00326362
0.00326362
0.00326362
0.00235417
0.00235417
0.00712
0.00712
0.00712
0.00712
0.00667281
0.00667281
0.00667281
0.00667281
0.010565
0.010565
0.010565
0.010565
0.010565
0.010565
0.010565
0.010565
0.010565
0.00914067
0.00914067
0.00914067
0.00931662
0.00931662
0.00689094
0.00689094
0.00689094
0.00689094
0.00933538
0.00933538
0.00674437
0.00674437
0.00674437
0.00674437
0.00943638
0.00943638
0.00943638
0.00943638
0.00943638
0.00943638
0.00943638
0.0185678
0.00680612
0.00680612
0.00680612
0.00748784
0.00898375
0.00536661
0.00536661
0.00753079
0.00753079
0.00574216
0.00448752
0.0138509
0.0138509
0.0138509
0.0138509
0.0138509
0.0138509
0.0138509
0.0138509
0.0138509
0.0138509
0.00673856
0.00673856
0.00673856
0.00673856
0.00673856
0.00936514
0.00936514
0.00936514
0.00936514
0.00936514
0.00936514
0.0132438
0.0132438
0.0070911
0.0070911
0.0070911
0.00960653
0.00960653
0.00462929
0.0134573
0.0134573
0.00678221
0.00943691
0.00841646
0.0096133
0.0096133
0.0096133
0.0096133
0.0096133
0.0096133
0.0096133
0.0096133
0.00942207
0.00942207
0.00420349
0.00420349
0.00348
0.00348
0.00352337
0.00420349
0.00420349
0.00420349
0.00420349
0.00688567
0.00731968
0.00786842
0.00886775
0.00886775
0.00886775
0.00886775
0.00977332
0.00977332
0.00602176
0.00770807
0.00770807
0.00770807
0.00770807
0.00725103
0.00725103
0.0123258
0.0125734
0.0125734
0.0125734
0.0125734
0.0125734
0.0125734
0.0125734
0.0194597
0.0194597
0.0194597
0.0194597
0.0194597
0.0194597
0.0194597
0.0194597
0.00689548
0.00367156
0.00703399
0.0127035
0.0127035
0.0131391
0.0131391
0.0131391
0.0126606
0.0126606
0.0126606
0.00928578
0.00928578
0.012873
0.012873
0.012873
0.012873
0.012873
0.012873
0.0131316
0.00678525
0.00678525
0.00678525
0.00678525
0.00678525
0.00678525
0.00678525
0.00678525
0.00695228
0.00695228
0.00695228
0.00695228
0.0130569
0.0042867
0.00963436
0.00963436
0.00790897
0.00963436
0.00963436
0.00489628
0.00414627
0.00687079
0.00687079
0.00332075
0.00332075
0.00414627
0.00414627
0.00784914
0.00657672
0.0152704
0.00636628
0.00794891
0.0070317
0.0084302
0.00962899
0.00962899
0.00962899
0.00962899
0.00962899
0.00962899
0.00962899
0.00962899
0.0071282
0.0071282
0.0071282
0.0071282
0.00683022
0.00683022
0.00683022
0.0134159
0.0134159
0.0134159
0.00985464
0.00985464
0.00985464
0.00985464
0.00985464
0.00985464
0.00985464
0.013936
0.013936
0.00687536
0.00687536
0.00687536
0.00337115
0.00345727
0.00536988
0.00536988
0.00536988
0.00536988
0.0057226
0.00896953
0.00702922
0.00702922
0.00702922
0.00702922
0.0049706
0.0049706
0.0092648
0.0105823
0.0105823
0.0105823
0.0105823
0.0105823
0.0105823
0.0105823
0.0105823
0.0105823
0.0186579
0.0186579
0.0186579
0.0186579
0.0186579
0.0186579
0.0186579
0.0186579
0.00944268
0.00944268
0.00944268
0.00944268
0.00944268
0.00944268
0.00479887
0.00677313
0.00677313
0.00677313
0.00680915
0.00680915
0.00680915
0.0066301
0.0066301
0.0066301
0.00898201
0.00898201
0.00701977
0.00949055
0.00949055
0.0207237
0.0207237
0.0207237
0.0166845
0.0166845
0.0166845
0.0166845
0.0166845
0.00915909
0.00715656
0.00701564
0.00701564
0.00701564
0.00701564
0.0100769
0.0100769
0.0142503
0.0142503
0.0142503
0.0142503
0.0142503
0.0142503
0.0142503
0.009626
0.009626
0.009626
0.0095905
0.00574165
0.00574165
0.00574165
0.00360454
0.00450061
0.00450061
0.0104577
0.00889688
0.00369662
0.00449907
0.00449907
0.00378951
0.00736786
0.00736786
0.00704176
0.0037701
0.00449785
0.0148288
0.0148288
0.0148288
0.0148288
0.00876829
0.0175536
0.0175536
0.0126692
0.0126692
0.0126692
0.0068298
0.0068298
0.0068298
0.00681274
0.00681274
0.00681274
0.00922943
0.00922943
0.00922943
0.0146133
0.0146133
0.0146133
0.00778101
0.0109956
0.0109956
0.0109956
0.00922881
0.0136271
0.0136271
0.0136271
0.0136271
0.0136271
0.0136271
0.0136271
0.0136271
0.00701501
0.00701501
0.00968525
0.00968525
0.00431533
0.00431533
0.00431533
0.00727595
0.00713268
0.00713268
0.00713268
0.00738048
0.00590999
0.00590999
0.00590999
0.00475809
0.00214347
0.00214347
0.00502791
0.00502791
0.00472799
0.00472799
0.00472799
0.00380647
0.00472799
0.00402233
0.00402233
0.00402233
0.00157775
0.00139041
0.00139041
0.00194687
0.00325194
0.00325194
0.00301675
0.00301675
0.002364
0.002364
0.002364
0.00190323
0.00216796
0.00216796
0.00201117
0.00201117
0.000795905
0.00056069
0.00056069
0.000428693
0.000428693
0.00100558
0.00100558
0.0127462
0.0127462
0.00753683
0.0150883
0.00908579
0.0125957
0.0125957
0.0125957
0.0125957
0.0125957
0.0125957
0.0128487
0.0128487
0.00702924
0.00702924
0.00675869
0.00940418
0.00940418
0.00751331
0.0104542
0.0104542
0.00751331
0.00986448
0.00986448
0.00986448
0.00986448
0.00986448
0.00986448
0.0139499
0.0139499
0.013365
0.013365
0.013365
0.013365
0.013394
0.013394
0.0173012
0.0086422
0.0086422
0.0086422
0.0086422
0.0110584
0.0143278
0.0143278
0.0143278
0.0143501
0.00764085
0.0107975
0.0107975
0.0107975
0.00734289
0.0173282
0.00894846
0.00894846
0.00894846
0.00894846
0.00894846
0.00894846
0.00894846
0.00894846
0.00894846
0.00732022
0.00991693
0.00991693
0.00991693
0.00991693
0.00991693
0.00669486
0.00669486
0.00669486
0.00669486
0.00669486
0.00669486
0.00669486
0.00669486
0.00978407
0.00978407
0.00978407
0.00978407
0.00978407
0.00978407
0.019252
0.00414099
0.0036493
0.0036493
0.00853508
0.00853508
0.00510979
0.00655704
0.0033552
0.0033552
0.0033552
0.0033552
0.00749288
0.00749288
0.00749288
0.0127129
0.0127129
0.0127129
0.0127129
0.0127129
0.0127129
0.0127129
0.0127129
0.00681146
0.00694828
0.00694828
0.00658617
0.00658617
0.00658617
0.00892249
0.00892249
0.00892249
0.00406629
0.00679472
0.00679472
0.00674336
0.00674336
0.00674336
0.00674336
0.00570939
0.00250731
0.00570939
0.00468314
0.00468314
0.000816668
0.000816668
0.000630319
0.000492596
0.00115915
0.000492596
0.000549854
0.000951565
0.000780523
0.000780523
0.000833073
0.000549854
0.000780523
0.0038438
0.0038438
0.0038438
0.00738876
0.00738876
0.00760315
0.00760315
0.00760315
0.00318221
0.00485972
0.00323846
0.00323846
0.00323846
0.00323846
0.00323846
0.00810893
0.00676345
0.00676345
0.00676345
0.00676345
0.00860509
0.00948384
0.00708787
0.00708787
0.00708787
0.00708787
0.00960216
0.00960216
0.00960216
0.0140719
0.0140719
0.00709509
0.00709509
0.00709509
0.00871189
0.0166576
0.015048
0.015048
0.015048
0.017813
0.017813
0.017813
0.017813
0.0065297
0.0065297
0.0065297
0.00641062
0.00641062
0.00914971
0.00914971
0.00700509
0.00700509
0.00700509
0.00845239
0.00845239
0.00845239
0.00845239
0.00845239
0.00845239
0.00845239
0.00845239
0.00965434
0.0092303
0.0092303
0.0092303
0.00698194
0.00698194
0.00698194
0.00698194
0.00698194
0.00698194
0.00698194
0.000483549
0.00894625
0.00894625
0.00659918
0.00659918
0.00659918
0.00659918
0.0143711
0.0143711
0.0145469
0.0145469
0.0145469
0.0164222
0.00967592
0.00967592
0.00726313
0.00505169
0.00906007
0.00906007
0.00906007
0.0106495
0.0106495
0.0106495
0.00657866
0.00657866
0.00780275
0.00780275
0.00780275
0.00780275
0.00780275
0.00780275
0.00780275
0.00780275
0.00680172
0.00680172
0.00680172
0.00680172
0.00680172
0.00680172
0.00680172
0.0126863
0.0126863
0.0126863
0.0126863
0.00911562
0.00911562
0.0066726
0.0066726
0.0066726
0.0066726
0.0066726
0.0066726
0.0066726
0.0066726
0.00692537
0.0096361
0.00663697
0.00663697
0.00663697
0.0194017
0.0194017
0.0194017
0.0194017
0.0194017
0.0194017
0.0194017
0.0139438
0.0139438
0.0139438
0.00953586
0.0139955
0.0142767
0.0142767
0.0142767
0.0142767
0.0142767
0.0142767
0.0142767
0.00904071
0.00904071
0.00681828
0.0128053
0.0128053
0.00923694
0.00923694
0.00923694
0.00939353
0.0073615
0.00307483
0.00307483
0.00307483
0.00307483
0.00574314
0.00574314
0.00366275
0.00366275
0.00322448
0.00190664
0.00381698
0.00381698
0.00381698
0.00381698
0.00290533
0.00173869
0.00173869
0.00145737
0.00272206
0.00272206
0.00173602
0.00173602
0.00284812
0.00284812
0.00284812
0.00151651
0.00151651
0.00151651
0.00151651
0.00151651
0.00723177
0.00723177
0.00723177
0.00723177
0.00723177
0.00723177
0.00723177
0.00723177
0.0135818
0.00957021
0.00957021
0.00923745
0.00923745
0.00923745
0.00923745
0.00923745
0.00923745
0.00923745
0.00923745
0.013164
0.013164
0.013164
0.00812599
0.00672736
0.00896218
0.0155098
0.0155098
0.00913561
0.00913561
0.00913561
0.0041356
0.0041356
0.0041356
0.0041356
0.00699408
0.014188
0.014188
0.0139086
0.0179122
0.0179122
0.016795
0.0066331
0.0066331
0.0066331
0.0066331
0.0066331
0.00684786
0.00684786
0.00684786
0.0034556
0.0034556
0.0034556
0.00468141
0.00468141
0.00468141
0.00395581
0.00395581
0.00395581
0.0070805
0.0070805
0.00761574
0.00333795
0.00396432
0.00663551
0.00663551
0.00663551
0.00663551
0.00663551
0.00724218
0.00433407
0.00433407
0.00433407
0.00955778
0.0130234
0.0130234
0.0130234
0.00354869
0.00563459
0.005526
0.005526
0.00348826
0.00686381
0.00493295
0.00483581
0.0024872
0.00257487
0.00363864
0.00363864
0.00363864
0.00363864
0.00493295
0.00483581
0.00489496
0.00489496
0.0024872
0.0024872
0.0024872
0.0024872
0.00708255
0.00708255
0.00708255
0.00708255
0.00708255
0.00949448
0.00938114
0.0130052
0.0130052
0.0130052
0.0130052
0.0130052
0.0130052
0.0130052
0.00498402
0.004519
0.00755119
0.00669739
0.00669739
0.00669739
0.00906166
0.00906166
0.00679366
0.00679366
0.00679366
0.00679366
0.0128143
0.0128143
0.0128143
0.0126974
0.0129524
0.0129524
0.0129524
0.0129524
0.0129524
0.0129524
0.0129524
0.0142544
0.0142544
0.0142544
0.0142544
0.0168736
0.0168736
0.0168736
0.00347369
0.00692353
0.00654218
0.00654218
0.00654218
0.00654218
0.00654218
0.00659442
0.00659442
0.00659442
0.00659442
0.00736881
0.00782024
0.00782024
0.00782024
0.00782024
0.00782024
0.00782024
0.00782024
0.00697704
0.00697704
0.00697704
0.0133606
0.0133606
0.0133606
0.00729025
0.00729025
0.00743669
0.00743669
0.00743669
0.00694008
0.00694008
0.00341342
0.00490757
0.0194607
0.00670766
0.00670766
0.0070581
0.0070581
0.0070581
0.0165561
0.00744287
0.00744287
0.00759238
0.00759238
0.00759238
0.00842091
0.00842091
0.00842091
0.00685811
0.0134972
0.0102915
0.0161013
0.00690357
0.00690357
0.00939413
0.00939413
0.00939413
0.00939413
0.00939413
0.00939413
0.0132848
0.0132848
0.012626
0.0131136
0.0131136
0.0131136
0.0155232
0.0155232
0.0155232
0.00768278
0.00768278
0.00768278
0.00768278
0.00768278
0.00768278
0.00768278
0.00768278
0.0144289
0.015808
0.015808
0.015808
0.015808
0.015808
0.015808
0.015808
0.0134053
0.0134053
0.0186524
0.0186524
0.0186524
0.00993653
0.00993653
0.00993653
0.00993653
0.00993653
0.00993653
0.00993653
0.019552
0.0110328
0.0110328
0.0110328
0.0078794
0.00894104
0.00894104
0.0143308
0.018233
0.018233
0.00685857
0.00685857
0.00685857
0.00923862
0.00923862
0.0130649
0.0130649
0.0130649
0.0130649
0.0130649
0.0130649
0.0130649
0.00918056
0.00957633
0.00957633
0.00957633
0.00957633
0.00957633
0.00957633
0.00957633
0.0127271
0.00681599
0.00681599
0.00681599
0.00681599
0.00668817
0.00668817
0.00668817
0.00668817
0.00921543
0.0105259
0.0105259
0.0105259
0.0105259
0.0105259
0.0105259
0.0105259
0.0105259
0.0126371
0.0126371
0.00977004
0.00977004
0.00977004
0.00977004
0.00977004
0.00977004
0.00977004
0.00977004
0.00693056
0.0124002
0.0126493
0.0126493
0.0126493
0.0126493
0.0126493
0.0126493
0.0126493
0.00667109
0.00667109
0.00903753
0.00903753
0.00697066
0.0036385
0.0068334
0.0068334
0.00412175
0.00412175
0.00345358
0.00345358
0.00969912
0.00745526
0.00390241
0.00801883
0.00801883
0.00801883
0.00801883
0.00801883
0.00801883
0.00671509
0.00671509
0.00671509
0.00671509
0.00890357
0.00890357
0.00890357
0.0169939
0.0169939
0.00674232
0.00674232
0.00674232
0.00674232
0.00674232
0.00674232
0.00674232
0.00674232
0.0090361
0.0090361
0.0115349
0.0115349
0.00823794
0.00823794
0.00409041
0.00409041
0.00409041
0.0130186
0.0130186
0.0130186
0.00656328
0.00656328
0.00899587
0.00899587
0.00931818
0.00931818
0.0134216
0.0134216
0.0109436
0.0109436
0.0109436
0.0109436
0.0109436
0.00499851
0.0053483
0.0053483
0.0053483
0.00707063
0.00707063
0.00924201
0.00924201
0.00924201
0.0181854
0.0154712
0.00862637
0.00862637
0.00862637
0.00647529
0.0069285
0.0069285
0.00573542
0.00573542
0.00682249
0.00682249
0.00682249
0.00953134
0.00953134
0.00953134
0.00437418
0.00437418
0.00437418
0.00666285
0.00666285
0.00666285
0.0125134
0.0125134
0.0125134
0.0125134
0.00656091
0.00656091
0.00656091
0.00656091
0.00656091
0.00656091
0.00656091
0.00383358
0.00383358
0.00939364
0.00939364
0.00678353
0.00678353
0.00678353
0.00678353
0.00678353
0.00886769
0.00886769
0.00886769
0.0142019
0.00756194
0.010686
0.010686
0.010686
0.010686
0.0171492
0.00706143
0.00706143
0.00706143
0.0147129
0.0147129
0.0147129
0.0147129
0.0147129
0.0147129
0.0147129
0.0147129
0.0147129
0.00732682
0.00442147
0.00932186
0.00932186
0.00423197
0.00707157
0.00707157
0.0041029
0.0041029
0.0041029
0.00845764
0.00532666
0.00532666
0.00532666
0.00443391
0.0093481
0.0093481
0.0093481
0.00829464
0.00370223
0.0022156
0.00472418
0.00472418
0.00472418
0.00218913
0.00218913
0.00218913
0.00201989
0.00422882
0.00422882
0.00472418
0.00472418
0.00472418
0.00218913
0.00218913
0.00218913
0.00201989
0.0142385
0.0142385
0.00841921
0.00841921
0.00841921
0.00841921
0.00668035
0.00668035
0.00668035
0.00674552
0.00674552
0.00674552
0.00674552
0.00674552
0.00662236
0.00662236
0.00662236
0.00897152
0.00897152
0.00918511
0.00918511
0.00654219
0.00654219
0.0126828
0.0126828
0.00689686
0.00689686
0.00689686
0.00689686
0.00923722
0.00923722
0.00923722
0.0071754
0.0071754
0.0071754
0.0071754
0.0071754
0.0071754
0.0071754
0.0071754
0.013476
0.0100981
0.0100981
0.0100981
0.0100981
0.0100981
0.0100981
0.0146811
0.0146811
0.0146811
0.0146811
0.0146811
0.0146811
0.0146811
0.0146811
0.0146811
0.0146811
0.014976
0.0148316
0.0148316
0.0148316
0.015262
0.015262
0.015262
0.015262
0.015262
0.0130048
0.0130048
0.00380513
0.00213023
0.00450431
0.00380513
0.00190872
0.00213023
0.00450431
0.00380513
0.0125385
0.0125385
0.0125385
0.0125385
0.0125385
0.0125385
0.0125385
0.0125385
0.0125385
0.0132224
0.0132224
0.0132224
0.0132224
0.00693092
0.00693092
0.00964382
0.00693092
0.0100935
0.0100935
0.0142738
0.0142738
0.0142738
0.0142738
0.0142738
0.0142738
0.0142738
0.00695083
0.00695083
0.00336019
0.00802839
0.00802839
0.00802839
0.00802839
0.00943686
0.00943686
0.0210949
0.0210949
0.0210949
0.0210949
0.0210949
0.0210949
0.0210949
0.0151607
0.0151607
0.00612889
0.00612889
0.005561
0.005561
0.005561
0.005561
0.005561
0.005561
0.00263603
0.0045902
0.0045902
0.00263674
0.0045902
0.00263674
0.0045902
0.005561
0.00263603
0.00218232
0.00263199
0.00222286
0.00290728
0.00290728
0.00220952
0.00521414
0.013987
0.00701756
0.00798765
0.00798765
0.00798765
0.0164134
0.0164134
0.00720027
0.00720027
0.0141697
0.0141697
0.0141697
0.0141697
0.00847981
0.00847981
0.00847981
0.00895954
0.0102336
0.0102336
0.0102336
0.0102336
0.0102336
0.0102336
0.0102336
0.0151098
0.0151098
0.0151098
0.0178861
0.0178861
0.0178861
0.00786377
0.00786377
0.0106533
0.0106533
0.0106533
0.0106533
0.0106533
0.0106533
0.0106533
0.00913447
0.00913447
0.0126632
0.0126632
0.0126632
0.0126632
0.0126632
0.0126632
0.0126632
0.00316507
0.00374762
0.00374762
0.005106
0.00375337
0.00742427
0.00622353
0.00622353
0.00451186
0.00451186
0.00479129
0.00721492
0.00742427
0.00743163
0.00743163
0.00743163
0.0100679
0.0100679
0.0100679
0.00918407
0.00918407
0.00918407
0.00835738
0.00954582
0.00954582
0.00954582
0.00954582
0.00954582
0.00954582
0.00954582
0.00954582
0.00887891
0.00887891
0.00887891
0.00887891
0.00673727
0.00673727
0.0091272
0.0091272
0.0091272
0.00700226
0.00700226
0.00700226
0.00948618
0.00948618
0.00948618
0.00728017
0.00728017
0.00728017
0.00986267
0.00986267
0.00986267
0.00348489
0.00464256
0.00832631
0.0042094
0.0042094
0.0146029
0.0107714
0.00874143
0.0166799
0.0166799
0.0132346
0.0132346
0.0132346
0.0132346
0.0133188
0.0133188
0.00695207
0.00726657
0.00726657
0.00726657
0.00726657
0.0101747
0.0133515
0.0133515
0.0133515
0.00696618
0.00696618
0.014472
0.014472
0.014472
0.0155569
0.0175328
0.0175328
0.00654212
0.00654212
0.00886282
0.00886282
0.00886282
0.0048533
0.0048533
0.0048533
0.0048533
0.00851737
0.00938717
0.00938717
0.00938717
0.00421393
0.00513736
0.00296858
0.00296858
0.00296858
0.00567825
0.00625811
0.00625811
0.00625811
0.00161777
0.00161777
0.00161777
0.00161777
0.00283912
0.00312906
0.00312906
0.00312906
0.0180951
0.0130047
0.0130047
0.0130047
0.0130047
0.0130047
0.0130047
0.0130047
0.0130047
0.0044921
0.0044921
0.0044921
0.0138716
0.0138716
0.0138716
0.0138716
0.0138716
0.0138716
0.0138716
0.0138716
0.0138716
0.0138716
0.0141502
0.0070629
0.00692381
0.00692381
0.00726014
0.00726014
0.00726014
0.00983554
0.00983554
0.00983554
0.01389
0.01389
0.01389
0.01389
0.01389
0.01389
0.01389
0.01389
0.01389
0.01389
0.0141691
0.00685178
0.00685178
0.00685178
0.00685178
0.00516614
0.00516614
0.0103423
0.0103423
0.0103423
0.0103423
0.0103423
0.0103423
0.00355643
0.00355643
0.002615
0.002615
0.002615
0.0021913
0.0021913
0.0026143
0.0132576
0.0132576
0.0132576
0.00689218
0.00689218
0.00689218
0.00689218
0.00689218
0.00729795
0.00729795
0.00687667
0.00836944
0.00836944
0.00836944
0.010681
0.00944554
0.00944554
0.00697181
0.00697181
0.00697181
0.0133128
0.0133128
0.0133128
0.0133128
0.00757492
0.00871395
0.00871395
0.00382266
0.00382266
0.0089668
0.00677811
0.00677811
0.00677811
0.00677811
0.00677811
0.00944848
0.00944848
0.00944848
0.00944848
0.00944848
0.00944848
0.00944848
0.00929046
0.00929046
0.00993701
0.00993701
0.00993701
0.00993701
0.00993701
0.00993701
0.00663108
0.00663108
0.0127051
0.0127051
0.0127051
0.0127051
0.0127051
0.0127051
0.010231
0.010231
0.010231
0.010231
0.010231
0.010231
0.010231
0.010231
0.010231
0.010231
0.0073556
0.00780622
0.00780622
0.00780622
0.00780622
0.00780622
0.00780622
0.00780622
0.0102715
0.0171946
0.0095873
0.0095873
0.0095873
0.0095873
0.0095873
0.0095873
0.0071966
0.0175584
0.012619
0.012619
0.012619
0.012619
0.012619
0.012619
0.012619
0.012619
0.0147374
0.0147374
0.00882499
0.0106019
0.0168336
0.0168336
0.0168336
0.0168336
0.0168336
0.0098012
0.011284
0.00828204
0.00914832
0.00914832
0.00914832
0.00914832
0.00686708
0.0138604
0.0174798
0.0174798
0.0174798
0.00950505
0.0123152
0.0123152
0.0123152
0.0123152
0.0123152
0.00985239
0.00985239
0.00985239
0.00985239
0.00985239
0.00985239
0.00713724
0.013497
0.013497
0.0103632
0.0103632
0.0101868
0.0200444
0.0200444
0.0170527
0.00668386
0.00668386
0.00668386
0.00707138
0.00707138
0.00707138
0.00707138
0.00707138
0.00707138
0.00707138
0.00707138
0.00960019
0.00960019
0.00960019
0.00960019
0.00960019
0.00960019
0.0135762
0.0135762
0.0135762
0.00847723
0.0100107
0.0100107
0.0100107
0.0100107
0.0100107
0.0100107
0.0100107
0.0100107
0.00918293
0.00918293
0.00918293
0.00918293
0.00918293
0.00918293
0.00918293
0.00918293
0.00918293
0.00918293
0.00916055
0.00916055
0.0127684
0.0127684
0.00687163
0.00687163
0.00687163
0.00687163
0.00687163
0.00687163
0.00687163
0.00687163
0.0129055
0.00717733
0.00717733
0.00851281
0.00851281
0.00851281
0.00851281
0.00851281
0.00851281
0.00851281
0.00851281
0.0094095
0.0094095
0.0094095
0.00812602
0.0120084
0.0120084
0.00845957
0.00845957
0.00635008
0.00635008
0.00635008
0.00635008
0.015172
0.0144827
0.0144827
0.0144827
0.0144827
0.0144827
0.0144827
0.0144827
0.0147736
0.0147736
0.0068648
0.0135788
0.0135788
0.0135788
0.0135788
0.0135788
0.000873552
0.00224986
0.000987079
0.00105355
0.000889778
0.000889778
0.000889778
0.00692062
0.00692062
0.00692062
0.00692062
0.00937559
0.00937559
0.00937559
0.0035525
0.00502016
0.00502016
0.00343155
0.00343155
0.00402433
0.00407298
0.00407298
0.00407298
0.00407298
0.00337195
0.00407298
0.00407298
0.0196331
0.0196331
0.00676708
0.00676708
0.00676708
0.00676708
0.00676708
0.00703354
0.00703354
0.00703354
0.00703354
0.00753894
0.00739048
0.00739048
0.00739048
0.00739048
0.00739048
0.00926918
0.00926918
0.00926918
0.00926918
0.00926918
0.00926918
0.00926918
0.0131081
0.0131081
0.0128296
0.0128296
0.0128296
0.0128296
0.0128296
0.0128296
0.0128296
0.0128296
0.00763398
0.0119516
0.0119516
0.0119516
0.0119516
0.0145707
0.0145707
0.0145707
0.00662065
0.00662065
0.00662065
0.00662065
0.00712297
0.00712297
0.00712297
0.00712297
0.016046
0.016046
0.016046
0.016046
0.016046
0.016046
0.013395
0.013395
0.013395
0.013395
0.013395
0.0131745
0.0131745
0.0131745
0.00716558
0.00730951
0.00730951
0.0134419
0.0134419
0.00483611
0.00343059
0.00556776
0.00356979
0.00683903
0.018471
0.00938716
0.00794924
0.00636654
0.00636654
0.00636654
0.00636654
0.00636654
0.00636654
0.0152711
0.00976269
0.00976269
0.00976269
0.0138582
0.0138582
0.0138582
0.0138582
0.0104594
0.00645648
0.00645648
0.00645648
0.00645648
0.00898368
0.0045656
0.0045656
0.0045656
0.0045656
0.0045656
0.0151183
0.0151183
0.0151183
0.0151183
0.0151183
0.0151183
0.0090475
0.0043298
0.0094033
0.0094033
0.0094033
0.0178837
0.0107067
0.0107067
0.0107067
0.00707268
0.00707268
0.0165903
0.00525635
0.00337013
0.00352258
0.00352258
0.00325538
0.00325538
0.00632937
0.00632937
0.00488511
0.00386388
0.00823873
0.00493237
0.00493237
0.00319884
0.00319884
0.00319884
0.00325826
0.00660126
0.00660126
0.00660126
2.90164e-05
0.0066422
0.0066422
0.0066422
0.00914211
0.00702984
0.00702984
0.00702984
0.00702984
0.00702984
0.0096155
0.0147331
0.015029
0.015029
0.015029
0.015029
0.015029
0.015029
0.015029
0.015029
0.00703123
0.00717247
0.00717247
0.00349629
0.00349629
0.00907666
0.00907666
0.00666601
0.00666601
0.00666601
0.00890104
0.00890104
0.0144399
0.0144399
0.0144399
0.0144399
0.0144399
0.0144399
0.0144399
0.01473
0.01473
0.00514261
0.00514261
0.00514261
0.00514261
0.00514261
0.00514261
0.00926692
0.00926692
0.0128468
0.0128468
0.0128468
0.0128468
0.0128468
0.0128468
0.0128468
0.0150042
0.0150042
0.0150042
0.0150042
0.0150042
0.0150042
0.0150042
0.0153056
0.0153056
0.00955641
0.00955641
0.00955641
0.00687238
0.00687238
0.00687238
0.00687238
0.00925651
0.00925651
0.0136857
0.0136857
0.0136857
0.0136857
0.0136857
0.0136857
0.0136857
0.0136857
0.0136857
0.0136857
0.0139606
0.00950009
0.00950009
0.00950009
0.0140111
0.0165856
0.0165856
0.0165856
0.0165856
0.0121121
0.0121121
0.0147663
0.0147663
0.0134718
0.0179876
0.0179876
0.0179876
0.0179876
0.00671853
0.00745267
0.00745267
0.00745267
0.0103354
0.0103354
0.00807711
0.00807711
0.00743075
0.00743075
0.00743075
0.0100667
0.0100667
0.0100667
0.0104656
0.0104656
0.0104656
0.0104656
0.0104656
0.00711559
0.00711559
0.00711559
0.00963972
0.00963972
0.00963972
0.00951762
0.00951762
0.00959728
0.00959728
0.00959728
0.00959728
0.00953565
0.00953565
0.00953565
0.00953565
0.00953565
0.00953565
0.00953565
0.0134849
0.0134849
0.000459339
0.00713934
0.00713934
0.00713934
0.00728276
0.00728276
0.00722067
0.0043212
0.0043212
0.0043212
0.00364389
0.000612184
0.00670921
0.00670921
0.00670921
0.00908918
0.00908918
0.00908918
0.0103829
0.0143939
0.0143939
0.0143939
0.0143939
0.0143939
0.0143939
0.0143939
0.00628215
0.00628215
0.00615844
0.00327912
0.00463383
0.00463383
0.00327912
0.00743648
0.00628215
0.00628215
0.00628215
0.00628215
0.00628215
0.00628215
0.00628215
0.00628215
0.016388
0.016388
0.016388
0.00622542
0.00655066
0.00655066
0.00655066
0.00655066
0.0139487
0.0139487
0.0139487
0.0165118
0.0165118
0.0165118
0.0165118
0.00844428
0.00844428
0.00844428
0.00844428
0.00844428
0.00844428
0.00844428
0.00844428
0.00964507
0.014927
0.014927
0.014927
0.014927
0.0176698
0.0176698
0.0176698
0.00688598
0.00688598
0.0041209
0.00688598
0.00916103
0.00916103
0.00916103
0.00916103
0.00674911
0.00674911
0.00674911
0.00790285
0.00902666
0.00902666
0.00902666
0.00902666
0.00902666
0.00902666
0.00902666
0.00902666
0.00404259
0.00404259
0.00404259
0.00404259
0.00404259
0.0137781
0.0137781
0.0137781
0.0163098
0.0163098
0.0163098
0.0163098
0.00660803
0.00660803
0.00660803
0.00660803
0.00710419
0.00710419
0.00710419
0.0102978
0.0102978
0.0102978
0.00842606
0.0134253
0.0134253
0.0134253
0.0134253
0.0134253
0.0125387
0.0125387
0.0190364
0.0190364
0.00847002
0.00746431
0.00746431
0.00746431
0.00746431
0.00746431
0.0104516
0.0094758
0.0094758
0.00681017
0.0133317
0.0133317
0.0133317
0.0133317
0.0133317
0.00458213
0.00458213
0.00458213
0.00458213
0.00765669
0.00765669
0.00685474
0.00685474
0.00685474
0.00685474
0.00928634
0.00928634
0.00928634
0.00421175
0.00421175
0.00421175
0.00703779
0.00722324
0.00546524
0.00546524
0.00546524
0.00916127
0.00916127
0.00916127
0.00898798
0.00898798
0.00898798
0.00618601
0.00618601
0.00618601
0.00618601
0.00618601
0.00618601
0.00618601
0.00618601
0.00618601
0.00618601
0.00661431
0.00661431
0.00661431
0.00896062
0.00896062
0.00896062
0.00697721
0.00417807
0.00802637
0.00345682
0.00903825
0.00903825
0.00903825
0.00671235
0.00671235
0.00671235
