0.075726
0.075726
0.00771846
0.0679892
0.0307152
0.073579
0.0142057
0.0679892
0.0468585
0.122401
0.0914403
0.0679892
0.0468585
0.122401
0.0914403
0.0679892
0.0468585
0.122401
0.0914403
0.0679892
0.0468585
0.122401
0.0914403
0.0679892
0.0468585
0.122401
0.0914403
0.0801221
0.0698196
0.0914403
0.0801221
0.0698196
0.111319
0.0919792
0.192053
0.0282223
0.60477
0.700557
0.605109
0.013139
0.0178026
0.0292841
0.0128909
0.355815
0.0100915
0.00633072
0.013139
0.0651971
0.0165045
0.0131519
0
0.043703
0.0225986
0.00812969
0.352483
0.0100915
0.0128991
0.013139
0.146388
0.0165045
0.0248331
0
0.0440958
0.0106044
0.117396
0.0311419
0.00812969
0.24708
0.0100915
0.0128991
0.00772211
0.166168
0.00685409
0.0245035
0.0251994
0.0440958
0.1408
0.0311419
0.215484
0.0100915
0.00633072
0.00772211
0.0129213
0.196117
0.0245035
0.0120475
0.0121812
0.0728269
0.0969256
0.0311419
0.199358
0.0100915
0.0204836
0
0.00772211
0.0129213
0.231044
0.00799714
0.0660926
0.0074811
0.0662585
0.0311419
0.163353
0.0204836
0.101822
0.00799714
0.0073103
0.0131584
0.0170342
0.0204836
0.152717
0.0131584
0.0204836
0.456014
0.489869
0.0821821
0.010366
0.00801308
0.201215
0.0521231
0.0700831
0.191251
0.0642248
0.0700831
0.173065
0.0642248
0.0856279
0.163832
0.0754382
0.0856279
0.144499
0.00858435
0.0765083
0.0930538
0.144499
0.00858435
0.0765083
0.0930538
0.134548
0.0644066
0.118423
0.0183859
0.134513
0.00773955
0.00719708
0.0237473
0.5446
0.766688
0.450351
0.0320944
0.0222077
0.112283
0
0.0433239
0.0125673
0.00742084
0.00810447
0.0132602
0.0397316
0.0146492
0.01131
0.0446458
0.0109922
0.264156
0.00751544
0.0107607
0.00679634
0
0.0137666
0.0125673
0.00742084
0.0154891
0.0132602
0.160799
0.0079173
0.0660031
0
0.0376924
0.165147
0.00751544
0.00679634
0.0361746
0.0125673
0.0154891
0.0132602
0.160799
0.0660031
0.0242749
0.0476419
0.156554
0.00751544
0.0108735
0.00679634
0.0125673
0.0229877
0.0132602
0.192095
0.0513538
0.0561705
0.147905
0.00751544
0.0108735
0.00679634
0.0125673
0.00733468
0.0229877
0.20822
0.0128355
0.055606
0.0557262
0.00751544
0.0125673
0.00733468
0.00810447
0.0290854
0.0128355
0.0101578
0.0101368
0.0101578
