0.0390987
0.343323
0.0126937
1
0.32182
1
1
0.983984
1
0.620796
1
0.26869
0.280895
0.0195675
0.0901516
0.0133635
1.03361
0.265271
0.214166
0.00261564
0.00684006
0.0084209
0.0376922
0.00835203
0.137481
0.405127
1
1
1
0.300599
0.980273
0.0215075
0.310744
0.0215854
0.0796853
0.0214889
0.00254171
0.00534872
0.389457
0.00281148
0.0514315
1
1
1.00115
0.999663
0.607151
1.0006
0.00247221
0.00371383
0.0792704
0.00796062
0.231302
0.005405
0.0550259
0.00540107
0.00540483
0.133554
0.00935224
0.00272821
0.045853
0.00340081
0.347482
1
1
0.338887
0.991632
0.00251617
0.00276638
0.00243368
0.00824055
0.00249393
0.00280035
0.00551505
0.49991
0.00249393
0.00256548
0.00374886
0.00264444
0.0187787
0.00792694
0.0849452
0.135581
0.0135403
0.00269778
0.00804729
0.0052716
0.0159902
0.00360039
0
0.00804767
0
0.0358846
0
0
0
0
0.002807
0.096389
0.00966191
1.00947
0.00277651
0
0.00542848
0
0.00282625
0.00648241
0
0.00328731
0.00264318
0.00525005
0.847378
0.00265001
0.0161276
0.002588
0.019196
0
0
0.00718133
0.0264269
0.00276207
0
0
0
0
0
0
0.0110828
0.00262435
0.00269903
0.0834761
0.428798
0.0124119
1
0.381947
1
1
1
1
0.831363
1
0.387973
0.116905
0.0231614
0.0890288
0.0105228
1
0.29487
0.16864
0.00266403
0.0069666
0.0153677
0.0311834
0.015242
0.112296
0.417573
1
1
1
0.302324
1.01039
0.0139459
0.201492
0.0252321
0.0887198
0.0251194
0.00258833
0.433613
0.00551052
0.0513273
1
1
1
1
0.632797
1
0.00528148
0.153457
0.00821192
0.0537401
0.00257479
0.00820595
0.00539679
0.130433
0.00540236
0.00257291
0.0389007
0.42364
1.02226
1
0.332998
1.0005
0.0024678
0.00774584
0.00263686
0.00252889
0.00255145
0.00551853
0.00252889
0.00274274
0.0107939
0.478944
0.0132951
0.013608
0.0110688
0.00256331
0.0163443
0.0721588
0.115187
0.00356526
0.0108381
0.0257871
0.00689489
0.0190965
0.00409388
0.00264792
0.00544702
0.024094
0.00354144
0.00842964
0.00399299
0.00264011
0.00399299
0.00236294
0.00264669
0.00252813
0.00252813
0.0052309
0.00835349
0.00280826
0.00252813
0.00272925
0.00877851
0.00875813
0.00318768
0.00278174
0.00525738
0.00525738
0.00552265
0.00539388
1.03193
0.002595
0.00263893
0.00270955
0.00270905
0.00628043
0.00286667
0.00772251
0.00270007
0.00269381
0.00269381
0.00808983
0.00269381
0.00275721
0.830144
0.0170383
0.0162391
0.00788232
0.0032751
0.00534483
0.0621679
0.021799
0.00274714
0.00254562
0.0254692
0.0535551
0
0
0
0.167374
0.942319
0.425542
1
1
1
1
0.719773
1
0.116359
0.280863
0.265727
0.012965
0.0100459
1
0.294523
0.207778
0.00284215
0.00743238
0.0138366
0.0410312
0.00673565
0.0109275
0.00281909
0.138065
0.00351425
0.413795
1
1
1
0.355328
1.00125
0.0160911
0.0971659
0.00357456
0.0160192
0
0.474893
0.00855537
0.00821798
0.0626179
0.00366659
0.982733
1
0.996209
1
0.561907
0.991021
0.00265036
0.00835151
0.24266
0.00817219
0.0519035
0.00816625
0.00874302
0.00524741
0.125975
0.00276264
0.002565
0.00277572
0.0596618
0.00707073
0.472857
1
1
0.338887
1.00139
0.00275923
0.0107011
0.297728
0.0120716
0.00261624
0.0051268
0.00257951
0.111675
0.326604
0.0124214
0
0
0.0306936
0.00384216
0.00262501
0.00386062
0.00275156
0
0.0358738
0
0.00256144
0
0.0610244
0
0.00253317
0.00253317
0.00258338
0.990479
0.00256144
0.00542823
0.00247283
0.00258338
0.00256144
0.00266099
0.0090081
0.00238765
0
0.00323281
0.00259936
0.00256144
0.00853813
0.00247849
0.0036592
0.76084
0.0107916
0.0152091
0.00265036
0.013845
0.00260296
0.00265036
0.00441727
0.00253682
0.00282732
0.0126378
0.00265036
0.078537
0.00256552
0.00526904
0.00826474
0.00526904
0.00718506
0.00526904
0.0110559
0.00261797
0.00269247
0.0118347
0.00252618
0.0248709
0.00252618
0.00298451
0.173218
0.911361
0.459048
1
1
1
1
0.744442
1
0.120422
0.154183
1
0.0156335
0.991188
0.278888
0.250544
0.00819936
0.0214418
0
0.0355497
0
0
0
0.137877
0.41328
1
1
1
0.270312
1
0
0.0108943
0.11766
0
0.0189381
0.0055924
0
0.00527679
0.575057
0.0072145
0.00880886
0.0913561
0.00377522
0.993456
0.978534
1.00875
1
0.638569
0.989835
0.0025721
0.0028135
0.0817484
0.00546016
0.0575083
0.00545619
0.00809235
0
0.139578
0.00259668
0.0291465
0.00283946
0.00281213
0.0669225
0.0174962
0.342121
1.00266
0.0037053
1
0.325997
1.00333
0.00246653
0.0147992
0.00255001
0.00265949
0.00267241
0.00255001
0.00255001
0.00858557
0.0030629
0.254486
0.00530588
0.00278963
0.00284066
0.00280237
0
0
0.00855655
0.00278171
0
0.048367
0.00345369
0.681051
0.0136349
0
0.00285782
0.00532952
0.0128081
0.00249115
0
0.00820824
0.00341292
0.0276658
0
0.00275587
0
0.00387492
0.00273819
0.00288318
0.00264266
0.00434224
0
0.00521148
0.0168119
0.0447193
0.00284269
0.00263739
0.0264783
0
0
0.0524255
0.00303046
1.02888
0.00334756
0
0.00272145
0.00266894
0.00664353
0.00534176
0.00524653
0.00509338
0.728529
0.0053551
0.0321306
0.00537524
0.0169419
0.0116889
0.00537524
0.00895874
0.00253458
0.0133861
0.00537524
0.122894
0.0111491
0.0103128
0.0084646
0.0301891
1
0.531105
0.164348
1.04329
0.16672
1
0.61896
0.980385
1
0.607116
1
0.430895
1
1
0.874815
0.250695
0
0.0107722
0
0
0
0
0
0
0
0
0.0103457
0
0
0
0.0246986
0
0
0.112793
0.0137015
0.0106314
0
0
0.0387964
0
0
0
0.0104115
0
0.039616
0
0
1
0
0.240259
0.994169
0.018065
0.0104131
0.0094264
0.00805265
0.0180701
0.0180701
0.0299586
0.00321328
0.0577996
0.00262157
0.0180701
0.0187095
0.0180701
0.00267333
0.0772148
0.00330219
0.024967
0.0180701
0.0206461
0.00260281
0.00777697
0.00813728
0.00267333
0.00251371
0.0620294
0.00406741
0.0156731
0.0212099
0.161334
0.0109389
0.0131474
0.00644007
0.00825038
0.0025372
0.00429338
0.0026001
0.0428494
0.0121703
0.411218
0.900397
0.993811
0.010773
0.279844
0.771126
0.995013
0.00276367
0.012983
0.0130802
0.0127225
0.0130493
0.0402068
0.00272008
0.0560474
0.01545
0.502814
0.00810754
0.00527697
0.0163364
0.0201819
0.013348
0.00259286
0
0.114143
0.00279563
0.0073865
0.00278283
0.105629
0.00783642
0.968527
0.770458
1.01515
0.738083
0.223471
1.00154
0.0024964
0.00832864
0.0024971
0.0024971
0.00832368
0.0024971
0.0024971
0.00525855
0.0025449
0.00765632
0.0425825
0.0024971
0.0376525
0.00261841
0.0241563
0.00375123
0.0107579
0.701881
0.0053919
0.00566342
0.00946277
0.012898
0.00288262
0.00559692
0.00259908
0.0333535
0.568877
0.972201
1
0.0928703
1.00384
0.0162623
0.00271093
0.0168597
0.00287784
0.153056
0.00280196
0.00628323
0.00403819
0.00276434
0.00284854
0.00280994
0.00255926
0.00293514
1
0.00280994
0.00294146
0.00288634
0.00263922
0
0.00537264
0.00570539
0.0158517
0.00268981
0.00424826
0.00701369
0.00278015
0.00269056
0.00269132
0.0073379
0.00455046
0.00269056
0.0128584
0.00290003
0.00367384
0.00257169
0.00269518
0.00857229
0.00269056
0.00282078
0.00281977
0.00269056
0.00384366
0.00546374
0.00298952
0.00269056
0.0320151
0.0249993
0.143237
0.0291931
1.03807
0.0056558
0.00570366
0.0250344
0.0341041
0.00946277
0.00280532
0.342853
0.00270295
0.00294312
0.00257677
0.00257677
0.00538315
0.00257677
0.00257677
0.254868
0.00264649
0.00351378
0.00858925
0.00295451
0.0160835
0.0382805
0.0550902
0.0156125
0.0765609
0.00262467
0.0160568
0.0191402
0.025075
0.0139586
0.0286571
0.0133733
0.0495222
0
0.0140149
0
0.016048
0.051455
