0.0171687
0.0171687
0.0171687
0.059495
0.0171687
0.059495
0.0171687
0.059495
0.0171687
0.059495
0.0171687
0.059495
0.0171687
0.059495
0.0171687
0.059495
0.059495
0.059495
0.059495
0.059495
0.0940908
0
0.0135615
0.00753865
0.0138719
0
0.305259
0
0.0407591
0.0219526
0.0067655
0.00774705
0.0200951
0.0110822
0.0122687
0
0
0.00815436
0.00997342
0
0.73123
0.0177746
0.034325
0.00753865
0.011437
0.00707932
0.00697932
0.00965167
0.00774705
0.0148819
0.0533355
0.0556164
0.0235791
0
0.0290473
0
0.0155218
0.00866441
0.0281612
0.0346193
0.00850541
0.947721
0
0.101074
0.00704748
0.0115698
0.0166884
0.00909765
0.0141441
0.0143295
0.0065211
0
0.154688
0.255798
0.0122687
0.0569716
0.00680365
0.0164627
0
0.00872959
0.0281612
0.0137934
0.00701968
0
0.970095
0.114285
0.014661
0.0119931
0.00738756
0.00684503
0.0484889
0.0472586
0.00714213
0.0357429
0.173354
0.00985568
0.302836
0.0345097
0.00692
0.0164627
0.0172101
0.0103668
0.0208503
0.00701968
0.784278
0
0.0160807
0.073882
0.0221014
0.0141226
0.0942179
0.0559925
0.00714213
0.051099
0.00632182
0
0.119717
0.00985568
0.322394
0.0122687
0.00692
0.0172101
0.0103668
0.671244
0.0937262
0.0144879
0.00673506
0.0324833
0.0567203
0.00714213
0.0501306
0.00632182
0.0109604
0.0869095
0.211331
0.00692
0.0166882
0.0171478
0.0103668
0.0110163
0
0.768908
0.0471948
0.00704748
0.0318199
0.0380201
0.0287211
0.0936869
0.00971922
0.232955
0.0113645
0.0171478
0.0103668
0.0110163
0.699776
0.0536912
0.00741485
0.0163424
0.0318199
0.0380201
0.0216651
0.0735483
0.00971922
0.178336
0.0113645
0.0171478
0.0103668
0.652374
0.0600156
0.0163424
0.047444
0.0187011
0
0.0150263
0.0531698
0.0204801
0.190029
0.0227783
0.0103668
0.0090051
0.0113129
0.00842564
0.546127
0.0403804
0.00692316
0
0.0096301
0.0294662
0.0531054
0.00971922
0.15499
0.0231605
0.0113129
0.006734
0.465089
0.0401783
0.00742002
0.0148393
0.0396612
0.176903
0.0114138
0.334742
0.0476734
0.015984
0.00742925
0.0112048
0.0200285
0.133301
0.32331
0.0137042
0.0219083
0.299001
0.0225036
0.299001
0.125674
0.0132241
0.0237178
0.00684874
0.116771
0.00772181
0.0106303
0.0490297
0.0132241
0.0279026
0.0650292
0.0119574
0.469081
0.00772181
0.0208806
0
0.00656096
0.119728
0.0170258
0.0321198
0.00774013
0.0229061
0.482993
0.00772181
0.0102502
0.0138399
0.0316193
0.0208031
0.164251
