0.12689
0.0366248
0.163084
0.0366248
0.154008
0.0366248
0.154008
0.0366248
0.154008
0.0366248
0.154008
0.021031
0.180614
0.0382105
0.0082103
0.0132016
0.0130012
0.0116227
0.00685341
0.0102615
0.0179365
0
0.0399194
0.0156031
0.0930079
0.0082103
0
0.0129825
0.0148395
0.0332445
0.0094754
0.010845
0.00936831
0.01874
0.00800879
0.0200759
0.0921028
0.660599
0
0.00685341
0.0315029
0.0102615
0.149898
0.0534643
0.0297491
0.4951
0
0.0335474
0.030177
0.0129825
0.0435921
0.0122233
0.0332445
0.027476
0.0492816
0.010845
0
0.122203
0.0149831
0.0101842
0.0417007
0.780503
0
0.0210441
0.149898
0.0184012
0.0389196
0.014146
0.55155
0
0
0.0335781
0.030177
0.0510857
0.0292285
0.0122233
0.0094754
0.0568621
0.00936831
0.00972375
0.0277893
0.0101842
0.0307158
1.00586
0
0.0198356
0.126572
0.014146
0.121037
0.101644
0.0114824
0.0383881
0.0122233
0.0443658
0.018056
0
0.0093904
0.0195651
0.160292
0.00810244
0.0101842
0.0189345
0.997737
0
0.021121
0
0.014146
0.124914
0
0.0344455
0.026531
0
0.122484
0.00888885
0
0.0307323
0.00977118
0.642947
0.0537175
0.00959769
0.997737
0.0116578
0.0278437
0.0104946
0.0166493
0.00929602
0
0.014146
0.0344673
0.178987
0.0126745
0.0151586
0.0565091
0.0292019
0.0368579
0
0.42435
0
0.0730034
0.02066
0.0087589
0.603004
0.10541
0.0202988
0.0300112
0.997737
0.0116578
0.0280138
0.0144494
0.0104946
0.00834101
0.0167318
0.0398241
0.014146
0.115849
0.297877
0.0170574
0.0447311
0.0151126
0.0631487
0.0159365
0.0142396
0.488708
0.00986774
0.11207
0.0304571
0.0087589
0.641312
0.0681385
0.0201319
0.0301257
0.985844
0.0116578
0.021448
0.0144494
0.0104946
0.0167318
0.0940482
0.0294677
0.0143042
0.115849
0.290829
0.0135865
0.0328416
0.114038
0.0151126
0.0643039
0.0160365
0.0142396
0.521674
0.00986774
0.102328
0.0200421
0.0374971
0.951651
0.0458292
0.0186535
0.0301257
0.617636
0.0233387
0.0545545
0.0144494
0.0104946
0.0565949
0.0102052
0.0400058
0.0143042
0.0838661
0.272345
0.0784018
0.0419851
0.100559
0.0395631
0.0308961
0.0142396
0.494526
0.0997953
0.0305764
0.0186131
0.916495
0.0522069
0.0186535
0.111595
0.763547
0.0233387
0.0545545
0.0464486
0.0104946
0.0372629
0.0102052
0.0185669
0.0306966
0.0666721
0.359856
0.0795301
0.0339508
0.100559
0.00971091
0.0282472
0.0260147
0.0281593
0.508947
0.00784234
0.0724697
0.0288638
0.0186131
0.982143
0.0530969
0.0186535
0.132187
0.537112
0.0118887
0.0990811
0.020787
0.0464486
0.0104946
0.0169569
0.0183282
0.00929602
0.0607892
0.0501179
1.00096
0.0526333
0.0338238
0.0765023
0.0129525
0.0380047
0.0264476
0.351844
0.0641355
0.0299043
0.0087589
0.687164
0.0307216
0.038043
0.131364
0.139208
0.023057
0.177166
0.0464486
0
0.0104946
0.0395859
0.010174
0.0607892
0.0175545
0.696443
0.025476
0.0416938
0.0438919
0.0129525
0.0380047
0.0784822
0.254243
0
0.0534206
0.018887
0.0087589
0.508363
0.0307216
0.0092433
0.131364
0.136949
0.0114342
0.189144
0.030043
0.0395859
0
0.0123953
0.0303598
0.0175545
0.566099
0.0733728
0.0221477
0.0262207
0.0157958
0.0784822
0.0459406
0.0431729
0.00923272
0
0.540083
0.00761816
0.0092433
0.150023
0.0597136
0.0114342
0.189144
0.030043
0.00944902
0.0195933
0.0196622
0.0472539
0.976188
0.0121898
0.0640608
0.0221477
0
0.0262207
0.0509842
0.0466802
0.0641386
0.00923272
0
0.490846
0.00709139
0.0092433
0.263656
0.07178
0.0144494
0.00944902
0.0164455
0
0.0143042
0.996515
0.0404153
0.043439
0.00983485
0.0262207
0.0150645
0.0761456
0.0628268
0
0.0515642
0.00834799
0.453625
0.0092433
0.482014
0.048155
0.0291303
0
0.933715
0.00651451
0.0159768
0.010514
0.00983485
0.0132682
0.0761456
0.030244
0.00795044
0.0299267
0.00829266
0.20816
0.0092433
0.470607
0.0239895
0.0291303
0
0.610145
0.00685438
0.0159265
0.010514
0
0.0889258
0.00795044
0.178181
0.137683
0.0121516
0.213675
0.00789893
0.122283
0.152594
0.197362
0.00789893
0.122283
0.113618
0.120799
0.0162245
0.27715
0.113618
0.112533
0.0162245
0.279731
0.122918
0.112533
0.0162245
0.261343
0.133587
0.0246478
0.0417939
0.0356953
0.348156
0
0.0161106
0.0177992
0.25337
0
0.0111852
0.00685655
0.00946109
0.0108827
0.00798083
0.0188249
0.0199505
0.0143065
0.0174086
0
0.0200627
0
0.0334598
0.11232
0.015441
0
0.00856246
0.0149204
0.00942803
0.00966531
0.0191631
0.0177992
0.0196203
0.57241
0.102275
0.0118763
0.0226039
0.0663304
0.0108827
0.00798083
0.0188249
0.00918629
0.0125305
0.0839552
0
0.0254813
0.0680622
0.0245717
0.00909524
0.634408
0.0392808
0.0138702
0
0.109022
0.0172141
0.0218878
0.0832959
0.0352667
0.0143282
0.0414027
0.767403
0.0380464
0.0226039
0.0147467
0.0569025
0.0108827
0
0.0286084
0.10047
0
0.0242444
0.0479571
0.033815
0.0191326
0.911446
0.0392808
0.0138702
0.0145851
0
0.0804618
0.0250422
0.04276
0.00951235
0.0851898
0.0758658
0.00737395
0.0515376
1.00884
0.0267137
0.0111852
0.0569025
0
0.0788539
0.0327638
0
0.0935908
0.0175383
0.00909524
0.435884
0.0392808
0.0138702
0.0948051
0.0150459
0.0202159
0.00852168
0.043814
0.0298202
0.172393
0.112643
0.00737395
0.0317462
0.995589
0.0274396
0.0111852
0.0383098
0.0103183
0
0.0178273
0.0194221
0.016515
0
0
0.00697786
0.0341357
0.00909524
0.0818056
0.0125885
0.0138702
0.124578
0.0150459
0.0202159
0.0109952
0.158744
0.182615
0.00779225
0.995589
0.0136144
0.0121359
0.0223103
0
0.0103183
0.00951007
0
0.0112731
0.00711013
0.0336094
0.0409853
0.0138702
0.0962721
0.0150459
0.0103356
0.0245384
0.0311358
0.134525
0.183708
0
0.010049
0.989759
0.0133647
0.0217346
0.021466
0
0.0135776
0.0173652
0
0.0105938
0.0666658
0.0155476
0.0668416
0.0150459
0.0242613
0.0302757
0.116208
0.197842
0.00812009
0.010049
0.924127
0.089005
0.0439928
0.0308984
0.0381572
0
0.0116018
0.00686653
0.0173652
0.0209546
0.0813268
0.012305
0.0263449
0.0150459
0.00811115
0.0398248
0.0960126
0.232467
0.0150257
0.0300757
0.795627
0.0913617
0.0106456
0.0835352
0.00874958
0.206099
0.0100108
0
0.0116018
0.0140875
0.0257745
0.0403551
0.328231
0.0387
0
0.012039
0.0150459
0.00811115
0.0503287
0.0200484
0.117652
0.106068
0.0150257
0.0191667
0.953851
0.152904
0.113482
0.00874958
0.224409
0.0194739
0.00784242
0.0116018
0.00722099
0.0498418
0.0403551
0.505628
0.0387
0.012039
0.0150459
0
0.0698361
0.134439
0.0891267
0.0222147
0.0191667
0.974136
0.165645
0
0.0915233
0.00874958
0.222081
0.00989906
0.014983
0.00784242
0.00670111
0.0172093
0.0401007
0.959016
0.0521355
0.07684
0.0150459
0
0.0302757
0.161853
0.0891267
0.0222147
0.010049
0.62731
0.178979
0.0245694
0.0115205
0.00763871
0.0101773
0.112833
0.00989906
0.0282079
0.0247209
0.016245
0.0307402
0.492078
0.0774452
0.0845515
0.126464
0.0718808
0.00805824
0.0509773
0.298991
0.0894955
0.0869436
0.018693
0.0162979
0.0252769
0.0100883
0.494695
0.0125639
0
0.0112003
0.0728228
0
0
0.0201373
0.122746
0.0133647
0.0869436
0.018693
0.00772014
0.00703103
0
0.959675
0
0.0549066
0
0.0201373
0.073274
0.0133647
0.0869436
0.00772014
0
0.993165
0.0104249
0.0549066
0
0.0201373
0.0326033
0.0133647
0.00721206
0.00827821
0.587232
0.0137546
0.00987266
0
0.0109814
0.0133647
0.0109814
