0.00349568
0.029474
0.0194039
0.00265129
0.216292
0.142483
0.203533
0.661576
0.151415
0.46973
0.860053
0.408454
0.365791
0.502466
0.297352
0.516972
0.173583
0.391608
0.229151
0.517487
0.0360096
0.0889141
0.194411
0.894299
1
0
0
0
0.00287978
0.0137333
1.00573
0.95267
0.289092
0.0053183
0
0
0
0
0
0
0.0201189
0
0.0103791
0
0.00692556
0.00541461
0.00562425
0
0.00862834
0.0027976
0.00339955
0
0.00655881
0
0.093515
0.0608342
0.232833
0.175524
0.00297499
0.00295422
0.0029658
0
0.00286905
0.00285178
0.00284949
0
0
0.00284493
0.00545591
0.00284493
0.00576287
0.00285613
0.00294328
0.0176213
0.00576287
0.00284493
0.00318887
0.0029658
0.00595505
0
0.00274961
0
0
0.00579577
0.00278354
0
0
0.00583331
0.00297611
0.0056802
0
0.00284949
0.00299641
0.00840708
0.023047
0.0261658
0.0585649
1.02916
0.883396
0
0.00291794
0.00276668
0
0.0186983
0.0118572
0.0173815
0
0.00291876
0.00276668
0
0.00272495
0.00461113
0.00297627
0.0417014
0.00272904
0.00289386
0.00472818
0.00248969
0
0.00290534
0
0
0.00709227
0.00257341
0.00284493
0.00287419
0.0163363
0.00299206
0
0.0112096
0.00602182
0
0.00415192
0.00298559
0.0107306
0.0637269
0.00289498
0
0.00296617
0.00301371
0.0098709
0.00287308
0.00299641
0.00294628
0.00247894
0.00859347
0.00553045
0.00400818
0.00814687
0.00294628
0.0029323
0.0195834
0.0263219
0.0285392
0.295733
0.0270169
1.02471
1.00459
1
0.00284407
0
0.00413871
0.0372536
0
0.0028658
0.00450576
0.0028031
0
0.00864379
0
0
0.0421974
0
0
0.00402611
0.00303173
0.0451272
0.00819128
0.00554107
0.0120881
0.0420948
0.00570154
0
0
0.00296729
0.0241991
0
0.0106224
0
0.00281075
0.0032682
0.00558294
0
0
0.00271728
0.0107887
0.0195605
0.00263697
0.00268253
0.00254634
0.00283469
0.00805222
0.00276668
0
0
0
0.00277788
0.00271728
0.00818794
0.0158963
0.00546118
0.00562604
0.0202119
0
0.00280791
0
0.00431417
0.0106986
0.011124
0.115999
0.0420052
0.985027
1.01227
0.982874
0.917683
0.00330749
0.0107046
0.0106425
0.00285277
0.00271719
0.00249039
0.00284407
0.00364548
0
0.00570188
0.00297455
0
0.00297499
0.0164404
0
0.00286203
0
0.00368837
0.0401573
0.0108934
0.0748732
0
0.00279611
0.00310303
0.00279216
0.0145985
0.0123921
0.00284407
0.0126912
0.0078481
0.0248493
0.00545022
0.00268132
0.00279969
0.00287236
0.00791461
0.0192974
0.0055231
0.00739616
0.00268132
0.00661922
0.00260186
0
0.00531298
0.00829026
0.00248243
0.00846626
0.00252313
0.017108
0.305985
0.002584
0.00276965
0.00565858
0.039573
0.00285815
0.00299641
0.00248243
0
0.00323795
0.00254252
0.0179474
0.0149168
0.174452
0.0386003
1.01982
0.595232
1.02352
0
0
0
0.0128847
0
0.00299641
0
0
0.0128535
0.0029643
0.00812081
0.0027641
0
0
0
0.0189018
0.00283691
0
0.00252413
0
0
0.0028944
0
0.00268132
0.00274712
0.00303868
0.0181018
0.00273567
0
0.00558073
0.0327502
0.0163218
0.00288149
0.00258992
0.00276896
0.0174381
0.0145598
0.00252413
0
0.0169252
0.0057828
0.0105159
0.00799235
0.00252413
0.00384297
0.00788749
0.0137741
0.139524
0.0603042
0.00565745
0.00284949
0.00697189
0.0109343
0.00361592
0
0
0.00505328
0
0.00281365
0.00255162
0.00298868
0
0
0.00293562
0.00253363
0
0.00804736
0.00371602
0.00262118
0
0.00284949
0
0
0
0.00861038
0.00284949
0
0.00291777
0.0072635
0.02396
0.00291289
0.0204217
0.0248784
0.00506324
0.00274111
0.00284949
0.0108119
0
0.00350097
0.011429
0.00299036
0
0.103279
0.0111234
0.00274111
0
0
0
0
0.0027923
0
0.0029408
0
0
0.0278601
0.0176484
0.00297679
0.00299641
0.00557801
0
0.00585614
0.00982093
0.00291903
0.00258781
0.00250906
0
0.170263
0.00572564
0.00826704
0.0077747
0.005673
0.00774379
0.00792969
0
0.00454936
0.00271521
0.00574881
0.398987
0.0386882
1.07693
0.00248899
0.00278486
0.00284957
0
0.00297087
0.00431321
0.00571086
0.00248969
0
0.00298809
0.00545094
0.00287447
0.0350344
0.00261153
0
0
0.00343295
0.00247679
0.0025858
0
0
0
0.00298325
0.00511238
0
0
0.00284957
0.0156866
0.0406081
0.0194332
0.0345293
1
0.954191
0.952407
0.0651685
0
0
0.00444191
0.0349631
0.00298325
0.00580256
0.0168437
0.00828776
0
0.00546292
0.0121889
0.00265944
0.00818564
0.018763
0.00274275
0.00583331
0
0
0.00574569
0.0196881
0.0118718
0.0160877
0
0.0275315
0.00843097
0
0.00279183
0.00264035
0
0.00309436
0.015969
0.0113708
0.00978597
0.0110791
0.00246656
0
0.0714847
0
0.0201254
0.0180398
0.00882723
0.00291603
0.00275646
0.00238967
0.00287447
0
0.00505236
0.00999022
0.00280671
0.00303472
0.011622
0.0423713
0.0786273
1.01809
1
0.00272418
0.00571888
0.0407098
0.00290132
0
0.00436856
0
0.00316186
0.00299684
0.00850779
0.00277717
0.00283801
0.00329031
0
0
0
0.00270363
0.0197005
0.00412554
0.00287447
0.0124782
0
0
0
0.00423557
0
0
0
0
0
0
0.00306645
0.017692
0.047344
0.0169025
0.0334852
0.869718
0.998479
0.738649
0.00873558
0
0.00282705
0.0085378
0.00262378
0.0111363
0.00564003
0.00542562
0.0221863
0.00570489
0
0.00291882
0.00556281
0.0026364
0.0512268
0.0029371
0.00299377
0.0180235
0.00287451
0.00764996
0.00282705
0.00268253
0.0232454
0.0197032
0.00947406
0.0364508
0.00567328
0.0213486
0.00520545
0.00266187
0
0.00591742
0.0113889
0.0069874
0.00262062
0.00573883
0.0131312
0
0.111749
0
0.00518076
0.011954
0
0.00534498
0.00833171
0
0
0.0054779
0.00883817
0.188089
0.014126
0.242192
0.998654
0.59571
0.00295
0.00288441
0.00296243
0
0.00295
0.00766548
0
0
0
0.00579957
0
0
0.00862341
0
0.00307764
0
0.0168436
0.0426176
0.0239304
0.0361551
0.101338
0.0408361
0.00287785
0
0.00295
0
0
0.00356186
0.00278305
0.00375148
0.00290167
0.00264035
0.00295
0
0.00850692
0
0.00265589
0.00274111
0.00398384
0.00379035
0.0113171
0
0.546885
0
0.0163358
0.00818303
0.00255093
0.00265589
0.00411166
0.00258766
0.087
0.00266147
0.00291882
0.00864007
0.00291882
0.00581961
0.00856781
0.00294474
0.0537705
0.00296333
0.00282046
0
0.00291882
0.00581961
0.00486323
0.0138634
1
0.00281967
0.0209791
0
0.00683493
0.145564
0
0.00542307
0.00282046
0
0.00252949
0.0102621
0.00287564
0
0
0
0.00271252
0.00293498
0.00776635
0.00282803
0.057454
0.00252949
0.00255511
0.00366453
0.00274146
0.00257138
0.0025858
0.00776397
0.0146711
0
0.00539549
0.0437336
0.256038
1
0.0841954
0
0.0025858
0.00349895
0.0483089
0
0.0118368
0.011082
0.00276986
0.0025858
0.00294116
0.0160006
0.00281748
0.00608361
0.00388615
0
0.0028803
0
0.0121526
0.00982309
0.00284609
0.00275072
0.00406922
0.0654121
0
0
0.00526614
0
0.0137257
0.0328572
0.0113385
0.00268559
0
0.0212871
0.00287447
0.00584612
0.00788258
0.0501741
0.010171
0
0
0.00284845
0.00269712
0
0.00284615
0.00286627
0.00391973
0.00281157
0.0107934
0
1
0.0104896
0.0025302
0.0107318
0
0.00449461
0.00768614
0.0029344
0.00267444
0.00252949
0.0027317
0
0.00290286
0.00305529
0.0170067
0.00286899
0
0.00274146
0
0
0
0
0.00658211
0.00304376
0.00293943
0.00572587
0.00837615
0.936102
0.0272857
0.0025942
0
0.00277686
0.0193023
0.00273633
0.00582186
0
0.0209433
0
0
0
0.00454158
0.0118183
0.00281179
0.0115666
0
0
0.0025677
0.0223028
0.024315
0.00271961
0.00284845
0
0.0113911
0.00586689
0.0491546
0.0231639
0.00297822
0
0.00380645
0.00285021
0.00295869
0.0073567
1.00551
0
0.0109506
1
0.0865492
0.00286708
0
0.017046
0
0.00738105
0
0
0.00556603
0.00853818
0.00584928
0.00543989
0.00282197
0.00570946
0.00960768
0.00274111
0.00274146
0.00275759
0.00274146
0.0028051
0.00562743
0.00284957
0.00545739
0.0281528
0.727593
0.0403324
0.00269875
0
0.00275759
0.00286153
0.00823648
0.00287981
0.00289194
0.00275759
0.00274959
0
0.00262867
0.00727926
0.00287166
0.00269321
0.0028374
0.00734512
0
0.00847484
0.123273
0
0.00425244
0
0.0205583
0.0200021
0.0142239
0.00274682
0.0773793
0
0
0.0027677
0.00277901
0.00781085
0.00281528
0
1.02086
0
0
0.0473071
0.0151072
0.931223
0.00277979
0
0.00275759
0.00274146
0.00283704
0.00263596
0.00471175
0.00712113
0.00606786
0.00277823
0.00284359
0.00552047
0.00279525
0
0.0130137
0
0.00284845
0.008559
0.00275759
0.00533077
0
0.0025677
0.00533077
0.0056826
0.0028008
0.00275759
0.0025677
0.00408847
0.0281347
0.0368015
0.992221
0
0
0.00450114
0
0.00566
0
0
0
0
0
0.00783384
0.0137038
0
0.0604048
0.027858
0.00740457
0.137038
0.0029705
0
0.00543543
0.00277426
0.0133082
0.00262132
0.00789205
0.00264593
0
0.907801
0
0.00262591
0
0.00276831
0.0104597
0
0.751367
0
0.00281347
0.00265664
0.00276307
0.00273419
0.00265514
0.00541896
0
0.00841965
0
0.0028662
0
0
0.0074472
0.00268363
0.00371009
1.06173
0
0.00286627
0.00273259
0.0135432
0.00708243
0.00563293
0.00559266
0.00411234
0
0.00274854
0.00474928
0.0232169
0.0026784
0.0030089
0.00566185
0.00263953
0.0252874
0.00302435
0.172195
0.00726901
0.00343573
0.00812711
0.0140728
0.00265448
0.411848
0.00678844
0.00553809
0.00392327
0.00296138
0.00553809
0.0031085
0.0659758
0.00257671
0.00270263
0.00257671
0.00257671
0.0439538
0.00286606
0.0366583
0.00280319
0.0238872
0
0
0.0257671
0.0152302
0
0
0
0.00287899
0
0.00266645
0
0.0207303
0
0
0
0.0195745
1
0
0
0.00273259
0.0026955
0.00308712
0.00296138
0.00294576
0.00304707
0.00273259
0
0.00281166
0.00287254
0.00390371
0
0.0089086
0
0
0.00351586
0
0.00309592
0
0.0029887
0
0.539465
0.0140634
0.132134
0.00307943
0.00307946
0.0160135
0.00294569
0.00294652
0.00327299
0.00294569
0
0.00305651
0
0
0.00294569
0
0
0.00294569
0
0.00683396
0
0.014222
0.0110094
0
0.00522597
0
0
0
0
0.00403131
0.00275843
0
0
0
0
0
0.00279531
0.0179484
0.00327002
0.0135539
0.0292631
0.00305126
0.00315324
0.0244327
0.0446913
0.00308798
0
0.00290915
0.425
0
0
0
0
0
0.00313059
0.0058427
0
0.0112076
0
0
0
0
0
0.00403825
0.0106665
0.00299274
0.00390578
0
0
0.00401321
0.00313887
0.00593241
0
0.00394272
0.312866
0.0283697
0
0.405671
1
0
0
0.00298539
0
0
0
0.010812
0
0.00300054
0
0.00288319
0.0028547
0
0.00603261
0.00288319
0
0
0.00735576
0
0
0.00722832
0.0029921
0.00302528
0.012839
0.00290915
0
0.0122912
0.00912784
0.0161249
0.0147793
1.01212
0
1.0798
0.968325
0.0067979
0
0
0
0.0030642
0
0
0.00286764
0
0
0.00271716
0
0.0437473
0
0
0.00294959
0.00304737
0.00933307
0
0.00288319
0.00254614
0
0.00312283
0
0.00290915
0.00367878
0.00267798
0.00295876
0
0
0.00328677
0
0.00258889
0.0138441
0.0152685
0.991124
0
0.0198648
0.33396
0.00829607
0
0
0.00238956
0
0
0
0
0.0044211
0
0.00300753
0
0.00232937
0.00250085
0.00292916
0
0
0.00246286
0
0.0895483
0.00303141
0.00246286
0.00610571
0.00388873
0.00710815
0.00293415
0.00461787
0.00246286
0.00986019
0.009073
0.00442002
0.0067169
0
0
0
0.0147483
0.00301171
0.00264658
0.016114
0
0.00969718
0.00967896
0.00556725
0.00271674
0.00626696
0.00785941
0.951211
0.0108252
0.135254
0
0
0.0207764
0.00597381
0
0.00565311
0
0
0.00310943
0.00287453
0
0
0
0.00301073
0.00579201
0.0166089
0.00902772
0
0.0056532
0.00356133
0.00301922
0
0.00544925
0.00306103
0
0.00271338
0
0.00294569
0.00281265
0.00848025
0.00554188
0.00307573
0.00357326
0.0503492
0.00281265
0.00296138
0.0144289
0.011477
0.0115957
0.0102528
1.00242
0.00281265
0.0638579
0.748968
0.00576282
0.0051211
0.017252
0.00294656
0.00587869
0.00282771
0.00293756
0.00283168
0.00260282
0.00282771
0.00541853
0.00267709
0.00281923
0.00282771
0
0
0.00282771
0
0.0219866
0.00275652
0.0029219
0.00295723
0.00303303
0.00568052
0.00603566
0.00295723
0
0.0169663
0.00888974
2.13687e-05
0.00304062
0.00540449
0.0111956
0.00417185
0.00969718
0.00892297
0.00294175
0.0310628
0.00411885
0.00302188
0.00291343
0.00266949
0.0148443
0.00538956
0.00728359
0.0266831
0.00263502
0.0151907
0.084321
0.00537442
0.00281334
0.00294569
0.00291343
0.00703164
0.0218355
0.0114413
0.0170452
0.082472
0.085772
1.05349
0.0247432
0.0113791
1.10643
0.993007
0.99578
0.00332133
0.0801447
0.017625
0.00306187
0.00268818
0.0026461
0.00299221
0
0
0
0
0.00302586
0.0030885
0.00352919
0.00583635
0
0.00294506
0.00306145
0.00308368
0.00858812
0.0257528
0.00825509
0.00294506
0.0046501
0.0080581
0.0555981
0.00553025
0.131277
0.0055474
0.00271974
0.0112561
0.00402905
0.00544927
0.018225
0.00672893
0.0060888
0.00296302
0.00295464
0.0514716
0.0046501
0.00296048
0.00255647
0.175709
0.0249219
0.00789352
0.00416192
0.376762
0.00606354
0.00306751
0.00774559
0.090562
0.00784185
0.00586807
0.00806876
0.0109887
0.0288282
0.23337
0.0249186
1
0.00984879
0.00836525
1
1.01319
0.00257445
0.00714381
0.00248882
0.00290278
0.00569287
0.00268826
0
0.0029599
0
0.00297944
0.00523737
0.00258684
0
0.00554981
0.00290656
0.00534336
0.00369987
0
0.00443501
0.00987741
0.00275652
0.00310203
0.00316925
0.0147995
0.00881402
0.0623305
0
0.00279673
0.00527195
0
0
0.00300705
0.00297944
0.0174083
0.208043
0.00294834
0.00301044
0.0835969
0.0208177
0.0906788
0.0063432
1.03168
0.00556373
0.0291343
0.297215
0.972746
0.0030753
0.00549832
0.00293674
0.0200561
0.0107113
0
0
1.06049
0.00299148
0.00288023
0
0.0083847
0
0.00299148
0
0
0.0354295
0.0561266
0.0042336
0.00258502
0.0174774
0.00959009
0.0225346
0.1474
0.00306508
0
0.0188198
0.0120352
0.00289563
0.00471814
0.0486608
0.00282003
0.0674624
0.002936
0
0
0.00290196
0
0
0.0375874
0
0.00590404
0.00295376
0
0
0.0158913
0.940187
0.343159
0.989045
0.154527
0.00289401
0
0.00617192
0.0721744
0.00351499
0.0156023
0.00295376
0.0467187
0
0.00540043
0.00609386
0
0
0.292874
0.00569977
0
0.0187459
0.0828229
0
0.0030984
0.0149118
0.0581197
0.0187459
0.00296302
0
0.013346
0.149513
0.00329201
0.00285162
0.0251927
0.0157769
0.648874
0.00283576
0
0
0.002777
0.00297524
0
0.0239291
0.00529736
0.00988102
0
0.00260783
0.00307188
0.00267709
0.00292916
0.00266258
0
0.0243626
0.00299753
0.0296949
0.0331257
0.0052681
0.591018
0.421307
0.996357
0
0.0374616
0.00786728
0.0196483
0.00276723
0.00592544
0.147694
0.0419328
0.149224
0.00292289
0.00526538
0.0222104
0.0387426
0.0720792
0.00307897
0.264375
0.00812875
0.0303829
0.169226
0.377391
0.00570406
0.00749463
0
0.00296835
0.00314363
0
0.00248882
0.00289129
0.002948
0.00824438
0.00289129
0.00948628
0.00303188
0.0110793
0.00289129
0
0.00297909
0.0495602
1.15217
1
0.131467
0
0
0.00394266
0.00864518
0.0028655
0
0.00298428
0.00297909
0.0294358
0.00248393
0.00279101
0.0150328
0.00305666
0.00279101
0.00440686
0.00279101
0.223721
1
0.514128
0.00279492
0.00442447
0.00248882
0.00260892
0.00248882
0.00248882
0.00248882
0.00248882
0.00248882
0.0118429
1
1
0.103896
0.00257208
0.00283805
0.00314318
0.0141233
0
0.0030456
0
0.00411337
0.0246525
0.00359817
1
1
0.0786561
0.0600229
0.00899543
0.00299848
0.00299848
0.00286921
0.0036388
0
0.00293096
0.0555384
0.52597
0.0453556
0.0028164
0.00299848
0.00256639
1
0.00969147
0.0748274
0.436232
0.0717386
0.00281539
0.00299848
0.00574218
0.00592373
0.00292226
0.0236412
