0.051566
0.0387655
0.394359
0.0664034
0.0363573
0.0503635
0.122778
0.305625
0.575732
0.652424
0.0859508
0.249912
0.987847
0.00370248
0.0449275
0.6555
0.0205812
0.0338583
0.986063
0.017118
0.995023
0.45171
0.177938
0.512464
0.328841
0.620373
0.181802
0.834847
0.595811
0.950967
0.370051
0.00310271
0.0164099
0.398652
0
0.00283806
0
0.00291744
0
0
0
0
0.00292036
0.00583966
0
0
0.0631794
0.264594
0
0.00285651
0
0.0142813
0.00285651
0.00286906
0.00273526
0
0
0.00297688
0.0225932
0
0.0237583
0
0.00285651
0
0
0.00254095
0.00787047
0.00527621
0.00408562
0.0136756
0.00254095
0
0.00527621
0.0484844
0.0622981
0.00272374
0.00266487
0
0.00248687
0
0
0.00285651
0.00272374
0.00519986
0.00271286
0.0124343
0.00272374
0.00261329
0
0.0136187
0.00266814
0
0.00295237
0
0.00263266
0
0
0.00522235
0.00836314
0.210784
0.0951536
0.628126
0.211753
0.484782
0.00273526
0
0.00266109
0.00272374
0
0.00272374
0
0.00272374
0
0.00272374
0.00941026
0.00816976
0
0.00266348
0.0128042
0.00816976
0.00290505
0.00279228
0.00537404
0.0139393
0.00295992
0.00295532
0.0984341
0.00295992
0
0.00840051
0.00876135
0.0144039
0.0027284
0.00926553
0.00915327
0.00295964
0.0464668
0.00360098
0.0787742
0.0172963
0.0027284
0.00857052
0.062527
0.0311004
0.197554
0.143958
0.116415
0.710628
0.251485
0
0
0
0.00428518
0.00677028
0.011027
0.0029656
0.00259999
0
0.00282397
0.00260048
0.00431884
0.00323029
0.0153259
0.00248244
0.0093836
0.00556704
0.0025879
0.00264215
0.0099598
0.00556704
0.00568499
0.00266043
0.00292141
0.0330978
0.002539
0.00541104
0.00528954
0.00250381
0
0
0
0.0279122
0.00888743
0.0026158
0.00271054
0.0158861
0.00541152
0
0.0104591
0.00552917
0.0264304
0.00551786
0.00283601
0.00589487
0
0.00835409
0.00388245
0.100197
0.00288565
0.00279719
0.0206901
0.00867012
0.00567202
0.0561724
0.00276034
0.00519638
0.132093
0.0140129
0.00581845
0
0.0205276
0.0115011
0
0.0109381
0.00536322
0.0173687
0.00536564
0.00976567
0.00824355
0.0285639
0.655713
0.0976799
0.700046
0.0699787
0.993865
0.739195
0
0.002539
0
0
0
0
0.00258377
0
0
0.00242274
0.00423804
0.00295422
0
0
0.00297566
0
0.0152457
0.00866808
0.00539333
0.00256362
0.00298064
0
0.0158424
0
0.00256123
0
0.011494
0
0.0377072
0.00577418
0.0380117
0
0
0.958709
0.00251174
0
0.00298635
0.0137967
0
0
0.0250939
0
0
0.00284915
0.0189809
0.00269994
0.0314835
0
0.0905244
0.00303156
0.0052565
0.0118705
0.00265716
0
0
0.00281914
0.0025465
0.00823276
0.0740961
0.00931934
0.0030148
0.00606333
0
0.0337154
0
0.00281363
0.0810474
0.00263995
0.014792
0.0145987
0.0282641
0.175
0.129347
0.985511
0.194411
0.818412
0.621188
1
0.00283886
0
0.0079278
0.00946019
0.0055457
0
0.00296488
0.0822838
0.00372775
0
0.00929905
0.00283806
0.00301334
0
0.0107458
0
0.00254309
0
0
0.0109136
0.0109362
0.0053466
0.00553115
0.00294047
0
0.00272206
0.981711
0
0.00278971
0.00260942
0.00258772
0.0026158
0.0151296
0.0194079
0.00290214
0.00262479
0.00540385
0
0
0
0.00258772
0.0617055
0.00568212
0
0.0100275
0
0
0.0027635
0.0255576
0.00326768
0.0510465
0.00291755
0.00290852
0.00307096
0.00796546
0
0
0
0.0121631
0.00822254
0.00264102
0.00247952
0.00834412
0.0162681
0.0055637
0.00268331
0.00381055
0
0.00285067
0.0113186
0.00759149
0.00264102
0.0133995
0.0192411
0.0199975
0.108083
0.0591641
0.994667
0.983659
1.00286
0.346489
0.341703
0.0146016
0.00525354
0
0
0.00272306
0
0.00287336
0
0.0139462
0.00263877
0
0.0145338
0.00265573
0.0056831
0.00268776
0.00344617
0
0.00263995
0.0203111
0
0
0.0146016
0
0.35334
0.0029732
0.00260668
0.00249496
0
0.00563076
0.00236076
0.00303146
0.0708938
0.0118154
0.00283606
0.0670993
0.00292032
0.00258772
0.00249496
0.00287438
0.0249488
0.00699555
0
0.0238806
0.00880338
0.00290889
0
0.00589747
0.0028023
0.0147569
0.0116631
0.018174
0.0109004
0
0.0409632
0
0.00680477
0.00287964
0.00898648
0.00361911
0.0310598
0.0134548
0
0.00961138
0.0128568
0.00981119
0.00282853
0.00295992
0.00873542
0.0311815
0.0409941
0.0496658
0.00290807
0.00845869
0.00920589
0.00508635
0.0085196
0.00281857
0
0.00887977
0.0258295
0.0219695
0.0227194
0.458166
0.188021
0.933691
0.347933
0.00292141
0.00537137
0.00531576
0.00733247
0.00563957
0
0.00260777
0.00276222
0.00583051
0.00267418
0.00561608
0.0118154
0.00578717
0.0029452
0
0.00285964
0.00294363
0.00260777
0
0
0.0028927
0
0.00302141
0.00260777
0
0
0.233242
0
0.00525262
0.00262443
0.00276204
0.0106606
0
0.00803918
0.0806971
0.00519155
0.00264765
0.00276204
0.044231
0
0.0057738
0.00352497
0.0135976
0
0.00280444
0.00256533
0.00530803
0.0114085
0.0114431
0.191019
0
0.00271951
0
0
0
0.0291767
0.0138643
0.00301197
0
0.0052916
0
0.00252073
0.00263825
0.00583118
0.0226401
0.00803446
0.0143985
0.0108256
0.00264545
0
0.00520667
0.00252073
0.00263825
0.00849689
0.03577
0.0453513
0.331826
1.01277
0.56371
0
0.00275626
0.00466952
0.0250187
0.01581
0.00256938
0.00574022
0.00294603
0.00804665
0.00885476
0
0.0400283
0.0125156
0.00297727
0.00465165
0
0
0
0.00575561
0.00271198
0
0.00276821
0.00291929
0.00697748
0
0.00288972
0
0.00276821
0
0.725882
0
0.00266512
0
0
0
0.00839806
0.049264
0
0.00567226
0
0.0026665
0
0
0
0
0
0.0188959
0
0
0
0.00395659
0.0163361
0.00397743
0.0516011
0.00292283
0.00253092
0.00864772
0.00574056
0.0364532
0
0.00822957
0.0109876
0.00533358
0.00851579
0.137655
0.0136643
0.0124174
0.0280501
0
0.01691
0.00554304
0.0140957
0.00509036
0
0.00284642
0
0.00890865
0.0109949
0.00796193
0.0165847
0.650022
0.0527628
0.951932
0.993773
0.986752
0.00252144
0.00290595
0.0037045
0.00433034
0.00676264
0.117533
0.00265321
0.00578068
0.00309845
0
0
0.00402244
0
0
0.00299128
0
0
0.00386422
0.00258791
0.00287498
0.00252149
0
0.0055066
0.0166236
0.00589704
0.00305
0.0055066
0
0.00278354
0
0
0
1.00916
1.02402
0
0.0413785
0.00821391
0.00281798
0.00265402
0
0.00364042
0
0
0.00860896
0.044548
0
0.00278971
0.0104662
0
0.00878319
0.0069595
0
0.0029452
0.00264459
0.00554532
0.0084085
0
0.0131628
0.01082
0.123552
0.00882977
0
0.00266546
0.00282213
0.00420666
0.00259882
0.00311081
0.015542
0.0218139
0.00849836
0.00299128
0.00264545
0.014241
0.00589204
0.0803502
0.0372667
0.00267046
0.00748949
0.0165956
0
0.00309845
0.00783487
0.0213088
0.00541156
0.00308891
0.00438214
0.0105575
0.0186931
0.0223016
0.177593
0.0580707
0.936372
1.07348
1
0.957524
0.00265402
0.00418266
0.00371335
0
0.0026953
0.00289385
0.00252073
0.00366103
0.00572028
0.0101019
0.00573483
0
0
0.00306271
0
0.00493718
0.00526281
0.00252073
0.0346635
0.00303461
0.00336019
0.0028113
0.035264
0.00273174
0.00638291
0
0.00252073
0.00268226
0
0.0646297
0.0156609
0.0718116
0.377443
0.0202953
0.00549923
0.00272624
0
0.0107074
0.00818884
0.0264012
0.0109699
0.0298948
0.00265402
0
0.00313694
0.00846077
0.023864
0
0.00282213
0.00235198
0.00301498
0.0034986
0.00747296
0.031226
0.0132526
0.00652694
0.0074389
0.00251723
0.00257948
0.00384157
0.0255863
0.00570999
0.0242704
0.00982845
0.00300868
0.00247878
0
0.022894
0.00530077
0.0113044
0.0112273
0.0112043
0.304262
0.00548465
0.00564209
0.00268137
0
0.00263686
0.00516268
0.00810673
0
0.00716129
0.00539468
0.0485219
0.00819504
0.0691813
0.0569713
1.00469
0.638833
1.00658
0
0
0.021582
0.00447353
0.013123
0.00291909
0.00282133
0
0
0
0.00268412
0.00921937
0.00565266
0.00694603
0.00282213
0.00266205
0.00893834
0.00534897
0.00271951
0.00289568
0.0203915
0.00262443
0.00256712
0.00487033
0.00276821
0
0.0337156
0.00277099
0
0.00252149
0.0024984
0
0.00261915
0.0504294
0.00252149
0.0029572
0.00254904
0.00247961
0
0.0124324
0.0196302
0.00293587
0.0086397
0.0029572
0.00501458
0.00252149
0
0.0024984
0
0.00540955
0.0032697
0.0166705
0
0.00269034
0.00284462
0
0.0208596
0.00269907
0.00643739
0.0158206
0.0025426
0
0
0.00276961
0
0.00561794
0
0
0
0.00268137
0.0204565
0.0110703
0
0.00575622
0.0111598
0.00247878
0.0122232
0.00542035
0.00345059
0.00261017
0.00542685
0.102646
0.00539379
0.00535896
0.00390093
0.010562
0.0149988
0.0106528
0.00539128
0.00256942
0.00544655
0.00269569
0.0106996
0.00345931
0
0
0.00510919
0.00515501
0.00297989
0
0.00559052
0.00583028
0.00744968
0
0
0
0
0.00815805
0.00855538
0.00852459
0.00582109
0.00257014
0.00283454
0.00353461
0.0114817
0.00821607
0.00601796
0.249897
0.0329344
0.0107329
0.00266723
0
0
0.00536562
0.00278159
0
0
0
0.0337861
0.0130921
0.00545705
0.00252073
0.0204317
0
0
0
0.00290107
0.0115869
0.00834005
0
0.0174347
0.00276821
0.0027447
0.00272373
0
0.00618459
0.00534975
0.00394131
0.00863421
0.002671
0.00922738
0.00506034
0
0.00276821
0.00415827
0.00259501
0.00647566
0.0091995
0.00269995
0
0.00247878
0
0.00684433
0.00260777
0.00255832
0.0137391
0.00282201
0.00858209
0.00754184
0
0
0.00260955
0.00260777
0.00255832
0.00306847
0.00250976
0.0127876
0.00265233
0.00792829
0.0787455
0.00954852
0.287326
0.968617
0.00249341
0
0
0.00330927
0.0298556
0.016829
0
0.00571037
0
0.00259722
0.00249271
0.00266411
0
0.00867329
0.0226479
0
0.011582
0
0.00319929
0.0024984
0.0118209
0.00516563
0.00506286
0.00424347
0.00573138
0.0148362
0
0.00261985
0.00516563
0.00289568
0.00815153
0.00256116
0.00755991
0.041688
0.00517795
0.0143065
0.331458
0.951144
0.954191
0.633744
0.0470957
0.0127738
0.00518025
0.00573464
0.00249271
0.00538843
0.0341298
0.0116589
0
0.00571079
0.0705245
0.00267906
0.00242952
0.00530373
0.00826175
0
0
0
0.0468616
0.00267709
0.0417471
0.00893458
0.00518558
0.00576175
0
0
0.0108473
0.0453396
0
0.0154868
0
0.0270148
0.00557422
0.00350975
0.00481336
0.00569564
0
0.0149519
0.00543845
0.00329419
0.00253905
0.00520335
0.0117044
0.00548198
0.0778506
0.00304819
0.00462081
0
0.00267088
0.00556196
0.00249271
0.00241501
0.00271063
0.0199394
0.00285449
0.0082996
0.0174809
0.0190815
0.0400911
1.02732
1
0
0.0189051
0.00264932
0.00297804
0
0.0079642
0.00675957
0
0
0
0
0.00544605
0.00281026
0.00760395
0.0136333
0
0.00837091
0.00250976
0.00250976
0.00573066
0
0.0147132
0.00250976
0
0.00258692
0.0180753
0.022793
0.0114347
0.0172427
1
0.574093
0.750562
0.996921
0.346993
0
0.0029572
0
0.00250976
0
0.0241392
0.0321282
0
0.00277317
0.129271
0.00551291
0.0029572
0
0.0306604
0.00835339
0.0027614
0.0270979
0
0.00527937
0.0032736
0
0.0440586
0.0093097
0.0148343
0.0027067
0.0539147
0.00267178
0.00250976
0
0.00560697
0.0236397
0.00304957
0.00282269
0.0052482
0.00277841
0
0.00293319
0.00789441
0.0771433
0.00295474
0.0152916
0.0171676
0.00293124
0.00289518
0.00250719
0.00293319
0.00269662
0.00585226
0
0.0195254
0.00266069
0.00275717
0.0745628
0.013138
0.249023
0.916522
0.948378
0.00251169
0.00275958
0.00622511
0
0
0
0.00272118
0.00276395
0.00770683
0
0.00902913
0.0071763
0
0.0112345
0.00293081
0.00542619
0.013576
0.00272042
0.00582946
0.0166669
0.00565199
0.00283813
0
0.00272042
0
0.00359935
0.0141652
0.0197155
0.0200961
1.00336
0.411285
0.15666
0.048152
0.0415857
0
0
0.00277098
0.00289568
0.0199395
0.16094
0.00284972
0.0154435
0.00259213
0.0392485
0.00289841
0
0.00289568
0.00259943
0.0868705
0.00292354
0.00839678
0.00264753
0
0
0
0
0.00408063
0.0254962
0.0109143
0.00879298
0
0.16099
0.0085801
0.00245974
0
0.00372269
0
0.00562328
0.0848385
0.00826891
0.00236253
0
0.00254419
0.00273174
0.0252573
0.00280147
0.00411875
0.0126432
0.00273262
0
0.00500393
0.00254419
0.00257818
0.00777022
0
0.0137649
0.00292354
0.00263195
0
0.0076368
0.805011
0.490307
0.00515077
0.0076518
0.00264104
0.0149232
0.0876607
0.00959244
0.00622856
0.00275903
0.00530716
0.0025124
0.0055666
0
0.00819895
0.00466066
0.00281336
0.00264475
0.00601792
0.00253905
0.00282555
0
0.010627
0.00507152
0.00288217
0.00691855
0.0287122
0.00289841
0.00264104
0
0.00268037
0.00548812
0.00330875
0.00930246
0
0
0.0105911
0.0030091
0.0027419
0.00268037
0.00555404
0.00268037
0.00951265
0.00760943
0.0256906
0.0238409
0.00871288
0.0313033
1
0.366471
1
0.0359874
0.0105675
0.00290472
0.00262959
0
0.00272191
0.0143972
0.00552298
0.00534431
0.00271491
0.0371184
0
0.00290472
0
0.00248488
0.00253671
0
0
0.0122106
0
0.00267057
0
0
0.00486867
0.00274066
0.0135524
0.00373577
0.0488407
0
0
0.0330859
0.00834451
0
0.006874
0.0196143
0
0.00805071
0.0168639
0
0.0113899
0
0.00265806
0.0158462
0.00826844
0.00264104
0.015023
0.00279787
0.0027858
0.0099039
0.0165381
0.941901
0.169971
0.386376
0
0
0.00268037
0.0133097
0.00774398
0.00271323
0.0025456
0
0
0.00391644
0.0027649
0.00301096
0
0.00562174
0.00255442
0.00262443
0
0
0
0
0.00526503
0
0
0.00257782
0.0401661
0.0399311
0.00269118
0.0574116
1.02307
0.0378068
1.01749
0
0.00261456
0.0026652
0.00248065
0.0136399
0.0220396
0.00260706
0.00803089
0.00573936
0.0603758
0
0
0.0026652
0
0
0.00521388
0
0.00934279
0
0
0.00264932
0.00245974
0
0.0106314
0
0.00589311
0.00415578
0.0118638
0.00279427
0.0066233
0.00251169
0
0.00259366
0.0106863
0.00856964
0.00256338
0.00239239
0.00277841
0.0233363
0.00275846
0.0789175
0.0122422
0.00531725
0.0025456
0
0
0.00251169
0
0.00293607
0.0072037
1.01389
0
0.0111898
0
1.00303
0.388085
0.1397
0.0135654
0
0
0
0.00361271
0.00555878
0.0027866
0
0.00265744
0.00536434
0
0
0.00301244
0.00258907
0.00814588
0.120073
1.04789
0.0195826
0.00244721
0
0
0.0026652
0.00280423
0.0251098
0.00258964
0.00990536
0.00277653
0.0108257
0.0028857
0.00251169
0
0.026652
0.00261506
0.010762
0.00262205
0.00237174
0
0.00277744
0.00670838
0.00296378
0.0392429
0.0203489
0.00588254
0
0.0038838
0.00569071
0.00731777
0.0401011
0.00539933
0.00241516
0.0056553
0.00270137
0.0314749
0.00845352
0.142673
0.0127833
0
0.0055667
0.0082009
0.00713193
0.00267252
0
0.00736506
0.995797
0
0.0475995
0.0154235
0.583457
0.758494
0.00249002
0
0.00251999
0.0086582
0.0026786
0
0.00252402
0
0.00515339
0.00624558
0.00268318
0.00447197
0.00836995
0.0279752
0.00249002
0.0385522
0.00277319
0.00244033
0.00245367
0
0.00249002
0.00536362
0.00266692
0.111365
0.0185671
0.0507272
0.049866
0.567882
0.00518562
0
0.00520144
0.0032394
0.00634176
0.00319408
0.0255571
0.0172566
0.0397222
0.00300046
0.0865955
0.00249481
0.0207859
0.00507909
0.00248354
0.00492982
0.00276838
0.00275421
0.00261916
0.00524979
0.0268394
0.00268318
0.00520144
0.00258355
0.0502024
0.0190437
0.0808073
0.069038
0.00560227
0.00256684
0.00304975
0.00268318
0.078582
0.0219918
0.199911
0.00258843
0.00268318
0.00268318
0.0030356
0.0171041
0.0195056
0.472323
0.0409288
0.00279592
0.00519417
0.00274353
0.993725
0.00310157
0
0.594299
0.00297077
0
0
0.00261052
0.00248354
0.00498608
0.00248354
0.0526503
0.560247
0.00645276
0
0.0216585
0
0.0389055
0
0
0.00744129
0.0108716
0
0.0031109
0.00510957
0
0.00259273
0
0.00300948
0.00251098
0.016819
0.00298278
0.00268761
1
0.00621765
0.293034
0.00731223
0.00550598
0.00992172
0.00276213
0.00263591
0.00288926
0.00451883
0.00558408
0.0101234
0.00282817
0.00271244
0.255154
0
0.00271987
0.00539344
0.00279104
0.00566137
0.00273203
0.00275395
0.00428727
0.00285818
0.00233779
0.00250507
0.0207304
0.00549483
0.00250507
0.00583642
0.00545756
0.00535665
0.0103366
0.00256425
0.850446
0.00256498
0.00256353
0.00256425
0.00269956
0.0202352
0.0403463
0
0.0307979
0.00686888
0.00250507
0.00451281
0.00266299
0.00294858
0.00257613
0.00250507
0.00276704
0.0099115
0.00284032
0.00255167
0.00274117
0.00568234
0.00277223
0.024385
0.0551065
0.00263699
0.00274117
0.00269956
0.00276704
0.00274117
0.00859279
0.00262749
0.00566696
0.129205
0.00360104
0.00262783
0.00491397
0.0030929
0.00294858
0.00271153
0.00294858
0.00271153
0.0206329
0.00737084
0.00271153
0.00293114
0
0.00294858
0.00446012
0
0.00456795
0.00297341
0.00283814
0
0.00806518
0.0322449
0.00285142
0.00573979
0.00568583
0.0123156
0.174723
1
0.00297111
0.00790778
0.00270556
0.143768
0.974897
0.00268198
0
0.00297085
0.00268274
0.00404504
0
0.00305681
0.00268274
0.00303406
0.00281153
0.00270556
0
0.00285818
0.0053883
0
0.00270556
0.00857453
0
0.00793289
0
0
0.00793289
0.00303406
0.00777616
0.00255598
0
0
0.00289659
0.00297341
0.00858758
0.0152203
0.00312229
0.00274117
0.00268382
0.00276216
0.00541605
0.00424773
0.0178251
0.00279272
0.00287301
0.00526984
0.00595869
0.00830881
0
0.0102791
0.0962245
0.00824069
0.0134559
0.00267749
0.011382
0.0387118
0.0164046
0.0334593
0.25522
0.425626
0.00311586
0.00561622
0.00256428
1.0063
0.47198
0.00320188
0.00250507
0.00268274
0.0103602
0.00305855
0.0059536
0.00258554
0.00250507
0.00274117
0.00570509
0.00261201
0.0058335
0.00271153
0.00270769
0.00279247
0.0079514
0
0.00278902
0.00274117
0.0238391
0.00541922
0
0
0.00850019
0.00513488
0
0.0026788
0.00477827
0.0181322
0
0.00850019
0.03949
0.00588617
0.0109189
0.00810097
0.00279467
0.00533154
0.0103229
0.0307217
0
0.00252837
0.00842816
0.0552298
0.0307446
0.0131757
0.0212767
0.00261719
0.00252837
0.00794314
0.0311938
0.00263606
0.0179467
0.00797076
0.0529246
0
0.00267749
0
0.455588
0.00301204
0.00842959
0.00854131
0.0135897
0.00533782
0.00264307
0.0032762
0.0234154
0.033856
0.131973
0.0236342
0.22986
0.0357967
0.00305521
0.00547761
0.566608
0.251261
0
0
0.00287279
0
0
0
0
0.0029431
0.00564229
0.00270769
0.00285465
0.0376717
0.00258805
0.00618244
0.00256425
0.0322328
0.00266719
0
0
0.00255598
0.00354193
0.0354893
0.0561918
0.0030326
0.0031153
0
0
0.00365139
1.01216
0.00269603
0.0025712
0.0263517
0.0143234
0.0111503
0.00268205
0.0109803
0.00565278
0.00830527
0.0026235
0.00404171
0.00550485
0.0200025
0
0.0108027
0.00594071
0.0889353
0.00975127
0.00259706
0.0108964
0.00815966
0.0325825
0.0142121
0.0255486
0.229954
0.999942
0.310184
0.0188772
0.00265826
0.00254313
0.965598
0.61933
0.991426
0.00280237
0
0.0027814
0.00280395
0
0.0350672
0
0
0.00268274
0.00556556
0.00256917
0.00252227
0.00581596
0.00348136
0.00280316
0.0124726
0.00252227
0.007944
0
0.00280316
0.0139518
0.00346516
0.00291909
0.0361753
0.0831946
1.00963
0.00531953
0.00608679
0.00424896
0.00262293
0.0253222
0.00269603
0.00449339
0.00750698
0.00270393
0.00254313
0.0410833
0.00473639
0
0.0117786
0.00537545
0.00372547
0.00844152
0.0115913
0.00264567
0.118676
0.0146509
1
1
0.00293287
0.96277
0.297685
1.00807
0
0.0126277
0.00298842
0
0.00349371
0
0
0.00333748
0
0.00590992
0.0766612
0.00306824
0.00281552
0.00675434
0
0.00291629
0.00818671
0
0.729643
0
0.00249396
0.00574028
0.00269337
0.0146675
0.00367277
0.0111147
0.00269337
0.00298756
0.00265188
0.00531687
0
0
0.0432695
0
0
0.00554443
0
0.0593242
0.00365924
0.00309833
0.00286196
0
0.00262293
0.013783
0.0170942
0.014637
0.0150053
1.02693
0
0.411918
0
0.00254146
0
0.00560012
0
0
0.00296841
0.00288685
0.00822752
0.00283232
0.00585303
0
0.00249346
0.00259114
0.00265931
0.166632
0
0.237123
0
0.00337974
0.674989
0
0.00841359
0
0
0
0
0
0.00279964
0
0
0.00276447
0.00604386
0.0547397
0.00895818
0
0.0103668
0.00276447
0.00296656
0.0191177
0.0188487
0.00812288
0.00533913
0.133974
0.00377346
0.948407
0.00276447
0.979427
0.893762
0.0647001
0
0.00562668
0.00650273
0
0.00291895
0.00298877
0
0.0030376
0
0.00270058
0.00279144
0.00270667
0.00268274
0.00291909
0.00268012
0.0196955
0.00268012
0.0709279
0
0.00268012
0
0.992054
0.119026
0.0228147
0.0179759
0.00288192
0.00274491
0
0.0051567
0.00307092
0.0321802
0
0.00309555
0.0024845
0.0106784
0.0110317
0.00830852
0.0315102
0.0024845
0.00541189
0.0162944
0.0209681
0.136053
0.0446675
0.989066
0.00288088
0.0024845
1.01175
0.881291
0
0
0.0151194
0.02164
0
0
0
0.0259852
0
0.00296129
0.00254938
0.00695284
0.00294776
0.0027008
0
0.00271985
0.0125597
0
1.01425
0
0.00269337
0.00276055
0
0.00539032
0.00358603
0
0
0.00287043
0.00275532
0.019509
0.00252958
0
0.00556589
0.056108
0.0107381
0.00288724
0.00284722
0.00387836
0.137206
0.0221019
0.0164179
0.00819031
0.243471
0.0499509
1.00808
0.00822164
0.963549
1.03417
0.993944
0
0
0.0175019
0.0073458
0.0710551
0.0498276
0.00253258
0
0.00858195
0
0.0121207
0.00254472
0.0026684
0.00360793
0.0280409
0.00566761
0.00604045
0
0.00566761
0.00336295
0.0172071
0
0.00271985
0
0.00306323
0.0028976
0.027646
0.0144088
0.00515172
0
0.0713413
0.00828028
0.12884
0.00246781
0.0160381
0.00293136
0.0214413
0.0137967
0.00307063
0.00263252
0.0025199
0.00257783
0.00264311
0
0.0698032
0.00252191
0.00530855
0.0140106
0.00550012
0.00264836
0.0699167
0.015868
0.00791781
0.365225
0.00878417
0.00836769
0.00365138
0.0820995
0.00249808
0.00263252
0.00274848
0
0.00567288
0.0110344
0.00883655
0.248472
0.02331
1.01354
0
0.00817615
1.01313
0.983824
0
0.00879163
0
0.00304613
0
0
0.00277646
0
0
0
0
0.00263154
0
0.00273418
0.041862
0.00264486
0
0.00273244
0.00281887
0
0.00262089
0.00273628
0.00278515
0.00320155
0.0136541
0
0.00589942
0.0027558
0.0094754
0.0028976
0.00256124
0.00845529
0.0117457
0.0544954
0.140416
0.00487847
0.00840853
0.00875324
0.0122586
0
0.0028976
0.00862134
0.00422244
0.00302348
0.00991686
0.00562444
0.00289866
0.00288094
0.0148386
0.011363
0.00421108
0.168461
0.00876539
0.00291775
0.055598
0.00241879
0.00288094
0
0.0030774
0.00785467
0.00297009
0.00308507
0.0461956
0.0127276
1.02148
0.00302766
0.00258788
0.29408
0.979045
0.712152
0.00263425
0.0027712
0.00350822
0.0148049
0.00270834
0.00259996
0
0.00274883
0
0.00542447
0
0
0.00295602
0.00268012
0.00278837
0.0028086
0
0.00277568
0.00256124
0.00273418
0.0030649
0
0.00524818
0.00372843
0.11861
1.05463
0
0.0133622
0.0101461
0
0.00281724
0.00311981
0.00314079
0.00550788
0.00285918
0.0167163
0.00281724
0
0
0.0705414
0.00415381
0.0028137
0.00290231
0.0353808
0
0.00262935
0.0257805
0.194409
0.00371423
0.00560575
0.239253
0.00568432
0.0140967
0.0116618
0.00282127
0.00284147
0.00566427
0.00478449
0.00541863
0.00375028
0.00306609
0.0351135
0.0244823
0
0.00287151
0.00663966
0
0.00254938
0.00291261
0.00564131
0.00258215
0.00268012
0.00592185
0.00294776
0.00294629
0.0031057
0
0.00254938
0.00552154
0.00287935
0
0
0.00561551
0.0031282
0
0.00553427
0.008498
0.00899248
0.0188948
0.0029552
0
0
0.00558628
0.00272798
0.00266276
0.00553148
0
0.0116756
0.00577827
0
0.00313736
0.40375
0.462584
0.403365
1.00716
0
0.00526878
0.00281724
0.00296226
0.00287935
0.00606036
0.0319222
0.0130655
0.0332249
0.00684884
0.00552027
0.00527464
0
0.0144569
0
0.215653
0.00281953
0.00265576
0.0294708
0.085447
0.00922894
0.0055028
0.0107328
0.00279653
0.00240919
0.0239126
0.00265642
0.0358916
0.00278513
0.00289003
0.1424
0.0032665
0
0.0348257
0.0210667
0.6981
0.762716
0.00820211
0
0.0029301
0.0027846
0.0029218
0.00841483
0.00272109
0.00719654
0.00278605
0.00536135
0.00928483
0.00296841
0
0
0.00508278
0.00562051
0.00273124
0.00288094
0.00575446
0.0026684
0.00870741
0.00264141
0.0160274
0
0.110606
0.0241367
0.00521778
0.00770102
0.00292246
0.0294742
0.0031325
0.648327
1.00978
0.300057
0.853887
0
0.0137908
0.00818175
0.00312812
0.00286144
0
0.055283
0.0111936
0.0241361
0.00404855
0.00261238
0.00278605
0
0.00283374
0.00928684
0.00843844
0.151726
0.0297854
0.128824
0
0.00258344
0.0198977
0.00270106
0.0297854
0.00302131
0.0587134
0.0025447
0.00860951
0.213255
0.00693386
0.00269397
0.0118155
0.024411
0.0399425
1.00666
0.26878
0.00260247
0.00296045
0
0.00277568
0.00926828
0
0
0.00285998
0
0.37444
0.104766
0.977439
1
0.179316
0.0406639
0.0107186
0
0.00274835
0.0075231
0.00318887
0.0113482
0
0.02613
0
0.0260571
0.00256031
0.00410521
0.0229215
0.00265264
0
0.00256031
0.394194
1.00191
0.514128
0.00294605
0
0
0
0.00309831
0.00302182
0
0
0
0.00278605
0.0031482
0.0372999
1
1
0.008827
0
0
0
0
0
0.00256031
0.00529642
0
0.0028107
0
0
0.00384047
0.0030605
0
1
1.06462
0.0786561
0
0.0462213
0.00300492
0.00263252
0.00263178
0.00263252
0.00382632
0
0.00343276
0.00257363
0
0.0361443
0.955203
0.0227099
0.00866272
0.00275022
0.00626936
0.048893
0
0
0.00445261
0
1
0
0.0647926
0.256481
0.0026158
0.00288485
0.0093467
0.0026158
0.00324545
0.0963755
