0.112839
0.00808937
0.253081
0.0342808
0.112839
0.0170913
0.327866
0.155838
0.112839
0.0170913
0.124491
0.188755
0.112839
0.00808937
0.106134
0.155838
0.112839
0.00808937
0.106134
0.155838
0.00770021
0
0.127013
0.00808937
0
0.00672101
0
0.106134
0.208138
0.0167384
0.014849
0
0
0
0.0142665
0.00808937
0.00672101
0.00684062
0
0.0108603
0.163785
0.314876
0.0167384
0.014849
0.027237
0.016654
0.0126141
0.0130539
0.0167707
0.0136531
0
0
0
0
0.0154055
0.239209
0
0.280687
0
0.014849
0.0116538
0.0077272
0.0068642
0.0281962
0.0106231
0
0.0532086
0
0.0365106
0.0132941
0.0141554
0.109252
0.0151004
0.0156183
0.116194
0.00764192
0
0.0663426
0.0359719
0.0263507
0.00835216
0.740573
0
0.0155373
0.014849
0
0.0113917
0.0077272
0.0149359
0.014739
0.00767458
0
0.0340919
0.0211999
0
0.797877
0.0125446
0.076315
0.0132941
0.0165885
0.044079
0.0557876
0.0451869
0.00743976
0.109065
0.0112206
0.0148772
0.0156357
0.014657
0.0639943
0.0367747
0.0266944
0.0271056
0.962372
0
0.014849
0
0
0
0.00782882
0
0.030396
0.00767458
0
0.0338552
0.0107327
0
0.87909
0
0.0560261
0.0555408
0.0173981
0.0597992
0.0418092
0.0451869
0.00743976
0.076305
0.0148772
0.0293481
0.0224054
0.014147
0.066474
0.0554992
0.0135402
0.0327219
1.0045
0
0
0.0236439
0.00689429
0.00687918
0.0461715
0.00767458
0
0.0223943
0
0
0.251904
0.0269889
0.0382547
0.0421511
0.0578822
0.0263144
0.0302596
0.0205969
0.0451869
0.00783018
0.0625027
0
0
0.0529051
0.0561642
0.00798527
0.138676
0.0357078
0.0135402
0
1.00494
0.0166637
0.0416042
0
0.0118858
0.00787221
0.00744767
0.0776662
0.00767458
0
0.0224652
0
0
0.227569
0.0402049
0.015342
0.130922
0.0132121
0.0455838
0.0207895
0.0225017
0.0954764
0.0104283
0.0127619
0.0297971
0.0111821
0.015187
0.301259
0.170771
0.044002
1.00494
0
0.0442463
0.00878046
0.00903485
0.0331566
0.00787221
0
0.0604827
0.00715352
0.045623
0
0
0.236998
0.054746
0
0
0.189748
0.0406252
0
0.0275005
0.143197
0.0104283
0.0406822
0.0596627
0.021709
0.022203
0.257895
0.26407
0.0118418
0.0616048
1.00494
0.0241014
0.0323012
0.0427106
0.00878046
0
0.010854
0.00806352
0
0.0603928
0.0140085
0.0169259
0.0574149
0
0
0.431827
0.0545839
0.0180311
0.0281954
0.130088
0.0415989
0.0146918
0.0479573
0.021985
0.128209
0.0104283
0.0412735
0.0438438
0
0.0313771
0.20178
0.18858
0.0259611
0.0946524
0.945463
0.00779909
0.0162844
0.0572113
0.00878046
0.00773271
0.0469592
0.00668427
0.0155859
0.120023
0.00685499
0.0326774
0.0335437
0.00925764
0.38106
0.053136
0.0562918
0.154614
0.0409118
0
0.0481766
0.0144357
0.0141148
0.0872369
0.0104283
0.0419935
0.0518622
0.0206916
0.00742873
0.244942
0.201791
0.0383535
0.119957
0.556254
0.00779909
0.0841385
0.101079
0
0.0685003
0.0222528
0.0445299
0.0753011
0.00662198
0.0169259
0.0755039
0.00925764
0.181154
0.0529725
0.0866771
0.161806
0.0553178
0.0272711
0.0454862
0.0144357
0.0223287
0.100476
0.0327899
0.0269286
0.0364587
0.0214994
0.0145856
0.222853
0.179632
0.0126681
0.121996
0.802557
0.0162162
0.0520597
0.128837
0
0.0219399
0.0357765
0.0446069
0.0449626
0.00656333
0
0.0775475
0.0202671
0.00928698
0.246391
0.092559
0
0.0862507
0.169006
0.0567678
0.042574
0.0659928
0.0285652
0.00665994
0.0936602
0.0447128
0.0258928
0.0519161
0.0206916
0.0293684
0.265386
0.0534173
0.0252646
0.067436
0.601954
0.0157964
0.131715
0.0708606
0.00770393
0.0089746
0.0352402
0.00780086
0.0670056
0.0444425
0.0280906
0
0.0323886
0.0212962
0
0.417292
0.0775352
0.0989598
0.146019
0.0268541
0.042574
0.0593009
0.0435236
0.00671681
0.127018
0.0558596
0.013131
0.0446813
0.0212059
0.029707
0.321825
0.106212
0.0126681
0.0756955
0.372401
0.0157964
0.180299
0.0145358
0
0.0089746
0.0572635
0
0.0726046
0.0592247
0.0153756
0
0.0103723
0.0106647
0
0.468034
0.0133803
0.0182101
0.10916
0.156072
0
0.0412198
0.0211902
0.0141295
0
0.121248
0.0559951
0
0.0377882
0.0110783
0.0222109
0.211156
0.0700138
0.0126681
0.0750904
0.236956
0.00799727
0.197131
0.0135058
0.0084035
0.0171018
0.0696372
0.00753567
0.0435096
0.0295286
0
0.0224498
0.0106647
0
0.439569
0.0542042
0.0182101
0.180213
0.072905
0.0146615
0.0130582
0.0485343
0
0.0150611
0.0760368
0
0.01404
0
0.137252
0.0506283
0.0130524
0.0752355
0.0174516
0.016111
0.212961
0.0283019
0.0084035
0.0166796
0.0339092
0.0145653
0.0210691
0.0147463
0
0.0151676
0.0100016
0.0203917
0.00899228
1.00741
0.040824
0
0.142012
0.0676016
0
0.0133533
0.028328
0.0125486
0.0895793
0
0.0225378
0.00694982
0.140149
0.034128
0.0130524
0.0927872
0.0513886
0.148381
0.0135058
0
0.0221362
0.00753567
0.0141245
0.0142016
0.0100355
0.00832226
1
0.0266014
0.14418
0.0673021
0
0.0137195
0.0260644
0.0923
0
0
0.0296903
0.00758963
0.212128
0.0537024
0.0117993
0.127676
0
0.0667564
0
0.0221362
0.0068621
0.00727176
0
0
1
0
0.018107
0.16411
0.0502541
0.0137173
0.0255826
0.0128136
0.0068292
0.0921451
0
0.0125817
0.0219534
0
0.167417
0.0372637
0.152638
0.0350066
0
0.0138615
0
0.0148036
0.00979663
0
0.91182
0.0144123
0.116248
0.0247144
0.0137173
0.0124967
0
0.0135891
0.0272187
0.0104689
0
0.0140217
0.13311
0.0140124
0.10815
0
0.0176589
0.00690213
0.0100775
0.49276
0.0124037
0.0733128
0
0
0.0270706
0.0148107
0.00624179
0
0.0224328
0.00685911
0.125423
0.0140124
0.068327
0.015706
0
0.316744
0.0202221
0.0293425
0.0137173
0.0145436
0.00814788
0.102625
0.0176056
0
0.00702463
0.264108
0.0432112
0.0293858
0.0147146
0.00814788
0.117011
0.0176056
0
0.0143173
0.22305
0.0440453
0.0293858
0.0147146
0.00814788
0.109204
0.0447585
0.00729268
0.196749
0.0587108
0.0144716
0.0156684
0.0137518
0.0103022
0.0221273
0.0230406
0.0877311
0.0172112
0.149578
0.0131068
0.00786623
0
0.0183957
0.130756
0.0144716
0
0.00726087
0.00673638
0.0130298
0.0112732
0.014708
0.0148927
0.0356644
0.366193
0.00786623
0
0
0.00750847
0.0135424
0.0183957
0.0299569
0
0.00697457
0.0151692
0.0137992
0.0323436
0.0112732
0
0.00729532
0.0384788
0.0218679
0.0181597
0.34698
0.0140364
0.00901408
0.00875705
0
0.0153599
0.00710755
0.0330899
0.010378
0.00985141
0.0263079
0.0366337
0.0295779
0.00766558
0.0431012
0.0137247
0.0126499
0.0723657
0.0461095
0
0.0106759
0.045062
0.0349325
0.0258982
0.834053
0.0519845
0.0174689
0.0181295
0.0106236
0.00723178
0.00670282
0.0146521
0
0.0488792
0.021352
0.00926053
0.0355867
0.0546277
0.152827
0.0705
0.0136989
0.582132
0.00663896
0.045916
0.0206441
0
0.0133063
0.00786211
0.0105386
0.190193
0.0215169
0.055776
0.0635865
0.673081
0.0327085
0
0.0181295
0.0106236
0.00723178
0.0141653
0
0.00926053
0.0438953
0
0.0418622
0.152827
0.0701426
0.0262525
0.987909
0.0133841
0.0306951
0.0140826
0.0110875
0
0.0163447
0.173679
0.00725442
0.0360799
0.0275459
0.919227
0.0183973
0
0.0167337
0.00855909
0.0106236
0
0.0239184
0.0184243
0.014235
0.0278621
0.169653
0.0297672
0.0262525
0.515532
0.00645895
0.0303762
0
0.0264596
0.0243058
0
0.19518
0.0297246
0.0393949
0.98923
0.0174009
0.0334859
0
0.0167337
0.00855909
0.0156245
0.0188243
0.014235
0.0129411
0.225323
0.0148611
0
0.153236
0.0066324
0.0526596
0
0
0
0.016267
0.0668954
0.0424009
0.0414331
0.98923
0.0174009
0.0528099
0
0.00855909
0.00799971
0.0228711
0.00855281
0.014235
0.0178238
0.0274815
0
0.0552715
0.0066324
0.0447349
0
0.016267
0.0679831
0.0424081
0.0137522
0.991078
0.0174009
0
0.0672595
0.0144783
0
0.0167275
0.0454927
0.00799971
0
0.017177
0.0120136
0.00855281
0
0.0133856
0.0274815
0.0428096
0.0066324
0
0.0428919
0.00658988
0.0431468
0.0230979
0.0759797
0.0929228
0.850186
0.0174009
0
0.150802
0.0144783
0
0
0.0679915
0.0219656
0
0.0344127
0.0239985
0.00984008
0.00889479
0.0269817
0.0178995
0.0856727
0.0165722
0.111936
0.0130147
0.0432476
0.00658988
0.0110766
0.0431468
0.0306077
0.112971
0.0871111
0.0551834
0.661631
0.168045
0.025232
0.0486414
0.0144783
0
0.151587
0
0.00688696
0.014409
0.049352
0.0347979
0.00984008
0.0183517
0.0408442
0.0134517
0.0178995
0.0833722
0.0084796
0.0802509
0.523584
0.00656208
0.0271179
0.0356233
0.0137682
0
0.0714704
0.0234368
0.0116162
0.125678
0.0214862
0.0921754
0.0123724
0.711643
0.288888
0.0161331
0.0487516
0.0298089
0.00882014
0.151587
0
0.0147571
0.0297131
0.00740522
0.0352007
0.0347979
0.0297673
0.00889479
0.0414405
0.0127918
0.0378345
0.0401837
0.0084796
0.0802509
0.639741
0.02007
0.0130147
0.0296499
0.0137682
0.011369
0.0562618
0.038769
0.0105458
0.113353
0.0220937
0.0728386
0.0123724
0.826953
0.289153
0.00839027
0.0324178
0.0590579
0.0258671
0.139781
0.00700865
0.0147571
0.0297131
0.00704072
0.0352007
0.0347979
0.00988871
0.0188757
0.053315
0.0564102
0.0132218
0.0246993
0.0945236
1.01904
0.0270075
0.0130147
0.0527004
0.0137682
0.011369
0.0432791
0.0307424
0.0105458
0.150283
0
0.0728386
0.0240806
0.48367
0.321904
0.0240795
0.0175948
0.0153306
0.00898508
0.0246144
0.0221063
0.00700865
0
0.0137954
0.00707551
0.0228131
0.0188808
0.0255928
0.0138628
0.0914381
0.0279738
0.0251655
0.0673856
0.856557
0.0268562
0.0281922
0.0438768
0.0063403
0
0.0556008
0.0378084
0
0.174327
0.0146012
0.0176551
0.0880926
0.276345
0.187853
0.0158019
0.0327567
0.0137736
0.00898508
0
0.0181499
0
0.00998091
0
0.0138628
0.0188903
0.0275348
0
0
0.435339
0.0130147
0.00736383
0
0.0226886
0.0274933
0
0
0.143186
0.00732903
0.012214
0.0444443
0.0336113
0.0246341
0.0175948
0.0137736
0
0.0181499
0.00998091
0
0
0
0.0275348
0
0.97498
0
0
0.0135748
0.0102086
0.135566
0.00732903
0.0176125
0.0158019
0.0175948
0.0137736
0.0144407
0.0202122
0.0132218
0
1.0028
0.00786214
0.0135748
0.00758155
0.136962
0.0139449
0.008289
0
0.430295
0.0245274
0.008289
0.122369
