0.105201
0.271227
0.371104
0.0108654
0.0387542
0.565879
0.00289807
0.0388508
0.0219089
0.63534
0.687842
0.0120123
0.131795
0.18539
0.0254654
0.0760507
0.0259897
0.0761725
0.0404138
0.154392
0.854798
0.488061
0.00272618
0.0376091
0.00282993
0.00552281
1
0.0579487
0.00278455
0.0643611
0.572715
0.996332
0.00264609
0.00264609
0.00285212
0.00857276
0.00295349
0.036383
0.0056197
0.0264367
0.016445
0.019646
0.00915583
0.00894215
0.342585
0.00425816
0.160682
0.0275227
0.0473268
0.0131071
0.00278376
0.142709
0.202366
0.189889
0.043454
0.0842357
0.0219127
0.00290218
0.00473477
0.189795
0.710507
0.132376
0.0183774
0.100166
0.00820907
0.0258671
0.00836642
0.00276158
0.0940765
0.0585783
1
0.0356267
0.0109424
0.00818148
0.0126807
0.00533994
0.013497
0.0375126
0
0.333555
1.02461
0.00303461
0.00559801
0.0116116
0.0303589
0.0180871
0.0295503
0.0586091
0.0028149
0.0172949
0
0.00770492
0.937699
0.00265309
0.0026731
0.0158417
0.131748
0.982199
0.634885
0.00269774
0.00276158
0.0593323
0.0198602
0.0592673
0.0510624
1.0054
0.0026188
0.00284741
0.00266767
0.0026188
0.0028864
0.0026188
0.0266793
0.00546622
0.0457418
0.574869
0.201718
0.00285937
0.0270446
0.00266767
0.00302894
0.00284741
0.00289105
0.0474157
0.0757691
0.00276158
0
0.0432301
0.307333
0.00776567
1.01027
0.00531108
0.00289962
0.00307025
0.00256191
0.00260423
0.00256191
0.0107935
0.00284482
0.22919
0.127751
0.911526
0.227496
0.00607916
0.010979
0.00284482
0.0122003
0.00334162
0.00261126
0.00276158
0.00254765
0.00289187
0.0355093
0.0423914
0.117115
0.00276158
0.0232727
1
0.00672768
1.00086
0.00267909
0.00268585
0.00268585
0.00827834
0.0671965
0.494725
0
0.00275267
0.00283967
0.00268585
0.00955238
0.00335731
0
0.00429827
0.00283068
0.106708
0.0621619
0.106977
0.10636
0.97991
0.995355
0.0136176
0.0506287
0.0111882
0.00288885
0.0350034
0.00407245
0.00289187
0.159066
0.99847
0.00347806
0.00273822
0.00999913
0.0109779
0.00272102
0.054058
0.0394903
0.0114278
0.00285231
0.0138681
0.00272102
0.00272102
0.00285333
0.00258987
0.00850622
0.00272102
0.00277739
0.0722867
0.007069
0.00565704
0.00277905
0.983241
0.0068863
0.00276687
0.0027295
0.00805253
0.0027295
0.00778848
0.0128874
0.0293797
0.0318673
0.480928
1
0.0477436
0.0185736
0.0294712
0.10895
0.275549
1.01779
0.00810544
0.0158929
0.148515
0.0860613
1.07985
0.0128849
0.0211357
0.00287105
0.0542606
0.0450757
0.100745
0.94229
0.195028
0.0297082
0.0349108
0.0419286
0.0158086
0.249092
0.989856
0.984796
0.0496032
0.175903
0.0458944
0.401745
0.0959026
0.0221617
0.0904315
0.0329991
0.904898
1.00152
0.981968
0.0275469
0.10173
0.0846076
0.983639
0.107606
0.0325244
0.0967642
0.0442807
0.0266696
1.02025
1.011
0.848919
0.00261555
0.00291711
0.0337427
0.0361024
0.0178224
0.118148
0.085008
0.00850281
0.0668929
0.0242721
0.0245975
0.0881384
1
0.150885
0.00297135
0.00284296
0.00672774
0.0190439
0.0332594
0.0802923
0.0402862
0.146221
0.0304284
0.0431766
0.0581773
0.0304803
0.43787
1.15296
0.119362
0.00284296
0.00584205
0.030288
0.00262507
0.0250823
0.0283405
0.432902
0.122309
0.0978038
0.334233
0.0160231
0.0160231
0.00265927
0.0402506
0.0978731
0.0289809
0.0402791
1.01315
0.866259
0.202099
0.199111
0.014265
0.0145585
0.0305678
0.0116059
0.0145585
0.0200361
0.0894072
0.0160231
0.0305184
0.0252996
0.089473
1
0.376008
0.297879
0.00553357
0.0271147
0.119692
0.119906
1
0.808056
0.627581
0.390924
0.047349
0.046989
0.302253
0.00295096
0.0489827
0.0029566
0.0483811
0.179896
0.0338062
0.0332663
0.0523633
0.00870692
0.00949373
