0.00878539
0.0281815
0.275011
0.368526
0.368526
0.377306
0.823798
0.977956
0.0123843
0.99656
0.518789
0.33857
0.0464219
0.0358489
0
0
0.0134103
0.00648602
0.0712399
0.0166663
0.0290301
0.0537954
0.00957933
0
0.0067372
0.0621501
0
0.00648602
0.114718
0.24636
0.0166663
0.0400861
0.0140545
0.182227
0.0104501
0
0.0132432
0.0133903
0.0283284
0.00650609
0.0480002
0.210986
0
0.62069
0.0210513
0.0223609
0.0337732
0.0139685
0.0140545
0.0149087
0.027618
0.349326
0
0.0104501
0
0.0067372
0.0133903
0.0416122
0
0.0590039
0.00650609
0.0876288
0.188815
0
0.00689287
0.896177
0.0210513
0.100785
0.0254371
0.0139685
0.0444834
0.027618
0.806819
0
0
0.00904346
0
0.0067372
0.0484105
0.00742934
0.0187151
0.0525103
0.00723023
0.190935
0.202422
0.0277521
0.00620252
0.829712
0.0617148
0.139669
0.0244664
0.0277211
0.0444834
0.027618
1.00314
0
0.00904346
0
0
0.0409043
0.0938688
0.00742934
0.00962594
0.0225777
0.014542
0.207461
0.114968
0.0263016
0.535638
0.0617148
0.154194
0.0162707
0.0277211
0.0144303
0
0.98645
0.00904346
0
0
0.0134197
0.0729454
0.00711112
0
0.10944
0.0136076
0.0153541
0.0204612
0.295725
0.0688629
0.161568
0.00833023
0.0139685
0.0144303
0.6977
0
0.00904346
0.0596615
0.144488
0.0136076
0.0137575
0.0801875
0.0688629
0.169409
0.0139685
0.0144303
0.178806
0
0.00904346
0.0532149
0.0339085
0.0136076
0.0137575
0.0710317
0.0688629
0.169409
0.0139685
0.0144303
0.0539478
0.0128364
0.00708789
0.0130917
0.0132632
0.114894
0.270152
0.270152
0.425175
0.825592
0.968135
0.888845
0.902647
0.51041
0.270661
0.128019
0.00761336
0.0218503
0.0110344
0.0135684
0.00686174
0.341674
0.0471815
0.0271132
0.00794769
0.0118597
0.0165852
0.0164128
0.013483
0.0334828
0.0194254
0
0.120972
0.0483714
0.386859
0.0259495
0.0325372
0.0235571
0.0331434
0.0421607
0.0213059
0.00794769
0
0.0118597
0.0308843
0.250262
0.125989
0.00646327
0.0377225
0
0.073142
0.118274
0.561453
0.00881569
0.0404023
0.0174444
0.127007
0.0213059
0.0160344
0.0167132
0.0118597
0.0308843
0.00906261
0.743814
0.135803
0.0194254
0.00980659
0
0.137412
0.223031
0
0.643585
0.00881569
0.0404023
0.0174444
0.186823
0.0344944
0.0160344
0.0384124
0.0167132
0.0118597
0.0308843
0.00906261
1
0.124247
0.0401697
0
0.00782111
0.0516913
0.330507
0.452381
0.0450485
0.00672302
0
0.466997
0.0344944
0.00794769
0.0384124
0.0118597
0.0380495
0.00906261
0.919663
0.0148422
0.115731
0.00658612
0.0205458
0.00782111
0.0570344
0.135013
0.0159509
0.400552
0.0641318
0.00672302
0.177195
0.045387
0.0118597
0.0143693
0.0203439
0.801011
0.0603134
0
0.0307144
0.120562
0.0276259
0.0303149
0.0793977
0.0270934
0.0143183
0.0143385
0.0229847
0
0.0118597
0.00720416
0.543435
0.039726
0.0210837
0.0169131
0.00686174
0
0.0669444
0.00881569
0.0143183
0.119612
0.01028
0.0098951
0
0.0143183
0.0179973
0.0143183
