0.00385821
0.0466351
0.8978
0.117576
0.0745283
0.111362
0.133163
0.0787232
0.519624
0.823463
0.0181033
1
0.0617717
0.0494868
0.341439
0.00646934
0.280451
0.357789
1
0.047298
0.00213291
0.0108269
0.000764056
0.0118149
0.00215633
0.0310604
0.167683
0.424373
0.00278415
0.00595051
0.00340454
0.641313
0.0820073
0.101183
0.0768366
0.00441618
0.011306
0.062296
0.0363702
0.00726405
0.0462042
0.0823601
0.519761
0.195199
0.197907
0.110311
0.532758
0.43493
0.087984
0.254087
1
0.91806
0.193563
0.0285147
0.0193968
0.0293374
0.0395787
0.0748736
0.98067
0.0142763
0.00128944
0.00630797
0.00161658
0.125397
0.102348
0.326799
0.229774
0.0495465
0.0509549
0.0377635
0.245666
0.496661
0.442322
0.148652
0.484538
1
0.0247368
0.629193
0.0219756
0.036247
0.00327512
0.889447
1
0.06717
0.154386
0.00531345
0.00717937
0.0339156
0.288208
0.136349
0.634873
0.000619946
0.00202727
0.000737776
0.0344251
0.00341215
1.03976
0.0033554
0.00856763
0.000625554
0.00138982
0.000650664
0.0221548
0.762842
0.00368636
0.000620765
0.241671
0.771972
0.00134123
0.0499823
0.0481835
0.00135536
0.139751
0.0830663
1.00799
0.000976938
0.131645
0.482877
0.00102642
0.0010948
0.237711
0.000649003
0.000740187
0.1123
0.187041
0.00564807
0.000765462
0.00882628
0.000753449
0.000650527
0.00739585
0.00151547
0.00141396
0.000633378
0.0128949
0.362675
0.00075353
0.000718491
0.0694252
1
0.18554
0.0263459
0.000801018
0.000683225
0.00558645
0.00630448
0.0160193
0.98579
0.111924
0.00315086
0.00147105
0.00944335
0.00147105
0.00298573
0.00282305
0.00147105
0.0146622
0.0021811
0.00224316
