0.00933321
0.0567923
0.0567923
0.0567923
0.0567923
0.0567923
0.0601859
0.0567923
0.00803718
0.00939785
0.0229854
0
0.0112423
0.00247282
0.000814181
0.0029878
0.00307549
0.0165149
0.00213354
0.0182095
0.0315734
0
0.0145264
0.00460239
0.00488357
0.0301482
0.0029878
0.00205786
0.0203366
0.0106768
0.00213354
0.0172156
0.0315734
0
0
0.00946363
0.00212956
0.00378632
0.00174225
0.00219746
0.0113549
0.00411517
0.0038991
0.00389928
0.0234757
0
0.00929021
0.0403212
0.0325334
0.00625682
0.0488106
0.0593289
0.024656
0.00625682
0.0488106
0.101602
0.00511349
0.00422906
0.0423717
0.174698
0.00874566
0.0288532
0.0289531
0.00776902
0.00445976
0.00178803
0.0115068
0.0907342
0.0907342
0.0907342
0.0907342
0.0907342
0.0907342
0.104217
0.0907342
0.00989235
0.00816488
0.00185248
0.00279463
0.0133957
0.00232366
0.0153581
0.0199357
0.00699785
0.118467
0.0105383
0.00232366
0.0303776
0.0478279
0.0481347
0.00560378
0.037053
0.0866388
0.0114917
0.00669728
0.0320279
0.0617112
0.0523143
0.000924043
0.00560378
0.0352505
0.000929797
0.197012
0.00441347
0.0451863
0.0541988
0.00560378
0.0538035
0.040862
0.0680793
0.00560378
0.0333885
0.062715
0.0465149
0.00432947
0.027574
0.0167499
0.0102196
0.00208818
