0.013756
0.0320668
0.522201
1.0425
0.34084
0.0894553
0.796793
1
0.44996
1
0.997692
0.016092
0.037369
0.693375
0.97728
0.0114943
0
0.651674
0.123026
1
0
0.0122797
0.619788
0
0
0.0136182
0.00538889
0.00271369
0
0.00281016
0.010912
0.0193566
0.0372833
0.0151918
0.982973
0.00270286
0.00548323
0.00564564
0
0.00814584
0.00267376
0.0256168
0.302493
0.249584
1
0.00254303
0
0
0.00256494
0
0
0.0108431
0.00249021
0
0
0.00269624
0
0.0167907
0
0
0.00251822
0.0136396
0.00568762
0.00261439
0.00241193
0
0.00289498
0.00293373
0.159051
0.144018
0.0658191
0.618598
0.992853
0.0388206
0.00827511
0.00288439
0.00386061
1.01354
0.0222194
0.00261048
0
0.00328379
0
0.00304574
0.204732
0.00269141
0.00421597
0.00592757
0.0213227
0.00837202
0.00263346
0.00593941
0.10392
0.0831811
0.342663
1
0.976767
0.0380471
0.0206507
0.0279012
0.00272446
0
0.00591859
1
0.0272708
0
0.00890867
0.00256566
0.00866917
0.00445433
0
0
0
0
0.0107109
0.00508016
0.00252914
0.0303778
0.00290308
0.00273352
0
0.00281064
0.0311563
0.00569545
0.0057252
0.309029
0.0426034
1.01179
1
0.00283898
0.0230562
0.0138337
0
1.00625
0.00256566
0.00366523
0
0.0192425
0.00334388
0.00303592
0.0024782
0.0460832
0.0137487
0.0398082
0.0104833
0.0143974
0.0164852
0.00293173
0.0184084
0.00284236
0.0137868
0.0109518
0.281344
1.00587
0
0.00704659
0.00284752
0
0.0051675
0.0190665
0.0026585
0.0071722
0.00257938
0.0026585
0.999104
1.00199
0
0.0026585
0.0113936
0.0026585
0.0659476
0.00304815
0.00284236
0.0609541
0.00289549
0.0748561
0.00864825
0.00258587
0.00815905
0.00823888
0.010789
0.123399
0.0117532
0.0136855
0.0111358
0.00304943
0.00258587
0.00815905
0.00258587
0.0167126
0.00529132
0.00536804
0.186942
1
0.00414267
0.00290484
0.00262369
0
0
0
0.42651
1
0
0
0
0
0
0.011479
0
0.0138596
0.00755272
0.00947454
0
0
0.0025867
0
0.00283979
0.00283979
0.0602596
0.00272303
0.00283979
0.0104499
0.00291877
0.134766
1.00162
0.00348716
0.00289058
0.00278973
1
0.0649361
0.999758
0.00458744
0.00540132
0.045283
0.0028755
0.708196
0.0370106
0.00701221
0.012313
0.00816019
0.0217213
0.0280565
0.00552307
0.00767655
0.0407866
0.0159852
0.0295618
0.259429
0.00288357
0.0965954
0.998945
0.00405032
0.00799573
0.00288731
0.00286692
0.977385
0.00769987
0.00965335
0.124977
0.0413445
0.316067
1
0.403607
1
1
1
1
0.708818
1
1.00171
0.0601704
0.667428
1.02119
0.0741344
0.576016
0.170413
0.972633
0.074281
0.331678
0.220681
0.00251795
0.00310756
0.00581109
0.038679
0.00807105
0.0459107
0.0394611
0.915634
1.01637
1.00508
0.00255972
0.00420478
0.00254536
0.0028939
0.00322927
0.00811114
0.00293014
0.0260987
0
0.00257726
0.0392491
0
0.0559863
0.00603505
0.00277585
0.131053
0.0397161
0.296625
0.0136727
1
0.00267011
1.00337
0.966765
0.00521003
0.00335142
0
0.0151834
0
0.00430569
0.0159767
0.00301003
0.00315394
0.00557769
0.0108133
0.00263729
0.0153786
0.00280242
0.0103617
0.0405972
0.0357847
0.00810343
0.843986
0.997508
0.0077837
0.0117602
0
0
0
0.987461
0.00296716
0
0.00246241
0.00255424
0.0137399
0
0.00832864
0.00274559
0
0.00281977
0.00561122
0.114541
0.0671164
0.980768
1.00218
0
0.00266124
0.0137155
0
0.997385
0.00579985
0.00720864
0.0847897
0.0337243
0.00287766
0.00423956
0.00883805
0.0456707
0.00282637
0
0
0.0652434
0.0915014
0.00275745
0
1.00549
1.02694
0.00417397
0.00802684
0.0119841
0.00536438
0.00264426
0.00286281
0.00460481
0.00261868
0.00258341
0.00258341
0.00840887
0.00258341
0.990501
0.973337
0.0253547
0.00358426
0.00913169
0.00656274
0.00525441
0.0830033
0
0.00248793
0.0193203
0.00417126
0.0485186
0.01681
0
0.136669
0.00248793
0.00713756
0.00268563
0.0044682
0.00283787
0.0441901
0.00554298
0.00248793
1.00064
0
0.0561904
0.00293616
0.0160757
0.00246524
0.0166517
0.00253969
0.0135797
0.00924466
0.0219253
0.0135797
0.998291
0.999583
0.00262745
0.00274348
0.0117242
0.106856
0.00682526
0.00557062
0.0537599
0.00492647
0.00315294
0.00870066
0.539371
0.00575196
0.0139184
0.126886
0
0.00308345
0.0400499
0.00875321
0
0.0168546
0.00294317
0.018815
0.00285271
0.314164
0.00366879
0.0168546
1
0.0296135
0.00746463
0.00282637
0.00274081
0.00291988
0.00282637
0.00299835
0.00576253
0.00973295
0.00828773
0.00576253
0.0725613
0.372325
0.991457
0.62286
0.00522963
0
0.0584028
0.0354559
0
0.309665
0.00255876
0.0478212
0.0139235
0.0109661
0.00252622
0.00255876
0.00306228
0.00864695
0.00662347
0.0126136
0.00518472
1
0.00776165
0.00596399
0
0.00625458
0
0.00757169
0.00253895
0.0913082
1.01022
0.264702
0.018981
0.00266124
0.0413234
0.0026861
0.0406653
0.0027381
0.0026861
0.0117956
0.102365
0.0026861
0.139693
0.136055
0.00267984
0.00404034
0
0.0217406
0.125421
0.0238915
0.160617
