0.0024071
0.0251434
0.108211
0.108211
0.108211
0.108211
0.108211
0.122153
0.108211
0.0291357
0.0285338
0.12746
0.0180208
0.351947
0.0665418
0.0180208
0.00252578
0.00165997
0.34774
0.101317
0.180728
0.157237
0.205533
0.157237
0.187933
0.157237
0.352858
0.157237
0.069518
0.0574767
0.14609
0.14609
0.14609
0.14609
0.14609
0.14609
0.17188
0.14609
0.0147148
0.00906919
0.00273842
0.0472327
0.021043
0.0193347
0.0594541
0.123688
0.00299934
0.021043
0.0247845
0.0594541
0.00167517
0.132677
0.00601293
0.0408277
0.0174632
0.0559271
0.00167517
0.517913
0.00299934
0.0412515
0.0174632
0.0507754
0.00167517
0.141416
0.00299934
0.021043
0.0154463
0.00474604
0.0507754
0.00167517
0.138766
0.00223615
0.0295303
0.0321148
0.0478149
0.00400813
0.0860985
0.0120416
0.00108836
0.0283939
0.0050863
0.0206892
0.00497976
0.00916215
