0
0
0
0.00593784
0.00727085
0
0
0.00604738
0
0
0.173309
0.00602616
0.00608828
0.00671155
0
0.0118357
0.00606726
0
0.709158
0.00601518
0
0
0.00605861
0.00581503
0
0.0108123
0
0.0059986
0
0
0.00651387
0
0
0.00547077
0
0.0217914
0.00632921
0
0.0223777
0.00680736
0
0.0217914
0
0.00582564
0.00796133
0
0.00608714
0.00572652
0
0
0
0
0
0
0.0113701
0.0169154
0.007091
0.0114119
0
0.0276219
0.100028
0.37272
0.947109
0.00581831
0.00523291
0
0
0.0061932
0.00581087
0.00522146
0.00522146
0
0
0.00500123
0.00593433
0.00593433
0.0105554
0.0117454
0.0511791
0
0
0
0.00706201
0.0377238
0
0
0.00560345
0
0.00584992
0
0
0.00522764
0
0.0175034
0.0107732
0.0119555
0.00738109
0.00599758
0.00560345
0.0178377
0.0108779
0.027753
0.220841
0.986421
0
0
0.00581831
0
0
0.00583767
0.00522146
0.00505605
0
0
0.0117454
0
0
0.0173855
0
0.00557801
0
0
0
0.0277651
0.0056728
0.00606381
0
0.00607003
0
0.00619438
0.011618
0.00567715
0
0.0179994
0.0235108
0.0285846
0.375878
1
1.0335
0
0.00581831
0
0
0
0
0
0
0.00628061
0
0.00564743
0
0
0.00598725
0
0.00567876
0.00541352
0
0.00619723
0
0.00522146
0
0
0.00541352
0.00588324
0
0.00611055
0
0
0
0.00522146
0
0.0060274
0
0
0
0.00600718
0
0.0050789
0.00705989
0.0406014
0.0669229
0
0.0119137
0.0296691
0
0
0
0.0186425
0
0.0166546
0.00588324
0.00587712
0.00732042
0.0285243
0.00620939
0.0594774
0.0109
0
0.00588324
0
0.00603586
0
0
0.0182303
0.0172665
0.0362399
0.00590823
0.0057555
0.0117915
0.0122041
0
0.0330672
0
0.0349042
0.0057555
0
0.0117915
0.0114008
0.0178231
0.0116092
0.0333615
0.197723
0.993604
1.03972
0.00579025
0
0.0056712
0.00572652
0.00619637
0
0
0.00590823
0
0
0
0.0057555
0.00530929
0
0.00541352
0
0
0.00821289
0.0056728
0
0
0
0.00586956
0.00609901
0.00555736
0
0
0.00573079
0
0
0
0.00557226
0
0
0
0.00592514
0
0.0104562
0
0
0
0.00624496
0.0417856
0.00581668
0
0
0
0.0290544
0.0060058
0.012098
0
0
0.0056728
0.00603044
0
0.00585748
0.00534718
0.0218632
0.0250062
0.0056728
0.024288
0
0.657383
1.03661
1
0.00660317
0
0
0.00623018
0
0
0
0.00742857
0.00594357
0.00609668
0.00550402
0.006148
0
0
0
0
0.0356695
0.00529196
0.0426406
0
0
0
0
0.00582981
0
0
0.00627597
0.00560345
0.00567653
0.00932768
0
0
0
0
0
0
0
0.00528834
0.00604457
0
0
0.0367751
0.00627258
0
0.035541
0
0.00581668
0
0
0
0.0408763
0.998694
1
0
0
0
0
0
0.0176118
0
0
0
0.00936999
0
0.0341964
0.0156178
0
0.00610852
0
0
0
0.0056728
0
0.00581104
0.00573079
0
0
0
0.00588915
0.0122612
0.0670688
0.00581104
0
0.00559431
0.00598498
0.00936999
0.0171287
0.0060966
0
0.00563768
0.00559444
0
0.017948
0.0062184
0
0.0170728
0.00567625
0
0.00563768
0.00625619
0.0116669
0.0151495
0.0176714
0
0.00716288
0.0547524
0
0
0
0.146165
0
0.00745869
0.0748246
0.563583
0
0
0
0
0
0.0824092
0.0180475
0
0
0
0.00616987
0
0.00550069
0
0
0
0.00574939
0.15409
0
0.00555736
0
0
0
0
0
0
0
0
0
0.0177236
0
0
0.00588997
0
0.00608206
0.00559661
0
0
0.00541352
0.00617516
0.00596936
0
0
0
0.00698001
0
0.00581668
0.00583854
0.00554577
0.0657556
0.0139415
0.528218
0
0.070293
0.00583854
0
0.0766538
0.00520353
0.00996233
0.14508
0.517039
1.16124
0
0
0
0
0
0.00568576
0
0
0
0
0
0.00576454
0
0
0.005637
0.00539003
0
0.00582679
0
0
0.0056728
0
0
0
0
0.00536399
0
0
0
0
0
0
0.00563264
0
0
0.00525862
0
0.0324811
0.00607341
0.00583099
0.00682772
0.014182
0.0116127
0
0.128759
0
0
0
0.00583854
0
0.440618
0.104642
0.915795
0.00563859
0.00581414
0.0116097
0
0.0275832
0
0.0120595
0.0141051
0.00581198
0.0116497
0.00587881
0.0116097
0
0
0.0237349
0.00503417
0.0562525
0.00616305
0
0.00729818
0.0580516
0.00579575
0
0
0.00597267
0.00545434
0
0
0.00555736
0.0139929
0.00583854
0.0168044
0
0.0115596
0.0060719
0
0
0
0.00555736
0.00583604
0
0.074778
0.028382
0
0.0177642
0.00572652
0
0.0234365
0.00519473
0.00622956
0.074778
0.0112101
0
0
0.005637
0.0100291
0.0358681
0.0057165
0.0175377
0.00519473
0.00587714
0.00589882
0.0478631
0.0295544
0.00988812
0.116425
0.0425729
0.00579123
0.00589882
0.0053741
0.00601837
0.0297069
0.0134991
0.00587881
0.127626
0.130307
0.00567639
0.0110699
0.00680633
0.0170909
0
0.0159543
0.0125858
0.00591989
0.0191327
0.0104097
0
0.010768
0.00583854
0
0.0241835
0.015393
0
0.0119418
0
0.080907
0.00563751
0.00558468
0.0293312
0.00513101
0.0695456
0.0129984
0.0162252
0.0389806
0.0392099
0.370736
0.0309171
1.06659
0.00517218
0.0102569
0
0.0116438
0.0105531
0
0
0.00519619
0.00524374
0.0157581
0.00529816
0
0.0249155
0.00519473
0.00567907
0
0.00581362
0
0.00532914
0
0
0.00567639
0.00587956
0
0
0.00605091
0.00581834
0.00563607
0
0
0
0.00726702
0.0256551
0.00537988
0.00581362
0
0.00565988
0
0
0.110847
0.0118762
0.00602659
0.0290681
0
0.00607195
0.0555736
0.00530113
0.0108497
0.00581362
0.00539858
0.00534045
0.00522952
0
0.00548402
0.00519473
0
0.00573031
0.0311606
0
0.0212861
0.0522952
0.936814
0.979379
0.0162573
0.0109136
0.00514546
0.00520353
0.00547091
0.0467191
0.0642666
0.0110508
0.00522651
0.0369273
0.0316955
0.0166073
0.00587361
0.00514546
0.00867255
0.0452726
0
0.0274865
0.00594376
0
0
0.00621215
0.0431311
0.00548026
0.00518106
0.00549464
0.00580683
0
0.00574723
0.0140989
0.0106682
0.0391955
0.00568253
0.00520353
0.00549464
0.0178089
0.033577
0.0416817
0.0177293
0
0.0107016
0.00524627
0.0057555
0.00526777
0.00619257
0
0.00618101
0.00531354
0.0152443
0
0.00566031
0
0.00568253
0.0164571
0.00589683
0
0.0113425
0.0059412
0.0229088
0.0376372
0
0.0162081
0.00488358
0.00529848
0.0164834
0.0374238
0.0103143
0.0470561
0.0991644
0.0179617
0.00578107
0.0184724
0.0211979
0.00496219
0.0160388
0.00525375
0.0515735
0
0.0112113
0.0169617
0.0111653
0.00520353
0.037803
0.005267
0.0101502
0.0172964
0.0111243
0
0.0274988
0.00563242
0.0098755
0.00519485
0.00582921
0
0.0106235
0.0367311
0.0485767
0.263842
0.136119
1.08138
0.977473
0.967802
0.00548431
0.0101423
0
0.0111127
0
0.0739992
0.0233033
0.00941566
0
0.397439
0.00562113
0.00612107
0.00548276
0
0
0.00840831
0.00611908
0.0054399
0.0105249
0
0.00539733
0.0795019
0
0.00548276
0
0.00477735
0.00845651
0.00507411
0.00538884
0.00548276
0
0
0
0.0505592
0.0182849
0.0468804
1.12603
0.0911081
0.08845
0
0.015954
0
0.0111409
0.00656067
0.0199536
0.00537318
0.0110932
0
0.0159442
0.00540966
0.00525018
0.00596325
0.00521641
0.00596325
0.0198803
0
0.00621123
0.0205961
0
0.0102952
0.0166441
0.005367
0
0.0164387
0
0
0.0123383
0
0.0216217
0.00516421
0.0156486
0.00522806
0.0111876
0.032199
0.0111421
0.00590936
0.00542232
0.00573031
0.00519485
0.651131
0.00575569
0.0162813
0.0310588
0.0176614
0.00611836
0.00615243
0.00542232
0.0221601
0.00540969
0.00508121
0.00573031
0.0104756
0
0.0205893
0.0263193
0.0110503
0.141772
0.0839102
0.875056
1.03775
1.00844
0.0109639
0.00852998
0.00602689
0.0132935
0.00676719
0.0570401
0.0115939
0
0.0104838
0.00702009
0.00614086
0.0214886
0.00526008
0.0114412
0.0223293
0.00704198
0.0695006
0.0176595
0
0.0182547
0.0162153
0.00514807
0.0235725
0
0.00514807
0.00671487
0.00498131
0
0.00581896
0.0503879
0.00536915
0.00514807
0.00514807
0.00506299
0.0412175
0.0534865
0.0348254
0.0408198
1
0.040277
0.0100236
0
0
0.00479044
0.0114334
0.0279993
0
0
0.0179376
0.0255315
0.0206957
0
0
0.0154603
0
0.0231623
0
0.0107662
0.0166585
0
0
0.0116426
0
0
0.0235485
0.0117147
0.0326321
0.0185035
0
0
0
0
0.0120629
0.0231379
0.040917
0
0.00573031
0.00514807
0.0440835
0.0105486
0.0164515
0.00540653
0.0147404
0
0.006006
0.00534183
0.0109907
0.0101727
0.0171436
0.00518245
0.020035
0.0156908
0.0839744
0.0334112
0.181042
0.038329
0.925982
1
0.00518099
0.00526156
0
0
0.00593964
0.00823707
0.0147625
0.0175814
0
0.0056307
0
0.0052586
0.00533697
0.00518391
0.0102928
0
0.017791
0.0130738
0
0.0238649
0.0174703
0
0.0165003
0.00529978
0.00501805
0
0.00518245
0
0.0048115
0
0.00539885
0.011351
0.0483123
0.00504454
0.0120328
0.00542838
0.00501805
0.00498131
0
0.0155914
0.0185512
0.00593424
0.00557245
1
0.0306266
0.00498131
0.0101724
0.00599707
0.0161833
0.0402185
0.0115521
0.00520948
0.0362029
0.00556536
0.00498131
0.00517764
0.00562366
0
0.0414298
0.00575219
0
0.104441
0.016399
0.00572414
0
0
0
0.0109703
0.00701204
0.0622945
0.00598682
0.016399
0.0150073
0.00576227
0.0403526
0
0
0.00601682
0.00518245
0
0
0.0217319
0.00685041
0
0.0107243
0.00535295
0
0.00972604
0.0112873
0.00548198
0
0.0218553
0
0.933004
0
0
0
0.00581896
0.0107271
0
0.0213126
0
0.0187648
0.011362
0
0
0.00584261
0
0.00526008
0.00530828
0.0145161
0.017929
0.0219098
0
0.00500521
0
0.0082926
0.0112932
0.00681369
0
0
0.0317602
0
0
0
0.00846706
0
0.00518927
0.0102224
0.0143236
0
0.00566854
0
0
0
0
0.00494695
0
0
0.959408
0.942978
0.0207802
0
0.00506548
0.00517764
0
0.00974282
0.00564007
0.00740955
0.022982
0.00591583
0.00518178
0.230092
0
0
0.0153585
0.00502648
0.0349552
0
0.00532095
0.0227133
0.0105564
0.00519111
0.0388593
0.0167549
0.107156
0.0161029
0
0.00520186
0.00858369
0.0266872
0.061347
0.00705248
0.0172383
0.00594166
0
0.0375203
0.00502648
0
0.0104022
0
0.0106008
0.0274476
0.0712406
0.0215269
0
0
0.00566421
0.0171282
0.0401028
0.0113995
0
0.031938
0.00607686
0
0
0
0.00566421
0.0269318
0
0.0340864
0.0719515
0.0412784
1.0052
0.00549309
0
0
0.00525465
0
0.130605
0.0167673
0.0286387
0.00537309
0.00500254
0.00549464
0
0.0058206
0
0
0.0122119
0.0139378
0.00500395
0.00574291
0
0.0284771
0
0.00555162
0.0129786
0
0
0
0.0106076
0
0.0289873
0.00566421
0.0163475
0
0
0
0
0.00554709
0.971857
0.890851
0.031519
0.0215574
0.0103166
0
0
0.0110075
0
0.0487427
0.0226248
0
0.148237
0.00520768
0.0155825
0
0.00527912
0.024037
0.0051645
0.0392263
0.0194779
0.0144384
0
0.00525198
0
0.00542533
0.0470371
0.0766727
0.00773226
0.0334635
0.0452104
0.0384513
0.00511567
0.00493414
0.0208038
0.00611406
0
0.0477441
0.0111683
0
0.00666561
0
0.0455794
0.00549464
0
0.0672043
0.0054458
0.0301831
0.0125215
0
0.00597723
0.0107517
0.0428157
0.00532336
0
0
0.0170849
0.0161326
0.0201832
0.016755
0.0560258
0.0834003
0.974405
0.00581732
0.036177
0.00572814
0
0.0475802
0.0278965
0.00552402
0.00566358
0.00593047
0
0.0128808
0.0279118
0.108266
0
0
0.014859
0.0054537
0
0.00820479
0
0
0.0213923
0
0.00531562
0.00491326
0
0
0
0
0.00544829
0
0
0
0.00514238
1.04025
0.933542
0.860824
0.0208108
0.00531562
0.00527912
0.0156693
0.0273718
0.00561961
0.00550598
0.277615
0.00520462
0.0103948
0.00463807
0.189659
0.00568417
0.0439117
0.00497347
0
0.00532298
0
0.0875326
0.0159344
0.0060423
0.0135558
0.00673592
0.00552317
0.0459017
0.00602224
0.00581896
0.00547498
0.0101494
0.0882957
0.00555618
0.00529428
0.0145474
0.0106204
0.0190302
0.0059396
0.022361
0.0336252
0.00608984
0.0396576
0.0158856
0
0
0
0
0.011359
0.0136252
0.00526651
0.00535797
0
0.0270764
0.0051253
0
0
0.00521066
0.0054953
1.04176
0.950775
0.0155622
0.00548198
0.0156382
0.0530109
0
0.014255
0.104213
0.00501805
0.00521066
0.0051263
0.309678
0.0054953
0.0149829
0
0.00548198
0
0
0.0323928
0
0.0636059
0.01583
0
0
0
0.00822297
0.0113859
0.159445
0.00554048
0
0
0.00547498
0.0280371
0
0.0101409
0
0
0
0
0.0264867
0.0057755
0.0142719
0.0148882
0.00537882
0
0.0428114
0.00949471
0.00538033
0.00527667
0.00558581
0.00537931
0.0124162
0.00692384
0
0.00530828
0.0052797
0.00555709
0.0227498
0.937582
0.0199658
0.010662
0.0346215
0.005522
0.0680882
0.00538033
0.00534312
0.0617836
0.0075381
0.00877671
0.00533662
0.0157711
0.032282
0.0114772
0.0113037
0.0107329
0
0.00538033
0.00544829
0.0268473
0.00733682
0
0.00514505
0.00551019
0.00538033
0.00702009
0.00563253
0
0
0.650983
0.0113754
0
0.0050262
0.172716
0.0070402
0.00578456
0.00541689
0.00569297
0.00563216
0.00576365
0
0.0430564
0.0187739
0.00547369
0.00579492
0.0563216
0.00562254
0
0.00563216
0.00633549
0.00529856
0
0.852874
0.0057992
0.00563057
0.00785899
0.00563216
0.00581657
0.00736957
0.00573245
0.00551299
0.00562086
0.00732387
0.0113721
0.0426453
0
0.0174965
0.0114267
1.19392
0.00554772
0
0
0.0325666
0
0
0.00882556
0.00572141
0.00572569
0
0.00585909
0
0
0
0.00577659
0
0
0.00537759
0
0.00537759
0
0.00559515
0
0
0.00537759
0.00537759
0.0171922
0.00576042
0
0.00885385
0.0278919
0
0.00557833
0
0.694191
0
0.00551965
0.00565
0
0
0
0.0053833
0.0230872
0
0
0
0
0
0
0.00825194
0
0
0.0299328
0
0
0
0.062696
0.0234753
0
0.00580147
0.00594074
0.00548804
0
0.0343226
0
0
0
0.00551299
0.00544087
0
0
0.00572044
0.00558724
0
0.0103124
0
0.0222033
0.005496
0.0110277
0.00565774
0.00577073
0
0.00557837
0.0676634
0.00544087
0.0231608
0.0169504
0.0296961
0.971982
0
0.00557837
0.991499
0
0
0.00565427
0.00554772
0
0.00540374
0
0.0210618
0
0.00575241
0
0
0.00777025
0
0
0
0
0
0.00539877
0
0
0
0.00539877
0
0
0.0406086
0
0.00553948
0
0
0
0.00524246
0
0.00861346
0.0171006
0
0.0161328
0
0.00602757
0
0.0172269
0
0.00529893
0.00505981
0
0
0.00542186
0.00579352
0.0119138
0.0110944
0.0108271
0.0346073
0.0396443
0.0159208
0.0724529
1
0
0.841011
0.0055181
0.00524974
0
0
0
0
0
0.00552121
0.00539877
0.0161846
0
0.00524974
0.00537759
0.00598148
0.00553802
0.00552025
0
0
0
0
0.00524974
0
0
0
0
0
0
0.00554772
0.00524974
0
0.00524974
0
0
0
0
0.00553869
0.0108117
0
0.00586196
0.00567673
0
0
0
0.0232281
0.013086
0.00590349
0.00513284
0.00551299
0
0.00513284
0
0.0115217
0.00855474
0.0137206
0
0
0
0.0164138
0
0.00513284
0.00903316
0
0.0142505
0
0.00564039
0
0.0100465
0.00578671
0.0161285
0.0164283
0
0.105477
0.0051774
0
0.0107926
0
0.0102765
0.0268115
0.0294755
0.992583
0
0.0051774
0.993932
0.0054589
0
0
0.00542186
0.0111399
0.00566301
0.0107994
0.00689583
0.0055181
0.00546044
0
0.0108688
0.0111399
0
0
0.00542186
0.00542377
0.00586207
0
0
0
0.00503501
0
0.0109202
0.00524974
0
0.0236582
0
0.00529476
0.00900816
0
0
0.00551492
0
0.00550699
0
0
0.0105762
0.0051774
0
0
0
0.00538376
0
0.00579555
0.00562112
0.0135583
0.0051774
0
0
0
0
0
0.0068934
0.00585909
0.00542377
0
0
0.0109214
0.00585224
0.0319617
0.00577212
0
0.0219716
0.00583221
0.00802084
0
0.0163056
0.0126017
0
0
0
0.0154271
0
0
0.011654
0.0238132
0
0
0.0109956
0
0.0109691
0
0.00571851
0.0248304
0.0171485
0
0
0.00507173
0
0
0
0.0157169
0.0234292
0.616946
0.941657
0
0.0170712
0.00507173
1.00034
0.00540374
0.00578463
0
0.00542186
0
0
0
0
0
0.00522726
0
0.00542186
0
0
0.00537759
0
0
0
0.00546044
0
0
0.00554772
0.0057653
0
0.00551965
0.00572044
0.0055983
0
0
0.0058645
0
0.027556
0.00578971
0
0.00527334
0
0
0
0.010715
0.0116411
0
0
0
0
0
0.0199286
0
0
0
0
0.00500288
0.00538419
0
0
0.0231846
0
0
0
0.00577495
0
0.00507173
0
0
0.00573846
0.0340414
0.0339277
0.011696
0
0.00528195
0.00572615
0.00534194
0.0110346
0.005529
0
0.0346074
0.0264097
0.00528195
0
0
0.0110346
0.145112
0.967322
0.0285808
0.00528195
1.00607
0
0.0056218
0
0
0.0112789
0
0
0
0.00559602
0
0.00542377
0.00546394
0
0
0
0.0232447
0
0
0.0109715
0.0115336
0.0343536
0
0.00553835
0
0
0
0.0252554
0
0.00567624
0.0116153
0
0
0
0
0
0.0278943
0.0057869
0.034485
0
0
0.0335005
0.00572044
0
0.0409552
0.0112445
0
0
0
0.00557837
0
0
0.0148928
0
0.00540706
0
0
0
0.00546044
0.010829
0.00527934
0
0.0540801
0
0.0231598
0.00534194
0.00586883
0.0821757
0.182301
0
0
0
0
0
0.00570727
0
0.0054486
0
0.00577453
0.010953
0
0
0.00557304
0.0163477
0
0.0660506
0.00538419
0
0
0.0388305
0
0
0.0110098
0.00530671
0
0.0185946
0
0
0
0.023126
0.00563216
0.0180792
0.0237759
0.00566187
0
0
0.0106499
0
0.0288553
0.0204166
0.00545454
0.00583897
0
0
0.00504137
0
0.0105827
0
0.00548126
0.0212048
0.0239094
0.00613725
0
0.00546044
0.00562809
0
0
0.102999
0
0.011454
0.00798967
0
0.00546044
0
0
0.0295439
0.0914196
0.104479
0.96512
0
0.0212048
0.00547594
0
0
0
0
0
0
0
0.00548701
0.00562864
0
0.0147502
0
0.0229164
0.00538419
0.0152137
0
0.00540526
0
0
0.00540526
0
0
0
0.0115652
0.0231654
0.00540526
0
0
0.027998
0.0107854
0
0.00569666
0
0
0
0.0169258
0.0153845
0
0
0
0
0
0.00668639
0
0.00890682
0.00549091
0.00534205
0.0427563
0
0.142445
0.167496
0.79133
0.00572964
0
0
1
0
0.00560205
0
0
0
0.0126368
0
0
0
0
0.00538419
0
0.0148387
0.00555283
0.0792042
0.00558853
0
0.00538419
0.00859084
0
0
0
0
0
0.00569312
0
0
0
0.00532888
0.0326916
0.00512125
0
0
0.00568823
0.040967
0.00576039
0.00638824
0.00533585
0.00787569
0.00507348
0
0.00533585
0
0.0228505
0
0.024888
0.0311913
0.136196
0.896409
0
0.00547638
0
0.995026
0.949194
0.0110121
0.0260142
0.00566723
0
0
0.0108083
0.0135779
0.00520335
0.0055619
0.0052775
0
0.0052775
0.0807574
0
0.0052775
0.00529044
0
0.00556018
0.0108738
0
0.155642
0
0.00561768
0
0.163226
0.00533585
0
0.010432
0.00842735
0
0.00550925
0
0
0
0.00556344
0
0.00538364
0.0210994
0.0174482
0.0172662
0
0.0150317
0
0
0.00525974
0
0.120522
0.026899
0.0161849
0.258177
0
0.241654
1
0
0
0.954444
0.996735
0
0
0.00547961
0
0.00544754
0
0
0
0.00535989
0
0.00542757
0.0160714
0.00517985
0.00541393
0.00558297
0.00528195
0.0226
0.00538419
0
0.00500645
0.020015
0.00529607
0.00512431
0.0163535
0.00527334
0
0.00546372
0.016241
0.0124201
0.0087889
0.0122815
0.0156811
0
0
0.00544754
0
0.00518053
0
0.0111717
0.00544754
0.00558297
0.015099
0.0105515
0.0372856
0.0499768
1.07327
1.04256
0.00527989
0.0182009
0.153382
0.0190222
0.0168346
0.0106202
0.0107196
0
0.0051476
0.00552779
0.00641716
0.00538382
0
0.00531639
0.00538382
0.00538382
0.0204015
0.00512431
0.00496127
0.00590795
0.00510312
0.0134605
0
0.00492329
0.00550728
0.005172
1.29539
0.0219716
0.0292669
0.0172095
0
0.00537352
0.0100887
0.0186275
0.0055557
0.0181039
0
0
0.00513299
0.00500565
0.0130061
0
0.111183
0.00537304
0.0155793
0.00551752
0.0217869
0.094098
0.0337413
0.984336
1.03208
0.0126255
0.0070675
0.0221076
0
0.00546397
0.00528139
0
0
0
0.00527334
0.0129454
0.0264296
0.0313609
0
0
0.00527334
0.00550121
0.00534194
0
0.0321768
0.0106178
0.00512431
0
0
0
0.00541842
0.0264097
0.00512431
0.00518524
0
0
1
0.00537352
0.00502639
0.0192162
0.0217142
0.016711
0.00515355
0.00732752
0
0.00845574
0.00545854
0
0.0291583
0.00527334
0
0.0344562
0
0.00546397
0
0.016848
0.00520667
0.0151864
0.0110844
0.0461674
0.0148723
0.0175778
0.00505439
0.984996
0.66263
0.00492468
0
0.0237456
0.0134647
0
0.0051476
0.00515844
0.0051476
0
0.00492065
0.0157045
0.0155425
0.00517415
0
0
0.0102501
0
0
0.00511631
0
0.0160515
0
0.00492329
0.005064
0
0.0784567
0.0561815
0
0.0067169
0.00504647
0
1.00547
1.07922
0
0
0.00545912
0.0114631
0.0107821
0.0150666
0.0358748
0
0
0
0.0183763
0.0108133
0
0
0.0166941
0.0335664
0.00515355
0.0101933
0.0270877
0.00547689
0.0111682
0.0210385
0
0.00500165
0.00501342
0.0051476
0
0.0148362
0
0.0358631
0.00537488
0.0523975
0
0.00531899
0.0154927
0.996268
0
0.00535683
0.0185639
0.0106976
0.005367
0.0105812
0
0
0.0152616
0.00539806
0.00504674
0
0.00514953
0.00552779
0
0
0.00536549
0
0.00497839
0.0105396
0
0
0
0.25702
0.984655
0
0.0053513
0.021339
0.0123005
0.0307001
0.00510469
0.0101413
0.00516619
0
0.0107491
0.00653705
0.0164842
0.186405
0.0052712
0.015592
0.0255482
0.00539731
0
0
0.0267199
0.0342143
0.00494495
0
0.0259761
0
0.0427455
0.0112284
0.0127262
0.0151166
0.0155667
1.00208
0.0151312
0.0140765
0.0219485
0
0.00842161
0
0.0222218
0
0.0153771
0
0.00505439
0
0.0128934
0
0.0051476
0
0
0.00541258
0.00497811
0.00505439
0.0104989
0.138186
0.0370516
0.00512132
0.0051476
0.00539967
0.00764472
0.671507
0.886367
0.935842
0.286184
0.00509785
0
0.0110306
0.0431471
0.0188077
0.0104204
0.0105412
0.0324954
0.00646921
0.00518004
0.156588
0.00515715
0.0156832
0.0641549
0.00513141
0.0168241
0.00555861
0.0053724
0.00495208
0.0208416
0.0428812
0
0.0165035
0.0246815
0.00691191
0.0155317
1
0
0.0154606
0.00552616
0.00520245
0.0102798
0.027778
0.0310104
0.00500711
0
0.352597
0.939153
0.20469
0.00538382
0.0108248
0.00530872
0.00536539
0
0.0157854
0.0103841
0.0928683
0.00519787
0.00712369
0
0.00994465
0.0102576
0.0138786
0.00542356
0.0595872
0
0.00541315
0
0
0
0.00530449
0.00491926
0.0173415
0.015095
0.65352
0.216178
0.447741
0.0212483
0.00538382
0.00560809
0.0526868
0
0.00552779
0.0224636
0.00552779
0
0.017045
0.0108708
0
0
0.00957421
0.0102576
0.193712
1
0.00546844
0.00579454
0.00527707
0.10798
0
0.0102547
0.00510768
0
0.00659383
0.725924
0
0
