0.0356532
0.0348866
0.0418639
0.0349572
0.0363438
0.049838
0.268817
0.0336097
0.0364098
0.0348866
0.0356532
0.0348866
0.256091
0.0192743
0.0192797
0.00279877
0.00886384
0.0192797
0.0191507
0.00279877
0.0058036
0.0135615
0.0227496
0.0220785
0.500862
0.0164716
0.0165635
0.0192797
0.0299321
0.0200398
0.022103
0.0164737
0.282656
0.0208185
0.0551002
0.0106181
0.0272176
0.740728
0.00252506
0.00252577
0.00252577
0.00252648
0.0102546
0.00841924
0.0269163
0.00813038
0.00259433
0.00791551
0.0206358
0.0884393
0.00791551
0.0104413
0.010145
0.00289843
0.00286267
0.0101946
0.0330339
0.00997158
0.0134114
0.0197888
0.279816
0.0079307
0.109347
0.0411946
0.00979471
0.00541873
0.00542021
0.00807433
0.00532379
0.00783577
0.026619
0.00541873
0.00532379
0.00541873
0.00783577
0.01898
0.022744
0.326421
0.00824292
0.00530694
0.00530694
0.00261973
0.022744
0.00868914
0.0727663
0.0215214
0.00530694
0.00530694
0.0254568
0.0499516
0.957171
0.157541
0.0224851
0.0478001
0.0291644
0.0081659
0.0171621
0.0292658
0.0172217
0.848635
0.159361
0.00567447
0.0115075
0.0223455
0.0139326
0.00273163
0.00447513
0.00564997
0.00280851
0.00277536
0.00402762
0.0330593
0.0084172
0.0339821
0.00567447
0.00268508
0.00278833
0.00567447
0.00543799
0.0383618
0.00579859
0.00268508
0.00268508
0.00895026
0.00847811
0.00268508
0.00383582
0.00273163
0.176528
0.0042396
1
0.327108
0.23735
0.0111998
0.0252516
0.0176839
0.119037
0.00310852
0.0476023
0.203845
0.0249429
0.00285734
0.00314264
1.00018
0.15961
0.429082
0.0905405
0.220609
0.963529
0.0960632
0.607947
1
0.723624
0.0344137
0.0330512
0.0403769
0.0236869
0.0510481
0.123942
0.00273265
0.0332613
1.0139
0.00927464
0.00256666
0.00318579
0.0152207
0.0138469
0.00249635
0.0232303
0.00510172
0.113176
0.0108146
0.00567066
0.00830487
0.00251064
0.00322596
0.0126847
0.393814
0.00248861
0.0118534
0.0196754
0.00257679
0.00248932
0.00297248
0.00255907
0.00248932
0.00248932
0.013972
0.016686
0.32711
0.0261024
0.00254288
0.0341944
0.0142213
0.0118358
0.00248932
0.00255551
0.0279309
0.00248932
1
0.343572
0.0050963
0.00826839
0.0084567
0.00258749
0.00509343
0.0127372
0.00248052
0.00260923
0.00264947
0.00437912
0.0230223
0.84396
0.00802738
0.00567095
0.01368
0.00802809
0.00516667
0.00265947
0.0072409
0.00339452
0.328838
0.0186369
0.240147
0.00522084
0.00554628
0.00554628
0.00520301
0.00349809
0.00579161
0.00552595
0.00554628
0.00568416
0.00271703
0.00254778
0.00271703
0.0120319
0.00260808
0.0420374
0.0168922
0.00574651
0.0195151
0.00303482
0.00559575
0.00304402
0.00963216
0.00554628
0.284965
0.0057741
0.474561
0.244377
0.00270063
0.0136466
0.0322184
0.00291986
0.0664157
0.00270139
0.00284899
0.00270139
0.0573294
0.0128732
0.00844081
0.00267941
0.00246885
0.00284979
0.0134539
0.0161771
0.00673323
0.00294324
0.0163019
0.0137082
0.00256452
0.0110162
0.010793
0.0161771
0.0142394
0.00296262
0.00554422
0.0137256
0.013342
0.0770903
0.0160844
0.00258193
0.0822494
0.0804905
0.0140802
0.0166179
0.0186718
0.00831771
0.00583232
0.00291298
0.00530354
0.031925
0.0141854
0.00270139
0.884969
0.00280607
0.218633
0.842554
0.00826234
0.0027803
0.0119156
0.00846044
0.0222689
0.00562894
0.00288081
0.00926768
1.07046
0.00288081
0.23121
0.0276723
1.03755
0.533184
