0.0196915
0.0196915
0.0196915
0.0196915
0.0196915
0.0196915
0.0196915
0.0196915
0.0196915
0.0127644
0.0127644
0.0127644
0.0127644
0.0127605
0.0127605
0.0127605
0.0193368
0.0193368
0.0193368
0.0193368
0.0193368
0.0193368
0.0193368
0.0193368
0.0193368
0.0193368
0.0121558
0.0121558
0.0121558
0.0197099
0.0197099
0.0197099
0.0197099
0.0197099
0.0197099
0.0197099
0.0197099
0.0197099
0.0128326
0.0128326
0.0128326
0.0126769
0.0126769
0.0126769
0.0126769
0.0126769
0.0126812
0.0126812
0.0126812
0.0121205
0.0121205
0.0121205
0.0121205
0.0119593
0.0119593
0.0119593
0.0202692
0.0202692
0.0202692
0.0202692
0.0202692
0.0202692
0.0202692
0.0202692
0.0202692
0.0202692
0.0196878
0.0196878
0.0196878
0.0196878
0.0196878
0.0196878
0.0196878
0.0196878
0.0196878
0.0127303
0.0127303
0.00328619
0.00159303
0.00159303
0.00159303
0.00159303
0.00162545
0.00162545
0.00273848
0.0038332
0.0038332
0.0032063
0.0032063
0.00162545
0.00162545
0.0125632
0.0125632
0.0122951
0.0122951
0.0122951
0.0122951
0.0122055
0.0122055
0.0122055
0.0122055
0.0123756
0.0123756
0.00327864
0.00662843
0.00662843
0.00662843
0.00662843
0.00662843
0.00662843
0.0125651
0.0125651
0.0125651
0.0126632
0.0126632
0.0126632
0.0126632
0.0123593
0.0123593
0.0123593
0.0123593
0.0123593
0.0129628
0.0177351
0.0177351
0.0177351
0.0177351
0.0177351
0.0177351
0.0177351
0.0177351
0.0177351
0.00636836
0.00632194
0.00632194
0.00632194
0.00632194
0.00632194
0.00632194
0.00632194
0.00970822
0.0121198
0.0121198
0.012196
0.0206186
0.0206186
0.0206186
0.0206186
0.0206186
0.0206186
0.0206186
0.0206186
0.0206186
0.0206186
0.00737674
0.00737674
0.00737674
0.0122719
0.0122719
0.0122719
0.021285
0.021285
0.021285
0.021285
0.021285
0.021285
0.021285
0.021285
0.021285
0.0180277
0.0180277
0.0180277
0.0180277
0.0180277
0.0180277
0.0180277
0.0180277
0.0180277
0.0129502
0.0129502
0.0129502
0.0125447
0.0125447
0.0125447
0.0125447
0.018634
0.018634
0.018634
0.018634
0.018634
0.018634
0.018634
0.018634
0.018634
0.0119478
0.0119478
0.0119478
0.0201606
0.0201606
0.0201606
0.0201606
0.0201606
0.0201606
0.0201606
0.0201606
0.0201606
0.0205961
0.0205961
0.0205961
0.0205961
0.0205961
0.0205961
0.0205961
0.0205961
0.0104679
0.0128832
0.0128832
0.0190334
0.0214531
0.0214531
0.0214531
0.0214531
0.0214531
0.0214531
0.0214531
0.0214531
0.0205447
0.0205447
0.0205447
0.0205447
0.0205447
0.0205447
0.0205447
0.0205447
0.0205447
0.0194608
0.0194608
0.0194608
0.0194608
0.0194608
0.0194608
0.0194608
0.0194608
0.0194608
0.0120386
0.0183988
0.0183988
0.0183988
0.0183988
0.0183988
0.0183988
0.0183988
0.0183988
0.0183988
0.0183988
0.0128593
0.0128593
0.0128593
0.0128593
0.0177037
0.0177037
0.0177037
0.0177037
0.0177037
0.0177037
0.0177037
0.0177037
0.0177037
0.0177037
0.0177037
0.0194322
0.0194322
0.0194322
0.0194322
0.0194322
0.0194322
0.0194322
0.0194322
0.0194322
0.0126336
0.0126336
0.0126336
0.0015225
0.00100466
0.00100466
0.00100466
0.00100466
0.00100466
0.00100466
0.0126761
0.0126761
0.0126761
0.0126761
0.00749063
0.00362053
0.00659067
0.00389837
0.00389837
0.00389837
0.00389837
0.00389837
0.00506337
0.0208458
0.0208458
0.0208458
0.0208458
0.0208458
0.0208458
0.0208458
0.0208458
0.0197063
0.0197063
0.0197063
0.0197063
0.0197063
0.0197063
0.0197063
0.0197063
0.0197063
0.0188165
0.0188165
0.0188165
0.0188165
0.0188165
0.0188165
0.0188165
0.0188165
0.0188165
0.012746
0.0180604
0.0180604
0.0180604
0.0180604
0.0180604
0.0180604
0.0180604
0.0180604
0.0180604
0.0189877
0.0189877
0.0189877
0.0189877
0.0189877
0.0189877
0.0189877
0.0189877
0.0189877
0.0119872
0.0119872
0.0119872
0.0119872
0.0126803
0.0126803
0.0126803
0.0126803
0.0126803
0.0119312
0.0125666
0.0125666
0.0125666
0.0130422
0.0130422
0.0127942
0.0127942
0.0127942
0.0119382
0.0119382
0.0192849
0.0192849
0.0192849
0.0192849
0.0192849
0.0192849
0.0192849
0.0192849
0.0192849
0.0128911
0.0128911
0.0128911
0.0128911
0.0128911
0.0128602
0.0128602
0.0128602
0.0128602
0.0123554
0.0123554
0.0123554
0.0196762
0.0196762
0.0196762
0.0196762
0.0196762
0.0196762
0.0196762
0.0196762
0.0196762
0.0128811
0.0128811
0.0128811
0.0128811
0.0124013
0.0124013
0.0124013
0.0124013
0.0122768
0.0122768
0.0122768
0.0122768
0.0127896
0.0191291
0.0191291
0.0191291
0.0191291
0.0191291
0.0191291
0.0191291
0.0191291
0.0191291
0.0121753
0.0121753
0.0121753
0.012147
0.012147
0.0128776
0.0185622
0.0185622
0.0185622
0.0185622
0.0185622
0.0185622
0.0185622
0.0185622
0.0185622
0.0185622
0.0182063
0.0182063
0.0182063
0.0182063
0.0182063
0.0182063
0.0182063
0.0182063
0.0182063
0.0182063
0.0119598
0.0119598
0.0127674
0.0129488
0.0129488
0.0129488
0.0129488
0.00358184
0.0197132
0.0197132
0.0197132
0.0197132
0.0197132
0.0197132
0.0197132
0.0197132
0.0197132
0.0120287
0.0120287
0.0120287
0.00639866
0.00515293
0.00515293
0.00515293
0.00515293
0.00515293
0.00515293
0.0196429
0.0196429
0.0196429
0.0196429
0.0196429
0.0196429
0.0196429
0.0196429
0.0196429
0.0124475
0.0129491
0.0129491
0.0128411
0.0124888
0.0124888
0.0124888
0.0124888
0.0125018
0.0125534
0.0209986
0.0209986
0.0209986
0.0209986
0.0209986
0.0209986
0.0209986
0.0209986
0.0209986
0.0126636
0.0120347
0.0120347
0.0120347
0.0119512
0.0119512
0.0119512
0.0123599
0.0123599
0.0123599
0.0201423
0.0201423
0.0201423
0.0201423
0.0201423
0.0201423
0.0201423
0.0201423
0.0201423
0.0201423
0.012897
0.012897
0.012897
0.0126862
0.0126862
0.0126862
0.0126862
0.0126862
0.0180686
0.0180686
0.0180686
0.0180686
0.0180686
0.0180686
0.0180686
0.0180686
0.0180686
0.0179668
0.0179668
0.0179668
0.0179668
0.0179668
0.0179668
0.0179668
0.0179668
0.0179668
0.0179668
0.0120176
0.0120176
0.0120176
0.0129285
0.0129285
0.0129285
0.0211446
0.0211446
0.0211446
0.0211446
0.0211446
0.0211446
0.0211446
0.0211446
0.0211446
0.0211446
0.012828
0.012828
0.012828
0.012828
0.0124608
0.0124608
0.0124608
0.0126446
0.012352
0.012352
0.012352
0.012352
0.019238
0.019238
0.019238
0.019238
0.019238
0.019238
0.019238
0.019238
0.019238
0.019238
0.0195347
0.0195347
0.0195347
0.0195347
0.0195347
0.0195347
0.0195347
0.0195347
0.0195347
0.018607
0.018607
0.018607
0.018607
0.018607
0.018607
0.018607
0.018607
0.018607
0.0120386
0.0201736
0.0201736
0.0201736
0.0201736
0.0201736
0.0201736
0.0201736
0.0201736
0.0129314
0.0129314
0.0129314
0.0129314
0.0181943
0.0181943
0.0181943
0.0181943
0.0181943
0.0181943
0.0181943
0.0181943
0.0181943
0.0127316
0.0127316
0.0059274
0.0059274
0.0059274
0.0059274
0.0059274
0.0059274
0.0059274
0.0059274
0.0059274
0.00754927
0.00754927
0.00754927
0.00754927
0.00754927
0.00754927
0.00754927
0.00754927
0.00754927
0.0033861
0.0033861
0.0033861
0.0033861
0.0033861
0.0033861
0.0033861
0.0033861
0.00516192
0.0120235
0.0120235
0.0182537
0.0182537
0.0182537
0.0182537
0.0182537
0.0182537
0.0182537
0.0182537
0.0182537
0.0124742
0.0124742
0.0124742
0.0124742
0.0212522
0.0212522
0.0212522
0.0212522
0.0212522
0.0212522
0.0212522
0.0212522
0.0125892
0.0125892
0.0125892
0.0125892
0.0177051
0.0177051
0.0177051
0.0177051
0.0177051
0.0177051
0.0177051
0.0177051
0.0177051
0.0196539
0.0196539
0.0196539
0.0196539
0.0196539
0.0196539
0.0196539
0.0196539
0.0196539
0.0190545
0.0190545
0.0190545
0.0190545
0.0190545
0.0190545
0.0190545
0.0190545
0.0190545
0.0123637
0.0123637
0.0123637
0.0127866
0.0127866
0.0127866
0.019035
0.0200208
0.0200208
0.0200208
0.0200208
0.0200208
0.0200208
0.0200208
0.0200208
0.0200208
0.0129327
0.019026
0.019026
0.019026
0.019026
0.019026
0.019026
0.019026
0.019026
0.019026
0.0182668
0.0182668
0.0182668
0.0182668
0.0182668
0.0182668
0.0182668
0.0182668
0.0182668
0.0182668
0.0126354
0.0126354
0.0126354
0.0126354
0.0126354
0.0120841
0.0120841
0.0120841
0.0120918
0.0120918
0.0120918
0.0120918
0.0119286
0.0119286
0.0119286
0.0213999
0.0213999
0.0213999
0.0213999
0.0213999
0.0213999
0.0213999
0.0213999
0.0213999
0.011989
0.011989
0.011989
0.0214642
0.0214642
0.0214642
0.0214642
0.0214642
0.0214642
0.0214642
0.0214642
0.0214642
0.018908
0.018908
0.018908
0.018908
0.018908
0.018908
0.018908
0.018908
0.018908
