0.00894056
0.00894056
0.00894056
0.00894056
0.00894056
0.00894056
0.00894056
0.00894056
0.00894056
0.000666003
0.000666003
0.000666003
0.000666003
0.000666003
0.000666003
0.000666003
0.000666003
0.000666003
0.00906464
0.00906464
0.00906464
0.00906464
0.00906464
0.00906464
0.00906464
0.00906464
0.00906464
0.00652872
0.00652872
0.00657222
0.00657222
0.00657222
0.00869381
0.00869381
0.00869381
0.00869381
0.00869381
0.00869381
0.00869381
0.00869381
0.00869381
0.00888417
0.00888417
0.00888417
0.00888417
0.00888417
0.00888417
0.00888417
0.00888417
0.00888417
0.00662196
0.00651548
0.00648631
0.00648631
0.00648631
0.00895702
0.00895702
0.00895702
0.00895702
0.00895702
0.00895702
0.00895702
0.00895702
0.00895702
0.00865919
0.00671434
0.00671434
0.00671434
0.00671434
0.0066775
0.0066775
0.0066775
0.0066775
0.00911678
0.00911678
0.00911678
0.00911678
0.00911678
0.00911678
0.00911678
0.00911678
0.00911678
0.00911678
0.00959917
0.00959917
0.00959917
0.00959917
0.00959917
0.00959917
0.00959917
0.00959917
0.00959917
0.00414327
0.00653564
0.00653564
0.00665953
0.00665953
0.00665953
0.00665953
0.00665953
0.00659978
0.00868595
0.00658246
0.00658246
0.00658246
0.00660974
0.00660974
0.00660974
0.00658846
0.00658846
0.00658846
0.00905961
0.00905961
0.00905961
0.00905961
0.00905961
0.00905961
0.00905961
0.00905961
0.00905961
0.00905961
0.00662868
0.00662868
0.00662868
0.00662868
0.00889539
0.00889539
0.00889539
0.00889539
0.00889539
0.00889539
0.00889539
0.00889539
0.00889539
0.00839477
0.00839477
0.00839477
0.00839477
0.00839477
0.00839477
0.00839477
0.00839477
0.00839477
0.0067194
0.0067194
0.0067194
0.0067194
0.0067194
0.00677678
0.00677678
0.00677678
0.00660657
0.00660657
0.00660657
0.00551559
0.00551559
0.00551559
0.00551559
0.00551559
0.00551559
0.00551559
0.00551559
0.00551559
0.00646064
0.00646064
0.00646064
0.00646064
0.00838903
0.00838903
0.00838903
0.00838903
0.00838903
0.00838903
0.00838903
0.00838903
0.00838903
0.0065681
0.0065681
0.00920068
0.00920068
0.00920068
0.00920068
0.00920068
0.00920068
0.00920068
0.00920068
0.00920068
0.00844418
0.00844418
0.00844418
0.00844418
0.00844418
0.00844418
0.00844418
0.00844418
0.00844418
0.00669308
0.00669308
0.00669308
0.00677456
0.00847515
0.00847515
0.00847515
0.00847515
0.00847515
0.00847515
0.00847515
0.00678829
0.00678829
0.00678829
0.00678829
0.00670909
0.00670909
0.00670909
0.00670909
0.00646223
0.00646223
0.00892702
0.00892702
0.00892702
0.00892702
0.00892702
0.00892702
0.00892702
0.00892702
0.00892702
0.00904041
0.00904041
0.00904041
0.00904041
0.00904041
0.00904041
0.00904041
0.00904041
0.00904041
0.00869932
0.0086486
0.0086486
0.0086486
0.0086486
0.0086486
0.0086486
0.0086486
0.0086486
0.0086486
0.0086486
0.00909104
0.00909104
0.00909104
0.00909104
0.00909104
0.00909104
0.00909104
0.00909104
0.00909104
0.00645376
0.00650194
0.0087533
0.0087533
0.0087533
0.0087533
0.0087533
0.0087533
0.0087533
0.0087533
0.0087533
0.0087533
0.00653082
0.00653082
0.0088207
0.0088207
0.0088207
0.0088207
0.0088207
0.0088207
0.0088207
0.0088207
0.0088207
0.00654283
0.00654283
0.00654283
0.00972482
0.00972482
0.00972482
0.00972482
0.00972482
0.00972482
0.00972482
0.00972482
0.00972482
0.00662415
0.00662415
0.00662415
0.00662415
0.0093248
0.0093248
0.0093248
0.0093248
0.0093248
0.0093248
0.0093248
0.0093248
0.0093248
0.00946866
0.00946866
0.00946866
0.00946866
0.00946866
0.00946866
0.00946866
0.00946866
0.00652185
0.00652185
0.00940818
0.00940818
0.00940818
0.00940818
0.00940818
0.00940818
0.00940818
0.00940818
0.00940818
0.0095337
0.0095337
0.0095337
0.0095337
0.0095337
0.0095337
0.0095337
0.0095337
0.0095337
0.0097626
0.0097626
0.0097626
0.0097626
0.0097626
0.0097626
0.0097626
0.0097626
0.0097626
0.00901586
0.00901586
0.00677529
0.00677529
0.00677529
0.00677529
0.00657987
0.00657987
0.00448369
0.00448369
0.00656699
0.00856733
0.00856733
0.00856733
0.00856733
0.00856733
0.00856733
0.00856733
0.00856733
0.00856733
0.00880811
0.00880811
0.00880811
0.00880811
0.00880811
0.00880811
0.00880811
0.00880811
0.00849922
0.00849922
0.00849922
0.00849922
0.00849922
0.00849922
0.00849922
0.00849922
0.00849922
0.00888947
0.00888947
0.00888947
0.00888947
0.00888947
0.00888947
0.00888947
0.00839657
0.00839657
0.00839657
0.00839657
0.00839657
0.00839657
0.00839657
0.00839657
0.00839657
0.00683272
0.00683272
0.00683272
0.00683272
0.00658353
0.00658353
0.00658353
0.00844611
0.00844611
0.00844611
0.00844611
0.00844611
0.00844611
0.00844611
0.00844611
0.00844611
0.00646328
0.00646328
0.00646328
0.00978828
0.00978828
0.00978828
0.00978828
0.00978828
0.00978828
0.00978828
0.00978828
0.00978828
0.00873895
0.00873895
0.00873895
0.00873895
0.00873895
0.00873895
0.00873895
0.00873895
0.00873895
0.00916721
0.00916721
0.00916721
0.00916721
0.00916721
0.00916721
0.00916721
0.00916721
0.00916721
0.00681306
0.00681306
0.00681306
0.00681306
0.00681306
0.00657086
0.00900684
0.00900684
0.00900684
0.00900684
0.00900684
0.00900684
0.00900684
0.00900684
0.00900684
0.00900684
0.00857895
0.00857895
0.00857895
0.00857895
0.00857895
0.00857895
0.00857895
0.00857895
0.00857895
0.00907748
0.00907748
0.00907748
0.00907748
0.00907748
0.00907748
0.00907748
0.00907748
0.00907748
0.00907748
0.00665414
0.00665414
0.00665414
0.00665414
0.00665414
0.00664916
0.00664916
0.00664916
0.00664916
0.00670453
0.00673756
0.00673756
0.00673756
0.00673756
0.00939463
0.00939463
0.00939463
0.00939463
0.00939463
0.00939463
0.00939463
0.00939463
0.00939463
0.006679
0.006679
0.006679
0.00867293
0.00867293
0.00867293
0.00867293
0.00867293
0.00867293
0.00867293
0.00867293
0.00867293
0.00887255
0.00887255
0.00887255
0.00887255
0.00887255
0.00887255
0.00887255
0.00887255
0.00887255
0.00887255
0.00678357
0.00678357
0.00663775
0.00663775
0.00663775
0.00921245
0.00921245
0.00921245
0.00921245
0.00921245
0.00921245
0.00921245
0.00921245
0.00921245
0.006831
0.006831
0.006831
0.006831
0.00960967
0.00960967
0.00960967
0.00960967
0.00960967
0.00960967
0.00960967
0.00960967
0.00960967
0.00247872
0.00662417
0.00662417
0.00662417
0.00662417
0.00843225
0.00843225
0.00843225
0.00843225
0.00843225
0.00843225
0.00843225
0.00843225
0.00843225
0.00893903
0.00893903
0.00893903
0.00893903
0.00893903
0.00893903
0.00893903
0.00893903
0.00653573
0.00653573
0.00898592
0.00898592
0.00898592
0.00898592
0.00898592
0.00898592
0.00898592
0.0085019
0.0085019
0.0085019
0.0085019
0.0085019
0.0085019
0.0085019
0.0085019
0.0085019
0.0064949
0.0064949
0.0064949
0.0064949
0.00674614
0.00674614
0.00674614
0.00944638
0.00944638
0.00944638
0.00944638
0.00944638
0.00944638
0.00944638
0.00944638
0.00944638
0.00882757
0.00882757
0.00882757
0.00882757
0.00882757
0.00882757
0.00882757
0.00882757
0.00882757
0.00900225
0.00900225
0.00900225
0.00900225
0.00900225
0.00900225
0.00900225
0.00900225
0.00900225
0.00900225
0.00663974
0.00663974
0.00663974
0.00663974
0.00663974
0.00672847
0.00672847
0.00672847
0.00974051
0.00974051
0.00974051
0.00974051
0.00974051
0.00974051
0.00974051
0.00974051
0.00974051
0.00665623
0.00665623
0.00665623
0.00665623
0.00651819
0.00651819
0.00672372
0.00846877
0.00846877
0.00846877
0.00846877
0.00846877
0.00846877
0.00846877
0.00846877
0.00846877
0.00900966
0.00900966
0.00662958
0.00662958
0.00662958
0.00662958
0.00662958
0.00849886
0.00849886
0.00849886
0.00849886
0.00849886
0.00849886
0.00849886
0.00849886
0.00849886
0.00664398
0.00664398
0.00664398
0.00664398
0.00661692
0.00839724
0.00839724
0.00839724
0.00839724
0.00839724
0.00839724
0.00839724
0.00839724
0.00839724
0.00842057
0.00842057
0.00842057
0.00842057
0.00842057
0.00842057
0.00842057
0.00842057
0.00842057
0.00225392
0.00225392
0.00225392
0.00225392
0.00225392
0.00857865
0.00857865
0.00857865
0.00857865
0.00857865
0.00857865
0.00857865
0.00857865
0.00857865
0.00876998
0.00876998
0.00876998
0.00876998
0.00876998
0.00876998
0.00876998
0.00876998
0.00876998
0.00845347
0.00845347
0.00845347
0.00845347
0.00845347
0.00845347
0.00845347
0.00845347
0.00845347
0.00845347
0.00659549
0.00659549
0.00659549
0.00662252
0.00645998
0.00645998
0.00645998
0.00671786
0.00671786
0.00671786
0.00671786
0.00671786
0.00656712
0.00656712
0.00673749
0.00673749
0.00673749
0.00673749
0.00673749
0.00968053
0.00968053
0.00968053
0.00968053
0.00968053
0.00968053
0.00968053
0.00968053
0.00968053
0.00671003
0.00671003
0.00671003
0.00671003
0.00984418
0.00984418
0.00984418
0.00984418
0.00984418
0.00984418
0.00984418
0.00984418
0.00984418
0.00679528
0.00679528
0.00679528
0.00679528
0.00842287
0.00842287
0.00842287
0.00842287
0.00842287
0.00842287
0.00842287
0.00842287
0.00842287
0.00887195
0.00682908
0.00682908
0.00682908
0.00657997
0.00657997
0.00874668
0.00903171
0.00903171
0.00903171
0.00903171
0.00903171
0.00903171
0.00903171
0.00659072
0.00659072
0.00659072
0.00648309
0.00648309
0.00873441
0.00873441
0.00873441
0.00873441
0.00873441
0.00873441
0.00873441
0.00873441
0.00873441
0.00660939
0.00660939
0.00660939
0.00915105
0.00915105
0.00915105
0.00915105
0.00915105
0.00915105
0.00915105
0.00915105
0.00915105
0.00888898
0.00888898
0.00888898
0.00888898
0.00888898
0.00888898
0.00888898
0.00888898
0.00888898
0.00888898
0.00920193
0.00920193
0.00920193
0.00920193
0.00920193
0.00920193
0.00920193
0.00920193
0.00920193
0.00678993
0.00678993
0.000684309
0.00654404
0.00654404
0.00666566
0.00666566
0.00666566
0.00666566
0.00666566
0.00847969
0.00847969
0.00847969
0.00847969
0.00847969
0.00847969
0.00847969
0.00847969
0.00847969
0.00875309
0.00948692
0.00948692
0.00948692
0.00948692
0.00948692
0.00948692
0.00948692
0.00948692
0.00948692
0.00680583
0.00680583
0.00680583
0.00680583
0.0087944
0.0087944
0.0087944
0.0087944
0.0087944
0.0087944
0.0087944
0.0087944
0.0087944
0.00928161
0.00928161
0.00928161
0.00928161
0.00928161
0.00928161
0.00928161
0.00928161
0.00666842
0.00666842
0.00666842
0.00666842
0.00675965
0.00675965
0.00675965
0.00675965
0.00905417
0.00905417
0.00905417
0.00905417
0.00905417
0.00905417
0.00905417
0.00905417
0.00905417
0.00905417
0.00683518
0.00683518
0.00683518
0.00926624
0.00926624
0.00926624
0.00926624
0.00926624
0.00926624
0.00926624
0.00926624
0.00926624
0.00842606
0.00842606
0.00842606
0.00842606
0.00842606
0.00842606
0.00842606
0.00842606
0.00842606
