0.0106174
0.0106174
0.0106174
0.0106174
0.0106174
0.0106174
0.0106174
0.0106174
0.0106174
0.00824117
0.00867418
0.00867418
0.00850626
0.00850626
0.00748512
0.00748512
0.00795679
0.00850748
0.00850748
0.00850748
0.00804054
0.00804054
0.0109183
0.0109183
0.0109183
0.0109183
0.0109183
0.0109183
0.0109183
0.0109183
0.0109183
0.00803007
0.00803007
0.00803007
0.00803007
0.00757209
0.00757209
0.00793181
0.00762728
0.00762728
0.00762728
0.00762728
0.00784037
0.00784037
0.00317547
0.00992393
0.00992393
0.00992393
0.00992393
0.00992393
0.00992393
0.00992393
0.0109113
0.0109113
0.0109113
0.0109113
0.0109113
0.0109113
0.0109113
0.0109113
0.0109113
0.00874145
0.00811286
0.00811286
0.00811286
0.00784635
0.00784635
0.00784635
0.0117358
0.0117358
0.0117358
0.0117358
0.0117358
0.0117358
0.0117358
0.0104176
0.0104176
0.0104176
0.0104176
0.0104176
0.0104176
0.0104176
0.0104176
0.0104176
0.00831784
0.00747444
0.00801557
0.00801557
0.00801557
0.00801557
0.0101185
0.00819681
0.00819681
0.00819681
0.00819681
0.00819681
0.0100197
0.0100197
0.0100197
0.0100197
0.0100197
0.0100197
0.0100197
0.0100197
0.0100197
0.00802389
0.00802389
0.00802389
0.00802389
0.0121005
0.0121005
0.0121005
0.0121005
0.0121005
0.0121005
0.0121005
0.0121005
0.0121005
0.00787023
0.00787023
0.00787023
0.00787023
0.00756702
0.00756702
0.00756702
0.0117365
0.0117365
0.0117365
0.0117365
0.0117365
0.0117365
0.0117365
0.0117365
0.0117365
0.0110138
0.0106859
0.0106859
0.0106859
0.0106859
0.0106859
0.0106859
0.0106859
0.0106859
0.0106859
0.0119021
0.0119021
0.0119021
0.0119021
0.0119021
0.0119021
0.0119021
0.0119021
0.0119021
0.0118123
0.0118123
0.0118123
0.0118123
0.0118123
0.0118123
0.0118123
0.0118123
0.0118123
0.00843914
0.00843914
0.0107259
0.0107259
0.0107259
0.0107259
0.0107259
0.0107259
0.0107259
0.0107259
0.0107259
0.00832254
0.00832254
0.00832254
0.00832254
0.00767941
0.00767941
0.00767941
0.00752237
0.00756077
0.0119349
0.0119349
0.0119349
0.0119349
0.0119349
0.0119349
0.0119349
0.0119349
0.0119349
0.0119349
0.0104466
0.0104466
0.0104466
0.0104466
0.0104466
0.0104466
0.0104466
0.0104466
0.0104466
0.00815216
0.00865224
0.00865224
0.00865224
0.00784774
0.0043638
0.00860846
0.00860846
0.00860846
0.00860846
0.00815569
0.00815569
0.00815569
0.00826154
0.00826154
0.00826154
0.00826154
0.00826154
0.0115397
0.0115397
0.0115397
0.0115397
0.0115397
0.0115397
0.0115397
0.0115397
0.00858213
0.00858213
0.00858213
0.00858213
0.00752517
0.00752517
0.00752517
0.00865942
0.00865942
0.00865942
0.0103742
0.0103742
0.0103742
0.0103742
0.0103742
0.0103742
0.0103742
0.0103742
0.0103742
0.00816827
0.00816827
0.00816827
0.00816827
0.00825208
0.00825551
0.00825551
0.00825551
0.00825551
0.00825551
0.00839815
0.00839815
0.00839815
0.0102806
0.0102806
0.0102806
0.0102806
0.0102806
0.0102806
0.0102806
0.0102806
0.0102806
0.00761318
0.00761318
0.00761318
0.00784664
0.011951
0.011951
0.011951
0.011951
0.011951
0.011951
0.011951
0.011951
0.011951
0.0076785
0.0076785
0.00803801
0.00803801
0.00803801
0.00803801
0.0114719
0.00772043
0.00772043
0.00772043
0.0086237
0.0086237
0.0086237
0.0086237
0.00851858
0.00851858
0.00851858
0.00851858
0.00851858
0.00856429
0.00818698
0.00756561
0.00756561
0.00756561
0.0117198
0.0117198
0.0117198
0.0117198
0.0117198
0.0117198
0.0117198
0.0117198
0.0117198
0.00762055
0.00762055
0.00762055
0.0111831
0.0111831
0.0111831
0.0111831
0.0111831
0.0111831
0.0111831
0.0111831
0.0111831
0.00833135
0.00833135
0.00833135
0.00833135
0.0087033
0.0087033
0.0087033
0.00765353
0.00765353
0.00765353
0.01055
0.00785711
0.00785711
0.00785711
0.010363
0.010363
0.010363
0.010363
0.010363
0.010363
0.010363
0.010363
0.010363
0.00861845
0.00861845
0.00861845
0.00861845
0.00861845
0.0100068
0.00858243
0.00858243
0.00858243
0.00858243
0.00807357
0.00807357
0.00862404
0.00862404
0.00862404
0.00862404
0.0118858
0.00781387
0.00781387
0.00781387
0.00781387
0.0116044
0.0114555
0.0084757
0.00856587
0.0112905
0.0112905
0.0112905
0.0112905
0.0112905
0.0112905
0.0112905
0.0112905
0.0112905
0.0074991
0.0074991
0.0074991
0.00767115
0.0106537
0.0106537
0.0106537
0.0106537
0.0106537
0.0106537
0.0106537
0.0106537
0.0106537
0.0101193
0.0101193
0.0101193
0.0101193
0.0101193
0.0101193
0.0101193
0.0101193
0.0101193
0.00771963
0.00766378
0.00766378
0.00766378
0.00760773
0.00760773
0.00760773
0.00769332
0.00769332
0.00769332
0.00769332
0.00779165
0.00779165
0.00779165
0.00779165
0.00832235
0.00832235
0.00832235
0.00828001
0.00828001
0.00828001
0.00828001
0.00759692
0.00759692
0.00759692
0.00868399
0.00868399
0.0113091
0.0113091
0.0113091
0.0113091
0.0113091
0.0113091
0.0113091
0.0113091
0.0113091
0.0079779
0.0079779
0.0079779
0.0079779
0.0079779
0.00786082
0.00786082
0.00765478
0.00793103
0.00793103
0.00793103
0.00793103
0.00793103
0.00755283
0.00755283
0.00755283
0.0102249
0.0102249
0.0102249
0.0102249
0.0102249
0.0102249
0.0102249
0.0102249
0.0102249
0.00855395
0.00829336
0.0110206
0.0110206
0.0110206
0.0110206
0.0110206
0.0110206
0.0110206
0.0110206
0.00814328
0.00753151
0.00819997
0.00819997
0.00819997
0.00819997
0.0116866
0.0116866
0.0116866
0.0116866
0.0116866
0.0116866
0.0116866
0.0116866
0.0116866
0.00774583
0.00774583
0.00774583
