0.0661651
0.0152067
0.0348032
0.0155332
0.0147076
0.0314441
0.0348032
0.0155332
0.0147076
0.0314441
0.0348032
0.0155332
0.0147076
0.0314441
0.0348032
0.0155332
0.0147076
0.0314441
0.0348032
0.0155332
0.0147076
0.0314441
0.0348032
0.0155332
0.0147076
0.0314441
0.0348032
0.0155332
0.0147076
0.0314441
0.0348032
0.0155332
0.0147076
0.0314441
0.0348032
0.0155332
0.0147076
0.0314441
0.0348032
0.0155332
0.0314441
0.0348032
0.00785394
0.00980899
0.0182556
0.13882
0.0182556
0.0142857
0.0164973
0.0160894
0.459146
0.135076
0.00758029
0.0648654
0.172601
0.0475386
0.99593
0.00749272
0.278678
0.0217434
0.0515649
0.161175
0.678705
0.0453838
0.999766
0.00749272
0.456678
0.0432425
0.0515649
0.22212
0.903841
0.0612568
0.999021
0.00749272
0.59869
0.0432425
0.0515649
0.22212
0.00818207
0.0063271
0.727868
0.0462489
0.999021
0.00749272
0.789535
0.00999571
0.0432425
0.0515649
0.192376
0.00758217
0.439219
0.0608218
0.901329
0.00749272
0.682147
0.0362887
0.0597649
0.0963759
0.349039
0.0315239
0.793308
0.518728
0.00758029
0.00895984
0.0323148
0.134317
0.0315239
0.566507
0.45365
0.0111493
0.00758029
0.00895984
0.0323148
0.132244
0.0315239
0.427607
0.207255
0.0220565
0.0157168
0.0593582
0.0158731
0.210604
0.219721
0.0220565
0.0442167
0.00989226
0.38591
0.0220565
0.0442167
0.00989226
0.38591
0.0220565
0.0442167
0.00989226
0.38591
0.0220565
0.0442167
0.00989226
0.38591
0.0220565
0.0442167
0.00989226
0.38591
0.0220565
0.0442167
0.00989226
0.38591
0.0220565
0.0442167
0.00989226
0.38591
0.0220565
0.0442167
0.00989226
0.38591
0.0220565
0.0442167
0.38591
0.0220565
0.0442167
0.372263
0.0111493
0.0442167
0.0197845
0.0107008
0.231362
0.0111493
0.0442167
0.0101865
0.150226
0.0155053
0.0191233
0.123488
0.049719
0.0532729
0.00962916
0.139556
0.0416357
0.00709701
0.0286356
0.0667104
0.00962916
0.00817573
0.0328053
0.877118
0
0.157106
0.00709701
0.217042
0.234199
0.00962916
0.0168409
0.338254
0.0964036
0.00867957
0.970095
0.0119072
0.0269275
0.206471
0.00709701
0.436079
0.255811
0.00962916
0.0350195
0.599632
0.0639131
0.00867957
0.865734
0.0269275
0.175808
0.00709701
0.606649
0.234509
0.00962916
0.0346262
0.549454
0.0480556
0.00867957
0.900078
0.0269275
0.133874
0.00709701
0.737327
0.12525
0.00962916
0.0257538
0.422036
0.0480556
0.00867957
0.853399
0.0269275
0.0926666
0.69653
0.114048
0.00962916
0.0257538
0.325732
0.0318107
0.0182185
0.767079
0.0269275
0.061711
0.653982
0.0696028
0.00962916
0.00866512
0.228168
0.0318107
0.00867957
0.612766
0.0269275
0.0199675
0.394931
0.0229183
0.00962916
0.00866512
0.0718337
0.0154091
0.00867957
0.490842
0.146113
0.0237748
0.0154091
0.319353
0.00805793
0.0154091
0.0102107
0.00805793
0.0154091
0.00805793
0.0154091
0.00672411
0.0154091
0.00944998
0.0100433
0.00944998
0.0100433
0.0084819
0.0961847
0.016774
0.0158975
0.0623301
0.0296895
0.016774
0.00853332
0.0375622
0.036816
0.016774
0.00853332
0.0375622
0.036816
0.016774
0.00853332
0.0375622
0.036816
0.016774
0.00853332
0.0375622
0.036816
0.016774
0.00853332
0.0375622
0.036816
0.016774
0.00853332
0.0375622
0.036816
0.016774
0.00853332
0.0255166
0.0435962
0.016774
0.00853332
0.0131098
0.0505797
0.016774
0.00853332
0.036816
0.016774
0.00853332
0.00765449
0.016774
0.0649191
0.0172086
0.0114404
0.0155602
0.335146
0.00872667
0.0372999
0.0150733
0.00845091
0.0204776
0.86994
0.0992064
0.00825079
0.0160607
0.049095
0.00845091
0
0.311273
0.0380006
1.00168
0.00894442
0.220524
0.00825079
0.0550004
0.0644232
0.00845091
0
0.469283
0.0895186
1.00156
0
0.00894442
0.377204
0.00825079
0.0550004
0.0959713
0.00845091
0.355833
0.0895186
0.973242
0
0.00894442
0.465158
0.0468088
0.0087019
0.049095
0.23017
0.0757354
0.918006
0.0121696
0.284899
0.00791056
0.0160978
0.00830424
0.0646066
0.127375
0.0625821
0.841056
0.014762
0
0.210114
0.00779872
0.0332511
0.00807395
0.106395
0.0250138
0.562415
0.014762
0.00822525
0
0.196111
0
0.00807395
0.0529887
0.0250138
0.419284
0.172692
0.0124987
0
0.0412131
0
0.339549
0.188277
0.0124987
0.020806
0.328577
0.0124987
0.020806
0.328577
0.0124987
0.020806
0.328577
0.0124987
0.020806
0.328577
0.0124987
0.020806
0.328577
0.0124987
0.020806
0.328577
0.0124987
0.020806
0.328577
0.0124987
0.020806
0.328577
0.0124987
0.020806
0.328577
0.0124987
0.020806
0.328577
0.0124987
0.020806
0.267142
0.0124987
0.020806
0.0130001
0.192129
0.092628
0.00891705
0.0540797
0.039512
0.010947
0.0265444
0.106586
0.023157
0.0482801
0.033502
0.126218
0.00883918
0.0110359
0.00975259
0.986569
0.0311362
0.00856476
0.00933877
0.00840782
0.143771
0.22131
0.253507
0.040561
0.426851
0.115417
0.00975259
0.991354
0.00915441
0.00797923
0.00705501
0.0120416
0.132722
0.550199
0.0128245
0.235985
0.0153696
0.0243921
0.0349578
0.782029
0.064849
0.00975259
0.875624
0.0272621
0.00915441
0.00797923
0.00705501
0.00922398
0.1436
0.750228
0.219715
0.0153696
0.0333493
0.0349578
0.732178
0.064849
0.0364349
0.00975259
0.90199
0.00675355
0.00915441
0.00797923
0.00705501
0.00922398
0.0157726
0.106656
0.950908
0.160082
0.0153696
0.0336274
0.0260825
0.55071
0.0540403
0.0364349
0.00975259
0.83836
0.00675355
0.0101152
0.00986271
0.00705501
0.00922398
0.0157726
0.0694153
0.980248
0.118719
0.0153696
0.0336274
0.0354862
0.022587
0.386243
0.0322946
0.0116958
0.00975259
0.778613
0.00675355
0.00696616
0.0101152
0.00938776
0.00705501
0.00813644
0.0123179
0.841066
0.0936017
0.015404
0.00865816
0.0106784
0.241346
0.0211346
0.0195213
0.688691
0.00675355
0.00696616
0.00787558
0.00813644
0
0.565163
0.026252
0.00865816
0.146355
0.0211346
0.00976869
0.481183
0.00675355
0
0.0586035
0.00871485
0.0211346
0.0829276
0.00827765
0.00970634
0.00970634
0.00657707
0.00657707
0.00657707
0.00849787
0.0104681
0.253493
0.0121619
0.0209039
0.0583352
0.0529844
0.0209039
0.0521104
0.0529844
0.0209039
0.0521104
0.0529844
0.0209039
0.0521104
0.0529844
0.0209039
0.0521104
0.0529844
0.0209039
0.0521104
0.0529844
0.0209039
0.0458758
0.0645423
0.0209039
0.0388366
0.0775919
0.0209039
0.0326947
0.088978
0.0209039
0.0132206
0.0376595
0.0209039
0.0117721
0.0209039
0.0154074
0.00903626
0.00941169
0.139653
0.0325737
0
0
0
0
0.0181027
0.00667573
0.66217
0
0.0109637
0.0115722
0.0300367
0.0531013
0
0.0219893
0.00914896
0
0.059697
0.0069604
0.0176037
0.0136015
0.137647
0.0336118
0.0172122
0.0181175
1.002
0.0312087
0
0.015968
0.00830531
0.019274
0.00675379
0.150035
0.0372545
0.00677309
0.079768
0
0
0.158494
0.0219054
0.0267253
0.0199051
0.0170937
0.326471
0.0537271
0.0159691
0.0181175
1.00932
0.0131114
0.0312796
0.0078298
0.0120113
0.0150782
0
0
0.0270371
0.0140718
0.263279
0.0186221
0
0.0239349
0.12408
0
0
0.00758074
0
0.034737
0.199435
0.0069604
0.0167064
0.0260183
0.0559665
0
0.468007
0.0467888
0.0518069
0.00941169
0.918054
0
0.0104657
0.0153857
0.0124853
0.0141558
0.00770552
0
0.0143832
0.0270371
0.0140718
0.435527
0.0186221
0.0114424
0.101848
0
0.00781139
0
0.0172308
0.179089
0.0147801
0.0167064
0.0137864
0.0199051
0.0179516
0.468583
0.0468158
0.0358378
0.00941169
0.757366
0.0128552
0
0.0104657
0.0078298
0
0.0141498
0.0316108
0.0140718
0
0.461871
0.0186221
0.00709161
0.0237859
0.0806968
0
0.00901791
0.0238998
0
0.0172308
0.137937
0.0143018
0
0.017809
0.372694
0.0476159
0.0358378
0.0179553
0.707074
0.00708361
0
0
0.00770552
0.0141941
0
0
0
0.436222
0.0186221
0.0119597
0.0462375
0
0
0.00797535
0.00850857
0.016315
0.173276
0.0146796
0.0271272
0.0172737
0.218928
0.0406962
0.0358378
0.0168597
0.584161
0.0141553
0
0
0.0123744
0.00770552
0.384141
0.0186221
0.0119597
0.0223656
0
0.00793886
0.016315
0.0400332
0
0.0406092
0
0.0172737
0.107102
0.0340205
0.0358378
0
0.268469
0.0141538
0
0.00770552
0.332726
0
0.0119597
0.010724
0.0167783
0
0.0400388
0.017825
0.0665888
0.0199117
0.0347776
0.00833008
0.18419
0.0158286
0.193571
0
0.0246224
0
0.00822589
0.0420461
0.0168255
0
0.122954
0.138796
0.0128116
0.22192
0.0128116
0.22192
0.0128116
0.22192
0.0128116
0.22192
0.0128116
0.22192
0.0128116
0.22192
0.0128116
0.22192
0.0128116
0.22192
0.0128116
0.22192
0.0128116
0.22192
0.0128116
0.0982513
0.0128116
0.0362302
0.00900417
0.0158316
0
0.0247518
0.0178907
0
0.0180968
0.0429298
0.0156435
0
0.00736669
0.0247518
0.0373184
0.0177643
0.0151377
0.0543942
0.0701143
0.0368364
0.0148302
0.0119708
0.0156435
0
0.0363722
0.0829034
0.0865655
0.0381999
0.0191906
0.013744
0.0361059
0.00825755
0.594203
0
0.0580943
0
0.0148302
0.00866449
0.00845854
0.0204678
0.0146502
0.0950776
0
0.175617
0.342116
0.0178403
0.037651
0.0543796
0.237247
0.0575129
1.00853
0.0563547
0.0127407
0
0.0171435
0.0141004
0.0287885
0
0
0.0177815
0.0287799
0.166872
0
0
0.388676
0.417147
0.0178403
0.035578
0.0689123
0.41791
0.0825667
0.0337205
1.00748
0.0280375
0.0297742
0.0127407
0
0.00847899
0
0.0141004
0.0436896
0.0162374
0.0177815
0.0210466
0.19061
0.00954433
0.537662
0.00728558
0
0.515396
0.0910016
0.067885
0.490427
0.0417993
0.0174179
0.863801
0.0123205
0.0365285
0.0569181
0
0.0150671
0.0160242
0
0.0155222
0.00764911
0.0263647
0.0209867
0.0962335
0
0.00954433
0.59479
0.00894215
0.307055
0.0185353
0.211845
0.0423806
0.451542
0.0505809
0
0.746203
0.0123205
0.0278127
0.0213193
0.0592307
0.0244333
0.00847899
0.0155222
0.0165288
0.035482
0.0210956
0.0350106
0.00954433
0.565614
0.0086451
0.257321
0
0.125588
0.0558935
0.343962
0.0247155
0.00664597
0.654751
0.0277602
0
0.0289488
0.0128101
0.0155222
0
0.0265187
0.0280309
0.050286
0.00868261
0.509695
0.0086451
0.188775
0.0709884
0.0562764
0.0183948
0.254588
0.0154194
0.0175721
0.544689
0.0118508
0.0405621
0.00666476
0.0307505
0.0128101
0.0155222
0.00858312
0.00645336
0.0488223
0.00868261
0.260439
0.103103
0.0368574
0.0272322
0.0362163
0.0154194
0.333503
0.0118508
0.0136153
0.0435597
0.0155222
0.0125946
0.00868261
0.0898627
0.0318965
0.0184788
0.0140586
0.052637
0.216075
0.00708879
0.0184993
0.0176859
0.105142
0.0268509
0.0906627
0.0208127
0.0188502
0.0786026
0.0305223
0.0188502
0.0786026
0.0305223
0.0188502
0.0786026
0.0305223
0.0188502
0.0651394
0.0413616
0.0188502
0.0651394
0.0413616
0.0188502
0.0651394
0.0413616
0.0188502
0.0517167
0.0521683
0.0188502
0.0259761
0.0728923
0.0188502
0.0122671
0.0319588
0.00987629
0.0142972
0.113643
0
0.0138484
0.00784038
0.0110132
0.00858665
0.438317
0.00916726
0.112538
0.00784038
0.0212069
0.0420716
0.0110054
0.00744145
0.0687509
0.0380555
0.994361
0
0.0084828
0
0.255362
0.00784038
0.0212069
0.0498509
0
0.0220045
0.00747153
0.400405
0.0505003
0.0185964
0.996198
0.0146609
0
0.377438
0.00784038
0.00846486
0.0606907
0
0.0749465
0
0.0110054
0.00732283
0.560195
0.0376601
0.0187836
0.0128681
0.977585
0
0.0146609
0.518495
0.00784038
0.0606907
0
0.058007
0
0.00732283
0.0068053
0.513043
0.0376601
0.00937288
0.0128681
0.977585
0
0.00751182
0.708103
0.00784038
0.0611108
0
0.0498507
0
0.0145577
0.0067779
0.357141
0.0255702
0.0128681
0.91787
0.00751182
0.729945
0.0214257
0.00858665
0
0.00658975
0.167492
0.0255702
0.0260238
0.725059
0.431866
0
0.00663642
0.122659
0.0133947
0.393308
0.00673019
0.390561
0.0164755
0.0694979
0.382915
0.295964
0.00663642
0.0300023
0.33047
0.167179
0.223484
0.223484
0.223484
0.223484
0.223484
0.223484
0.223484
0.223484
0.223484
0.223484
0.0670965
0.0132794
0.0283323
0.00647456
0.0986558
0.0594651
0.0260318
0.0691693
0.00920333
0.0360915
0.00647456
0.0573134
0.996357
0.00702876
0
0.01407
0.00867167
0.00663506
0.110736
0.239244
0.142049
0.00863538
0.0239984
0.408915
0.0901501
0.0253746
0
0.992
0.00788458
0
0.014531
0.00663506
0.145159
0.516735
0.123191
0.00863538
0.0238271
0.0224896
0.00784468
0.703327
0.0668473
0.0122657
0
0.698024
0.0210758
0.00788458
0.00902181
0
0.0072515
0.014531
0.00663506
0.145747
0.699684
0.103091
0.00863538
0.0238271
0.0229347
0.00784468
0.67792
0.0365806
0.0122657
0
0.715134
0.0210758
0.00788458
0.0072515
0.0682198
0.910823
0.0943836
0.00863538
0.0356393
0.0080559
0.53718
0.0365806
0.0140472
0.00988077
0.67426
0.00976631
0.00788458
0.0072515
0.0146957
0.0340921
0.83438
0.0662615
0.00863538
0.0114571
0.0084062
0.453339
0.0365806
0
0.565337
0.00976631
0.0161198
0.00890137
0.025476
0.752897
0.027806
0.00823601
0.0239923
0.020654
0.223249
0.00761448
0.010253
0.523899
0.00976631
0.0161198
0.0172812
0.392385
0.00881129
0.0114571
0
0.00754209
0.0905442
0.00761448
0.0121305
0.00985718
0.446253
0.0161198
0.067001
0.00725918
0.0417896
0.0126032
0.35312
0.151525
0.116845
0.122567
0.122567
0.122567
0.122567
0.122567
0.122567
0.122567
0.122567
0.122567
0.0574962
0.00820178
0.012046
0.0187441
0.0226266
0.0208603
0.00820178
0.012046
0.0359593
0.298247
0.00951894
0.0219773
0.012046
0.00892966
0.0699391
0.0760058
0.00653533
0.789594
0.0791848
0.0363463
0.00792086
0.0645643
0.012046
0.0167099
0.0699391
0.274676
0.0130593
0.909388
0.0859062
0.0187095
0.101105
0.0152782
0.111494
0.0167099
0.168187
0.305465
0.0192962
0.997043
0.0859062
0.0187095
0.00723467
0.273521
0.0552781
0.013975
0.0683058
0.0167099
0.152069
0.306073
0.0192962
0.821332
0.0941576
0.0187095
0.00723467
0.32967
0.0420344
0.0334723
0.00892966
0.0822289
0.298103
0.0127723
0.658676
0.0941576
0.0187095
0.0141842
0.160747
0.0267561
0.0114594
0.00892966
0.0650176
0.28951
0.00653533
0.473822
0.102554
0.00751204
0.103506
0.0267561
0.143366
0.00653533
0.36151
0.127211
0.00751204
0.0267561
0.00653533
0.301992
0.15418
0.051295
0.194695
0.0429433
0.0816215
0.0399247
0.00776711
0.167087
0.00776711
0.167087
0.00776711
0.167087
0.00776711
0.167087
0.00776711
0.167087
0.00776711
0.167087
0.00776711
0.167087
0.00776711
0.167087
0.00776711
0.167087
0.0128071
0.250867
0.23995
0.0637088
0.00753599
0.0114743
0.326664
0.0172537
0.255331
0.0085626
0.205567
0.0169588
0.0123423
0.0222962
0.0426724
0
0.371715
0.243407
0.00832485
0.255331
0.0085626
0.755834
0.112742
0.0135857
0.0123423
0.0859019
0.0705669
0.0325658
0
0.484897
0.451849
0.0249836
0.024995
0.323762
0.0424279
0.0144339
0.988967
0.0127002
0.0422588
0.0280063
0.0123423
0.0642513
0.296316
0.108348
0
0.628578
0.507915
0.0319828
0.024995
0.547795
0.0515203
0.0144339
1.00141
0.0493067
0.0504707
0.0135593
0.355963
0.16374
0.81698
0.469071
0.0234772
0.024995
0.518484
0.0584722
0.0130379
1.00089
0.0493067
0.0503124
0.0063694
0.387029
0.0685628
1.00333
0.299756
0.0157478
0.024995
0.348609
0.0504936
0.0130379
0.780724
0.0493067
0.0341749
0.0132364
0.246084
0.013422
1.00073
0.18584
0.16962
0.0504936
0.0130379
0.691698
0.0612051
0.0250201
0.00684516
0.234884
0.0143757
0.70465
0.109065
0.00768575
0.114695
0.0422023
0.0130379
0.577889
0.0612051
0.0168912
0.00733261
0.00123715
0.0718381
0.019221
0.0730803
0.0258105
0.0130379
0.426397
0.100577
0.00972821
0.0398388
0.0596303
0.019221
0.0148539
0.00791389
0.15534
0.0493067
0.00972821
0.019221
0.0130722
