0
0.0102963
0.0090123
0.0361982
0.0167268
0
0.0069875
0.0235025
0.0153281
0.0575105
0.175606
0
0.0102963
0.0280553
0.018417
0.00838973
0.0274007
0.0143876
0.0167268
0.0109275
0.0069875
0.0548928
0.0121562
0.00784266
0.0153281
0.0144242
0.359688
0.0196681
0.0137028
0.018038
0.00705234
0
0.0190027
0.0287708
0.0167268
0.0109275
0.013881
0.125477
0
0.0295821
0.0777992
0.0145267
0.0144242
0.998958
0.0196681
0.0137028
0.018038
0.00705234
0
0.0190027
0.0287708
0.0167268
0.0224318
0.0069875
0.114233
0
0.0295821
0.0777992
0.0140691
0.0144242
0.427014
0.0102963
0.0137028
0.018038
0.00705234
0.0151562
0.00945699
0.0502282
0.0190027
0.00772221
0.0287708
0
0.0380817
0.0116106
0.0069875
0.0449938
0.00785158
0
0.00784266
0.0940477
0.0140691
0.0144242
0.121548
0.0303221
0.0273003
0.00705234
0.182434
0.0190027
0.0436124
0.00753945
0.0244339
0.0116106
0.0069875
0.0449938
0
0.0073308
0.0126949
0.106211
0.0145403
0.0144242
0.09218
0.0303221
0.0273003
0.00705234
0
0.725217
0.00802682
0.0511424
0.0177115
0.0080894
0.0318908
0.013881
0.0235051
0
0.0073308
0.137357
0.00721978
0.0280376
0.0741595
0.0303221
0.0137542
0.018038
0.00705234
0.988357
0
0.0436124
0.0344382
0.0080894
0.0320306
0.0208391
0.0235051
0.0122746
0
0.137357
0.0280376
0.0741595
0.0200773
0.0278456
0.66275
0
0.0293854
0.0320306
0.013881
0.0235051
0.0122746
0.0765747
0.0280376
0.0556335
0.00978094
0.00814444
0.178183
0
0.0141219
0.0203448
0.0117339
0.0939662
0.00696063
0.029988
0.0323032
0.0323032
0.0744206
0.0128268
0.120928
0.00676949
0.00676949
0.00676949
0.0869838
0.0146016
