0.0796954
0.0150973
0.0609557
0.0119643
0.0125844
0.188691
0.0596971
0.0366693
0.0108517
0.0119643
0.0125844
0.199408
0.0596971
0.0366693
0.0108517
0.0119643
0.0125844
0.199408
0.0596971
0.0366693
0.0108517
0.0119643
0.0125844
0.199408
0.0596971
0.0366693
0.0108517
0.0234128
0.199408
0.0596971
0.0366693
0.0108517
0.0234128
0.199408
0.0596971
0.0108517
0.0507174
0.0934885
0.00746043
0.040014
0.0155301
0.00746043
0.0123513
0.0115347
0.00751574
0
0
0
0.229769
0.0321921
0.0326731
0.475446
0.00824316
0
0.00683054
0.0123513
0
0.00815936
0.0115347
0
0.00678269
0.013149
0.229769
0.00916967
0.0241637
0.114613
0.0326731
1.0004
0
0.0103098
0.010161
0
0
0
0.0431593
0.0241637
0.187661
0.0326731
0.778341
0.0145296
0
0.00866364
0.0376736
0.0410185
0.338357
0
0
0.00928716
0.0385387
0.0707275
0.00928716
0
0.00928716
0
0.0135611
0.100615
0
0.0135611
0.347406
0
0.0135611
0.817704
0
0.0135611
1.00035
0
0.672272
0.204542
0.0603688
0.0228229
0.203051
0.00709851
0.0484495
0.0112935
0
0.00781042
0.00819097
0.216452
0.0142361
0.0635948
0.0135027
0.0483273
0.00854126
0.232798
0.171613
0.0151364
0
0.00781042
0.00819097
0.202567
0.0816575
0.0142361
0.00757109
0.0135027
0.0483273
0.00854126
0.255447
0.171613
0.0151364
0
0.00729426
0.00781042
0.0486823
0.202567
0.0237919
0.0142361
0.00757109
0.0135027
0.0281818
0.02318
0.00854126
0.268088
0.171613
0
0.0486823
0.202567
0.0237919
0.0142361
0.00757109
0.0281818
0.23271
0.307391
0
0.0486823
0.202567
0.0117874
0.0142361
0.00757109
0.0106956
0.0208038
0.17478
0.383527
0.0138792
0
0.0326299
0.0243504
0.0376581
0.0117874
0.0148511
0.00757109
0.0106956
0.00693049
0.0497204
0.665962
0.0138792
0
0.00675546
0.0118913
0.104924
0
0
0.0291452
0.0993092
0.0343451
0.0501614
0.0114192
0.0112009
0
0.0375009
0
0.648766
0.0993092
0.0343451
0.0501614
0.0138579
0.0207428
0.102845
0.0143137
0.0470924
0.276704
0
1.01163
0.0294465
0.0144802
0.0105531
0.00962533
0.0343451
0.0256401
0
0.0115689
0.0138579
0
0.0763836
0.0113481
0.102845
0.0143137
0.0128748
0.0573453
0.188248
0
1
0.00795358
0
0.00696977
0.0255771
0.0482109
0.0138579
0.0108617
0.0836295
0.0558143
0.00725561
0.0128748
0.0379082
0.125501
0.0105131
0.293532
0.00795358
0.00824831
0.0149999
0.00709538
0.0898853
0.00755697
0.0558143
0.00725561
0.0469836
0.0128748
0.0477989
0.0243962
0
0.17687
0.00795358
0.00709538
0.0970202
0.041108
0.00725561
0.0128748
0.0288087
0.125286
0.00795358
0.0145601
0.00709538
0.0970202
0.041108
0.0128748
0.0470221
0.0942664
0.00795358
0.0145601
0.00709538
0.132398
0.0272445
0.0128748
0.0384844
0.0942664
0.00795358
0.0103314
0.138962
0.0272445
0.0128748
0.0384844
0.0942664
0.00795358
0.0103314
0.00703847
0.430232
0.0272445
0.0137487
0.0292807
0.0942664
0.00795358
0.0103314
0.00703847
0.708106
0.0128421
0.0292807
0.077925
0.00795358
0.385027
0.0279567
0
0.0323338
0.099204
