0.115937
0.0115799
0.0142386
0.0133829
0.0324325
0.0143559
0.132354
0.00987869
0.0982835
0.00893682
0.00905367
0
0.748799
0.0561521
0.0420367
0.00779351
0.0107215
0.328478
0.267013
0.326053
0
0.0121046
1.01771
0.047774
0.0170823
0.0766741
0.0276807
0.00779351
0.0288976
0.318837
0.0125976
0.270636
0.631529
0.0139742
0
0.613754
0.047774
0.00907418
0.0754273
0.0276807
0.00779351
0.102976
0.301452
0.0125976
0.193473
0.823686
0
0.236563
0.0354827
0.00919921
0.185975
0.0137724
0.010189
0.0513642
0.229631
0.0233188
0.259511
0
0.0337347
0.0188605
0.00919921
0.0469453
0.0137724
0.0431987
0.0499322
0.0106133
0.0313459
0.0137724
0
0.0340363
