0.0133254
0.0153004
0.0153004
0.0153004
0.0153004
0.0153004
0.0153004
0.0153004
0.0153004
0.0155933
0.309073
0.432116
0.0310153
0.518511
0.0089884
0.0354358
0
0.0137494
0.0827071
0.0100729
0.0156239
0.755174
0.0928869
0
0.0137494
0.00767155
0.0852413
0.0101328
0.166837
0.0077798
0.831691
0.0928869
0.0169741
0.0137494
0.101221
0.0101328
0.427309
0.0160165
0.551234
0.150635
0.0169741
0.0137494
0.149422
0.0101328
0.0150781
0.492353
0.0575536
0.371384
0.00659195
0.356841
0.00685445
0.0809706
0.292501
0.0218355
0.0902964
0.251302
0.00659195
0.442992
0.0327695
0.200181
0.0218355
0.0902964
0.251302
0.00650141
0.00659195
0.146816
0.115378
0.0113661
0.0984229
0.131893
0.00650141
0.00659195
0.0068624
0.0103802
0.0991892
0.106344
0.115572
0.00650141
0.00659195
0.044505
0.0991892
0.106344
0.115572
0.0148019
0.272948
0.154288
0.0165318
0.0293882
0.105068
0.0901489
0.0293882
0.0186082
0.0518984
0.0293882
0.0186082
0.0518984
0.0225258
0.0186082
0.0597368
0.0225258
0.0186082
0.00913463
0.0225258
0.0186082
0.0225258
0.0186082
0.0530443
0.0186082
0.0175788
0.0263083
0.00852676
0.0166908
0.0292187
0.438415
0.681822
0.609403
0.0195614
0.0135636
0.00709882
0.0108341
0.460562
0.00681016
0.0195614
0.0101313
0.00918898
0
0
0.00788772
0.0112853
0.00829233
0.0076968
0.0165383
0
0.00709882
0.0173402
0.00798213
0.0108341
0.566428
0.0504393
0.00681016
0.0127582
0.0195614
0.0307814
0.00896729
0.0959195
0.0317452
0.0167806
0.0852312
0.103101
0.0208745
0.0076968
0.0338078
0
0.0103034
0.010269
0.0513988
0.48191
0.0174349
0.00681016
0.0250682
0.0307814
0.00896729
0.00990415
0.0959195
0.0317452
0.00878836
0.0167806
0.0729816
0.1106
0.0208745
0.0153991
0.0338078
0
0.0448336
0.0693892
0.0112443
0.366464
0.0174349
0.00681016
0.0250682
0.015974
0.007607
0.0959195
0.011283
0.00878836
0.0858829
0.110349
0.146922
0.00996628
0.039011
0.0338078
0
0.00801525
0.109875
0.0865668
0.0105371
0.199551
0.0174349
0.00681016
0.0250682
0.015974
0.0142299
0.0964698
0.00792907
0.00924911
0.0858829
0.0856356
0.277012
0.047246
0.0338078
0.0110521
0.0950458
0.0513988
0
0.0917316
0.0422525
0.00681016
0.0372455
0
0.0196299
0.0142299
0.0071259
0.0458118
0.0705132
0.0363517
0.278381
0.0404623
0.0338078
0.00926252
0.0110521
0.0790428
0.034609
0
0.0660169
0.0341538
0
0.0118957
0.00939621
0.0174653
0.0360622
0.094753
0.0165468
0.0241004
0.0172695
0
0.0110521
0.0392609
0
0.049434
0.0341738
