0.976254
0.0697654
0.881111
0.00283481
0.0326151
1
0.926743
0.819479
0.0113642
0
0.0490421
0.0116087
0
0.0462404
0.249641
0.981155
0.0224556
0.0139546
0.00561803
0.0944228
0.991205
0.192118
0.00561803
0.0058478
0.0085728
0.00561803
0.00506485
0.00561803
0.00531866
0.0220053
0.0679135
0.00597302
0.0247149
0.0175877
0.313492
0.732112
0.988714
0.181705
0.0056763
0.0139909
0.135631
0.251259
0.00282093
0.014482
0.0340018
0.13589
0.0240773
0.00589642
0.0564111
0.050952
0.804329
1
0.336686
0.0440129
0.766538
0.00545566
0.0322528
0.0648754
0
0
0.00590015
0.179213
1
0.675366
0.954453
0.89925
0.00300258
0
0.00287606
0.0769993
0.871312
0
0
0.0528067
0.370397
0
0.314445
0.0116174
0
0.0612592
0.00886376
0.00877691
0.172481
0.00289933
0.0106647
0.00744052
0.092443
1.00761
0.00267472
0.00885798
0.0156861
0.0513303
0.0346024
0.00545735
0.0103339
0.00533484
0.00255384
0.00279261
0.00277134
0.00361479
0
0.0145563
0.00282473
0
0
0.0130138
0
0.973605
0.0403435
0.0392507
0.00286276
0.00255384
0.0432046
0.0029428
0.0438567
0.00451088
0.170992
0.00269789
0.00257131
0.0076584
0.959467
0.921712
0.0242862
0.0030585
0.00417068
0.00601102
0.00293174
0.00285137
0.0030585
0.0112253
0.00305336
0.00382313
0.00540228
0
0
0.0181341
0.0239204
0.00767772
0.0774648
0.00567838
0
0.00307699
0.0106896
0.0413644
0.0517294
0.0350448
0.395431
1.01185
0.00253462
0.00253462
0.00254317
0.020005
0.120419
1.0941
1
0.00287096
0.00859893
0.00300183
0.0144362
0.00592218
0.00829465
0.00275571
0.00310367
0.00275571
0.00276146
0.157882
0.00285793
0.114895
0.00899911
0
0.00567509
0.00305163
0.160778
0.458872
1
0.781046
0.0095986
0.00792294
0.00792294
0.00797303
0
0
0.0117595
0.211778
0.522633
0.0117141
0.00532787
0.0085267
0.0203967
0
0.00620195
0.00816815
0.0294257
0.00277564
0.00413357
0.00271583
0
0
0.0591851
0.190374
0.00275541
0.0125388
0
0.0059528
0.0779721
0.00391908
0.734473
0.0115703
0.988256
1.00292
0.158042
0
0.254761
0
0
0.0817931
0
0.0229407
0.00575248
0.17713
0.469577
0
0.00278607
0.00831403
0.0119211
0.00307245
0
0.00251401
0.00278607
0.00278281
0.00278607
0.00279635
0.0119997
0.00557872
0.0816059
0.00561166
0.171691
0
0.0253698
0.002915
0.00294381
0.00557872
0.0817591
0.00394277
0.895306
0.00591963
1
0.743675
0.00567564
0
0
0
0.00314279
0
0
0.00266863
0
0
0
0.0987581
0.439318
0.00293366
0
0
0.00599216
0
0
0.0147834
0.0056194
0.0299742
0.101929
0
0
0.0128929
0
0.00300463
0.0056194
0.0056194
0.00278347
0.00348135
1
0.994251
0
0.0626069
0.840083
0.987348
0
0.00302847
0.0144737
0.00302847
0.0274993
0.0118808
0
0
0.00832361
0.00575372
0
0
0.002915
0
0.0251748
0.0533578
0
0.932701
0.00308645
0.0175543
0
0.00302847
0.00299299
0.00303245
0
0.00589079
0.00761223
0.00300463
0
0
0.0163866
0.0302245
0
0.00591963
0
0.0028282
0.965228
0.0177589
0
0
0
0
0.00302847
0
0
0
0.0030609
0
0
0
0
0
0
0
0
0
0
0
0.00267472
0.0108603
0.0095213
0
0.00570319
0.320385
0.00259793
0.00259793
0.0324709
0.480169
0.00302427
1
0.670371
0
0
1.00229
0
0.962722
0.900174
0.161606
0.934884
0.22385
0.0566566
0.00255991
0.0823127
0.229011
0.310541
0.336402
0.0620092
0.0362772
0.887579
0.178538
0.0363392
0.0147652
0.176283
0.11823
1
0.157609
0.00992478
0.0137706
0.118658
0.028401
0.489412
0.121209
0.0195984
0.0028133
0.121295
0.0714671
0.992856
0.0773218
1
0.00662766
0.186925
0.75039
0.158165
0.187063
0.162632
1
0.982128
0.88684
0.61514
0.854567
0.0897651
0.712396
0.105187
0.0869515
0.009646
0.10239
0.620932
1
0.568644
1
0.660948
0.0153791
0.115557
0.00145746
0.282437
0.0356994
0.0145145
0.0204053
0.401936
0.00602124
0.00579991
0.0842425
