0.181089
0.885825
0.00267557
0.00607655
0.112725
0.00289126
0.00267341
0.0135498
0.0214892
0.0779037
0.00271385
0.0147503
0.00271385
0.0084544
0.00264193
0.00963527
0.00350373
0.00936914
0.00283954
0.0155955
0.00535287
0.00612597
0.00530918
0.00270897
0.00253381
0.0058438
0.0112894
0.237873
0.078314
1
0.683417
0.00274313
0.00278903
0.00273133
0.00266906
0.0179147
0.00266906
0.00272377
0.00259938
0.0756642
0.0560098
0
0.0085703
0.00517837
0.00253381
0.00266738
0.00525757
0.00525279
0.0190855
0.00520577
0.00279512
0.00266738
0.00256934
0.00253381
0.00266738
0.00292625
0.00836257
0.103173
0.0534358
0.983718
1
0.985912
0.00822318
0.0164515
0.110566
0.987139
0
0.00269098
0
0.0119326
0.00278859
0.00266906
0
0.0110965
0.00280714
0
0.00844603
0.00524248
0.00268643
0.00353362
0.024659
0.00721191
0.0291068
0.0138859
0.00291227
0.0257021
0.00930624
0.00517389
0.00249073
0.0911923
0.0130832
0.00445749
0.530683
0.00263125
0.00248166
0.0128334
0.00535138
0.0223543
0.621981
0.0513497
1.00252
0.972728
0.981683
1.01516
0.00432525
0.00712374
0.08184
0.00284842
0
0.032178
1
1.00075
0.0110628
0.00291477
0.0237814
0.00271385
0.00963527
0.00338657
0.00512021
0.00835283
0.0220018
0.0188082
0.0231427
0.00247353
0.0026532
0.00746468
0.0208821
0.00522782
0.00248166
0.00248166
0.0378575
0.170317
0.00251901
0.0923129
0.00248166
0.0052794
0.00532706
0.027743
0.587712
0.0677003
1
0.156662
1.01656
0.9603
0.0034646
0.00269353
0.00254071
0.00291298
0.00271282
0.893319
0.31689
0
0.00632204
0.0269711
0
0.0220833
0.0159411
0.00231115
0.0417579
0.146607
0.00804131
0.00832444
0.00660923
0.00519537
0.00668509
0.0254088
0.49949
0.0958437
0.984124
0.00428474
0.00257084
0.010174
0.00250153
0.00846923
0.00275487
0.294192
0.142303
0.0037088
0.0179523
0.0309915
0
0.00253381
0
0.0298022
0.003221
0
0.0617054
0.00253381
0
0
0.00247353
0
0.0666824
0.00263251
0.00324437
0.0132494
0.00247353
0.00295704
0.0105476
0.156008
0
0
0
0.00264065
0.0033285
0
0.131873
0.97456
0.00271385
0.00673272
0
0.00772562
0
0.00270512
0.00633452
0.0131518
0.00849392
0.00422301
0.00844603
0.00260923
0
0.00270281
0
0.035333
0.00426759
0
0.00270281
0
0.00261318
0.0126269
0.00924716
0.00288775
0.00243812
0.00250153
0.173039
0.976814
0.00250153
0.00266906
0.0206493
0.0156461
0.00250153
0.0114388
0.0328679
0
0.0370476
0.00770221
0.00900935
0
0.00774065
0.0026379
0.00341424
0.0587988
0.0207699
0.002531
0.00270281
0.00466378
0.00283058
0.0772757
0.0189411
0.125262
0.00257388
0.002531
0.0137041
0.00281761
0.01698
0.00246134
0.0345774
0.00683901
0.989335
0.0732938
0.980648
1.00598
0.0441557
0.0372513
1
1
0
0
0.0188552
0.0108321
0
0.00284149
0.00866144
0
0.0150648
0.426039
0.0592533
0.00454098
0
0.00557184
0
0
0.00800714
0.0790007
1
0.890308
0.0357041
0.00249812
0.0044097
0.00249883
0.00249953
0.00251157
0
0
0
0.00569969
0.00371535
0.00255638
0.00992183
0.0173314
0.00279955
0.0083845
0
0.090417
0.00448052
0.00870025
0.113561
0.00760403
1
0.996893
0
1
1
0.112733
0.00249953
0.00249812
0.00253737
0.00249883
0.00283936
0.00272323
0.00272323
0.00272323
0.00272065
0.00272323
0.00280313
0.00272323
0.00851175
0.00277153
0.00289403
0.0479161
0.0265353
0
0.00774143
0.0318169
0.00590862
0.00263581
0.0270968
0.011748
0.0114409
0.497013
0.0343722
1
1.01565
0
0.00590862
1.01723
0.88565
0.00254896
0.00244675
0.00258296
0.00275103
0.058268
0.0103434
0.0302482
0.0447099
1.01227
0.00263581
0.0730629
0.0031127
0.0494576
0.0422234
0.00306822
0.00676619
0.00302145
0.0029909
0.00261422
0.00263581
0.00277865
0.0610376
0.00751934
0.00287096
0.0117605
0.00301328
0.0148025
0.00248742
0.00258046
0
0.00543744
0.0173244
0.101344
0.0267017
0.787425
1
1
1.00582
0.0026095
0.00442278
0.00304561
0
0.00275408
0
0.00272323
0.00258842
0.00257887
0.00655339
0.00017605
0.00043222
0.00845568
0.126355
1.31939
0.995775
0.00272735
0.00851311
0.00829125
0.00972718
0.00715695
0.00311467
0.00879103
0.00286052
0.00296922
0
0.00278171
0.00848451
0.00297548
0.146657
0.00798927
0.00695428
0.355721
0.0086364
0.00362832
0.0109832
0.00257589
0.00278171
0.00278171
0.0026078
0.0156311
0.00598127
0.454548
0.0244755
0.989801
0.0119216
0.00504298
0.841728
1
1.00645
0.0962603
0.0134734
0.00286197
0
0.00298025
0.0137035
0.00257887
0.0073813
0.0953871
0.00246825
0.00427338
0.00267492
0.00522119
1.01355
0.990011
0.0560681
0.00864725
0.00686692
0.0027031
0.00288857
0.00829247
0.0055417
0.00263195
0.0663256
0.00297729
0
0.221471
0.00280101
0.0149847
0.0198443
0.0024359
0.0122902
0.00253612
0.00290347
0.0205046
0.621051
0.00408936
0.993275
0.00256275
0.0398591
0.990252
0.00519616
0.00397559
0.00300881
0.0052197
0.00262861
0.00246709
0.00296893
0.00257887
0.00261995
0.00777013
0.00257887
0.0527323
0.0163987
0.00254896
0.00646598
0.911519
0.365666
0.00263524
0.0601783
0.00286052
0.00263581
0.00396478
0.10139
0
0.0027076
0.0055467
0.174945
0.00281956
0.003868
0.0199811
0.0573597
0.00256275
0.0027076
0.00767095
0.00905515
0.431425
0.00287341
0.0029909
0
0.00298396
0
0.00307406
0.0111898
0.00536679
0.0282665
0.0551099
0.0145062
0.014937
0.00296255
0.0167034
0.00287341
0.0372553
0.00264985
0
0.00287341
0.00312475
0.00974791
0.00572063
0.0334409
0.00307128
0.00250456
0.00287096
0.00294811
0.00256327
0.0180846
0.00262596
0.00256341
0.0024795
0.0100827
0.420238
1
0.0029909
0.00640908
0.0141899
0.00560794
0.0055679
0.00358908
0.0498592
0.00255639
0.0388967
0.00417297
0.00853317
0.0216836
0.0028773
0.00301097
0
0.0348593
0.0141911
0.00293948
0.0029909
0.0027076
0.00813484
0
0.0025695
0.0262261
0.991225
0.00286052
0.00866118
0.0330403
0.0027892
0.00408646
0.00354321
0.0200946
0.00248949
0.045963
0.00292576
0.00262934
0.00248949
0.0027076
0.00680901
0.0169407
0.123691
0.00350369
0.0027708
0.00248949
0.00286255
0.00291663
0.00953507
0.0447864
0.336963
0.00300462
0.00782876
0.00257001
0.0252096
0.0141427
0.00252041
0.0126058
0.0223438
0.00624135
0.00257061
0.00248051
0.0027076
0
0
0
0
0
0.019176
0.0785249
0.00252116
0.0109276
0.00538371
0.00294973
0.679282
0.00286332
0.00258758
0.00296335
