0.060606
0.060606
0.060606
0.060606
0.0396294
0.00265431
0.00957962
0.00574915
0.0900774
0.00726246
0.0170767
0.00957962
0.00688316
0.112246
0.0859539
0.0355286
0.0287137
0.00178612
0.0228793
0.00640757
0.00928101
0.00677508
0.140739
0.248531
0.0372342
0.011891
0.00171243
0.0606707
0.0233807
0.00564179
0.0154422
0.0458995
0.0918745
0.0489648
0.00865896
0.00231803
0.0606707
0.0116942
0.00541634
0.00764576
0.0171991
0.0487109
0.0734521
0.0609378
0.00865896
0.00169528
0.00433538
0.0679681
0.00294565
0.00608616
0.00183713
0
0
0.00316485
0.0456423
0.00451462
0.0335519
0.0609378
0.0140745
0.0609378
0.0609378
0.211933
0.211933
0.211933
0.561065
0.159955
0.0371576
0.00175511
0.00776411
0.00279207
0.00315988
0.0832456
0.00354534
0.00536942
0.0274089
0.00711327
0.00823852
0.00298227
0.0246313
0.00962687
0.00203002
0.00279207
0
0.0336363
0.00495986
0.328469
0.00536942
0.00196159
0.0274089
0.00376437
0.0117848
0.00298227
0.0246313
0.00976784
0.00203002
0
0.0621011
0.00315988
0.264674
0.00179498
0.00536942
0.00196159
0.0274089
0.00573387
0.0117848
0.00298227
0.0246313
0.00976784
0.00203002
0
0.0621011
0.00315988
0.260224
0.00179498
0.00352545
0.00386453
0.0305894
0.00200926
0.0027752
0.0158892
0.0217721
0.00802981
0.00203002
0.00447102
0
0.0621011
0.00192724
0.260224
0.0121285
0.00539731
0.0269603
0.0027752
0.00914017
0.0123348
0.00606534
0.00302941
0.0186112
0.00371093
0.156416
0.0121285
0.00321647
0.0027752
0.00674079
0.00393001
0.0121285
0.00321647
0.00217165
0.0121285
