0.431622
0.431622
0.431622
0.431622
0.0212601
0.2902
0.00784789
0.0111534
0.062899
0.00819799
0.0337624
0.169857
0.00385194
0.0121627
0.0308624
0.0428309
0.00534236
0.00402994
0.329249
0.0361857
0.0217293
0
0
0.114868
0
0
0.011385
0.0406098
0.00950238
0.066145
0.00562658
0.00715921
0.0121627
0.00776964
0.138573
0.135107
0.00557055
0.0120772
0.784884
0.0215786
0.0120856
0.0162847
0.00427508
0.00819995
0.130536
0.00830365
0.00368787
0.00817665
0.0242524
0
0.0775834
0.0250211
0.00389781
0.368716
0.118964
0.0113025
0.00391943
0.967056
0.0343663
0.00394779
0.0162847
0.00427508
0.00369458
0.103748
0.00902959
0.00368787
0.0139929
0.00384976
0.0241751
0.106027
0.00766742
0.0130038
0.00389781
0.573677
0.0692862
0.0222687
0.0076833
0.357289
0.0425113
0
0.0116458
0.0879729
0.0139929
0.00418632
0.00950478
0.0773181
0.00366751
0.55388
0.025322
0.26368
0.00576125
0.0470086
0
0.0102046
0.00573293
0.118477
0.00668512
0.0295824
0.385883
0.025322
0.203341
0.0470086
0.0830869
0.0191375
0.00503503
0.0470086
0.00503503
0.0470086
0.0231032
0.392149
0.392149
0.536615
0.7673
0.00931881
0
0.00400391
0.00987608
0.336294
0.00421122
0.0183852
0.00381567
0
0.00726272
0
0.11375
0.00971407
0.0116342
0.0774799
0.00551444
0.0211311
0.00456859
0.00523313
0.00465264
0.00548772
0.0382072
0.0270771
0.179134
0.0687638
0.00371453
0.0119781
0.00387248
0.0127655
0.024424
0.121995
0.0116342
0.374067
0.0158226
0.0056726
0.0203657
0.00367989
0.00966889
0.00523313
0.00995269
0.00548772
0.0252482
0.011944
0.00412459
0.32685
0.00438729
0.0626533
0.0165325
0.00813382
0.0224304
0.011765
0.0923978
0.140754
0.0125602
0.466069
0.0341705
0.0056726
0.0165731
0.00367989
0
0.0142055
0.00523313
0.00995269
0.00406186
0.00548772
0.0190398
0.0239265
0
0.00412459
0.298188
0.00438729
0.0624678
0.0165325
0.00800183
0.011153
0.011765
0.14156
0.100743
0.00893759
0.0125602
0.304321
0.028656
0.0115808
0.00438474
0.00367989
0
0.005385
0.0105912
0.0190398
0.0357798
0.00412459
0.218194
0.00438729
0.0588709
0.00424291
0.00409389
0.00746716
0
0.134499
0.0299085
0
0.164519
0.0115808
0.00438474
0.00367989
0
0.005385
0.0105912
0
0
0.0190398
0.0357798
0.00412459
0.218194
0.00438729
0.062686
0.00424291
0.00409389
0.00363477
0
0.114145
0.0395964
0
0.148485
0.0220248
0.00438474
0.00367989
0.005385
0.0105912
0
0.0127033
0.00412459
0.192566
0.0297569
0.00424291
0.00555422
0.00409389
0
0.0758845
0.0299085
0.133844
0.00540933
0.0220248
0.00438474
0.0157603
0.00835253
0.115872
0.00727757
0.0165276
0.0193625
0.0681534
0.0220248
0.0157603
0.00417304
0.0193625
0.06062
0.0220248
0.0157603
0.0193625
0.06062
