0.0552261
0.216647
0.434502
0.434502
0.434502
0.231892
0.077074
0.149476
0.0637677
0.00760569
0.0926349
0.328653
0.00809266
0.00718264
0.306999
0.533275
0.00847453
0.072226
0.0689019
0.277408
0.890004
0.00847453
0.139587
0.0335587
0.0930248
1
0.00723808
0.0705796
0.0835282
0.77784
0.0356405
0.67513
0.154316
0.237916
0.545297
0.830911
0.640791
0.455777
0.0525522
0.121895
0.0269282
0.148963
0.417605
0.0249618
0.375679
0.0501516
0.0270309
0.242569
0.0255041
0.317631
0.101421
0.0486102
0.00806822
0.157897
0.0126847
0.333768
0.079642
0.0486102
0.64804
0.0126847
0.052849
0.466475
0.0219187
0.0486102
1
0.0126847
0.120521
0.132068
0.00851166
0.610355
0.132068
0.47813
