0.0107214
0.304992
0.0325739
0.0187541
0.0117421
0.0294278
0.0245246
0.323401
0.0027747
0.0221942
0.00279104
0.0243823
0.0225732
0.0027747
0.0216077
0.0281839
0.00278743
0.0027747
0.0216077
0.182083
0.0249319
0.024526
0.00827858
0.00307175
0.0252984
0.00824523
0.0075001
1.02077
0.358775
0.268547
0.0953491
0.261105
0.520918
0.201952
0.165484
0.313573
0.0366475
0.0410097
0.0397106
0.0410429
0.0379172
0.040557
0.0364159
0.631941
0.0391827
0.0394318
0.0391827
0.0391827
0.0410097
0.0381448
0.040557
0.0381139
0.00377291
0.251468
0.00817856
0.00790128
0.0396651
0.00789906
0.00789906
0.0463614
0.00789906
0.0480602
0.0476671
0.00981016
0.0383885
0.305671
0.0380331
0.0386083
0.00267781
0.0380331
0.0380331
0.0479031
0.0397951
0.0394697
0.0479031
0.00265591
0.343061
0.00299631
0.0419544
0.0138647
0.00301073
0.0438203
0.0181308
0.00299715
0.0408108
0.0408108
0.0440313
0.00299715
0.0408108
0.0426423
0.0424517
0.0361142
0.223014
0.0423695
0.00817256
0.0373244
0.0112238
0.840166
0.46921
0.158333
0.176257
0.471818
