0.160244
0.557316
0.785651
0.00279106
0.142301
0.11842
1.02058
0.00317106
0.00289539
0.0392181
0.00507711
0.00286999
0.0176947
0.735569
1
0.044772
0.121247
0.0240724
0.00575311
0.0722166
0.334579
1
0.0141738
0.00920142
0.0763257
0.00281126
0.0161392
0.0156238
0.00529446
0.058594
0.087185
0.002997
0.00230924
0.0887353
0.0186502
0.00521354
0.0213386
0.666995
0
0.00885875
0
0.0254046
1
0.525304
0.0378667
0.0109658
0.00984978
0.00264818
0.0613545
0.0128411
0.00834516
0.202539
0.943326
0.476314
1.02125
0
0.0110073
0.0029789
0.0026513
0.0836864
0.00259098
0.00268041
0.189809
0.217946
1
0.0889772
0
0.00286999
0.00927665
0
0.147697
0
0.00296533
0
0.00374347
0.0372705
0.334129
0
0.00301787
0.0410576
1.01899
0.00926951
0.215561
1
0.00614804
0.961385
1
0.0111459
0.0127394
1
0.990633
0.00286501
0
0
1
0.0760196
0.00287256
0.00281812
0.674269
0.00257488
0.00650526
0.0060737
0.00880454
0.0160921
0.00899461
1.01266
0.00270215
0.0364772
0.00269493
0.951436
0.00303872
0.0564433
0
0.00314068
0.00982351
0.00855043
0.530488
0.0148284
0.0026021
1
0.316937
0.0026021
0.0366338
0.593721
0.00902941
0
0.0647457
0.00407489
0.011296
0.00262642
0.0026196
0
0.0140088
0.0204701
0.291528
0.00343791
0.00525534
1
0.0855193
0.00260283
0.00260137
0.00261389
0
0.0105828
0.0774228
0.218819
0.0168859
0.0248226
0.0163457
0.0084122
0.00263573
0.0146039
0.00554282
0.00601675
0.187368
1
0.0542924
0.00267004
0.095288
0.321418
0.660958
0.0204943
0.00449147
0.00293704
0.0079586
0.0075083
0.0025316
0.00263573
0.0330626
0.176075
0.0589342
0.00272227
0.00849909
0.0822634
0.912767
0.0422867
0.0261263
0.0111902
0
0
1
1
0.0545642
0.00345451
0.0117752
0.0777741
0.00842647
0.0089339
0.0515484
0.990677
0
0.0074434
0.400594
1
0
0.0568197
0.139104
1
0.201811
0.40213
0.0111902
1.00001
0
0.990326
