0.128826
0.5701
0.866081
0.866081
0.866081
0.866081
0.866081
0.866081
0.866081
0.00786494
0.107622
0.963064
0.0158022
0.00786494
0.0154228
0.117722
0.926118
0.0311256
0.0239976
0.0154228
0.138053
1.00662
0.177043
0.0161327
0.0154228
0.118238
0.914414
1.01232
0.031863
0.0154228
0.107645
0.793844
1.00188
0
0.0161946
0.0166681
0.0154228
0.14026
0.433219
0.975034
0.0166681
0.0154228
0.0768915
0.0470037
0.902577
0
0.0166681
0.0434408
0.0193739
0.0470037
0.771712
0.00826673
0.0542937
0.0470037
0.522745
0.00826673
0.0434408
0.0470037
0.425848
0.00826673
0.010101
0.0470037
0.980682
0.00826673
0.0209505
0.0300721
0.703877
0.00826673
0
0.0422178
0.0294216
0.0294216
0.0294216
0.0294216
0.0294216
0.0294216
0.0294216
0.0294216
0.0294216
0.0294216
0.00850298
0.25749
0.0150656
0.0476272
0.00850298
0.0291726
0.0807106
0.010568
1
0.015356
0.0169558
0.0869139
0.0574225
0.539509
0.0304444
0.00660638
0
0.985096
0.0154593
0.011378
0
0.0169558
0.103127
0.0953665
0.0100499
0.757319
0.0304444
0.00669176
0.0117804
0.976068
0.0110686
0.0327848
0.177004
0.0598811
0.0377423
0.0201616
0.758035
0.0117804
1
0.0169558
0.720811
0.0202631
0.49259
0.705033
0.00926271
0.0169558
1.00017
0
0.0440827
0.313007
0.00926271
0.987244
0
0.00926271
0.868152
0
0.00926271
0.630996
0
0.162736
