0
0
0
0
0
0
0
0
0
0
0
0
0
0
0
0
0
0
0
0
0
0
0
0
0
0
0
0
0
0
0
0
0
0
0
0
0
0
0
0
0
0
0
0
0
0
0
0
0
0
0
0
0
0
0.0290553
0
0.0463615
0
0
0
0
0
0
0
0
0
0
0
0
0
0.0246782
0
0
0
0
0
0
0
0.00266044
0
0
0
0
0
0
0
0
0
0
0
0
0
0
0
0
0
0
0
0
0
0
0
0
0
0
0
0
0
0
0
0
0
0
0
0
0
0
0.00266527
0
0
0
0
0
0
0
0
0
0
0
0
0
0
0.647074
0
0
1.00528
0
0
0
0
0
0
0
0
0
0
0
0
0
0
0
0
0
0
0
0
0
0
0
0
0
0
0
0
0
0
0
0
0
0
0
0
0
0
0
0
0
0
0
0
0
0
0
0
0
0
0
0
0
0
0
0
0
0.00296183
0
0
0
0
0
0
0
0
0
0
0
0
0
0
0
0
0
0
0
0
0
0
0
0
0
0
0
0
0
0
0
0
0
0
0
0
0
0
0
0
0
0
0
0
0
0
0
0
0
0
0
0
0
0
0
0
0
0
0
0
0
0.0865675
0
0
0
0
0
0
0
0
0
0
0
0
0.0133641
0
0
0
0
0
0
0
0
0
0
0
0
0
0
0
0
0
0
0
0
0
0
0
0
0
0
0
0
0
0
0
0
0
0
0
0
0
0
0
0
0
0
0
0
0
0
0
0
0
0
0
0
0
0
0
0
0
0
0
0
0
0
0
0
0
0
0
0
0
0
0
0
0
0
0
0
0
0
0
0
0
0
0
0
0
0
0
0
0
0
0
0
0
0
0
0
0
0
0
0
0
0
0
0
0
0
0
0
0
0
0
0
0
0
0
0
0
0
0
0
0
0
0
0
0
0
0
0
0
0
0
0
0
0
0
0
0
0
0
0
0
0
0
0
0
0
0
0
0
0
0
0
0
0
0
0
0
0
0
0
0
0
0
0
0
0
0
0
0
0
0
0
0
0
0
0
0
0
0
0
0
0
0
0
0
0
0
0
0
0
0
0
0
0
0
0
0
0
0
0
0
0
0
0
0
0
0
0
0
0
0
0
0
0
0
0
0
0
0
0
0
0
0
0
0
0
0
0
0
0
0
0
0
0
0
0
0
0
0
0
0
0
0
0
0
0
0
0
0
0
0
0
0
0
0
0
0
0
0
0
0
0
0
0
0
0
0
0
0
0
0.475809
0
0
0
0
0
0
0
0
0
0
0
0
0
0
0
0
0
0
0
0
0
0
0
0
0
0
0
0
0
0
0
0
0
0
0
0
0
0
0
0
0
0
0
0
0
0
0
0
0
0
0
0
0
0
0
0
0
0
0
0
0
0
0
0
0
0
0
0
0
0
0
0
0
0
0
0
0
0
0
0
0
0
0
0
0
0
0
0
0
0
0
0
0
0
0
0
0
0
0
0
0
0
0
0
0
0
0
0
0
0
0
0
0
0.319173
0
0
0
0
0
0
0
0
0
0
0
0
0
0
0
0
0
0
0
0
0
0
0
0
0
0
0
0
0
0
0
0
0
0
0
0
0
0
0
0
0
0
0
0
0
0
0
0
0
0
0
0
0
0
0
0
0
0
0
0
0
0
0
0
0
0
0
0
0
0
0
0
0
0
0
0
0
0
0
0
0
0
0
0
0
0
0
0
0
0
0
0
0
0
0
0
0
0
0
0
0
0
0
0
0
0
0
0
0
0
0
0
0
0
0
0
0
0
0
0
0
0
0
0
0
0
0
0
0
0
0
0
0
0
0
0
1.00556
0
0
0
0
0
0
0
0
0
0
0
0
0
0
0
0
0
0
0
0
0
0
0
0
0
0
0
0
0
0
0
0
0
0
0
0
0
0
0
0
0
0
0
0
0
0
0
0
0
0
0
0
0
0
0
0
0
0
0
0
0
0
0
0
0
0
0
0
0
0
0
0
0
0
0
0
0
0
0
0
0
0
0
0
0
0
0
0
0
0
0
0
0
0
0
0
0
0
0
0
0
0
0
0
0
0
0
0
0
0
0
0
0
0
0
0
0
0
0
0
0
0
0
0
0
0
0
0
0
0.0197021
0
0
0
0
0
0
0
0
0
0
0
0
0
0
0
0
0
0
0
0
0
0
0
0
0
0
0
0
0
0
0
0
0
0
0
0
0
0
0
0
0
0
0
0
0
0
0
0
0
0
0
0
0
0
0
0
0
0
0
0
0
0
0
0
0
0
0
0
0
0
0
0
0
0
0
0
0
0
0
0
0
0
0
0
0
0
0
0
0
0
0
0
0
0
0
0
0
0
0
0
0
0
0
0
0
0
0
0
0
0
0
0
0
0
0
0
0
0
0
0
0
0
0
0
0
0
0
0
0
0
0
0
0
0
0
0
0
0
0
0
0
0
0
0
0
0
0
0
0
0
0
0
0
0
0
0
0
0
0
0
0
0
0
0
0
0
0
0
0
0
0
0
0
0
0
0
0
0
0
0
0
0
0
0
0
0
0
0
0
0
0
0
0
0
0
0
0
0
0
0
0
0
0
0
0
0
0
0
0
0
0
0
0
0
0
0
0
0
0
0
0
0
0
0
0
0
0
0
0
0
0
0
0
0
0
0
0
0
0
0
0
0
0
0
0
0
0
0
0
0
0
0
0
0
0
0
0
0
0
0
0
0
0
0
0
0
0
0
0
0
0
0
0
0
0
0
0
0
0
0
0
0
0
0
0
0
0
0
0
0
0
0
0
0
0
0
0
0
0
0
0
0
0
0
0
0
0
0
0
0
0
0
0
0
0
0
0
0
0
0
0
0
0
0
0
0
0
0
0
0
0
0
0
0
0
0
0
0
0
0
0
0
0
0
0
0
0
0
0
0
0
0
0
0
0
0
0
0
0
0
0
0
0
0
0
0
0
0
0
0
0
0
0
0
0
0
0
0
0
0
0
0
0
0
0
0
0
0
0
0
0
0
0
0
0
0
0
0
0
0
0
0
0
0
0
0
0
0
0
0
0
0
0
0
0
0
0
0
0
0
0
0
0
0
0
0
0
0
0
0
0
0
0
0
0
0
0
0
0
0
0
0
0
0
0
0
0
0
0
0
0
0
0
0
0
0
0
0
0
0
0
0
0
0
0
0
0
0
0
0
0
0
0
0
0
0
0
0
0
0
0
0
0
0
0
0
0
0
0
0
0
0
0
0
0
0
0
0
0
0
0
0
0
0
0
0
0
0
0
0
0
0
0
0.0026403
0.0095684
0
0
0
0.00349502
0
0
0
0
0
0
0.0386832
0
0
0.00296377
0
0.018509
0.0436877
0
0
0
0
0
0
0
0
0.933236
0
0
0
0
0
0
0
0
0
0
0
0
0
0
0
0
0
0
0
0
0
0
0
0
0
0
0
0
0.00281836
0.00267651
0
0
0
0
0
0
0
0
0
0
0
0
0
0
0
0
0
0
0
0
0
0
0
0
0
0
0
0.00271304
0
0
0
0
0.00287557
0
0
0
0
0.00271304
0.00288705
0
0
0
0
0
0
0
0
0
0.00680452
0
0
0
0
0
0.00281821
0
0
0.00814442
0
0.199478
0
0
0
0
0
0
0
0
0.00294001
0.00553401
0.00547794
0
0
0
0
0.034987
0
0
0
0.00553096
0.00274916
0.00804747
0.00473316
0
0.00285621
0.00292155
0.0103709
0
0
0
0
0.00553096
0.00282976
0
0.00485419
0.0114457
0.0482074
0.0805467
0.121781
0
0
0
0
0
0
0
0
1.00393
0
0
0
0
0
0.00285945
0.00629697
0
0
0
0
0
0
0
0
0
0
0.00280858
0
0
0
0
0
0
0
0
0
0
0
0
0.00508558
0
0
0
0
0
0
0
0
0
0
0
0.00859416
0.00844652
0
0
0
0
0
0
0
0
0
0
0
0
0.0025644
0
0
0
0
0
0
0
0.0109978
0
0
0.00566022
0.0681794
0.00524272
0.00898591
0
0
0
0
0
0
0
0
0
0
0.0169532
0
0
0
0
0
0.00577183
0.0065625
0.00317604
0
0.00303058
0
0.029514
0
0
0
0
0
0.00260451
0
0
0.00564883
0.00522188
0.0150144
0.0108972
0
0
0
0
0
0
0.00254556
0
0.00517768
0.00522621
0.0137033
0.0391579
0
0
0
0
0
0
0
0.00449216
0
0.00543978
0.00767519
0
0.00731675
0.0304748
0.011116
0.320129
0.183188
0
0
0
0
0
0
0.992288
0
0.00263291
0
0.00251879
0
0.00265219
0.00250151
0
0
0.00559132
0
0
0
0
0
0.00263217
0
0.00251879
0
0.00539676
0
0.00389584
0.00254556
0.00281374
0
0
0.0123165
0
0.00293597
0
0
0.00280734
0
0
0.00556115
0
0
0
0
0.0121367
0.00534637
0
0.00293593
0
0
0
0.00275257
0
0
0
0
0
0
0
0
0.00272394
0.00275914
0.00553341
0
0
0
0.002605
0.00640639
0
0
0.00287142
0.0632737
0.00275914
0
0
0
0.00547217
0.00593579
0.00279658
0.0212392
0
0
0.00317019
0
0
0
0
0
0.00263649
0.0275649
0
0
0.0557794
0.00322537
0.406384
0
0
0
0
0
0
0
0.00583615
0.0166753
0.0487094
0
0.00256538
0
0.00254556
0
0
0.00263217
0
0.00281586
0.0514629
0.00520513
0.00510469
0.00564256
0.00558742
0.00291997
0
0.00262075
0
0
0
0.00253649
0.00836051
0.00283355
0.0050575
0.00851364
0.0874828
0.0575195
0
0
0
0
0
0
0
0
1.01868
0
0.00254628
0
0
0.00251879
0.00253457
0.00856998
0
0.014821
0.00266803
0
0.00546399
0
0
0
0.00506435
0
0
0
0.00534924
0.0399895
0
0
0
0
0
0.00625711
0.00294911
0.00283928
0
0.00279461
0
0.00274068
0
0
0.00263217
0.00260124
0.00473316
0
0
0
0
0
0.002587
0
0.00275257
0.00280858
0
0.00542875
0.0027818
0
0
0
0
1.00001
0.532601
0
0.00501354
0
0.00281955
0
0.00275914
0
0
0.0120421
0
0.00576162
0.00575993
0.0871894
0
0
0
0.00286022
0.00254556
0
0
0
0.0349074
0
0.00258929
0.0150139
0.0190677
0
0
0.00285695
0
0
0.00556776
0
0
0.0242585
0.00791412
0.0508636
0
0
0
0.00285695
0
0
0.00408135
0
0.0113649
0.0171292
0.0299921
0.00584625
0.00303226
0
0
0
0.00829832
0.00287385
0
0.144105
0.0106
0.00454017
0
0.00270938
0.00258113
0
0
0
0.00269471
0.00286188
0
0
0
0.00808624
0.00774867
0.027175
0.0363469
0.790741
0.0247903
0.141624
0
0
0
0
0.993527
0
0
0
0.976282
0
0
0
0
0
0
0
0.0111437
0.00836829
0.00740322
0.0425168
0
0
0
0
0
0
0
0
0.00529177
0
0.00258453
0.00781763
0
0
0
0
0
0.00296595
0
0
0
0.00247252
0
0.0415162
0
0.002799
0.00280858
0.00249824
0.00814313
0
0
0
0
0
0
0
0.002799
0.00260891
0
0
0.00284333
0
0
0
0
0
0.963836
1
0
0
0.00547537
0.00262188
0
0
0.00537856
0
0
0.0318852
0
0
0.00277934
0.0828452
0
0
0
0.00260891
0
0
0
0.0410254
0.0054451
0
0.00693518
0
0
0.00286646
0.00543335
0
0.0029943
0.00523821
0.00421287
0
0.0195649
0.00328787
0.0601689
0
0.00289169
0
0.00286337
0.00246096
0
0.00429506
0
0
0
0.0214032
0.00284882
0.00296441
0
0
0
0
0.00519233
0
0.153485
0
0
0
0
0.00806855
0
0
0
0.0024083
0
0.00263267
0
0
0.00826217
0.0081136
0.00839703
0.0164904
0.379919
0.0199386
0
0
0
0
0
0
0.563631
0
0
0
0.980941
0
0
0.00286788
0
0.00266988
0
0
0.0205257
0.00398739
0
0
0
0
0
0.00295616
0
0.00279461
0
0.00290267
0.00364075
0.00864278
0.00971364
0
0
0
0.00377541
0.0116273
0.010889
0
0
0
0
0
0.00296864
0
0
0.028934
0.00724747
0.00289448
0
0
0
0.012082
0
0.00291881
0
0.0075581
0
0
0
0
0
0
0
0
0.909826
0
0.0132554
0
0
0
0.00271304
0
0.00298983
0.0130457
0
0.00561848
0
0.147713
0
0
0
0.0050054
0
0.00284356
0
0.0115752
0
0
0.0402844
0
0
0
0
0
0.00269512
0
0
0
0.0472882
0
0
0
0
0.00823528
0
0
0
0.00366337
0
0.00258043
0
0.0194051
0.00844995
0
0
0.00556179
0
0
0.00848176
0.0710139
0.00292259
0
0
0
0.016983
0
0
0
0
0
0.00848176
0
0
0.0178102
0.00285479
0.0127818
0.0169212
0.130528
0
0
0
0
0
0
0
0
0
0
0
0
0
0
0
0.00702184
0.00552652
0
0
0
0
0
0
0
0
0
0
0
0
0
0.00294554
0
0
0.00292814
0
0
0
0
0
0
0
0
0
0
0
0
0
0
0
0
0
0
0
0.00295314
0
0
0
0
0
0.278773
0
0
0
0
0.00289448
0
0
0
0.0226659
0
0
0
0.00846439
0
0
0
0
0
0
0.0782804
0
0
0.0129764
0
0
0
0
0
0
0
0
0.0105322
0.0219922
0.0033703
0.0167659
0
0
0
0
0
0
0
0
0
0.0510955
0.00580863
0
0
0
0
0
0
0.0206551
0
0
0
0
0.00571903
0
0
0
0
0
0
0
0
0.00748139
0
0
0.0117319
0
0
0
0
0
0
0
0
0
0
0
0
0
0
0
0
0
0
0
0
0
0
0
0
0
0
0.00284748
0
0
0.00282527
0
0
0
0
0
0
0
0
0
0
0
0
0
0
0
0
0
0
0
0
0
0
0
0
0
0
0.139288
0
0
0
0.00262188
0
0
0
0
0
0
0.0137853
0
0
0
0.0112366
0
0
0.00551636
0
0
0
0
0.0116808
0
0
0
0
0.00288291
0
0
0
0
0
0.00279082
0
0
0.00294243
0
0
0
0
0
0
0
0
0
0
0.00263398
0
0
0
0
0
0.00280858
0
0
0
0.00305918
0
0
0
0
0
0.00280858
0
0
0
0
0.00280858
0
0
0
0
0
0
0
0
0
0
0
0
0
0
0
0
0.00321121
0
0.0042198
0
0
0
0
0
0
0
0
0
0
0
0.00280245
0
0
0
0
0
0
0.00281418
0
0
0
0
0
0
0
0
0
0
0
0
0.00750315
0
0
0
0
0
0
0
0
0
0.00803148
0
0
0.508723
0
0.538212
0
0
0
0.0160584
0.00289448
0
0
0
0
0
0.0163709
0
0
0
0.0167011
0.00267716
0
0
0
0
0
0
0
0
0.00280984
0.00387788
0
0
0
0
0
0
0
0
0
0.00564978
0
0.00808499
0
0
0.00904838
0
0
0
0
0
0.00280921
0
0
0.002769
0
0.00342903
0
0
0
0
0.00280858
0.011697
0
0.00515842
0
0
0.00273377
0.00271451
0
0
0
0
0.00288489
0
0.00526609
0
0
0.00589533
0.020044
0
0
0
0.0187672
0
0.995278
0
0
0
0
0
0
0
0
0
0
0
0
0
0
0
0
0
0
0
0
0
0
0
0
0
0.00764216
0
0
0
0
0
0
0.0114451
0
0
0
0
0
0
0
0
0.00280212
0
0
0
0
0
0
0
0.00715121
0.0119558
0.00286433
0.0108371
0
1
0
0
0
0
0
0
0
0
0
0
0.00285582
0
0.0160828
0
0
0
0
0
0
0
0
0
0.00268047
0
0
0
0
0
0.00286433
0
0
0
0
0
0
0
0
0.00468412
0
0
0
0
0
0
0
0
0
0
0
0
0
0
0
0.00281047
0
0
0
0
0
0.0095664
0.00567738
0
0
0.00281047
0
0
0
0
0
0
0
0
0
0
0
1
0
0
0.110889
0
0.90085
0
0
0.00257652
0
0
0
0
0
0
0
0
0
0
0
0
0
0
0
0
0
0
0
0
0
0
0
0.00790411
0
0
0
0
0.00264944
0
0
0
0
0
0
0
0
0
0.00794833
0
0
0
0
0
0
0
0
0.0134557
0.0134069
0.0158334
0.0677771
0
0.965334
0
0
0
0
0
0
0.00277108
0
0
0.00267487
0
0
0
0.00360176
0
0
0.00278968
0
0
0
0
0
0
0
0
0
0
0
0
0
0
0
0
0
0
0
0
0
0
0.310367
0
0
0
0
0
0
0
0
0.0234594
0
0.00261112
0
0
0
0.00522882
0
0
0
0
0.0106314
0.0291601
0.00644844
0
0
0.00522882
0
0.00254435
0
0.00257938
0
0
0
0
0
0
0
0.0156865
0.996808
0
0
0.457174
0.265273
0.00280133
0
0
0
0.00263927
0
0
0
0
0
0
0
0
0
0
0
0
0
0.00274007
0
0
0
0.00265656
0
0
0
0
0
0.0028419
0
0.00673381
0.00276474
0
0
0
0.0196012
0
0
0
0.00325084
0
0.00280611
0
0
0
0
0
0.00263927
0
0
0.0100518
0
0.00713089
0.0169898
0.0112573
0.0261739
0.118165
0
0
0
0.996707
0
0
0
0
0
0
0
0.00513301
0
0.0477245
0.0026041
0
0.00272702
0
0
0
0
0
0
0.00260913
0
0.0160828
0.00303376
0
0
0
0
0
0
0
0.00305735
0
0
0
0.00253808
0
0.00378365
0.109166
0.00260913
0
0
0
0
0
0
0.0107251
0.0365745
0
0
0
0
0
0
0.0219576
0
0
0
0
0.00796849
0.140313
0.0299223
0
0
0
0
0
0
0.00281047
0
0
0
0
0
0
0.00934616
0
1
0
0.898181
0
0.124664
0
0
0
0
0.00265126
0.00267286
0
0
0.0038242
0
0
0
0
0
0
0
0
0
0
0.00400928
0.00262987
0.00273408
0
0
0
0.00798165
0.0126456
0.00536381
0
0.0118818
0
0
0
0
0
0
0
0
0
0.00298412
0
0
0
0.00488107
0
0
0
0
0
0
0.0106815
0.141856
0.0387801
0.0295134
0.0710084
0
0
0
0.999689
0
0
0
0
0
0
0
0.0104221
0
0.0245716
0
0.0136861
0.00276595
0
0
0
0
0
0
0.00310377
0
0
0.00263447
0
0
0.00672076
0
0
0
0
0
0
0
0.010865
0
0
0.00448051
0.0340986
0.00278333
0
0.00268831
0
0
0.0029266
0
0.00864382
0.0217903
0
0.00257964
0
0
0
0
0
0
0.00249231
0
0.005571
0.0821322
0.0216123
0
0
0
0
0
0
0
0
0
0
0
0
1
0.00264932
0.0027152
0
0.0133103
0.992909
0
0.985696
0
0
0.881684
0.00535923
0
0
0.00800423
0.00570184
0
0
0
0.0106609
0
0.00278364
0
0.00280212
0.00271675
0.00536225
0
0.0025399
0
0.00387669
0
0.00538837
0.010508
0
0
0
0.00521505
0
0
0.0052765
0
0
0
0
0
0
0
0
0
0.00304887
0
0.00253677
0
0.00318287
0
0
0
0
0
0
0.0187907
0.0265441
0.0215913
0.0714222
0.150383
0
0.00241305
0
0.00278968
0
0
0.00264855
0.00519951
0
0
0.0216472
0.0107624
0
0.00523079
0
0
0.00264855
0.00263424
0
0
0
0.00275833
0
0
0.0113509
0.00254679
0.00250098
0.0029266
0.00278968
0.00262014
0
0
0
0.00307189
0
0.00331302
0.0388434
0.0135825
0.011213
0.00264855
0
0
0
0
0.00269663
0.0280237
0
0
0
0.00248229
0
0
0
0.00260817
0.00522014
0
0.011002
0.0913125
0.011445
0.00263556
0
0.00527842
0.00692721
0
0
0
0
0
0
0
1.00072
0.00259676
0
0.0114551
0.0140209
0
0
1.00759
0
0
0.00263648
0.00254947
0.00512278
0
0.00245596
0.00448103
0.00633793
0
0
0.00258131
0
0
0.00281357
0
0.00258428
0.00509546
0.0172983
0.00604866
0
0.00621801
0.00672155
0.00519352
0.00560404
0
0
0.0543048
0.00260813
0.00787567
0
0.00258204
0
0
0.00503143
0
0
0
0
0
0
0
0
0.00254384
0
0
0.00503143
0
0
0.00266023
0.00251871
0.0426152
0
0.0813592
0.0306779
0
0.00265676
0
0
0
0
0
0.00306509
0.0575531
0
0
0.0165059
0.00803686
0
0
0.0052333
0
0
0
0
0
0
0.0190116
0
0.00285099
0.00294094
0
0.0261221
0
0
0
0.00561822
0.00264501
0
0
0.0655908
0.00845917
0
0.00270153
0.0914464
0.0117175
0
0
0
0
0
0
0.0830768
0.0027827
0.274323
0.0216221
0.0135994
0
0
0.00270948
0.00504475
0.00258781
0
0.00779727
0.006537
0
0.00810441
0.104071
0.0969711
0.00821331
0.056154
0.00504475
0
0.00243896
0.00260817
0.00253517
0
0
0
0.00253488
0
1.00766
0.00264662
0.00550391
0.0814996
0.0142026
0
0
0
0
0
0.00562592
0.00248364
0
0
0.00752047
0
0
0.00277548
0.00260744
0
0.00259539
0
0
0.00265637
0.00555184
0
0.00357738
0.00258069
0.00270431
0
0.00513281
0
0.00425013
0
0
0
0
0
0.00253677
0
0
0
0
0.0392507
0
0
0
0
0.0025316
0
0
0.0026497
0
0.00659108
0.00268831
0
0.00259402
0.00284247
0.0169862
0.0111034
0.00255
0
0.0122285
0.00712093
0
0.00249341
0.00280968
0
0
0
0
0.0237699
0
0.019087
0.00380161
0
0.0108011
0.00250796
0
0
0
0.008642
0
0
0
0
0
0
0
0
0.00268831
0
0
0.0102951
0
0.0134006
0.00299243
0
0
0
0
0
0
0
0.00270399
0
0
0
0.016706
0.0107996
0
0
0
0.00260817
0.00261148
0
0
0.00764334
0
0
0.0113647
0
0.002712
0
0
0
0
0.00261148
0
0
0
0
0.99636
0
0
0.00667975
0.00292422
0.293369
0
0.00281199
0.00260891
0
0
0.00535187
0
0
0
0
0.00284766
0
0
0.00262301
0
0.00276483
0.0156792
0.00416932
0
0.00272811
0
0.00903197
0.00588704
0
0
0
0
0
0
0
0.00286589
0
0.0026497
0
0
0.00523411
0
0.00394976
0
0
0
0.00820683
0
0
0
0.0041902
0
0
0.0027407
0
0
0.0117459
0
0
0.00754674
0.0324432
0.00847665
0.00243231
0
0
0
0
0
0
0
0.0470458
0.00904764
0.00264545
0.247343
0.00427493
0
0.00285893
0
0
0
0
0
0.00925916
0
0.00287485
0.00265214
0
0
0
0
0
0
0.00271485
0
0
0
0
0
0
0
0
0
0
0.00286513
0
0
0
0.00288144
0
0.0125919
0
0
0
0
0.00270463
0
0.00276483
0
0.00591259
0
0.00874041
0.013605
0.00325704
0
0.00270463
0
0.0410256
0
0
0
0
0
0
0
0
0.00260304
0
0.00313962
0.00282276
0
0
0
0
0.00831496
0.00788712
0
0.00420319
0
0.0102949
0
0.00250813
0.00281278
0
0.00290296
0
0.00387387
0
0
0.00294874
0.00396848
0.00290159
0.00531572
0
0
0
0
0
0
0.00868796
0
0
0
0
0
0.00272639
0.00833807
0.0127504
0.00283549
0.00271644
0
0
0
0
0
0
0
0
0
0
0
0
0.0126229
0
0.0216734
0
0
0.00557813
0
0
0
0.00251712
0
0.0110286
0
0.027758
0.0123654
0
0.00294917
0
0
0
0.00252215
0.00559446
0.00882285
0
0.00276501
0
0
0
0
0
0
0
0
0.0164819
0
0.013208
0
0.00276107
0.0118753
0.00260432
0
0
0.00273887
0
0
0.00274698
0.0148918
0.00575636
0.0118758
0
0.00267017
0.00247078
0.00248118
0
0.00851288
0
0
0.0141048
0
0
0.005714
0.39362
0.00259535
0
0.00543305
0.00270948
0
0
0.00851288
0
0
0
0
0
0.00272053
0
0
0.00250883
0
0
0
0
0.00272811
0
0
0
0
0
0
0
0
0
0.00297706
0
0
0.0142603
0
0
0
0
0.00263775
0
0
0
0
0
0
0
0
0
0
0
0
0
0
0
0
0
0
0
0
0
0
0.00266072
0.00375179
0.00277775
0
0
0.00312737
0.0109864
0
0
0
0.00829725
0.00291223
0
0
0.00299425
0
0
0
0.0056518
0
0
0.00297423
0.00250874
0.00268831
0
0
0
0
0
0.00287339
0
0
0.00766572
0
0
0.00262896
0
0.00419788
0.0161399
0
0.00292203
0.00248364
0
0
0.00265126
0
0
0
0
0
0
0.0057338
0
0
0.00287339
0
0
0.00274537
0
0
0.00274537
0.00510858
0.00270716
0
0.0394494
0
0
0.00282276
0.00274537
0
0.00274537
0.00258204
0
0
0
0
1.05203
0
0
0
0
0
0
0
0
0
0.00590242
0
0.0109691
0
0.00510362
0
0.00275716
0
0
0
0
0.00563464
0.00268831
0
0
0
0.00280036
0
0.00810353
0
0
0
0.0026497
0
0
0
0.0052741
0
0
0
0.00283863
0
0.010986
0.00272486
0
0
0.0026497
0
0.0415036
0.00254599
0
0
0
0
0
0
0.0164643
0
0.00265855
0.00268831
0
0
0.00721963
0
0
0
0.00601319
0.0028798
0.0177502
0.0157264
0
0
0
0.00274698
0
0.00554257
0
0
0
0
0
0.00511845
0.00815825
0.00536877
0.00294917
0
0
0
0
0.00270973
0
0
0
0.0113343
0
0.00280036
0.00719198
0.00294175
0.00565637
0
0
0
0
0
0.0116882
0
0
0
0.00546842
0
0
0.00851835
0.00286174
0
0.0415217
0
0
0
0
0
0
0.01371
0
0
0
0
0.4158
0
0
0
0.0772088
0
0
0
0.00290413
0
0.00270138
0
0
0
0
0
0.00380142
0
0
0
0
0.00257595
0
0
0
0.00278375
0.00298992
0.00279614
0.00547519
0
0
0.00288288
0
0
0.00287202
0
0.00585089
0.00257523
0
0
0.00516795
0.00277775
0
0.00286833
0
0.00434666
0.00273801
0
0.0643352
0.00294874
0.00257523
0
0
0
0
0
0
0.00849939
0.00531324
0
0
0
0.00827637
0
0
0
0
0
0
0
0.00856135
0.00643754
0
0.00273801
0.00266032
0
0
0.172142
0.00284698
0
0.0202661
0.00277954
0
0
0
0.0124262
0
0
0
0.0057187
0.00291387
0
0.00794909
0.00301603
0
0
0
0.00272524
0
0
0
0.0315731
0
0
0
0.0125215
0.00295168
0
0
0
0.00241267
0
0
0.00832475
0
0
0.0114048
0
0.00302103
0.0242364
0
0
0
0.00564889
0
0.0205328
0
0.0112636
0
0
0
0
0.305878
0
0
0
0
0.0256902
0.00265897
0
0
0
0
0
0.011718
0
0
0
0
0
0
0.00294833
0.00248364
0.00525079
0.00274775
0
0.00814962
0
0
0
0
0.00269206
0
0
0.00253649
0.00281278
0
0.00291105
0
0.00297622
0.00255808
0
0
0.00563188
0
0.00843835
0
0
0
0
0.00255808
0.00743234
0
0
0.00268274
0.00281278
0
0
0.0108653
0
0
0
0
0.00274698
0
0
0
0
0
0.0137459
0
0
0.00284578
0.0147983
0.00748286
0
0
0
0
0.0242582
0
0
0
0
0
0
0.00269472
0
0
0.013989
0
0
0
0.0278304
0
0.00278649
0
0
0
0
0
0
0
0
0.0390691
0
0
0.0167189
0
0.00285205
0
0.0189853
0.00294777
0
0.0185314
0
0
0.0271591
0
0
0
0.00559927
0.00248364
0
0
0.0164579
0
0
0
0
0.382151
0
0
0
0
0
0.0259656
0
0
0
0
0
0
0
0.00291013
0.00298258
0
0
0
0
0
0
0
0
0
0
0.00278453
0
0
0
0
0
0
0
0
0
0
0
0
0
0
0.00824175
0
0
0.00255808
0.00267743
0
0
0
0.00268424
0
0
0
0
0.0463298
0
0.00255808
0
0
0.0109632
0
0
0
0
0
0
0
0
0
0
0
0
0.00290314
0
0
0
0.00553719
0
0
0
0
0
0
0
0
0
0
0.0153624
0
0
0.00285916
0
0
0
0.00268165
0
0
0.00592684
0
0.0029696
0
0.00251026
0
0
0
0
0
0
0.00732391
0
0
0
0.011136
0.00277769
0
0
0.00260434
0
0
0
0.0294575
0
0
0.00936549
0
0
0
0
0.0029696
0
0
0.0213953
0
0
0
0
0.219193
0
0
0
0
0.013592
0
0
0
0
0
0
0
0
0
0
0
0
0
0
0
0
0
0
0
0
0
0
0
0
0
0
0
0
0
0.00260434
0
0
0
0.00274698
0
0
0
0
0
0.0195325
0
0
0
0
0
0.00267755
0.0163387
0
0
0
0
0
0
0.00262089
0.00278987
0
0
0
0
0
0
0
0
0
0.00268508
0.00267942
0
0
0
0
0
0
0
0
0.00370585
0
0
0
0
0.00261059
0
0
0
0
0
0
0.00260434
0.00271725
0.00374466
0.0198141
0
0
0
0
0.00263942
0
0
0
0
0
0
0.00708877
0
0.00271551
0
0.0111614
0
0
0
0
0.0027117
0
0.00705692
0.020029
0
0
0.00355137
0
0
0
0
0
0.0159257
0
0.00729725
0.00293265
0.00848056
0.0194065
0.00370172
0.085112
0
0
0
0
0
0.00976626
0
0
0
0
0
0.490104
0
0.00253311
0.00293219
0.00365375
0
0
0
0
0
0
0
0
0
0
0.00566626
0
0
0.00314509
0
0
0
0
0
0
0
0
0
0.0025324
0
0.00262201
0
0.00283198
0
0
0.00259186
0
0.0149851
0
0
0
0
0.033612
0
0.0025324
0
0
0
0.002804
0.00249752
0
0
0
0
0
0
0
0
0
0
0
0
0
0
0
0.00557886
0.00745108
0.00255607
0
0
0
0
0
0
0
0
0
0
0
0
0
0
0
0
0
0.00272492
0
0.00602513
0.0087622
0
0
0
0.00290038
0
0
0
0
0
0
0
0.00272492
0
0
0
0.006331
0
0
0
0
0
0.00262217
0
0.0136071
0
0
0.00301747
0.00321808
0.0124302
0
0
0
0
0.0067694
0.0280117
0
0
0.0113636
0.0116564
0.045496
0.017768
0.0320594
0
0
0
0
0
0.00292749
0
0
0
0
0
0
0.515032
0
0.00543169
0
0.00297265
0.00458918
0
0
0.00304692
0
0.00289162
0
0.0028908
0
0
0.012383
0.00260127
0
0
0
0.00605242
0
0.00273779
0
0
0.00289162
0
0.00286812
0.00538913
0
0
0
0
0
0
0
0
0
0.165712
0
0
0.00318494
0
0
0.00263447
0
0
0
0
0.0855551
0.00277478
0
0.0057357
0
0
0
0
0
0.0023537
0
0
0
0
0.0028147
0
0
0.00548378
0
0
0
0
0
0.00249752
0
0
0
0
0
0
0
0
0.00290038
0.00259093
0.00291751
0
0
0.00286601
0.0149241
0
0
0.00272289
0
0.0158224
0
0
0.00272492
0.00249752
0
0.0112365
0.00285183
0
0
0.00289857
0.0200688
0
0.00311199
0
0
0
0
0.0223489
0.0054909
0.00696807
0
0.0027431
0.00842374
0
0.0634116
0
0
0
0
0.00296578
0
0.00356479
0.0087582
0.0171933
0.325527
0.0504458
0
0
0
0
0
0
0.00302139
0.00263609
0
0
0
0
0
0
0
1.00715
0
0.00267866
0.00283348
0
0.0212061
0.00941951
0.00535354
0.0054554
0
0
0
0
0.00283189
0.00267942
0
0.00526107
0.00708171
0.00599328
0.00238675
0
0
0.00261137
0
0.00267942
0
0
0.00527868
0.00556401
0.0028208
0.00290674
0
0
0.00267387
0
0
0
0.00291885
0.0783805
0.0044363
0.00285786
0
0
0
0.00267387
0
0
0.00267134
0
0.0398152
0
0.0057504
0
0.00262272
0.00262969
0
0.00267387
0.00262969
0
0.00276881
0.00374268
0.0108531
0
0.00249792
0.0028867
0.409433
0.00876677
0
0
0
0.00262969
0
0.0027146
0.00721314
0
0
0
0
0
0
0.128337
0.00290671
0
0
0
0.0280539
0
0.00358515
0.00836863
0.025071
0.0212802
0
0
0
0.00474222
0
0
0
0.00322265
0.00280282
0.00826297
0.00349522
0
0
0.00306778
0.00793307
0.0136965
0.00492668
0.00275123
0
0
0
0.00272536
0.0764807
0.0272308
0
0
0.0056043
0.00569098
0
0.0209519
0
0.00275313
0.00281371
0
0.00296387
0
0
0.0729384
0.0107484
0.0331359
0.33618
0.0326444
0.595954
0
0
0
0
0
0
0.00400744
0
0.00572042
1
0
0
0
0
1.00081
0
0
0
0
0.0137135
0.00339922
0.00260399
0
0
0
0
0.00294904
0
0
0
0.00279697
0
0
0.00790222
0.00646181
0.00546025
0.00518649
0
0
0
0
0
0
0
0
0.00270107
0
0
0
0
0.00299499
0
0.012292
0
0.00272033
0
0
0.00275466
0
0
0
0.00286812
0
0.0026139
0
0.00282112
0.00258098
0.00557039
0
0.00574897
0.00248399
0.00542089
0
0.00377442
0.0708499
0
0.00289967
0.00268369
0.0937964
0
0.00283438
0.00279618
0.0106538
0
0.00851688
0.0106679
0.00287922
0
0
0
0
1.00138
0.885271
0.00282318
0.0052365
0.00272418
0.00265186
0.00826985
0
0.0134524
0.151026
0.0522347
0
0
0.00269549
0.00251158
0.00536739
0.00258701
0.00570988
0.00418597
0.00832068
0.0323734
0.0396596
0.00645716
0
0
0.128746
0
0
0.00281696
0.00551939
0
0
0.0343183
0.00570255
0
0.0109025
0.0224544
0
0.0180033
0
0.00257151
0.0028867
0.00291885
0
0
0
0.0134931
0.0434603
0.197724
0.0430167
0
0
0
0
0
0.0175131
0.00255839
0
0.985297
0
0
0
1.01415
0.00268293
0.00825359
0.00278779
0.019048
0
0.0412721
0.0230813
0
0.00267942
0
0.00272938
0.0029927
0.00289013
0
0
0.00499294
0.0226146
0.0513827
0.050905
0
0.00261896
0.00280214
0
0
0
0.00534657
0.00299354
0.00292159
0.00288341
0.00267563
0.00289162
0
0.00642349
0
0
0.00274041
0
0.0221716
0.00250486
0.00546499
0.0060766
0.00289162
0
0
0
0
0.00262039
0
0
0.00573618
0.03183
0.0133802
0.00270118
0.00278926
0
0.00528399
0.00493221
0
0
0.173654
0
0.00859567
0.0110912
0.171814
0
0.0395539
0.00319878
0.0134815
0
0
0
0.0160183
0
0
0
0
0
0
0.997603
1.00611
0
0
0
0
0.00548622
0.00706577
0.0185906
0.0775778
0.0461914
0.0182149
0
0
0
0.00523957
0.00493887
0
0.00335451
0.00538826
0.0110845
0.00959072
0.0147708
0.0132584
0.0117202
0.134028
0
0.00599108
0.00270284
0
0.0026375
0.00594639
0.0709374
0.00837562
0.0129512
0
0.0146716
0.0198683
0
0.0462977
0
0
0.00531691
0.00260053
0
0.00274742
0.0132296
0.0161845
0.0710044
0.0565649
0.1929
0.0320284
0
0
0
0
0
0.0128595
0.0109231
0
0
0.382299
0
0
0
0.961641
0.00583916
0.00297061
0
0.0064679
0.00665795
0.0124753
0.0863262
0.00595398
0
0.00585991
0
0
0
0.00287964
0.00586599
0.0084029
0.00391377
0.00845683
0.0346037
0.0029109
0.00883443
0
0
0
0.00285359
0.00532384
0
0.00737888
0.0419557
0
0
0.00559818
0
0
0
0.00289819
0.00564739
0.0111002
0
0.00573472
0
0.00296117
0
0
0.00276791
0.00283531
0
0.00595861
0.00542826
0.00261396
0.00695549
0.0158786
0.00858675
0.0109853
0
0
0.0109711
0
0
0.00463523
0.0534564
0.00280553
0.011187
0.00564044
0.123058
0
0.00778072
0
0
0
0
0.0132661
0.00837109
0
0
0
0
0
1.01074
0.00249072
0.00528027
0.00274474
0.00290667
0.00253039
0.00400316
0.00983433
0.034214
0.0436491
0.0151781
0
0
0.00543475
0.0054637
0.00259815
0.00293565
0.00378198
0.00842493
0.0232834
0.0210145
0
0.00824544
0.00304846
0.0923893
0.00250682
0.00576648
0.00700432
0.0054605
0.0217381
0.0272008
0.0716267
0.00847848
0
0
0.0142028
0.01465
0
0.0173475
0
0.00493481
0.0189037
0.00585991
0.00546936
0.00249072
0.0279187
0.00839875
0.00569601
0.0147038
0.106314
0.0116135
0
0
0
0.00607175
0.00866845
0.0105847
0
0
0
0
0
0
0.00263811
0
0.00251965
0.0132357
0.00681794
0.00844513
0
0
0
0.00300782
0
0
0
0.00253249
0.00832475
0.00571975
0
0
0.0142121
0
0
0
0.00283023
0.00262461
0
0.00267017
0.00274076
0
0.00522185
0
0
0.00279618
0.00547261
0.00278069
0.011019
0.00982491
0
0
0.00268369
0
0
0.00801803
0
0
0
0.00893824
0
0
0.0085264
0.00253178
0
0
0.00249991
0
0.00536278
0
0.235944
0
0
0
0.0218364
0
0.036577
0
0.0027608
0
0
0.0163003
0
0
0
0
0
0
0.994918
0
0.00559835
0.00249991
0
0.00290768
0.00279854
0
0.0127795
0.0286844
0.0197683
0
0
0
0.00249991
0.0139488
0.0024029
0
0
0
0.0116939
0.0266101
0.0119757
0.00505587
0.00298514
0.0716668
0
0
0.00261139
0
0.0167415
0.0452586
0
0.00374945
0
0.0030025
0.00545586
0
0.0248695
0
0.00248872
0.0110966
0
0.00919195
0.00262461
0.0236451
0
0
0.008366
0
0.0056118
0
0
0.0262756
0.0108797
0
0
0
0
0
0
0
0
0
0
0
0
0
0
0
0.00274742
0
0
0.0034168
0.0058841
0
0
0.0056618
0.00300432
0
0
0.00268794
0
0.00552811
0.00249533
0
0
0.00268449
0
0
0
0.00249991
0
0.00270568
0.00287706
0
0.00278069
0
0
0
0
0.00249991
0.0114411
0
0
0.00278069
0.00284143
0
0
0.0112648
0
0
0
0.123151
0
0
0.00284143
0.0199502
0
0.00278069
0.00562654
0
0
0.00387468
0.00281552
0
0
0
0
0
0
0.977002
0
0.00274742
0
0
0.00590299
0.00298596
0.00539527
0.005916
0.0258927
0.00317818
0
0
0
0
0.00846341
0.00277794
0
0
0.00261903
0.00567532
0
0.005404
0
0.116308
0
0
0
0
0.00249991
0.0253228
0
0
0
0
0.00264108
0
0.00982729
0
0.00256101
0
0
0
0
0.00416652
0
0
0
0
0
0
0.00294819
0
0
0
0
0
0
0
0.00284717
0.0035836
0.0122029
0
0
0
0.00284734
0
0.00474422
0
0
0
0
0.00288141
0
0.00284734
0
0
0
0.00284734
0
0
0
0
0
0
0
0
0
0
0
0
0
0
0
0
0
0
0
0
0
0
0
0.00257101
0
0
0.00284734
0
0
0
0
0
0
0
0.0822911
0
0
0
0.00559476
0
0
0
0
0
0
0.0162074
0
0
0
0
0
0.324434
0
1.0525
0
0
0
0
0
0
0
0.00263261
0
0
0.00537175
0.00848237
0.0030764
0.0164845
0
0
0
0.00293565
0
0
0
0.00470029
0.0026892
0
0
0.00256581
0.00288885
0.032706
0
0
0
0
0.00581311
0.011465
0
0
0
0
0.00258294
0
0.0122783
0
0
0.00581311
0
0
0
0.0139948
0
0
0
0.00328089
0
0
0.00286493
0
0
0
0
0
1
0
0
0
0
0
0
0
0
0
0
0
0
0
0
0
0
0
0
0
0
0
0
0
0
0
0
0
0
0
0
0
0
0
0
0
0
0
0
0
0
0
0
0
0
0
0
0
0
0
0
0
0
0
0
0
0
0
0
0
0
0
0
0
0
0
0
0
0
0
0
0
0
0
0.927219
0
0
0
0
0
0
0
0
0
0
0
0
0
0
0
0
0
0
0
0
0
0
0
0
0
0
0
0
0
0
0
0
0
0
0
0
0
0
0
0
0
0
0
0
0
0
0
0
0
0
0
0
0
0
0
0
0
0
0
0.998389
0
0
0
0
0
0
0
0
0
0
0
0
0
0
0
0
0
0
0
0
0
0
0
0
0
0
0
0
0
0
0
0
0
0
0
0
0
0
0
0
0
0
0
0
0
0
0
0
0
0
0
0
0
0
0
0
0
0
0
0
0
0
0
0
0
0
0
0
0
0
1
0
0
0
0
0
0
0
0
0
0
0
0
0
0
0
0
0
0
0
0
0
0
0
0
0
0
0
0
0
0
0
0
0
0
0
0
0
0
0
0
0
0
0
0
0
0
0
0
0
0
0
0
0
0
0
0
0
0
0
0
0.439622
0
0
0
0
0
0
0
0
0
0
0
0
0
0
0
0
0
0
0
0
0
0
0
0
0
0
0
0
0
0
0
0
0
0
0
0
0
0
0
0
0
0
0
0
0
0
0
0
0
0
0
0
0
0
0
0
0
0
0
0
0
0
0
0
0
0
0
0
0
0
0
0
0
0
0
0
0
0
0
0
0
0
0
0
0
0
0
0
0
0
0
0
0
0
0
0
0
0
0
0
0
0
0
0
0
0
0
0
0
0
0
0
0
0
0
0
0
0
0
0
0
0
0
0
0
0
0
0
0
0
0
0
0
0
0
0
0
0
0
0
0
0
0
0
0
0
0
0
0
0
0
0
0
0
0
0
0
0
0
0
0
0
0
0
0
0
0
0
0
0
0
0
0
0
0
0
0
0
0
0
0
0
0
0
0
0
0
0
0
0
0
0
0
0
0
0
0
0
0
0
0
0
0
0
0
0
0
0
0
0
0
0
0
0
0
0
0
0
0
0
0
0
0
0
0
0
0
0
0
0
0
0
0
0
0
0
0
0
0
0
0
0
0
0
0
0
0
0
0
0
0
0
0
0
0
0
0
0
0
0
0
0
0
0
0
0
0
0
0
0
0
0
0
0
0
0
0
0
0
0
0
0
0
0
0
0
0
0
0
0
0
0
0
0
0
0
0
0
0
0
0
0
0
0
0
0
0
0
0
0
0
0
0
0
0
0
0
0
0
0
0
0
0
0
0
0
0
0
0
0
0
0
0
0
0
0
0
0
0
0
0
0
0
0
0
0
0
0
0
0
0
0
0
0
0
0
0
0
0
0
0
0
0
0
0
0
0
0
0
0
0
0
0
0
0
0
0
0
0
0
0
0
0
0
0
0
0
0
0
0
0
0
0
0
0
0
0
0
0
0
0
0
0
0
0
0
0
0
0
0
0
0
0
0
0
0
0
0
0
0
0
0
0
0
0
0
0
0
0
0
0
0
0
0
0
0
0
0
0
0
0
0
0
0
0
0
0
0
0
0
0
0
0
0
0
0
0
0
0
0
0
0
0
0
0
0
0
0
0
0
0
0
0
0
0
0
0
0
0
0
0
0
0
0
0
0
0
0
0
0
0
0
0
0
0
0
0
0
0
0
0
0
0
0
0
0
0
0
0
0
0
0
0
0
0
0
0
0
0
0
0
0
0
0
0
0
0
0
0
0
0
0
0
0
0
0
0
0
0
0
0
0
0
0
0
0
0
0
0
0
0
0
0
0
0
0
0
0
0
0
0
0
0
0
0
0
0
0
0
0
0
0
0
0
0
0
0
0
0
0
0
0
0
0
0
0
0
0
0
0
0
0
0
0
0
0
0
0
0
0
0
0
0
0
0
0
0
0
0
0
0
0
0
0
0
0
0
0
0
0
0
0
0
0
0
0
0
0
0
0
0
0
0
0
0
0
0
0
0
0
0
0
0
0
0
0
0
0
0
0
0
0
0
0
0
0
0
0
0
0
0
0
0
0
0
0
0
0
0
0
0
0
0
0
0
0
0
0
0
0
0
0
0
0
0
0
0
0
0
0
0
0
0
0
0
0
0
0
0
0
0
0
0
0
0
0
0
0
0
0
0
0
0
0
0
0
0
0
0
0
0
0
0
0
0
0
0
0
0
0
0
0
0
0
0
0
0
0
0
0
0
0
0
0
0
0
0
0
0
0
0
0
0
0
0
0
0
0
0
0
0
0
0
0
0
0
0
0
0
0
0
0
0
0
0
0
0
0
0
0
0
0
0
0
0
0
0
0
0
0
0
0
0
0
0
0
0
0
0
0
0
0
0
0
0
0
0
0
0
0
0
0
0
0
0
0
0
0
0
0
0
0
0
0
0
0
0
0
0
0
0
0
0
0
0
0
0
0
0
0
0
0
0
0
0
0
0
0
0
0
0
0
0
0
0
0
0
0
0
0
0
0
0
0
0
0
0
0
0
0
0
0
0
0
0
0
0
0
0
0
0
0
0
0
0
0
0
0
0
0
0
0
0
0
0
0
0
0
0
0
0
0
0
0
0
0
0
0
0
0
0
0
0
0
0
0
0
0
0
0
0
0
0
0
0
0
0
0
0
0
0
0
0
0
0
0
0
0
0
0
0
0
0
0
0
0
0
0
0
0
0
0
0
0
0
0
0
0
0
0
0
0
0
0
0
0
0
0
0
0
0
0
0
0
0
0
0
0
0
0
0
0
0
0
0
0
0
0
0
0
0
0
0
0
0
0
0
0
0
0
0
0
0
0
0
0
0
0
0
0
0
0
0
0
0
0
0
0
0
0
0
0
0
0
0
0
0
0
0
0
0
0
0
0
0
0
0
0
0
0
0
0
0
0
0
0
0
0
0
0
0
0
0
0
0
0
0
0
0
0
0
0
0
0
0
0
0
0
0
0
0
0
0
0
0
0
0
0
0
0
0
0
0
0
0
0
0
0
0
0
0
0
0
0
0
0
0
0
0
0
0
0
0
0
0
0
0
0
0
0
0
0
0
0
0
0
0
0
0
0
0
0
0
0
0
0
0
0
0
0
0
0
0
0
0
0
0
0
0
0
0
0
0
0
0
0
0
0
0
0
0
0
0
0
0
0
0
0
0
0
0
0
0
0
0
0
0
0
0
0
0
0
0
0
0
0
0
0
0
0
0
0
0
0
0
0
0
0
0
0
0
0
0
0
0
0
0
0
0
0
0
0
0
0
0
0
0
0
0
0
0
0
0
0
0
0
0
0
0
0
0
0
0
0
0
0
0
0
0
0
0
0
0
0
0
0
0
0
0
0
0
0
0
0
0
0
0
0
0
0
0
0
0
0
0
0
0
0
0
0
0
0
0
0
0
0
0
0
0
0
0
0
0
0
0
0
0
0
0
0
0
0
0
0
0
0
0
0
0
0
0
0
0
0
0
0
0
0
0
0
0
0
0
0
0
0
0
0
0
0
0
0
0
0
0
0
0
0
0
0
0
0
0
0
0
0
0
0
0
0
0
0
0
0
0
0
0
0
0
0
0
0
0
0
0
0
0
0
0
0
0
0
0
0
0
0
0
0
0
0
0
0
0
0
0
0
0
0
0
0
0
0
0
0
0
0
0
0
0
0
0
0
0
0
0
0
0
0
0
0
0
0
0
0
0
0
0
0
0
0
0
0
0
0
0
0
0
0
0
0
0
0
0
0
0
0
0
0
0
0
0
0
0
0
0
0
0
0
0
0
0
0
0
0
0
0
0
0
0
0
0
0
0
0
0
0
0
0
0
0
0
0
0
0
0
0
0
0
0
0
0
0
0
0
0
0
0
0
0
0
0
0
0
0
0
0
0
0
0
0
0
0
0
0
0
0
0
0
0
0
0
0
0
0
0
0
0
0
0
0
0
0
0
0
0
0
0
0
0
0
0
0
0
0
0
0
0
0
0
0
0
0
0
0
0
0
0
0
0
0
0
0
0
0
0
0
0
0
0
0
0
0
0
0
0
0
0
0
0
0
0
0
0
0
0
0
0
0
0
0
0
0
0
0
0
0
0
0
0
0
0
0
0
0
0
0
0
0
0
0
0
0
0
0
0
0
0
0
0
0
0
0
0
0
0
0
0
0
0
0
0
0
0
0
0
0
0
0
0
0
0
0
0
0
0
0
0
0
0
0
0
0
0
0
0
0
0
0
0
0
0
0
0
0
0
0
0
0
0
0
0
0
0
0
0
0
0
0
0
0
0
0
0
0
0
0
0
0
0
0
0
0
0
0
0
0
0
0
0
0
0
0
0
0
0
0
0
0
0
0
0
0
0
0
0
0
0
0
0
0
0
0
0
0
0
0
0
0
0
0
0
0
0
0
0
0
0
0
0
0
0
0
0
0
0
0
0
0
0
0
0
0
0
0
0
0
0
0
0
0
0
0
0
0
0
0
0
0
0
0
0
0
0
0
0
0
0
0
0
0
0
0
0
0
0
0
0
0
0
0
0
0
0
0
0
0
0
0
0
0
0
0
0
0
0
0
0
0
0
0
0
0
0
0
0
0
0
0
0
0
0
0
0
0
0
0
0
0
0
0
0
0
0
0
0
0
0
0
0
0
0
0
0
0
0
0
0
0
0
0
0
0
0
0
0
0
0
0
0
0
0
0
0
0
0
0
0
0
0
0
0
0
0
0
0
0
0
0
0
0
0
0
0
0
0
0
0
0
0
0
0
0
0
0
0
0
0
0
0
0
0
0
0
0
0
0
0
0
0
0
0
0
0
0
0
0
0
0
0
0
0
0
