0
0
0
0
0
0
0
0
0
0
0
0
0
0
0
0
0
0
0
0
0
0
0
0
0
0
0
0
0
0
0
0
0
0
0
0
0
0
0
0
0
0
0
0
0
0
0
0
0
0
0
0
0
0
0.00335692
0
0.0676167
0
0
0
0
0
0
0
0
0
0
0
0
0
0.00254605
0
0
0
0
0
0
0
0
0
0
0
0
0
0
0
0
0
0
0
0
0
0
0
0
0
0
0
0
0
0
0
0
0
0
0
0
0
0
0
0
0
0
0
0
0
0
0
0
0
0
0
0
0
0
0
0
0
0
0
0.0126505
0
0.646743
0
0
0.989163
0
0
0
0
0
0
0
0
0
0
0
0
0
0
0
0
0
0
0
0
0
0
0
0
0
0
0
0
0
0
0
0
0
0
0
0
0
0
0
0
0
0
0
0
0
0
0
0
0
0
0
0
0
0
0
0
0
0
0
0
0
0
0
0
0
0
0
0
0
0
0
0
0
0
0
0
0
0
0
0
0
0
0
0
0
0
0
0
0
0
0
0
0
0
0
0
0
0
0
0
0
0
0
0
0
0
0
0
0
0
0
0
0
0
0
0
0
0
0
0
0
0
0
0
0
0
0
0
0
0
0
0
0
0
0
0
0
0
0
0
0
0
0
0
0
0
0
0
0
0
0
0
0
0
0
0
0
0
0
0
0
0
0
0
0
0
0
0
0
0
0
0
0
0
0
0
0
0
0
0
0
0
0
0
0
0
0
0
0
0
0
0
0
0
0
0
0
0
0
0
0
0
0
0
0
0
0
0
0
0
0
0
0
0
0
0
0
0
0
0
0
0
0
0
0
0
0
0
0
0
0
0
0
0
0
0
0
0
0
0
0
0
0
0
0
0
0
0
0
0
0
0
0
0
0
0
0
0
0
0
0
0
0
0
0
0
0
0
0
0
0
0
0
0
0
0
0
0
0
0
0
0
0
0
0
0
0
0
0
0
0
0
0
0
0
0
0
0
0
0
0
0
0
0
0
0
0
0
0
0
0
0
0
0
0
0
0
0
0
0
0
0
0
0
0
0
0
0
0
0
0
0
0
0
0
0
0
0
0
0
0
0
0
0
0
0
0
0
0
0
0
0
0
0
0
0
0
0
0
0
0
0
0
0
0
0
0
0
0
0
0
0
0
0
0
0
0
0
0
0
0
0
0
0
0
0
0
0
0
0
0
0
0
0
0
0
0
0
0
0
0
0
0
1.00266
0
0
0
0
0
0
0
0
0
0
0
0
0
0
0
0
0
0
0
0
0
0
0
0
0
0
0
0
0
0
0
0
0
0
0
0
0
0
0
0
0
0
0
0
0
0
0
0
0
0
0
0
0
0
0
0
0
0
0
0
0
0
0
0
0
0
0
0
0
0
0
0
0
0
0
0
0
0
0
0
0
0
0
0
0
0
0
0
0
0
0
0
0
0
0
0
0
0
0
0
0
0
0
0
0
0
0
0
0
0
0
0
0
0
0
0
0
0
0
0
0
0
0
0
0
0
0
0
0
0
0
0
0
0
0
0
0
0
0
0
0
0
0
0
0
0
0
0
0
0
0
0
0
0
0
0
0
0
0
0
0
0
0
0
0
0
0
0
0
0
0
0
0
0
0
0
0
0
0
0
0
0
0
0
0
0
0
0
0
0
0
0
0
0
0
0
0
0
0
0
0
0
0
0
0
0
0
0
0
0
0
0
0
0
0
0
0
0
0
0
0
0
0
0
0
0
0
0
0
0
0
0
0
0
0
0
0
0
0
0.493264
0
0
0
0
0
0
0
0
0
0
1
0
0
0
0
0
0
0
0
0
0
0
0
0
0
0
0
0
0
0
0
0
0
0
0
0
0
0
0
0
0
0
0
0
0
0
0
0
0
0
0
0
0
0
0
0
0
0
0
0
0
0
0
0
0
0
0
0
0
0
0
0
0
0
0
0
0
0
0
0
0
0
0
0
0
0
0
0
0
0
0
0
0
0
0
0
0
0
0
0
0
0
0
0
0
0
0
0
0
0
0
0
0
0
0
0
0
0
0
0
0
0
0
0
0
0
0
0
0
0
0
0
0
0
0
0
0
0
0
0
0.0155666
0
0
0
0
0
0
0
0
0
0
0
0
0
0
0
0
0
0
0
0
0
0
0
0
0
0
0
0
0
0
0
0
0
0
0
0
0
0
0
0
0
0
0
0
0
0
0
0
0
0
0
0
0
0
0
0
0
0
0
0
0
0
0
0
0
0
0
0
0
0
0
0
0
0
0
0
0
0
0
0
0
0
0
0
0
0
0
0
0
0
0
0
0
0
0
0
0
0
0
0
0
0
0
0
0
0
0
0
0
0
0
0
0
0
0
0
0
0
0
0
0
0
0
0
0
0
0
0
0
0
0
0
0
0
0
0
0
0
0
0
0
0
0
0
0
0
0
0
0
0
0
0
0
0
0
0
0
0
0
0
0
0
0
0
0
0
0
0
0
0
0
0
0
0
0
0
0
0
0
0
0
0
0
0
0
0
0
0
0
0
0
0
0
0
0
0
0
0
0
0
0
0
0
0
0
0
0
0
0
0
0
0
0
0
0
0
0
0
0
0
0
0
0
0
0
0
0
0
0
0
0
0
0
0
0
0
0
0
0
0
0
0
0
0
0
0
0
0
0
0
0
0
0
0
0
0
0
0
0
0
0
0
0
0
0
0
0
0
0
0
0
0
0
0
0
0
0
0
0
0
0
0
0
0
0
0
0
0
0
0
0
0
0
0
0
0
0
0
0
0
0
0
0
0
0
0
0
0
0
0
0
0
0
0
0
0
0
0
0
0
0
0
0
0
0
0
0
0
0
0
0
0
0
0
0
0
0
0
0
0
0
0
0
0
0
0
0
0
0
0
0
0
0
0
0
0
0
0
0
0
0
0
0
0
0
0
0
0
0
0
0
0
0
0
0
0
0
0
0
0
0
0
0
0
0
0
0
0
0
0
0
0
0
0
0
0
0
0
0
0
0
0
0
0
0
0
0
0
0
0
0
0
0
0
0
0
0
0
0.0364784
0
0
0
0
0
0
0
0
0
0
0
0
0
0
0
0
0
0
0
0
0
0
0
0
0
0
0
0
0.0364747
0
0
0
0
0
0
0
0
0
0
0
0
0
0
0
0
0
0
0
0
0.00271801
0
0
0
0
0
0
0
0
0
0
0
0
0
0
0
0
0
0
0
0
0
0
0.00366116
0
0
0
0
0
0
0
0
0
0
0
0
0
0
0
0
0
0
0
0
0
0
0.00443478
0
0
0
0
0
0
0
0
0
0
0
0
0
0.00517195
0.00278708
0.0177193
0
0
0
0
0
0
0
0
0
0.996236
0
0
0
0
0
0.00278851
0
0
0
0
0
0
0
0
0
0
0
0.00271481
0
0
0
0
0
0
0
0
0
0
0
0
0.00529262
0
0
0
0.00271481
0
0
0
0
0
0.00269276
0
0
0
0
0
0
0
0
0
0
0
0
0
0
0
0
0
0
0
0
0
0
0
0
0
0.0027308
0
0
0
0
0
0
0
0
0
0
0
0
0
0
0
0
0
0
0
0
0.00271658
0
0.0472567
0
0
0
0
0
0
0
0
0.00279393
0.00539317
0
0
0
0
0
0
0
0.00518955
0
0
0
0.00512199
0.0126207
0
0
0
0.00352187
0
0
0
0
0
0
0.00505983
0
0.00546471
0.0217511
0.0510875
0.0390281
0
0
0
0
0
0
0
0
0.998814
0
0
0
0
0
0
0.0131094
0
0.00811643
0
0
0
0
0
0
0
0
0
0
0
0.00260187
0
0
0
0
0
0
0.00271139
0
0.00269276
0.00260132
0
0.00250451
0.00264843
0
0.00259987
0.00324983
0
0
0
0
0
0.00277828
0
0
0.00269276
0.00520119
0
0.00259987
0
0
0
0
0
0
0
0
0.00268485
0.00250939
0
0
0.00250939
0
0
0
0
0.00271062
0.00278198
0
0
0.00935884
0
0
0.00268485
0.00250939
0
0
0
0
0.00276754
0
0.00821083
0
0
0
0
0
0
0
0
0
0.00268293
0
0.0299355
0
0
0
0
0
0
0
0
0.00823635
0
0
0
0.00650548
0
0
0
0.0230345
0.00251703
0
0
0
0.00527235
0.00696536
0
0
0
0.00256891
0.0150295
0
0
0
0
0.00784915
0
0
0
0.0332958
0.0167682
0.010933
0.397638
0.215572
0
0
0
0
0
0
1.01269
0
0
0.00266896
0
0
0
0.00519669
0.00744005
0.00526349
0.00268282
0
0.00267983
0
0
0
0
0
0.00251865
0
0
0.00262318
0.00343467
0.00268059
0
0
0
0
0
0
0
0
0.00240624
0
0
0
0
0
0
0
0
0.00246325
0.00253818
0
0
0
0
0
0
0
0
0
0
0
0
0
0.00528504
0.00786271
0
0
0
0.00505426
0
0.00315769
0.0186912
0
0
0.0163385
0.00520088
0
0
0
0.00532126
0
0
0
0.00250198
0.00827022
0.00636162
0
0
0
0
0
0
0
0
0.00547302
0.0165314
0.00694506
0.180811
0
0
0
0
0
0
0.00547302
0
0.0026029
0
0.0247626
0.00507658
0
0.00251865
0.00264967
0
0.00251865
0.00803036
0
0.0655531
0.00797221
0
0.00549296
0.00815094
0.00776901
0
0
0
0.00251865
0.010534
0.00510124
0
0.00519363
0.0232455
0.00795097
0.0635296
0.103577
0
0
0
0
0
0
0
0
0.985989
0
0.00277623
0.00248911
0
0
0
0.00888926
0.011212
0
0.00275516
0
0.00251055
0
0
0
0
0
0.0026074
0.00436023
0.00539039
0
0.010756
0
0.00256549
0.00563943
0.00456085
0
0.00261588
0
0.00251126
0
0
0.00271739
0
0.00273651
0
0
0
0.00273651
0
0.0131388
0
0.00255481
0
0
0.00273651
0
0.00273651
0
0
0
0
0
0
1.0098
0.541941
0
0.00273957
0
0
0
0
0
0
0.0152204
0
0.00260673
0.00269507
0.087127
0.00262251
0
0.0754065
0
0
0
0
0
0.0214352
0
0.00265978
0.0113264
0.00925235
0
0
0
0
0
0.0052876
0
0
0.0544904
0.00353489
0.048641
0
0
0.00840588
0
0
0
0
0.00534665
0.00268455
0.00917456
0.0394854
0.00504412
0.00260784
0.00260808
0.00544826
0.00515228
0
0.00497451
0.00250042
0.14641
0
0
0
0.00526278
0.0109789
0.00807327
0
0.00275097
0
0
0.00251126
0
0
0.0121178
0.00266649
0.0291764
0.0380019
0.612527
0.0795955
0.298441
0
0
0
0
1.01095
0
0
0
0.996533
0
0.00247512
0
0.00249816
0
0.0144552
0.0367019
0.0110564
0.0041408
0.00682693
0.225269
0
0
0.00247373
0
0
0
0.00247442
0.00548363
0.0103519
0
0.0055519
0
0
0.00528986
0
0
0
0.00816574
0
0
0.00247442
0.00255322
0
0.231608
0
0.00247442
0
0.00265771
0
0
0
0.0239584
0
0.00501448
0
0
0.00518924
0.00277545
0
0
0
0
0
0
0
0
0.663482
0.979259
0.0107054
0.0388984
0.0152701
0.00278034
0
0
0
0
0
0.013781
0
0
0.00782318
0.165476
0.00278034
0
0
0
0
0
0
0
0
0
0.0206484
0
0.00256307
0
0.00250321
0
0.00280394
0
0
0.0152639
0.0456875
0
0.116968
0
0
0
0.00250321
0
0
0.00763193
0.0024883
0.00572372
0.008044
0.0201316
0.0209235
0.00256307
0
0.00261614
0
0
0.00261614
0
0.158479
0
0.0037663
0
0
0.00806702
0.00247442
0
0
0
0
0.00261614
0
0
0.00789872
0.00269791
0.0256281
0.0215432
0.485705
0.00931265
0
0
0
0
0
0
0.551941
0
0
0
0.984529
0.00260666
0
0.00263026
0.00528543
0
0
0
0
0
0
0.0027947
0
0
0.0026074
0
0.00528692
0
0
0
0
0.00258205
0
0
0
0
0
0.0115923
0.00561064
0
0
0
0
0.0106604
0
0
0
0
0
0
0
0
0
0
0.00572388
0
0.00249816
0.00255322
0
0
0
0
0
0
0
0
1.00074
0
0
0
0
0
0.00267804
0.0026691
0
0.00344209
0
0.00280688
0
0.114248
0
0
0
0
0.00277545
0
0
0
0.00272195
0
0.0120753
0
0
0
0.00267804
0
0.00853279
0
0
0.0118948
0.0248159
0
0
0
0
0.00822152
0
0.00257543
0
0.00362015
0.0124484
0
0.0233938
0
0.00512384
0.00277002
0
0
0
0.00270487
0.00517097
0.0993345
0.00544858
0.0036111
0
0.00284202
0
0
0
0
0.00502952
0
0.00267281
0.00289155
0.00270487
0.0103815
0
0.00579724
0.0112031
0.114393
0.0188193
0
0
0
0
0
0
0
0
0
0
0
0
0
0.00441501
0
0
0
0
0.00268168
0
0
0
0
0
0
0
0
0
0.00791491
0
0
0
0.00285105
0
0
0
0
0
0
0
0.00246618
0
0
0
0.0161265
0
0
0
0
0
0
0
0
0
0
0
0
0
0.449353
0
0.00255322
0
0
0
0.00270487
0
0
0.0113853
0
0
0
0.0173932
0
0
0.00533356
0
0
0
0.0202865
0
0
0.00980274
0
0.00268514
0
0.00270487
0
0
0
0
0
0.0165549
0
0
0
0
0.0646581
0
0.00261267
0
0
0.0026179
0
0
0
0
0
0.0026074
0
0
0.0026074
0.0272665
0
0
0
0
0.00258406
0.0026074
0
0
0
0
0.0026074
0
0
0.00340095
0.0027027
0.00815936
0.033134
0
0
0
0
0
0
0
0
0
0
0
0
0
0
0
0
0
0
0
0
0
0
0
0
0
0
0
0.00411632
0
0.00285785
0
0
0
0
0
0
0
0
0
0
0.00273471
0
0
0
0
0
0
0
0
0
0
0
0
0
0
0
0.118963
0
0
0
0
0
0
0
0
0
0
0.00363085
0
0
0
0
0
0
0
0
0
0
0.00260701
0
0
0
0.00358463
0
0
0
0
0
0
0
0
0
0
0.0052554
0
0
0
0
0
0
0
0
0
0
0
0
0
0.0027422
0
0
0
0
0
0
0.01896
0
0
0
0
0
0
0
0
0
0
0
0
0
0
0
0.00270761
0.00684399
0
0
0
0
0
0
0
0
0
0
0
0
0
0
0
0
0
0
0
0
0
0
0
0
0.00277778
0
0
0
0
0
0
0
0
0
0
0
0
0
0
0
0
0
0
0
0
0
0
0
0
0
0
0
0
0
0
0
0
0.507474
0
0.547492
0
0
0
0
0.00278034
0
0
0
0.00260701
0
0.0083048
0
0
0
0.016288
0
0
0
0
0
0
0
0.0117959
0.00267859
0
0
0
0
0
0
0
0
0
0
0.00558644
0.00778654
0
0
0
0
0
0
0
0
0
0
0
0
0
0.00267859
0
0
0
0
0
0
0
0.016422
0
0
0
0
0
0
0
0
0
0
0
0
0.00468405
0
0.00535262
0.00552796
0
0
0
0
0
0
0.992835
0
0
0
0
0.0025845
0
0
0
0
0
0
0
0
0
0
0
0
0
0.0025845
0
0
0
0
0
0
0
0
0
0
0
0
0
0
0
0
0
0
0
0
0
0
0
0
0
0
0
0
0
0
0.003622
0.0110764
0.00517568
0.00864155
0
1
0
0
0
0
0
0
0
0
0
0
0
0
0
0
0.00270532
0
0
0
0
0
0
0
0
0
0
0
0
0.00623428
0
0
0
0
0
0
0
0
0
0.00415619
0
0
0
0
0
0
0
0
0
0
0
0
0
0
0
0
0
0
0
0
0
0
0.0119264
0
0
0
0
0
0
0
0
0
0
0
0
0
0
1
0
0
0.027421
0
0.963178
0
0
0
0
0.00249929
0
0
0
0
0
0
0
0
0
0
0.00249999
0
0
0
0
0
0
0
0
0
0
0
0
0
0
0
0
0
0
0
0
0
0
0
0
0
0
0
0
0
0
0
0
0
0
0.0137412
0.0922118
0.0130582
0.071117
0
1
0
0
0
0.0186347
0
0
0
0
0
0
0
0
0
0.00356719
0
0
0.00511324
0
0
0
0
0
0.00259406
0
0
0
0
0
0
0
0
0
0
0.00268175
0
0
0
0
0
0.156348
0
0
0
0
0
0
0
0
0.030732
0
0
0
0
0
0
0
0
0
0
0.0134308
0.0648803
0.0130336
0
0
0.00266193
0
0
0
0
0
0
0
0
0.0055944
0
0
0.00798579
1.00388
0
0
0.459817
0.435341
0
0
0.00254383
0.00238999
0.00257823
0.00250652
0.0881591
0
0
0.00504699
0
0
0
0
0
0
0.00257896
0
0.0026832
0.00251773
0
0
0.00542745
0
0
0
0.0034095
0.0122769
0
0
0
0
0
0.00768869
0
0.123116
0
0
0
0
0
0
0.00264365
0
0
0
0
0
0
0
0
0
0.109934
0.0484259
0.0368057
0.0485117
0.132552
0
0
0
1.004
0
0.0205695
0
0
0
0.00284169
0.00259406
0.0053589
0
0.0473542
0.00566327
0.00298707
0.00569308
0
0.00292908
0
0
0
0
0
0.00284169
0.0155644
0
0
0
0
0.00295042
0
0
0
0
0.00278542
0
0
0.00533302
0
0.00825394
0.141968
0.00527474
0
0
0
0
0
0
0.00541182
0.0648016
0
0.00560778
0
0
0
0
0.0215548
0
0
0.00528971
0
0.0134226
0.112601
0.0294142
0
0
0.00291779
0
0
0
0.00249929
0
0
0
0
0.00280477
0
0.00939944
0.0156773
1
0
0.962882
0
0.660978
0
0
0
0
0.00268238
0.00804929
0
0
0.00408946
0.0156998
0
0.00265146
0
0
0
0
0
0.00276698
0.00268238
0.00784988
0
0.0108354
0.00817893
0
0.0026789
0.0149138
0.0269576
0.00251675
0.0027835
0.0193645
0
0.00561147
0.00280292
0
0.00284169
0
0
0
0
0.00305728
0.0146454
0
0
0
0
0.00268238
0
0
0
0
0.00554919
0.105325
0.0383369
0.0108012
0.0941189
0
0
0
0.964588
0
0
0
0
0
0
0
0.0166051
0
0.0358479
0.00568019
0.0158105
0.0110281
0
0
0.00282075
0
0
0
0.00313494
0.00254415
0.0115159
0.00557634
0
0
0.00619662
0.00274535
0
0.00261395
0
0.0056994
0.00278021
0
0
0.00533359
0
0.0128442
0.0344275
0.00854115
0
0
0
0
0.0056123
0
0.0139943
0.0558677
0.012014
0
0
0
0
0.00266193
0
0.00543928
0.00292908
0
0.0164551
0.0631985
0.0575701
0.00285051
0
0
0.0128109
0
0
0
0
0
0
0
0
0.958432
0.00267474
0.00544207
0.0344202
0
0.983389
0
1.01165
0
0
0.376704
0
0
0
0.00569095
0.00292249
0
0.00261513
0.00368959
0
0.0029742
0.00529097
0
0
0
0.00277339
0
0.00298647
0.00554418
0.00796254
0
0
0
0.00267107
0
0.00365632
0.0052315
0
0
0.00531996
0
0.0025845
0
0
0.00280292
0
0
0
0.00269289
0
0
0
0
0.0133986
0
0.0025845
0.00280292
0
0
0
0.00818676
0.0277763
0.013686
0.0708805
0.181552
0
0.00284342
0
0.00268404
0
0
0
0.0135326
0.0523042
0
0.00778089
0.0083883
0
0.00291834
0
0
0
0
0.00279296
0.00257956
0
0.00544722
0.00525886
0.00326289
0.012257
0.00580431
0
0
0.00547391
0.00809046
0
0
0
0
0
0.0109793
0.0392735
0.011216
0.0106873
0.00547391
0
0
0
0.00412729
0
0.0143484
0
0.00563203
0
0
0
0.00291779
0
0
0.00524633
0
0.00278762
0.108489
0.0242262
0.0029995
0
0
0
0
0.00543928
0.00266193
0
0
0
0
1.00149
0
0
0.0445946
0
0
0
1
0.00277183
0
0
0
0.0103395
0
0.00244133
0.00494322
0
0
0
0
0
0.00276788
0
0
0
0.00276295
0.009089
0
0.00544205
0.00600148
0
0.00291552
0
0.00871366
0.00953321
0.029891
0
0.00263847
0
0
0
0
0
0.00289317
0.0047666
0.0417318
0
0
0.0176336
0
0
0.00817022
0
0.00291834
0
0.00288882
0
0.0029247
0.0104968
0.0224949
0.0326137
0.139424
0.0186286
0
0
0
0.00253083
0
0.0066831
0
0
0.0267615
0
0
0.00279412
0
0.00280068
0
0.00813277
0
0.00546838
0
0.00254388
0
0
0
0
0
0
0
0
0
0
0
0
0
0
0
0.0623332
0
0
0
0.0209889
0.00867315
0
0
0
0.0029559
0
0
0
0
0.0388003
0
0.00279795
0.00258487
0
0
0.00284999
0.00305066
0
0
0
0
0.00269907
0.83873
0.0184738
0.00303802
0
0
0
0
0
0
0
0
0
0
0
0.985222
0
0
0.0603092
0
0
0
0
0
0
0.00553452
0.00278425
0
0.00823317
0.00779851
0.018178
0
0
0
0.00267107
0
0
0
0
0.00283827
0.00383184
0.012397
0
0.00253063
0
0.00292249
0
0
0
0
0.00275427
0
0.00549657
0
0
0
0
0
0
0
0
0
0
0
0.00258472
0
0.00255868
0
0
0
0
0
0.00581869
0.0252829
0.0217018
0.0113431
0
0
0.0201426
0.00283827
0.00286744
0
0
0
0
0
0.0253944
0
0.0192404
0.0119162
0
0.00812938
0
0.00254415
0.00477906
0
0
0
0
0.00313403
0
0
0.00250155
0
0
0.00268404
0
0
0.0112449
0
0.00800352
0.00305328
0.0077326
0.04047
0
0
0
0.00469062
0
0
0.00299864
0.0100651
0.00570428
0.00352833
0
0
0.00246338
0
0
0.00511443
0
0
0.0104686
0
0
0.00600895
0
0
0.00507606
0
0
0
0.00511443
0
0
0
0
1.02479
0.00570542
0.00593062
0.0100861
0.00517749
0.473636
0
0
0
0.00268432
0.00826342
0
0
0.00386089
0
0
0
0.0050665
0
0
0
0
0.0326374
0
0
0.0052724
0.00437688
0.00841606
0
0.00524396
0
0
0
0
0
0.0027426
0
0
0.00258929
0.00255868
0.00267542
0
0
0
0
0
0.00262285
0
0
0
0
0.0170942
0.00419237
0.00257956
0.00517291
0
0.00267542
0
0
0
0.00746294
0.0102252
0
0
0
0.00258867
0
0
0
0
0
0.0121229
0.00309981
0
0.164832
0.00867442
0
0.011207
0
0
0
0.00247307
0.00293427
0
0
0
0
0
0
0
0.00299864
0.00258867
0.00553236
0.00270709
0
0
0
0
0
0
0.00286832
0
0
0.00281492
0
0
0
0
0
0.00914778
0.0128068
0
0
0
0
0
0
0
0.0025845
0.00276668
0
0
0.0409702
0
0.00281563
0
0
0
0
0.00291779
0
0
0
0
0
0
0
0
0
0
0
0
0
0
0
0
0
0.00402343
0
0
0
0.00267032
0
0.00287131
0.00536463
0
0.00329115
0
0.0127318
0
0
0
0.00273112
0
0.00538538
0
0
0
0.00570574
0.00277499
0.00306242
0.00262819
0.00276411
0
0
0
0.00424301
0
0
0
0
0
0.00276411
0.0173868
0
0.00589494
0.0025037
0
0
0
0
0
0.0171222
0.0218357
0.00293593
0.00805743
0.00288882
0.0111641
0
0.00425008
0
0.00290806
0
0.0524232
0.00578469
0.00566894
0.0110681
0
0.00826589
0
0
0
0
0.00258882
0.00850016
0.0206752
0.00905565
0
0
0.00291522
0
0
0
0.00589057
0
0
0.00630474
0
0
0
0
0.00309161
0
0
0
0.00300267
0
0
0
0
0.00907461
0
0.0148312
0
0
0
0.00299864
0.0059093
0
0.00291779
0.00296339
0
0.00855622
0.325838
0.00265007
0
0
0
0
0
0.00284999
0
0
0
0
0
0.00293682
0
0.0030913
0
0
0.00276217
0
0
0
0.00864918
0
0.00280327
0.00296593
0
0.00305918
0
0
0.00266091
0.00273213
0.00294311
0.00392692
0
0
0
0.00296593
0.00281554
0.00889119
0
0.00296593
0.00296404
0
0
0
0
0.00851764
0
0
0
0.00254908
0.00253083
0
0.00295802
0
0
0.00558466
0
0.0272558
0
0.00298161
0
0.00420862
0
0
0
0
0.0189394
0
0.00453978
0
0
0
0
0
0.00285373
0
0.0146508
0.00301262
0.017221
0.0218088
0
0
0.00288474
0
0
0.00485095
0
0
0
0.00565769
0
0
0
0
0
0.00503453
0
0.0037935
0
0.0112315
0
0
0.00804686
0
0
0
0.00272056
0.00265655
0
0
0.00763855
0
0.00804686
0.00876108
0
0
0
0.00291522
0.00277261
0
0
0.00554418
0
0
0.0300533
0.0059338
0
0
0.00287327
0
0
0.0110839
0
0
0
0
0.994639
0
0
0
0.00592521
0
0
0
0
0.00293929
0.0140972
0
0
0
0
0
0
0.00297697
0.00296509
0.00276295
0.00246979
0
0
0.00854625
0
0
0.00283827
0
0.00866674
0
0.00253091
0.00284133
0.00291834
0.00291552
0.00295891
0
0.0161863
0
0.00273912
0
0
0
0
0
0.00570498
0.00410574
0
0
0.145018
0.00273912
0
0
0
0
0.00298056
0
0.0357808
0
0
0
0.00539583
0
0
0
0.00546544
0
0
0
0.0341646
0.00828259
0
0
0.00279916
0
0
0.00827083
0
0.0107422
0.00577778
0
0
0
0
0
0
0.0027908
0.00262606
0
0.00707169
0.00538759
0
0
0
0.0030032
0
0
0
0
0
0
0.0130176
0
0
0
0
0
0
0
0.0131857
0.00611546
0
0.0214195
0
0
0.0519898
0
0
0.00532469
0.00291522
0
0
0.0245027
0
0
0
0
0.985327
0
0
0
0.0557221
0.00256174
0
0
0
0
0
0
0
0
0
0
0
0
0
0
0.00283897
0
0
0.00456489
0
0
0
0
0.008391
0
0
0
0.00541619
0
0.0261267
0
0
0
0
0
0.00821069
0
0
0.00299107
0.00285504
0
0
0
0.0826251
0
0
0
0
0
0
0
0
0.00281325
0.00779945
0
0
0.00527453
0.0164724
0
0
0
0
0
0.00960063
0.00286335
0.019993
0
0
0.0105262
0
0.00283339
0
0.381467
0
0
0
0.00872926
0
0
0
0.0335161
0
0
0
0.0247795
0
0
0.00767603
0.0613839
0.00860423
0
0
0
0
0.00283339
0.00291792
0.0181215
0
0
0
0.0488062
0
0.0081171
0.021084
0.00268406
0
0.00677958
0
0.0134849
0.0027224
0
0.0602989
0
0
0.0667844
0
0
0
0.00291792
0.00806444
0
0
0.029712
0
0
0
0
0.882936
0
0
0
0
0.0577309
0.00291792
0
0
0
0
0
0
0
0
0
0
0
0
0
0
0
0
0
0.00401332
0
0
0
0
0
0
0
0
0
0
0
0
0
0
0
0
0
0
0
0
0.00569228
0
0
0
0.00635337
0
0
0
0
0
0
0
0
0
0
0
0.00254415
0
0
0
0
0
0.00268988
0
0
0
0.00875797
0.00693036
0
0
0
0
0.00392135
0
0
0
0
0
0
0
0
0
0
0
0
0.00972639
0.0113955
0
0
0
0
0
0
0
0
0
0
0.01999
0.00298001
0
0
0
0
0
0
0
0
0.0082492
0
0
0.0166111
0
0
0
0
0
0
0
0.0082492
0
0
0
0
0.144452
0
0
0
0
0
0.0141913
0
0
0
0
0
0
0
0
0
0
0
0
0
0
0
0
0
0
0
0
0
0
0
0
0
0
0
0
0
0
0
0
0
0
0
0
0
0
0
0
0
0
0
0
0
0
0
0
0
0
0
0
0
0
0
0
0
0
0
0
0
0
0
0
0
0
0
0
0
0.003152
0
0
0
0
0
0
0
0
0
0
0
0
0
0
0
0
0
0
0
0
0.00267875
0
0
0
0
0
0
0
0
0
0
0.00353915
0
0
0
0
0
0
0
0
0
0
0
0
0
0
0
0
0
0
0
0
0
0
0.00324721
0
0
0
0
0.0210432
0
0
0
0
0
0
0
0
0
0
0
0
0.00438083
0
0
0
0
0
0
0
0
0
0
0.00292138
0
0
0
0
0
0
0
0
0
0
0
0
0
0
0
0
0
0
0
0
0
0
0
0
0
0
0
0
0
0
0
0
0
0
0
0
0
0.00271422
0
0
0.00271422
0
0
0
0
0
0.00548451
0
0
0
0
0
0.00271422
0
0
0
0
0
0
0
0
0
0
0
0
0
0
0
0
0
0.0109521
0
0
0
0
0
0
0
0
0
0
0
0
0.00293912
0
0
0
0
0
0
0
0
0.00537508
0.00365766
0.0109593
0
0.0028791
0.00356789
0.00937077
0
0
0
0
0
0
0
0.0112506
0.00571739
0.0300878
0.00715567
0.043848
0
0
0
0
0
0
0
0
0
0
0
0.824154
0.00278131
0.00292138
0
0
0
0
0
0
0
0.00302303
0
0
0.00276049
0
0.00551138
0.00355638
0.0173294
0
0
0
0.00288917
0
0
0
0
0
0.00273592
0
0
0
0
0
0
0
0
0
0
0
0.00304588
0
0
0.0316603
0.00285226
0
0.0144421
0
0
0
0
0
0
0
0
0
0.00277029
0
0
0
0
0
0
0
0
0.00345519
0
0
0
0
0
0
0
0
0
0.0042856
0
0
0
0
0
0
0
0
0
0
0
0
0.0027237
0
0
0.00303087
0
0
0
0
0
0
0
0
0
0
0.00486759
0.00279019
0
0
0
0
0
0
0
0.0028329
0.00260602
0.0171008
0
0.00299831
0
0
0.0353071
0
0
0
0
0.00690897
0.0404895
0.00268228
0
0.00557513
0.00257108
0.10137
0.025289
0
0
0
0
0
0
0
0
0.0057975
0
0
0
0
0.582087
0
0.00276951
0
0
0
0
0.00260772
0.00266808
0
0
0
0
0
0.00570435
0
0.00277107
0
0
0
0
0
0
0
0
0
0
0
0
0.00341091
0.00297039
0
0
0.00555238
0
0
0
0
0.248028
0
0
0
0
0
0.00555238
0
0.00278209
0.00275535
0
0
0.00301883
0
0
0
0
0
0
0
0
0
0
0
0
0
0.0053993
0.0433694
0.00250156
0
0.00271238
0
0
0
0
0
0
0
0
0
0
0
0
0.00285067
0
0
0
0
0.00531285
0.00351232
0
0
0
0
0
0
0
0
0
0
0
0
0
0.00259483
0
0
0
0
0.0274302
0.00345506
0.00553296
0
0.00277853
0.00764352
0.0141262
0
0
0.00265024
0
0.0179905
0
0.0027105
0.0057975
0
0.00322664
0.00285067
0
0.0140328
0.0136779
0.206645
0.0681253
0
0
0
0
0
0
0
0
0
0.00279647
0
0
0
0
0
0.940017
0
0
0
0.00277995
0.0136546
0
0.0111027
0
0
0
0
0
0
0
0
0.0054411
0
0.00265857
0
0.0182886
0
0
0
0
0
0
0
0.0107333
0
0.00269337
0
0
0.0054303
0
0
0
0.0025757
0
0
0.00834453
0
0.00573242
0
0.00270256
0
0.00272774
0
0
0
0
0.00272186
0
0
0.0138337
0
0
0.00277029
0
0
0
0.0123822
0
0.00552347
0.00284392
0.54135
0.00793311
0
0
0
0.002881
0
0
0.00360198
0
0
0
0
0
0
0.168182
0.00249887
0
0.00250288
0
0.00921055
0.0029361
0.00356334
0.00818862
0.0171035
0
0
0
0
0
0
0
0.00264249
0.00316742
0.0056522
0.00567071
0.00654877
0.012953
0
0.002547
0.0117276
0.014068
0
0
0.00255372
0
0
0.0107185
0.0183337
0.0180241
0.0166083
0
0.0117547
0.0107298
0
0.0419736
0
0.00236685
0.0108361
0
0.00820654
0
0
0.054547
0.0435378
0.0309795
0.365617
0.0218915
0.962151
0
0
0
0
0
0.00264278
0
0
0.0105723
1.056
0
0
0
0
0.931634
0
0.00256292
0.0057298
0
0.00566715
0.00336783
0.00249437
0
0
0
0.00287073
0
0.00285145
0
0
0
0.00571492
0
0.00279264
0
0.00290886
0.00295597
0
0
0
0
0
0.00248521
0.00251348
0.00292445
0
0
0
0
0
0.0028484
0.0028986
0.0230668
0
0
0.002547
0
0
0
0
0
0.0024617
0
0.00304052
0
0
0
0
0
0
0.00247273
0
0.00302641
0
0.00960098
0.00588401
0.00269928
0.0102004
0.113946
0
0.00275615
0
0.00523753
0
0
0
0
0
0
0
0
0.969961
0.86254
0
0
0
0
0
0
0
0.150945
0.0485385
0.0496315
0
0
0
0.00249887
0
0
0
0.00512504
0.0172507
0.0334708
0.00350466
0.00791712
0
0.0451496
0
0
0
0
0.00547571
0
0.0598316
0.0136419
0.00821018
0
0.00804415
0
0.0465354
0
0.00490975
0
0
0.00826191
0.00274915
0
0.0111796
0.0424431
0.197372
0.034888
0
0
0
0
0.00886656
0
0.00252038
0
1.00366
0
0
0
1.00071
0.00253514
0.00248591
0.00252663
0.0102209
0.0170618
0.0496486
0.00565024
0
0.00259003
0.00284364
0
0.00522076
0
0.0030037
0.00793845
0.00965914
0.00847792
0
0.0152151
0.00284364
0
0.00293508
0
0
0
0
0.002531
0
0
0
0.0051176
0
0.00648718
0
0
0.00819079
0
0.0072626
0
0.00535674
0.00263684
0.00274064
0.00290833
0
0.00270256
0
0.00266779
0
0
0.0081924
0.0203553
0.0159221
0.00259758
0.00278613
0.00252001
0.00556329
0.00241554
0.00540696
0.00302495
0.146615
0
0.0135548
0.0026662
0.110251
0
0.0138594
0.00956753
0
0.00253424
0
0.00533074
0.0220519
0.00522947
0
0
0
0
0
0.98434
0.991418
0
0.00520266
0.00238332
0.00277771
0.0161576
0.0139058
0.0185041
0.0414652
0.0345561
0.00826306
0
0
0
0
0.00495863
0.00253424
0.00343688
0.00563068
0.0111136
0.0301489
0.0113693
0.00798147
0.0087109
0.0541197
0
0.00276678
0
0.00274915
0.0103465
0.00770674
0.112856
0.0133245
0.0128421
0
0.00813939
0.0166889
0
0.10107
0
0
0.0131774
0.00274915
0.00261733
0
0.019615
0.00528591
0.0510284
0.0243604
0.284022
0.0172937
0
0
0
0
0.00269039
0
0.0132583
0
0
0.376715
0
0
0
1
0.00790573
0
0.0170172
0.00653905
0.0103922
0.0117972
0.0492245
0
0
0.0028258
0.00528372
0
0
0
0.00806991
0.0160826
0
0.00303496
0
0.00247719
0.00261555
0
0
0.00565016
0.00244587
0.0026662
0
0
0.0385815
0
0
0.00256364
0
0
0
0.00291304
0.0027007
0
0
0.00858572
0
0.00518621
0.00256364
0.0027648
0
0.00259412
0
0.0120165
0.00283482
0
0
0.0312611
0.00793477
0.00248235
0
0
0.0107431
0
0
0
0.0740913
0
0.00855664
0.0081116
0.13472
0
0.00237586
0.00284392
0
0
0
0.0175205
0.00259412
0
0
0
0
0
0.967253
0.00246997
0.00247719
0.00231764
0.00282306
0
0.00778141
0.00961366
0.0164834
0.0166306
0.00768348
0
0
0.00247892
0.00535145
0.00770844
0.00247233
0.00337799
0
0.00292576
0.0409198
0.00795217
0.00532444
0.00294492
0.0279676
0.00247892
0
0
0
0.00819431
0.0137998
0.0635517
0.00267315
0.00403845
0
0
0.00536393
0
0.0182337
0
0.00463763
0.00529135
0
0
0.00286659
0.0117602
0
0.0109458
0.00855884
0.125691
0.00410763
0
0
0
0.00583593
0
0.00513354
0
0
0
0
0
0.00261262
0
0.0082114
0.00569818
0.00434635
0.0146761
0.00863884
0
0.00253353
0.00831636
0.0030057
0.010778
0.00259063
0.00259315
0.00552324
0.00411524
0.00562412
0.0150615
0.00267036
0.0145708
0
0
0.00266357
0.0135414
0.0103752
0
0.00810914
0
0.0107039
0.00248521
0.0398431
0
0.00248521
0.00265519
0
0.00499912
0.00439513
0.00823835
0.0054164
0.0106507
0
0
0.00248521
0
0.00253353
0
0.00532292
0
0
0.0193676
0.00772886
0
0.00272774
0.00521002
0.00265499
0
0
0.10513
0
0.00544924
0.00275269
0.0387604
0
0.0359042
0.00272774
0.00276218
0
0
0.019726
0
0
0
0
0
0
1.06817
0
0.00247892
0.00253353
0.00267096
0.00265614
0
0.00482211
0.0114971
0.0165062
0.00742533
0
0
0.0043863
0.00253353
0.0028258
0.00262649
0.00285768
0.00447093
0
0.0027686
0
0.00760403
0.0104021
0
0.036206
0
0
0.00257759
0.00266028
0.0303237
0.097431
0.00546197
0
0
0.00589458
0
0
0.0286956
0.00261787
0
0.0275405
0
0
0.0050659
0.0659956
0.00565292
0.00513362
0.00262904
0.0550448
0
0
0
0.0274915
0.0109051
0
0
0
0
0
0.00556078
0.0109607
0
0
0.0113903
0
0
0.00247892
0
0.00284283
0
0.00533255
0.00547274
0
0.00582152
0.0151525
0.00247892
0.00272309
0.00284276
0
0.00247892
0
0
0
0.00794722
0
0.00538821
0.00490825
0
0.00539076
0.00282329
0
0.00530566
0.00851833
0
0.0050957
0.00500992
0
0.0029093
0.00252805
0.0026923
0.00560028
0.00824582
0
0.00274824
0.0166122
0.00280653
0
0
0.00248146
0.00510261
0.00276395
0
0.0811954
0
0
0.00280653
0.0249881
0
0.00528886
0.00528799
0.0026022
0
0.0112188
0
0
0
0
0
0
0
0.965888
0
0.00502675
0.00268293
0
0.00306455
0.00532381
0
0.0119329
0.0411837
0
0
0
0
0
0.0103659
0
0.00247892
0.0154718
0
0.00543731
0.00668245
0.00835597
0
0.157299
0
0
0
0.00252542
0.0156205
0.0680816
0
0
0
0.0026483
0.00552778
0
0.00894311
0
0.00487586
0.00513261
0.00252542
0.005556
0
0.0448933
0.00565782
0.0027085
0
0.00796466
0
0.00841808
0.00523076
0
0
0
0
0
0
0.00649259
0
0
0
0
0
0
0
0
0.00432809
0
0
0
0
0
0
0
0
0
0
0
0
0
0
0
0.00259693
0
0
0
0
0
0
0
0
0
0
0
0
0
0
0
0
0
0
0
0
0
0.00508413
0
0
0
0
0
0
0
0.0166637
0
0
0
0.00945859
0
0.00255313
0
0
0
0
0.00362487
0
0
0
0
0
0.324434
0
1.04804
0
0
0
0
0
0
0
0
0
0
0
0.0198579
0.00342409
0
0
0
0
0.00287534
0
0
0
0
0.00258225
0
0
0.00292056
0
0.102347
0
0
0
0
0.0108162
0.017038
0
0
0
0
0.00299886
0
0
0
0
0
0
0
0
0.0222508
0
0
0
0
0
0
0
0
0
0
0
0
1
0
0
0
0
0
0
0
0
0
0
0
0
0
0
0
0
0
0
0
0
0
0
0
0
0
0
0
0
0
0
0
0
0
0
0
0
0
0
0
0
0
0
0
0
0
0
0
0
0
0
0
0
0
0
0
0
0
0
0
0
0
0
0
0
0
0
0
0
0
0
0
0
0
0.939379
0
0
0
0
0
0
0
0
0
0
0
0
0
0
0
0
0
0
0
0
0
0
0
0
0
0
0
0
0
0
0
0
0
0
0
0
0
0
0
0
0
0
0
0
0
0
0
0
0
0
0
0
0
0
0
0
0
0
0
1.01148
0
0
0
0
0
0
0
0
0
0
0
0
0
0
0
0
0
0
0
0
0
0
0
0
0
0
0
0
0
0
0
0
0
0
0
0
0
0
0
0
0
0
0
0
0
0
0
0
0
0
0
0
0
0
0
0
0
0
0
0
0
0
0
0
0
0
0
0
0
0
1
0
0
0
0
0
0
0
0
0
0
0
0
0
0
0
0
0
0
0
0
0
0
0
0
0
0
0
0
0
0
0
0
0
0
0
0
0
0
0
0
0
0
0
0
0
0
0
0
0
0
0
0
0
0
0
0
0
0
0
0
0.439622
0
0
0
0
0
0
0
0
0
0
0
0
0
0
0
0
0
0
0
0
0
0
0
0
0
0
0
0
0
0
0
0
0
0
0
0
0
0
0
0
0
0
0
0
0
0
0
0
0
0
0
0
0
0
0
0
0
0
0
0
0
0
0
0
0
0
0
0
0
0
0
0
0
0
0
0
0
0
0
0
0
0
0
0
0
0
0
0
0
0
0
0
0
0
0
0
0
0
0
0
0
0
0
0
0
0
0
0
0
0
0
0
0
0
0
0
0
0
0
0
0
0
0
0
0
0
0
0
0
0
0
0
0
0
0
0
0
0
0
0
0
0
0
0
0
0
0
0
0
0
0
0
0
0
0
0
0
0
0
0
0
0
0
0
0
0
0
0
0
0
0
0
0
0
0
0
0
0
0
0
0
0
0
0
0
0
0
0
0
0
0
0
0
0
0
0
0
0
0
0
0
0
0
0
0
0
0
0
0
0
0
0
0
0
0
0
0
0
0
0
0
0
0
0
0
0
0
0
0
0
0
0
0
0
0
0
0
0
0
0
0
0
0
0
0
0
0
0
0
0
0
0
0
0
0
0
0
0
0
0
0
0
0
0
0
0
0
0
0
0
0
0
0
0
0
0
0
0
0
0
0
0
0
0
0
0
0
0
0
0
0
0
0
0
0
0
0
0
0
0
0
0
0
0
0
0
0
0
0
0
0
0
0
0
0
0
0
0
0
0
0
0
0
0
0
0
0
0
0
0
0
0
0
0
0
0
0
0
0
0
0
0
0
0
0
0
0
0
0
0
0
0
0
0
0
0
0
0
0
0
0
0
0
0
0
0
0
0
0
0
0
0
0
0
0
0
0
0
0
0
0
0
0
0
0
0
0
0
0
0
0
0
0
0
0
0
0
0
0
0
0
0
0
0
0
0
0
0
0
0
0
0
0
0
0
0
0
0
0
0
0
0
0
0
0
0
0
0
0
0
0
0
0
0
0
0
0
0
0
0
0
0
0
0
0
0
0
0
0
0
0
0
0
0
0
0
0
0
0
0
0
0
0
0
0
0
0
0
0
0
0
0
0
0
0
0
0
0
0
0
0
0
0
0
0
0
0
0
0
0
0
0
0
0
0
0
0
0
0
0
0
0
0
0
0
0
0
0
0
0
0
0
0
0
0
0
0
0
0
0
0
0
0
0
0
0
0
0
0
0
0
0
0
0
0
0
0
0
0
0
0
0
0
0
0
0
0
0
0
0
0
0
0
0
0
0
0
0
0
0
0
0
0
0
0
0
0
0
0
0
0
0
0
0
0
0
0
0
0
0
0
0
0
0
0
0
0
0
0
0
0
0
0
0
0
0
0
0
0
0
0
0
0
0
0
0
0
0
0
0
0
0
0
0
0
0
0
0
0
0
0
0
0
0
0
0
0
0
0
0
0
0
0
0
0
0
0
0
0
0
0
0
0
0
0
0
0
0
0
0
0
0
0
0
0
0
0
0
0
0
0
0
0
0
0
0
0
0
0
0
0
0
0
0
0
0
0
0
0
0
0
0
0
0
0
0
0
0
0
0
0
0
0
0
0
0
0
0
0
0
0
0
0
0
0
0
0
0
0
0
0
0
0
0
0
0
0
0
0
0
0
0
0
0
0
0
0
0
0
0
0
0
0
0
0
0
0
0
0
0
0
0
0
0
0
0
0
0
0
0
0
0
0
0
0
0
0
0
0
0
0
0
0
0
0
0
0
0
0
0
0
0
0
0
0
0
0
0
0
0
0
0
0
0
0
0
0
0
0
0
0
0
0
0
0
0
0
0
0
0
0
0
0
0
0
0
0
0
0
0
0
0
0
0
0
0
0
0
0
0
0
0
0
0
0
0
0
0
0
0
0
0
0
0
0
0
0
0
0
0
0
0
0
0
0
0
0
0
0
0
0
0
0
0
0
0
0
0
0
0
0
0
0
0
0
0
0
0
0
0
0
0
0
0
0
0
0
0
0
0
0
0
0
0
0
0
0
0
0
0
0
0
0
0
0
0
0
0
0
0
0
0
0
0
0
0
0
0
0
0
0
0
0
0
0
0
0
0
0
0
0
0
0
0
0
0
0
0
0
0
0
0
0
0
0
0
0
0
0
0
0
0
0
0
0
0
0
0
0
0
0
0
0
0
0
0
0
0
0
0
0
0
0
0
0
0
0
0
0
0
0
0
0
0
0
0
0
0
0
0
0
0
0
0
0
0
0
0
0
0
0
0
0
0
0
0
0
0
0
0
0
0
0
0
0
0
0
0
0
0
0
0
0
0
0
0
0
0
0
0
0
0
0
0
0
0
0
0
0
0
0
0
0
0
0
0
0
0
0
0
0
0
0
0
0
0
0
0
0
0
0
0
0
0
0
0
0
0
0
0
0
0
0
0
0
0
0
0
0
0
0
0
0
0
0
0
0
0
0
0
0
0
0
0
0
0
0
0
0
0
0
0
0
0
0
0
0
0
0
0
0
0
0
0
0
0
0
0
0
0
0
0
0
0
0
0
0
0
0
0
0
0
0
0
0
0
0
0
0
0
0
0
0
0
0
0
0
0
0
0
0
0
0
0
0
0
0
0
0
0
0
0
0
0
0
0
0
0
0
0
0
0
0
0
0
0
0
0
0
0
0
0
0
0
0
0
0
0
0
0
0
0
0
0
0
0
0
0
0
0
0
0
0
0
0
0
0
0
0
0
0
0
0
0
0
0
0
0
0
0
0
0
0
0
0
0
0
0
0
0
0
0
0
0
0
0
0
0
0
0
0
0
0
0
0
0
0
0
0
0
0
0
0
0
0
0
0
0
0
0
0
0
0
0
0
0
0
0
0
0
0
0
0
0
0
0
0
0
0
0
0
0
0
0
0
0
0
0
0
0
0
0
0
0
0
0
0
0
0
0
0
0
0
0
0
0
0
0
0
0
0
0
0
0
0
0
0
0
0
0
0
0
0
0
0
0
0
0
0
0
0
0
0
0
0
0
0
0
0
0
0
0
0
0
0
0
0
0
0
0
0
0
0
0
0
0
0
0
0
0
0
0
0
0
0
0
0
0
0
0
0
0
0
0
0
0
0
0
0
0
0
0
0
0
0
0
0
0
0
0
0
0
0
0
0
0
0
0
0
0
0
0
0
0
0
0
0
0
0
0
0
0
0
0
0
0
0
0
0
0
0
0
0
0
0
0
0
0
0
0
0
0
0
0
0
0
0
0
0
0
0
0
0
0
0
0
0
0
0
0
0
0
0
0
0
0
0
0
0
0
0
0
0
0
0
0
0
0
0
0
0
0
0
0
0
0
0
0
0
0
0
0
0
0
0
0
0
0
0
0
0
0
0
0
0
0
0
0
0
0
0
0
0
0
0
0
0
0
0
0
0
0
0
0
0
0
0
0
0
0
0
0
0
0
0
0
0
0
0
0
0
0
0
0
0
0
0
0
0
0
0
0
0
0
0
0
0
0
0
0
0
0
0
0
0
0
0
0
0
0
0
0
0
0
0
0
0
0
0
0
0
0
0
0
0
0
0
0
0
0
0
0
0
0
0
0
0
0
0
0
0
0
0
0
0
0
0
0
0
0
0
0
0
0
0
0
0
0
0
0
0
0
0
0
0
0
0
0
0
0
0
0
0
0
0
0
0
0
0
0
0
0
0
0
0
0
0
0
0
0
0
0
0
0
0
0
0
0
0
0
0
0
0
0
0
0
0
0
0
0
0
0
0
0
0
0
0
0
0
0
0
0
0
0
0
0
0
0
0
0
0
0
0
0
0
0
0
0
0
0
0
0
0
0
0
0
0
0
0
0
0
0
0
0
0
0
0
0
0
0
0
0
0
0
0
0
0
0
0
0
0
0
0
0
0
0
0
0
0
0
0
0
0
0
0
0
0
0
0
0
0
0
0
0
0
0
0
0
0
0
0
0
0
0
0
0
0
0
0
0
0
0
0
0
0
0
0
0
0
0
0
0
0
0
0
0
0
0
0
0
0
0
0
0
0
0
0
0
0
0
0
0
0
0
0
0
0
0
0
0
0
0
0
0
0
0
0
0
0
0
0
0
0
0
0
0
0
0
0
0
0
0
0
0
0
0
0
0
0
0
0
0
0
0
0
0
0
0
0
0
0
0
0
0
0
0
0
0
0
0
0
0
0
0
0
0
0
0
0
0
0
0
0
0
0
0
0
0
0
0
0
0
0
0
0
0
0
0
0
0
0
0
0
0
0
0
0
0
0
0
0
0
0
0
0
0
0
0
0
0
0
0
