0
0
0
0
0
0
0
0
0
0
0
0
0
0
0
0
0
0
0
0
0
0
0
0
0
0
0
0
0
0
0
0
0
0
0
0
0
0
0
0
0
0
0
0
0
0.238147
0
0
0
0
0
0
0
0
0
0
0
0
0
0
0
0
0
0
0
0
0
0
0
0
0
0
0
0
0
0
0
0
0
0
0
0
0
0
0
0
0
0
0
0
0
0
0
0
0
0
0
0
0
0
0
0
0
0
0
0
0
0
0
0
0
0
0
0
0.238147
0
0
0
0
0
0
0
0
0
0
0
0
0
0
0
0
0
0
0
0
0
0
0
0
0
0
0
0
0
0
0
0
0
0
0
0
0
0
0
0
0
0
0
0
0
0
0
0
0
0
0
0
0
0
0
0
0
0
0
0
0
0
0
0
0
0
0
0
0.238147
0
0
0
0
0
0
0
0
0
0
0
0
0
0
0
0
0
0
0
0
0
0
0
0
0
0
0
0
0
0
0
0
0
0
0
0
0
0
0
0
0
0
0
0
0
0
0
0
0
0
0
0
0
0
0
0
0
0
0
0
0
0
0
0
0
0
0
0
0.238147
0
0
0.089574
0
0
0
0
0
0
0
0
0
0
0
0
0
0
0
0
0
0
0
0
0
0
0
0
0
0
0
0
0
0
0
0
0
0
0
0
0
0
0
0
0
0
0
0
0
0
0
0
0
0
0
0
0
0
0
0
0
0
0
0
0
0
0
0
0
0.238147
0
0
0.089574
0
0
0
0
0
0
0
0
0
0
0
0
0
0
0
0
0
0
0
0
0
0
0
0
0
0
0
0
0
0
0
0
0
0
0
0
0
0
0
0
0
0
0
0
0
0
0
0
0
0
0
0
0
0
0
0
0
0
0
0
0
0
0
0
0
0
0
0
0.0984393
0
0
0
0
0
0
0
0
0
0
0
0
0
0
0
0
0
0
0
0
0
0
0
0
0
0
0
0
0
0
0
0
0
0
0
0
0
0
0
0
0
0
0
0
0
0
0
0
0
0
0
0
0
0
0
0
0
0
0
0
0
0
0
0
0
0
0
0
0.089574
0
0
0
0
0
0
0
0
0
0
0
0
0
0
0
0
0
0
0
0
0
0
0
0
0
0
0
0
0
0
0
0
0
0
0
0
0
0
0
0
0
0
0
0
0
0
0
0
0
0
0
0
0
0
0
0
0
0
0
0
0
0
0
0
0
0
0
0
0.089574
0
0
0
0
0
0
0
0
0
0
0
0
0
0
0
0
0
0
0
0
0
0
0
0
0
0
0
0
0
0
0
0
0
0
0
0
0
0
0
0
0
0
0
0
0
0
0
0
0
0
0
0
0
0
0
0
0
0
0
0
0
0
0
0
0
0
0
0
0.089574
0
0
0
0
0
0
0
0
0
0
0
0
0
0
0
0
0
0
0
0
0
0
0
0
0
0
0
0
0
0
0
0
0
0
0
0
0
0
0
0
0
0
0
0
0
0
0
0
0
0
0
0
0
0
0
0
0
0
0
0
0
0
0
0
0
0
0
0
0.089574
0
0
0
0
0
0
0
0
0
0
0
0
0
0
0
0
0
0
0
0
0
0
0
0
0
0
0
0
0
0
0
0
0
0
0
0
0
0
0
0
0
0
0
0
0
0
0
0
0
0
0
0
0.006502
0
0
0.0120862
0
0
0
0
0
0
0
0
0.0126434
0
0
0.0345451
0.115548
0
0
0
0
0
0
0
0
0
0
0
0
0
0
0
0
0
0
0
0
0
0
0
0
0
0
0
0
0
0
0
0
0
0
0
0
0
0
0
0
0
0
0.00804036
0
0
0
0.0221199
0
0.0222142
0
0
0.0237003
0.0131351
0
0
0.0120862
0
0
0.0750443
0
0
0
0.0100453
0
0.031883
0.00906569
0
0.051999
0.401081
0
0
0
0
0
0
0
0
0
0
0
0
0
0
0
0
0
0
0
0
0
0.00857266
0.0127252
0
0
0.0166501
0
0
0
0
0
0
0
0
0
0
0
0
0
0
0
0
0
0
0
0.0457748
0.00749944
0
0.0446755
0.034418
0
0.0237003
0.0414744
0
0.0164269
0.0238452
0
0
0.0922728
0
0
0.016534
0.00994381
0.0220895
0.284485
0.0570585
0.0281283
0.051999
0.390082
0
0
0
0
0
0
0
0
0
0
0
0
0
0
0
0
0
0
0
0
0
0.0168729
0.0823512
0
0
0.0164663
0.0183921
0
0
0
0
0
0
0
0
0
0
0
0
0
0
0
0
0
0
0.0459644
0.00749944
0
0.291474
0.0172609
0
0.0116685
0.054777
0.0166243
0.0164269
0.0369392
0
0.00922745
0.300039
0
0.0173402
0.0805692
0.0289896
0.0323949
0.13537
0.0281514
0
0.0371623
0.605065
0
0
0
0
0
0
0
0
0
0
0
0
0
0
0
0
0
0
0
0
0
0.0254656
0.0811104
0
0.0102012
0.0252083
0.00913778
0
0
0
0
0
0
0
0
0
0
0
0
0
0
0
0.0171274
0
0
0.0459644
0.00749944
0
0.320402
0.0165233
0
0
0.0609149
0
0.0180175
0.0592485
0
0
0.205568
0.0143513
0.0173402
0.0560158
0.0197098
0
0.122781
0.0290266
0.0144476
0.018406
0.605535
0
0
0
0
0
0
0
0
0
0
0
0
0
0
0
0
0
0
0
0
0
0.0174182
0.0122185
0
0
0.00777312
0
0
0
0
0
0
0
0
0
0
0
0
0
0
0
0.00958487
0
0
0
0
0.013954
0
0.44977
0
0
0.0127279
0.0533749
0.0174994
0.0180175
0.0119057
0
0
0.0572119
0.0285207
0
0.0309231
0.00997684
0
0.243675
0.00981855
0.0144476
0.0174418
0.239685
0
0
0
0
0
0
0
0
0
0
0
0
0
0
0
0
0
0
0
0
0
0
0
0.0068323
0
0
0.0177352
0
0
0
0
0
0
0
0
0
0
0
0
0
0
0.00958487
0
0.0144212
0
0.0308242
0
0
0.153762
0
0
0.0127279
0.00692604
0.0087574
0.0180175
0
0.00809489
0
0.0191772
0.0143513
0
0.0156221
0
0
0.0890778
0.00908595
0
0.0173535
0.10111
0
0
0
0
0
0
0
0
0
0
0
0
0
0
0
0
0
0
0
0
0
0
0
0
0
0.00832912
0
0
0
0
0
0
0
0
0
0
0
0
0
0
0
0.0185599
0
0
0
0
0
0
0.00808914
0.0175178
0
0.0127279
0
0
0.0180175
0.0112957
0
0
0.0182689
0
0
0.00808537
0
0
0.0508593
0
0
0.0173535
0.0417502
0
0
0
0
0
0
0
0
0
0
0
0
0
0
0
0
0
0
0
0
0
0
0
0
0
0.00832912
0
0
0
0
0
0
0
0
0
0
0
0
0
0
0
0
0
0
0
0
0
0
0.0230095
0.0175178
0.00889895
0.0127302
0
0
0.0180175
0
0
0
0.0180568
0
0
0
0
0
0.019422
0
0
0.0173535
0.0251111
0
0
0
0
0
0
0
0
0
0
0
0
0
0
0
0
0
0
0
0
0
0
0
0
0
0
0
0
0
0
0
0
0
0
0
0
0
0
0
0
0
0
0
0
0
0
0
0
0
0
0
0
0
0
0
0
0
0
0
0
0
0
0
0
0
0
0
0
0
0
0
0
0
0
0
0
0
0
0
0
0
0
0
0
0
0
0
0
0
0
0
0
0
0.0094994
0
0
0
0
0
0
0
0
0
0
0
0
0
0
0
0
0
0
0
0
0
0
0
0.226802
0
0
0.0126969
0
0
0
0
0
0
0.0185994
0.0128933
0
0
0
0
0.0065183
0
0
0
0.0181917
0
0
0
0
0
0
0
0
0
0
0
0
0
0
0
0
0
0
0
0
0.00633351
0
0.0248111
0
0.0094994
0
0
0
0
0
0
0
0
0
0
0
0
0
0
0
0
0
0
0
0
0
0
0
0.708898
0.0164694
0.00885478
0.0510417
0.0346443
0
0
0
0
0.0283245
0.0736534
0.0128933
0
0.0240302
0.00990334
0
0.0327833
0
0
0.288523
0.00884376
0
0
0
0
0
0
0
0
0
0
0
0
0
0
0
0
0
0
0
0
0
0.0363777
0.0241039
0
0
0.0259055
0
0
0
0
0
0
0
0
0
0
0
0
0
0
0
0.0268489
0.0357522
0
0
0.0605145
0.00713946
0
0.978331
0
0
0.157737
0.0350998
0.00895064
0.0506524
0.0128745
0
0.154338
0.171456
0.0128933
0.0175361
0.00808748
0.0207586
0.0244519
0.109724
0.00946121
0
0.919388
0.0253738
0
0
0
0
0
0
0
0
0
0
0
0
0
0
0
0
0
0
0
0
0
0.0281518
0.0242066
0
0
0.0515471
0.00890625
0
0
0
0
0
0
0
0
0
0
0
0
0
0
0.0285499
0.0170171
0
0.0210313
0.106812
0.0148823
0.0102401
0.624957
0
0.00868441
0.241955
0.0205982
0
0.0339219
0.0241355
0.00897319
0.202189
0.173052
0.0392238
0
0.00832018
0.0108553
0.0244519
0.160578
0.00946121
0.0437902
0.98976
0.0610189
0
0
0
0
0
0
0
0
0
0
0
0
0
0
0
0
0
0
0
0
0.00702615
0.0455005
0.0253997
0.00680526
0
0.0592246
0.00958044
0
0
0
0
0
0
0
0
0
0
0
0
0
0
0.0557214
0.0170171
0
0.0326497
0.0765527
0.00806166
0.0203405
0.589557
0
0.0174897
0.121689
0.0639026
0.00845407
0.0164081
0.0131232
0.00897319
0.221774
0.113705
0.0128155
0.0191865
0
0.0202361
0.0357275
0.142915
0.0200183
0.0157718
0.837539
0.0972077
0
0
0
0
0
0
0
0
0
0
0
0
0
0
0
0
0
0
0
0
0
0.0460765
0.0368045
0.0208302
0
0.0516617
0.00958044
0
0
0
0
0
0
0
0
0
0
0
0
0
0
0.0562474
0.0265557
0
0.0313573
0.0163995
0
0.019881
0.39885
0.0856952
0.00956772
0.176001
0.0581878
0.015985
0.0164081
0.0131232
0.0170057
0.0393829
0.151725
0.0128155
0
0.0168983
0.0103151
0.0340279
0.144904
0.00946121
0.0311771
0.55056
0.106181
0
0
0
0
0
0
0
0
0
0
0
0
0
0
0
0
0
0
0
0
0
0.0286613
0.0240992
0.0277858
0.0203423
0.0604971
0.0269256
0
0
0
0
0
0
0
0
0
0
0
0
0
0
0.047037
0.0169532
0
0.0313573
0.0331338
0.0143474
0.019881
0.278466
0.102527
0.0193556
0.177954
0.058468
0.0079715
0.0355669
0.0366714
0.0179472
0.0303102
0.038318
0
0
0.0417543
0.019479
0.0227524
0.183914
0.00982849
0.0311771
0.582712
0.0263993
0
0
0
0
0
0
0
0
0
0
0
0
0
0
0
0
0
0
0
0
0.0062812
0.0188044
0.0256764
0.0148739
0.0405277
0.0356446
0.035976
0
0
0
0
0
0
0
0
0
0
0
0
0
0
0.0565115
0.0170215
0.0292179
0.0325705
0.0484769
0
0.0102401
0.254508
0.156828
0.0193556
0.176381
0.0215769
0.0079715
0.0524998
0.0366714
0.00897319
0.0410262
0.0399239
0
0.0342269
0.0168977
0.0306351
0.0241553
0.169861
0
0.0154053
0.733364
0.0354372
0
0
0
0
0
0
0
0
0
0
0
0
0
0
0
0
0
0
0
0
0.0340873
0.0188044
0.0262311
0.0143612
0.0100392
0.0447985
0.0180193
0
0
0
0
0
0
0
0
0
0
0
0
0
0
0.0772377
0.0180945
0.0433595
0.0423433
0.045534
0.00763562
0.0102401
0.190893
0.0674497
0.00956772
0.136935
0.0294269
0.0520602
0.0164081
0.0235482
0.00897319
0.0815798
0.01842
0.0150727
0.0342269
0.00816889
0.0303258
0.0112092
0.165572
0
0.0319836
0.866687
0.0346477
0
0
0
0
0
0
0
0
0
0
0
0
0
0
0
0
0
0
0
0
0.0340072
0
0
0.0220417
0
0.03559
0.0084389
0
0
0
0
0
0
0
0
0
0
0
0
0
0
0.105176
0
0.0452216
0.0313152
0.0318888
0
0.0102401
0.135555
0.0660793
0
0.110603
0.0142689
0.0351642
0.0350187
0.0235482
0.00897319
0.0801379
0.0394353
0
0.0526304
0.00816889
0.0301089
0.0345273
0.147705
0.010556
0.03139
0.897007
0.0535897
0
0
0
0
0
0
0
0
0
0
0
0
0
0
0
0
0
0
0
0
0
0
0
0.00744582
0.0100677
0
0
0
0
0
0
0
0
0
0
0
0
0
0
0
0
0.095459
0
0.0452216
0.0216656
0.0474722
0
0
0.0310086
0.0320824
0
0.137043
0.00708713
0.0166146
0.0186106
0.0235482
0.0261966
0.0697933
0.01842
0
0.0912442
0.0167091
0.0102792
0.0348304
0.0675712
0
0.074793
0.494342
0.0553544
0
0
0
0
0
0
0
0
0
0
0
0
0
0
0
0
0
0
0
0
0
0
0
0
0
0
0
0
0
0
0
0
0
0
0
0
0
0
0
0
0
0
0
0
0.0208306
0
0
0
0
0.0160297
0
0.0384953
0
0.00823421
0
0
0
0
0
0
0.0574124
0
0
0
0.0319847
0
0.0466353
0.246183
0.00927707
0
0
0
0
0
0
0
0
0
0
0
0
0
0
0
0
0
0
0
0
0
0
0
0
0
0
0
0
0
0
0
0
0
0
0
0
0
0
0
0
0
0
0
0
0
0
0
0
0
0
0
0.0137347
0
0
0
0
0
0
0
0
0.0174115
0
0
0
0.00640439
0
0.0157972
0.225548
0
0
0
0
0
0
0
0
0
0
0
0
0
0
0
0
0
0
0
0
0
0
0
0
0
0
0
0
0
0
0
0
0
0
0
0
0
0
0
0
0
0
0
0
0
0
0
0
0
0
0
0
0
0
0
0
0
0
0
0
0
0
0
0
0.0123016
0.00640439
0
0
0.225548
0
0
0
0
0
0
0
0
0
0
0
0
0
0
0
0
0
0
0
0
0
0.00740104
0
0
0
0
0
0
0
0
0
0
0
0
0
0
0
0
0
0
0
0
0
0
0
0
0
0
0
0.00809435
0
0
0.024073
0
0.00854912
0.0349639
0
0
0.00963821
0
0
0
0.00829845
0
0
0
0
0.0144988
0.282154
0.00816773
0
0
0
0
0
0
0
0
0
0
0
0
0
0
0
0
0
0
0
0
0.00691243
0.0176528
0
0
0
0
0
0
0
0
0
0
0
0
0
0
0
0
0
0
0
0.00981929
0
0
0.0206853
0.015953
0
0
0
0
0.00926491
0.035795
0.00720039
0
0.0688096
0
0
0.00917313
0
0
0
0
0.00997906
0.0885433
0.0202201
0.0209927
0
0.487357
0.0255892
0
0
0
0
0
0
0
0
0
0
0
0
0
0
0
0
0
0
0
0
0.00691243
0.00905807
0
0.00726687
0
0
0
0
0
0
0
0
0
0
0
0
0
0
0
0
0
0.00930394
0
0.015714
0
0.0166769
0
0.0193812
0.0231869
0.0174545
0.019127
0.0483101
0
0
0.169931
0
0
0.0294959
0
0.014739
0.0172795
0.0153882
0
0.184276
0.117528
0.0198385
0.0300599
1.00602
0.0340897
0
0
0
0
0
0
0
0
0
0
0
0
0
0
0
0
0
0
0
0
0.0137845
0.0352866
0.011616
0.0216499
0.0104519
0.0182062
0
0
0
0
0
0
0
0
0
0
0
0
0
0
0
0.0174229
0
0.0311209
0.011148
0.0303555
0.00746559
0.00985894
0.0229039
0.018152
0.0372614
0.144253
0.0284677
0.00872575
0.259442
0
0.00741442
0.119839
0.0179822
0
0.0361421
0.0157786
0.0304833
0.648086
0.0766448
0.0194032
0.0133065
0.657934
0.0278375
0
0
0
0
0
0
0
0
0
0
0
0
0
0
0
0
0
0
0
0
0
0.0547641
0.0508391
0.0272463
0.0408713
0.0088244
0.00957198
0
0
0
0
0
0
0
0
0
0
0
0
0
0
0
0
0.0296183
0.0295185
0.0303555
0.00746559
0.0203344
0.0599316
0.0355719
0.0657247
0.101077
0.0149534
0.025106
0.627977
0.0234204
0.0474817
0.141116
0.0207354
0
0.129822
0.0489065
0.029922
0.358641
0.109911
0.00969066
0.0288483
0.934635
0.0171126
0
0
0
0
0
0
0
0
0
0
0
0
0
0
0
0
0
0
0
0
0.014199
0.0539751
0.0508391
0.0194971
0.0507633
0.0246416
0.0190536
0
0
0
0
0
0
0
0
0
0
0
0
0
0
0.0273288
0.00950902
0.015714
0.0303421
0.0438585
0.00763751
0.0203344
0.0363958
0.0335868
0.0549436
0.166698
0.00739175
0.034723
0.681338
0
0.0169084
0.0704018
0.0207354
0.0396957
0.145059
0.0389623
0.0302262
0.257461
0.0396518
0.0191599
0.0844686
0.72924
0.0513799
0
0
0
0
0
0
0
0
0
0
0
0
0
0
0
0
0
0
0
0
0.0137043
0.0179627
0.0508391
0.0342548
0.0404824
0.0262492
0.00957198
0
0
0
0
0
0
0
0
0
0
0
0
0
0
0.0280582
0.0360272
0
0.0200008
0.0439493
0
0
0.0628751
0.032796
0.0189645
0.067956
0
0.0342983
0.334126
0.0111591
0.0318183
0.0489527
0.0186381
0.0147752
0.0896024
0.0323038
0.0300908
0.231687
0.0206291
0.0185971
0.130101
0.286152
0.0340703
0
0
0
0
0
0
0
0
0
0
0
0
0
0
0
0
0
0
0
0
0.0138619
0.00912806
0
0.0205212
0.0201095
0.0249619
0
0
0
0
0
0
0
0
0
0
0
0
0
0
0
0.00986703
0.0178539
0
0.00974663
0.0287475
0
0
0.0164459
0
0.027662
0.0457131
0.0136177
0.00898284
0.0170913
0
0.00873077
0.0397743
0.0393294
0.0142814
0.0885054
0.0329198
0.0493697
0.124939
0.00656712
0.0185851
0.059572
0.0952088
0.00832775
0
0
0
0
0
0
0
0
0
0
0
0
0
0
0
0
0
0
0
0
0
0
0
0.00661803
0
0
0
0
0
0
0
0
0
0
0
0
0
0
0
0
0
0
0
0
0
0
0
0
0.00739519
0
0
0.0200017
0.00663595
0.00799223
0.0358286
0
0
0.0190083
0.0206913
0
0.0165147
0.0340018
0.0305764
0
0.00714832
0
0.0136985
0
0
0
0
0
0
0
0
0
0
0
0
0
0
0
0
0
0
0
0
0
0
0
0
0
0
0
0
0
0
0
0
0
0
0
0
0
0
0
0
0
0
0
0
0
0
0
0
0
0
0
0
0
0
0
0
0
0
0
0
0
0
0
0
0
0
0
0
0
0
0
0
0
0
0
0
0
0
0
0
0
0
0
0
0
0
0
0
0
0
0
0
0
0
0
0
0
0
0
0
0
0
0
0
0
0
0
0
0
0
0
0
0
0
0
0
0
0
0
0
0
0
0
0
0
0
0
0
0
0
0
0
0
0
0
0
0
0
0
0
0
0
0
0
0
0
0
0
0
0
0
0
0
0
0
0
0
0
0
0
0
0
0
0
0
0
0
0
0
0
0
0
0
0
0
0
0
0
0
0
0
0
0
0
0
0
0
0
0
0
0
0
0
0
0
0
0
0
0
0
0
0
0
0
0
0
0
0
0
0
0
0
0
0
0
0
0
0
0
0
0
0
0
0
0
0
0
0
0
0
0
0
0
0
0
0
0
0
0
0
0
0
0
0
0
0
0
0
0
0
0
0
0
0
0
0
0
0
0
0
0
0
0
0
0
0
0
0
0
0
0
0
0
0
0
0
0
0
0
0
0
0
0
0
0
0
0
0
0
0
0
0
0
0
0
0
0
0
0
0
0
0
0
0
0
0
0
0
0
0
0
0
0
0
0
0
0
0
0
0
0
0
0
0
0
0
0
0
0
0
0
0
0
0
0
0
0
0
0
0
0
0
0
0
0
0
0
0
0
0
0
0
0
0
0
0
0
0
0
0
0
0
0
0
0
0
0
0
0
0
0
0
0
0
0
0
0
0
0
0
0
0
0
0
0
0
0
0
0
0
0
0
0
0
0
0
0
0
0
0
0
0
0
0
0
0
0
0
0
0
0
0
0
0
0
0
0
0
0
0
0
0
0
0
0
0
0
0
0
0
0
0
0
0
0
0
0
0
0
0
0
0
0
0
0
0
0
0
0
0
0
0
0
0
0
0
0
0
0
0
0
0
0
0
0
0
0
0
0
0
0
0
0
0
0
0
0
0
0
0
0
0
0
0
0
0
0
0
0
0
0
0
0
0
0
0
0
0
0
0
0
0
0
0
0
0
0
0
0
0
0
0
0
0
0
0
0
0
0
0
0
0
0
0
0
0
0
0
0
0
0
0
0
0
0
0
0
0
0
0
0
0
0
0
0
0
0
0
0
0
0
0
0
0
0
0
0
0
0
0
0
0
0
0
0
0
0
0
0
0
0
0
0
0
0
0
0
0
0
0
0
0
0
0
0
0
0
0
0
0
0
0
0
0
0
0
0
0
0
0
0
0
0
0
0
0
0
0
0
0
0
0
0
0
0
0
0
0
0
0
0
0
0
0
0
0
0
0
0
0
0
0
0
0
0
0
0
0
0
0
0
0
0
0
0
0
0
0
0
0
0
0
0
0
0
0
0
0
0
0
0
0
0
0
0
0
0
0
0
0
0
0
0
0
0
0
0
0
0
0
0
0
0
0
0
0
0
0
0
0
0
0
0
0
0
0
0
0
0
0
0
0
0
0
0
0
0
0
0
0
0
0
0
0
0
0
0
0
0
0
0
0
0
0
0
0
0
0
0
0
0
0
0
0
0
0
0
0
0
0
0
0
0
0
0
0
0
0
0
0
0
0
0
0
0
0
0
0
0
0
0
0
0
0
0
0
0
0
0
0
0
0
0
0
0
0
0
0
0
0
0
0
0
0
0
0
0
0
0
0
0
0
0
0
0
0
0
0
0
0
0
0
0
0
0
0
0
0
0
0
0
0
0
0
0
0
0
0
0
0
0
0
0
0
0
0
0
0
0
0
0
0
0
0
0
0
0
0
0
0
0
0
0
0
0
0
0
0
0
0
0
0
0
0
0
0
0
0
0
0
0
0
0
0
0
0
0
0
0
0
0
0
0
0
0
0
0
0
0
0
0
0
0
0
0
0
0
0
0
0
0
0
0
0
0
0
0
0
0
0
0
0
0
0
0
0
0
0
0
0
0
0
0
0
0
0
0
0
0
0
0
0
0
0
0
0
0
0
0
0
0
0
0
0
0
0
0
0
0
0
0
0
0
0
0
0
0
0
0
0
0
0
0
0
0
0
0
0
0
0
0
0
0
0
0
0
0
0
0
0
0
0
0
0
0
0
0
0
0
0
0
0
0
0
0
0
0
0
0
0
0
0
0
0
0
0
0
0
0
0
0
0
0
0
0
0
0
0
0
0
0
0
0
0
0
0
0
0
0
0
0
0
0
0
0
0
0
0
0
0
0
0
0
0
0
0
0
0
0
0
0
0
0
0
0
0
0
0
0
0
0
0
0
0
0
0
0
0
0
0
0
0
0
0
0
0
0
0
0
0
0
0
0
0
0
0
0
0
0
0
0
0
0
0
0
0
0
0
0
0
0
0
0
0
0
0
0
0
0
0
0
0
0
0
0
0
0
0
0
0
0
0
0
0
0
0
0
0
0
0
0
0
0
0
0
0
0
0
0
0
0
0
0
0
0
0
0
0
0
0
0
0
0
0
0
0
0
0
0
0
0
0
0
0
0
0
0
0
0
0
0
0
0
0
0
0
0
0
0
0
0
0
0
0
0
0
0
0
0
0
0
0
0
0
0
0
0
0
0
0
0
0
0
0
0
