0.0079458
0.0079458
0.0079458
0.0079458
0.0079458
0.00818992
0.00818992
0.00818992
0.00818992
0.00818992
0.00818992
0.00818992
0.00763388
0.00763388
0.00678373
0.00678373
0.00678373
0.00678373
0.00464784
0.00464784
0.00464784
0.00464784
0.00464784
0.00464784
0.00950291
0.00950291
0.00950291
0.00950291
0.00908772
0.00908772
0.00908772
0.0074314
0.0074314
0.0074314
0.0074314
0.00700652
0.00700652
0.00700652
0.00700652
0.00700652
0.00700652
0.00700652
0.00700652
0.00853332
0.00853332
0.00898076
0.00898076
0.00898076
0.00898076
0.00898076
0.00898076
0.00898076
0.00898076
0.00771988
0.00771988
0.00771988
0.00771988
0.00771988
0.00452166
0.00720951
0.00720951
0.00720951
0.00720951
0.00883266
0.00732248
0.00732248
0.00732248
0.00732248
0.00833609
0.00833609
0.00833609
0.00819315
0.00819315
0.00819315
0.00819315
0.00912816
0.00912816
0.00912816
0.00765307
0.00765307
0.00765307
0.00765307
0.00765307
0.00765307
0.00765307
0.00765307
0.00977688
0.0122936
0.0122936
0.0122936
0.00877679
0.0123058
0.0123058
0.0123058
0.00878552
0.00852017
0.00852017
0.00852017
0.00852017
0.00852017
0.00852017
0.00852017
0.00852017
0.00852017
0.0079982
0.0079982
0.0079982
0.0079982
0.0079982
0.0079982
0.00779677
0.00779677
0.00779677
0.00779677
0.00779677
0.00952962
0.00952962
0.00952962
0.00952962
0.00952962
0.00952962
0.00952962
0.00952962
0.0076637
0.00979045
0.00865324
0.00865324
0.00918209
0.00918209
0.00855191
0.00855191
0.00855191
0.010141
0.010141
0.010141
0.010141
0.010141
0.010141
0.010141
0.010141
0.00745657
0.00847933
0.00847933
0.00847933
0.00847933
0.00847933
0.00847933
0.00437644
0.00437644
0.00437644
0.00437644
0.00437644
0.00384856
0.00412002
0.00412002
0.00412002
0.00412002
0.00412002
0.00897484
0.00897484
0.00897484
0.00733609
0.0148792
0.0155279
0.00939294
0.00770598
0.00909446
0.00909446
0.0190507
0.00834232
0.00834232
0.00834232
0.00933403
0.00933403
0.00933403
0.0140659
0.0126587
0.0126587
0.0174663
0.00868882
0.00940936
0.00940936
0.00940936
0.00821747
0.0187656
0.0187656
0.0187656
0.0187656
0.000827524
0.000827524
0.000827524
0.000827524
0.00777705
0.00777705
0.00777705
0.0068039
0.0068039
0.0068039
0.0068039
0.0068039
0.0068039
0.0068039
0.00821001
0.00660246
0.00654927
0.0075402
0.0075402
0.0075402
0.0075402
0.0075402
0.00820597
0.00944074
0.00944074
0.00944074
0.00944074
0.00944074
0.00944074
0.00944074
0.0071678
0.0118705
0.0118705
0.0118705
0.0118705
0.0118705
0.00794058
0.00794058
0.00794058
0.00794058
0.00794058
0.00794058
0.00794058
0.00789004
0.00789004
0.00789004
0.00789004
0.00789004
0.00942434
0.00942434
0.0130421
0.0130421
0.00931116
0.00757101
0.00757101
0.00757101
0.00757101
0.0107898
0.00710067
0.00710067
0.00710067
0.00710067
0.00710067
0.00808587
0.00759333
0.00759333
0.00759333
0.00901466
0.00901466
0.00901466
0.00901466
0.00802419
0.00802419
0.00802419
0.00705632
0.00680912
0.00680912
0.00680912
0.00680912
0.00680912
0.00681667
0.00848558
0.00919979
0.00919979
0.00919979
0.00919979
0.00732001
0.00732001
0.00732001
0.00420138
0.0048967
0.00627591
0.00431418
0.00431418
0.00658767
0.00658767
0.00658767
0.00470314
0.00985194
0.00431418
0.00431418
0.00431418
0.00819588
0.00776427
0.00776427
0.00776427
0.00776427
0.000767049
0.00873778
0.00873778
0.00873778
0.00795234
0.00795234
0.00795234
0.0128644
0.0128644
0.0128644
0.0128644
0.0128644
0.0128644
0.0164603
0.0164603
0.0164603
0.0075595
0.0075595
0.0075595
0.0075595
0.0075595
0.00824958
0.00853343
0.00853343
0.00853343
0.00853343
0.00750414
0.00890323
0.00890323
0.0089988
0.0092451
0.00874914
0.00874914
0.00874914
0.0199797
0.0199797
0.0199797
0.0199797
0.0199797
0.0199797
0.0199797
0.0199797
0.00946605
0.00739352
0.00739352
0.00739352
0.00739352
0.00963054
0.00963054
0.00963054
0.00963054
0.00963054
0.00963054
0.00890447
0.0190547
0.00794625
0.00794625
0.00794625
0.00794625
0.00896799
0.00758737
0.00758737
0.00758737
0.00758737
0.00758737
0.00385362
0.0079892
0.0079892
0.0079892
0.0079892
0.0079892
0.0079892
0.0079892
0.0079892
0.0079892
0.00642489
0.00805882
0.00805882
0.0092214
0.0092214
0.0092214
0.0092214
0.00780971
0.0039787
0.0039787
0.0039787
0.0039787
0.0039787
0.00848866
0.00848866
0.00848866
0.00848866
0.00848866
0.00848866
0.00848866
0.00871346
0.00871346
0.00451349
0.0039623
0.00754684
0.00754684
0.00859151
0.00859151
0.00859151
0.00859151
0.00778926
0.00778926
0.00778926
0.00778926
0.00778926
0.00778926
0.00895414
0.00895414
0.00895414
0.00895414
0.00906837
0.00906837
0.00906837
0.00906837
0.00906837
0.00906837
0.00906837
0.00906837
0.00906837
0.0118102
0.0071314
0.0071314
0.00927228
0.00927228
0.00927228
0.00927228
0.00927228
0.00927228
0.00927228
0.00927228
0.00916886
0.00916886
0.00916886
0.00916886
0.00916886
0.00916886
0.00916886
0.00430421
0.00430421
0.00378504
0.00378085
0.00378085
0.00378085
0.00430421
0.00430421
0.00430421
0.00430421
0.00430421
0.00430421
0.00922784
0.00922784
0.00922784
0.00922784
0.00922784
0.00922784
0.00922784
0.00922784
0.00922784
0.0185804
0.0185804
0.0185804
0.0185804
0.0185804
0.0185804
0.0185804
0.0081364
0.0081364
0.0081364
0.00879253
0.00879253
0.00879253
0.00691213
0.00691213
0.00691213
0.00691213
0.00691213
0.00746428
0.00746428
0.00746428
0.00746428
0.00746428
0.00746428
0.00784281
0.00784281
0.00784281
0.00784281
0.00784281
0.00699998
0.00699998
0.00699998
0.00699998
0.00699998
0.00699998
0.00973281
0.00973281
0.00693647
0.00693647
0.00693647
0.0082154
0.0082154
0.0082154
0.0082154
0.00904471
0.00904471
0.00822411
0.00754427
0.00754427
0.00754427
0.00754427
0.00919769
0.00919769
0.00919769
0.00714555
0.00714555
0.00714555
0.00714555
0.00714555
0.00861624
0.00861624
0.00861624
0.00861624
0.00861624
0.00861624
0.00423794
0.00532548
0.00237424
0.00560376
0.00560376
0.0026187
0.0026187
0.00215215
0.00215215
0.00215215
0.00267614
0.00238111
0.0026187
0.0026187
0.0041026
0.00230924
0.00237424
0.00237424
0.00237424
0.00237424
0.00237424
0.00560376
0.00560376
0.0026187
0.0026187
0.00854271
0.00854271
0.00664721
0.00664721
0.00664721
0.00664721
0.00664721
0.00898266
0.00898266
0.00898266
0.00898266
0.00898266
0.00775088
0.00698429
0.00698429
0.00698429
0.00698429
0.0203806
0.0203806
0.0203806
0.00794043
0.00978431
0.00978431
0.00862687
0.00862687
0.00862687
0.00862687
0.00862687
0.0088345
0.0088345
0.00753263
0.00753263
0.00753263
0.00753263
0.00829407
0.00145337
0.00145337
0.00924131
0.00924131
0.00695461
0.00888459
0.00888459
0.00810709
0.00810709
0.00810709
0.00810709
0.00810709
0.00810709
0.00810709
0.00810709
0.00810709
0.00810709
0.00810709
0.00698007
0.00698007
0.00698007
0.00698007
0.0021105
0.0181692
0.00867365
0.00867365
0.00867365
0.00935221
0.00935221
0.00672179
0.00671434
0.00793683
0.00793683
0.00793683
0.0080495
0.0080495
0.0080495
0.0080495
0.0080495
0.00788871
0.0080298
0.0143943
0.0143943
0.0143943
0.0143943
0.0143943
0.00555909
0.00555909
0.00555909
0.00555909
0.00555909
0.00555909
0.00359752
0.00382142
0.00336049
0.00336049
0.00336049
0.00336049
0.00336049
0.00336049
0.00382142
0.00382595
0.00382595
0.0044473
0.00861428
0.00861428
0.00373534
0.0196627
0.0196627
0.0196627
0.0196627
0.0196627
0.0196627
0.0196627
0.00861031
0.00852514
0.00852514
0.00904616
0.00790316
0.00790316
0.00790316
0.00790316
0.00790316
0.00688472
0.00688472
0.00688472
0.00688472
0.00688472
0.00688472
0.00815988
0.00815988
0.00815988
0.00815988
0.00815988
0.00821745
0.00821745
0.010918
0.010918
0.010918
0.010918
0.010918
0.010918
0.010918
0.010918
0.00750522
0.00750522
0.00871037
0.00947946
0.0067747
0.0067747
0.0067747
0.0067747
0.0067747
0.0067747
0.0067747
0.00771248
0.00874813
0.00874813
0.00874813
0.00814096
0.00814096
0.0151531
0.0151531
0.0151531
0.0151531
0.0151531
0.0151531
0.00912832
0.00803708
0.00803708
0.00803708
0.00803708
0.00803708
0.00803708
0.00803708
0.00908394
0.0166812
0.0166812
0.0166812
0.0166812
0.0166812
0.0166812
0.00782429
0.00782429
0.00782429
0.00782429
0.00782429
0.00782429
0.011875
0.011875
0.011875
0.00847795
0.00887799
0.0051913
0.00934192
0.00934192
0.00436558
0.00436558
0.00436558
0.00436558
0.004025
0.004025
0.004025
0.00395805
0.00395805
0.00782581
0.00782581
0.0068549
0.0068549
0.0068549
0.0068549
0.0068549
0.0068549
0.0068549
0.00682672
0.00682672
0.00682672
0.00682672
0.00682672
0.00682672
0.00715458
0.00715458
0.00715458
0.00715458
0.00715458
0.00715458
0.00875176
0.00875176
0.00875176
0.00875176
0.00875176
0.00875176
0.0116418
0.00800281
0.00800281
0.00800281
0.00800281
0.00800281
0.00800281
0.0076243
0.0076243
0.00800239
0.0075544
0.0075544
0.0075544
0.0075544
0.0075544
0.0075544
0.00822142
0.00822142
0.00807043
0.00807043
0.00927284
0.00927284
0.00927284
0.00927284
0.00713517
0.00713517
0.00843428
0.00843428
0.00843428
0.00812285
0.00812285
0.00812285
0.00812285
0.00816275
0.00816275
0.00816275
0.00816275
0.00816275
0.00816275
0.00816275
0.00816275
0.00809888
0.00809888
0.00809888
0.00809888
0.00809888
0.00766976
0.00813851
0.00813851
0.00813851
0.00813851
0.00813851
0.00679178
0.00679178
0.00679178
0.00679178
0.00679178
0.00712055
0.00712055
0.00712845
0.00712845
0.00712845
0.00712845
0.00888403
0.00888403
0.00888403
0.00920374
0.00920374
0.00920374
0.00920374
0.00920374
0.00920374
0.00920374
0.00920374
0.00420173
0.00420173
0.00420173
0.00420173
0.00420173
0.00420173
0.00420173
0.00369493
0.00369083
0.00369083
0.00369083
0.00369083
0.00369083
0.008834
0.008834
0.008834
0.008834
0.008834
0.008834
0.00789827
0.00790704
0.00790704
0.00790704
0.00790704
0.00754759
0.00754759
0.00754759
0.00754759
0.00754759
0.00754759
0.008694
0.00708318
0.0171324
0.0171324
0.0171324
0.0171324
0.0171324
0.0171324
0.0171324
0.00679535
0.00679535
0.00868114
0.00868114
0.00868114
0.00807016
0.00807016
0.00807016
0.00807016
0.00649
0.00829104
0.0124015
0.0124015
0.00863447
0.00863447
0.00694381
0.00694381
0.00694381
0.00816947
0.00816947
0.00816947
0.00816947
0.00816947
0.00776495
0.00776495
0.00776495
0.00776495
0.00776495
0.00776495
0.00943512
0.00943512
0.00943512
0.00943512
0.00726772
0.00726772
0.00726772
0.00726772
0.00727578
0.00727578
0.00727578
0.00888624
0.00888624
0.00888624
0.00888624
0.00888624
0.00888624
0.00888624
0.00888624
0.00943427
0.00943427
0.00943427
0.00696437
0.00696437
0.00696437
0.00696437
0.00696437
0.00696437
0.00696437
0.00864699
0.00864699
0.00722595
0.00923123
0.00758373
0.00781798
0.00781798
0.00781798
0.00781798
0.00781798
0.00781798
0.00781798
0.00412464
0.00412464
0.00937821
0.00696803
0.00696803
0.0062709
0.0050162
0.0050162
0.0041153
0.00447456
0.00447456
0.00447456
0.00763062
0.00763062
0.00150604
0.00150604
0.00943061
0.00943061
0.00943061
0.00943061
0.00943061
0.00943061
0.00943061
0.00797854
0.0081771
0.0081771
0.0081771
0.0081771
0.0186734
0.00847216
0.00847216
0.00681329
0.00681329
0.00681329
0.00666423
0.00666423
0.00666423
0.00666423
0.00850679
0.00850679
0.00868267
0.00868267
0.00868267
0.00868267
0.00695726
0.00805004
0.00805004
0.00805004
0.00825896
0.00825896
0.00825896
0.00825896
0.00825896
0.00748979
0.0074984
0.0074984
0.0074984
0.0074984
0.0074984
0.0074984
0.00763115
0.00948111
0.00948111
0.00948111
0.00948111
0.00948111
0.00854798
0.00854798
0.00854798
0.00854798
0.00854798
0.00823235
0.00958626
0.00958626
0.00958626
0.00958626
0.00958626
0.00778768
0.00778768
0.0177841
0.0177841
0.00916893
0.00916893
0.00916893
0.00916893
0.00693886
0.00693886
0.00693886
0.00693886
0.00693886
0.00737104
0.00737104
0.00737104
0.00737104
0.00775535
0.00775535
0.00775647
0.00775647
0.00823051
0.00894915
0.00894915
0.00894915
0.0173253
0.0173253
0.0173253
0.0173253
0.0173253
0.00856365
0.00856365
0.00856365
0.00856365
0.00856365
0.00856365
0.00847058
0.00847058
0.0071019
0.0071019
0.0071019
0.0071019
0.00744423
0.00744423
0.00744423
0.0169998
0.00757216
0.00827769
0.00827769
0.00827769
0.0189031
0.00840622
0.00840622
0.00840622
0.00840622
0.00840622
0.00840622
0.00840622
0.00840622
0.00840622
0.00840622
0.00840622
0.00798326
0.00798326
0.00798326
0.00798326
0.00798326
0.00798326
0.00798326
0.00913424
0.00913424
0.00913424
0.00913424
0.0124768
0.00857682
0.00857682
0.00857682
0.00857682
0.00857682
0.00857682
0.00857682
0.00928725
0.00819592
0.00819592
0.00819592
0.00758418
0.00758418
0.00758418
0.00870264
0.00870264
0.00870264
0.00870264
0.00870264
0.00870264
0.00870264
0.00870264
0.00829712
0.00829712
0.00783263
0.00783263
0.00783263
0.00783263
0.00783263
0.00783263
0.00783263
0.0124847
0.00753868
0.00753868
0.00757612
0.00757612
0.00757612
0.00757612
0.00725197
0.00725197
0.00725197
0.00725197
0.00725197
0.00832954
0.00832954
0.00832954
0.00832954
0.00832954
0.00832954
0.00790411
0.00790411
0.00953758
0.00953758
0.00953758
0.00791901
0.00861822
0.00861822
0.00861822
0.00861822
0.00861822
0.00972911
0.00972911
0.00821818
0.00781739
0.00781739
0.00720874
0.00720874
0.00720874
0.00944831
0.00944831
0.00768898
0.00768898
0.00768898
0.00768898
0.00875332
0.00875332
0.00875332
0.0113396
0.00684722
0.00684722
0.00884197
0.00884197
0.00884197
0.00884197
0.00884197
0.00884197
0.00884197
0.00834698
0.00789837
0.00789837
0.00789837
0.0089917
0.0089917
0.0089917
0.0089917
0.0118433
0.00715141
0.00715141
0.00798694
0.00798694
0.00394965
0.00394965
0.00394965
0.00394965
0.00476589
0.00724887
0.00724887
0.00724887
0.00724887
0.00819882
0.00819882
0.00928469
0.00928469
0.00928469
0.00928469
0.00928469
0.0079063
0.0079063
0.0079063
0.0079063
0.0079063
0.00802265
0.00802265
0.0182411
0.00831185
0.00831185
0.00853935
0.00853935
0.00664278
0.00664278
0.00787603
0.00787603
0.00787603
0.00787603
0.00859368
0.00859368
0.00424434
0.00424434
0.00965036
0.00717024
0.00717024
0.00645288
0.00744146
0.00744146
0.0178442
0.0178442
0.0178442
0.0178442
0.0178442
0.0080309
0.0080309
0.00658694
0.00658694
0.00658694
0.00658694
0.00658694
0.00670893
0.00670893
0.00670893
0.00670893
0.00618482
0.00618482
0.00257921
0.00618482
0.00618482
0.00618482
0.00289023
0.00131021
0.00335446
0.00335446
0.00335446
0.00131021
0.00131021
0.00131021
0.00131021
0.00202461
0.00157968
0.002264
0.002264
0.002264
0.00171845
0.00171845
0.00171845
0.00171845
0.00171845
0.00133237
0.00133237
0.00133237
0.00122389
0.00122389
0.00122389
0.00122389
0.00122389
0.00122389
0.00122389
0.00122389
0.00139176
0.00139176
0.00131021
0.00335446
0.00335446
0.00335446
0.00309241
0.00309241
0.00128961
0.00309241
0.00309241
0.00309241
0.00144512
0.0092732
0.0092732
0.0092732
0.0092732
0.0092732
0.0092732
0.0092732
0.00745748
0.00745748
0.00952702
0.00946042
0.00946042
0.00946042
0.00946042
0.00946042
0.00946042
0.00946042
0.00760805
0.00760805
0.00971936
0.0073013
0.00810603
0.00808115
0.00808115
0.00718455
0.00718455
0.00718455
0.00870642
0.00870642
0.00870642
0.00870642
0.00870642
0.0198821
0.00776252
0.00776252
0.00776252
0.00776252
0.0171812
0.00892622
0.00892622
0.00892622
0.00892622
0.00892622
0.00892622
0.00892622
0.00842651
0.0110477
0.0110477
0.0110477
0.0110477
0.00759437
0.00759437
0.00759437
0.00690705
0.00690705
0.00690705
0.00690705
0.00690705
0.00883233
0.00883233
0.00681916
0.00681916
0.00681916
0.00681916
0.00831566
0.00895505
0.00895505
0.00810928
0.00810928
0.00806423
0.00925114
0.00925114
0.00925114
0.00925114
0.00925114
0.0201396
0.0201396
0.00881915
0.00881915
0.00881915
0.00881915
0.00881915
0.00881915
0.00881915
0.00881915
0.0075217
0.0075217
0.0075217
0.00818583
0.00684332
0.00684332
0.00317985
0.00317985
0.00317985
0.00312211
0.00312211
0.00312211
0.00312211
0.00312211
0.00837375
0.00789493
0.00789493
0.00789493
0.00789493
0.00925635
0.00925635
0.00925635
0.00925635
0.00925635
0.00925635
0.00686768
0.00686768
0.00686768
0.00686768
0.00686768
0.00686768
0.00451097
0.00451097
0.00745731
0.00745731
0.00745731
0.00745731
0.00745731
0.00745731
0.00745731
0.00341886
0.00341886
0.00425127
0.00425127
0.00425127
0.00425127
0.00425127
0.00425127
0.00425127
0.00947972
0.00947972
0.00947972
0.00947972
0.00947972
0.00814823
0.00814823
0.00741048
0.00741048
0.00741048
0.00741048
0.00741048
0.00741048
0.00751136
0.00751136
0.00751136
0.00751136
0.00751136
0.00791401
0.00791401
0.00791401
0.00791401
0.00791401
0.00791401
0.00820399
0.00820399
0.00820399
0.00873814
0.00873814
0.0073204
0.0073204
0.0073204
0.0073204
0.00833372
0.00833372
0.00833372
0.00451529
0.00415992
0.00415992
0.00415992
0.00871131
0.00894974
0.00894974
0.00894974
0.00894974
0.00894974
0.00894974
0.00894974
0.00894974
0.00817559
0.00817559
0.00817559
0.00817559
0.00817559
0.00817559
0.00888249
0.00888249
0.00888249
0.00888249
0.00888249
0.00888249
0.00873383
0.00873383
0.00873383
0.00873383
0.00873383
0.00873383
0.00873383
0.00788567
0.00788567
0.00788567
0.00788567
0.00788567
0.00889536
0.00889536
0.00913883
0.00913883
0.00913883
0.00913883
0.00913883
0.00913883
0.00913883
0.00913883
0.00749288
0.00749288
0.00749288
0.00749288
0.00749288
0.00749288
0.00768866
0.00663814
0.00663814
0.00663814
0.00663814
0.00663814
0.00836634
0.00836634
0.00836634
0.00836634
0.00836634
0.0088614
0.0088614
0.0088614
0.0088614
0.0088614
0.0086802
0.0086802
0.0086802
0.0072627
0.00788195
0.00788195
0.00788195
0.00788195
0.00788195
0.00863453
0.00863453
0.00863453
0.00863453
0.019718
0.00931529
0.00931529
0.00714468
0.00751062
0.00751062
0.00769769
0.00769769
0.00769769
0.00883734
0.00883734
0.00883734
0.00883734
0.00883734
0.00883734
0.00883734
0.00883734
0.00883734
0.00773725
0.0144017
0.0144017
0.00728392
0.00728392
0.00728392
0.00728392
0.00735024
0.00735024
0.00735024
0.00735024
0.00735024
0.00735024
0.00735024
0.00939001
0.00939001
0.00939001
0.00939001
0.00854375
0.00854375
0.00854375
0.00854375
0.00906591
0.00906591
0.00406256
0.00406256
0.00406256
0.00406256
0.00406256
0.00406256
0.00406256
0.00406256
0.00406256
0.00366522
0.00366522
0.00366522
0.00366522
0.00366522
0.00366522
0.00366522
0.00366522
0.00382857
0.00654993
0.00833221
0.00833221
0.00833221
0.00833221
0.00844614
0.00679237
0.00867732
0.00867732
0.00867732
0.00867732
0.00867732
0.00867732
0.00867732
0.00867732
0.0128519
0.0128519
0.0128519
0.0128519
0.0128519
0.0128519
0.0128519
0.0128519
0.0128519
0.00816454
0.00800623
0.00800623
0.00800623
0.00800623
0.00800623
0.00800623
0.00800623
0.00800623
0.0081733
0.0081733
0.00833723
0.00833723
0.00791423
0.00791423
0.00791423
0.00791423
0.00791423
0.00898946
0.00898946
0.00898946
0.00898946
0.00898946
0.0102818
0.0102818
0.00836348
0.00907794
0.0110248
0.0110248
0.0110248
0.0203902
0.0203902
0.00917106
0.00917106
0.00917106
0.00737534
0.00737534
0.00737534
0.00737534
0.00737534
0.00942208
0.00942208
0.00898925
0.00898925
0.00898925
0.00898925
0.00898925
0.00863378
0.00863378
0.00863378
0.00863378
0.00863378
0.00863378
0.0079104
0.0079104
0.0079104
0.0079104
0.0079104
0.00813726
0.00905739
0.00905739
0.00832036
0.00785457
0.00785457
0.00785457
0.00785457
0.00785457
0.00854809
0.0078506
0.0079834
0.0079834
0.0079834
0.0079834
0.0079834
0.0121312
0.0121312
0.0121312
0.00720525
0.00775105
0.00775105
0.00775105
0.00775105
0.0100154
0.0100154
0.0100154
0.0100154
0.0100154
0.00811088
0.00765682
0.00699124
0.00750604
0.00750604
0.00750604
0.00750604
0.00750604
0.00750604
0.0181552
0.00737757
0.00737757
0.00737757
0.00737757
0.00737757
0.00737757
0.00737757
0.00737757
0.0083895
0.00959233
0.00959233
0.00959233
0.00959233
0.00959233
0.00959233
0.00959233
0.00771412
0.00771412
0.00771412
0.0093239
0.0093239
0.0093239
0.0102554
0.0102554
0.00834194
0.00674437
0.00861601
0.00861601
0.00861601
0.00861601
0.00861601
0.00861601
0.00861601
0.00861601
0.00861601
0.00781769
0.00781769
0.00781769
0.00781769
0.00781769
0.00781769
0.00781769
0.00781769
0.00781769
0.00762155
0.00762155
0.00762155
0.00762155
0.00762155
0.00762155
0.00762155
0.00762155
0.00762155
0.00827302
0.00827302
0.00665314
0.00665314
0.00665314
0.00777344
0.00777344
0.00748641
0.00748641
0.00748641
0.00748641
0.00748641
0.00748641
0.00663216
0.00663216
0.00770924
0.00770924
0.00929477
0.00929477
0.00929477
0.00929477
0.00929477
0.00661657
0.00709113
0.00854953
0.00854953
0.00854953
0.00854953
0.00854953
0.00757294
0.00967451
0.00967451
0.00967451
0.00967451
0.00967451
0.00967451
0.00967451
0.00967451
0.00967451
0.00637533
0.00814455
0.00814455
0.00814455
0.00814455
0.00814455
0.00814455
0.00814455
0.00814455
0.00814455
0.00814455
0.00632314
0.00632314
0.00632314
0.00632314
0.00632314
0.00632314
0.00632314
0.00632314
0.0043656
0.00397995
0.0045133
0.00965802
0.00965802
0.00965802
0.00965802
0.00965802
0.00965802
0.00965802
0.00965802
0.00759601
0.0173464
0.0173464
0.0173464
0.00828085
0.00828085
0.00480855
0.00398501
0.0103581
0.0103581
0.00842551
0.0067702
0.0067702
0.0067702
0.0067702
0.0067702
0.00874281
0.00874281
0.00874281
0.00874281
0.0089998
0.00384805
0.00384805
0.00384805
0.00384805
0.00384805
0.00384805
0.00815402
0.00815402
0.00815402
0.00815402
0.00815402
0.00815402
0.00795899
0.00795899
0.0088727
0.00780249
0.00780249
0.00804882
0.00804882
0.00804882
0.00812038
0.00879571
0.00915201
0.00915201
0.019696
0.019696
0.019696
0.019696
0.019696
0.0094025
0.0094025
0.0094025
0.0085748
0.0085748
0.0085748
0.00691145
0.00740715
0.00893055
0.00893055
0.00893055
0.00893055
0.00893055
0.00141234
0.00834426
0.00834426
0.00834426
0.00428469
0.00428469
0.00974212
0.00723841
0.00723841
0.00723841
0.00705821
0.00705821
0.00705821
0.00653052
0.00653052
0.00653052
0.00509536
0.00509536
0.00653052
0.00653052
0.00653052
0.00653052
0.00197168
0.00197386
0.0022446
0.0022446
0.0022446
0.0022446
0.0022446
0.0022446
0.0022446
0.00233066
0.00233066
0.00233066
0.0022446
0.0022446
0.0022446
0.0022446
0.0022446
0.0022446
0.00859239
0.00859239
0.00690997
0.00690997
0.00690997
0.00882756
0.00877372
0.00943704
0.00943704
0.00943704
0.00943704
0.00943704
0.00775944
0.00940715
0.00940715
0.00940715
0.00718061
0.00718061
0.00718061
0.00718858
0.00718858
0.00718858
0.00718858
0.00697575
0.00697575
0.00927835
0.00899872
0.00899872
0.00899872
0.00899872
0.00700973
0.00785501
0.00785501
0.00785501
0.00785501
0.00785501
0.00714235
0.00714235
0.00714235
0.00714235
0.00718551
0.00718551
0.00718551
0.00718551
0.00718551
0.00920074
0.00650351
0.00650351
0.00650351
0.0160929
0.00941014
0.00941014
0.00941014
0.0081038
0.00765013
0.00765013
0.00739551
0.00739551
0.00792593
0.00955602
0.00955602
0.00955602
0.00955602
0.00955602
0.00765764
0.00765764
0.00765764
0.00989474
0.00989474
0.00989474
0.00989474
0.00989474
0.00797712
0.00770384
0.00770384
0.00770384
0.00770384
0.00984173
0.00825457
0.00859151
0.00911658
0.00911658
0.00911658
0.00911658
0.00911658
0.00751676
0.00751676
0.00751676
0.00751676
0.00725615
0.00725615
0.00725615
0.00725615
0.00725615
0.00725615
0.00725615
0.00704132
0.00704132
0.00698459
0.00376992
0.00376992
0.00365831
0.00365831
0.00365831
0.00365831
0.00365831
0.00454902
0.00376992
0.00404752
0.00429436
0.00429436
0.00429436
0.00429436
0.00429436
0.00445138
0.00445138
0.00445138
0.00722603
0.00722603
0.0193395
0.0193395
0.0193395
0.00923234
0.00923234
0.00831472
0.00800771
0.00800771
0.00800771
0.00800771
0.00800771
0.00800771
0.00800771
0.00688473
0.00688473
0.00688473
0.00688473
0.00688473
0.00689237
0.00805696
0.00708515
0.00708515
0.00708515
0.00708515
0.00872153
0.00872153
0.00612095
0.00612095
0.00612095
0.00420766
0.00420766
0.00420766
0.00420766
0.00612095
0.00612095
0.00612095
0.00612095
0.00612095
0.00402813
0.00473756
0.00473756
0.00473756
0.00477579
0.00922708
0.00922708
0.00922708
0.00922708
0.00922708
0.00949919
0.00975919
0.00975919
0.00896902
0.00896902
0.00846692
0.00846692
0.00846692
0.00706097
0.00706097
0.00706097
0.00758931
0.00803838
0.00803838
0.00671092
0.00719224
0.00719224
0.00867144
0.00867144
0.00867144
0.00867144
0.00759985
0.0108869
0.0108869
0.0108869
0.00748387
0.00748387
0.00748387
0.00748387
0.00748387
0.00915265
0.00915265
0.00915265
0.00755538
0.00755538
0.00755538
0.00755538
0.00755538
0.00755538
0.0173956
0.0173956
0.0173956
0.00830437
0.00830437
0.00756257
0.00756257
0.00936403
0.00936403
0.00936403
0.00948025
0.00793384
0.00697688
0.00697688
0.00697688
0.00895471
0.00895471
0.00895471
0.00895471
0.00669031
0.00669031
0.00669031
0.00669031
0.00669031
0.00669031
0.00760797
0.00760797
0.00760797
0.00803593
0.00720091
0.00709509
0.00709509
0.00709509
0.00709509
0.00813421
0.00654151
0.00654151
0.00697357
0.007188
0.007188
0.007188
0.007188
0.007188
0.007188
0.007188
0.00901925
0.00751771
0.00751771
0.00751771
0.00751771
0.00751771
0.00751771
0.00751771
0.00751771
0.00983163
0.00983163
0.00844052
0.00844052
0.00844052
0.00844052
0.00695653
0.00888704
0.00888704
0.00888704
0.00888704
0.00888704
0.00888704
0.00888704
0.00888704
0.0066502
0.0066502
0.0066502
0.00757075
0.00757075
0.00757075
0.00757075
0.00757075
0.0127358
0.00769033
0.00769033
0.00807813
0.00807813
0.00807813
0.00807813
0.00777986
0.00777986
0.00777986
0.00777986
0.00777986
0.00777986
0.00777986
0.00792307
0.00637171
0.00637171
0.00637171
0.00637171
0.00637171
0.00637171
0.00637171
0.00813992
0.00813992
0.00717123
0.00717123
0.00717123
0.00717123
0.00717123
0.0197198
0.00863533
0.00863533
0.00863533
0.00863533
0.00863533
0.00863533
0.00863533
0.00935119
0.00935119
0.00882769
0.00882769
0.00882769
0.00960714
0.00822291
0.00822291
0.00661284
0.00661284
0.00661284
0.00767418
0.00767418
0.00767418
0.00970353
0.00970353
0.00970353
0.00732296
0.00732296
0.00733109
0.00733109
0.00733109
0.00833664
0.00761957
0.00761957
0.00761957
0.00761957
0.00761957
0.00761957
0.00695801
0.00695801
0.00696573
0.00696573
0.00696573
0.00792116
0.00792116
0.00877569
0.00877569
0.00678216
0.00866428
0.00866428
0.00866428
0.00866428
0.00866428
0.00866428
0.00866428
0.00866428
0.0201967
0.00964153
0.00964153
0.00964153
0.00964153
0.00862679
0.00862679
0.00699951
0.00699951
0.00699951
0.00699951
0.00699951
0.00699951
0.00699951
0.00803024
0.0075215
0.0075215
0.0075215
0.0075215
0.0075215
0.0075215
0.0075215
0.0117403
0.0117403
0.0117403
0.00807053
0.00807053
0.00807053
0.00807053
0.00807053
0.00855018
0.00687603
0.00687603
0.00687603
0.00878421
0.0205744
0.00982185
0.00982185
0.00982185
0.00982185
0.0071775
0.0071775
0.0071775
0.00938433
0.00938433
0.00938433
0.00938433
0.00820831
0.00790523
0.00790523
0.00790523
0.00790523
0.00790523
0.00790523
0.00433599
0.00433599
0.00815017
0.00655434
0.00655434
0.00655434
0.00837324
0.00765926
0.00765926
0.00765926
0.00765926
0.00870982
0.00870982
0.00870982
0.00979961
0.00979961
0.00770192
0.00770192
0.00770192
0.00770192
0.00770192
0.00770192
0.00770192
0.00770192
0.00770192
0.00832188
0.00832188
0.00832188
0.00832188
0.0089706
0.0089706
0.00721413
0.00721413
0.00721413
0.00772425
0.00772425
0.00913061
0.00913061
0.00913061
0.00879347
0.00879347
0.00701035
0.00877029
0.00877029
0.00877029
0.00877029
0.00719445
0.00855004
0.00855004
0.00687591
0.00687591
0.00687591
0.00878405
0.00834305
0.00834305
0.00834305
0.00834305
0.00803499
0.00803499
0.00803499
0.00803499
0.00803499
0.00657489
0.00657489
0.00658218
0.00658218
0.00658218
0.00748501
0.00748501
0.00748501
0.00748501
0.00895098
0.00762727
0.00762727
0.00762727
0.00762727
0.00762727
0.00896166
0.00896166
0.00896166
0.00896166
0.00896166
0.00896166
0.00896166
0.00896166
0.00720694
0.00592427
0.00592427
0.00592427
0.00592427
0.00592427
0.00587685
0.00492792
0.00521951
0.00521951
0.00367384
0.00161214
0.00161214
0.00161214
0.00161214
0.00161214
0.00419342
0.00386582
0.00173984
0.00197476
0.00197476
0.00197476
0.00197476
0.00197476
0.00147272
0.0026567
0.0016656
0.00197476
0.00197476
0.00197476
0.00846891
0.00921667
0.00921667
0.00921667
0.00921667
0.00825888
0.00825888
0.00825888
0.00664177
0.00664177
0.00664177
0.00848493
0.00803341
0.00803341
0.00646045
0.00646045
0.00646045
0.00825329
0.00826886
0.0076247
0.00670502
0.00670502
0.00670502
0.00809069
0.00911732
0.00911732
0.00710328
0.00710328
0.00710328
0.00710328
0.0081717
0.00876415
0.00876415
0.00402809
0.00402809
0.00402809
0.00402809
0.00402809
0.00402809
0.00402809
0.00379609
0.00430865
0.00430865
0.00430865
0.00430865
0.00430865
0.00430865
0.00552223
0.00552223
0.00944283
0.00944283
0.00944283
0.00944283
0.00944283
0.0075939
0.00794795
0.00794795
0.00794795
0.00794795
0.00816549
0.00985676
0.00452164
0.00452164
0.00734146
0.00867812
0.00867812
0.00867812
0.00867812
0.00867812
0.00760025
0.00676616
0.00676616
0.00782628
0.00782628
0.00782628
0.00782628
0.00782628
0.00782628
0.00932092
0.00776691
0.00776691
0.00776691
0.00776691
0.00776691
0.00776691
0.00907702
0.00907702
0.00907702
0.00907702
0.00907702
0.00907702
0.00907702
0.00729972
0.00932546
0.0206497
0.0098578
0.0098578
0.0098578
0.0098578
0.00814423
0.00814423
0.00768829
0.00768829
0.00768829
0.00827227
0.017429
0.017429
0.017429
0.017429
0.017429
0.00930241
0.00930241
0.00896936
0.00896936
0.00896936
0.0096689
0.0096689
0.00819833
0.00819833
0.00761145
0.00761145
0.00898365
0.00886734
0.00886734
0.00878682
0.00878682
0.0097576
0.0097576
0.00924209
0.00924209
0.00916432
0.00916432
0.00914447
0.00914447
0.00919301
0.007393
0.007393
0.007393
0.00944463
0.00666869
0.0081545
0.00951741
0.00951741
0.00951741
0.00951741
0.00951741
0.00765387
0.00765387
0.00765387
0.00977791
0.00977791
0.00865611
0.00696122
0.00696122
0.00696122
0.00889303
0.00920546
0.00920546
0.00920546
0.0200036
0.00954936
0.00954936
0.00954936
0.00954936
0.00693605
0.00788741
0.00788741
0.00788741
0.00788741
0.00788741
0.00788741
0.00788741
0.00875094
0.00842782
0.00842782
0.00842782
0.00842782
0.00842782
0.00842782
0.00842782
0.00842782
0.00842782
0.00909683
0.00909683
0.00909683
0.00885535
0.00942967
0.00758331
0.00758331
0.00758331
0.00968776
0.00793539
0.00793539
0.00638162
0.00638162
0.00638162
0.00815259
0.00815259
0.00960747
0.00960747
0.00733576
0.00733576
0.00733576
0.00773825
0.00773825
0.0201284
0.00979779
0.00979779
0.00979779
0.00737093
0.00941644
0.00941644
0.00941644
0.00941644
0.00941644
0.00941644
0.00941644
0.00941644
0.006784
0.006784
0.006784
0.006784
0.006784
0.006784
0.006784
0.006784
0.006784
0.017617
0.00946165
0.00946165
0.00720767
0.00720767
0.00720767
0.00720767
0.00966469
0.00966469
0.00966469
0.00954557
0.00954557
0.00954557
0.00954557
0.00954557
0.00954557
0.00767652
0.00753625
0.00753625
0.00753625
0.00753625
0.00700928
0.00700928
0.00970417
0.00970417
0.00943694
0.00943694
0.00943694
0.00943694
0.00943694
0.00837267
0.00837267
0.00820074
0.00725208
0.00725208
0.00725208
0.00725208
0.00725208
0.00723157
0.00723157
0.00723157
0.00769397
0.00769397
0.00769397
0.0070326
0.0070326
0.0070326
0.0070326
0.0070326
0.00819056
0.00841474
0.00841474
0.0079123
0.00792108
0.00792108
0.00792108
0.00900755
0.00900755
0.00900755
0.00668064
0.00668064
0.00668064
0.00668064
0.00668064
0.00817942
0.00742936
0.00653324
0.00653324
0.00653324
0.00788341
0.00971265
0.00971265
0.00783608
0.00783608
0.00783608
0.00783608
0.00783608
0.0089109
0.0089109
0.0089109
0.00428378
0.00428378
0.00428378
0.00428378
0.00355011
0.00355011
0.00292475
0.000977055
0.000977055
0.000977055
0.00115495
0.00115495
0.0011123
0.00831236
0.00831236
0.00831236
0.00831236
0.00831236
0.00746601
0.00942009
0.0187042
0.0187042
0.0187042
0.0187042
0.0109614
0.0109614
0.0109614
0.00695244
0.00695244
0.00695244
0.00696015
0.00696015
0.00696015
0.00791483
0.00791483
0.00967043
0.00967043
0.00975538
0.00975538
0.00975538
0.00975538
0.00746046
0.00746046
0.00746046
0.00746046
0.0087784
0.0087784
0.0087784
0.00862515
0.00693633
0.00693633
0.00693633
0.00886123
0.00665835
0.00665835
0.00665835
0.00665835
0.00665835
0.00665835
0.0079646
0.0079646
0.0079646
0.0079646
0.00866783
0.00931966
0.00931966
0.0131109
0.0131109
0.0131109
0.0131109
0.0131109
0.0131109
0.0131109
0.00901269
0.00927496
0.00927496
0.00897479
0.0083357
0.0083357
0.0083357
0.0083357
0.00670354
0.00670354
0.00670354
0.00856385
0.00856385
0.00392431
0.00392431
0.00253958
0.00253958
0.00269764
0.00269764
0.00269764
0.00269764
0.00269764
0.00294323
0.00294323
0.00190469
0.00190469
0.00462029
0.00220564
0.0020267
0.0021008
0.0019102
0.00196215
0.00196215
0.00126979
0.00126979
0.00325098
0.00129127
0.00151869
0.00151869
0.00131356
0.00228859
0.00147043
0.00147043
0.00147043
0.00147043
0.00308019
0.00147043
0.00141371
0.00141371
0.00115101
0.000981076
0.000981076
0.000634896
0.000634896
0.0015401
0.000735215
0.000706855
0.000706855
0.000575506
0.0071046
0.0071046
0.0071046
0.0071046
0.0071046
0.0071046
0.00829256
0.00829256
0.00670361
0.00670361
0.00670361
0.0076231
0.0076231
0.0076231
0.0076231
0.0076231
0.00921801
0.00921801
0.00921801
0.00921801
0.00761391
0.00761391
0.00761391
0.00761391
0.00710957
0.00710957
0.00710957
0.0117741
0.0117741
0.0117741
0.00918656
0.00918656
0.00918656
0.00662842
0.00662842
0.00662842
0.00662842
0.00662842
0.00753759
0.00753759
0.00753759
0.00828561
0.00828561
0.00382586
0.00864928
0.00789619
0.00789619
0.00789619
0.00789619
0.00780274
0.00780274
0.010522
0.00721333
0.00727192
0.00804558
0.00749379
0.00746822
0.00746822
0.00746822
0.00746822
0.0109776
0.00662864
0.00662864
0.00796595
0.00796595
0.00796595
0.00740455
0.00740455
0.00740455
0.00740455
0.00740455
0.00740455
0.00740455
0.00740455
0.00740455
0.00773911
0.00983072
0.00983072
0.00929747
0.00878335
0.00878335
0.00878335
0.00878335
0.00878335
0.00878335
0.00902368
0.00725682
0.00725682
0.00725682
0.00927066
0.00980634
0.0083645
0.0083645
0.00787121
0.00787121
0.00787121
0.00787121
0.00787121
0.00876024
0.00876024
0.00811822
0.00750288
0.00750288
0.00750288
0.00725314
0.00725314
0.00725314
0.00725314
0.00886783
0.00886783
0.00680732
0.00680732
0.00680732
0.00680732
0.00680732
0.00680732
0.00680732
0.00774962
0.00680699
0.00680699
0.00680699
0.00680699
0.00937842
0.00937842
0.00937842
0.00682603
0.00682603
0.00682603
0.009346
0.00751602
0.00751602
0.00751602
0.0096018
0.00676327
0.00676327
0.00676327
0.00948023
0.00948023
0.00948023
0.00948023
0.00948023
0.0156635
0.0156635
0.0156635
0.0156635
0.00679203
0.00679203
0.00679203
0.00679203
0.00715911
0.00715911
0.00716705
0.00716705
0.00716705
0.0081501
0.0081501
0.00919772
0.00919772
0.00919772
0.00394683
0.00394683
0.00394683
0.00394683
0.00700458
0.00700458
0.0167966
0.0167966
0.0167966
0.00755941
0.00755941
0.00755941
0.00755941
0.00936755
0.00936755
0.00936755
0.00936755
0.00813251
0.00813251
0.00813251
0.00938461
0.0187128
0.00869518
0.00869518
0.00869518
0.00869518
0.00451132
0.00451132
0.00410202
0.00410202
0.00410202
0.00410202
0.00410202
0.00434474
0.00434474
0.00737187
0.00737187
0.00915401
0.00915401
0.00915401
0.00992174
0.00992174
0.00992174
0.00489191
0.00840711
0.00840711
0.00723378
0.00723378
0.00723378
0.00723378
0.00723378
0.00723378
0.00723378
0.00823511
0.00761155
0.00761155
0.00761155
0.00761155
0.00761155
0.00865557
0.00865557
0.00958352
0.00958352
0.00853485
0.00853485
0.00768314
0.00980634
0.00980634
0.00980634
0.00811209
0.00713363
0.00713363
0.00713363
0.00860787
0.00716875
0.00756298
0.00756298
0.00756298
0.00756298
0.00756298
0.00860034
0.00860034
0.0086196
0.0086196
0.0086196
0.0086196
0.00885553
0.00885553
0.00942809
0.00942809
0.0077614
0.0077614
0.0077614
0.0077614
0.0077614
0.0077614
0.0077614
0.0077614
0.0077614
0.00816605
0.00816605
0.00816605
0.00816605
0.00808415
0.00808415
0.00452468
0.00452468
0.00452468
0.00452468
0.00452468
0.00452468
0.00435761
0.00435761
0.00368859
0.00383201
0.00411417
0.00452468
0.00452468
0.00452468
0.00435761
0.00435761
0.00707641
0.00707641
0.00707641
0.00707641
0.00707641
0.00704829
0.00704829
0.00704829
0.00704829
0.00704829
0.00764435
0.00764435
0.00736642
0.00736642
0.00736642
0.00736642
0.00987756
0.00987756
0.00987756
0.00902669
0.00902669
0.00902669
0.00902669
0.00902669
0.00744002
0.00744002
0.00744002
0.00744002
0.00744002
0.00897018
0.00897018
0.00897018
0.00823472
0.00823472
0.00823472
0.00823472
0.00896181
0.000757799
0.000757799
0.000757799
0.00060942
0.00077854
0.00077854
0.0087897
0.0087897
0.0087897
0.0087897
0.00718373
0.00718373
0.0071917
0.0071917
0.0071917
0.00817813
0.00735542
0.00735542
0.00735542
0.00735542
0.00858795
0.00858795
0.00858795
0.0183805
0.0183805
0.0183805
0.0183805
0.0183805
0.0183805
0.0183805
0.00787883
0.00787883
0.00787883
0.00787883
0.00787883
0.00895951
0.00895951
0.00658743
0.00658743
0.0077868
0.0077868
0.0077868
0.0077868
0.0077868
0.00732548
0.00732548
0.00732548
0.00732548
0.0178623
0.0178623
0.0178623
0.0178623
0.0178623
0.0178623
0.00862639
0.00862639
0.00372202
0.00674984
0.00674984
0.00653427
0.00495974
0.00848198
0.00759046
0.00759046
0.00759046
0.00759046
0.00759046
0.00759046
0.00823104
0.00821326
0.00821326
0.00821326
0.00821326
0.00667503
0.00749884
0.00749884
0.00749884
0.00749884
0.00749884
0.0092236
0.0092236
0.0092236
0.0092236
0.0092236
0.0092236
0.0092236
0.0092236
0.0092236
0.00838677
0.00822369
0.000291147
0.000291147
0.000291147
0.000371944
0.00806133
0.00806133
0.00806133
0.00806133
0.0064829
0.0064829
0.00720957
0.00660732
0.00844093
0.00844093
0.00844093
0.00844093
0.00844093
0.00844093
0.00844093
0.00844093
0.00844093
0.00789784
0.00788405
0.00634033
0.00634033
0.00634033
0.00809984
0.0091296
0.0091296
0.00684564
0.00684564
0.00684564
0.00684564
0.00815894
0.00689735
0.00689735
0.00689735
0.00689735
0.00689735
0.00821254
0.00842133
0.00842133
0.00842133
0.00739586
0.00873274
0.00873274
0.00873274
0.00873274
0.00873274
0.00873274
0.00873274
0.00794124
0.00794124
0.00794124
0.00794124
0.00864241
0.00814461
0.00814461
0.00814461
0.00814461
0.00716222
0.00752429
0.00752429
0.00752429
0.00752429
0.0127754
0.00771424
0.00771424
0.0094799
0.0094799
0.00762371
0.00762371
0.00762371
0.00774426
0.00774426
0.00774426
0.00774426
0.00774426
0.00780677
0.00780677
0.00780677
0.00780677
0.00769804
0.00769804
0.00741816
0.00741816
0.00741816
0.00741816
0.00994694
0.00994694
0.00994694
0.00945048
0.00760005
0.00760005
0.00760005
0.00970914
0.0130501
0.0130501
0.0130501
0.0130501
0.00858812
0.0101822
0.0101822
0.0101822
0.0173436
0.0173436
0.0173436
0.00827951
0.00827951
0.0068709
0.0068709
0.0068709
0.0068709
0.0068709
0.00753776
0.00753776
0.00753776
0.00753776
0.00753776
0.00753776
0.00957016
0.00957016
0.00744224
0.00654457
0.00654457
0.00654457
0.00916276
0.00916276
0.00916276
0.00916276
0.00757551
0.00757551
0.00757551
0.00757551
0.00664057
0.00664057
0.00664057
0.00947883
0.00947883
0.00842927
0.00842927
0.00842927
0.00842927
0.00853265
0.00853265
0.00853265
0.00720937
0.00720937
0.00720937
0.00820732
0.00820732
0.00820732
0.00841921
0.00841921
0.00841921
0.00841921
0.0074037
0.00887002
0.00887002
0.00887002
0.00887002
0.00887002
0.00930615
0.00930615
0.00930615
0.00930615
0.00883708
0.00883708
0.00883708
0.00883708
0.00883708
0.00660142
0.00660142
0.00780334
0.00780334
0.00780334
0.00780334
0.00780334
0.00787139
0.00787139
0.00787139
0.00787139
0.00787139
0.00787139
0.00787139
0.00681971
0.00936754
0.00936754
0.00936754
0.00936754
0.00936754
0.00936754
0.00881462
0.00775142
0.00775142
0.00622468
0.00622468
0.00622468
0.0161825
0.0161825
0.0161825
0.00708633
0.00704321
0.00704321
0.00703689
0.00703689
0.00703689
0.00703689
0.00703689
0.00757206
0.00735571
0.009397
0.009397
0.009397
0.009397
0.009397
0.009397
0.009397
0.009397
0.00800698
0.00800698
0.00691022
0.00691022
0.00691022
0.00785804
0.00785804
0.00785804
0.00785804
0.00785804
0.00706993
0.00832095
0.00832095
0.00832095
0.00832095
0.00669707
0.00847572
0.00847572
0.00847572
0.00847572
0.00847572
0.00838607
0.00838607
0.00838607
0.00896816
0.00896816
0.00721217
0.00721217
0.00921362
0.00921362
0.00831209
0.00831209
0.00831209
0.00668456
0.00668456
0.00853959
0.00978396
0.00978396
0.00811598
0.00811598
0.00811598
0.00811598
0.00811598
0.00714248
0.00861855
0.00861855
0.00861855
0.00861855
0.00861855
0.008314
0.00668609
0.0094828
0.00906655
0.00711027
0.00711027
0.00711027
0.00711027
0.00711027
0.00733397
0.00865966
0.00865966
0.00865966
0.00865966
0.00865966
0.00865966
0.00865966
0.00833991
0.00852163
0.00816584
0.00816584
0.00816584
0.00816584
0.00816584
0.00924213
0.00924213
0.0074325
0.0074325
0.00949509
0.00949509
0.00949509
0.00730737
0.00730737
0.00730737
0.00763252
0.00793346
0.00793346
0.00793346
0.00793346
0.00697654
0.00646653
0.00826106
0.00826106
0.00826106
0.00826106
0.00826106
0.00826106
0.00826106
0.00826106
0.00952503
0.00978573
0.00978573
0.00978573
0.00978573
0.011209
0.00726082
0.00726082
0.00726082
0.00726082
0.00726082
0.00726082
0.00726082
0.00326996
0.00326996
0.00326996
0.00326996
0.00309988
0.00309988
0.00309988
0.00309988
0.00309988
0.00707345
0.0070813
0.0070813
0.0070813
0.0070813
0.0070813
0.0070813
0.0070813
0.00805259
0.00805259
0.00769604
0.00769604
0.00769604
0.00769604
0.00769604
0.00875165
0.00875165
0.00875165
0.00703613
0.00703613
0.00703613
0.00703613
0.00703613
0.00703613
0.00800122
0.00800122
0.00800122
0.00800122
0.00913139
0.00913139
0.00734344
0.00734344
0.00734344
0.00734344
0.00734344
0.00825191
0.00825191
0.00890186
0.00813406
0.00946628
0.00946628
0.00751552
0.00751552
0.00751552
0.00751552
0.00660901
0.00820445
0.00810478
0.00810478
0.00810478
0.00735874
0.00735874
0.00735874
0.00735874
0.00735874
0.00735874
0.00969402
0.0071568
0.0071568
0.0071568
0.0071568
0.0096593
0.00891621
0.00891621
0.00771004
0.0186486
0.0186486
0.0186486
0.0186486
0.0186486
0.0186486
0.00816626
0.00816626
0.0120841
0.00729678
0.00729678
0.00760912
0.00760912
0.00760912
0.00760912
0.00757951
0.00757951
0.00757951
0.00757951
0.00757951
0.0087014
0.0087014
0.0073984
0.0073984
0.00727534
0.0129862
0.0129862
0.0129862
0.00802443
0.00879721
0.00879721
0.00879721
0.00825182
0.00825182
0.00663609
0.00663609
0.00847768
0.00952283
0.00952283
0.00952897
0.00986033
0.00986033
0.00986033
0.00914227
0.00914227
0.00840192
0.0073885
0.0073885
0.00891541
0.00960381
0.00960381
0.00960381
0.0074368
0.0074368
0.0074368
0.0074368
0.00358876
0.00358876
0.00358876
0.00358876
0.00358876
0.00358876
0.00408101
0.00727883
0.00348251
0.00348251
0.00348251
0.00348251
0.00358876
0.00358876
0.00358876
0.00358876
0.00358876
0.00408101
0.009233
0.009233
0.00723568
0.00924366
0.00924366
0.00924366
0.00924366
0.00924366
0.00924366
0.00924366
0.00924366
0.00758894
0.00393268
0.00393268
0.00377853
0.00948188
0.00948188
0.00948188
0.0085101
0.0085101
0.0085101
0.0068438
0.0068438
0.00874302
0.00771144
0.00771999
0.00771999
0.00771999
0.00771999
0.00196681
0.00235233
0.0019725
0.00191297
0.0022169
0.0022169
0.00218973
0.00218973
0.00218973
0.00208922
0.00303922
0.00303922
0.00200008
0.00200008
0.00303922
0.00200008
0.00200008
0.00200008
0.00200008
0.00388875
0.00183722
0.00209833
0.00257963
0.00339857
0.00257963
0.00178283
0.00178283
0.00178283
0.00178283
0.00257963
0.00303922
0.00303922
0.00200008
0.00200008
0.00303922
0.00303922
0.00196681
0.00196681
0.00196681
0.00257963
0.00772673
0.00772673
0.00817866
0.00817866
0.00817866
0.00840403
0.00769003
0.00769003
0.00769003
0.00769003
0.0086943
0.00960954
0.00782621
0.00782621
0.00800047
0.00800047
0.00643396
0.00821945
0.00821945
0.007447
0.0170061
0.00790213
0.00790213
0.00411214
0.00354837
0.00354837
0.00354837
0.00330697
0.00411214
0.00411214
0.00439856
0.00439856
0.00439856
0.00720426
0.00775721
0.00775721
0.00775721
0.00882121
0.00882121
0.00882121
0.00882121
0.00882121
0.00814718
0.00751285
0.00751285
0.00751285
0.00686582
0.00686582
0.00686582
0.00728849
0.00728849
0.00728849
0.00728849
0.00728849
0.00728849
0.00728849
0.00728849
0.017364
0.00760784
0.00760784
0.00760784
0.00770723
0.00770723
0.00770723
0.00770723
0.00770723
0.00770723
0.00770723
0.00770723
0.0152387
0.004586
0.004586
0.00713768
0.00713768
0.00713768
0.0101392
0.0101392
0.0101392
0.0101392
0.0101392
0.00369522
0.00870938
0.00758168
0.00758168
0.00758168
0.00758168
0.014887
0.014887
0.014887
0.014887
0.014887
0.014887
0.00743629
0.00789076
0.00789076
0.00789076
0.00054945
0.00054945
0.0074838
0.0074838
0.0074838
0.0074838
0.00778729
0.00778729
0.00778729
0.00778729
0.00778729
0.00778729
0.00778729
0.00720459
0.00720459
0.00720459
0.0164183
0.0164183
0.0164183
0.0164183
0.00825047
0.0078941
0.00804807
0.00804807
0.00804807
0.00804807
0.00804807
0.00804807
0.00804807
0.00804807
0.00841973
0.0167288
0.00732953
0.00732953
0.00732953
0.00749858
0.00765852
0.00765852
0.00765852
0.00765852
0.00765852
0.00765852
0.00765852
0.00811045
0.00811045
0.00811045
0.00412696
0.00412696
0.00342015
0.00342015
0.00367198
0.00403837
0.00403837
0.00403837
0.00388926
0.00412696
0.00412696
0.00342015
0.00342015
0.00367198
0.00423991
0.00565777
0.00372332
0.00388926
0.00883164
0.00883164
0.00883164
0.00775664
0.00775664
0.00662078
0.00662078
0.00662078
0.00662078
0.00662078
0.00662078
0.00662078
0.00662078
0.00662078
0.00662078
0.0083702
0.00888175
0.00888175
0.0068824
0.0068824
0.00852715
0.00852715
0.00852715
0.00852715
0.00876054
0.00876054
0.00861022
0.0171073
0.00749535
0.00749535
0.0193003
0.00753847
0.00753847
0.00753847
0.00753847
0.00753847
0.00753847
0.00753847
0.00753847
0.0077623
0.0077623
0.00682603
0.00682603
0.00682603
0.00682603
0.00831805
0.0150847
0.0189259
0.0189259
0.00801871
0.00801871
0.00741299
0.00741299
0.00741299
0.00741299
0.00741299
0.00817891
0.00817891
0.00395938
0.00395938
0.00395938
0.00395938
0.00366286
0.00895467
0.00895467
0.00860754
0.0091336
0.0091336
0.0091336
0.0091336
0.00791011
0.00935236
0.00811019
0.00835972
0.00835972
0.00835972
0.00835972
0.00835972
0.00753174
0.00753174
0.00753174
0.00753174
0.00753174
0.00753174
0.00586556
0.00586556
0.00586556
0.00586556
0.00555183
0.00627411
0.00804128
0.00804128
0.00552773
0.00552773
0.00260946
0.00289683
0.00289683
0.00631161
0.00631161
0.00260946
0.00286983
0.00614116
0.00276387
0.00833463
0.00788233
0.00836407
0.00836407
0.00823001
0.00682889
0.00682889
0.00682889
0.00682889
0.00682889
0.00733173
0.00777886
0.00777886
0.0084657
0.00842262
0.00842262
0.00842262
0.00842262
0.00842262
0.019234
0.00893737
0.00230494
0.00230494
0.00230494
0.00230494
0.00230494
0.00230494
0.00230494
0.00230494
0.00239997
0.0022367
0.00239997
0.00239997
0.00239997
0.00239997
0.00239997
0.00245818
0.00295119
0.00381294
0.00230494
0.00230494
0.00467494
0.00467494
0.00467494
0.00467494
0.00255256
0.00295119
0.00381294
0.00796234
0.00796234
0.00827489
0.00873977
0.00873977
0.00702849
0.00702849
0.00702849
0.00702849
0.00702849
0.00702849
0.00702849
0.00897898
0.00912678
0.00912678
0.00912678
0.00912678
0.00912678
0.00912678
0.00878979
0.00878979
0.00834562
0.00834562
0.00834562
0.00834562
0.00834562
0.00834562
0.0175461
0.00699036
0.0159301
0.0159301
0.0159301
0.0159301
0.0159301
0.0159301
0.0159301
0.00716699
0.00932549
0.00932549
0.00932549
0.00932549
0.00932549
0.00488443
0.00518295
0.00518295
0.00518295
0.00592152
0.00228028
0.00275152
0.00275152
0.00275152
0.00662551
0.00662551
0.00754264
0.00754264
0.00754264
0.00754264
0.00754264
0.00729813
0.00729813
0.00729813
0.00729813
0.00729813
0.00729813
0.00806027
0.00806027
0.00760904
0.00760904
0.00760904
0.00760904
0.00930824
0.00930824
0.00915414
0.00915414
0.00915414
0.00736174
0.00736174
0.00736174
0.00736174
0.00773411
0.00773411
0.00773411
0.00773411
0.00773411
0.00773411
0.00831669
0.0036796
0.00413551
0.00413551
0.00342724
0.00342724
0.00413551
0.00413551
0.00413551
0.0036796
0.0042487
0.00373103
0.00373103
0.00366897
0.00366897
0.00366897
0.00366897
0.00832126
0.00832126
0.00832126
0.00832126
0.00832126
0.00872007
0.00872007
0.00872007
0.00872007
0.00872007
0.0083981
0.0083981
0.00747584
0.00747584
0.00747584
0.00747584
0.00747584
0.00747584
0.00747584
0.008682
0.008682
0.008682
0.008682
0.00698204
0.00698204
0.00698204
0.00698204
0.00773198
0.00773198
0.00773198
0.00773198
0.00694554
0.015828
0.015828
0.015828
0.015828
0.015828
0.015828
0.00925521
0.00925521
0.00787607
0.00633392
0.00633392
0.00633392
0.00633392
0.00633392
0.00633392
0.00633392
0.00809164
0.00809164
0.00833808
0.00833808
0.00833808
0.00833808
0.00833808
0.00833808
0.00833808
0.00833808
0.00833808
0.00833808
0.00692421
0.00692421
0.00692421
0.00692421
0.00795849
0.00795849
0.00751388
0.00751388
0.0181741
0.0181741
0.00415584
0.00415584
0.00415584
0.00172862
0.00286274
0.00286274
0.00286274
0.00944282
0.00944282
0.00809674
0.00809674
0.00809674
0.00846226
0.00846226
0.00846226
0.00680532
0.00680532
0.00680532
0.00680532
0.00680532
0.00680532
0.00714814
0.00714814
0.00665789
0.00665789
0.00665789
0.00768495
0.00768495
0.00777562
0.00777562
0.00777562
0.00777562
0.00777562
0.00968007
0.00968007
0.00968007
0.00763829
0.00763829
0.00419683
0.00419683
0.00362144
0.00362144
0.00362144
0.00362144
0.00362144
0.00337508
0.00419683
0.00419683
0.00366481
0.00366481
0.00366481
0.00366481
0.00366481
0.00366481
0.00366481
0.00366481
0.00488351
0.00488351
0.00383316
0.00460817
0.00388675
0.00388675
0.00457128
0.00927144
0.00405998
0.00405998
0.00357027
0.00357027
0.00357027
0.00383316
0.00855403
0.00927144
0.00405998
0.00405998
0.0096749
0.0096749
0.0096749
0.00815906
0.00681882
0.00681882
0.00681882
0.00681882
0.00756147
0.00756147
0.00756147
0.00802359
0.00802359
0.00342116
0.00438522
0.00359764
0.00424587
0.00424587
0.00424587
0.00262471
0.00269655
0.00269655
0.00269655
0.00269655
0.00217278
0.00217278
0.00233535
0.00247778
0.00247778
0.00247778
0.00780013
0.00780013
0.00752812
0.00752812
0.00752812
0.00790216
0.00790216
0.00790216
0.00725438
0.00725438
0.00725438
0.00725438
0.00725438
0.00725438
0.00725438
0.00725438
0.00776371
0.00776371
0.00776371
0.00776371
0.00776371
0.00776371
0.00776371
0.00776371
0.00661381
0.00141947
0.00249944
0.00834623
0.00841949
0.00841949
0.00740395
0.00740395
0.00740395
0.00877079
0.00877079
0.00877079
0.00877079
0.00792715
0.00834035
0.00834035
0.00766138
0.00766138
0.00766138
0.00766138
0.00827842
0.00827842
0.00827842
0.00838018
0.00921172
0.0132023
0.0132023
0.0132023
0.0132023
0.00488313
0.00501678
0.00501678
0.00501678
0.00501678
0.00501678
0.00501678
0.00501678
0.00501678
0.00261907
0.00629598
0.00276277
0.00276277
0.00629598
0.00273007
0.00254435
0.00325043
0.00325043
0.00325043
0.00835903
0.00835903
0.00835903
0.00524487
0.00524487
0.00354048
0.00354048
0.00762203
0.00831861
0.00831861
0.00831861
0.00874832
0.00761558
0.0093782
0.010304
0.010304
0.010304
0.010304
0.00878425
0.00878425
0.00878425
0.00878425
0.00902468
0.00347429
0.00690602
0.00882252
0.00882252
0.00882252
0.00882252
0.00882252
0.00882252
0.00882252
0.00882252
0.00682543
0.00682543
0.00682543
0.00682543
0.00682543
0.00703408
0.00703408
0.00800777
0.00800777
0.00800777
0.00800777
0.00800777
0.00800777
0.00972561
0.00972561
0.00709844
0.00709844
0.00808103
0.00808103
0.00808103
0.00808103
0.00856531
0.0088937
0.00753218
0.00753218
0.00753218
0.00796528
0.00796528
0.00796528
0.00845209
0.00845209
0.00811851
0.00811851
0.00811851
0.00811851
0.00811851
0.0157933
0.0157933
0.00890506
0.00890506
0.00890506
0.00890506
0.00868427
0.00868427
0.00868427
0.00868427
0.00916345
0.00916345
0.00916345
0.00916345
0.00796818
0.00796818
0.00796818
0.00796818
0.00796818
0.00796818
0.0181963
0.0181963
0.00845517
0.00845517
0.00679962
0.00417093
0.00417093
0.00410533
0.00460038
0.00418301
0.00409256
0.00482997
0.0101176
0.00417093
0.00417093
0.00824672
0.00824672
0.00644515
0.00424148
0.00482997
0.0101176
0.00695693
0.00695693
0.00695693
0.00695693
0.00695693
0.00695693
0.00938141
0.00938141
0.00898821
0.00898821
0.00898821
0.00923422
0.00923422
0.00923422
0.00923422
0.0071494
0.0071494
0.0071494
0.0071494
0.0071494
0.00690713
0.00882393
0.00882393
0.00882393
0.00882393
0.00882393
0.00882393
0.00882393
0.00882393
0.00791305
0.00751991
0.00797949
0.00797949
0.00797949
0.00797949
0.00799082
0.00799082
0.0064262
0.0064262
0.0064262
0.0064262
0.0064262
0.0064262
0.00531042
0.00531042
0.00627729
0.00627729
0.00627729
0.00627729
0.00627729
0.00627729
0.00627729
0.00124445
0.00151422
0.00151422
0.00151422
0.00151422
0.00151422
0.00151422
0.00151422
0.00151422
0.00761181
0.00761181
0.00761181
0.00761181
0.00761181
0.00761181
0.00761181
0.00817494
0.00817494
0.00888954
0.00888954
0.00888954
0.00888954
0.00888954
0.00888954
0.00853141
0.00853141
0.00853141
0.00853141
0.00876492
0.00876492
0.00732534
0.00732534
0.00732534
0.00732534
0.00732534
0.00732534
0.00732534
0.00732534
0.00732534
0.00732534
0.0081403
0.0196893
0.0196893
0.00914892
0.00914892
0.00782004
0.00829797
0.00829797
0.00367056
0.00356622
0.0114708
0.0114708
0.0114708
0.0114708
0.00664162
0.00664162
0.00664162
0.00664162
0.00760084
0.0101467
0.0101467
0.0101467
0.0101467
0.0101467
0.0101467
0.00897358
0.00772524
0.00772524
0.00772524
0.00772524
0.00772524
0.00817899
0.00817899
0.0082805
0.0082805
0.0082805
0.00686233
0.00686233
0.00780358
0.00780358
0.00834824
0.00834824
0.00778475
0.00778475
0.00920212
0.00920212
0.00920212
0.00920212
0.00920212
0.00920212
0.00920212
0.00849865
0.00849865
0.00849865
0.0070959
0.00877755
0.00877755
0.00705888
0.00705888
0.00705888
0.00705888
0.00508604
0.00307767
0.00508604
0.00307767
0.00907148
0.00907148
0.00907148
0.00907148
0.0092671
0.0092671
0.0092671
0.0092671
0.0092671
0.0092671
0.00952075
0.00952075
0.00894429
0.00894429
0.00894429
0.00719297
0.00719297
0.00719297
0.00719297
0.00854329
0.00854329
0.00854329
0.00743669
0.00743669
0.00743669
0.00743669
0.00743669
0.00768448
0.00768448
0.00768448
0.00680986
0.00680986
0.0163702
0.00709849
0.00709849
0.00709849
0.00661558
0.00661558
0.00661558
0.00661558
0.00661558
0.00948606
0.00948606
0.00762866
0.00762866
0.00762866
0.00762866
0.00762866
0.00762866
0.00762866
0.0097457
0.00807637
0.006495
0.00984056
0.00984056
0.00886162
0.00886162
0.00886162
0.00886162
0.00886162
0.00886162
0.00886162
0.0203608
0.00934493
0.0188271
0.0082616
0.0082616
0.00783188
0.0082443
0.00361215
0.00361215
0.00361215
0.00361215
0.00361215
0.00434669
0.00434669
0.0034956
0.0034956
0.0034956
0.0034956
0.00375076
0.00375076
0.00375076
0.00434669
0.00434669
0.00935448
0.00935448
0.00935448
0.00935448
0.00409634
0.00409634
0.00935448
0.00872709
0.00747231
0.00747231
0.00747231
0.00747231
0.00747231
0.00747231
0.00747231
0.00747231
0.00747231
0.00812312
0.00812312
0.00861957
0.00861957
0.00861957
0.00910173
0.00910173
0.00910173
0.00731959
0.00731959
0.00731959
0.00731959
0.00904471
0.00904471
0.00904471
0.00904471
0.0063915
0.00710204
0.00392556
0.00392556
0.0045631
0.0045631
0.00444153
0.00444153
0.00444153
0.00955858
0.00955858
0.00746632
0.00746632
0.00803145
0.00803145
0.00873441
0.00799011
0.00799011
0.00739272
0.00739272
0.00739272
0.00739272
0.00739272
0.0155771
0.00326878
0.00541337
0.00692654
0.00422372
0.00663718
0.00663718
0.00663718
0.00663718
0.00326878
0.00785781
0.00785781
0.00785781
0.00785781
0.00785781
0.00785781
0.00605344
0.00474127
0.00392925
0.00783452
0.00783452
0.00688953
0.00688953
0.00688953
0.00879076
0.00879076
0.00879076
0.00782163
0.00782163
0.00782163
0.00782163
0.00782163
0.00860207
0.00860207
0.00709051
0.00807687
0.00807687
0.00807687
0.00807687
0.00807687
0.00807687
0.00807687
0.00879002
0.00879002
0.00806425
0.00806425
0.00698302
0.00698302
0.00758248
0.0181824
0.0181824
0.00849683
0.00849683
0.00849683
0.00849683
0.0073581
0.00736627
0.00736627
0.00736627
0.00736627
0.00777026
0.00777888
0.00777888
0.00777888
0.00777888
0.00786422
0.00786422
0.00786422
0.00786422
0.00786422
0.00786422
0.00786422
0.00895282
0.00444837
0.00444837
0.00368651
0.00368651
0.00395797
0.00435289
0.00435289
0.00435289
0.00747708
0.00354854
0.00354854
0.00354854
0.00780306
0.00780306
0.00780306
0.00780306
0.00780306
0.00912203
0.00912203
0.00912203
0.00912203
0.00705427
0.00705427
0.00833864
0.0178439
0.00744131
0.019356
0.0169577
0.0169577
0.00679779
0.00679779
0.00465577
0.00465577
0.00376008
0.00376008
0.00376008
0.00376008
0.00376008
0.00471355
0.00826822
0.00504186
0.00446144
0.00446144
0.00446144
0.00446144
0.00446144
0.00446144
0.00446144
0.00819794
0.00880012
0.00880012
0.00880012
0.00880012
0.00880012
0.00958865
0.0181296
0.0181296
0.0181296
0.0181296
0.0181296
0.0181296
0.0106011
0.0106011
0.0106011
0.00885749
0.00885749
0.00778912
0.00778912
0.00778912
0.00778912
0.00834729
0.00787194
0.00787194
0.00835304
0.00835304
0.00835304
0.00633346
0.0144331
0.0144331
0.0144331
0.0144011
0.0144011
0.00766353
0.00363703
0.00363703
0.00377844
0.00377844
0.00377844
0.00398134
0.00954704
0.00766353
0.0045593
0.00405666
0.00625048
0.00625048
0.00625048
0.00625048
0.00625048
0.00785658
0.00785658
0.00376351
0.00323798
0.00829994
0.00637005
0.00637005
0.00637005
0.00637005
0.00637005
0.00637005
0.00637005
0.00637005
0.00637005
0.0117758
0.0117758
0.0117758
0.0117758
0.0117758
0.0117758
0.0117758
0.00809491
0.00168352
0.00168352
0.00199004
0.00356737
0.00356737
0.00168539
0.00208935
0.00208935
0.00177037
0.00177037
0.00322056
0.00168352
0.00168352
0.00168352
0.00199004
0.00356737
0.00356737
0.00168539
0.00168539
0.00168539
0.00199004
0.00356737
0.00356737
0.00168539
0.0177976
0.0177976
0.00478815
0.00426028
0.00468537
0.00665162
0.00665162
0.00665162
0.00665162
0.00665162
0.00665162
0.00665162
0.00665162
0.00665162
0.00770253
0.00770253
0.00778293
0.00778293
0.00778293
0.00778293
0.00778293
0.00942127
0.00942127
0.00705839
0.00817984
0.00677891
0.00770872
0.00770872
0.00770872
0.00770872
0.00770872
0.00770872
0.00595542
0.0039192
0.00460945
0.00383943
0.00460945
0.00410088
0.00446297
0.00864463
0.00379339
0.00379339
0.00379339
0.00359609
0.00379339
0.00835231
0.00886168
0.00655937
0.00655937
0.00655937
0.00655937
0.00655937
0.00655937
0.00655937
0.00655937
0.00655937
0.00655937
0.00873798
0.00873798
0.00815133
0.00815133
0.00815133
0.00815133
0.00737468
0.00738286
0.00738286
0.00738286
0.00738286
0.00738286
0.00887956
0.00887956
0.00887956
0.00887956
0.00887956
0.00859694
0.00859694
0.00859694
0.00859694
0.00709269
0.00682724
0.00682724
0.00682724
0.00682724
0.00682724
0.00682724
0.00682724
0.00682724
0.00783052
0.0078392
0.0078392
0.0078392
0.0078392
0.00841643
0.00925622
0.00925622
0.00925622
0.00906452
0.00906452
0.00906452
0.00756827
0.0074787
0.0074787
0.0074787
0.0074787
0.0074787
0.0074787
0.00691377
0.00691377
0.00816108
0.00816108
0.00816108
0.00816108
0.00874377
0.00874377
0.00820208
0.00820208
0.00820208
0.00820208
0.00820208
0.00820208
0.00820208
0.00820208
0.00736472
0.00736472
0.00736472
0.00736472
0.00736472
0.00736472
0.00736472
0.00736472
0.00940851
0.00940851
0.019094
0.0138293
0.0082926
0.0082926
0.0082926
0.0082926
0.0082926
0.0082926
0.0082926
0.00774011
0.00774011
0.00774011
0.00774011
0.00774011
0.00673472
0.00673472
0.00673472
0.00673472
0.00756828
0.00756828
0.00798353
0.0181934
0.0181934
0.0181934
0.00788905
0.00743857
0.0178816
0.0178816
0.0178816
0.00775384
0.00775384
0.00705121
0.00705121
0.00705121
0.00705121
0.00705121
0.00705121
0.00705121
0.00705121
0.0085971
0.00811581
0.0150805
0.0091959
0.00845277
0.00845277
0.00845277
0.0181911
0.0181911
0.0181911
0.0181911
0.0181911
0.00868413
0.00868413
0.00868413
0.00760044
0.00760044
0.00760044
0.00760044
0.00760044
0.00760044
0.0076385
0.00758256
0.00758256
0.00758256
0.00758256
0.00758256
0.0077264
0.0077264
0.00819861
0.00819861
0.00819861
0.00819861
0.00819861
0.00686309
0.00686309
0.00686309
0.00686309
0.00686309
0.00925486
0.00925486
0.00833266
0.00833266
0.00969743
0.00969743
0.00657623
0.00657623
0.00657623
0.00766114
0.00766114
0.00766114
0.00766114
0.00766114
0.00766114
0.00766114
0.00766114
0.00766114
0.00766114
0.00657468
0.00657468
0.00657468
0.00657468
0.00657468
0.00381696
0.00381696
0.00381696
0.00402638
0.00435276
0.00230544
0.00244628
0.00244628
0.00244628
0.00230544
0.00476112
0.0039457
0.0039457
0.0039457
0.0039457
0.0039457
0.0090792
0.0090792
0.0090792
0.00701879
0.00696224
0.00696224
0.0087277
0.0087277
0.0087277
0.0173294
0.0173294
0.00822502
0.012497
0.00754612
0.00754612
0.0086819
0.0086819
0.0086819
0.0086819
0.0078758
0.0078758
0.00799845
0.00768008
0.00758919
0.00758919
0.00758919
0.00758919
0.00758919
0.010234
0.010234
0.010234
0.00720314
0.016415
0.00801824
0.00685248
0.00685248
0.00685248
0.00685248
0.00981528
0.00981528
0.00981528
0.00981528
0.00789106
0.00789106
0.00789106
0.0118412
0.0071501
0.0071501
0.00947997
0.00947997
0.00947997
0.00875402
0.00875402
0.00801953
0.00801953
0.00801953
0.00801953
0.00801953
0.00801953
0.00801953
0.00757586
0.00757586
0.0135227
0.0135227
0.00736846
0.00736846
0.00736846
0.00736846
0.00853919
0.00699003
0.0079488
0.0079488
0.0079488
0.0079488
0.0079488
0.0079488
0.0079488
0.00899383
0.00899383
0.00684837
0.00127983
0.00684837
0.00127983
0.00684837
0.00127983
0.00796763
0.00796763
0.00660304
0.00706878
0.00706878
0.00706878
0.00706878
0.00950422
0.00950422
0.00950422
0.00950422
0.00950422
0.00732883
0.00732883
0.00732883
0.00732883
0.00732883
0.0147152
0.007621
0.0139986
0.0139986
0.0125981
0.00778942
0.00778942
0.00778942
0.00856664
0.00825033
0.00825033
0.0096003
0.0096003
0.0096003
0.0096003
0.00763909
0.00763909
0.00763909
0.00763909
0.00763909
0.00763909
0.00763909
0.00763909
0.00763909
0.00741725
0.0189352
0.00970024
0.00903012
0.00903012
0.0131559
0.0131559
0.0131559
0.0086167
0.0086167
0.0086167
0.0086167
0.0086167
0.0077808
0.00808221
0.00808221
0.00776682
0.00776682
0.00657689
0.00686769
0.00828697
0.00666436
0.00715083
0.00715083
0.00964288
0.00964288
0.00671026
0.00671026
0.00671026
0.00671026
0.00671026
0.00671026
0.00671026
0.00671026
0.00857243
0.00857243
0.00955958
0.00955958
0.00955958
0.00955958
0.00955958
0.00955958
0.00955958
0.00955958
0.0071085
0.0071085
0.0071085
0.0071085
0.0071085
0.0071085
0.00681595
0.00380408
0.00380408
0.00380408
0.00380408
0.00855159
0.00371399
0.00856505
0.00856505
0.00856505
0.00371399
0.00371399
0.017663
0.00825411
0.00825411
0.00825411
0.00825411
0.00825411
0.00825411
0.00825411
0.00825411
0.00802222
0.00802222
0.0199999
0.0091793
0.0184934
0.00811516
0.00811516
0.00769307
0.00726773
0.00748947
0.00748947
0.00748947
0.00804095
0.00804095
0.00804095
0.00884327
0.00884327
0.00895558
0.00895558
0.00895558
0.0075814
0.00754053
0.00754053
0.00761727
0.00904712
0.00904712
0.00904712
0.00727567
0.0088272
0.0088272
0.00681717
0.00681717
0.00681717
0.00681717
0.00681717
0.00681717
0.00395069
0.00395069
0.00450027
0.00450027
0.00450027
0.00450027
0.00424159
0.00466482
0.00466482
0.00466482
0.00197534
0.00197534
0.00197534
0.00197534
0.00197534
0.00238357
0.00238357
0.00197534
0.00197534
0.00224629
0.00233241
0.00233241
0.00233241
0.00233241
0.00233241
0.00233241
0.00233241
0.00233241
0.00233241
0.00233241
0.00712586
0.00712586
0.00712586
0.00712586
0.00712586
0.00712586
0.00712586
0.00712586
0.00712586
0.00712586
0.00712586
0.00723823
0.00723823
0.00723823
0.00723823
0.00951679
0.00951679
0.00787814
0.00787814
0.00787814
0.00787814
0.00787814
0.0189382
0.00821204
0.00327349
0.00851017
0.0116504
0.0142843
0.0142843
0.0142843
0.0186357
0.00753109
0.00753109
0.00813515
0.00813515
0.00715391
0.00715391
0.00715391
0.00715391
0.00849596
0.00849596
0.0074712
0.0074712
0.0074712
0.0074712
0.0074712
0.0074712
0.00909637
0.00909637
0.00909637
0.00665404
0.00665404
0.018794
0.018794
0.018794
0.018794
0.00890936
0.00890936
0.00890936
0.00945386
0.0144182
0.0145585
0.013102
0.00732198
0.00755767
0.00755767
0.00755767
0.00755767
0.0186708
0.0186708
0.0186708
0.0186708
0.0186708
0.00738115
0.0162877
0.0131083
0.0117968
0.0117968
0.00707384
0.00686676
0.00477179
0.00477179
0.00477179
0.00395454
0.00395454
0.00395454
0.00395454
0.00395454
0.00450465
0.00686676
0.00686676
0.00450465
0.00424573
0.00424573
0.00466936
0.00466936
0.00466936
0.00755661
0.00421746
0.00659912
0.00764926
0.00765775
0.00765775
0.00765775
0.00765775
0.00765775
0.00765775
0.00765775
0.0087081
0.00687282
0.00687282
0.00781552
0.00781552
0.00781552
0.00781552
0.00781552
0.00784803
0.00784803
0.00784803
0.00892448
0.00892448
0.00892448
0.00892448
0.00892448
0.00892448
0.00837534
0.00837534
0.00888611
0.0071063
0.0071063
0.0071063
0.0071063
0.00636762
0.00636762
0.00636762
0.00636762
0.00636762
0.00636762
0.00636762
0.00636762
0.00636762
0.00636762
0.00636762
0.00794069
0.00794069
0.00794069
0.00794069
0.00794069
0.00839141
0.00839141
0.00737925
0.00737107
0.00737107
0.00948756
0.00948756
0.00948756
0.00948756
0.00948756
0.00948756
0.00948756
0.00911063
0.00911063
0.00281662
0.00281662
0.00490736
0.00289719
0.00273066
0.00267996
0.00267996
0.00697098
0.00486007
0.00486007
0.00181519
0.00181519
0.00464732
0.00178664
0.00178664
0.00464732
0.00324005
0.00324005
0.00178664
0.00178664
0.00178664
0.00178664
0.00178664
0.00464732
0.00324005
0.00324005
0.000938873
0.000938873
0.00163579
0.000965731
0.000910221
0.00214213
0.00214213
0.00214213
0.00100104
0.00096408
0.000938873
0.000938873
0.00163579
0.000965731
0.000910221
0.00101046
0.00203124
0.00203124
0.000938873
0.00089054
0.00872615
0.00872615
0.00767361
0.00767361
0.00702776
0.00702776
0.00856005
0.00856005
0.00856005
0.00688397
0.00688397
0.00688397
0.00688397
0.00657189
0.0092655
0.0092655
0.0092655
0.0092655
0.00767863
0.00767863
0.00781239
0.00781239
0.00654703
0.00654703
0.00654703
0.00654703
0.00654703
0.00654703
0.00654703
0.00746606
0.0079151
0.0079151
0.0079151
0.0063653
0.0063653
0.0063653
0.0063653
0.00792781
0.00792781
0.00792781
0.0095925
0.0095925
0.0095925
0.0138039
0.0153385
0.00835045
0.00675761
0.00675761
0.00675761
0.00675761
0.00701967
0.00701967
0.00701967
0.00701967
0.00701967
0.00701967
0.00691442
0.00691442
0.00691442
0.00691442
0.00691442
0.00691442
0.00691442
0.00691442
0.00692851
0.00692851
0.00692851
0.00692851
0.00692851
0.00692851
0.00757683
0.00757683
0.00757683
0.00757683
0.00752005
0.00752839
0.00752839
0.00752839
0.00752839
0.00752839
0.00752839
0.00752839
0.00752839
0.00908422
0.00668578
0.00668578
0.00668578
0.00668578
0.00668578
0.0066932
0.00832655
0.00864579
0.00731411
0.00731411
0.00731411
0.00678131
0.00678131
0.00678131
0.00678131
0.00743226
0.00743226
0.00743226
0.00743226
0.00743226
0.00833859
0.00833859
0.00531172
0.00910149
0.00910149
0.00910149
0.00910149
0.00910149
0.0080402
0.0080402
0.00646591
0.00646591
0.00646591
0.00657936
0.00754962
0.00746027
0.00746027
0.00779999
0.00779999
0.00779999
0.00779999
0.0171775
0.0171775
0.0077977
0.0177699
0.0177699
0.0177699
0.0177699
0.0177699
0.0177699
0.0103907
0.0103907
0.00879237
0.00709381
0.00709381
0.00709381
0.00709381
0.00709381
0.0117479
0.0117479
0.00916619
0.00916619
0.00717324
0.00935275
0.00935275
0.00935275
0.00935275
0.00752145
0.00899131
0.00899131
0.00899131
0.00899131
0.00899131
0.00899131
0.00775558
0.00775558
0.00775558
0.00775558
0.00775558
0.00775558
0.00775558
0.00882914
0.00816927
0.00656971
0.00656971
0.00690619
0.00599068
0.00413607
0.00377069
0.00386216
0.00868215
0.00599068
0.00413607
0.00377069
0.00628827
0.00628827
0.0193215
0.0193215
0.0193215
0.0193215
0.0193215
0.0193215
0.00763841
0.00666945
0.00666945
0.00666945
0.00666945
0.00666945
0.00931535
0.00931535
0.00931535
0.00931535
0.00931535
0.00931535
0.0072154
0.00722341
0.00722341
0.00722341
0.00722341
0.00722341
0.00722341
0.00722341
0.00722341
0.00722341
0.00748322
0.00748322
0.00451539
0.00451539
0.00725838
0.00726644
0.00726644
0.00726644
0.00726644
0.00726644
0.00726644
0.00726644
0.00726644
0.00833969
0.00833969
0.00833969
0.00846978
0.00846978
0.00846978
0.00846978
0.00846978
0.00959313
0.00959313
0.00959313
0.00959313
0.00959313
0.00959313
0.00959313
0.00856283
0.00856283
0.00708843
0.00747736
0.00747736
0.00747736
0.00747736
0.0170399
0.0192884
0.00741938
0.00896261
0.00896261
0.00787605
0.00787605
0.00787605
0.0083574
0.0083574
0.0083574
0.00660175
0.00660175
0.00660175
0.00660175
0.00751559
0.00751559
0.00751559
0.00812291
0.00812291
0.00812291
0.00915272
0.00467544
0.0041372
0.00467544
0.00467544
0.00467544
0.00394348
0.00394348
0.00599232
0.00411924
0.00411924
0.00915272
0.00362238
0.00437099
0.00437099
0.00437099
0.00437099
0.00437099
0.00437099
0.00437099
0.00362238
0.00362238
0.00718023
0.0163628
0.0163628
0.0163628
0.0163628
0.0163628
0.0163628
0.00822257
0.00682204
0.00880834
0.00920907
0.00920907
0.00920907
0.0079465
0.0182971
0.0182971
0.00819382
0.00819382
0.00819382
0.00763186
0.00763186
0.00859192
0.00859192
0.00711252
0.0136062
0.0136062
0.0136062
0.0136062
0.0136062
0.00789911
0.00789911
0.00789911
0.00789911
0.00789911
0.00789911
0.00789911
0.00789911
0.00746179
0.00746179
0.00791416
0.00791416
0.00791416
0.00791416
0.00791416
0.00791416
0.00791416
0.00876499
0.00876499
0.00876499
0.00826511
0.00826511
0.00780241
0.00693129
0.00693129
0.00706243
0.00706243
0.00706243
0.00706243
0.00657806
0.00748032
0.00797752
0.00797752
0.00797752
0.00809409
0.00809409
0.00809409
0.0090662
0.0090662
0.0090662
0.0090662
0.0090662
0.0090662
0.0075253
0.0075253
0.0070643
0.0160986
0.0160986
0.0160986
0.0160986
0.0160986
0.0160986
0.0160986
0.0080498
0.0115839
0.0115839
0.00731039
0.00731039
0.00731039
0.00771149
0.00762022
0.0102759
0.0102759
0.000355351
0.000365077
0.000285772
0.000306632
0.00903009
0.00903009
0.00903009
0.00737587
0.00737587
0.00838756
0.00838756
0.00838756
0.00838756
0.00838756
0.00838756
0.00504452
0.00504452
0.00596298
0.00596298
0.00596298
0.00542198
0.00274178
0.00632298
0.00632298
0.00632298
0.00632298
0.00660814
0.00660814
0.00660814
0.00660814
0.00697071
0.0158853
0.0158853
0.00928874
0.00928874
0.00790349
0.00790349
0.00790349
0.00790349
0.00790349
0.00790349
0.00790349
0.00761033
0.0189236
0.00765947
0.00765947
0.00765947
0.00765947
0.00765947
0.00765947
0.00765947
0.00765947
0.00765947
0.00765947
0.00936948
0.00936948
0.00936948
0.00936948
0.00936948
0.00936948
0.00885591
0.00885591
0.00852892
0.00852892
0.00852892
0.00852892
0.00852892
0.00852892
0.00852892
0.0087099
0.0087099
0.0087099
0.0087099
0.00650558
0.00650558
0.00650558
0.00650558
0.00650558
0.00650558
0.00650558
0.00650558
0.00650558
0.0177901
0.0177901
0.0177901
0.00826643
0.00826643
0.00826643
0.00744353
0.0142394
0.00794723
0.0143779
0.00850308
0.00924114
0.00775924
0.00775924
0.00701694
0.00701694
0.00701694
0.00701694
0.00701694
0.00701694
0.00701694
0.00851337
0.00851337
0.00851337
0.00851337
0.00851337
0.00851337
