0.103571
0.0353053
0.103571
0.0353053
0.122455
0.00715484
0.0119501
0.10511
0.200141
0.00767364
0.00798255
0.0091424
0.971379
0.00758662
0.0122759
0.0307661
0.0687899
0.00816544
0.00952284
0.0120089
0.997574
0.0107327
0.0215567
0.0401043
0.101492
0.447399
0.00816544
0.0223322
1
0.0107327
0.116666
0.0106109
0.0416745
0.15935
0.00884861
0.343032
0.00816544
0.0241345
0.66557
0.100861
0.0127435
0.014048
0.162649
0.0106109
0.0175518
0.0555384
0.0173055
0.137372
0.00884861
0.354166
0.0155087
0.00990106
0.0120089
0.524002
0.0336317
0.0779916
0.0456726
0.222796
0.0123503
0.0175518
0.0416745
0.170908
0.00884861
0.0138373
0.417415
0.00816544
0.00990106
0.0120089
0.303133
0.00948478
0.0512975
0.0679606
0.014048
0.0216499
0.317879
0.0175518
0.0555148
0.177381
0.00884861
0.0156009
0.311632
0.01543
0.0120089
0.269085
0.00948478
0.0955795
0.0110811
0.0104633
0.014048
0.0216499
0.348401
0.0175518
0.0410284
0.0119474
0.188811
0.013689
0.285733
0.0162394
0.0227422
0.234423
0.00948478
0.10415
0.0210804
0.014048
0.0216499
0.637098
0.0175518
0.0410284
0.0119474
0.155185
0.297916
0.00816544
0.00975169
0.0120089
0.148845
0.0201333
0.113251
0.0210804
0.014048
0.0216499
0.445988
0.00865632
0.0271881
0.0119474
0.121515
0.179745
0.00816544
0.0225803
0.0647134
0.0201333
0.113251
0.0210804
0.014048
0.0216499
0.0398063
0.0089231
0.0339059
0.0705112
0.0118565
0.14938
0.014048
0.00777233
0.0104277
0.0219043
0.00882264
0.0104277
0.00896307
0.0109059
0.0855036
0.0274543
0.0113653
0.0517371
0.0204857
0.0233322
0.00923758
0.259153
0.0121425
0.00973958
0.00948822
0.0104672
0.0150832
0.20351
0.0078721
0.113559
0.0120794
0.00923758
0.243029
0.0121425
0.00973958
0.0192019
0.0218192
0.0148337
0.0306461
0.132806
0.202677
0
0.0244307
0.150408
0.0121425
0.00973958
0.0192019
0.0218192
0.0148337
0.0155629
0.23914
0.213054
0
0.0123513
0.101166
0.00973958
0.00971371
0.0124043
0.00810976
0.0104672
0.0295035
0.052597
0.36304
0
0.00805692
0.00971371
0.0346971
0.0841712
0.010496
0.00971371
0.00924329
0.0106703
0.0111559
0.0112385
0.0540206
0.0330471
0.0630555
0.119782
0.0321707
0.612254
0.032841
0.0427501
0.108207
0
0.0103003
0.882083
0.0212377
0.021468
0.0461145
0.0126583
0.160236
0.709417
0.00870614
0.106818
0.0382202
0.0648935
0.28183
0.00870614
0.0723145
0.051823
0.0325367
0.272652
0.00916826
0.0108455
0.00956838
0.0354896
0.00870614
0.0334621
0.0846983
0.0166784
0.0652159
0
0.0943911
0.0096141
0.5096
0.00933404
0.0108455
0.00956838
0.0354896
0.0172823
0.0334621
0.139473
0.0166784
0.189129
0
0.14236
0.0096141
0.336762
0.00933404
0
0.0108455
0.0354896
0.0172823
0.0406955
0.187361
0.0166784
0.164258
0
0.00972475
0.110338
0.336762
0.00933404
0
0.0235627
0.00996195
0.0172823
0.0167248
0.212887
0.0166784
0.00783151
0.177855
0
0.254766
0.247725
0.00933404
0
0.0122854
0.0303737
0.26699
0.0610923
0.00644481
0
0.132719
0.176312
0.00933404
0.00996195
0.181257
0.0362221
0.0509007
0.0980478
0.00933404
0.0828938
0.024864
0.0653362
0.0344717
0.00933404
0.0344717
0.0344717
