0.0239416
0.158308
0.0159647
0.166208
0.0159647
0.166208
0.022605
0.022605
0.0309961
0
0.0467171
0
0
0.00807699
0
0
0.0119647
0.0172054
0.0100344
0.0200633
0.0143598
0.0159705
0
0.0278829
0.00789481
0.00912983
0.0111072
0.0162359
0
0.0153099
0.0173502
0.0119647
0.0312139
0.0222147
0.0313696
0
0.11721
0.0462557
0
0
0.0193353
0.0159923
0.0112101
0.0149735
0
0.00776725
0.105225
0.0155553
0.0147113
0.00749643
0.0771129
0.0111072
0
0.0162359
0
0.00697822
0.191149
0
0
0.038385
0.130365
0.0738623
0.0425486
0.0405664
0.697136
0.0317621
0
0.0212939
0.018304
0.0150439
0.0567999
0.0159923
0
0.0956519
0.0103749
0
0.0649059
0.0169839
0.157484
0.0590204
0.0132717
0.00716399
0.0956126
0.022381
0.0165895
0.0884277
0.00697822
0.38947
0.0154007
0.0132803
0.0694823
0.0522392
0.0390933
0.353845
0.11
0.043629
0.201127
0.992395
0
0.00974733
0.0753363
0.0495709
0.0760893
0.147719
0.0315927
0.0102188
0.189566
0.0101469
0.0128296
0.033207
0.0284009
0.0667026
0.0367021
0.0451415
0.00716399
0.199798
0.0217832
0.00775868
0.103668
0
0.0366512
0.55485
0.0240571
0.0370225
0.0855932
0.0891794
0.04054
0.747281
0.196716
0.0634061
0.280556
0.999762
0.0323432
0.0376295
0.138034
0.0812027
0.0620237
0.11091
0
0.0534235
0.176837
0.00918571
0.0144354
0.0264899
0.0656507
0.0429603
0.106024
0.0745833
0
0.00775444
0.203177
0.0616567
0
0.112367
0.0668454
0.0143901
0.559369
0.0407408
0.0522445
0.185591
0.0500364
0.0756428
1.04437
0.177977
0.0545638
0.28342
0.999762
0.0495304
0.0458968
0.16933
0.0484264
0.112529
0.124718
0.0618283
0.0208485
0.127551
0.0100559
0.0144246
0.0641146
0.0426852
0.0127063
0.149052
0.0386971
0.0446746
0.0499282
0.210768
0.0402386
0.00806582
0.0704497
0.0991939
0.028087
0.639925
0.031624
0.0655373
0.145159
0.0272034
0.0526261
1.11428
0.153795
0.0967147
0.278364
0.941909
0.0328358
0.0741014
0.210347
0.0835272
0.126646
0.089333
0.107105
0.0530036
0.164363
0.0391859
0.0282349
0.0371783
0.0432545
0.0275888
0.107885
0.0467394
0.0426292
0.0497059
0.311708
0.0312633
0.032229
0.0561686
0.0836867
0.00706228
0.754388
0.0160811
0.05172
0.133657
0.0119567
0.0671957
1.08458
0.125431
0.0616675
0.218901
0.450582
0.0310097
0.0579276
0.139474
0.0165186
0.111865
0.141032
0.166076
0.0101354
0.0962042
0.0415235
0.0215247
0.0760325
0.0162921
0
0.132484
0.0688826
0.09943
0.100271
0.304752
0.0204456
0.0159057
0.0463015
0.114477
0.0369901
0.805157
0.0232922
0.0260896
0.122335
0.0241523
0.0663982
0.707498
0.0658935
0.0100263
0.197347
0.220272
0.0304983
0.0959515
0.0636208
0.0473139
0.0636655
0.178958
0.0746585
0.0646566
0.0815233
0.0400594
0.0343779
0.113404
0.0167736
0.0150608
0.239847
0.0455324
0.0417163
0.0997921
0.35323
0.0313775
0.0252945
0.0705468
0.113391
0.0222445
0.757847
0.0388068
0.0518346
0.148223
0.0127838
0.0471182
0.676289
0.0370067
0.0414622
0.152943
0.118306
0.0303941
0.102913
0.05275
0.06499
0.0661809
0.161112
0.029912
0.0870693
0.0805642
0.0304122
0.0427848
0.0742618
0.0244623
0
0.363489
0.0589239
0.0841168
0.113928
0.347392
0.0423064
0.0318747
0.0769545
0.114121
0.0505826
0.737433
0.0223558
0.0390222
0.150044
0.0126758
0.0198797
0.658347
0.0218226
0.0414432
0.116881
0.0454286
0.0459013
0.139855
0.0735875
0.0315492
0.0166566
0.124694
0.0618959
0.0537083
0.0988692
0.0100958
0.0212211
0.0754194
0.0238214
0.0141491
0.987732
0.038129
0.0135535
0.215779
0.340259
0.0940792
0.0161536
0.053475
0.0650884
0.0424825
0.687703
0.0385156
0.0617545
0.0676285
0
0.0339916
0.591561
0.00674937
0.0432007
0.098562
0.0301476
0.0608843
0.10993
0.0205551
0.0483086
0
0.159411
0.0159084
0.0646897
0.0167145
0
0.0142962
0.0125976
0.0159262
0.0412979
0.991725
0.0746348
0.0273476
0.251548
0.295715
0.0306828
0.00772431
0.0404241
0.0299347
0.0209804
0.521668
0.0385613
0.0377232
0.0845544
0.0141932
0.0282067
0.512349
0.00767043
0.0203703
0.0587235
0.0301476
0.0604687
0.109334
0.020572
0.0315492
0.0157675
0.0936662
0
0.0310036
0.0167145
0.0188355
0.0142933
0.0238912
0
0.979146
0.0302324
0.0130888
0.185434
0.181486
0.0201153
0.00813762
0.0328641
0
0.0282582
0.260039
0
0.00885302
0
0.00637581
0.309353
0.00767043
0.0100816
0.0600701
0.032306
0.0760787
0.108316
0
0.0479446
0.0931423
0.0317328
0.0319322
0
0.0214001
0.0161797
0
0.431782
0.0142552
0.0632738
0.0267435
0.01148
0.0396799
0.00793813
0.0139952
0.130816
0
0
0.00639746
0.112266
0.00778485
0.0186744
0.0162702
0.0156099
0.036301
0.0100858
0.0157331
0.0153168
0.016663
0
0.0161538
0.0276449
0.0249888
0.524217
0.00800715
0.0137964
0.0867153
0.024395
0.01148
0.0486915
0
0.0178469
0.035669
0.127812
0.0078744
0.00817552
0.0137383
0
0.150791
0.0209256
0.0325063
0.0156099
0.0828054
0.0198931
0.0145585
0.0352223
0.0308469
0.0646437
0.0332298
0.0140103
0.0261183
0.00828198
0.012906
0.719637
0.051846
0.0556226
0.24967
0.0365406
0
0.0412211
0.0238243
0.0166578
0.0556034
0.0665343
0.0647265
0.0511421
0.0257936
0.263806
0
0.156558
0.0770491
0.111245
0.0227743
0.0176348
0.0492377
0.1098
0.0155761
0.0872035
0.0643337
0.00930663
0.0144272
0.0387374
0.00828198
0.0134034
0.820229
0.0302797
0.028021
0.213701
0.0728455
0.0527607
0.0573314
0.0149488
0.0160299
0.0479639
0.196929
0.00743109
0.0761973
0.0521438
0.0382366
0.0129699
0.364913
0.0152451
0.00991031
0.271283
0.0484125
0.0150639
0.0817632
0.0227743
0.0167335
0.0649873
0.169818
0.0310063
0.0954492
0.0636676
0.0187833
0.0268239
0.0648552
0.0330071
0
0.53594
0.0528576
0.0299001
0.206044
0.0469759
0.0211065
0.0648243
0.038486
0
0.0570715
0.181479
0.0153929
0.0634116
0.0687527
0.0382366
0.0269269
0.381587
0.00771071
0.021492
0.411315
0.0312451
0
0.0730441
0.0221604
0.0323886
0.111044
0.186843
0.0472387
0.0834599
0.0491421
0.0094767
0.0355465
0.0778162
0.0489021
0.414946
0.0227225
0.0432247
0.175805
0.0451408
0.0326779
0.041467
0.0156792
0.0148412
0.0948932
0.149555
0.0386725
0.0392768
0.0434408
0.0137383
0.0466519
0.379598
0.0146272
0.0421759
0.565017
0.0631183
0.0333918
0.0726439
0.0303657
0.0308597
0.0310976
0.18832
0.0309406
0.0548774
0.066646
0.0502573
0.028533
0.0640662
0.058132
0.294712
0.00709424
0.0299001
0.132679
0.0260522
0.0528971
0.0581751
0.0252214
0
0.052366
0.11649
0.0234064
0.0269323
0.0326427
0.0382316
0.0529935
0.215361
0.00812428
0.0319961
0.989572
0.0781283
0.0479452
0.0745632
0.0438572
0.0152046
0.0318914
0.149046
0.0452926
0.0856557
0.0309726
0.0140859
0.0607684
0.0423202
0.175032
0.00747022
0.0447687
0.0675069
0.0171093
0.0202399
0.057993
0.00846219
0.051254
0.030444
0.0683708
0.0158144
0.0661123
0.0418481
0.0522816
0.0251943
0.222737
0.0223221
0.0221549
0.707803
0.135808
0.0484772
0.0376456
0.0321273
0.0628726
0.0901497
0.0308047
0.0340411
0.0094767
0.0291083
0.0769201
0.0159573
0.0670845
0.0878394
0.0425634
0.0668453
0.0167404
0.0339461
0.0305766
0.0512782
0.0933491
0.0169782
0.0388688
0.0542507
0.158902
0.0141978
0.0837641
0.628149
0.0307839
0.0163351
0.0182847
0.0740734
0.0170712
0.0146223
0
0.0318403
0.0153129
0.0104726
0.0148822
0.011866
0.0149709
0
0.0147882
0.0222808
0.00832637
0.0100881
0.00851439
0.00873776
0.0222858
0.0976951
0.00805005
0.0395693
0.0266655
0.0660784
0.0665611
0.112177
0.00772069
0.0199339
0.337548
0.0298957
0.0163351
0.00892458
0.021333
0.0170712
0.0146223
0
0.052467
0.0104726
0.0430809
0.0153512
0
0.0222808
0.00941385
0.00848289
0
0.0157074
0.00790658
0.0163467
0.0404218
0.00840167
0.11346
0.065074
0
0.299881
0.0470689
0.00937846
0.0113264
0.0340545
0
0.0172052
0.0436331
0.0152342
0.01433
0.0508094
0.0153512
0
0.00676911
0.0292756
0.0150118
0.00941385
0.0109307
0.057165
0
0.0163176
0.02965
0.0167468
0.0395807
0
0.012505
0.0831867
0.0750726
0.00745707
0.0109997
0.415572
0.0320689
0.0175083
0.0107043
0.0344457
0.017349
0.0535066
0.0460041
0.0214895
0
0.0106299
0.0143781
0.112107
0.0152352
0.0430783
0.0254827
0.0151049
0.0425811
0.0365216
0
0.188449
0
0.0371523
0.0175657
0.0078618
0.0646456
0.095337
0.0268127
0.156842
0.0364073
0.0449727
0.0511911
0.974023
0.0776561
0.0326526
0.0737367
0
0.032873
0.0800884
0
0.0614251
0.0310961
0.0159103
0.0100408
0.0513777
0.0754638
0.00774938
0.0265843
0.0284165
0.0217491
0.0569022
0.182057
0
0.0109307
0.402515
0.0155145
0.172727
0.0315748
0.00787439
0.101522
0.0954734
0.0532026
0.131502
0.151382
0.0231627
0.0952886
1.00164
0.0460409
0.0466507
0.0845054
0
0.0498199
0.162282
0.0367355
0.031978
0.0511492
0
0.0090901
0.0998812
0.0367489
0.00809329
0.0405083
0.108245
0.0146752
0.0157552
0.230262
0.0179554
0.0102374
0.425367
0
0.0312537
0.223878
0.0155041
0.00792292
0.100817
0.163267
0.0518253
0.199079
0.178195
0.0372213
0.0754294
0.990055
0.12304
0.0801827
0.177478
0.0101316
0.0317101
0.13171
0.0740059
0.0482843
0.0629255
0
0.0200989
0.0552535
0.036221
0.0238893
0.0275259
0.138151
0.00685998
0.0561605
0.298765
0
0.0109307
0.251573
0.0168118
0.0809563
0.303467
0.031487
0.00804454
0.242476
0.156233
0.0137787
0.340995
0.354676
0.0355527
0.087722
1.01514
0.141464
0.034072
0.170732
0.0316428
0
0.163324
0.0930661
0.0631221
0.0529835
0.0294859
0
0.0631696
0.0489385
0.0244148
0
0.122078
0.0148073
0.028445
0.36082
0.00881814
0.0408124
0.204022
0.0241528
0.0818637
0.357864
0.0482658
0.0150358
0.205051
0.163826
0
0.505677
0.22932
0.0442433
0.0334657
1.03362
0.0945324
0.0477903
0.208326
0.0108241
0.0321639
0.102739
0.0565518
0.0163063
0.0422577
0.0301739
0.0390331
0.0424295
0.0490178
0.0259664
0.0953163
0.016212
0.0845516
0.225558
0.0423948
0.0194597
0.186298
0.0320477
0.099851
0.400672
0.0499937
0.038726
0.177721
0.156036
0.0397709
0.452218
0.211778
0.0371641
0.0870539
1.06379
0.0621223
0.0630171
0.151134
0.00988406
0.0657719
0.0505196
0.0717675
0.122148
0.0643153
0.0494185
0.0568126
0.0238044
0.0404809
0.054275
0.107362
0.00727302
0.100258
0.227479
0.0537107
0.040412
0.103033
0.0394669
0.0660518
0.400337
0.0480219
0.055249
0.225978
0.114151
0.0523593
0.341873
0.133967
0.0451705
0.0552026
0.93192
0.0777961
0.0955373
0.102976
0.0300765
0.0177205
0.0659209
0.0542098
0.0438812
0.0753142
0.0971568
0.0476525
0.0555424
0.0120551
0.0500771
0.0840262
0.0944243
0.00750081
0.225118
0.212431
0.053629
0.0622971
0.121003
0.0405625
0.111908
0.4827
0.0481366
0.00804143
0.17942
0.104085
0.0910991
0.364186
0.150874
0.0445932
0.0675339
0.623207
0.046818
0.142022
0.0840046
0.0416381
0.033487
0.0643322
0.0580558
0.0459381
0.109139
0.0149089
0.0463735
0.0673514
0.0242504
0
0.0720351
0.0692048
0.00714782
0.422911
0.188686
0.0625815
0.0108429
0.343673
0
0.164109
0.457236
0.0471214
0.203657
0.0790321
0.0795286
0.364059
0.164784
0.067114
0.0775564
0.449802
0.0460475
0.174146
0.0661147
0.0434532
0.0643467
0.0978957
0.0545829
0.0290348
0.109361
0.0163222
0.0382556
0.0482171
0.0120624
0.00852057
0.0972784
0.0812706
0.00770722
0.371322
0.158483
0.0364527
0.052255
0.82278
0.0255666
0.0964088
0.52965
0.0637792
0.0163404
0.226912
0.0356893
0.0672935
0.419849
0.0974993
0.0290828
0.063673
0.291564
0.0603131
0.20792
0.0550854
0.0636972
0.0169713
0.0833096
0.0556157
0.0433339
0.0441848
0.015311
0.00914141
0.0286278
0.0132239
0.0172135
0.109688
0.0952787
0.0159078
0.353893
0.16467
0.0365152
0.0212667
0.977728
0.00860057
0.096247
0.472636
0.0645755
0.0391502
0.266335
0.0626989
0.0921691
0.466461
0.0490585
0.0288369
0.0529597
0.153236
0.0151058
0.221191
0.0464078
0.0436912
0.0497577
0.0670301
0.0178314
0.0426536
0.0229774
0.015311
0
0.0143056
0
0.0170778
0.0404236
0.0854484
0.0148667
0.325821
0.159104
0.00867714
0.0200613
0.984934
0.0251109
0.0488949
0.389676
0.0344776
0.015784
0.190459
0.0402874
0.0534228
0.45053
0.0333595
0.00770495
0.0624434
0.113295
0.0151058
0.188723
0.0177742
0.0435301
0.0172059
0.067213
0
0.0283545
0.0229774
0.0177535
0.022398
0
0.0151864
0.0570048
0.00679444
0.169458
0.136056
0.00857962
0.00986657
1.01366
0.0148743
0.235167
0.0359689
0.00806886
0.0645007
0.00841731
0.0131763
0.255742
0.0158671
0.010067
0.0767062
0
0.234632
0.0232608
0.0172059
0
0.0198345
0
0
0.0152666
0.0285059
0.0685356
0.0297806
0
0.310588
0
0.0443687
0.0349996
0.0119259
0.00840194
0.040999
0.0938391
0
0.0117366
0.01795
0
0
0
0
0.0146389
0.0586124
0
0
0.0199564
0
0.0209539
0
0.0148494
0
