0.120389
0.00816275
0.00816275
0.0726949
0.00816275
0.0726949
0.00816275
0.00816275
0.00816275
0.00740455
0.00816275
0.0152759
0.0123079
0.00816275
0.0230632
0.0292728
0
0.00733609
0.0069278
0.0509594
0.0071228
0.00844995
0.00817899
0.0148792
0.135117
0.007621
0.0117729
0
0.0177976
0.0341304
0.00741725
0.00696503
0.0323501
0
0
0.516151
0.0071228
0.0155279
0.0189352
0.00844995
0.00817899
0.0139986
0.0563625
0.0228911
0
0.0177976
0.0256448
0
0.00782846
0.00696503
0.00703613
0.00700458
0.00920907
1.00571
0.00970024
0.0086173
0.0225922
0.0193003
0
0.0269088
0.00869058
0.0302812
0.0287208
0.0347106
0.0583827
0.106297
0.0271163
0
0.0183054
0.0929675
0
0.0305188
0.0361252
0.0209668
0.122449
0.0359367
0.00705839
0.0262803
0.99878
0.0103826
0.0179682
0.0537722
0.0135837
0
0.0279542
0.0395069
0.00869058
0
0.0676717
0.0153138
0.00770598
0.113883
0.143259
0.0270574
0
0.0528401
0.00869167
0.118564
0.00836634
0.0156635
0.0212158
0.335675
0.0303296
0.00746027
0.0593788
1.00474
0
0.0178451
0.0382862
0.0135837
0.0082744
0.0312227
0
0.0279542
0.0131753
0.00931154
0
0.156926
0.0227122
0.11144
0.131617
0.0187434
0.00909446
0.0717052
0.00900931
0.12041
0.0389163
0.0337931
0.00731662
0.313928
0.0819704
0.0154068
0.0419899
0.933359
0
0.0475277
0.0226857
0.0135837
0.00834562
0.0312227
0
0
0.0417651
0
0.0184058
0
0.245457
0.0305122
0.0929592
0.120849
0.00933403
0.0273233
0.106699
0
0.129443
0.0135227
0.0182971
0.0631314
0.115782
0.00731662
0.313217
0.0313721
0.0292677
0.0087277
0.771654
0.0103105
0.0475277
0.0376703
0
0.00834562
0.0468288
0
0.0182813
0.0641805
0
0
0.0140659
0.269409
0.0231138
0.112779
0.120849
0
0.0712186
0.00810679
0.17294
0.0135227
0.0182971
0.0707362
0.131498
0.00731662
0.351008
0.0231615
0.0437827
0.0087277
0.44763
0.0103105
0.037337
0.0672064
0.00834562
0.0468288
0
0.0353894
0.0641805
0.0126587
0
0
0.377516
0.0231138
0.0919073
0.123519
0
0.0540686
0
0.222262
0.0129862
0.0785446
0.132253
0.00731662
0.320766
0.0157989
0.058094
0.0436876
0.299286
0.0103105
0.0756099
0.029878
0.00834562
0.0468288
0.0209671
0.0173294
0.0641805
0.00844995
0.0126587
0
0.493901
0.0310736
0.00818513
0.11045
0.134452
0
0.0546484
0.170133
0.0129862
0.0618814
0.132253
0.013981
0.269444
0.0301129
0.058094
0.0266729
0.270001
0.0208325
0.0842813
0.0226857
0.00834562
0.063289
0.0394844
0.0347958
0.0641805
0
0.0087589
0
0.88098
0.0238055
0.00801495
0.0350156
0.0953991
0.00947512
0.00965994
0.0568037
0
0.00777886
0.135918
0.0129862
0.0171775
0.0552956
0.148138
0.00704132
0.248265
0.00771149
0.0574421
0.0255791
0.213093
0.0311456
0.142109
0.0152457
0.00834562
0.046981
0.0494015
0.0174477
0
0.777635
0.00733044
0.0383904
0.0617767
0.00947512
0
0.00777886
0.126756
0.0151132
0.0171775
0.00714235
0.146966
0.0203939
0.147186
0
0.0502303
0
0.19137
0.0883248
0.160685
0
0
0.0316989
0.0551157
0.0087589
0
0.494073
0.00799408
0.0128519
0.00947512
0.0084657
0
0.00843491
0.00746606
0.0673098
0.00714235
0.0822482
0.0142477
0.06627
0.00719998
0.0519172
0.0312695
0.0883248
0.170237
0.0121069
0
0
0.0483796
0
0.0491916
0.00799408
0.017617
0
0.019316
0.00804558
0.00697575
0.00766114
0.00839365
0.0186877
0.0217531
0.0651176
0.00799408
0
0.0101467
0.0386375
0
0.014887
0.0146363
0.00921172
0.0462361
0.0202784
0.017429
0.0149553
0.0174168
0.22693
0.266077
0
0.0101467
0
0.0573083
0.00784281
0.0169343
0.014887
0.0081403
0.044519
0.137741
0.0144682
0.00824004
0.0132023
0.0606304
0.0202784
0.017429
0.00739272
0.0174168
0.0278883
0.0132944
0.607765
0.108904
0
0.0101467
0.0388705
0.076363
0.00784281
0.014887
0.00714814
0.0500328
0.155515
0.0286019
0.015524
0.0132023
0.0462287
0.0202784
0.017429
0.00739272
0.0174168
0.00936403
0.0132944
0
0.370672
0
0.146457
0
0.0101467
0.0388705
0.0573083
0.00784281
0.0334365
0.014887
0.014662
0.0373204
0.143236
0.00794625
0.259777
0.00773411
0.015524
0.0132023
0.0604982
0.0202784
0.017429
0.00739272
0.0174168
0.00936403
0.0132944
0
0.273024
0
0.0765015
0
0.0101467
0.0729676
0.0573083
0.00784281
0.00793683
0.014887
0.00751388
0.179099
0.024323
0.336559
0.0150482
0.015524
0.0132023
0
0.0604982
0.0202784
0.017429
0.0174168
0.0288715
0
0.22376
0.188852
0.0101467
0.0729676
0.0573083
0.00784281
0.00793683
0.014887
0.140396
0.024323
0.249779
0.0224193
0.015524
0.0462287
0
0.0132944
0.0841713
0.0961256
0.019316
0.135837
0.00794625
0
0.110872
0.0603542
0.0330962
0.0563671
0.0074712
0.0262019
0.0243444
0.0563671
0.0074712
0.0199797
0.00868413
0.00845517
0.00947997
0.0364744
0.00903012
0.0403603
0.0227712
0.0356971
0
0.0136086
0.00801871
0.0696202
0.00767484
0.0419201
0.00947997
0.0587552
0.0733888
0.00903012
0
0.00710067
0.0305053
0.0585295
0.0116504
0
0.108947
0
0.00814718
0.00904471
0.0136319
0.0674878
0.0358642
0.0781523
0.0078993
0.0225725
0.00801871
0.293127
0.0225569
0.0419201
0.00947997
0.0504831
0.018794
0.00741299
0.0865447
0.0142843
0.0131083
0.00710067
0.0680665
0.0375618
0
0.435579
0.00760817
0.0255396
0.0181169
0.0437423
0.00725785
0.067594
0.0438186
0.0237117
0.0146381
0.841424
0
0.0110248
0
0.00829994
0.042284
0.0150805
0.018794
0.00741299
0.0618114
0.00875402
0.0142843
0.0145585
0.00710067
0.0523416
0.0757825
0.00978511
0.480814
0.0232797
0.0240376
0.00907221
0.05096
0.0405507
0.0339505
0.0217985
0.0395402
0.0145674
0.996878
0.0133568
0.0091959
0.018794
0.00741299
0.0611094
0.00875402
0.0142843
0.0297164
0.00710067
0.0448463
0.0374105
0.0119108
0.00978511
0.13919
0.00760817
0.032387
0.018443
0.0710071
0.00837534
0.0339505
0.0409753
0.0308022
0
0.00709673
0.993698
0.00680986
0
0.018794
0.0160333
0.00741299
0
0.0149391
0.00835045
0.0203902
0.00978511
0.0734479
0.00760817
0.0469092
0.019094
0.0166245
0.0163702
0.215011
0.0158124
0.0148277
0.790871
0.00756828
0.0160333
0.00741299
0.0138293
0
0.0548836
0.00921889
0.210862
0.136673
0.0171032
0.111002
0
0
0.0148523
0.646802
0.00756828
0.0548836
0
0.239215
0.00767886
0.103749
0.155042
0.00798353
0.0153911
0.813598
0.0220791
0.0187042
0.00720874
0.0548836
0.00921889
0.257069
0
0.103541
0.0136062
0
0.0181934
0.272239
0.00747736
0.0153911
0.657059
0.00787814
0.0187042
0.00720874
0.0740008
0.312602
0.136725
0.0136062
0.0181934
0.432261
0.00747736
0.0082926
0.405204
0.00787814
0.0187042
0.00720874
0.0740008
0.556901
0.104383
0.0136062
0.0181934
0.440624
0.00660304
0.00747736
0.0082926
0.378837
0.00787814
0.00706878
0.0187042
0
0.0178623
1.00232
0.0806757
0.0136062
0.0160929
0.29662
0.00767863
0.00747736
0.0236832
0.282774
0.00787814
0.0203715
0.00706878
0
0.745752
0.0328461
0.0136062
0.0359781
0.200537
0.00767863
0.0157941
0.227603
0.0203715
0.00706878
0
0.438782
0.12757
0.0240062
0.0245504
0.0203715
0.00706878
0.249702
0.0288671
0.0165133
0.056353
0.0134935
0.0165133
0.00895471
0.0165133
