0.00296304
1.31598
0.00683059
0.00518065
0.0367701
0.0809966
0.027166
0
0.00288878
0.00288878
0.00288878
0.00283572
0.00288878
0.00288878
0
0.0129118
0
0
0.00303049
0.00556271
0.00343843
0.039952
0.379909
0.00295852
0.00286682
0.00299017
0.00286682
0.00286682
0.024382
0.0307087
0.00293653
0.0114262
0.00307871
0.108993
0.00311063
0.00248851
0.0115336
0.0357623
0.59396
0.847901
0.00295935
1
0.00250334
0
0.0161681
0.00569441
0.00369629
0
0.0114094
0.0101648
0
0.00281382
0
0.00306193
0.0900629
0.0191174
0
0.00880421
0.00286486
0.0176648
0.0140578
0.236668
0
1
0
0
0.00255606
0.00876468
0
0.00288878
0.830432
0.00286682
0
0
0.0112636
0.00255231
0.00286486
0.0306288
0
0.00477477
0
0.00555628
0.0545847
1.00459
0.0029411
0.0140785
0.406155
0
0.0475772
0.0138919
0.00258285
0.0122864
0.00977946
0.0362155
0.0333829
0.00286662
0.0416519
0.140975
0
0.0357248
0.00351504
0.00543732
0
0
0.0978263
0.00616093
0.0112762
0.0144103
0.00608387
0.0272271
0.0586477
0.00275075
0.387203
0.00291849
0.0408005
0.00289923
0.0026966
0.00259293
0.00859139
0.00965649
1.06423
0.006746
0.00269895
0.0159009
0.00275075
0.00304265
0.00441843
0.00305718
0.0105451
0.0218763
0.0350714
0
0.00988855
0.00303608
0
0
0
0
0.00309008
0.00353781
0
0.00265184
0.664202
0
0.00604119
0.0155486
0.00275075
0.00275075
0.00308811
0.00300408
0.00301363
0.0222121
0.969653
0.976511
0
0.00412612
0.0248765
0.0117889
0.0171167
0.00291684
0.0170426
0.0118401
0.00550634
1
0.378734
0.985624
0.00710369
0
0.00486141
0.00291684
0.00593014
0.00729211
0.0178738
0.006315
0.00301435
0.00629941
0.976912
0.00735516
0.00854451
1
0.450279
0.00441843
0.00595185
0.00261621
0.00888748
0.00624133
0.848538
0.00327726
0.00270563
0.0278325
0.0594545
0
0.00307865
0.0146025
0.0110512
0.759961
0.00638402
0.002606
0.0221075
0.0138207
0.00293728
0.00491363
0.00296877
0.0314454
1.01447
0.0253461
0.00284169
0.0254753
0
0
0.0104384
0.115872
0.0112207
0.0106279
0.00295722
0.00358782
0.0118615
0.00261259
0.00262601
0.00253785
0.025855
0.0160348
0.0031451
1.00227
0.00263421
0.00251257
0.00568994
0.00580268
0.0309138
1
0.0140193
0.0207059
0.00541295
0.0175487
0.582717
0.0777621
0.00281322
0.00295091
0.00281322
0.0113206
0
0
0
0.014505
0
0.00362626
0.0367065
0.0405992
0.00594373
0.0102568
0.00616387
0
0.0124652
0.00286233
0.00283269
0.0191989
0.0107048
0.0147918
0.0219227
0.028606
0.0198719
0.0139733
0.00262041
0
0
0.0268314
0.00244657
0.00607818
0.00865128
0.00278393
0.231241
0.00614059
0.00572568
0.0260303
0.00252296
0.00274202
0.0290073
0.0203084
0.0501048
0.0265993
0.0025569
0.00262041
0.654305
0.00390258
0.00318815
0.011065
0.00527866
0.00241085
0.00272382
0.00819724
0
0.0248953
0.00797848
1.01658
0.00258211
0.0120262
0.0110502
0.00548312
0
0.011326
0.00261826
0
0.0110662
0.0108541
0.119652
0.00542994
0.00534977
0
0.00379706
0.0140607
0.0202716
0.485428
0.011014
0.00294008
0.00527866
1
0.00235188
0.0152092
0
0.0104243
0.018701
0.00256322
0
0.0174513
0.00272382
0.0290879
0.00318337
0.0356941
0.0214866
0.991007
0.00258211
0.00852451
0
0.00258211
0.00267965
0.00292016
0
0.00274202
0.0307483
0
0
0.00302716
0.00274202
0.00837004
0.0084548
0.0751573
0.373666
0
1
1
0.00272804
0.0122039
0.0056822
0.00271573
0.00263528
0.00290855
0.00569678
0.00303537
0.00271573
0
0.0452873
0
0.119853
0.0129152
0.774812
0.00290101
0.00568494
0.0176884
0.0150782
0.00290101
0.00289026
0.00301765
0
0.00252584
0.0102826
0
0.00502648
0.0724867
0.00286508
0.00968049
0.00538473
0.0178114
0.37255
0.593337
0.00914007
0.987441
0.00301172
0.00903751
0.00296455
0.00407966
0
0.0029464
0.0243888
0.0867937
0.0110821
0.147882
0.00304999
0.00797428
0
0.00532282
0.0177112
0.0111782
0
0.00975215
0.0262024
0.615607
0.300226
1
0.0100131
0.00753794
0.00364114
0.0858703
0.00305688
0.00858276
0.00303478
0.00265538
0.0187261
0
0.0168333
0.00713354
0.704539
0.00540729
0.00268452
0.020155
0.00272881
0
0.00278464
0.0235744
0.0266528
0.965471
0.00320075
0.00258455
0.0748105
0.615168
1
0.981521
1
0.00861328
0.00272881
0.00272881
0.00279249
0.0074422
0.776735
0.00257983
0.00258455
0.00258455
0.364259
0.0180486
0.00295785
0.645933
0.00335271
0.00254286
0.0180481
0.0843956
0
0
0.00309304
0
0
0.0352273
0.0307977
0.247907
0.00432494
0.00326026
0.00833889
0
0
0.00304457
0
0.00865239
0.00252027
0
0.0180994
0.0596695
0.0200632
0.00250167
0.00545616
0.123393
0.00356583
0.00878889
0.00776303
0.00897366
0.052437
0.665463
0.0467364
0.951348
0
0
0
0.00257203
0.0026811
1
0.00273438
0
0
0.00291949
0.00292904
0.00290274
0.0165659
0.0112095
0.00261247
0.00266118
0.111567
0.00502217
0.00292293
0.0027331
0.0028459
0.0197197
0.265886
0.0814228
1
0.00289216
0.00938574
0.00808906
0.00297243
0.00778038
0.0030068
1.01479
0
0.00345833
0.00313496
0.00347265
0.00261247
0.0320058
0.00313496
0.00290716
0
0.00310151
0.00267614
0.0356914
0.00588693
0.0321575
0.00289388
0.00973644
0.0236701
0.0566775
0.992706
0.00295115
0
0
0.00251365
0.00444114
0.00293629
0.218273
0.00571438
0.0705387
0.0140786
0.00282123
0
0
0.00887396
0.0106721
0.0024322
0.00866868
0.00251365
0.0288543
0.0619167
0.0030592
0.148471
0
0
0.0173919
0.00444563
0
0.0264446
0
0.00292047
0.00854976
0.00292047
0.00292047
0.0027273
0.00273913
0.0615759
0.00373941
0.00270835
0
0.00285346
0.014385
0.00272795
0.0611087
0
0.512515
0.00296006
0.00870434
0.00277547
0.00278435
0.0166454
0.966023
0
0
0.0114699
0
0.0198744
0
0
0
0
0
0.011169
0.775868
0
0
0
0
0.983032
0.971409
0.017083
0.0144734
0.00868196
0.00593427
0.0121106
1
0
0.396162
1.00728
0
0.0255527
0
0.00565735
0.0061567
1.02187
0.00680437
0.0028837
1
0.443737
0
0
0.678211
0.00750994
0.0206412
0.00750922
0.00722981
0.00542526
0.0232883
0.0598553
0.00264666
0.0150993
0.0027793
0.0148194
0.951764
0.00296978
0.0202852
0.0104102
0
0
0.0107852
0
0.00363701
0.982343
0.0337541
0.0171485
0.117421
0.0030738
0.00471706
0.0145008
0.0298831
0.0893056
0.0037501
0.00303576
0.0269135
0.00932472
0.0164412
0.0271638
0.00847659
0.00317129
0.00299013
0.995989
0.0049853
0.00523295
0.0210578
1
0.00297192
0.00303706
0.002821
0.00296531
0.00292952
0.0186344
0.576964
0.0284872
0.00374707
0.00276366
0.0100523
0.0279758
0.00265037
0.00788722
0.00287506
0.00828095
0.0444061
0.342316
0.00252414
0.00519629
0.00232798
0
0.00389687
0.00232798
0.00592273
0.00291994
0.0102301
0.00592273
0.0110125
0.00297619
0.0333508
0.00914725
0.0275786
0
0.00303978
0.0149666
0.00555344
0
0.0107999
0.327084
0.00328453
0.0136947
0
0.00905265
0.02988
0.0788528
0.0135371
0.62305
0.0117071
0.000139266
0.000139266
0.00264183
0.000139266
0.00835735
0.0232233
0.969737
0.00280432
0.0149748
0.0117625
0.00302661
0.00305086
0.00278661
0.0123347
0.1131
0.0111933
0.00586163
0.0268084
0.463782
0.0040703
0.00547789
1.00158
0.0072217
0.00246724
0.00246724
0.0169595
0.00549726
0.0143287
0.0072959
0.00291317
1
0.00877704
0
0.0042069
0.00721548
0.00264434
0.0325733
0.0113329
0.00812223
0.00417528
0.00278996
0.0803307
0.369598
0.00264434
1.01534
0.989113
0.00300298
0.00297115
0.00315675
0.022729
0.0419165
0.00867654
0.00461568
0.670001
0
0.0330728
0.0034289
0.00261563
0
0.00349297
0.0626967
0.00330136
0.00353324
0.00290116
0.0383432
0.430279
0.600884
1
0.00252264
0.0262827
0.00297337
0.00284444
0.0243365
0.00374841
0.138931
0
0.00261033
0.00255702
0.0221716
0.00707883
0.00951494
0.00261033
0.0085234
0.00898974
0.00298913
0.00734243
0.00345998
0.530263
0.312793
1
0.00297619
0.0430177
0.0088396
0.00405844
0.276537
0.00897118
0.00294008
0.00313435
0.00280637
0.0178572
0.00717079
0.47115
0.00279859
0.0115852
0.00271148
0
0.0111871
0.969887
0.00310484
0.00313756
0.0027286
0.00253732
0.00253732
0.00275608
0.00253732
0.0295186
0.00412158
0.00272514
0.00269532
0.00362474
0.00903793
0.489234
0
0
0.00856428
0.00746623
0.00994962
0.989227
0.00523841
1
0.00259294
0.0230552
0.00358186
0.00269532
0.00305513
0.0179093
0.0122383
0.0030651
0.00269532
0.011971
0.007391
1
0.00286599
0.702282
0
0
0.418951
0.00573911
0.00269532
0.00549622
0.00425577
0.0460447
0.653804
0.00339357
0.00257384
0.0182681
0.00270733
0.00265713
0.0103384
0.0101667
0.00259996
0.0028441
0.00794872
0.00309289
0.0182312
0.240385
0.00248749
0.00248609
0.00303721
0.00985086
0.00333536
0.00882242
0.00567785
0.218628
0.00550789
0.063201
0.00875731
0.00260455
0.00284519
0.0843285
0.00325816
0.00355255
0.0154966
0
0.00613339
0.0886148
0.501433
0.0106577
0.992597
0.00237291
0.00285246
1.00299
0.00273148
0.00720798
0
0.00574596
0.0778352
0.0268425
0.0153509
0.00275408
0.00248679
0.00295133
0.129719
0.0249906
0.00266811
0.00307018
0.00255848
0.0124578
0.00288625
0.0272478
0.332429
0.0766324
1.00224
0.00288625
0.0111897
0.00534064
0.00262793
0.0110211
0.00270446
0.00260653
0.917787
0.0150951
0
0.00306041
0.0110341
0.00271203
0.00262407
0.0354585
0.00414465
0.010954
0.140564
0.991298
0.058286
0.0449183
0.432269
0.212713
0.0126654
0.00262403
0
0.0274003
0
0.00288625
0.00296093
0.106002
0.0153498
0.0344804
0.0029983
0.00303867
0.00300873
0.0311209
0.00372003
0.00566274
0.386583
0.00258467
0.00259171
0.966847
0
0
0.0211463
0.00892736
0.00426864
0.088714
0
0.021605
0.0400755
0
0.0124606
0.0147181
0
0
0
0.0881305
0
0.0111609
0.632399
0.0128475
0
0.0216455
0.00803815
0.0147382
0.990153
0.9976
0.0166009
0.00299776
0.00527715
0
0.0174101
0.0223218
0.00272527
0.00546023
1
0
0
0.387685
0.974369
0.00897182
0.00389745
0
0
0
0.00875134
0
0
0
0.0118943
0.0062173
0.0253717
1
0.0030972
0.0125451
0.00833482
1.0155
0.226835
0
0.0148437
0.00931911
0.00903949
0
0.0219048
0.677911
0.0366761
0.0719856
0.0366726
0.0138367
0
0.00821919
0.165709
0.00274669
0.0153113
0.00336087
0.010909
0.840105
0.0176703
0.0223719
0.00585977
0.0108461
0.00525255
0
0.00714317
0.985721
0.0111575
0.0206535
0.00298292
0.0030088
0.0359122
0.00260889
0.00282975
0.00252366
0.00277945
0.00282975
0.00283688
0.00331744
0.00869428
0.00816239
0.00359977
0
0.00282975
0.00537547
0.00258853
0.0127787
0.00405622
0
0.00335266
0.00286984
0.00860246
0.0322351
0.00298292
0.0337104
0.00258853
0.0656473
0.00258853
1
0.00520108
0.0030483
0.0109395
0.00389076
0.0030483
0.00598418
0.00497153
0.00920667
0.503316
0.0581912
0.015046
0.00282478
0.00282478
0.00282478
0.00282478
0.00419026
0.0030827
0.00296877
0.00592899
0.0059329
0.0189391
0.281409
0.00308524
0.0031995
0.00833044
0.00282416
0.00273779
0.00248888
0.00561656
0.00284891
0.00258404
0.00625263
0.00507927
0.00823542
0.0124767
0.00561656
0.00612799
0.0612109
0.00276765
0.00304543
0.0322288
0.00870875
0.291004
0.00562609
0.00297205
0.0340635
0.0107446
0.01126
0.0552449
0.0753864
0.0275082
0.662005
0
0.00251628
0.0108332
0
0.00255017
0.00977898
0.00287826
0.00246244
0.0032964
0.00624769
0
0.00997281
0.034492
0.00260493
0.00254721
0.00297921
0.00810527
1
0.00251628
0.00294998
0.0102791
0.00300712
0.0837292
0.0221596
0.00535652
0.0555641
0.0131763
0.0193896
0.0101821
0.129371
0
0.00524034
0.0151505
0.00842338
0.0611746
0.497071
0.00547418
0
0.00822398
1
0.00357117
0
0.0155393
0.00357623
0
0.00533178
0.0025377
0.0323672
0.002649
0.00294998
0.0287814
0.00809883
1.00263
0.00271097
0.00277077
0
0.00552078
0.0518902
0
0.00260309
0.003097
0.00580655
0.221439
0
0.373944
1
1.00074
0.00124225
0.00536875
0.0138805
0.0029658
0.00321444
0.00261886
0.00539798
0.239319
0.939131
0.00572986
0.00600949
0.0164827
0.0089318
0.0103017
0.00311295
0.00267091
0.00127717
0.0303048
0.00267091
0.00693645
0.00621125
0.600884
1
0.0244574
0.0863866
0.143618
0
0.00959676
0.0118463
0.00274436
0.00349808
0
0.0035876
0.162177
0.312793
1
0
0.00254721
0.0100928
0
0.0359655
0
0.00270183
0
0.00294998
0.0152833
0.00294998
0.00305665
0.173916
0
0.00830287
0.971554
0
0.00263091
0.0294928
0.00888495
0
0.00297439
0.00455877
0.00296165
0.00296165
0.00296351
0.00611853
0.00297777
0.0139556
0.00307378
0.0153592
0.00424963
0
0
0.00411363
0.0392354
0
0.339405
0
0.00294444
0.00299943
0.0028592
0.00402269
0
0.00620264
0
0.00746894
0.98594
0.00299943
0.00983325
0.00296165
1.01623
0
0.0114861
0
0.0210002
0
0.003123
0.0134468
1
0
0.00306943
0.00296165
0.701865
0.00244682
0
0.00263091
0.00312038
0.00606344
0.00392664
0.00623588
0.0434101
0.00263091
0.0199139
0.00559256
0.00263091
0.254446
0
0.00606143
0
0.0091265
0
0
0.0196469
0
0
0
0
0.0252551
0.0255096
0
0
1.3307
0.00690699
0.00523859
0.0371813
0.0028046
0.00314135
0.0141979
0.00283957
0.00600594
0.0233679
0.0343807
0.0429315
0.00886522
0.00886522
0.00361865
0.030153
0.161775
0.00418801
0.00425772
0
0
0
0.0145655
0.0143636
0
0.00277588
0.0145655
0.0145655
0
0.00267212
0.00300256
0.00282973
0.0304094
0
0.00845895
0.0029804
0
0.137698
0
0.00277801
0.00358465
0
0.0178528
0.0143423
0.695758
0.0221214
0.945525
0.0393321
0.0170374
0
0.00259193
0
0.0029844
0.0393281
0.995891
0
0.0343807
0.0102119
0.00579887
0.0150555
0.00250926
0.00268177
0.155197
0.00992376
0.00250926
0.00316332
0.00282687
0.380652
0.042547
1.00888
0.00310104
0.00285261
0.00293369
0.00590429
1.00741
0
0.00280829
0.0163225
0.00340376
0
0.00297866
0.0221723
0.00296321
0
0.00860277
0.0344719
1.00299
0.00305866
0.00945666
0.00288921
0.00280821
0.266189
0.0029545
0.01227
0.0254353
0.00745329
0.0224607
0.020846
0.00280633
0.0418138
0.0919651
0.192991
0.00280941
0.0239876
0.0654132
0.0222786
0.00274816
0.00288921
0.00298636
0.00287673
0.0484645
0.00866763
0.00850252
0.0137467
0
0
0.34971
0
0.00302556
0.952456
0
0.0118245
0.0385585
0
0.0121758
0.0234137
0.0115676
0.00296187
0.00390781
0.0123262
0.00287612
0.0107854
0.550056
0
0.0121876
0.027497
0.00619734
0.00274506
0.00267958
0.00781948
0.0220899
0.963614
0.00287612
0
0
1.01821
0.00296866
0.003048
0.0269604
0.00561747
0.0294862
1
0.0143806
0
0
0.390328
0.974082
0.00341332
0
0
0
0.00902898
0
0
0.0207242
0.00312933
1.00682
0.00297334
0.0040624
0
0.0101566
0.0138143
0.00304095
1.00567
0.182468
0.00339028
0.00309711
0
0
0.0091374
0.0048364
0.0071903
0.728097
0.0142078
0.0232328
0.0142064
0.0456604
0.0264497
0.0598367
0.00786873
0
0
0.0158505
0
1
0.0237402
0.00253371
0.00266062
0.0139167
0
0.0029894
0
0.999342
0
0.00582594
0.0206981
0.00276286
0.018871
0.00301529
0.00333562
0
0.0026058
0.00421888
0.0090159
0.00262545
0.00266244
0.008686
0.00551862
0.00325725
0.00287685
0.0557198
0.00265227
0.0158016
0.0171993
0.0137197
0.00265062
0.0566676
0.00272994
1
0.0026029
0.00260316
0.00251614
0.00542415
0.00290877
0.00290877
0.00843379
0.00290877
0.0028027
0.00290877
0.00296149
0.00436315
0.015203
0.00265227
1
0
0.00245537
0
0.00251614
0.00276286
0.0207097
0.00276286
0.00250083
0.00262876
0.00251614
0.00793127
0
0.005279
0.664281
0
0
0.00761908
0.00257855
0.00543419
0.00736247
0.00266916
0.00261404
0.0106341
0.033994
0.0192542
0.00528441
0
0.0026457
0
0.0026457
0.00263109
0.00520977
0.00234334
0.0148299
0.0102541
0.00520977
0.0137001
0.00520977
0.0309613
0
0.00264771
0.0793226
0.0104912
0.00250985
0.0144729
0.0371632
0.0026457
0.00552439
0.170007
0.00274596
0.0419755
0.00247136
0.00834185
0.0655328
0.0467982
0.0279837
0.0109136
0.61154
0
0
0.0203866
0
0.00260763
0
0.0026457
0
0.00377958
1.00227
0.00565517
0.054746
0.0280769
0.0138974
0.00561944
0.00283534
0
0.00297929
0.021227
0.128313
0.00943818
0.00271252
0.00808435
0.00406267
0.0415552
0.54341
0.00343206
0.00595575
0.00251685
0.998756
0.010938
0.0848797
0.0082116
0.00269992
0.0390325
0.023657
0.00898055
0.998566
0.00282946
0
0.00263717
0.0251854
0.00282946
0.0059315
0.00498801
0.0241924
0.00251665
0.00397366
0.00564718
0.037368
0.373666
1.02011
1
0.00266097
0.0142187
0.0636388
0.0403373
0.00445719
0.561035
0.00282946
0.00271289
0.00398349
0.00303868
0
0.00309515
0
0.06563
0.00308921
0.00544416
0.00270076
0.337371
0.60219
1.00217
0.0833033
0.00305132
0.0584668
0.400546
0
0.00295147
0
0
0.00446756
0.00251685
0.0189335
0.00838949
0.00260175
0
0.0250822
0.287871
1
0.0208049
0.00766419
0.0863335
0.00264151
0.0151459
0.330141
0.0263771
0.963321
0.0396762
0.00251986
0.664384
1
0.00251986
0
1
1
0
0.00251986
0.803705
0.337592
0.018851
1.30093
0.00675248
0.0051214
0.0363496
0
0.00263376
0
0.00258492
0.0100574
0.00633894
0.00300299
0.00300299
0.00300299
0.00300299
0.0190433
0.0144968
0.00299355
0.00293795
0.00598015
0.0031503
0.00299355
0.0513033
0.0709433
0.145651
0.00285093
0.00446824
0.00342217
0.00282989
0.011864
0.0025608
0.00912147
0.00955218
0.011864
0.011864
0.00446824
0.0142617
0.00578454
0.100942
0.0023986
0.00571424
0.0179007
0.0142617
0.00282664
0.139377
0.010692
0.00312096
0.00410752
0.00570906
0.0124126
0.0437378
0.7489
0.0250934
1
0.00261033
0.00292798
0.00552485
0.042631
1
0.00583859
0.00345969
0.00948005
0.00262427
0.00270081
0.15022
0.00448297
0.00652967
0.00314297
0.00507381
0.00841766
0.339888
0.0816209
0.998948
0.00260597
0.042132
0.0025371
0.00948505
0.0373245
0.00515145
0.0025371
0.00255201
0.0025371
0.999931
0.00298725
0.0227391
0.00255205
0.0416104
0.00254875
0.00357582
0.00880537
0.00281895
0.00880537
0.00916178
0.00375035
0.0233202
0.00254174
0.00591316
0.0165251
0.00544139
0.00255531
0.00493864
0.0028076
0.0204019
0.993817
0.00293316
0.00275908
0.0248739
0.289815
0.0248032
0.00958422
0.0144283
0
0.00266968
0.014101
0
0.00299861
0
0.00884994
0.00281294
0.0339776
0.101216
0.196009
0.00887672
0.0140909
0.0163581
0.0880678
0.00355689
0.00579097
0.0146863
0.00579097
0
0.016912
0.00307305
0.0466441
0.01287
0.00526851
0.00291927
0.014335
0.584691
0.00391695
0.00856768
0.00580113
0.0169211
1.07109
0
0.00311931
0
0.0121171
0
0.0288685
0.00594926
0.0661125
0
0.00291614
0
0.00294972
0
0.123063
0.0111898
0.0105035
0.597479
0
0
0.00588397
0.0481291
0
0
0.00553992
1.01494
0.00291935
0.972884
0.00889598
0.00858442
0.00828208
0.00599859
0.00783283
0.0028365
0.0388872
0
0.0116556
0.973763
0.387685
1.02682
0
0.0244081
0.0119972
0.0117471
0.00298001
0.0422463
0.0182075
0.00700237
0.00588939
0
1
0.0144186
0.00291932
1.00202
0.180577
0
0
0.00289397
0.0326507
0
0.0031071
0.064423
0.682274
0.00676488
0.0203849
0.0795346
0.00299829
0.00312306
0.0111993
0
0.922675
0.0238328
0.00552411
0.0407954
0
0.00596229
0.00356945
0.0122594
1.00822
0.00294954
0.00287183
0.0282474
0.0204654
0.00293888
0.00298139
0.0113437
0.014832
0.0829629
0.00849373
0.0142052
0.0033559
0.0220202
0.0162896
0.0429284
0.0027884
0.0027884
0.985608
0.00288455
0.00569685
0.0027884
0.00569685
0.00290845
0.00290845
0.0412021
0.00623288
0.00290845
1
0.00262562
0.00275994
0.00295329
0.0122205
0.57401
0.0578051
0.00253758
0.00797577
0.00367501
0.0025725
0.0104715
0.0334745
0.00248723
0.0113423
0.00256114
0
0.0113423
0.00256114
0.00451966
0.00547783
0.00555985
0.0634351
0.00249516
0.0150566
0.0190614
0.00812491
0.00260018
0.180881
0.0154508
0.0206023
0.0087238
0.0119017
0.056354
0.0524776
0.0137348
0
0.62327
0.00286657
0.00872134
0.00872134
0.00872134
0.00859583
0.00267246
0.00890821
0.00872134
0.0332872
0.00872134
0.0038178
1
0.00290918
0.0644266
0.0108169
0.0355504
0.0164913
0
0.00787165
0.00266155
0.00298474
0.134213
0.005492
0.00266155
0.00518191
0
0.00912798
0.0489032
0.51087
0.00714966
0.00255794
0.00571697
0.995979
0.00562825
0.015435
0
0.0437901
0.00725879
0
1.01187
0.00264708
0.00280537
0.00304959
0.00274707
0.00268643
0.00274973
0.0307787
0.00389453
0.00278487
0.00274973
0.00306329
0.0826911
0.373666
0.0114067
1
1
0.00300632
0.00292412
0.00515604
0.00256074
0.0354237
0.439723
0.00280537
0.0029472
0
0
0.00548388
0
0
0.00252035
0.0504488
0
0
0.00658761
0.00293403
0.300426
0.569415
0
0.989844
0.00284885
0.094612
0.13082
0.00878113
0.056891
0.263434
0.00878113
0.534109
0.00275315
0.00587495
0.0143223
0.00296724
0.00596557
0.0210455
0.337022
1
0.0029937
0.00960428
0.104267
0.00290625
0.00289555
0.0144067
0.00291506
0.222596
0.00264702
0.962989
0.0571136
0.598021
1
1
1
0.884188
0.235966
0.0199574
