0.0238753
0.0345319
0.0238753
0.0345319
0.0313858
0.0237504
0.0313858
0.0237504
0.0402366
0.0112781
0.0402366
0.0112781
0.0479306
0.0479306
0.00757489
0.0479306
0.0196502
0.129642
0.0489121
0.0138581
0.00757489
0.0479306
0.0196502
0.142737
0.0486485
0.0212537
0.00757489
0.101615
0.104788
0.0110309
0.0746661
0.0119582
0.0164755
0.00889545
0.00749676
0.0349422
0.0193286
0.0430958
0.200687
0.0117455
0.0149665
0.111634
0.0274823
0
0.00778114
0.00862931
0.00757489
0.0614965
0.10367
0.00750567
0.0110393
0.057262
0.0119582
0.00769319
0.0164755
0.295457
0.014453
0.0346919
0.0148071
0.0094022
0.0511466
0.223547
0.0233162
0.195297
0.01369
0.0345328
0.0152771
0.0161227
0.014215
0.127322
0.0230464
0.0383915
0.0119582
0.0148544
0.0164573
0.285129
0.014453
0
0
0.0588781
0.18849
0
0.0171543
0.213367
0.0496087
0.0167319
0.00834158
0.0276066
0.258118
0.0151386
0.0384459
0.0119582
0.00740171
0.0439502
0.0150065
0
0.0157823
0.228333
0.0171543
0.0695733
0.0496087
0.0141953
0.0276066
0.722582
0.00763774
0.0400868
0.0119582
0.0156035
0.02795
0
0.0110951
0.0157823
0.19012
0.0695733
0.0496087
0.800883
0.00763774
0.0196502
0.0119582
0.00790445
0.02795
0.141636
0.0119288
0.0237448
0.00705049
0.493328
0.0196502
0.141636
0.0119288
0.0504327
0.00705049
0.10239
0.0183561
0.0366103
0.0119288
0.0504327
0.00705049
0.0165666
0.0835542
0.0835542
0.0835542
0.0835542
0.0835542
0.0835542
0.0835542
0.194331
0.804358
0.804358
0.804358
0.804358
0.804358
0.398232
0.0709001
0.010428
