0.0067693
0.0270747
0.00750694
0.00841426
0.00647858
0.0377477
0.166684
0
0.012195
0.0143093
0.0270747
0.0229356
0.0204915
0.00665226
0.0103954
0.0142561
0.0106852
0.0386559
0.0148122
0.713243
0.00754311
0.0205059
0.0177711
0.0740198
0.00721455
0.0151039
0.0751916
0.0229356
0.061596
0.0133871
0.0267183
0.0216375
0.0204899
0.034095
0.0336954
0.00744655
0.014351
0.049336
0.994924
0.0150831
0.015411
0.0111231
0.0212669
0.0177711
0.0594007
0.00721455
0.0151039
0.0895587
0.00795931
0.0229356
0.00647416
0.061596
0.00665226
0.00826561
0.0226671
0.0195942
0.034095
0.0729909
0.00817121
0.014351
0.0604805
1.00835
0.0223565
0.00754311
0.0212669
0.0177711
0.0753744
0.0151039
0.210148
0.0231825
0.00677986
0.061596
0.0139243
0
0.0118211
0.0341117
0
0.00668697
0.0462557
0.0993537
0.0260753
0.0841722
0.682046
0.0223565
0.00754311
0.0165483
0.0212669
0.0177711
0.0922058
0.257923
0.00876128
0.00677986
0.0204915
0.0139243
0.0341117
0
0.011425
0.00668697
0.0338727
0.0465272
0.00791819
0.0257635
0.0960422
0.640051
0.036666
0.00754311
0.0165483
0.0181427
0.060106
0.00793651
0.0155334
0.138233
0.00871531
0.0137604
0.0179282
0.0118211
0.0699721
0.0550541
0.0118533
0.0200228
0.045729
0.0602931
0.00765242
0.132845
0.254038
0.00667279
0.00754311
0.0177783
0.0466392
0.143209
0.016222
0.396186
0.0150064
0.0137604
0.0198895
0.151443
0.0694022
0.0099058
0.0550541
0.0200228
0.0777794
0.0475471
0.00765242
0.0135176
0.296896
0.112756
0.0151054
0.168911
0.0177783
0.0457192
0.143209
0.00743136
0.90899
0.0086968
0.0150064
0.0131489
0.0198895
0.00683368
0.162842
0.0375855
0.0099058
0.0180371
0.021824
0.00646144
0.0553185
0.060742
0.00765242
0.0135176
0.322152
0.126111
0.24574
0
0.0231465
0.143209
0.801462
0.0316669
0.0146727
0.0198719
0.0134425
0.219646
0.00939315
0.0099058
0.0351131
0.0235085
0.0131847
0.0340356
0.0394769
0.00765242
0.0135176
0.656923
0.0688429
0.24574
0.079338
0.516975
0.00943138
0.0305186
0.013169
0
0.00683368
0.244977
0.0184644
0.0099058
0.053706
0.0117304
0.0198758
0.0110498
0.0195963
0.00765242
0
0.611987
0.0383668
0.24574
0.0483498
0.0286233
0.0312117
0
0.221053
0.00917065
0.0099058
0.0356689
0.0104003
0.0135528
0.0186552
0.245
0.0141998
0.0164535
0.0156965
0.0155198
0.0230744
0
0.0131785
0.0134077
0.145692
0.0116694
0.00776458
0.0150194
0.0190593
0.00833961
0.121644
0
0.0385178
0.00732972
0.00955911
0
0.029911
0.075009
0.00817709
0.0810499
0.0188727
0.633701
0.00705984
0
0.0770354
0.0408992
0.00732972
0.028899
0.00781287
0
0.0148917
0.0941178
0.0119004
0.0598278
0.0584783
0.961821
0.0259641
0.00705984
0
0.0770354
0.034439
0.00739223
0.00732972
0.028899
0.0637735
0
0.0148917
0.457556
0.0594007
0.0188081
0.129707
0.0136893
0.0137074
0.442733
0.170761
0.0156844
0
0.116073
0.034439
0.0139414
0.00720724
0.00955911
0.0389465
0
0.0148917
0.744942
0
0.0963246
0.0119292
0.0950993
0.0137074
0.265776
0.212179
0.0156844
0.116073
0.034439
0.0162106
0
0.00955911
0.0230638
0.0148917
0.732201
0.00717155
0.0480817
0.00966455
0
0.0123154
0.0378901
0.240121
0.199619
0.0372869
0.0185195
0.0162106
0
0.00869398
0.0148436
0.190967
0
0
0.035246
0.0224407
0.0236496
0.00716281
0.0222906
0.0390161
0.145856
0.124689
0.0372869
0.0156885
0
0.010577
0
0
0.0598527
0.0372869
0
0
0.0249446
