0.0218161
0.0854261
0.0214697
0.0440337
0.183393
0.0503675
0.317556
0.0704697
0.0704697
0.0704697
0.0704697
0.0704697
0.0292739
0.0331253
0.102201
0.0292739
0.0223998
0.0491559
0.0769476
0.0126868
0.0102175
0.0111362
0
0.0125141
0.0997523
0.0108842
0.019435
0.0172808
0.00666993
0.0271274
0.133345
0.0745961
0.0124419
0.166844
0.026086
0.0224625
0.00744588
0.0100537
0.0241571
0.114236
0.00710954
0
0.162179
0.0223567
0
0.0192936
0.00629013
0.0172264
0.0268058
0.00923328
0.047767
0.345012
0.0665402
0
0.0398662
0.338669
0.026086
0.00918826
0.0334798
0.0100537
0.0116547
0.16047
0.00710954
0
0.198127
0.0223567
0.0150732
0.0569012
0.0329884
0.0172264
0.0201359
0.0097416
0.018485
0.0479174
0.0274576
0.910103
0.0323469
0.0218432
0.0254027
0.303417
0
0.0109984
0
0.00920648
0.04375
0.0143224
1.00634
0.00710954
0
0.21958
0.066591
0.0150732
0.0391065
0.00629013
0.00680017
0.0149307
0.0326194
0.0097416
0.0378915
0.0186693
0.244593
0.0160306
0.0430402
0.0521035
0.244544
0.0109984
0
0
0.0111362
0.00734779
0.600272
0.0135078
0
0.191643
0.0670664
0.0309676
0.0694494
0.0321496
0.0197481
0.0378915
0.00761233
0.010078
0.268513
0.0412573
0.0218432
0.0644061
0.355711
0.00786476
0
0
0.0111362
0.00734779
0.219492
0.00710954
0
0.0717672
0.0666968
0.0287992
0.0294003
0.006334
0.033078
0.0097416
0.0286498
0.0151513
0
0.29336
0.00857703
0.0218432
0.0267661
0.568196
0.0695256
0.0106267
0.0173881
0.0115845
0.0111362
0
0.334833
0.00710954
0
0.0717672
0.0665121
0.0287992
0.0294003
0.006334
0.0332422
0.0097416
0.0286498
0.00751393
0
0.469048
0.017144
0.0218432
0.0267661
0.587355
0.0999896
0.0173881
0
0.0111362
0
0.399298
0.00639823
0
0.0567144
0.0658942
0.0150732
0.0294003
0.0541616
0.0097416
0.0183707
0.0153099
0
0.518787
0.00857703
0.0218432
0.104448
0.470943
0.0999896
0.0347153
0
0.0111362
0
0.982536
0
0.0491316
0.0338092
0.0150732
0.0102258
0.0479945
0
0
0.0153099
0
0.368314
0.0164056
0.0218432
0.117932
0.307276
0.0999896
0.0347153
0
0.449863
0.0149944
0.0221274
0.0150732
0
0
0.0153099
0
0.342193
0.00857703
0.0103292
0.117453
0.237582
0.0167614
0.0999896
0.184736
0.00738589
0.0105131
0.0153099
0.214729
0.129728
0.0821121
0.0167614
0.0999896
0.0874767
0.0153099
0.238375
0.156891
0.0821121
0.00838731
0.257056
0.125511
0
0.00779598
0.00903324
0.212559
0.406626
0.0139821
0.00838731
0.0115763
0.227126
0.146581
0
0.00779598
0.163669
0.267105
0.00838731
0.0246372
0.273219
0.132526
0.0108201
0.0330243
0.00697601
0.0302658
0.00779598
0.138954
0
0.315724
0.00647201
0.00838731
0.0499116
0.0527837
0.530035
0.173681
0.032767
0.146081
0
0.221962
0.370263
0.00647201
0.0247822
0.0527837
0.954353
0.00716807
0.139762
0.0425554
0
0.153457
0.0182765
0
0.0100322
0.260914
0.571958
0.00647201
0.0155052
0.0123554
0.0418797
0.421578
0.014068
0.161436
0.0325305
0
0.0163309
0.15991
0.0186905
0
0.0100322
0.340324
0.00910881
0.653235
0.0139063
0.0161887
0.059825
0.00716807
0.0286963
0
0.0864248
0.0188656
0
0.303742
0.00926003
0.672174
0.0633451
0.0248081
0.00716807
0.0140255
0
0.0406524
0.00975681
0
0.141774
0.262485
0.0280596
0.0337383
0
0.0766069
0.0128668
0.007398
0.0311955
0.00885098
0.0251383
0.0189401
0.0143981
0.0177267
0.0276935
0.0143981
0.0177267
0.00756492
0.0650341
0
0.02962
0
0.0285956
0.027308
0.198062
0.0201742
0.0421383
0.00756492
0.395099
0
0.0442913
0
0.00887353
0.235934
0.0207927
0.82945
0.00753851
0.0130551
0.0300818
0.0421383
0.800651
0.0146713
0.0138928
0
0.0102902
0.00749054
0.108295
0.100431
0
1.00522
0.00753851
0.0130551
0.0300818
0.0421383
0.0141187
0.8133
0.144475
0.0138928
0.00903612
0.00749054
0.0275168
0.113654
0.010441
0.697271
0.0159448
0.0245197
0.0324921
0.0421383
0.00735196
0.0154169
0.346275
0.236596
0
0.00903612
0.00855814
0.00749054
0.0965384
0.217453
0.0204825
0.881212
0
0.0373349
0.0421383
0.060427
0.0154169
0.146143
0.108198
0.00903612
0.0175243
0.00706911
0.120013
0.116323
0.010441
0.947243
0.00710815
0.106863
0.0246599
0.0373349
0.0432536
0.0064817
0
0.0154169
0.223255
0.00714356
0.0286723
0.0089662
0.0571623
0.0912662
0.00776821
1
0.158625
0.0215915
0.0373349
0.0064817
0
0.0154169
0.213484
0.00714356
0.0309294
0.0286723
0.0089662
0.0844866
0.0649144
0.856098
0.00640257
0.195253
0.0215915
0.0064817
0.0121748
0.0154169
0.131023
0.00714356
0.0309294
0.113924
0.0126423
0.346772
0.0134921
0.195253
0.00899793
0.00947193
0.0309294
0.0367382
0.0397828
0.195253
0.0309294
0.0367382
0.0397828
0.195253
0.00998109
0.0397828
0.0143109
