0.0055886
0.00273473
0.00539726
0.00283168
0.833502
0.00258957
0.00264879
0.00307721
0.005835
0.00268668
0.0070934
0.00816191
0.00272002
0.00291872
0.00287407
0.0311917
0.698729
0.00265618
0.00304887
0.0116929
0.00272798
0.0028938
0.00315075
1.54198
0.00539648
0
0
0.00861541
0.00293389
0.0158878
0
0.00268359
0.00308219
0.0134706
0.00305412
0.0395466
0.00267461
0.00255447
0
0.055064
0.00266845
0.0176577
0.101009
0.00286766
0
0.00260442
0.0120886
0.016774
0.00569952
0.0054093
0.00249317
0.0152197
0.0523028
0.0222358
0.0369503
0.967506
0
0
0
0.00556774
0.00256909
0.00251116
0
0.00261857
0.0050264
0.00280561
0.957456
0
0.00286267
0.00277861
0.0030648
0
0
0.00287823
0.0841597
0.00250424
0.00290365
0
0.00516339
0.00577997
0.0170124
0.00265729
0.0923797
0
0.0720864
0.00261
0.00251116
0.015969
0.0462457
0.00267393
0.0876315
0.0159425
0.0217366
0.994185
0.00529398
0.00268862
0
0.00300362
0.00287141
0.00264807
0.00282255
0.00537505
0.00281394
0.00282884
0.00302678
0.00778147
1.00099
0.00268862
0.00290186
0.00266471
0.0138959
0.00267744
0.00542708
0.00240941
0.00240917
0.00306262
0.00823962
0
0
0.00234224
0.00279799
0
0.00543996
0.00265023
0.00291639
0.00303352
0.133152
0.0025833
0.00508414
0.00505592
0.00282884
0.013608
0
0.124528
1.01235
0.0031274
0.00253086
0.00639201
0.00339492
0.0028085
0.00254242
0.00291419
0.0133578
0
0.982918
0.0052683
0.0230199
0
0.00897628
0.00819468
0.0811219
0.017597
0
0
0
0.00267325
0.0384439
0.0580616
0.00254998
0.00272318
0.0023476
0.0194769
0.0632148
0.396785
0.962765
0.00271899
0.00273304
0.00289216
0.0027085
0.00350573
0.0196123
0.243518
0.00878918
0.00265993
0
0.00254492
0.0369296
0.00569138
0.0115133
0.0168008
0.210627
1.00425
0.0138077
0.00281872
0.0131633
0.231973
1
0
0
0.00594864
0
0.00264113
0
0
0.0031274
0.0251897
0.0219588
0.00277152
0.0083753
1
0.0204397
0.00376858
0.27558
1
0.0787961
0.0830075
0.00270465
0
0.0110169
0.0112472
0.00583363
1
0.00553546
0.79309
0.00294686
0.0238698
0.234293
0.00291645
0.00535245
0.0124098
0.00267987
0.00297733
0.0711044
0.174619
0.406131
0.987447
1
0.980899
0.879987
0.0104305
0.0105933
0.0591582
0.0170428
0.577081
0.0847637
0.0167135
0.0864336
0.732177
0.00298477
0.278034
0.975746
0.0107539
0.00291248
0.0110208
0.0623083
1
0.394955
0.265066
