0.0133044
0.145418
0.0183635
0.0136643
0.00309456
0.729434
0.0118652
0.0122308
0.228258
0.0256425
0.022384
0.627477
0.00265577
0.0028429
0.0126599
0.0218441
0.114384
0.0136998
0.00301732
0.00263051
0.00724154
0.00789052
0.0056305
0.141894
0.696478
0.0139296
0.00294454
0.00269823
0.00260773
0.0171967
1.04648
0.002497
0.00880838
0.00248622
0.00878723
0.0138671
0.00569163
0.0266303
0.0140617
0.0400947
0.00258646
0.00749101
0.00265332
0.00259821
0
0.00273661
0.00260514
0.0425597
0.01948
0.00261714
0.00512652
0.00270123
0.0112722
0.0121364
0
0.0027409
0.037202
0.00407125
0.00258242
0.00249439
0.00258242
0.00413433
0.00268348
0.00560373
0.0144605
0
0.0453861
0.0035252
0.951896
0.00343066
0.0179949
0.0112722
0.00258242
0.00645604
0
0.00430403
0
0.00264429
0.0112872
0.00299105
0.010922
0.0358931
0.0106691
0.975852
0.00270317
0.00270317
1
0.00255421
0.00749101
0.0277297
0.00281235
0.0123533
0.988754
0.00264672
0.383505
1
0.00252087
0.00270317
0.011585
0.00297704
0.00352587
0.00796654
0.00281235
0.00891211
0.0185076
0.989218
1
0.0178521
0.00850735
0.0113475
0.998178
0.603959
0.00351544
0.00426764
0.00288847
0.00288479
0.00853529
0.00279454
0.00273266
0.00281235
0.0115073
0.00293247
0.0028451
0.00281235
0.00384849
0.996867
0.00796357
0.00687376
0.00749743
0.00796281
0.0254814
0.00255966
0.0167298
0.108611
0.00296158
0.00289891
0.0318378
0.00489695
0
1.00467
0.0230757
0.00270822
0.00275441
0.0678759
0.0216159
0.00273962
0.034351
0.0498383
0.0027564
0
0.0227009
0.00288212
0.0027564
0.00261749
0.0122214
0.0230701
0.00277494
0.00277969
0.00283973
0.0501451
0.0114504
0.98385
0.0790615
0.0111577
0.00297539
0
0
0.00257119
0
0.0161056
0.0247518
0.0490557
0.00585535
0.00271591
0.0285545
0.00812609
0.00290922
0.00307991
0.0237466
0.00554087
0
0.00452379
0.0111082
0.039676
0.00270761
0.00554087
0.0530082
0.00277494
0.00893241
0.0285892
0.00277494
0
0.00707361
0.476102
0.00297455
0.00304094
0
0.00298999
0.0177453
0.0105675
0.60749
0.0283967
0.00243052
0.00263324
0.00658309
0.0584944
0.00256618
0.00343466
0.00274764
0.00280745
0.00311285
0.0385427
0.0031658
0.00273047
0.00268115
0.00360671
0.499004
0
0.00259366
0.00297315
0.00280755
0.991139
0.00297623
0.00251962
0.00298288
0.00263053
0.00253432
0.0119004
0.00294718
0.00297539
0.00426177
0.00297539
0.0440829
0.0238081
0.0195015
0
0.0205274
0.0143672
0.0118594
0.00257225
0.003102
0
0
0.00952546
0.00286564
0
0.0202064
0
0.00298324
0.00630732
1.00825
0.0179185
0.00543687
0.00297539
0
0.00461822
0.00297539
0.0112184
0.0643857
0.0548098
0
0.00283325
0.0315788
0
0.0028599
0.0209508
0.0058245
0.00283047
0.0056175
0.0027313
0.00299004
0.0603324
0.00291615
0.0117056
0.00570536
0.00291235
0.0027286
0.00818601
0.310931
0.0222866
0.00291235
0
1.00759
0.00932126
0.00590256
0
0.00353652
0
0.00302523
0.00282256
0
0.0162677
0
0.0474367
0.0074468
0.0416777
0.00246775
0
0.00299997
0
0.00571839
0.00580093
0.0747006
0.0116228
0.00299997
0
0.00432317
0.00573053
0.0102476
0.00299149
0.0059732
0
0.00938917
0.0586711
0.189897
0.00543387
0.00279344
0.0523776
0.00546152
0.0486406
0.0116598
0.0150228
0.00255432
0.00835149
0
0.983115
0.00839282
0
0.00262038
0
0.00564284
1.00731
0.00811306
0.00252755
0
0.00254263
0
0.00841574
0
0.00295558
0
0.00453031
0.0214747
0.00514005
0.00811544
0.0395433
0.00514005
0.00284407
0.00781951
0.00781381
0.00254012
0.00269157
0.00811544
0.00864635
0.0110449
0.0171248
0.0237013
0.00237051
0.0120333
0.0171248
0.00864635
0
0.0211947
0.0211947
0.160033
0.0134406
0.0211947
0.975022
0.721391
0.0026631
0.054658
0.0104503
0
0
0
0
0.00279344
0
0
0.00248945
0.00292995
0.00785247
0.0026348
0.00520705
0.00285467
0.0199704
0.0026348
0.00503943
0.0027313
0
0.00520705
0.0137941
0.0206164
0.00280877
0
0.0133341
0.0137443
0.00275416
0.0115308
0.0417715
0.00275416
0.0053589
0.00275416
0.850438
0.148673
0.137092
0
0
0.00446309
0.0120918
0
0.0217867
0.0281142
0.00832481
0.00267039
0.00274766
0.00279854
0.00306149
0
0.00333799
0.0431393
0.755238
0.994934
0.00276081
0.00272619
0.0258234
0.0262563
0.99836
0.00394471
0.00274466
0.00716155
0.00254008
0.00286077
0.00922199
0
0.00554363
0.116698
0.0253168
1.01213
0.00783533
0.0328428
0.016455
0.0483643
0
0.00267929
0.0300189
0
0.974014
0.00769301
0.048114
0
0.0118078
0.00810217
0.0405109
0.967708
0.0160688
0.00424284
0.00269906
0.0352893
0.00799457
0.0524696
0.00288483
0.0160826
0.0530866
0.00799457
0.0119919
0.134375
0.0106225
0.151781
0.00271547
0.00375424
0.00272994
0.00525324
0.0190395
0.00266983
0.00525324
0.00750463
0.0346001
0.00262527
0.0181712
0.00267816
0.00563602
0.00267816
0.00446361
0.00267816
0.0198159
0.921095
0.232756
1
0.794872
1
1
0.202344
1
0.0768162
