0.00834258
0.0110484
0.0548048
0.596915
0.254203
0.0622998
0.723473
0.105344
0.00255586
0.00261943
0.00261085
0.0395264
0.432236
0.889486
0.404296
0.00514151
0.0122919
0.00525161
0.0306225
0.193289
1
1
0.0622648
0.0431813
1
0.0158893
0.0111785
1
0.00295647
0.00256823
0.00294649
0.00295647
1
0.00301204
0.00291474
0.00541996
0.00534967
0.0146674
0.00261183
0.0847933
0.147067
1
0.00741085
0.0124448
0.00271731
0.0026157
0.0028058
0.00575866
0.0323255
0.00259171
0.0665855
0.0149967
1.01622
0.00273396
0.00255911
0.0055899
0.00292057
0.00298422
0.00315514
0.00946542
0.0162925
0.0987493
0.00534967
1.00828
0.0411044
0.126804
0.072938
0.10707
0.0131823
0.111774
0.0164114
0.00522816
0.014812
0.021761
0.00273396
0.0941703
0.00267322
0.139704
0.00273396
0.451992
0.0112093
0.168106
0.230158
0.0114209
0.0128479
0.00266677
0.0162849
0.0278538
0.0649922
0.019608
0.00299164
0.00299164
0.00299164
0.187304
0.00299164
0.00299164
0.00299164
0.00304927
0.0271129
0.937948
0.0757555
0.904228
0.0436532
0.0140326
0.056874
0.087309
0.0570379
0.00304996
1
0.00545438
0.0830779
1
1
0.0292942
0.0196409
0.0126648
0.0118493
0.0062455
0.026261
0.00299933
0.00861665
0.0118603
0.999679
0.00276076
0.207163
0.932311
0.00258382
1.068
0.0214028
0.00254915
0.0275282
0.507418
0.00526253
0.0197164
0.00276917
0.0612958
0.0378109
0.00276917
0.0651676
0.0836111
0.400297
0.00262509
0.00532145
0.00299933
0.0770872
0.00299933
0.00266104
0.00827299
0.068299
0.069083
0.0552598
0.278163
0.00524113
0.0352355
0.0919382
0.0610386
0.0133137
0.514125
0.562011
0.376146
0.00290746
0.00305286
0.06086
0.00296467
0.0660146
0.0850249
1
0.300216
0.969772
0.208302
0.118012
0.00566021
0.115546
0.0376215
1
0.142242
0.610588
0.00852463
0.036066
0.00304603
0.072148
0.254526
0.534396
0.989485
0.00293567
0.084247
0.00299738
0.0510042
0.958333
1
0.00860082
0.0222967
0.00876783
0.016665
0.00272801
0.00272801
0.0711874
0.00265732
0.00274948
0.568389
0.0134375
0.00267067
1.0008
0.0105866
0.0130483
0.00399179
0.00681239
0.0159671
0.00463551
0.00262028
0.00269553
0.00248918
0.00373448
0.0159679
0.00266119
0.119889
0.039055
0.0108395
0.999396
0.0761843
1.02732
0.0105429
0.227708
0.00269309
0.00697224
0.998085
0.116108
0.988207
0.0062758
0.0975632
0.00445309
0.0198919
0.00926091
0.00721577
0.00533094
0.344393
0.00532161
0.0280428
0.0194237
0.852043
0.101005
0.0671361
0.305688
0.0390171
0.00421998
0.0247273
0.966768
0.0668128
0.0914797
0.247346
0.578364
0.0391911
0.00282727
0.0190721
0.0502848
0.336144
0.16214
0.380466
0.0597261
0.0135169
0.992173
0.0352207
1.02833
0.52546
0.0189462
0.0134582
1
0.0662208
0.0151535
0.0753386
0.00837342
0.00607092
0.0113406
0.0904729
0.00672126
0.359019
0.00591119
0.0171938
0.0108178
0.454588
0.0702531
1.00926
0.0270066
0.0217042
0.00278203
1
0.00544899
0.00259217
