0.249916
0.128039
0.007924
0.00135369
0.00570546
0.0139056
0.168389
0.00860847
0.53607
0.116454
0.00452641
0.001415
0.00131323
0.0538012
0.00146303
0.00141014
0.0012646
0.00144525
0.0394911
0.00288369
0.306313
0.0263448
1
0.487018
0.00382247
0.00391446
1.00999
0.994529
0.00269588
0.175313
0
0.0165647
0.0201076
0
0.00130257
0.077233
0.0570002
0
0.0043568
0.00145046
0.00414605
0.045205
0.0123734
0.172016
0.0406498
0.560548
0.994204
0.00647646
0.00129255
0.99706
0.00143347
0.268783
0.00564043
0
0.00818211
0.00140157
0.00141723
0.0794046
0.00163365
0.00388416
0.00145407
0.117978
0.00436108
0.311251
0.0110186
1.00005
0.0028302
0.0012646
0.00271567
0.00263194
0.00133109
0.00378103
0.00387764
0.00391446
0.307033
0.00391446
0.0018465
0.0216903
0.00391446
0.0197682
0.00130609
0
0.0242928
0.0325026
0
0
0.00430611
0.0332465
0.00146383
0.00861196
0.00140157
0.00725032
0.00746254
0.100342
0.0102373
0
0
0.00204086
0.00146641
0.00137525
0.00146641
0.0035669
0.00131979
0.00131979
0.00131979
0.00329947
0.0418578
0.0022499
0.0015228
0.00131979
0.00138306
0.0015228
0.00219965
0.0044998
0.437553
1
0.271824
0.336116
0.558428
0.409409
0.513701
0.564797
0.162359
0.00572268
0.0264522
0.0194384
0.00571852
0.0708933
1.01944
0.00927948
0.641683
0.00176508
0.186476
0.858543
0
0.0743106
0.0033143
0.00144321
0
0.00138457
0.0153021
0
0.00142965
0.00265511
0.0783487
0
0
0.00147594
0.0637657
0.0833041
0.0362237
0
0.999007
0.227251
0
0
0
0.0564849
1.01844
0.98305
0.00139864
0.0112199
0.0104005
0
0.00464187
0.00520477
0.00293271
0.0366325
0.00146764
0.00302982
0.0688632
0.0243631
0.0144771
0.14903
0.00572255
0.00427556
0.373536
0.433245
0.00154837
0.00133599
0.00133599
0.397092
0.995134
0.00153271
0.00618586
0.0750046
0.00136616
0.0802052
0.00310416
0.223519
1.02051
0.00141545
0.00154153
0
0.00133599
0.00667996
0.0112567
0.00133599
0.00166999
0.293434
0
0
0.0134906
0
0
0.0385685
0.0216269
0.0377319
0.0105607
0.0203767
0.0308956
0.0126148
0.0388066
0.0874953
0.0161011
0.00286966
0.0270322
0.00189264
0.0390737
0
0.00445919
0.00289712
0
0.0173827
0.00733721
0.001501
0.0140727
1
0.0236815
0.0566498
0.0200512
0.0945672
0.0663164
0.0571416
1
0.184803
0.370372
0.140541
0.153008
0.106907
0.0630302
