0.00450432
0.000934604
0.0761057
0.00119887
0.0444845
0.00672826
0.00189812
0.00204317
0.00852919
0.0211802
0.126549
0.0377712
0.00408455
0.0116448
0.00173243
0.00155392
0.045977
0.00158601
0.0251386
0.00199744
0.0134489
0.0141958
0.0102788
0.00115615
0.00155392
0.0743365
0.00158601
0.0107959
0.0229758
0.0102788
0.00289048
0.0632247
0.00158601
0.00433334
0.0229758
0.00685795
0.00289048
0.0465733
0.00158601
0.00924579
0.0229758
0.00688519
0.0345102
0.00158601
0.00340339
0.0724451
0.00338499
0.0147256
0.153009
0.0135838
0.00743152
0.00183903
0.0236552
0.00836828
0.0316227
0.00743152
0.0115671
0.0416029
0.0129414
0.0605447
0.0294803
0.0698649
0.0890949
0.000925787
0.00109244
0.0155472
0.0957309
0.0294803
0.0694419
0.112673
0.002972
0.00109244
0.0145868
0.178031
0.0294803
0.0773458
0.0972604
0.00109244
0.0111253
0.0828095
0.0294803
0.0938946
0.0622713
0.00109244
0.000906383
0.0893001
0.0294803
0.10727
0.0678593
0.00109244
0.000906383
0.0551987
0.0294803
0.0951667
0.0739614
0.00109244
0.000906383
0.0483745
0.0294803
0.0473978
0.0890085
0.00139863
0.00109244
0.0330412
0.0464324
0.0883751
0.00109244
0.0166157
0.00359613
0.00109244
0.0153436
0.0102289
0.0338839
0.00109244
0.00204193
