0.00374833
0.021938
0.00453895
0.0340023
0.00344586
0.00725761
0.00374833
0.00381563
0.0275377
0.00899851
0.0679266
0.00861158
0.173377
0.0126755
0.00344586
0.0186257
0.01453
0.00598618
0.0116466
0.0502644
0.00381563
0.00811957
0
0.00899851
0.00433928
0.00637661
0.0397162
0.0439943
0.00725812
0.375978
0.0126755
0.00344586
0.0186257
0.00622367
0.0116466
0.0124651
0
0.00363226
0
0.0182674
0
0.0127691
0.0188774
0.0365158
0.0062518
0.0980533
0
0.0046631
0.0116781
0.00797778
0.00797778
0.00580213
0.00424373
0.311997
0.0871287
0.0117664
0.426669
0
0.0105671
0.00405616
0.0871287
0.0324118
0
0.0117664
0.102966
0.421209
0.0369451
0.0313802
0.0170826
0.00329563
0.00344414
0.107131
0
0
0.0156277
0
0.0818757
0.0139559
0.588257
0.0703094
0.00383217
0.0313802
0.0170826
0.00827082
0.00344414
0.139726
0
0
0.0215095
0
0.00376347
0.0884809
0.0139559
0.413172
0.0703094
0.0208132
0.0170826
0.00344414
0.101043
0
0.0156277
0.0765183
0.319474
0.134439
0.0156277
0.0705583
0.284231
0.0606098
