0.491956
0.252043
0.00293555
0.0262748
0.00263783
0.00283568
0.0162289
0.0363483
0.0283568
0.993275
0.0107281
0.540968
0.00737845
0.00779058
0.0092611
0.00248991
0.00245896
0.0861556
0.00448936
0.00276502
0.00284326
0.0495361
0.00522015
0.0193425
0.479997
0.0962973
1.00914
0.99227
0.148033
0.0026435
0.0034954
0
0.984394
1
0.0656382
0.00293249
0.0234293
0.0036927
0.121224
0
0.00792422
0.00284326
0.0620519
0.00388149
0.0116963
0.00281768
0.0154504
0.0183033
0.170986
0.0190372
0.563631
1.01097
0.00259634
0.00287203
0
0.00264275
0.00246963
0.00292454
0.993625
0.00291339
0.0269476
0.00267169
0.0346554
0
0.00647598
0.00280009
0.0026435
0.114088
0.00346925
0.00283107
0.0026435
0.00280009
0.00344804
0.00572675
0.0208451
0.433615
1.02908
0.00280088
0.0076243
0.00468493
0.00697885
0.00280009
0.00294435
0.0699847
0.00238544
0.00246963
0.995411
0.00526972
0.00267169
0.00267169
0.0038167
0.0269356
0.00246963
0.00267169
0.0200377
0.103769
0.0918568
0.424456
0.00564795
0.00281768
0.00566675
0.00851001
0.127372
0.0162008
0.00273756
0.00851001
0.0145693
0.00262424
0.412207
0.0195314
0.00265615
0.00705726
0.0812093
0.00337521
0.0084606
0.00982068
0.00871611
0.0030168
0.00271406
0.00274665
0.0306415
0.0102987
0.00254663
0.00261143
0.0413484
0.00417811
0.00282788
0.00282788
0.00835622
0.437553
1
0.80872
1
1.00611
0.737627
0.00743075
0.207522
0.0177494
0.00279856
0.00859441
0.0687453
0.0117728
0.064914
1
0.385152
0.157981
0.0025681
0.0075313
0.0028361
0.0241648
0.00945368
0.0109356
0.0028361
0.0028361
0.00848972
0.016167
0.0165734
0.125706
0.00864124
0.00258121
0.991948
0.0952162
1
0.00274361
0.00281454
0.107766
0.856836
0.0088541
0.100181
0.010055
0.00849588
0.0220596
0.00250724
0.0823344
0.00254034
0.0109407
0.00550251
0.00307155
0.00256631
0.0152421
0.00254034
0.00254034
0.00263755
0.0397791
0.151797
0.0885053
0.00285631
0.00254034
0.99702
0.991187
0.0310437
0.00269169
0.00294837
0.0439271
1.30342
1.01663
0.0029076
0.00255994
0.0212092
0.0116829
0.00274092
0.0306996
0.0399151
0.00287569
0.00261676
0.128766
0.0178922
0.0215869
0.148058
0.386294
0.995191
0.0178263
0.00296659
0.00253985
0.00284922
0.00333344
0.00544254
0.00253985
0
0.0392686
0.00401107
0
1
0
0.0166353
0.0222892
0
0.0027201
0.0027258
0.0051226
0.00269169
0.0266628
0.128642
0.00262871
0
0.00256868
0.132189
0
0.00303756
0.00504821
0.0136867
0.409794
0.0237258
1.00041
0.00264354
0.00985578
0.0411631
0.00266181
0
0.00284922
0
0.00585109
0.0126993
0.0181142
0.00284922
0.00685404
1
0
0.00289913
0
0.0274258
0.00467759
0.00804905
0
0.00290164
0.0439707
0.00285342
0.066489
0.206385
0.0054264
0.066489
0.0873763
0.00994645
0.00564649
0.415101
0
0.0612161
0.00264428
0.00332122
0.00264354
0.00264279
0.00566654
0.00252127
0.00264354
0.00287686
0.0640046
0.00541122
0.0119102
0.231909
0.00549077
0.0162444
0.00803617
0.0787702
0.00299535
0.0199657
0.00289583
0.00253805
0.00511822
0.00299535
0.0138681
0.147568
0.00848611
0.0028967
0.00846781
0.0026956
0.00892158
1
0.0423568
0.0945172
0.0118349
0.00862146
0.0684537
0.00276148
0.00281975
0.550325
0.0109264
0.00276148
0.0273475
0.00276148
0.00376565
0.0102066
0.0631257
0.0562652
0.00766341
0.00249967
0.0251929
0.00258872
0.0124983
0.00259787
0.00629824
0.00241262
0.984662
0.238797
0.461398
0.372874
0.405948
0.302672
0.178449
