0.104522
0.00783207
0.0245745
0.323253
0.0162851
0.00766195
0.00783207
0.0491306
0.489217
0.00766195
0.00783207
0.0491306
0.00710579
0.217422
0.0657008
0.00783207
0.073342
0.00710579
0.129055
0.0657008
0.00783207
0.073342
0.00710579
0.129055
0.0657008
0.00783207
0.073342
0.00710579
0.129055
0.0657008
0.00783207
0.073342
0.00710579
0.129055
0.0657008
0.00783207
0.073342
0.00710579
0.129055
0.0657008
0.00783207
0.073342
0.00710579
0.129055
0.0733688
0.00783207
0.0732833
0.00710579
0.119825
0.0333356
0.0810003
0.0154968
0.0865973
0.165753
0
0.00635815
0.0181555
0.0146692
0
0.0135198
0.138291
0.0164276
0.0405571
0.0156526
0.02437
0.0119736
0.00782078
0.435164
0.00732534
0.296108
0
0.0270334
0.013661
0.0242046
0.0160041
0.0135198
0.175395
0.0164276
0.085633
0.0156526
0.0157904
0.0281727
0.0547285
0.0119736
0.00782078
0.386749
0.00732534
0.625932
0
0.0270334
0.0268776
0.050442
0
0.0615686
0.152593
0.00972851
0.01642
0.147033
0.0156526
0.0157904
0.0417614
0.114247
0.0235062
0.00782078
0.270286
0.0133487
0.00732534
0.830483
0.0142779
0.0195497
0.0362262
0
0.0396775
0.050442
0.0615686
0.159449
0.01642
0.245402
0.00759079
0.0157904
0.0417614
0.144
0.0351907
0.0304882
0.00971067
0.203546
0.039885
0.00869821
0.998273
0.0142779
0.0195497
0.0362262
0
0.0529817
0.050442
0.0615686
0.196221
0.01642
0.378453
0.00759079
0.0157904
0.0413344
0.159913
0.0340347
0.0450974
0.00971067
0.00741806
0.274293
0.0400646
0.00709663
0.998361
0
0.0262042
0.0454114
0.00669542
0.0661863
0.0384269
0.0615686
0.862566
0.0101898
0.01642
0.228437
0.0157904
0.0135887
0.0769315
0.0340347
0.075514
0.00912297
0.00741806
0.175939
0.0794607
0.00709663
0.481315
0.00922642
0.0292725
0.0195497
0.0365335
0.00669542
0.0789271
0.051134
0.0615686
0.922865
0.0101898
0.01642
0.206143
0.0314255
0.0135887
0.0605737
0.0232171
0.0452101
0.00943609
0.00741806
0.179896
0.0531694
0.00814903
0.00709663
0.339888
0.00922642
0.0292725
0.0195736
0.0444546
0
0.119696
0.0625332
0.0306104
0.773126
0.0308446
0.0182608
0.0916391
0.00743534
0.047457
0.0140615
0.015074
0.0467064
0.0452101
0.101565
0.0660415
0.00868126
0.0352325
0.109681
0.0292725
0.152184
0.226894
0.496238
0.0412668
0.05201
0.00742393
0.0165626
0.0232171
0.0153563
0.0105098
0.245646
0.0130746
0.0720295
0.0504706
0.0743623
0.152184
0.0136891
0.148691
0.0408282
0.0534869
0
0.016523
0.0115326
0.0105098
0.176554
0.232054
0.0164573
0.0587145
0.0534869
0.00870046
0.0105098
0.0758047
0.293647
0.0452411
0.0534869
0.00870046
0.0105098
0.0758047
0.287123
0.0151504
0.0375469
0.0352261
0.0105098
0.0882024
0.294913
0.0151504
0.0375469
0.0352261
0.0105098
0.0882024
0.294913
0.0230456
0.0352261
0.0105098
0.100915
0.309245
0.0153014
0.0352261
0.0105098
0.0503547
0.229817
0.00795245
0.0177192
0.0670316
0.0177192
0.0177192
0.00667598
0.0150104
0.00716804
0.0298626
0
0.0155931
0.0127978
0.0180131
0.00952247
0.0147826
0.0183348
0.0164568
0
0.0126198
0.0175423
0.0164892
0.0161751
0.010794
0.0155739
0.012805
0.223126
0
0.0153676
0.0302506
0.0138286
0.00952247
0.0079148
0.0360831
0.0360647
0.00807526
0.0320251
0.195369
0.0126198
0.0833339
0.0402785
0.0622543
0.010794
0.0928201
0.0358952
0.65611
0.00897425
0.0454625
0.00990599
0.00726312
0.0600582
0.0138286
0.0131884
0.00952247
0.0079148
0.0296465
0.188392
0.0155162
0.0400153
0.503705
0.0126198
0.373679
0.00785354
0.032143
0.0473191
0.010794
0.294156
0.0691893
0.042884
0.0089118
0.677061
0.0262776
0.0901163
0.00990599
0.00726312
0.0453098
0.0138286
0.0131884
0.015864
0.0167073
0.00952247
0.0079148
0.03692
0.322147
0.0313278
0.0477207
0.597216
0.0126198
0.455358
0.00785354
0.0476542
0.111365
0.010794
0.315645
0.0902585
0.042884
0.0089118
0.709157
0.0437929
0.118569
0.00990599
0.00726312
0.0731987
0.0609907
0.0392088
0.0275511
0.0324986
0.00952247
0.0152207
0.03692
0.251913
0.0234164
0.0558212
0.331254
0.381439
0.00785354
0.0557193
0.112412
0.010794
0.210595
0.112206
0.042884
0
0.723453
0.0527986
0.134623
0.0208969
0.029208
0.0763631
0.0392088
0.027361
0.0324986
0.00730592
0.0106067
0.0364871
0.167735
0.00751604
0.0233045
0.472541
0.0152357
0.295285
0.00785354
0.0376344
0.0781202
0
0.163977
0.112206
0.042884
0.0186442
0.628599
0.0347634
0.134623
0.027501
0.029208
0.0763631
0.0392088
0.0408755
0.0324986
0.00730592
0.0106067
0.0354153
0.193433
0.00751604
0.0233045
0.486353
0.0152357
0.441218
0.00785354
0.0297679
0.0626239
0
0.264758
0.112866
0.042884
0.00935471
0.252453
0.0428658
0.132398
0.0281547
0.0127292
0.043653
0.0763631
0.032883
0.027361
0.0324986
0.00730592
0.0418072
0.13052
0.00751604
0.0233045
0.824979
0.0152357
0.0125222
0.312902
0.00785354
0.0147553
0.0310004
0
0.226881
0.124842
0.042884
0.0181769
0.190666
0.0690104
0.0100129
0.118405
0.0206262
0.0127057
0.029208
0.061047
0.032883
0.0141726
0.0324986
0.00730592
0.028876
0.0825924
0.0153125
0.0233045
0.831987
0.0152357
0.0125222
0.281877
0.00702517
0.0465239
0
0.233493
0.113232
0.042884
0.0174509
0.169379
0.09479
0.049745
0.0741923
0.0206262
0.0127057
0.020327
0.0277329
0.00806165
0.0344859
0.0825924
0.00779643
0.031074
0.58707
0.0254053
0.214808
0.00721537
0.00797056
0.226815
0.0566331
0.0290154
0.0344297
0.0863428
0.0694695
0.0402789
0.0596187
0.0072518
0.0127057
0.0137417
0.0574857
0.0655295
0.0235007
0.934064
0.0128831
0.116233
0.00721537
0.00742705
0.146844
0.0354928
0.0290154
0.0700644
0.0561287
0.0613672
0.0402789
0.0127057
0.00698249
0.0500808
0.780333
0.0128831
0.0504146
0.00721537
0.00742705
0.10307
0.0118206
0.0432143
0.0607918
0.0278171
0.0441668
0.0100285
0.0127057
0.00698249
0.0640702
0.429045
0.0128831
0.0504146
0.00721537
0.0153676
0.010037
0.0796517
0.0118206
0.0290154
0.159576
0.0278171
0.0441668
0.0100285
0.0127057
0.00698249
0.0713929
0.426518
0.0128831
0.0349509
0.00721537
0.0153676
0.010037
0.0796517
0.0290154
0.159576
0.0278171
0.0530392
0.0127057
0.00698249
0.0565198
0.443908
0.0128831
0.0170879
0.0153676
0.039662
0.0629524
0.207979
0.0278171
0.0530392
0.0127057
0.00698249
0.0135203
0.0493948
0.239922
0.0128831
0.0170879
0.0153676
0.0305477
0.154109
0.225389
0.0278171
0.044441
0.0127057
0.0135203
0.0493948
0.202783
0.0245895
0.0170879
0.00794055
0.0408228
0.170705
0.225389
0.0278171
0.044441
0.0136831
0.0344875
0.0128831
0.00794055
0.0241168
0.436692
0.0139986
0.0531206
0.00930835
0.00930835
