0.00634894
0.126985
0.215151
0.0114447
0.0071404
0.00884115
0.0093906
0.0314888
0.0114447
0
0.00847134
0.00763227
0.0093906
0.0314888
0.0135201
0.0114447
0.00930497
0.00763227
0.0093906
0.0388379
0.0559846
0.0135201
0.0268812
0.0661756
0.0416572
0.00832139
0.015197
0.00669262
0.0363768
0.00822241
0.065425
0.0366238
0.201877
0.00934825
0
0.0758731
0.0123187
0.013232
0.187279
0.0416572
0
0.0601104
0.00886692
0.0628067
0.00795196
0.0511933
0.212343
0.0366238
0.368444
0.0179411
0.00934825
0.007159
0
0.009632
0
0.0758731
0.0123187
0.013232
0.427376
0.0505435
0.0561186
0.0601104
0.00705373
0.0899483
0.00795196
0.042722
0.177427
0
0.0366238
0.538153
0.0179411
0.0282418
0.00910936
0
0.0156618
0.0396417
0.11506
0
0.249018
0.0913168
0.075356
0.0151
0.00734516
0.0818249
0.042722
0.150626
0.0366238
0.647725
0.0686891
0.0373916
0.0156618
0.0768865
0.0199059
0.276701
0.00818961
0.0733421
0.171284
0.0454649
0
0.00720021
0.099714
0.129292
0.0543398
0.104964
0.573866
0.220514
0.0184491
0.0156618
0.0672019
0.0199059
0.544043
0.0431164
0.179048
0.0303649
0
0.00720021
0.0998235
0.0163515
0.130119
0.0554929
0.0514271
0.534054
0.00627574
0.235913
0.0131586
0.00947372
0.0236838
0.0581635
0.0126229
0.541957
0.0177322
0.0431164
0.143474
0.00720021
0.0704545
0.0083415
0.145484
0.0860497
0.0683004
0.507771
0.0130234
0.387936
0.0494049
0.0186442
0.0581635
0.0251788
0.513338
0.0442864
0.0623186
0.0532998
0.00820518
0.131471
0.0657835
0.0343095
0.398925
0.00749354
0.436733
0.00915356
0
0.0296746
0.0246678
0.513835
0.0255158
0.0174355
0
0.00970544
0.0264247
0.0077355
0.034729
0.0165872
0.102253
0.00889551
0.070843
0.252697
0.0421502
0.518063
0
0.0389405
0.0246678
0.670897
0.0287387
0.00809931
0
0.0527402
0.143744
0.0410018
0.0421502
0.518063
0
0.0389405
0.0246678
0.332665
0.0383468
0.0158853
0.269276
0.0207022
0.293633
0.0383468
0.0233431
0.28769
0.00715569
0.227039
0.0383468
0.00885068
0.0233431
0.343297
0.170252
0.0383468
0
0.00885068
0.0534916
0.359757
0.146844
0.0484341
0
0.0183948
0.0534916
0.359757
0.124942
0
0.0192223
0.00782573
0.00885068
0.00774147
0.0677841
0.393631
0
0.0221441
0
0.00782573
0.00885068
0.0285392
0.406528
0
0.00672371
0.120565
0.014005
0.00673999
0.00673999
0.00877278
0.00673999
0.00773673
0.00890536
0.0142359
0.0112065
0.0144394
0.00736119
0.00918537
0.00859824
0.0165039
0.0173225
0.00678849
0.00773673
0.297107
0.0336407
0.00890536
0.0932044
0.0178102
0.0840813
0.0116258
0.0112065
0.236547
0.00758799
0.0332716
0.00918537
0
0
0.00923702
0.238886
0.0383056
0.391038
0.0265533
0.0123879
0.0932044
0.0840813
0.0238487
0.044017
0.616901
0.0151195
0.0472649
0
0.0261244
0.018099
0.297838
0.0315171
0.0282061
0.5283
0.00687519
0.0177939
0.0398998
0.00660828
0.0100773
0.0165008
0.0130491
0.0361903
0.0241012
0.018453
0.00881838
0.126168
0.0603385
0.60295
0.0151195
0.0962106
0
0.00839419
0.0250749
0.00870493
0.178468
0.0470857
0.0101625
0.00756108
1.01277
0.0556671
0.0522589
0.027603
0.007741
0.046226
0.0192354
0.0113235
0.0226911
0.0433874
0.169598
0.00963066
0.0127364
0.321984
0.0183527
0.0915415
0.00814419
0.00870493
0.246872
0.0385778
1.01972
0.0344133
0.007225
0.017627
0.00920496
0
0.027603
0.00690851
0.0297252
0.0192354
0.0113235
0.0107432
0.0172007
0.169365
0.00634156
0.762291
0.00865102
0.132088
0.00805244
0.00920216
0.0172241
0.161769
0.0385778
0.0101588
0.00728598
0.420004
0.0133824
0.0288354
0.017627
0.0188647
0.027603
0.0100018
0.0149571
0.0144148
0.0330876
0.0169528
0.105073
0.0127213
0.490035
0.124629
0.00837101
0.00920216
0.00923364
0.129181
0.0384653
0.00713548
0.352322
0.0133824
0.0353319
0.017627
0.0190385
0.027603
0.00936642
0.0100018
0.0222298
0.0144148
0.0223445
0.0253838
0.0938799
0.00637977
0.473963
0.132005
0.00837101
0
0.138569
0.0384653
0
0.352322
0.00691191
0.0570274
0.0339948
0.0390873
0.0126789
0.0100018
0.0222298
0.0273762
0
0.0169528
0.0515816
0.00637977
0.547317
0.0723146
0.00837101
0.0952823
0.0156397
0.302052
0.0264679
0.0843548
0.0339948
0.0281558
0
0.0176176
0.0201219
0.245849
0.0361874
0.0331694
0.00770863
0.00999547
0
0.155711
0.033394
0.0843548
0
0.0144148
0
0.00813446
0.016634
0.00892069
0.0500166
0.0843548
0.0169497
