0
0
0
0
0.00771644
0
0.0350296
0
0
0
0
0
0
0
0
0
0
0
0
0.0432768
0
0
0
0
0
0
0.042746
0
0
0
0
0
0.007886
0
0
0
0
0.0428325
0
0
0.0445315
0
0
0.00771644
0
0
0
0
0.042746
0
0
0
0
0.0357993
0.0105224
0
0
0
0
0
0
0
0
0.0446124
0
0
0
0
0
0
0.0079807
0
0
0
0
0
0
0.0405321
0
0
0
0
0
0
0
0
0
0.042746
0
0
0
0
0
0
0
0
0
0
0
0
0
0.0443127
0
0
0
0
0
0
0
0
0
0
0
0
0
0
0
0
0
0
0
0
0
0
0
0.00781224
0
0
0
0
0
0
0
0
0
0.642903
0
0
0
0
0
0
0
0
0
0
0
0
0
0
0
0
0
0
0
0
0
0
0
0
0
0
0
0
0
0
0
0
0
0
0
0
0
0
0
0
0
0
0
0
0
0
0
0
0
0
0
0
0
0
0
0
0
0
0
0
0
0
0
0
0
0
0
0
0
0
0
0
0
0
0
0
0
0
0
0
0
0
0
0
0
0
0
0
0
0
0
0
0
0
0
0
0
0
0
0
0
0
0
0
0
0
0
0
0
0
0
0
0
0
0
0
0
0
0
0
0
0
0
0
0
0
0
0
0
0
0
0
0
0
0
0
0
0
0
0
0
0
0
0
0
0
0
0
0
0
0
0
0
0
0
0
0
0
0
0
0
0
0
0
0
0
0
0
0
0
0
0
0
0
0
0
0
0
0
0
0
0
0
0
0
0
0
0
0
0
0
0
0
0
0
0
0
0
0
0
0
0
0
0
0
0
0
0
0
0
0
0
0
0
0
0
0
0
0
0
0
0
0
0
0
0
0
0
0
0
0
0
0
0
0
0
0
0
0
0
0
0
0
0
0
0
0
0
0
0
0
0
0
0
0
0
0
0
0
0
0
0
0
0
0
0
0
0
0
0
0
0
0
0
0
0
0
0
0
0
0
0
0
0
0
0
0
0
0
0
0
0
0
0
0
0
0
0
0
0
0
0
0
0
0
0
0
0
0
0
0
0
0
0
0
0
0
0
0
0
0
0
0
0
0
0
0
0
0
0
0
0
0
0
0
0
0
0
0
0
0
0
0
0
0
0
0
0
0
0
0
0
0
0
0
0
0
0
0
0
0
0
0
0
0
0
0
0
0
0
0
0
0
0
0
0
0
0
0
0
0
0
0
0
0
0
0
0
0
0
0
0
0
0
0
0
0
0
0
0
0
1.0103
0.233821
0
0
0
0
0
0
0
0
0
0
0
0
0
0
0
0
0
0
0
0
0
0
0
0
0
0
0
0
0
0
0
0
0
0
0
0
0
0
0
0
0
0
0
0
0
0
0
0
0
0
0
0
0
0
0
0
0
0
0
0
0
0
0
0
0
0
0
0
0
0
0
0
0
0
0
0
0
0
0
0
0
0
0
0
0
0
0
0
0
0
0
0
0
0
0
0
0
0
0
0
0
0
0
0
0
0
0
0
0
0
0
0
0
0
0
0
0
0
0
0
0
0
0
0
0
0
0
0
0
0
0
0
0
0
0
0
0
0
0
0
0
0
0
0
0
0
0
0
0
0
0
0
0
0
0
0
0
0
0
0
0
0
0
0
0
0
0
0
0
0
0
0
0
0
0
0
0
0
0
0
0
0
0
0
0
0
0
0
0
0.0257523
0
0.00580761
0
0
0
0
0
0
0
0
0
0.00706199
0
0
0
0
0
0
0
0
0
0.00881264
0
0
0
0
0
0
0
0
0
0
0
0
0
0
0
0
0
0
0
0
0
0
0
0
0
0
0
0
0
0
0
0
0
0
0
0.0287841
0.00281371
0.0138206
0
0
0
0.964721
0
0
0
0
0
0
0
0
0
0
0
0
0
0
0
0
0
0
0
0
0
0
0
0
0
0
0
0
0
0
0
0
0
0
0
0
0
0
0
0
0
0
0
0
0
0
0
0
0
0
0
0
0
0
0
0
0
0
0
0
0
0
0
0
0.0150815
0
0
0
0
0
0
0
0
0
0
0
0
0
0
0
0
0
0
0
0
0
0
0
0
0
0
0
0
0
0
0
0
0
0
0
0
0
0
0
0
0
0
0
0
0
0
0
0
0
0
0
0
0
0
0
0
0
0
0.00851412
0.00830764
0.032455
0
0
0
1
0
0
0
0
0
0
0
0
0
0
0
0
0
0
0
0
0
0
0
0
0
0
0
0
0
0
0
0
0
0
0
0
0
0
0
0
0
0
0
0
0
0
0
0
0
0
0
0
0
0
0
0
0
0
0
0
0
0
0
0
0
0
0
0.100575
0
0
0
0
0
0
0
0
0
0
0
0
0
0
0
0
0
0
0
0.00306486
0
0.0141862
0
0
0
0
0
0
0
0
0.00298146
0
0
0
0
0
0
0
0
0
0
0
0
0
0
0
0
0
0
0
0
0
0
0
0
0.0308374
0.0139174
0.0643068
0
0
0
0
0.491656
0
0
0
0
0
0
0
0
0.00569574
0
0
0
0
0
0
0
0
0
0
0
0
0.00805985
0
0.00329764
0
0
0
0
0.0066863
0
0
0
0
0
0
0
0.00512616
0
0
0.00529268
0
0
0
0
0
0
0
0.00512616
0
0
0.00512616
0
0
0
0
0
0
0
0
0
0
0
0
0
0
0
0
0.00529268
0.0523979
0
0.00253034
0
0
0
0
0
0
0.030757
0.0182982
0
0
0
0
0
0
0
0.017111
0
0
0.0027839
0
0.0135488
0
0
0
0
0
0
0
0
0
0
0.00512616
0
0
0
0
0
0
0
0
0
0
0
0
0.0027238
0.00313813
0
0
0
0
0
0
0
0
0
0.0130694
0.0196224
0.102209
0.0495559
0
0
0
0.42466
0
0
0
0
0
0
0
0.00311539
0.0210603
0
0
0
0
0
0
0
0.00299376
0
0
0
0
0.0158758
0
0.00753056
0
0
0
0
0.0444606
0
0
0.00253203
0
0
0
0
0.0133382
0
0
0.0138104
0
0
0
0
0.00293473
0
0
0.0103444
0
0
0.0133382
0
0
0
0
0
0
0
0
0
0
0
0
0
0
0
0
0.0138104
0.0537828
0
0
0
0
0
0
0
0
0.0444606
0.0076396
0
0
0
0
0
0
0
0.0134374
0
0
0.00851743
0.0121003
0.022922
0
0
0
0
0
0
0
0
0.00550851
0.00305691
0.0133382
0
0
0
0
0
0
0
0
0.0111535
0.00834462
0
0
0.00285897
0.00275187
0
0
0
0
0
0
0
0
0
0.0649256
0.025253
0.167041
0.0240729
0
0
0
0.522401
0
0
0
0
0
0
0
0
0
0
0
0
0
0
0
0
0
0
0
0
0
0.600234
0
0
0
0
0
0
0
0.082449
0
0
0.008186
0
0
0
0
0.0108445
0
0
0.0112574
0
0
0.00280671
0
0
0
0
0
0.0108445
0.439378
0
0.0108445
0
0
0
0
0
0
0.992985
0
0
0
0
0
0
0
0
0.00354286
0
0.0112574
0.0477074
0.102621
0
0
0
0
0
0
0
0
0.0650668
0
0.00255925
0
0
0
0
0
0
0.0139628
0
0
0.00523234
0
0.0106668
0
0
0
0
0
0
0
0
0
0
0.0137415
0
0
0
0
0
0
0
0
0
0.0167559
0.00961389
0
0
0.00265394
0
0
0
0
0
0
0.00307393
0
0
0
0.108952
0.00554251
0.10533
0.0802212
0
0
0
0
1.00554
0
0
0
0
0
0.00270025
0
0
0
0.0027739
0
0
0
0
0
0
0
0
0
0
0.0385545
0.00270059
0
0
0
0
0
0
0
0
0.035227
0
0
0
0
0
0.00274716
0
0
0.00270059
0
0
0.0028099
0
0.00267456
0
0
0
0
0
0
0
0.00270059
0
0
0
0
0
0.528666
0
0
0
0
0
0
0
0
0
0
0.0028099
0
0
0.00271189
0
0
0
0
0
0
0.0202544
0
0
0
0.00323939
0
0
0
0.00256556
0.00841612
0
0
0
0
0.0160473
0
0
0
0.00269949
0
0
0
0
0
0
0.00821964
0
0
0
0
0
0.0354637
0
0
0.00269949
0
0.0109713
0.00909124
0
0
0
0
0
0.00271149
0
0
0
0.035512
0.00248308
0
0.0288355
0.00858444
0.0484915
0
0
0
0
0
1.04349
0
0
0
0
0.0244091
0
0
0.024416
0
0.00768784
0.0801939
0
0.00296011
0
0
0
0
0.0254634
0.0244229
0.00248308
0
0.029484
0
0.00263666
0
0.136617
0
0
0
0
0.0511724
0
0
0
0
0
0
0
0
0.00755109
0
0
0.00787277
0
0
0.185118
0
0
0
0
0
0
0.00755109
0
0
0
0
0
0
0.866554
0
0
0
0
0
0
0
0
0
0
0
0
0.354657
0
0
0
0
0
0
0
0
0
0.0188946
0
0.0431383
0.00902578
0
0
0
0
0
0.0105497
0
0
0
0.016719
0
0.00971521
0
0
0.18312
0
0
0
0
0
0
0
0.00365917
0
0.00648259
0
0.0431383
0
0
0
0
0
0
0.011388
0.00671447
0
0
0.0284874
0.00296375
0
0
0
0
0
0
0.00271008
0
0
0.0191711
0.00845925
0.00594666
0.209606
0.22624
0
0
0
0.957094
0
0
0
0
0
0
0
0
0
0
0.00338837
0
0
0
0
0
0
0
0
0
0
0
0
0
0
0.00248481
0
0
0
0
0
0
0
0
0
0
0
0
0
0
0
0
0
0
0
0
0
0
0
0
0
0
0
0
0
0
1.00392
0
0.00290745
0
0
0
0
0
0
0
0
0
0
0.0847145
0
0
0
0
0
0
0
0
0
0
0.00355231
0
0
0
0
0
0
0
0
0
0.0176397
0
0
0
0
0
0
0
0
0
0
0
0
0
0
0
0
0
0
0
0
0
0.268069
0
0
0.00551174
0
0
0
0
0
0
0
0
0
0
0.00249459
0.00573438
0.0233032
0.0507059
0
0
0
0
1.00508
0
0
0
0
0
0.00248551
0
0
0
0.00247408
0.0832065
0.010977
0.0319808
0.00285826
0
0.00248411
0
0
0
0.00248481
0
0.00280202
0
0.0516026
0.150473
0.202837
0
0.00546574
0
0
0
0.00258036
0
0
0
0
0
0
0
0.00248481
0
0
0
0.00259903
0
0
0
0
0
0
0
0
0.00248481
0
0.00375007
0.039909
0
0
0
1.01791
0
0
0.00277085
0
0
0
0
0
0.0117861
0
0
0.0137825
0.166252
0.00277085
0
0
0
0
0
0
0
0
0.00250521
0
0.0115947
0
0
0
0
0
0.00258852
0
0
0
0.0146952
0
0.0201472
0
0
0.0179086
0
0
0
0
0
0.00561955
0
0
0
0
0
0
0
0
0
0
0.0262309
0
0
0
0.0495043
0
0.00248771
0
0
0
0
0
0
0
0
0.0159168
0.0111496
0.0254927
0.106562
0.275119
0
0
0
0
0.776628
0
1.00311
0
0
0
0
0
0
0
0
0
0.0776209
0
0
0
0.239072
0
0
0
0
0
0
0
0
0
0
0
0
0
0
0
0
0.0556085
0
0
0
0
0
0
0
0
0
0.0185362
0
0
0
0.019411
0
0
0
0.0192743
0
0
0
0
0.0185362
0
0.00654505
0.0578733
0.00296744
0.00581806
0
0
0.468411
0.0563014
0
0
0
0
0
0
0
0
0
0
0
0
0.0356205
0.00819684
0.00527922
0.0127387
0
0
0
0
0
0.0187655
0
0
0
0
0
0
0
0.0193837
0
0
0
0.00260806
0
0
0
0
0
0
0
0
0
0
0
0
0
0
0
0
0
0
0
0
0
0.0028811
0
0.0042248
0
0
0
0
0
0
0
0
0
0
0
0
0.0163175
0.00793265
0.00549143
0.0162992
0
0
0
0
0
1.06846
0.311214
0
1.01309
0
0
0
0
0
0
0
0
0
0.0307529
0
0
0
0
0
0
0
0
0
0
0
0
0
0
0
0
0
0
0
0.0802383
0.00779236
0
0
0
0
0
0
0
0.0290278
0
0
0
0.0304244
0
0
0
0.0195543
0
0
0
0
0.0290278
0
0.00637822
0.0800505
0.00552107
0.0113282
0
0
0.0657918
0.00288605
0.00538053
0
0
0
0
0
0.0129982
0.0111593
0
0
0.0268306
0.0237916
0
0.0311025
0
0
0
0
0
0.0295038
0
0
0
0
0
0
0
0.0275451
0
0
0
0.0112102
0
0.0200438
0
0
0
0
0
0
0
0.0246073
0.002992
0
0
0
0
0
0
0
0
0
0.00856555
0.00828303
0
0
0
0
0
0
0
0
0
0
0
0
0
0
0.0120151
0.00563034
0
0
0
0
0
0.219629
0
0
0
0
0
0
0
0
0
0
0
0
0
0
0
0
0
0
0
0
0
0
0
0
0
0
0
0.0159278
0
0
0
0
0
0.0209432
0.00279674
0.00541213
0
0
0
0.00567574
0
0
0.0167059
0
0.00279674
0
0
0.00541213
0
0.0249316
0.0275194
0
0.0088803
0
0
0
0.00262179
0.00541213
0
0
0
0
0
0
0
0
0
0
0.00541213
0.00522764
0
0
0
0
0
0.00817842
0
0
0
0
0
0
0
0.00557808
0
0
0.0101501
0.0055044
0.00351396
0
0.00300435
0
0
0
0
0
0
0
0
0
0
0
0
0
0
0
0.00279674
0.00817614
0
0.00373671
0
0
0
0
0
0
0
0
0
0
0
0
0
0
0.0465452
0
0
0.234948
0
0
0
0
0
0
0
0
0
0
0
0
0
0
0
0
0
0
0
0
0
0
0
0
0
0.0973071
0
0
0
0
0
0
0
0.040872
0
0
0
0.0401462
0
0
0
0.0374221
0
0
0
0
0
0.0418513
0.00687583
0.162978
0.0026536
0.00281525
0
0
0
0
0
0
0.040872
0
0
0
0.0792221
0
0
0
0
0
0.0123688
0.040872
0.0396557
0
0
0
0
0
0
0.0391885
0
0
0
0.0030058
0
0
0
0
0.0375177
0
0
0.00648055
0
0
0
0
0
0
0
0.0744916
0
0
0
0
0
0
0.00277156
0
0
0
0
0
0
0
0
0.00879133
0
0
0
0
0
0
0
0
0
0
0
0
0
0
0
0
0
0.228283
0
0
0.00263375
0
0
0.0106637
0
0
0
0.0367519
0
0
0
0
0
0.0108435
0.00263524
0
0.00841949
0.0106637
0
0.0132256
0.0634805
0.00796611
0.0106481
0
0
0.0214689
0
0
0
0
0
0
0
0
0.00782565
0
0
0.00272774
0
0
0
0.00825461
0
0
0.00802919
0
0
0
0.0200789
0.0075222
0
0.0165835
0
0
0
0
0
0
0
0.00802919
0
0
0
0
0.00277433
0
0.045539
0
0
0.0466481
0
0
0.00802919
0
0
0
0
0
0.00530143
0
0.0223515
0
0
0
0
0
0.00542483
0
0
0
0.0219425
0
0
0
0
0.0521534
0
0
0.00255271
0
0
0
0
0
0
0
0.0165334
0
0
0
0
0
0.00299752
0
0.0103215
0.00564026
0.0357664
0
0
0
0
0
0
0
0
0
0
0.00276093
0
0.214263
0
0
1
0
0
0
0
0.00541834
0
0
0
0
0.0041678
0
0.00347446
0.0131606
0.0388641
0
0
0
0.00549924
0
0
0.00567004
0
0
0
0.198934
0.00539584
0
0
0.0220359
0
0
0.0201324
0
0
0
0
0
0.00525364
0.00530369
0
0
0.00291993
0
0
0
0.00583293
0
0
0.00541681
0
0
0.00541516
0.0143433
0.023704
0.00283794
0.00539054
1.03385
0
0
0
0
0
0.00833413
0.00285306
0.00525364
0
0
0.00525364
0.0053236
0
0
0
0
0.0452879
0.00803833
0.00514393
0
0
0.00505152
0
0
0
0.0166
0.0027642
0.0662848
0
0
0
0
0.00541681
0.00830554
0
0
0
0.0544101
0.00438687
0.0146448
0
0.00690929
0
0
0.00537511
0
0
0
0
0
0
0
0.00266609
0
0.00263212
0
0
0
0.0111518
0
0.0151495
0
0.0417191
0
0
0
0.00293019
0
0
0
0
0
0
0
0.00625033
0.0862116
0
0
0
0
0
0
0
0
0
0
0
0
0
0
0.0545
0
0
0
0
0
0
0
0
0
0.0130436
0
0.025302
0
0.0941364
0
0
0
0
0
0
0
0
0
0
0
0
0
0
0
0
0
0
0
0
0
0
0
0
0
0
0
0
0
0
0.00802114
1
0
0
0
0
0
0
0
0
0
0
0.00282703
0
0
0
0.00772699
0
0.121263
0
0
0
0
0
0
0
0
0
0
0
0
0
0
0
0
0
0
0
0
0
0.0160277
0
0
0
0
0
0
0
0
0
0.0029179
0
0
0
0
0
0
0
0
0
0
0.00545559
0
0.012858
0
0.0361693
0
0
0
0
0
0
0
0
0
0
0
0.00263992
0.0197044
0.10355
0
0
0
0
0
0.00517142
0
0
0
0.00517288
0
0.0069399
0.128271
0
0.0508048
0
0
0
0
0.00261227
0.00258924
0.00517433
0
0
0.0261771
0
0.00271203
0
0.060526
0
0
0
0.0111954
0
0
0
0
0
0
0
0
0
0.00261227
0
0.0034073
0
0
0
0
0
0.00271203
0
0
0
0
0.009796
0
0.0139972
0.0414731
0
0
0
0.896133
0
0
0
0
0
0
0.00261227
0
0
0
0
0
0
0
0.0425606
0
0
0.00261227
0.00258126
0
0
0
0
0
0
0
0
0.00365802
0
0
0
0
0
0
0
0
0
0
0.00533229
0
0
0
0.00853537
0
0
0
0
0
0
0
0
0
0
0.00244901
0
0
0
0
0
0
0.00570416
0
0.0140342
0
0.0247226
0
0
0
0
0
0
0
0
0
0
0
0.00283988
0.0104418
0.125105
0
0
0
0
0
0
0
0
0
0
0
0.00249065
0
0.00373867
0
0
0
0
0
0
0
0
0
0.00249244
0
0
0
0.00747733
0
0
0
0
0
0.00289706
0.00578212
0
0
0
0
0
0
0
0
0
0
0
0
0
0
0
0
0
0
0
0
0.00258212
0.157976
0
0
0.011249
0.994241
0
0
0
0
0
0
0
0
0
0
0.00251619
0
0
0
0.0579246
0
0
0
0
0
0
0
0
0
0
0
0
0
0
0
0
0
0
0
0
0
0
0
0
0
0
0
0
0
0
0
0
0
0.00823687
0
0
0
0
0
0
0
0
0
0.00249874
0
0.00280636
0.0103492
0
0.00260599
0
0
0
0
0
0
0
0
0
0
0
1
0
0
0
0.0124622
0
0
0
0
0
0.0846629
0
0
0.00261247
0.00258399
0
0
0.00261992
0
0
0
0
0
0
0
0.00258472
0
0
0
0
0
0
0
0
0
0.00336119
0
0
0.00261917
0.00254932
0
0.00268895
0
0.00268895
0.00765215
0
0
0
0.00280709
0
0
0
0
0.00275172
0
0.00268895
0
0
0
0.00796932
0.00271798
0.00765215
0
0.00840722
0
0
0
0
0.0103411
0
0
0
0
0
0
0.0187435
0
0
0.00765215
0.0103111
0
0
0
0
0
0
0
0
0
0
0
0
0
0
0
0
0
0
0
0
0
0
0
0
0
0
0
0
0
0
0
0
0
0
0
0
0
0.00271798
0
0
0
0
0.00363219
0
0
0
0
0
0
0
0
0
0
0.00268895
0
0.999035
0
0
0
0
0
0
0.189273
0.00510061
0
0
0.00781369
0
0
0.00260132
0.00433881
0
0.00257097
0
0
0.00510205
0
0.00510348
0
0.00274867
0
0
0
0.00269061
0
0.0127551
0
0
0.0227125
0
0
0
0
0
0.00786396
0
0
0.00269668
0
0
0
0.0169427
0
0
0
0
0.0104425
0
0.00271164
0
0
0
0.00281384
0.0107298
0.013508
0
0
0.0112821
0
0
0
0.00269668
0
0
0
0
0
0
0
0
0.031064
0
0
0
0.00270075
0
0
0
0
0
0.0197409
0
0
0
0.00546648
0
0
0
0.00260329
0
0
0
0
0.0196515
0
0
0.00269306
0
0
0
0.00260329
0.00236184
0
0
0
0.0260329
0
0
0
0
0
0
0
0.00249876
0.013912
0
0.00252209
0
0
0
0.820196
0
0
0
0
0
0.00242845
0
0
0
0
0
0.0136275
0
1.0156
0
0
0
0
0
0
0
0
0.0140272
0
0.0136231
0
0
0
0.0454104
0
0
0.0136193
0
0
0
0
0
0
0.0194616
0
0
0
0
0.0136231
0
0
0
0
0.00267202
0
0.0136231
0
0
0
0
0
0
0
0
0.00865168
0
0
0.0136302
0
0
0
0
0
0
0
0.0140247
0.00690437
0
0.00288293
0
0
0
0
0
0
0
0.0258721
0
0
0.0217068
0
0.00287371
0
0
0
0
0
0
0
0
0
0
0.00265176
0
0
0
0
0
0
0
0
0
0
0.00793513
0
0
0
0
0
0
0
0
0
0
0
0
0.003527
0
0
0
0
0
0
0
0
0.0025955
0
0
0.00294899
0
0
0
0
0
0
0
0
0
0
0
1
0
0
0
0
0
0
0
0
0
0
0
0
0
0
0
0
0
0
0
0
0
0
0
0
0
0
0
0
0
0
0
0
0
0
0
0
0
0
0
0
0
0
0
0
0
0
0
0
0
0
0
0
0
0
0
0
0
0
0
0.00380984
0
0
0
0
0
0
0
0
0
0
0.0119738
0
0
0
0
0
0
0
0
0
0
0
0
0
0
0
0
0
0
0
0
0
0
0
0
0
0
0
0
0
0
0
0
0
0
0
0
0
0
0
0
0
0
0
0
0
0
0
0
0
0
0
0
0
0
0
0
0
0
0
0
0
0
0
0
0
0
0
0
0
0
0
0
0
0
0
0
0
0
0
0
0
0
0
0
0
0
0
0
0
0
0
0
0
0
0
0
0
0
0
0
0
0
0
0
0
0
0
0
0
0
0
0
0
0
0
0
0
0
0
0
0.00391387
0
0
0
0
0
0
0
0
0
0
0.00929544
0
0
0
0
0
0
0
0
0
0
0
0
0
0
0
0
0
0
0
0
0
0
0
0
0
0
0
0
0
0
0
0
0
0
0
0
0
0
0
0
0
0
0
0
0
0
0
0
0
0
0
0
0
0
0
0
0
0
0
0
0
0
0
0
0
0
0
0
0
0
0
0
0
0
0
0
0
0
0
0
0
0
0
0
0
0
0
0
0
0
0
0
0
0
0
0
0
0
0
0
0
0
0
0
0
0
0
0
0
0
0
0
0
0
0
0
0
0.00252179
0
0
0
0
0
0
0
0
0
0.00739593
0
0
0
0
0
0
0
0
0
0
0
0
0
0
0
0
0
0
0
0
0
0
0
0
0
0
0
0
0
0
0
0
0
0
0
0
0
0
0
0
0
0
0
0
0
0
0
0
0
0
0
0
0
0
0
0.00284656
0.00295422
0.0106383
0
0
0
0
0
0
0
1.02164
0
0
0
0
0
0
0
0
0
0
0
0
0
0
0
0
0
0
0
0
0
0
0
0
0
0.00790889
0
0
0
0
0
0
0
0
0
0
0.00813323
0
0
0
0
0
0
0
0
0
0
0
0
0
0
0
0
0
0
0
0
0
0
0
0
0
0
0
0
0
0
0
0
0
0
0
0
0
0
0
0
0
0
0
0
0
0
0
0
0
0
0
0
0
0
0
0
0
0
0
0
0
0
0
0
0
0.0110714
0
0
0
0
0
0
0
0
0
0
0
0
0
0.00269469
0.00790889
0
0
0
0
0
0
0
1
0
0
0
0
0
0
0
0
0
0
0
0
0
0
0
0
0
0
0
0
0
0
0
0
0
0.0398637
0
0
0
0
0
0
0
0
0
0
0.016137
0
0
0.00254626
0
0
0
0
0
0
0
0
0
0
0
0
0
0
0
0
0
0
0
0
0
0
0
0
0
0
0
0
0
0
0
0
0
0
0
0
0
0
0
0
0
0
0
0
0
0
0
0
0
0
0
0
0
0
0
0
0
0
0
0
0
0
0
0
0
0
0
0.0418147
0.00254626
0
0
0
0
0
0
0
0
0
0.0190948
0
0
0
0
0.0478231
0
0
0
0
0
0
0
0
0.193703
0
0
0
0
0
0
0
0
0
0
0
0
0
0
0
0
0
0
0
0
0
0
0
0
0
0.0135566
0
0
0
0
0
0
0
0
0
0
0.0110129
0
0
0
0
0
0
0
0
0
0
0
0
0
0
0
0
0
0
0
0
0
0
0
0
0
0
0
0
0
0
0
0
0
0
0
0
0
0
0
0
0
0
0
0.00276252
0
0
0
0
0
0
0
0
0
0
0
0
0
0
0
0
0
0
0
0
0
0.0198856
0
0
0
0
0
0
0
0
0
0
0
0
0
0
0.00825802
0.0214427
0
0
0
0
0
0
0
0
0
0.201717
0
0
0
0.00271167
0
0
0.00290618
0
0
0
0.00271243
0
0
0
0.00271243
0
0
0.0027132
0
0
0
0
0
0.00284621
0
0.00271243
0
0
0.0403691
0
0
0
0
0
0
0
0
0
0
0
0.00290993
0
0
0
0
0
0
0
0
0
0
0
0
0.00283561
0
0
0
0
0
0
0
0
0
0
0
0.212292
0
0
0
0
0
0
0
0
0
0
0
0
0
0
0.00271243
0
0.0162893
0
0
0.00283559
0.00791572
0
0
0
0.00271243
0
0
0
0
0.00271243
0.00304641
0.00299484
0
0
0
0
0
0
0
0
0
0.00285087
0.0421277
0.129315
0.00633793
0
0
0
0
0.00712717
0
0
0.00285087
0
0.024357
0
0.00316763
0.0476147
0.028603
0.0839725
0.00475145
0
0
0
0
0
0
0.00285087
0.997219
0
0
0
0
0.00520346
0
0.0149929
0
0
0
0.00499762
0
0.00499621
0
0
0
0
0
0
0
0
0.00499762
0
0
0
0.00499762
0
0.0371439
0
0.00520365
0
0.00499762
0.00287451
0
0.00287451
0
0
0
0.00555317
0.00590971
0
0
0.00782725
0.00287451
0
0
0.00287451
0
0
0.0203433
0
0
0.00520365
0
0
0
0
0
0
0
0
0
0
0
0.21158
0
0
0
0
0
0
0
0
0
0
0
0
0
1.01567
0
0
0
0
0
0
0
0
0
0
0
0
0
0
0
0
0
0
0.00289362
0
0
0
0
0
0
0
0
0
0
0.0502296
0.00794599
0
0
0
0
0
0
0
0
0
0
0
0
0
0.0669167
0.00831483
0.189602
0
0
0
0
0
0
0
0
0
0.605163
0
0
0
0
0.00793317
0
0.00262731
0
0
0.0110806
0
0.0107013
0
0
0
0.0107013
0
0
0.0104759
0
0.0164117
0
0
0.0401299
0
0
0
0.0107013
0
0
0.0762402
0
0
0
0.00253752
0
0
0.00552749
0
0
0
0.0951921
0.00532713
0
0.00274442
0
0.00262151
0
0.012548
0
0.00552749
0
0
0.0654092
0
0
0
0
0.0107013
0.00547287
0
0.00249953
0
0.00261533
0
0.00791355
0
0.0164418
0
0.108389
0
0
0
0
0.0107013
0
0
0.00394662
0
0
0
0
0
1.00407
0
0
0
0
0
0
0.0117322
0
0
0
0
0
0
0
0
0
0
0
0
0
0
0
0
0.00674492
0
0
0
0
0
0.0564988
0.00790015
0.0174489
0
0
0.00282297
0
0
0
0
0
0
0
0.0129633
0
0.00400661
0.098552
0.0199476
0.164172
0.00351909
0
0
0
0
0
0
0
0
0
1.01101
0
0
0
0
0
0
0
0
0
0
0
0
0
0
0
0
0
0
0
0
0
0
0
0
0
0
0
0
0
0
0.072354
0
0
0.00256979
0
0
0
0
0
0
0.00249953
0
0.0267102
0.00264351
0
0
0
0
0
0
0
0
0
0
0
0
0
0
0
0
0.00267429
0
0
0
0.00729351
0
0
0
0.804808
0.00269137
0
0
0
0
0
0
0.00422256
0
0
0
0
0
0.998832
0
0
0
0
0
0
0.0451804
0.00389764
0
0
0
0
0
0
0
0
0
0.00296744
0.00561413
0
0
0.00273938
0
0
0
0
0
0
0
0
0.0771552
0.0185075
0
0
0
0
0
0
0
0
0
0
0.00616763
0
0
0.00527515
0.0361438
0.402324
0
0
0
0
0
0
0
0
0
0
0
0
0
0
0
0
0
0
0.0208827
0
0
0.0522214
0
0
0
0
0
0
0.0217894
0
0.0208886
0
0.0208944
0
0
0
0.0696285
0
0
0
0.0208886
0
0
0.0132398
0
0
0
0
0
0
0
0
0
0
0.0401241
0.21573
0.00291619
0
0
0
0
0
0
0
0
0
0.0027903
0
0
0
0
0
0
0
0
0
0
0.0345946
0
0
0
1
0
0
0
0
0
0
0
0
0
0
0
0
0
0
0.999672
0.0208886
0
0
0
0
0
0
0.0248347
0
0
0
0
0
0.0391661
0
0
0
0
0
0.00289065
0
0
0
0
0.0313795
0
0
0
0
0
0
0.00522865
0.00854327
0
0
0
0.0217735
0
0
0
0
0.0197849
0
0
0.00295172
0
0
0
0.0100805
0.011055
0.0400997
0.0503273
0
0
0
0
0
0
0
0
0
0.0208886
0
0
0
0
0
0
0
0
0
0
0.00265777
0
0.00821966
0.00278241
0
0
0
0
0
0
0
0
0
0.00272385
0
0.0129989
0
0
0
0
0
0
0
0
0
0
0
0
0
0
0
0
0
0.0115091
0
0
0
0
0
0
0
0
0
0
0.00279577
0
0
0.008147
0
0
0
0
0
0
0
0.0399458
0
0
0
0.063416
0
0
0
0
0
0
0
0
0
0
0
0
0
1.00539
0
0
0.00253427
0
0
0
0
0.0255252
0.00303345
0
0
0
0.00268546
0
0
0
0
0
0.00539993
0
0
0
0.00275373
0.0151672
0.00268546
0
0
0
0.00268546
0
0.00845351
0
0
0.0113116
0.00539866
0
0
0
0
0.00268546
0
0.00275222
0
0
0.00272396
0.00281415
0.00301729
0
0
0
0
0
0
0
0
0
0
0
0
0
0
0
0
0
0.0233714
0
0.0101973
0.00278804
0
0
0
0
0
0
0
0
0
0.0136781
0
0.0794628
0
0
0
0
0
0
0
0
0
0
0
0
0
0
0
0
0
0
0
0
0
0
0
0
0
0
0
0
0
0
0
0
0.00271466
0
0
0
0
0
0
0
0.0483732
0
0
0
0.0398962
0
0
0
0
0
0
0
0
0
0
0
0
0
0
0
0.967326
0
0
0
0
0
0
0
0.00557671
0
0
0
0
0
0
0
0
0
0
0.0055313
0
0
0
0
0.00892572
0
0
0
0
0
0
0.00566908
0
0
0
0.0138504
0
0
0
0
0
0
0
0
0
0
0
0
0
0.00853692
0.0172745
0
0
0
0
0
0
0
0.970619
0
0
0
0
0
0
0
0
0
0
0
0
0
0
0
0
0
0
0
0
0
0
0
0
0
0
0
0
0
0
0
0
0
0
0
0
0
0
0
0
0
0
0
0
0
0
0
0
0
0
0
0
0
0
0
0
0
0
0
0
0
0
0
0
0
0
0
0
0
0
0
0
0
0
0
0
0
0
0
0
0
0
0
0
0
0
0
0
0
0
0
0
0
0
0
0
0
0
0
0
0
0
0
0
0
0
0
0
0
0
0
0
0
0
0
0
0
0
0
0
0
0
0
0
0
0
0
0
0
0
0
0
0
0
0
0
0
0
0
0
0
0
0
0
0
0
0
0
0
0
0
0
0
0
0
0
0
0
0
0
0
0
0
0
0
0
0
0
0
0
0
0
0
0
0
0
0
0
0
0
0
0
0
0
0
0
0
0
0
0
0
0
0
0
0
0
0
0
0
0
0
0
0
0
0
0
0
0
0
0
0
0
0
0
0
0
0
0
0
0
0
0
0
0
0
0
0
0
0
0
0
0
0
0
0
0
0
0
0
0
0
0
0
0
0
0
0
0
0
0
0
0
0
0
0
0
0
0
0
0
0
0
0
0
0
0
0
0
0
0
0
0
0
0
0
0
0
0
0
0
0
0
0
0
0
0
0
0
0
0
0
0
0
0
0
0
0
0
0
0
0
0
0
0
0
0
0
0
0
0
0
0
0
0
0
0
0
0
0
0
0
0
0
0
0
0
0
0
0
0
0
0
0
0
0
0
0
0
0
0
0
0
0
0
0
0
0
0
0
0
0
0
0
0
0
0
0
0
0
0
0
0
0
0
0
0
0
0
0
0
0
0
0
0
0
0
0
0
0
0
0
0
0
0
0
0
0
0
0
0
0
0
0
0
0
0
0
0
0
0
0
0
0
0
0
0
0
0
0
0
0
0
0
0
0
0
0
0
0
0
0
0
0
0
0
0
0
0
0
0
0
0
0
0
0
0
0
0
0
0
0
0
0
0
0
0
0
0
0
0
0
0
0
0
0
0
0
0
0
0
0
0
0
0
0
0
0
0
0
0
0
0
0
0
0
0
0
0
0
0
0
0
0
0
0
0
0
0
0
0
0
0
0
0
0
0
0
0
0
0
0
0
0
0
0
0
0
0
0
0
0
0
0
0
0
0
0
0
0
0
0
0
0
0
0
0
0
0
0
0
0
0
0
0
0
0
0
0
0
0
0
0
0
0
0
0
0
0
0
0
0
0
0
0
0
0
0
0
0
0
0
0
0
0
0
0
0
0
0
0
0
0
0
0
0
0
0
0
0
0
0
0
0
0
0
0
0
0
0
0
0
0
0
0
0
0
0
0
0
0
0
0
0
0
0
0
0
0
0
0
0
0
0
0
0
0
0
0
0
0
0
0
0
0
0
0
0
0
0
0
0
0
0
0
0
0
0
0
0
0
0
0
0
0
0
0
0
0
0
0
0
0
0
0
0
0
0
0
0
0
0
0
0
0
0
0
0
0
0
0
0
0
0
0
0
0
0
0
0
0
0
0
0
0
0
0
0
0
0
0
0
0
0
0
0
0
0
0
0
0
0
0
0
0
0
0
0
0
0
0
0
0
0
0
0
0
0
0
0
0
0
0
0
0
0
0
0
0
0
0
0
0
0
0
0
0
0
0
0
0
0
0
0
0
0
0
0
0
0
0
0
0
0
0
0
0
0
0
0
0
0
0
0
0
0
0
0
0
0
0
0
0
0
0
0
0
0
0
0
0
0
0
0
0
0
0
0
0
0
0
0
0
0
0
0
0
0
0
0
0
0
0
0
0
0
0
0
0
0
0
0
0
0
0
0
0
0
0
0
0
0
0
0
0
0
0
0
0
0
0
0
0
0
0
0
0
0
0
0
0
0
0
0
0
0
0
0
0
0
0
0
0
0
0
0
0
0
0
0
0
0
0
0
0
0
0
0
0
0
0
0
0
0
0
0
0
0
0
0
0
0
0
0
0
0
0
0
0
0
0
0
0
0
0
0
0
0
0
0
0
0
0
0
0
0
0
0
0
0
0
0
0
0
0
0
0
0
0
0
0
0
0
0
0
0
0
0
0
0
0
0
0
0
0
0
0
0
0
0
0
0
0
0
0
0
0
0
0
0
0
0
0
0
0
0
0
0
0
0
0
0
0
0
0
0
0
0
0
0
0
0
0
0
0
0
0
0
0
0
0
0
0
0
0
0
0
0
0
0
0
0
0
0
0
0
0
0
0
0
0
0
0
0
0
0
0
0
0
0
0
0
0
0
0
0
0
0
0
0
0
0
0
0
0
0
0
0
0
0
0
0
0
0
0
0
0
0
0
0
0
0
0
0
0
0
0
0
0
0
0
0
0
0
0
0
0
0
0
0
0
0
0
0
0
0
0
0
0
0
0
0
0
0
0
0
0
0
0
0
0
0
0
0
0
0
0
0
0
0
0
0
0
0
0
0
0
0
0
0
0
0
0
0
0
0
0
0
0
0
0
0
0
0
0
0
0
0
0
0
0
0
0
0
0
0
0
0
0
0
0
0
0
0
0
0
0
0
0
0
0
0
0
0
0
0
0
0
0
0
0
0
0
0
0
0
0
0
0
0
0
0
0
0
0
0
0
0
0
0
0
0
0
0
0
0
0
0
0
0
0
0
0
0
0
0
0
0
0
0
0
0
0
0
0
0
0
0
0
0
0
0
0
0
0
0
0
0
0
0
0
0
0
0
0
0
0
0
0
0
0
0
0
0
0
0
0
0
0
0
0
0
0
0
0
0
0
0
0
0
0
0
0
0
0
0
0
0
0
0
0
0
0
0
0
0
0
0
0
0
0
0
0
0
0
0
0
0
0
0
0
0
0
0
0
0
0
0
0
0
0
0
0
0
0
0
0
0
0
0
0
0
0
0
0
0
0
0
0
0
0
0
0
0
0
0
0
0
0
0
0
0
0
0
0
0
0
0
0
0
0
0
0
0
0
0
0
0
0
0
0
0
0
0
0
0
0
0
0
0
0
0
0
0
0
0
0
0
0
0
0
0
0
0
0
0
0
0
0
0
0
0
0
0
0
0
0
0
0
0
0
0
0
0
0
0
0
0
0
0
0
0
0
0
0
0
0
0
0
0
0
0
0
0
0
0
0
0
0
0
0
0
0
0
0
0
0
0
0
0
0
0
0
0
0
0
0
0
0
0
0
0
0
0
0
0
0
0
0
0
0
0
0
0
0
0
0
0
0
0
0
0
0
0
0
0
0
0
0
0
0
0
0
0
0
0
0
0
0
0
0
0
0
0
0
0
0
0
0
0
0
0
0
0
0
0
0
0
0
0
0
0
0
0
0
0
0
0
0
0
0
0
0
0
0
0
0
0
0
0
0
0
0
0
0
0
0
0
0
0
0
0
0
0
0
0
0
0
0
0
0
0
0
0
0
0
0
0
0
0
0
0
0
0
0
0
0
0
0
0
0
0
0
0
0
0
0
0
0
0
0
0
0
0
0
0
0
0
0
0
0
0
0
0
0
0
0
0
0
0
0
0
0
0
0
0
0
0
0
0
0
0
0
0
0
0
0
0
0
0
0
0
0
0
0
0
0
0
0
0
0
0
0
0
0
0
0
0
0
0
0
0
0
0
0
0
0
0
0
0
0
0
0
0
0
0
0
0
0
0
0
0
0
0
0
0
0
0
0
0
0
0
0
0
0
0
0
0
0
0
0
0
0
0
0
0
0
0
0
0
0
0
0
0
0
0
0
0
0
0
0
0
0
0
0
0
0
0
0
0
0
0
0
0
0
0
0
0
0
0
0
0
0
0
0
0
0
0
0
0
0
0
0
0
0
0
0
0
0
0
0
0
0
0
0
0
0
0
0
0
0
0
0
0
0
0
0
0
0
0
0
0
0
0
0
0
0
0
0
0
0
0
0
0
0
0
0
0
0
0
0
0
0
0
0
0
0
0
0
0
0
0
0
0
0
0
0
0
0
0
0
0
0
0
0
0
0
0
0
0
0
0
0
0
0
0
0
0
0
0
0
0
0
0
0
0
0
0
0
0
0
0
0
0
0
0
0
0
0
0
0
0
0
0
0
0
0
0
0
0
0
0
0
0
0
0
0
0
0
0
0
0
0
0
0
0
0
0
0
0
0
0
0
0
0
0
0
0
0
0
0
0
0
0
0
0
0
0
0
0
0
0
0
0
0
0
0
0
0
0
0
0
0
0
0
0
0
0
0
0
0
0
0
0
0
0
0
0
0
0
0
0
0
0
0
0
0
0
0
0
0
0
0
0
0
0
0
0
0
0
0
0
0
0
0
0
0
0
0
0
0
0
0
0
0
0
0
0
0
0
0
0
0
0
0
0
0
0
0
0
0
0
0
0
0
0
0
0
0
0
0
0
0
0
0
0
0
0
0
0
0
0
0
0
0
0
0
0
0
0
0
0
0
0
0
0
0
0
0
0
0
0
0
0
0
0
0
0
0
0
0
0
0
0
0
0
0
0
0
0
0
0
0
0
0
0
0
0
0
0
0
0
0
0
0
0
0
0
0
0
0
0
0
0
0
0
0
0
0
0
0
0
0
0
0
0
0
0
0
0
0
0
0
0
0
0
0
0
0
0
0
0
0
0
0
0
0
0
0
0
0
0
0
0
0
0
0
0
0
0
0
0
0
0
0
0
0
0
0
0
0
0
0
0
0
0
0
0
0
0
0
0
0
0
0
0
0
0
0
0
0
0
0
0
0
0
0
0
0
0
0
0
0
0
0
0
0
0
0
0
0
0
0
0
0
0
0
0
0
0
0
0
0
0
0
0
0
0
0
0
0
0
0
0
0
0
0
0
0
0
0
0
0
0
0
0
0
0
0
0
0
0
0
0
0
0
0
0
0
0
0
0
0
0
0
0
0
0
0
0
0
0
0
0
0
0
0
0
0
0
0
0
0
0
0
0
0
0
0
0
0
0
0
0
0
0
0
0
0
0
0
0
0
0
0
0
0
0
0
0
0
0
0
0
0
0
0
0
0
0
0
0
0
0
0
0
0
0
0
0
0
0
0
0
0
0
0
0
0
0
0
0
0
0
0
0
0
0
0
0
0
0
0
0
0
0
0
0
0
0
0
0
0
0
0
0
0
0
0
0
0
0
0
0
0
0
0
0
0
0
0
0
0
0
0
0
0
0
0
0
0
0
0
0
0
0
0
0
0
0
0
0
0
0
0
0
0
0
0
0
0
0
0
0
0
0
0
0
0
0
0
0
0
0
0
0
0
0
0
0
0
0
0
0
0
0
0
0
0
0
0
0
0
0
0
0
0
0
0
0
0
0
0
0
0
0
0
0
0
0
0
0
0
0
0
0
0
0
0
0
0
0
0
0
0
0
0
0
0
0
0
0
0
0
0
0
0
0
0
0
0
0
0
0
0
0
0
0
0
0
0
0
0
0
0
0
0
0
0
0
0
0
0
0
0
0
0
0
0
0
0
0
0
0
0
0
0
0
0
0
0
0
0
0
0
0
0
0
0
0
0
0
0
0
0
0
0
0
0
0
0
0
0
0
0
0
0
0
0
0
0
0
0
0
0
0
0
0
0
0
0
0
0
0
0
0
0
0
0
0
0
0
0
0
0
0
0
0
0
0
0
0
0
0
0
0
0
0
0
0
0
0
0
0
0
0
0
0
0
0
0
0
0
0
0
0
0
0
0
0
0
0
0
0
0
0
0
0
0
0
0
0
0
0
0
0
0
0
0
0
0
0
0
0
0
0
0
0
0
0
0
0
0
0
0
0
0
0
0
0
0
0
0
0
0
0
0
0
0
0
0
0
0
0
0
0
0
0
0
0
0
0
0
0
0
0
0
0
0
0
0
0
0
0
0
0
0
0
0
0
0
0
0
0
0
0
0
0
0
0
0
0
0
0
0
0
0
0
0
0
0
0
0
0
0
0
0
0
0
0
0
0
0
0
0
0
0
0
0
0
0
0
0
0
0
0
0
0
0
0
0
0
0
0
0
0
0
0
0
0
0
0
0
0
0
0
0
0
0
0
0
0
0
0
0
0
0
0
0
0
0
0
0
0
0
0
0
0
0
0
0
0
0
0
0
