0
0
0
0
0
0
0
0
0
0
0
0
0
0
0
0
0
0
0
0
0
0
0
0
0
0
0
0
0
0
0
0
0
0
0
0
0
0
0
0
0
0
0
0
0
0
0
0
0
0
0
0
0
0
0
0
0
0
0
0
0
0
0
0
0
0
0
0
0
0
0
0
0
0
0
0
0
0
0
0
0
0
0
0
0
0
0
0
0
0
0
0
0
0
0
0
0
0
0
0
0
0
0
0
0
0
0
0
0
0
0
0
0
0
0
0
0
0
0
0
0
0
0
0
0
0
0
0
0
0
0
0
0
0
0
0.854534
0
0
0
0
0
0
0
0
0
0
0
0
0
0
0
0
0
0
0
0
0
0
0
0
0
0
0
0
0
0
0
0
0
0
0
0
0
0
0
0
0
0
0
0
0
0
0
0
0
0
0
0
0
0
0
0
0
0
0
0
0
0
0
0
0
0
0
0
0
0
0
0
0
0
0
0
0
0
0
0
0
0
0
0
0
0
0
0
0
0
0
0
0
0
0
0
0
0
0
0
0
0
0
0
0
0
0
0
0
0
0
0
0
0
0
0
0
0
0
0
0
0
0
0
0
0
0
0
0
0
0
0
0
0
0
0
0
0
0
0
0
0
0
0
0
0
0
0
0
0
0
0
0
0
0
0
0
0
0
0
0
0
0
0
0
0
0
0
0
0
0
0
0
0
0
0
0
0
0
0
0
0
0
0
0
0
0
0
0
0
0
0
0
0
0
0
0
0
0
0
0
0
0
0
0
0
0
0
0
0
0
0
0
0
0
0
0
0
0
0
0
0
0
0
0
0
0
0
0
0
0
0
0
0
0
0
0
0
0
0
0
0
0
0
0
0
0
0
0
0
0
0
0
0
0
0
0
0
0
0
0
0
0
0
0
0
0
0
0
0
0
0
0
0
0
0
0
0
0
0
0
0
0
0
0
0
0
0
0
0
0
0
0
0
0
0
0
0
0
0
0
0
0
0
0
0
0
0
0
0
0
0
0
0
0
0
0
0
0
0
0
0
0
0
0
0
0
0
0
0
0
0
0
0
0
0
0
0
0
0
0
0
0
0
0
0
0
0
0
0
0
0
0
0
0
0
0
0
0
0
0
0
0
0
0
0
0
0
0
0
0
0
0
0
0
0
0
0
0
0
0
0
0
0
0
0
0
0
0
0
0
0
0
0
0
0
0
0
0
0
0
1.00377
0.232311
0
0
0
0
0
0
0
0
0
0
0
0
0
0
0
0
0
0
0
0
0
0
0
0
0
0
0
0
0
0
0
0
0
0
0
0
0
0
0
0
0
0
0
0
0
0
0
0
0
0
0
0
0
0
0
0
0
0
0
0
0
0
0
0
0
0
0
0
0
0
0
0
0
0
0
0
0
0
0
0
0
0
0
0
0
0
0
0
0
0
0
0
0
0
0
0
0
0
0
0
0
0
0
0
0
0
0
0
0
0
0
0
0
0
0
0
0
0
0
0
0
0
0
0
0
0
0
0
0
0
0
0
0
0
0
0
0
0
0
0
0
0
0
0
0
0
0
0
0
0
0
0
0
0
0
0
0
0
0
0
0
0
0
0
0
0
0
0
0
0
0
0
0
0
0
0
0
0
0
0
0
0
0
0
0
0
0
0
0
0
0
0
0
0
0
0
0
0
0
0
0
0
0
0
0
0
0
0
0
0
0
0
0
0
0
0
0
0
0
0
0
0
0
0
0
0
0
0
0
0
0
0
0
0
0
0
0
0
0
0
0
0
0
0
0
0
0
0.00877706
0.00290794
0.00518132
0.0419941
0
0
0.913172
0
0
0
0
0
0
0
0
0
0
0
0
0
0
0
0
0
0
0
0
0
0
0
0
0
0
0
0
0
0
0
0
0
0
0
0
0
0
0
0
0
0
0
0
0
0
0
0
0
0
0
0
0
0
0
0
0
0
0
0
0
0
0
0
0.0159079
0
0
0
0
0
0
0
0
0
0.00281149
0
0
0
0
0
0
0
0
0
0
0.0058035
0
0.0137823
0
0
0
0
0
0
0
0
0
0.00289861
0
0
0
0
0
0
0
0
0
0
0
0
0
0
0
0.00287871
0
0
0
0
0
0
0
0
0
0.0115565
0.0167963
0.0112185
0.061673
0
0
0.5761
0
0
0
0
0
0
0
0
0
0
0
0
0
0
0
0
0
0
0
0
0
0
0.0029575
0
0
0
0.00289089
0
0
0
0
0
0
0
0
0
0
0.00275646
0
0
0
0
0
0
0
0
0
0
0
0
0
0
0
0
0
0
0
0
0
0
0.00330775
0
0
0.0485101
0
0.00266512
0
0
0
0
0
0
0
0
0.00356007
0
0
0
0
0.00272032
0
0
0
0.00289905
0
0.0141322
0
0
0
0.00281443
0
0
0
0
0
0
0
0
0
0
0
0
0
0
0.00281443
0
0.00263321
0
0.00289696
0
0
0
0
0
0
0.00281443
0.023324
0
0
0.0139342
0.0107019
0.0182318
0.0796858
0
0
0
0.38719
0
0
0
0
0
0
0
0
0.00605334
0
0
0
0.00269451
0
0
0
0
0
0
0
0
0.0045357
0
0
0
0
0
0
0
0
0
0.00282632
0
0
0
0
0
0
0
0
0
0
0
0
0
0
0
0
0.0172447
0
0
0
0
0
0
0
0
0.00569318
0
0
0
0
0
0
0
0
0
0
0.0202298
0.00544801
0.00274937
0
0
0
0
0
0
0
0
0
0.00450572
0
0
0
0
0
0
0
0
0.00382437
0
0.0405674
0
0
0
0
0
0
0
0
0.00283605
0.00561378
0
0
0.00282525
0
0
0
0
0
0
0.0029535
0.077269
0.00315288
0
0
0.0059107
0.00649154
0
0
0
0
0
0
0
0
0.034312
0.0374062
0.0537642
0.0671922
0
0
0
0.910605
0
0
0
0
0.00272991
0
0
0
0
0
0
0
0
0
0
0
0
0
0.00252312
0
0
0.00305092
0
0
0
0
0
0
0
0
0
0.00285627
0
0
0
0
0
0
0
0
0
0
0
0.00298835
0.00258128
0
0
0
0.0152393
0
0
0
0
0
0
0
0
0
0.0161696
0.00279333
0
0
0
0
0
0
0
0
0.0277604
0
0.00550984
0
0
0
0
0
0
0
0
0
0.00388843
0
0
0
0
0
0
0
0
0.0252746
0.0040346
0.00706169
0
0
0
0
0
0
0
0
0.00270902
0
0.00285627
0
0
0
0
0.0179994
0
0
0
0.008616
0.0346655
0.00982247
0
0
0.0140693
0.00828476
0
0
0
0
0.00290185
0
0.00288476
0
0.0401429
0.0442202
0.69541
0.0906656
0
0
0
1.00567
0
0
0
0
0
0
0
0
0
0
0
0
0.00269451
0
0
0
0
0
0
0
0
0.0417584
0
0
0
0
0
0
0
0
0
0
0.0107376
0
0
0.00291199
0
0
0
0
0
0.0174731
0
0
0.00269902
0.00286091
0
0
0
0.00281443
0.0417541
0
0
0
0
0
0
0
0
0.999304
0
0.0378543
0
0
0.00258929
0
0
0.00273127
0
0
0
0.00311142
0.0943767
0
0.00269836
0
0
0
0.00279333
0
0
0
0
0.00283615
0.0108238
0
0
0
0.00258929
0
0
0.00285627
0
0.0189043
0.00383356
0.0100301
0
0
0
0
0
0.00243293
0
0
0.00278811
0.00268781
0
0
0.00281973
0
0
0.0330213
0
0.00258929
0.00550793
0.00825886
0.111767
0.00494766
0
0
0.00852785
0.00668923
0
0
0.00523552
0.0161716
0.00260607
0.00592991
0
0.00258929
0.00456922
0.0171706
0.03948
0.298474
0.0401265
0
0
0
0
1
0
0
0
0
0
0
0.00270726
0.00281443
0
0
0
0
0
0
0
0
0
0
0
0
0.0401961
0
0
0
0
0
0
0
0
0
0
0.00282424
0
0.00803265
0.00281443
0
0
0
0
0.00281443
0
0
0
0.0115861
0
0.0137594
0
0.00530734
0
0
0.00281443
0
0
0
0
0
0
0
0.993411
0
0.00258929
0
0
0
0.00279333
0
0
0.00648436
0
0
0
0
0.00535657
0
0
0.00258929
0
0
0
0.02095
0
0.011213
0.0127402
0
0
0.00285627
0.00259745
0
0
0
0
0.0479895
0
0.0500763
0
0
0.00342753
0
0
0
0.00285627
0.00259745
0.00261553
0
0
0
0
0
0
0.0127212
0
0.0055873
0.00259745
0
0.00280567
0.113392
0.0134235
0
0
0.0086782
0
0
0
0.00246858
0
0.00546624
0.011262
0.00259745
0.0134871
0.00833478
0.0369697
0.198881
0
0
0
0
0
1.0357
0
0
0
0
0
0
0
0
0
0
0
0
0
0
0
0
0
0
0
0
0
0
0
0.00286119
0
0
0
0
0
0.00364024
0.0130536
0
0
0
0
0
0
0
0
0
0
0
0
0
0
0.0721113
0
0.00258149
0
0
0
0
0
0.00281322
0
0
0
0
0
1.0077
0
0
0
0
0.00281443
0
0
0.0027003
0.0115861
0
0
0
0.233438
0
0
0
0.00272744
0
0
0
0
0
0
0
0.00517365
0.0183079
0
0
0
0
0
0
0.00649943
0
0
0.055288
0
0.0308671
0
0
0
0
0
0
0
0
0.00604161
0
0.00386912
0.0106846
0.0215806
0
0
0
0
0
0
0.00546624
0
0.0827532
0.0214887
0.0158288
0
0
0
0
0
0
0
0
0
0.0189266
0
0.00761791
0.00685227
0.0196231
0.0211257
0.16462
0.0190265
0
0
0
1.07866
0
0
0
0
0
0
0
0
0
0
0
0
0.00283911
0
0
0
0
0
0
0
0
0
0
0
0
0
0
0
0
0.0111319
0
0
0
0
0
0.00263057
0
0
0
0
0
0.00304159
0
0.00520817
0
0
0
0
0
0
0
0
0
0
0
0
0.991796
0
0
0
0
0
0
0.00246712
0
0.00664062
0
0
0.00262136
0.131657
0.00258616
0
0
0
0
0
0.00259745
0.0218414
0
0
0.0141356
0
0.00285023
0.00289748
0
0
0.00269292
0
0
0
0.0659118
0.0070919
0.0262166
0
0
0.0144874
0
0
0
0.0051949
0.00274391
0.00273815
0
0.0544367
0
0
0
0
0.002818
0
0
0.00255861
0.0449135
0.0111265
0
0
0.00529301
0.0026751
0
0
0
0
0.00269527
0
0
0
0.00268267
0.0113371
0.0370948
0.0766635
0
0
0
0
0.973733
0
0
0
0
0
0
0
0
0
0
0.00461138
0.0230848
0.0156148
0.0026941
0
0
0
0
0
0
0
0
0
0.00264116
0
0
0
0
0.00279499
0
0
0.0026888
0
0
0.0025393
0.00255747
0.0028723
0
0
0.0025393
0
0
0
0
0
0
0.00277338
0
0
0
0.0025393
0
0
0.00256016
0
0.00781386
0
0
0
1.01094
0.0155307
0
0
0
0.00258923
0
0.00242153
0
0
0.0110967
0
0
0.0479999
0
0
0
0
0
0
0
0.00258923
0
0
0.00287404
0.0115244
0
0
0
0
0
0.00295578
0
0
0
0.0363786
0
0.0196907
0
0
0
0
0
0.0025393
0
0
0
0
0.0111085
0.00535271
0
0
0.0026751
0.00263392
0
0.00529272
0
0.0366642
0
0.00430438
0
0
0.00545507
0
0
0
0
0
0.0026751
0.00281777
0
0
0.0108167
0.00531436
0.0114055
0.200265
0.0131756
0
0
0
0
0.123179
0
1
0
0
0
0
0
0
0
0.00259745
0
0
0
0
0
0.0801874
0
0
0
0
0
0
0
0
0
0.00411256
0.00270089
0.00700166
0
0
0.00284241
0.00425604
0.00761791
0.00540555
0
0.00367632
0
0
0
0.0396785
0
0
0
0
0
0
0.00297127
0.0156558
0
0.00256165
0.00268305
0
0
0
0
0
0
0.00351573
0
0
0.00270198
0
0
1.00821
0.0112518
0
0.0051894
0
0
0
0
0
0.00542223
0.0105078
0
0
0.00270835
0.0333722
0
0
0
0.00258923
0
0
0
0.0201625
0
0
0.0172406
0.0110584
0
0
0.0051196
0
0
0.00257072
0
0.00774088
0.0110219
0
0.0404356
0
0
0
0.00258029
0
0
0.00767939
0.00786751
0
0
0.0204458
0.0052565
0
0
0
0.0128663
0
0
0.0788369
0.0245958
0.00544862
0.00768523
0
0.00268844
0.01373
0
0
0
0
0
0
0
0.00517774
0.00404291
0
0.0131569
0.0167353
0.0877122
0.0497394
0
0
0
0
0.951474
0.0968052
0
1.01206
0
0
0
0
0
0
0
0
0
0.00307867
0
0
0
0.00274921
0
0
0
0
0
0
0
0.00276683
0.0036204
0
0
0
0
0
0
0
0
0.00299393
0
0
0
0
0
0
0.00264731
0
0
0
0
0
0
0.00619122
0
0
0
0
0
0.00264731
0
0.00356864
0.0279003
0.00289225
0
0
0
0
0
0
0
0
0
0
0.00294896
0
0
0
0.00277296
0.0132545
0.00262936
0
0
0
0
0
0
0
0
0
0.00397322
0
0.00270791
0
0
0
0
0
0
0.0122353
0.00266592
0
0.0200336
0
0
0
0
0
0
0
0.019034
0
0
0
0
0
0
0
0.0110109
0
0
0.00278213
0.0027136
0
0
0
0
0.00263513
0
0
0
0
0
0
0
0
0.00266455
0.00602592
0.0166131
0.0343877
0.0201963
0
0
0
0.110048
0
0
0
0
0.00248343
0
0
0
0
0
0.00641819
0
0
0.00253944
0
0
0
0
0
0
0
0
0
0
0.00253977
0
0.00397322
0
0
0
0
0
0
0
0
0
0
0
0
0.00277783
0
0
0
0
0
0
0
0
0
0.00755551
0
0.0165333
0.00538097
0
0
0
0
0
0
0
0
0
0.00267401
0
0
0
0
0
0
0
0
0
0
0
0
0
0
0.0063816
0
0
0
0
0
0.00278293
0
0
0
0
0.00652071
0.0312974
0.00552489
0
0.0154037
0
0
0
0
0.00553043
0.00993305
0
0
0.0026159
0
0.00263513
0
0
0
0
0
0
0
0.00284906
0.00269972
0.00254016
0
0
0
0
0
0
0
0
0.0027771
0.0027384
0.0224068
0.00952561
0
0.430315
0
0
0
0
0
0
0
0
0.00976733
0
0
0
0
0
0
0
0
0
0
0
0
0
0
0.0027322
0.00409988
0
0
0
0
0
0
0.021942
0
0
0
0
0
0.00277698
0
0
0.00285491
0.00282504
0
0
0
0
0
0
0.024667
0.011453
0.010742
0.0473498
0
0
0
0
0.0114518
0
0
0
0
0
0
0.00281553
0.0034917
0.0114301
0
0
0
0.00267237
0
0
0
0
0
0
0
0.00271074
0
0.0115078
0
0
0
0
0
0
0
0
0
0.00661827
0.00263522
0
0.0256404
0.00824646
0
0
0
0
0
0
0
0
0
0.0088994
0.00548648
0
0
0
0
0.00285491
0.00258029
0.00285827
0.00548643
0.0205084
0
0
0.00278614
0
0
0
0
0.00285491
0.00263513
0
0
0.00425285
0
0
0.014337
0
0
0.829972
0
0
0
0
0
0.00267237
0
0
0
0.00412296
0
0
0
0
0
0
0.00267312
0
0
0
0
0.00273814
0
0
0
0
0
0
0
0.00288386
0.00324387
0
0
0
0
0
0
0
0
0
0
0
0.00268157
0
0
0
0
0
0
0
0.030729
0.0167014
0.0135692
0.0415118
0
0
0
0
0
0
0.0156628
0
0
0
0
0
0
0.00397322
0
0
0.00297598
0.00793242
0.00261121
0
0
0
0
0.00279754
0
0.0113521
0
0.00274536
0.00368702
0
0
0
0
0
0
0.00273005
0
0.00587772
0.00544111
0.00762474
0.0484881
0
0
0
0
0
0
0
0
0.00569604
0.011177
0
0.00562151
0
0
0.00285491
0
0
0
0.00524587
0.00551888
0.00829941
0.0444898
0.00610653
0
0
0
0.0214118
0
0
0
0.00274899
0.00258029
0
0.00292796
0
0.0171809
0
0
0
0.988982
0
0
0
0
0
0
0
0
0.00270439
0
0
0
0
0.00278818
0.00293733
0
0
0
0
0
0
0
0
0
0
0
0
0
0
0.00260787
0.00274409
0
0.00401346
0
0.00258029
0
0
0
0
0
0
0
0
0
0
0.00274411
0.00270092
0
0
0
0
0
0.00681677
0
0.00269282
0.0112059
1.0106
0
0
0
0
0
0
0
0
0
0
0
0.00266305
0
0.0151994
0.00555254
0.00294616
0.0224501
0.00272911
0
0
0
0
0
0
0
0
0
0.00892085
0
0
0
0
0
0.00268723
0
0
0
0.024275
0.00470453
0.0150584
0
0
0
0
0
0
0
0.00280145
0
0.0148854
0.00529482
0
0
0
0
0.0110309
0
0
0.059955
0
0.0100943
0.00538898
0
0.00274445
0
0
0
0
0
0
0
0.00985628
0.00259218
0.0112433
0.0887817
0
0
0
0
0
0
0
0
0.00267312
0
0
0
0.00276683
0.00616075
0
0.00428957
0
0.00548785
0
0
0
0
0
0.00258029
0
0
0.00444408
0.00282141
0.00766982
0.00740926
0
0
0
0
0
0
0
0
0
0
0.012977
0
0
0
0
0
0
0
0
0
0
0
0
0
0
0
0
0.00991543
0.0131588
0.00271089
0.0169302
0.908815
0
0
0
0
0.0205702
0.00262936
0.00276547
0
0
0
0
0.0099084
0.0743636
0
0.0139912
0
0.0261743
0.00276547
0
0
0
0
0
0
0.0797128
0.00261887
0.00295804
0.0161761
0
0
0
0
0
0
0
0
0
0
0.024768
0
0.1562
0.00285678
0
0
0
0
0
0
0.00543508
0
0.0817876
0.0055805
0
0
0
0
0
0
0.00261121
0.0710826
0
0.01796
0
0
0
0
0
0.0024394
0
0
0
0.00357262
0
0.00435202
0
0.00300755
0.095878
0.00817876
0
0
0
0
0
0
0
0
0.00242908
0
0.00257227
0
0.0288498
0
0
0
0
0.00584371
0
0
0
0
0
0
0
0
0
0.0027476
0
0
0
0
0.0113875
0
0
0.00728251
0
0.0146345
0
0
0
0
0
0
0
0
0
0
0
0.00265709
0
0
0
0
0
0
0
0.00694986
0.0172288
0
0
0.00848476
0.998921
0
0
0
0
0
0
0
0
0
0
0.0026868
0.00331259
0
0
0.0134045
0
0.0228701
0
0
0
0
0
0
0
0
0.00256955
0
0
0.0089006
0
0
0
0
0
0
0
0.00437433
0
0.00529976
0
0.0163004
0.00576639
0
0
0
0
0
0
0.00271015
0.0045337
0
0.00541292
0
0
0
0
0
0
0
0.00269539
0.0564225
0
0.0254769
0
0
0.00270004
0
0
0
0
0
0
0.00256851
0
0
0
0.00259031
0.17502
0.0329086
0
0
0
0
0
0
0.00254088
0.00267111
0
0
0
0
0
0
0
0
0
0
0
0
0.00267312
0
0.00262027
0
0
0
0.00262282
0
0
0
0
0
0
0
0.0122021
0
0.00267237
0
0
0
0
0
0
0
0.00271944
0
0
0.0069539
0
0
0
0
0
0
0
0
0.0308175
0.0214116
0.00255984
0.01584
1.05869
0
0
0
0
0
0
0
0
0
0
0.00272293
0.00626937
0
0
0.0377048
0.00271476
0
0
0
0
0
0
0
0
0.0116431
0
0
0
0
0.00512266
0
0
0
0.00267288
0.00282314
0
0
0
0.00276708
0.00428712
0
0.00276255
0
0
0.00254335
0
0
0
0
0.023056
0
0
0
0
0
0
0
0
0.0025691
0.00265504
0
0.0550999
0.0106234
0
0
0.00281458
0.0384588
0.00382251
0
0
0.00267237
0
0
0
0
0.965381
0.00274568
0.00259171
0.0439016
0
0
0
0
0
0
0.0605806
0
0
0
0
0
0
0
0
0
0.002735
0
0
0
0
0
0
0
0
0.00389302
0
0
0
0
0
0
0
0.0052809
0
0
0
0
0
0
0
0
0.00324574
0
0
0
0
0
0
0
0.00259946
0
0
0
0
0
0
0
0
0.0382046
0
0
0
0
0.00272911
0
0
0
0
0
0
0.0140837
0.00292153
0
0
0
0
0.00272911
0
0
0
0
0
0
0
0.0230076
0
0
0
0
0.00262223
0
0
0
0
0
0.00355598
0.0599414
0.00258769
0
0.00281458
0.0025068
0
0
0
0.00592307
0.00693295
0
0.005676
0
0.00267036
0
0.00531237
0.00269901
0
0.00534623
0
0.00862318
0.0863038
0
0
0
0
0.00743524
0
0
0.00531237
0
0
0
0
1.01034
0
0.00284603
0.0344417
0
0
0
0.225512
0
0
0
0
0
0
0
0
0
0
0
0
0
0
0
0
0.00257485
0
0
0.0026677
0
0
0
0
0
0
0.00908751
0.0267312
0
0.00258614
0
0
0
0
0
0
0
0
0
0
0
0
0
0.00276348
0
0
0.00254016
0
0
0
0
0.0247501
0
0.0263032
0.0053992
0
0
0
0
0
0
0.00682277
0
0
0
0
0.00278465
0.0217286
0
0
0
0
0
0
0.00262106
0
0
0
0.00284767
0
0
0
0
0
0
0.0083063
0.00280504
0
0.0257997
0
0.0224209
0
0
0
0
0
0
0.00272625
0
0.00266652
0
0
0.0815875
0.00272847
0.118748
0
0
0
0
0
0
0.00272817
0
0.00253324
0
0
0.00269206
0.701008
0
0
0
0
0
0
0
0
0
0
0
0
0
0.987085
0
0
0.0185909
0
0
0
0
0
0
0
0
0
0
0
0
0.00291694
0
0
0
0
0
0
0
0
0
0
0
0.00264712
0
0
0
0
0
0
0
0
0
0
0
0
0.00255499
0
0
0.00268268
0
0
0
0
0
0
0
0
0
0
0
0
0
0.0208954
0
0
0
0
0
0
0
0
0
0
0.00255499
0
0
0
0.0389208
0.00377588
0
0
0
0
0.0042336
0
0
0
0.011057
0
0
0.00285488
0
0
0
0
0
0
0
0
0.0133629
0
0
0.0205667
0
0
0
0
0
0
0
0.0200803
0.0086532
0.00657945
0
0
0
0
0
0
0
0
0
0
0
0.00275058
0
0
0
0
0
0
0
0
0
0
0
1.02675
0
0
0
0
0
0
0
0
0
0
0
0
0
0
0
0
0
0
0
0
0
0
0
0
0
0
0
0
0
0
0
0
0
0
0
0
0
0
0
0
0
0
0
0
0
0
0
0
0
0
0
0
0
0
0
0
0
0
0
0.00366454
0
0
0
0
0
0
0
0
0
0
0.0115171
0
0
0
0
0
0
0
0
0
0
0
0
0
0
0
0
0
0
0
0
0
0
0
0
0
0
0
0
0
0
0
0
0
0
0
0
0
0
0
0
0
0
0
0
0
0
0
0
0
0
0
0
0
0
0
0
0
0
0
0
0
0
0
0
0
0
0
0
0
0
0
0
0
0
0
0
0
0
0
0
0
0
0
0
0
0
0
0
0
0
0
0
0
0
0
0
0
0
0
0
0
0
0
0
0
0
0
0
0
0
0
0
0
0
0
0
0
0
0
0
0
0
0
0
0
0
0
0
0
0
0
0
0
0
0
0
0
0
0
0
0
0
0
0
0
0
0
0
0
0
0
0
0
0
0
0
0
0
0
0
0
0
0
0
0
0
0
0
0
0
0
0
0
0
0
0
0
0
0
0
0
0
0
0
0
0
0
0
0
0
0
0
0
0
0
0
0
0
0
0
0
0
0
0
0
0
0
0
0
0
0
0
0
0
0
0
0
0
0
0
0
0
0
0
0
0
0
0
0
0
0
0
0
0
0
0
0
0
0
0
0
0
0
0
0
0
0
0
0
0
0
0
0
0
0
0
0
0
0.00246578
0
0
0
0
0
0
0
0
0
0
0
0
0
0
0
0
0
0
0
0
0.003006
0
0
0
0
0
0.00739735
0
0
0
0
0
0
0
0
0.00254368
0.00860156
0
0
0
0
0
0
0
0
0
0.00255264
0.00594539
0
0.00528382
0
0
0
0
0
0
0.00861857
0
0.00280443
0.0252497
0
0
0
0.00254368
0
0
0.995834
0
0
0
0
0
0
0.00262822
0
0
0
0
0
0
0
0
0
0
0
0.0025072
0
0
0
0
0
0
0
0
0
0
0
0
0
0
0
0
0
0
0
0
0
0
0
0
0
0
0
0
0
0
0
0.0025072
0
0
0
0
0
0
0
0
0.00611467
0.00274387
0
0
0
0
0
0
0
0
0
0
0
0
0
0
0
0
0
0
0
0
0
0
0
0
0
0
0
0
0
0
0
0
0
0
0.0136796
0
0
0
0
0
0
0
0.00262724
0
0
0
0
0
0
0
0
0
0
0
0.00278524
0.00532859
0.0135355
0
0
0
0
0
0
0
0.284972
0
0
0
0
0
0
0
0
0
0
0
0
0
0
0
0
0
0
0
0
0
0
0
0
0
0.00280898
0
0
0
0
0
0
0
0
0
0
0
0
0
0
0
0
0
0
0
0
0
0
0
0
0
0
0
0
0.0025072
0
0
0
0
0
0
0.0212894
0
0
0
0
0.0025072
0
0
0
0
0
0
0
0
0
0
0
0
0
0
0
0
0.00283708
0.00763363
0
0
0
0
0
0
0
0
0
0
0
0.00262817
0
0
0.00296936
0.0152673
0
0
0
0
0
0
0.00567606
0
0
0
0.0140692
0
0
0
0
0
0
0
0
0
0.00292197
0.00566712
0.00801364
0.0158839
0
0
0
0
0
0
0
0.221436
0
0
0
0
0
0
0
0
0
0
0
0
0
0
0
0
0.00431825
0
0
0
0
0
0
0
0
0.00277268
0
0.00272712
0
0
0
0
0
0
0.00280898
0
0
0
0
0.00273745
0
0
0
0
0
0
0.00768825
0
0
0
0.00261229
0.00273745
0
0
0
0
0.00268785
0
0
0
0.00549996
0.0296034
0.00267872
0
0.00745692
0
0
0
0
0
0
0
0
0
0
0
0
0
0
0
0.0114124
0.00374701
0.00958396
0
0
0
0
0
0
0
0
0
0.0026988
0
0
0
0.018152
0
0
0
0
0
0.00290574
0
0
0
0
0
0
0
0
0
0
0
0
0
0.0166561
0.0140646
0.00552824
0
0
0
0
0
0
0
0
0
0.349584
0
0
0
0
0
0
0
0
0
0
0
0
0
0
0
0
0
0
0
0
0
0
0
0
0
0
0
0
0
0
0.00561567
0
0
0
0
0
0
0.00256275
0.0118829
0
0
0
0
0.00277955
0
0
0
0
0
0
0.011241
0.00290661
0
0
0.00246578
0
0
0
0
0
0.0027496
0
0
0
0
0.0410906
0
0
0
0
0
0
0
0
0
0
0
0
0
0
0
0
0
0
0
0
0.00389517
0
0
0
0
0
0
0
0
0
0
0.00260749
0
0
0
0.00292538
0
0
0
0
0
0
0
0.0499915
0.00597976
0
0
0
0
0.00720674
0
0
0
0
0.0118688
0
0
0.0139541
0.0191744
0.0462203
0.0048045
0
0
0
0
0
0
0
0.992399
0
0
0
0
0
0
0
0
0
0
0
0
0
0
0
0
0
0
0
0
0
0
0
0
0
0
0
0.00265571
0
0.0028503
0
0
0
0
0
0
0
0
0.00519213
0.00277953
0
0
0
0
0
0
0
0
0
0.0189475
0.00278178
0
0
0.0259929
0
0
0
0
0
0.00264627
0
0
0
0
0.16868
0.00259516
0
0
0
0
0
0
0.00358171
0
0
0
0
0
0.996555
0
0
0
0.00267259
0
0
0.024929
0.0107198
0.0106198
0
0
0
0.0123544
0
0
0
0
0.00536198
0.00283409
0.00265571
0
0
0
0.00960251
0
0
0
0
0
0.00578774
0.080621
0
0
0
0
0
0
0
0
0
0
0
0
0
0.030916
0.0217313
0.502777
0.00729954
0
0
0
0
0
0.00292153
0
0
0.997293
0
0
0
0
0
0
0
0
0
0
0
0
0
0
0
0
0
0
0
0
0
0
0
0
0
0
0
0
0
0
0.0104725
0.00262168
0
0
0
0
0
0
0
0
0
0.00248247
0.00272412
0.00969328
0
0
0
0
0
0
0
0
0
0.0317158
0.00273305
0
0
0.0161304
0
0
0
0
0
0.00553086
0
0.021429
0
0.00306236
0
0.110373
0.00287563
0
0
0
0
0
0
0
0
0
0
0
0
0.987555
0
0
0
0.00265154
0
0
0.0395679
0.01336
0.00665402
0
0
0
0
0
0
0
0
0
0.00852192
0.00261203
0
0
0.00285841
0.0136982
0
0
0
0
0
0.0135583
0.0931263
0
0
0
0.00819947
0
0
0
0
0
0
0.00326288
0
0
0.00833465
0.0224849
0.0564189
0.223742
0.00701024
0
0
0
0
0
0
0
0
0
1
0
0
0
0
0
0
0.00262242
0
0
0
0
0
0
0
0
0
0
0
0
0
0
0.00263356
0
0
0
0
0
0
0
0
0.00290288
0
0
0
0.00269514
0
0
0
0
0
0.00278007
0
0.00816746
0
0.00598079
0
0
0.00262168
0
0
0
0
0
0
0.00272201
0
0
0
0
0
0
0
0.00278014
0
0.00756185
0.00283459
0
0
0.524486
0
0
0
0
0
0
0
0
0
0
0
0
0
1.02142
0
0
0
0
0
0
0.0421683
0.00394241
0
0
0
0
0
0
0
0
0
0.0028291
0.00577506
0
0
0
0
0.0511558
0
0
0
0
0
0
0
0.117197
0
0
0
0.00302085
0
0
0
0
0
0
0.00290619
0
0.00985202
0.0276317
0.0202225
0.352314
0
0
0
0
0
0
0
0
0
0
0
0
0
0
0
0
0
0
0
0
0
0
0
0.002932
0
0
0
0
0
0
0
0
0
0
0
0
0
0
0
0
0
0
0
0
0
0
0.00566666
0
0
0
0
0
0
0
0
0.00792523
0
0
0
0
0
0
0
0
0
0
0
0
0
0
0.00287662
0
0
0
0
0
0
0.0246324
0
0
0
0.558139
0.00772207
0
0
0
0.00287662
0
0
0
0
0
0
0
0
0
0.997626
0
0
0
0
0
0
0
0.0262021
0
0
0
0
0
0
0
0
0
0
0
0
0
0
0
0
0
0.0142492
0
0
0
0
0
0
0.0687801
0.00913028
0.00882799
0
0
0
0
0
0
0
0
0
0.00268924
0
0
0.00959443
0.00539469
0.00864319
0.0993228
0
0
0
0
0
0
0
0
0
0
0
0
0
0
0
0
0
0
0
0
0
0
0
0
0
0
0
0
0
0
0
0
0
0
0
0
0
0
0
0
0
0
0
0
0
0
0
0
0
0
0
0
0
0
0
0
0
0
0
0
0
0
0
0
0
0
0
0
0
0
0
0
0
0
0
0
0
0
0
0
0.0322556
0
0
0
0
0
0
0
0
0
0
0
0
0
1
0
0
0
0
0
0
0.00665182
0.0370068
0
0
0
0
0
0
0
0
0
0
0
0
0
0.00266985
0
0.0151123
0
0
0
0
0
0
0.0277484
0
0
0
0
0
0
0
0
0
0
0
0
0
0
0.0084587
0.028887
0
0
0
0
0
0
0
0
0
0
0
0
0
0
0
0
0
0
0
0
0
0
0
0
0
0
0
0
0
0
0.00254664
0
0
0
0
0
0
0
0
0
0
0
0
0
0
0
0
0
0
0
0
0
0
0
0
0
0
0
0
0
0
0
0
0
0
0.00279535
0
0
0.00279535
0
0.00274188
0
0.00335442
0.0172597
0
0
0
0.0201507
0
0
0
0.00279535
0
0
0.00279535
0.00345194
0
0
0
0
0
0
0
1.04314
0
0
0
0
0.00289881
0
0
0.0082927
0.00399335
0
0
0
0
0
0
0
0.00392266
0
0.00292338
0
0.00391065
0
0
0
0
0
0
0
0
0
0.0277443
0
0
0
0
0
0
0
0
0
0
0
0
0
0
0
0.00285035
0.00292338
0.071252
0
0
0
0
0
0
0
0
1.28956
0
0
0
0
0
0
0
0
0
0
0
0
0
0
0
0
0
0
0
0
0
0
0
0
0
0
0
0
0
0
0
0
0
0
0
0
0
0
0
0
0
0
0
0
0
0
0
0
0
0
0
0
0
0
0
0
0
0
0
0
0
0
0
0
0
0
0
0
0
0
0
0
0
0
0
0
0
0
0
0
0
0
0
0
0
0
0
0
0
0
0
0
0
0
0
0
0
0
0
0
0
0
0
0
0
0
0
0
0
0
0
0
0
0
0
0
0
0
0
0
0
0
0
0
0
0
0
0
0
0
0
0
0
0
0
0
0
0
0
0
0
0
0
0
0
0
0
0
0
0
0
0
0
0
0
0
0
0
0
0
0
0
0
0
0
0
0
0
0
0
0
0
0
0
0
0
0
0
0
0
0
0
0
0
0
0
0
0
0
0
0
0
0
0
0
0
0
0
0
0
0
0
0
0
0
0
0
0
0
0
0
0
0
0
0
0
0
0
0
0
0
0
0
0
0
0
0
0
0
0
0
0
0
0
0
0
0
0
0
0
0
0
0
0
0
0
0
0
0
0
0
0
0
0
0
0
0
0
0
0
0
0
0
0
0
0
0
0
0
0
0
0
0
0
0
0
0
0
0
0
0
0
0
0
0
0
0
0
0
0
0
0
0
0
0
0
0
0
0
0
0
0
0
0
0
0
0
0
0
0
0
0
0
0
0
0
0
0
0
0
0
0
0
0
0
0
0
0
0
0
0
0
0
0
0
0
0
0
0
0
0
0
0
0
0
0
0
0
0
0
0
0
0
0
0
0
0
0
0
0
0
0
0
0
0
0
0
0
0
0
0
0
0
0
0
0
0
0
0
0
0
0
0
0
0
0
0
0
0
0
0
0
0
0
0
0
0
0
0
0
0
0
0
0
0
0
0
0
0
0
0
0
0
0
0
0
0
0
0
0
0
0
0
0
0
0
0
0
0
0
0
0
0
0
0
0
0
0
0
0
0
0
0
0
0
0
0
0
0
0
0
0
0
0
0
0
0
0
0
0
0
0
0
0
0
0
0
0
0
0
0
0
0
0
0
0
0
0
0
0
0
0
0
0
0
0
0
0
0
0
0
0
0
0
0
0
0
0
0
0
0
0
0
0
0
0
0
0
0
0
0
0
0
0
0
0
0
0
0
0
0
0
0
0
0
0
0
0
0
0
0
0
0
0
0
0
0
0
0
0
0
0
0
0
0
0
0
0
0
0
0
0
0
0
0
0
0
0
0
0
0
0
0
0
0
0
0
0
0
0
0
0
0
0
0
0
0
0
0
0
0
0
0
0
0
0
0
0
0
0
0
0
0
0
0
0
0
0
0
0
0
0
0
0
0
0
0
0
0
0
0
0
0
0
0
0
0
0
0
0
0
0
0
0
0
0
0
0
0
0
0
0
0
0
0
0
0
0
0
0
0
0
0
0
0
0
0
0
0
0
0
0
0
0
0
0
0
0
0
0
0
0
0
0
0
0
0
0
0
0
0
0
0
0
0
0
0
0
0
0
0
0
0
0
0
0
0
0
0
0
0
0
0
0
0
0
0
0
0
0
0
0
0
0
0
0
0
0
0
0
0
0
0
0
0
0
0
0
0
0
0
0
0
0
0
0
0
0
0
0
0
0
0
0
0
0
0
0
0
0
0
0
0
0
0
0
0
0
0
0
0
0
0
0
0
0
0
0
0
0
0
0
0
0
0
0
0
0
0
0
0
0
0
0
0
0
0
0
0
0
0
0
0
0
0
0
0
0
0
0
0
0
0
0
0
0
0
0
0
0
0
0
0
0
0
0
0
0
0
0
0
0
0
0
0
0
0
0
0
0
0
0
0
0
0
0
0
0
0
0
0
0
0
0
0
0
0
0
0
0
0
0
0
0
0
0
0
0
0
0
0
0
0
0
0
0
0
0
0
0
0
0
0
0
0
0
0
0
0
0
0
0
0
0
0
0
0
0
0
0
0
0
0
0
0
0
0
0
0
0
0
0
0
0
0
0
0
0
0
0
0
0
0
0
0
0
0
0
0
0
0
0
0
0
0
0
0
0
0
0
0
0
0
0
0
0
0
0
0
0
0
0
0
0
0
0
0
0
0
0
0
0
0
0
0
0
0
0
0
0
0
0
0
0
0
0
0
0
0
0
0
0
0
0
0
0
0
0
0
0
0
0
0
0
0
0
0
0
0
0
0
0
0
0
0
0
0
0
0
0
0
0
0
0
0
0
0
0
0
0
0
0
0
0
0
0
0
0
0
0
0
0
0
0
0
0
0
0
0
0
0
0
0
0
0
0
0
0
0
0
0
0
0
0
0
0
0
0
0
0
0
0
0
0
0
0
0
0
0
0
0
0
0
0
0
0
0
0
0
0
0
0
0
0
0
0
0
0
0
0
0
0
0
0
0
0
0
0
0
0
0
0
0
0
0
0
0
0
0
0
0
0
0
0
0
0
0
0
0
0
0
0
0
0
0
0
0
0
0
0
0
0
0
0
0
0
0
0
0
0
0
0
0
0
0
0
0
0
0
0
0
0
0
0
0
0
0
0
0
0
0
0
0
0
0
0
0
0
0
0
0
0
0
0
0
0
0
0
0
0
0
0
0
0
0
0
0
0
0
0
0
0
0
0
0
0
0
0
0
0
0
0
0
0
0
0
0
0
0
0
0
0
0
0
0
0
0
0
0
0
0
0
0
0
0
0
0
0
0
0
0
0
0
0
0
0
0
0
0
0
0
0
0
0
0
0
0
0
0
0
0
0
0
0
0
0
0
0
0
0
0
0
0
0
0
0
0
0
0
0
0
0
0
0
0
0
0
0
0
0
0
0
0
0
0
0
0
0
0
0
0
0
0
0
0
0
0
0
0
0
0
0
0
0
0
0
0
0
0
0
0
0
0
0
0
0
0
0
0
0
0
0
0
0
0
0
0
0
0
0
0
0
0
0
0
0
0
0
0
0
0
0
0
0
0
0
0
0
0
0
0
0
0
0
0
0
0
0
0
0
0
0
0
0
0
0
0
0
0
0
0
0
0
0
0
0
0
0
0
0
0
0
0
0
0
0
0
0
0
0
0
0
0
0
0
0
0
0
0
0
0
0
0
0
0
0
0
0
0
0
0
0
0
0
0
0
0
0
0
0
0
0
0
0
0
0
0
0
0
0
0
0
0
0
0
0
0
0
0
0
0
0
0
0
0
0
0
0
0
0
0
0
0
0
0
0
0
0
0
0
0
0
0
0
0
0
0
0
0
0
0
0
0
0
0
0
0
0
0
0
0
0
0
0
0
0
0
0
0
0
0
0
0
0
0
0
0
0
0
0
0
0
0
0
0
0
0
0
0
0
0
0
0
0
0
0
0
0
0
0
0
0
0
0
0
0
0
0
0
0
0
0
0
0
0
0
0
0
0
0
0
0
0
0
0
0
0
0
0
0
0
0
0
0
0
0
0
0
0
0
0
0
0
0
0
0
0
0
0
0
0
0
0
0
0
0
0
0
0
0
0
0
0
0
0
0
0
0
0
0
0
0
0
0
0
0
0
0
0
0
0
0
0
0
0
0
0
0
0
0
0
0
0
0
0
0
0
0
0
0
0
0
0
0
0
0
0
0
0
0
0
0
0
0
0
0
0
0
0
0
0
0
0
0
0
0
0
0
0
0
0
0
0
0
0
0
0
0
0
0
0
0
0
0
0
0
0
0
0
0
0
0
0
0
0
0
0
0
0
0
0
0
0
0
0
0
0
0
0
0
0
0
0
0
0
0
0
0
0
0
0
0
0
0
0
0
0
0
0
0
0
0
0
0
0
0
0
0
0
0
0
0
0
0
0
0
0
0
0
0
0
0
0
0
0
0
0
0
0
0
0
0
0
0
0
0
0
0
0
0
0
0
0
0
0
0
0
0
0
0
0
0
0
0
0
0
0
0
0
0
0
0
0
0
0
0
0
0
0
0
0
0
0
0
0
0
0
0
0
0
0
0
0
0
0
0
0
0
0
0
0
0
0
0
0
0
0
0
0
0
0
0
0
0
0
0
0
0
0
0
0
0
0
0
0
0
0
0
0
0
0
0
0
0
0
0
0
0
0
0
0
0
0
0
0
0
0
0
0
0
0
0
0
0
0
0
0
0
0
0
0
0
0
0
0
0
0
0
0
0
0
0
0
0
0
0
0
0
0
0
0
0
0
0
0
0
0
0
0
0
0
0
0
0
0
0
0
0
0
0
0
0
0
0
0
0
0
0
0
0
0
0
0
0
0
0
0
0
0
0
0
0
0
0
0
0
0
0
0
0
0
0
0
0
0
0
0
0
0
0
0
0
0
0
0
0
0
0
0
0
0
0
0
0
0
0
0
0
0
0
0
0
0
0
0
0
0
0
0
0
0
0
0
0
0
0
0
0
0
0
0
0
0
0
0
0
0
0
0
0
0
0
0
0
0
0
0
0
0
0
0
0
0
0
0
0
0
0
0
0
0
0
0
0
0
0
0
0
0
0
0
0
0
0
0
0
0
0
0
0
0
0
0
0
0
0
0
0
0
0
0
0
0
0
0
0
0
0
0
0
0
0
0
0
0
0
0
0
0
0
0
0
0
0
0
0
0
0
0
0
0
0
0
0
0
0
0
0
0
0
0
0
0
0
0
0
0
0
0
0
0
0
0
0
0
0
0
0
0
0
0
0
0
0
0
0
0
0
0
0
0
0
0
0
0
0
0
0
0
0
0
0
0
0
0
0
0
0
0
0
0
0
0
0
0
0
0
0
0
0
0
0
0
0
0
0
0
0
0
0
0
0
0
0
0
0
0
0
0
0
0
0
0
0
0
0
0
0
0
0
0
0
0
0
0
0
0
0
0
0
0
0
0
0
0
0
0
0
0
0
0
0
0
0
0
0
0
0
0
0
0
0
0
0
0
0
0
0
0
0
0
0
0
0
0
0
0
0
0
0
0
0
0
0
0
0
0
0
0
0
0
0
0
0
0
0
0
0
0
0
0
0
0
0
0
0
0
0
0
0
0
0
0
0
0
0
0
0
0
0
0
0
0
0
0
0
0
0
0
0
0
0
0
0
0
0
0
0
0
0
0
0
0
0
0
0
0
0
0
0
0
0
0
0
0
0
0
0
0
0
0
0
0
0
0
0
0
0
0
0
0
0
0
0
0
0
0
0
0
0
0
0
0
0
0
0
0
0
0
0
0
0
0
0
0
0
0
0
0
0
0
0
0
0
0
0
0
0
0
0
0
0
0
0
0
0
0
0
0
0
0
0
0
0
0
0
0
0
0
0
0
0
0
0
0
0
0
0
0
0
0
0
0
0
0
0
0
0
0
0
0
0
0
0
0
0
0
0
0
0
0
0
0
0
0
0
0
0
0
0
0
0
0
0
0
0
0
0
0
0
0
0
0
0
0
0
0
0
0
0
0
0
0
0
0
0
0
0
0
0
0
0
0
0
0
0
0
0
0
0
0
0
0
0
0
0
0
0
0
0
0
0
0
0
0
0
0
0
0
0
0
0
0
0
0
0
0
0
0
0
0
0
0
0
0
0
0
0
0
0
0
0
0
0
0
0
0
0
0
0
0
0
0
0
0
0
0
0
0
0
0
0
0
0
0
0
0
0
0
0
0
0
0
0
0
0
0
0
0
0
0
0
0
0
0
0
0
0
0
0
0
0
0
0
0
0
0
0
0
0
0
0
0
0
0
0
0
0
0
0
0
0
0
0
0
0
0
0
0
0
0
0
0
0
0
0
0
0
0
0
0
0
0
0
0
0
0
0
0
0
0
0
0
0
0
0
0
0
0
0
0
0
0
0
0
0
0
0
0
0
0
0
0
0
0
0
0
0
0
0
0
0
0
0
0
0
0
0
0
0
0
0
0
0
0
0
0
0
0
0
0
0
0
0
0
0
0
0
0
0
0
0
0
0
0
0
0
0
0
0
0
0
0
0
0
0
0
0
0
0
0
0
0
0
0
0
0
0
0
0
0
0
0
0
0
0
0
0
0
0
0
0
0
0
0
0
0
0
0
0
0
0
0
0
0
0
0
0
0
0
0
0
0
0
0
0
0
0
0
0
0
0
0
0
