0.0129259
0.0129259
0.0129259
0.0129259
0.0129259
0.0129259
0.0150659
0.0150659
0.0150659
0.0150659
0.0150659
0.0108308
0.0108308
0.0108308
0.0108308
0.0108308
0.00862143
0.00862143
0.00862143
0.00862143
0.00862143
0.00862143
0.00862143
0.0107803
0.0107803
0.0107803
0.0107803
0.0107803
0.00868698
0.00868698
0.00868698
0.00868698
0.00868698
0.0135884
0.0135884
0.0135884
0.0135884
0.0135884
0.000265958
0.00842987
0.00842987
0.00842987
0.00842987
0.00842987
0.00842987
0.00420984
0.00233513
0.00233513
0.00830241
0.00830241
0.0127493
0.0127493
0.00843208
0.00843208
0.00843208
0.00665333
0.00575711
0.00704329
0.00604723
0.00530289
0.00436416
0.00840537
0.00575711
0.00704329
0.00604723
0.00530289
0.00436416
0.00840537
0.00455268
0.00645505
0.0082077
0.00614044
0.00614044
0.00614044
0.0082077
0.00290308
0.00290308
0.00290308
0.00290308
0.00213076
0.00213076
0.00213076
0.00233179
0.0153056
0.0153056
0.0153056
0.0153056
0.0153056
0.0153056
0.0116617
0.0152648
0.0152648
0.0152648
0.0152648
0.0147014
0.0147014
0.0147014
0.00917564
0.00917564
0.00917564
0.00917564
0.00917564
0.00917564
0.0114523
0.0114523
0.0114523
0.0114523
0.0114523
0.0114523
0.0104473
0.0104473
0.0104473
0.0104473
0.0104473
0.0105931
0.0105931
0.0105931
0.0105931
0.0105931
0.0164472
0.0164472
0.0164472
0.00874417
0.00874417
0.0145563
0.0145882
0.00883555
0.00883555
0.00883555
0.00883555
0.00969385
0.0065214
0.0065214
0.0065214
0.0065214
0.00893664
0.00893664
0.0124813
0.0153806
0.0153806
0.0153806
0.0153806
0.0153806
0.0153806
0.009255
0.0132408
0.0166852
0.00708266
0.00708266
0.00708266
0.00708266
0.00708266
0.0128802
0.00852607
0.016802
0.016802
0.016802
0.016802
0.016802
0.00967106
0.00967106
0.00967106
0.00967106
0.00967106
0.00967106
0.011669
0.011669
0.011669
0.011669
0.011669
0.011669
0.0116876
0.0116876
0.0116876
0.0116876
0.0116876
0.0116876
0.0143164
0.00829084
0.00829084
0.00829084
0.00832203
0.00832203
0.00832203
0.00832203
0.00832203
0.0085869
0.0085869
0.0085869
0.0085869
0.0085869
0.00800919
0.00800919
0.00800919
0.00800919
0.00800919
0.00800919
0.00920768
0.0165999
0.0165999
0.0165999
0.0165999
0.0165999
0.00413652
0.00413652
0.00413652
0.00312073
0.00336053
0.00708499
0.00485274
0.00666775
0.00326461
0.00336078
0.00402566
0.00929236
0.00929236
0.00919696
0.00919696
0.0143325
0.0142713
0.0142713
0.0142713
0.0142713
0.0142713
0.0142713
0.00471491
0.00388026
0.00537671
0.00471491
0.00344357
0.00626233
0.00703327
0.00429949
0.00429949
0.00876633
0.00876633
0.00876633
0.0134617
0.00837582
0.00837582
0.00837582
0.00660894
0.00988599
0.00757281
0.0169326
0.0169326
0.0169326
0.0169326
0.00636644
0.00636644
0.00636644
0.00636644
0.00781669
0.00781669
0.00781669
0.00781669
0.00616776
0.0102188
0.0102188
0.0102188
0.0102188
0.0102188
0.0095332
0.00726878
0.00726878
0.00726878
0.0105852
0.0105852
0.0109027
0.0109027
0.0109027
0.0109027
0.0109027
0.0109027
0.0109027
0.0109027
0.0109027
0.0109027
0.00945279
0.0107067
0.00811618
0.00811618
0.0132248
0.0132248
0.0132248
0.0132248
0.0076587
0.0076587
0.0076587
0.0076587
0.0076587
0.0076587
0.0157873
0.0157873
0.00423936
0.00423936
0.00405029
0.00405029
0.0100915
0.0100915
0.0100915
0.0100915
0.0100915
0.0162831
0.0162831
0.0162831
0.0162831
0.0162831
0.0162831
0.00703805
0.00703805
0.00703805
0.00993814
0.00993814
0.0152611
0.0152611
0.0152611
0.0152611
0.0152611
0.0170927
0.0170927
0.0170927
0.0170927
0.0170927
0.008405
0.008405
0.008405
0.008405
0.008405
0.008405
0.00247492
0.00247492
0.00247492
0.00678131
0.00247492
0.00678131
0.00247492
0.00678131
0.00247492
0.00678131
0.00825538
0.0110502
0.0110502
0.0110502
0.0110502
0.0110502
0.0110502
0.00884342
0.00884342
0.00884342
0.00884342
0.00857404
0.00676534
0.00676534
0.00676534
0.00806956
0.00806956
0.00636728
0.00636728
0.00636728
0.00884303
0.00884303
0.00992885
0.00992885
0.00992885
0.00992885
0.00542942
0.00803969
0.00803969
0.00803969
0.00803969
0.00803969
0.0100439
0.0100439
0.0131472
0.0131472
0.0131472
0.0131472
0.0151347
0.0151347
0.0151347
0.0151347
0.00973518
0.0100546
0.0103459
0.0103459
0.0103459
0.0103459
0.0103459
0.00732144
0.00732144
0.00732144
0.00732144
0.00732144
0.00732144
0.00732144
0.00898103
0.0161913
0.0161913
0.0161913
0.0161913
0.0161913
0.00828774
0.00828774
0.00828774
0.00828774
0.00828774
0.00943357
0.00744355
0.00744355
0.00370938
0.00370938
0.00370938
0.00370938
0.0105717
0.00462882
0.0102262
0.0102262
0.0102262
0.0102262
0.0102262
0.0105663
0.0105663
0.0105663
0.0105663
0.00884549
0.00884549
0.00884549
0.00884549
0.00884549
0.00493228
0.00493228
0.00468594
0.00468594
0.00468594
0.00499976
0.00414763
0.00414763
0.00414763
0.00326464
0.00499976
0.0091635
0.0034626
0.00419954
0.00419954
0.00826707
0.00652312
0.00652312
0.00929105
0.00929105
0.00929105
0.00929105
0.00929105
0.00929105
0.00929105
0.0136367
0.0136367
0.0136367
0.0136367
0.0136367
0.013506
0.013506
0.0170194
0.0170194
0.0170194
0.010864
0.0142207
0.0142207
0.00920146
0.00920146
0.00920146
0.00920146
0.00920146
0.00822421
0.00822421
0.00822421
0.00822421
0.00822421
0.00822421
0.00822421
0.00822421
0.00822421
0.00822421
0.00822421
0.0111833
0.0111833
0.0111833
0.0111833
0.0111833
0.0164457
0.0164457
0.0164457
0.0164457
0.0164457
0.0164457
0.0164457
0.00827068
0.00827068
0.00827068
0.00827068
0.00827068
0.00736001
0.00736001
0.00736001
0.00736001
0.00830565
0.00830565
0.00830565
0.00830565
0.00830565
0.0149737
0.00473964
0.00473964
0.00473964
0.00473964
0.00473964
0.00373981
0.00373981
0.00373981
0.00373981
0.00373981
0.00473964
0.016799
0.016799
0.0136914
0.0136914
0.0136914
0.0136914
0.0136914
0.0136914
0.0109505
0.0109505
0.0109505
0.0109505
0.0109505
0.00459479
0.00828363
0.00828363
0.00828363
0.00459479
0.00383105
0.00362552
0.00362552
0.00826843
0.00826843
0.00826843
0.00826843
0.00826843
0.00826843
0.00826843
0.00949508
0.00902086
0.00897187
1.30184e-05
0.00898296
0.00791132
0.00791132
0.00791132
0.00791132
0.00791132
0.00791132
0.00791132
0.00892522
0.00892522
0.00892522
0.00892522
0.00892522
0.0112324
0.0112324
0.0114381
0.0114381
0.0114381
0.0114381
0.0114381
0.00795799
0.00795799
0.00795799
0.00795799
0.00795799
0.00795799
0.00812121
0.00640804
0.00640804
0.00640804
0.0111183
0.0145535
0.0145535
0.0110239
0.0110239
0.0110239
0.0110239
0.0110239
0.0110239
0.00989206
0.00636145
0.0103906
0.012328
0.0116222
0.0116222
0.0116222
0.0116222
0.00991821
0.00991821
0.00991821
0.00991821
0.00991821
0.00991821
0.0112514
0.0112514
0.0112514
0.0112514
0.0106823
0.0106823
0.0106823
0.0106823
0.0106823
0.00986782
0.00986782
0.00986782
0.00743091
0.00743091
0.00743091
0.00743091
0.00743091
0.0147133
0.0147133
0.0147133
0.0147133
0.0105811
0.0073434
0.0073434
0.0126803
0.0108414
0.00910619
0.00910619
0.00910619
0.00685737
0.00685737
0.00685737
0.00685737
0.00862746
0.00862746
0.00862746
0.00862746
0.00862746
0.00862746
0.00875329
0.00875329
0.00875329
0.00875329
0.00875329
0.00875329
0.00989905
0.0129576
0.0129576
0.0101564
0.0101564
0.0101564
0.0101564
0.0101564
0.0101564
0.012777
0.012777
0.00668194
0.00618338
0.00527077
0.00527077
0.00527077
0.00969602
0.00969602
0.00969602
0.011236
0.0063323
0.0141589
0.0141589
0.0141589
0.0141589
0.0141589
0.0141589
0.0116316
0.0152254
0.0152254
0.0112684
0.0110183
0.0137307
0.0137307
0.00886441
0.00886441
0.00886441
0.00886441
0.00886441
0.00886441
0.00886441
0.0147467
0.0147467
0.0203981
0.0120465
0.0145683
0.0145683
0.0139351
0.0139351
0.0139351
0.0139351
0.0139351
0.00461386
0.00574945
0.00574945
0.00490089
0.00490089
0.00490089
0.00465612
0.00826681
0.00826681
0.00826681
0.00826681
0.00826681
0.00826681
0.00839473
0.00839473
0.00839473
0.00839473
0.00964888
0.00964888
0.00964888
0.00964888
0.00964888
0.00964888
0.00964888
0.00964888
0.00964888
0.00964888
0.00689162
0.0157461
0.0157461
0.0153511
0.0153511
0.00476237
0.00476237
0.00476237
0.00476237
0.00476237
0.0104579
0.0104579
0.00471915
0.00501273
0.00501273
0.00800093
0.00630631
0.00630631
0.00630631
0.00630631
0.00630631
0.00630631
0.00630631
0.00630631
0.00918324
0.0131381
0.0131381
0.00421072
0.00339504
0.00327013
0.00327013
0.00759121
0.00421072
0.00421072
0.0041725
0.00443208
0.00602411
0.0105613
0.0105613
0.0105613
0.0105613
0.0105613
0.00806521
0.00636384
0.00636384
0.00636384
0.0145402
0.00890209
0.00890209
0.00890209
0.00890209
0.00890209
0.00890209
0.00890209
0.0104216
0.0104216
0.0104216
0.0104216
0.0104216
0.00850025
0.0104561
0.0104561
0.0104561
0.0104561
0.0104561
0.00812658
0.00812658
0.00812658
0.00812658
0.00812658
0.00812658
0.00695387
0.00753609
0.00753609
0.0124955
0.0118865
0.0118865
0.0118865
0.0028534
0.00236708
0.00311884
0.00186315
0.00330596
0.00330596
0.00330596
0.00330596
0.0028534
0.00236708
0.00311884
0.00416596
0.00216301
0.00216301
0.00216301
0.00216301
0.0109906
0.0109906
0.0109906
0.0109906
0.0109906
0.00825698
0.0148859
0.0148859
0.0172958
0.0061517
0.0061517
0.0061517
0.0061517
0.0061517
0.0061517
0.0061517
0.0115242
0.0115242
0.00690023
0.0105511
0.0105511
0.0105511
0.0105511
0.0105511
0.0105511
0.0105511
0.0101947
0.0101947
0.0101947
0.0101947
0.0101947
0.0101947
0.00572216
0.00572216
0.00487762
0.00487762
0.00487762
0.00463401
0.00810059
0.00810059
0.00810059
0.00810059
0.00810059
0.00810059
0.00810059
0.0102598
0.0093532
0.00738013
0.00738013
0.00979158
0.00979158
0.00979158
0.00979158
0.00979158
0.00979158
0.0112431
0.0112431
0.00958375
0.00958375
0.00958375
0.00669432
0.00669432
0.0128575
0.0128575
0.00993093
0.00993093
0.00993093
0.00993093
0.00993093
0.00993093
0.00901501
0.00901501
0.00901501
0.00901501
0.00901501
0.00901501
0.00793466
0.00793466
0.00793466
0.00793466
0.00793466
0.00793466
0.00610695
0.00610695
0.00800942
0.0140962
0.0098968
0.0098968
0.0098968
0.0098968
0.00906297
0.00906297
0.00906297
0.00906297
0.00906297
0.0114734
0.0114734
0.00978008
0.00978008
0.00978008
0.00438219
0.00438219
0.00438219
0.00373542
0.0085173
0.0085173
0.0085173
0.0085173
0.0085173
0.0085173
0.00857296
0.00857296
0.00857296
0.00857296
0.00898121
0.0121134
0.0121134
0.0121134
0.0139738
0.0139738
0.0139738
0.0139738
0.00781053
0.00781053
0.00781053
0.00781053
0.00781053
0.00781053
0.00869987
0.00869987
0.0105712
0.0105712
0.0105712
0.0105712
0.0107006
0.0107006
0.0107006
0.00660972
0.00660972
0.00660972
0.00660972
0.00961652
0.00961652
0.00844404
0.00844404
0.0120806
0.0120806
0.00593828
0.0034033
0.00473044
0.0037539
0.00211561
0.00473044
0.00353899
0.00211561
0.00473044
0.00633411
0.00633411
0.010047
0.010047
0.010047
0.010047
0.0128319
0.0128319
0.0102956
0.0102956
0.0102956
0.0102956
0.0102956
0.0102956
0.00876701
0.00876701
0.0069176
0.0069176
0.0158054
0.0110437
0.0110437
0.0110437
0.0110437
0.0110437
0.0144558
0.0142299
0.0142299
0.0110274
0.0110274
0.0110274
0.0110274
0.0110274
0.0073899
0.0073899
0.0139674
0.0085798
0.0085798
0.00329379
0.00513303
0.00513303
0.00370179
0.010791
0.0136764
0.0136764
0.0136764
0.0136764
0.0136764
0.0136764
0.0120019
0.00880897
0.00880897
0.0152111
0.0152111
0.0152111
0.0152111
0.00848226
0.0152921
0.0152921
0.00800587
0.0063102
0.0063102
0.0063102
0.0063102
0.0063102
0.0063102
0.0063102
0.0063102
0.0147231
0.0147231
0.00641934
0.00641934
0.00641934
0.00641934
0.00383482
0.00547585
0.00547585
0.00547585
0.00547585
0.00768759
0.00574091
0.00574091
0.00574091
0.0046628
0.0046628
0.00367918
0.00367918
0.00367918
0.0046628
0.0046628
0.00642698
0.00642698
0.00642698
0.00642698
0.00899888
0.00899888
0.00899888
0.00642698
0.00902479
0.00949922
0.0121722
0.0121722
0.0121722
0.00857532
0.00857532
0.00857532
0.00857532
0.00687986
0.00687986
0.00687986
0.0108827
0.0108827
0.0108827
0.0108827
0.0108827
0.0108827
0.0108827
0.0108827
0.0108827
0.0108827
0.00708784
0.00708784
0.00708784
0.0161944
0.0161944
0.00946336
0.0147477
0.00782505
0.0141072
0.0150121
0.0150121
0.0150121
0.0150121
0.0150121
0.0150121
0.00835302
0.0112662
0.0112662
0.0112662
0.0150591
0.0167265
0.0167265
0.0167265
0.0167265
0.00988402
0.015178
0.015178
0.015178
0.015178
0.015178
0.015178
0.00911162
0.00911162
0.00911162
0.00911162
0.00857799
0.00857799
0.0110308
0.0110308
0.0110308
0.0110308
0.0110308
0.0110308
0.0110308
0.0110308
0.0110308
0.0110308
0.00558905
0.00558905
0.0059167
0.00231856
0.00248921
0.00909085
0.00909085
0.00909085
0.00909085
0.00909085
0.00909085
0.00909085
0.00788367
0.00788367
0.00788367
0.00788367
0.00834969
0.0150531
0.0150531
0.00787105
0.00787105
0.00787105
0.00787105
0.00787105
0.00787105
0.00787105
0.00787105
0.0106569
0.0106569
0.0106569
0.0106569
0.0106936
0.0110444
0.0139976
0.00860211
0.00860211
0.00860211
0.00860211
0.00860211
0.00876518
0.0158021
0.0158021
0.012826
0.0161625
0.0078751
0.0078751
0.0078751
0.0078751
0.0078751
0.0078751
0.00809716
0.00809716
0.0115843
0.0115843
0.0145978
0.0105829
0.0105829
0.0105829
0.00983279
0.00983279
0.00983279
0.00983279
0.00983279
0.00872354
0.00872354
0.00872354
0.010378
0.010378
0.010378
0.00884633
0.00885108
0.00697639
0.00697639
0.00708988
0.00708988
0.00708988
0.0137951
0.00966707
0.00966707
0.00966707
0.00966707
0.00966707
0.00966707
0.00966707
0.00862172
0.00862172
0.00862172
0.00862172
0.00862172
0.00474187
0.00499115
0.00499115
0.00499115
0.00474187
0.0096674
0.0096674
0.0096674
0.0096674
0.00908825
0.00908825
0.00717108
0.0163846
0.0163846
0.013696
0.00973921
0.00973921
0.00973921
0.00973921
0.00973921
0.00973921
0.00850086
0.00850086
0.0153256
0.0153256
0.0062689
0.0062689
0.0062689
0.0143233
0.0143233
0.0107157
0.0107157
0.0107157
0.0107157
0.0107157
0.0105709
0.0105709
0.0105709
0.0105709
0.0105709
0.0105709
0.00938793
0.00834868
0.00834868
0.00834868
0.0144162
0.0144162
0.0144162
0.0142763
0.0142763
0.00807882
0.0145647
0.0100123
0.0100123
0.0100123
0.0100123
0.0100123
0.0111029
0.0111029
0.0111029
0.0111029
0.0111029
0.00904191
0.00904191
0.00904191
0.00904191
0.00904191
0.00904191
0.0109079
0.0109079
0.0109079
0.0109079
0.0109079
0.0109079
0.00817723
0.0147421
0.0147421
0.00782984
0.00782984
0.00782984
0.00782984
0.00782984
0.00782984
0.00782984
0.00854981
0.00854981
0.00854981
0.00854981
0.00854981
0.00854981
0.00855549
0.00855549
0.0131379
0.0131379
0.0131379
0.00543649
0.00543649
0.00323387
0.00383634
0.00383634
0.00383634
0.00823997
0.00823997
0.0117886
0.0117886
0.0148553
0.0148553
0.00896757
0.00896757
0.00896757
0.00896757
0.00896757
0.00896757
0.00844202
0.00844202
0.00844202
0.00844202
0.00923256
0.00923256
0.00728494
0.0166447
0.0166447
0.0166447
0.00898804
0.0162039
0.0162039
0.0103359
0.0103359
0.0103359
0.0103359
0.00881046
0.00813208
0.00673033
0.00673033
0.00673033
0.0153775
0.0153775
0.01188
0.01188
0.00664849
0.00664849
0.00664849
0.00664849
0.00664849
0.00664849
0.00664849
0.00838378
0.00838378
0.00838378
0.00838378
0.00838378
0.00838378
0.00911454
0.00933656
0.0130398
0.016432
0.0212448
0.0212448
0.0105382
0.0105382
0.00784007
0.00784007
0.00784007
0.00784007
0.0121167
0.00730762
0.00730762
0.00730762
0.0114218
0.00792633
0.00792633
0.00792633
0.00792633
0.00792633
0.00792633
0.00824799
0.00824799
0.00824799
0.00824799
0.00824799
0.0111402
0.0111402
0.0111402
0.0111402
0.0111402
0.0111402
0.0111402
0.0135933
0.0135933
0.0135933
0.0135933
0.0135933
0.0106186
0.0106186
0.00905137
0.00905137
0.0138994
0.0138994
0.0110503
0.0110503
0.0110503
0.0110503
0.0110503
0.00921218
0.00921218
0.00921218
0.00921218
0.00921218
0.00922261
0.0166268
0.0166268
0.0166268
0.0166268
0.00919792
0.014334
0.014334
0.0193886
0.00680306
0.0138473
0.0138473
0.00890732
0.00890732
0.00890732
0.00890732
0.00840309
0.0078657
0.0151493
0.0148485
0.0148485
0.0112076
0.0112076
0.0112076
0.0112076
0.0112076
0.00870142
0.00870142
0.00870142
0.00870142
0.00870142
0.00870142
0.00852287
0.00852287
0.00852287
0.00852287
0.00852287
0.00852287
0.00852287
0.00852287
0.00852287
0.00852287
0.00852287
0.00433991
0.00433991
0.00463641
0.00463641
0.0115062
0.0115062
0.0115062
0.0115062
0.0115062
0.00359791
0.00470919
0.00470919
0.00601859
0.00372061
0.00223117
0.00319204
0.00319204
0.00337059
0.00174534
0.00174534
0.00174534
0.00337059
0.0029596
0.00453532
0.00308699
0.00308699
0.00308699
0.00308699
0.00881147
0.00881147
0.00881147
0.00881147
0.00881147
0.0141881
0.0141881
0.00371655
0.00587579
0.00587579
0.00587579
0.00587579
0.00500859
0.00475843
0.00926634
0.0129417
0.0141784
0.0141784
0.0141784
0.0141784
0.0141784
0.0102374
0.0102374
0.00872648
0.00872648
0.0134005
0.00880569
0.0118767
0.0158752
0.00634644
0.00634644
0.00634644
0.00634644
0.00634644
0.0137304
0.0137304
0.0085647
0.0085647
0.0085647
0.0085647
0.0085647
0.0085647
0.00645735
0.00645735
0.00645735
0.0147538
0.0147538
0.00988096
0.00988096
0.00988096
0.00988096
0.00988096
0.00988096
0.0105067
0.0105067
0.00895603
0.00464161
0.00464161
0.00464161
0.00434478
0.00434478
0.00434478
0.00434478
0.00434478
0.00434478
0.00527934
0.00464161
0.00786518
0.00786518
0.00786518
0.00821559
0.00821559
0.00821559
0.00821559
0.00821559
0.00821559
0.00821559
0.00821559
0.00821559
0.00821559
0.00821559
0.00432678
0.00432678
0.00432678
0.00432678
0.00827596
0.00827596
0.00827596
0.00827596
0.00827596
0.00827596
0.00827596
0.00827596
0.00926106
0.00823585
0.00823585
0.00823585
0.0142214
0.0142214
0.0142214
0.00658244
0.00975587
0.0127702
0.0127702
0.0104536
0.0104536
0.0104536
0.0104536
0.0104536
0.0142575
0.0199629
0.00990235
0.00990235
0.0115715
0.0151467
0.0151467
0.0157096
0.0157096
0.0157096
0.0157096
0.0105445
0.00898821
0.00969776
0.00969776
0.00969776
0.00969776
0.00969776
0.00969776
0.00969776
0.00969776
0.00969776
0.00969776
0.00883923
0.0080772
0.0080772
0.0080772
0.0080772
0.0080772
0.0080772
0.0080772
0.00756351
0.0112795
0.0142955
0.00782244
0.00782244
0.00782244
0.00782244
0.00782244
0.00977049
0.00977049
0.00977049
0.00977049
0.00977049
0.00977049
0.00817808
0.00817808
0.00817808
0.00817808
0.00817808
0.00817808
0.0118081
0.0149655
0.012924
0.012924
0.012924
0.012924
0.0162861
0.0162861
0.00704146
0.0128053
0.00706752
0.00668836
0.00668836
0.00668836
0.0097591
0.0097591
0.00663074
0.0186138
0.0186138
0.00406771
0.0050197
0.00641988
0.00375317
0.00375317
0.00475657
0.00828156
0.00828156
0.00828156
0.00828156
0.00828156
0.00828156
0.00837822
0.00837822
0.00837822
0.00837822
0.00837822
0.00837822
0.00837822
0.00837822
0.00837822
0.00837822
0.0112846
0.0112846
0.00947848
0.00947848
0.00713772
0.00713772
0.00713772
0.00713772
0.00713772
0.0112717
0.0112717
0.0112717
0.0112717
0.0112717
0.0108511
0.0108511
0.0108511
0.0108511
0.0137526
0.0137526
0.0137526
0.00900992
0.00900992
0.00900992
0.00900992
0.00900992
0.00900992
0.00900992
0.00900992
0.00900992
0.00900992
0.00900992
0.00847598
0.00847598
0.00847598
0.00847598
0.00847598
0.00847598
0.00784715
0.00784715
0.00613503
0.0036494
0.0036494
0.0036494
0.00462506
0.00796686
0.00796686
0.00796686
0.00796686
0.00796686
0.00796686
0.00942805
0.00942805
0.00743919
0.00743919
0.0169972
0.0169972
0.0141004
0.0141004
0.00875948
0.00875948
0.00875948
0.0129975
0.0129975
0.00593234
0.00593234
0.00347324
0.00347324
0.0080627
0.00593234
0.00593234
0.00603196
0.0036059
0.0036059
0.00790474
0.00790474
0.00790474
0.00790474
0.00790474
0.0082098
0.0082098
0.0082098
0.00618235
0.00618235
0.00618235
0.00618235
0.00618235
0.0128147
0.0128147
0.0087445
0.0087445
0.0087445
0.0087445
0.0087445
0.0087445
0.00419121
0.00419121
0.00419121
0.00430663
0.00925978
0.00925978
0.00925978
0.00430663
0.0047421
0.0047421
0.0047421
0.00374175
0.00374175
0.00374175
0.00374175
0.0142463
0.0142463
0.0142463
0.0142463
0.0142463
0.0142463
0.00716351
0.00674568
0.00980821
0.0195161
0.0116309
0.00913417
0.00913417
0.00720731
0.00720731
0.0164674
0.0164674
0.00833809
0.00833809
0.00833809
0.00833809
0.00833809
0.0152726
0.0152726
0.0152726
0.0152726
0.0152726
0.00850115
0.00850115
0.00670783
0.00670783
0.00903283
0.00903283
0.00903283
0.00903283
0.00903283
0.00903283
0.00903283
0.00903283
0.00903283
0.00903283
0.00903283
0.0101223
0.0132498
0.00825933
0.00621964
0.00621964
0.00621964
0.00621964
0.00621964
0.00621964
0.00621964
0.00621964
0.00621964
0.00980231
0.00980231
0.00980231
0.00980231
0.00980231
0.00980231
0.006357
0.006357
0.0145245
0.0145245
0.00905846
0.00905846
0.00714757
0.00714757
0.0163309
0.0163309
0.00711682
0.00711682
0.00711682
0.00711682
0.00711682
0.00629646
0.00629646
0.00629646
0.00629646
0.00629646
0.0147456
0.0147456
0.00840765
0.00663405
0.00663405
0.0151576
0.0151576
0.00823731
0.00823731
0.0126493
0.0126493
0.0126493
0.0037513
0.0037513
0.0037513
0.00630635
0.00630635
0.00630635
0.00630635
0.0037513
0.0037513
0.0101096
0.0101096
0.0101096
0.0101096
0.0101096
0.0101096
0.0101096
0.00790558
0.00740001
0.00841586
0.00841586
0.00841586
0.00841586
0.00841586
0.00841586
0.0130689
0.00855066
0.00855066
0.00781534
0.00616669
0.00616669
0.0140897
0.0140897
0.0140897
0.00840609
0.00840609
0.0151548
0.0151548
0.00798994
0.00798994
0.00798994
0.00798994
0.00798994
0.0105341
0.0133509
0.0133509
0.0133509
0.0133509
0.0133509
0.00644103
0.0147165
0.00825547
0.00651397
0.00651397
0.0148832
0.0104245
0.0104245
0.0104245
0.0104245
0.0104245
0.00861868
0.00861868
0.00861868
0.00861868
0.00861868
0.00861868
0.00861868
0.00805957
0.0112563
0.0112563
0.0112563
0.00834068
0.00834068
0.00834068
0.00834068
0.00834068
0.00834068
0.00630099
0.00630099
0.00713184
0.0164619
0.0164619
0.00784379
0.00784379
0.00784379
0.00784379
0.00784379
0.00784379
0.00784379
0.00784379
0.00784379
0.00784379
0.0113998
0.00945689
0.00966311
0.00966311
0.00966311
0.00966311
0.00966311
0.00966311
0.00966311
0.00966311
0.00966311
0.00966311
0.0087693
0.0087693
0.0087693
0.0087693
0.0087693
0.0087693
0.0087693
0.00859073
0.00716814
0.00716814
0.00940121
0.00739979
0.0089646
0.0089646
0.00621905
0.0102229
0.00822529
0.0117676
0.0148288
0.00465441
0.00465441
0.00388075
0.00388075
0.00388075
0.00367255
0.0107442
0.0140638
0.0140638
0.0111303
0.0111303
0.0145693
0.0145693
0.0145693
0.0153067
0.0153067
0.0153067
0.00908874
0.00908874
0.00908874
0.00908874
0.00908874
0.00908874
0.00908874
0.00908874
0.00908874
0.00908874
0.00908874
0.00844534
0.00844534
0.00844534
0.0152255
0.0152255
0.00833393
0.00833393
0.00833393
0.00833393
0.00833393
0.00833393
0.00833393
0.0103365
0.0103365
0.0103365
0.0103365
0.0103365
0.0103365
0.0103365
0.0103365
0.0103365
0.0103365
0.00983738
0.00983738
0.00983738
0.00983738
0.00983738
0.00983738
0.00983738
0.00685103
0.00862748
0.0114442
0.0114442
0.00782854
0.00782854
0.00782854
0.00782854
0.00782854
0.00782854
0.00782854
0.0111683
0.00881835
0.0135063
0.00827763
0.00827763
0.0149232
0.0114903
0.00597181
0.00674687
0.00390722
0.00752531
0.00752531
0.0112469
0.00610527
0.00610527
0.0141726
0.00757047
0.00757047
0.00757047
0.00757047
0.0154622
0.0154622
0.00991868
0.0105511
0.0105511
0.0105511
0.0105511
0.0121906
0.0169443
0.00983387
0.00983387
0.00789156
0.00789156
0.0062201
0.0062201
0.0062201
0.0062201
0.0073624
0.0073624
0.0127132
0.0127132
0.008057
0.0114743
0.0103586
0.0107107
0.0107107
0.00899646
0.00899646
0.00899646
0.00677473
0.00677473
0.00677473
0.00677473
0.0101323
0.0101323
0.0101323
0.0101323
0.0085392
0.00770657
0.00770657
0.00770657
0.00770657
0.00770657
0.00770657
0.00770657
0.00770657
0.00815837
0.00815837
0.00851126
0.00851126
0.0153444
0.0153444
0.0153444
0.0153444
0.0153444
0.00656022
0.0107152
0.0107152
0.0107152
0.0107152
0.0107152
0.0105358
0.00977097
0.0074757
0.0074757
0.00720066
0.00857673
0.00857673
0.0154624
0.0154624
0.0154624
0.00809643
0.00638848
0.0145965
0.0101069
0.00677722
0.00677722
0.00821959
0.0128094
0.0128094
0.00529484
0.00565959
0.00565959
0.00565959
0.00719626
0.00719626
0.00903372
0.00903372
0.00903372
0.00903372
0.00719626
0.00719626
0.0044547
0.0044547
0.0044547
0.00500922
0.00680857
0.0044547
0.0106363
0.0106363
0.0106363
0.0106363
0.0106363
0.00822054
0.00822054
0.00822054
0.00822054
0.00822054
0.00822054
0.00822054
0.00822054
0.00822054
0.00822054
0.00822054
0.00839597
0.012893
0.00999174
0.00999174
0.00999174
0.00999174
0.00999174
0.00999174
0.0108803
0.0108803
0.014242
0.014242
0.014242
0.014242
0.00783348
0.00783348
0.00783348
0.00783348
0.00783348
0.00783348
0.00783348
0.00783348
0.0109718
0.0109718
0.0109718
0.0109718
0.0109718
0.0109718
0.00808958
0.00808958
0.00808958
0.0145841
0.0145841
0.0133027
0.00879314
0.00879314
0.0158525
0.0158525
0.00616972
0.00616972
0.00616972
0.00381403
0.00381403
0.00381403
0.00391191
0.00739376
0.00889846
0.00889846
0.00889846
0.00889846
0.00889846
0.00870505
0.00870505
0.00870505
0.00870505
0.00870505
0.00870505
0.00870505
0.00178476
0.00178476
0.00178476
0.00178476
0.0020634
0.0020634
0.00371996
0.00371996
0.0105938
0.00889824
0.00889824
0.00889824
0.00113827
0.0134919
0.00414374
0.00414374
0.00414374
0.00414374
0.00414374
0.00414374
0.00427968
0.00427968
0.00427968
0.00427968
0.00464697
0.00366669
0.00366669
0.00528543
0.00528543
0.00434979
0.00860112
0.00860112
0.00860112
0.00860112
0.0148521
0.00636352
0.00636352
0.0145395
0.0145395
0.0153579
0.00917603
0.0092
0.0117581
0.0157166
0.0157166
0.0157166
0.0157166
0.0157166
0.0113194
0.0148168
0.00836053
0.00836053
0.0150726
0.0150726
0.0150726
0.0070943
0.0102262
0.0102262
0.0102262
0.00890935
0.00932524
0.00932524
0.00902832
0.00902832
0.00950294
0.00924825
0.00924825
0.00584123
0.00584123
0.00550681
0.00550681
0.00736076
0.00584123
0.00584123
0.00329197
0.00340423
0.00340423
0.00529569
0.0110159
0.0110159
0.0110159
0.0110159
0.0110159
0.0110159
0.0139855
0.0107153
0.0107153
0.0107153
0.0107153
0.0107153
0.00812173
0.0126569
0.00887723
0.00887723
0.00887723
0.00887723
0.00887723
0.00887723
0.00887723
0.00887723
0.00887723
0.00887723
0.00887723
0.0118277
0.00770417
0.0072548
0.0120291
0.00773268
0.00443074
0.00443074
0.00443074
0.00566272
0.00566272
0.00566272
0.00756915
0.00756915
0.0055692
0.0055692
0.0055692
0.00566272
0.00566272
0.00566272
0.00756915
0.00756915
0.0055511
0.00537477
0.0034049
0.0055511
0.00445872
0.00622722
0.00622722
0.00622722
0.00445872
0.00407433
0.00919302
0.00919302
0.00919302
0.00919302
0.00919302
0.00919302
0.00919302
0.00919302
0.00919302
0.00919302
0.0119813
0.0119813
0.00675234
0.00868602
0.0135363
0.00783907
0.0109738
0.0109738
0.0143645
0.00871669
0.00871669
0.00871669
0.00871669
0.00871669
0.00871669
0.00871669
0.00871669
0.0101807
0.0101807
0.0101807
0.00867813
0.015324
0.00715536
0.00715536
0.00907813
0.00727491
0.00808281
0.00808281
0.00808281
0.0145719
0.0145719
0.0104414
0.0104414
0.00877023
0.0136675
0.00867796
0.00867796
0.00867796
0.00867796
0.00867796
0.00867796
0.00867796
0.00542522
0.00535962
0.0048874
0.0076165
0.00482698
0.00471219
0.00799499
0.0103477
0.0076165
0.00482698
0.00393123
0.00802927
0.00394578
0.00498118
0.00404703
0.010392
0.010392
0.0107101
0.00869677
0.00869677
0.0156788
0.0121224
0.0121224
0.0121224
0.0121224
0.0122331
0.010417
0.00700787
0.00700787
0.00700787
0.0143131
0.0045794
0.0130056
0.0130056
0.0130056
0.0130056
0.0123717
0.00991373
0.00991373
0.00991373
0.00991373
0.00991373
0.0111386
0.0111386
0.0111386
0.0111386
0.0111386
0.0106493
0.00716416
0.0130284
0.0130284
0.0130284
0.0109521
0.0109521
0.0109521
0.0109521
0.0109521
0.0109521
0.0109521
0.0109521
0.0109521
0.0109521
0.0109521
0.0100375
0.0100375
0.0100375
0.0100375
0.0100375
0.0100375
0.00839022
0.00839022
0.0107306
0.00641029
0.00641029
0.00627326
0.000987007
0.000987007
0.00225513
0.0111221
0.0111221
0.0145586
0.0145586
0.0145586
0.0145586
0.0192447
0.0192447
0.0192447
0.0148692
0.0148692
0.0148692
0.00924858
0.00731744
0.00773227
0.00773227
0.00773227
0.00862227
0.00862227
0.00862227
0.0155445
0.0155445
0.0155445
0.0155445
0.0098067
0.0098067
0.0098067
0.0098067
0.0098067
0.0108858
0.0108858
0.0108858
0.0108858
0.0108858
0.0108858
0.0108858
0.0108858
0.0108858
0.0108858
0.007342
0.007342
0.00962959
0.00962959
0.00962959
0.00962959
0.00962959
0.00962959
0.0100071
0.0100071
0.0100071
0.0100071
0.0100071
0.0100071
0.0109026
0.00755062
0.0142712
0.00625902
0.00625902
0.00625902
0.00631619
0.00631619
0.00239853
0.00378465
0.0026632
0.00310594
0.00181845
0.00181845
0.00181845
0.00195229
0.00818947
0.00818947
0.00818947
0.0147642
0.0147642
0.0147642
0.00952994
0.00928606
0.010022
0.0131185
0.0103558
0.0103558
0.0103558
0.0103558
0.0103558
0.0103558
0.0103558
0.0103536
0.0103536
0.0103536
0.0103536
0.0103536
0.0103536
0.00797835
0.0106634
0.0106634
0.0106634
0.0107608
0.0143836
0.0143836
0.00840186
0.00662948
0.0151471
0.0116534
0.00883385
0.00883385
0.00883385
0.00829073
0.00691782
0.00691782
0.0126716
0.00835523
0.00835523
0.00835523
0.0150631
0.0150631
0.00830439
0.00830439
0.00830439
0.00830439
0.00830439
0.00830439
0.00830439
0.00830439
0.00830439
0.00830439
0.00830439
0.00984228
0.00984228
0.00984228
0.00984228
0.00984228
0.00984228
0.00339411
0.00339411
0.00580809
0.00586115
0.00702397
0.00983477
0.00954267
0.00371626
0.00983477
0.00450718
0.0106023
0.0106023
0.0106023
0.0106023
0.0106023
0.0106023
0.00648161
0.00648161
0.00648161
0.00648161
0.00366915
0.00547181
0.005298
0.00547181
0.00500156
0.00539054
0.00539054
0.00539054
0.00539054
0.00539054
0.0037396
0.0037396
0.0037396
0.0104074
0.0104074
0.00393703
0.00545652
0.00545652
0.00545652
0.00545652
0.00545652
0.00545652
0.00370739
0.00370739
0.00500156
0.0104074
0.0114735
0.00884276
0.00884276
0.011935
0.0133586
0.015942
0.00919407
0.00919407
0.00919407
0.00919407
0.00919407
0.00919407
0.00919407
0.00919407
0.00919407
0.00919407
0.00919407
0.00824847
0.00824847
0.00824847
0.00648711
0.00648711
0.00648711
0.00648711
0.00830458
0.00830458
0.00830458
0.00655272
0.00655272
0.00655272
0.00853072
0.0130999
0.0130999
0.0130999
0.00786398
0.00786398
0.00786398
0.0141774
0.0141774
0.00858389
0.00858389
0.00858389
0.00858389
0.00858389
0.00493651
0.00493651
0.00493651
0.0046474
0.0046474
0.0046474
0.00493651
0.00493651
0.0127183
0.0127183
0.0127183
0.0127183
0.0127183
0.0127183
0.0111691
0.01462
0.0111318
0.0111318
0.0111318
0.0111318
0.0111318
0.0161706
0.00679381
0.00679381
0.0155226
0.00620849
0.00620849
0.00620849
0.0082334
0.0148434
0.00685131
0.00685131
0.015654
0.00851128
0.00851128
0.00851128
0.00851128
0.00851128
0.0081245
0.0081245
0.0081245
0.0081245
0.0081245
0.0081245
0.0151672
0.00833411
0.00833411
0.00833411
0.00833411
0.00833411
0.00833411
0.00833411
0.00833411
0.00833411
0.0142746
0.00831175
0.0146283
0.0146283
0.0146283
0.00759519
0.0131151
0.0151837
0.0151837
0.0151837
0.00857214
0.00857214
0.00857214
0.00857214
0.00857214
0.00857214
0.011434
0.00866753
0.00866753
0.00866753
0.00465322
0.00401577
0.00401577
0.00390086
0.0039153
0.00622892
0.00622892
0.00364688
0.00575635
0.00575635
0.00490678
0.00490678
0.00490678
0.00541892
0.00541892
0.00322342
0.00322342
0.0073649
0.0073649
0.0073649
0.00329383
0.00329383
0.00584452
0.00584452
0.00551373
0.0108648
0.0108648
0.0108648
0.0108648
0.0108648
0.0108648
0.0113606
0.0113606
0.00764271
0.0138987
0.0138987
0.0138987
0.0105924
0.0105924
0.0105924
0.00518248
0.00518248
0.00678372
0.00678372
0.0053525
0.00544364
0.00333278
0.00333278
0.00483203
0.00483203
0.00483203
0.0106095
0.0106095
0.0106095
0.0106095
0.0106095
0.00688274
0.0124705
0.00950394
0.00772695
0.00845594
0.0138679
0.00654855
0.00654855
0.0110088
0.0110088
0.0110088
0.00907826
0.00907826
0.00907826
0.00907826
0.00907826
0.00907826
0.0111351
0.0111351
0.0111351
0.0111351
0.0111351
0.0111351
0.00357792
0.00357792
0.00357792
0.00648729
0.00648729
0.00648729
0.00804175
0.00804175
0.00804175
0.0138862
0.010304
0.010304
0.010304
0.010304
0.010304
0.010304
0.00894618
0.00894618
0.00894618
0.00894618
0.0090119
0.00618844
0.00618844
0.00785139
0.0112341
0.00893326
0.00893326
0.00893326
0.0114251
0.0114251
0.0114251
0.00890999
0.0150667
0.0150667
0.0113345
0.0113345
0.0113345
0.0148365
0.0148365
0.0148365
0.0148365
0.0101715
0.0116792
0.0116792
0.0116792
0.0116792
0.0148503
0.0148503
0.0117281
0.00999717
0.0153518
0.010281
0.00878653
0.00878653
0.00878653
0.00878653
0.0112374
0.0112374
0.0088055
0.0088055
0.0088055
0.0088055
0.0088055
0.0047737
0.00604446
0.00604446
0.00483345
0.00483345
0.00461789
0.00427467
0.01458
0.01458
0.01458
0.01458
0.0112554
0.0112554
0.0112554
0.0112554
0.0112554
0.0112554
0.0112554
0.0112554
0.0112554
0.0112554
0.0112554
0.00986976
0.00986976
0.00986976
0.00986976
0.00986976
0.00986976
0.000636596
0.000428261
0.00113209
0.00113209
0.000428261
0.000428261
0.00877285
0.00877285
0.00877285
0.00877285
0.00877285
0.00877285
0.00877285
0.00326856
0.00326856
0.00326856
0.00326856
0.00326856
0.0109408
0.0109408
0.0109408
0.0109408
0.0109408
0.0109408
0.00979858
0.0150468
0.00472131
0.00536999
0.00536999
0.00536999
0.00536999
0.00441938
0.00744081
0.0123343
0.00716705
0.0166374
0.0027874
0.0027874
0.0027874
0.0027874
0.0102785
0.00691469
0.00691469
0.00711838
0.00798423
0.0107762
0.0107762
0.0107762
0.00675722
0.00636309
0.0131478
0.0108226
0.0108226
0.0108226
0.0108226
0.0108226
0.0102908
0.00877201
0.0134704
0.00805818
0.00805818
0.00805818
0.00805818
0.00805818
0.00805818
0.00805818
0.00805818
0.00805818
0.00805818
0.0104282
0.0136502
0.0073131
0.0141769
0.00944963
0.00714182
0.0145867
0.0145867
0.0145867
0.0145867
0.0145867
0.0188791
0.00676257
0.00373242
0.00676257
0.00676257
0.00723555
0.00723555
0.00502535
0.00443587
0.00443587
0.00983011
0.00983011
0.00983011
0.00873737
0.00873737
0.00873737
0.00873737
0.00873737
0.00873737
0.00873737
0.00829264
0.00829264
0.00829264
0.00829264
0.00829264
0.0107242
0.0107242
0.0107242
0.0140377
0.0140377
0.0140377
0.011055
0.011055
0.011055
0.011055
0.011055
0.011055
0.00853603
0.00853603
0.00853603
0.00853603
0.00853603
0.00853603
0.00853603
0.00690158
0.00690158
0.0124016
0.0124016
0.0124016
0.0124016
0.0117972
0.0117972
0.00848112
0.00848112
0.00848112
0.00848112
0.00848112
0.00848112
0.00779863
0.0140596
0.00985116
0.00985116
0.00985116
0.0128949
0.00461567
0.00832127
0.00832127
0.00461567
0.00461567
0.00461567
0.00432258
0.00432258
0.00432258
0.00432258
0.00340235
0.00351838
0.00351838
0.00351838
0.012619
0.00711176
0.0118966
0.0159017
0.0153762
0.0153762
0.0143893
0.00879526
0.00879526
0.00879526
0.00879526
0.0067457
0.0137776
0.0137776
0.0137776
0.00677066
0.0109601
0.00854733
0.00871152
0.00871152
0.00871152
0.00871152
0.00871152
0.0111788
0.0136763
0.0136763
0.0136763
0.0136763
0.0113486
0.0113486
0.0117209
0.00967368
0.00967368
0.00967368
0.014778
0.014778
0.014778
0.00642184
0.00642184
0.00642184
0.00723907
0.00723907
0.0068252
0.0066793
0.00294834
0.00246011
0.0050911
0.0050911
0.0050911
0.00314977
0.00124266
0.00208905
0.00208905
0.00208905
0.00122309
0.00157488
0.0152768
0.0152768
0.0152768
0.01099
0.01099
0.01099
0.01099
0.00762564
0.00762564
0.00762564
0.00762564
0.00762564
0.00762564
0.00762564
0.00762564
0.00762564
0.00762564
0.00762564
0.00556338
0.00475467
0.00475467
0.00644575
0.00644575
0.00556338
0.00556338
0.00556338
0.00556338
0.00556338
0.00556338
0.00556338
0.00406801
0.00702452
0.00345109
0.00457441
0.00815019
0.00815019
0.00815019
0.00815019
0.0146934
0.0146934
0.0146934
0.00905653
0.00905653
0.00905653
0.00905653
0.00905653
0.00905653
0.0107815
0.0107815
0.0107815
0.0107815
0.0107815
0.0107815
0.0107815
0.0107815
0.0107815
0.0107815
0.0107815
0.00982335
0.00982335
0.00982335
0.00982335
0.00982335
0.00982335
0.00982335
0.00982335
0.00982335
0.00982335
0.0102874
0.0102874
0.0102874
0.0102874
0.0103862
0.00719299
0.00719299
0.00678176
0.00663679
0.0139705
0.0139705
0.0103816
0.0079079
0.0079079
0.0079079
0.0079079
0.013112
0.0106604
0.0106604
0.0106604
0.0106604
0.0106604
0.0115631
0.0141464
0.0141464
0.0141464
0.0141464
0.0121459
0.0111372
0.00951825
0.00951825
0.00951825
0.0181451
0.0181451
0.0140196
0.0140196
0.0140196
0.0140196
0.00872013
0.0066249
0.0066249
0.0148131
0.0148131
0.0135632
0.00885554
0.00885554
0.00651688
0.0088579
0.0088579
0.0088579
0.0088579
0.0088579
0.0088579
0.0088579
0.0088579
0.0088579
0.0088579
0.0110569
0.0110569
0.0144732
0.0144732
0.0144732
0.0104257
0.0104257
0.0104257
0.0104257
0.0104257
0.0103361
0.0103361
0.0103361
0.0103361
0.0103361
0.0103361
0.0101858
0.0101858
0.0133329
0.0133329
0.0133329
0.0133329
0.00664623
0.00664623
0.00376234
0.009661
0.00711107
0.00664623
0.00664623
0.00347141
0.00435956
0.00711107
0.00735704
0.0150263
0.0150263
0.0150263
0.0150263
0.0150263
0.0093463
0.0140989
0.00436763
0.00462368
0.00477969
0.00477969
0.00477969
0.00491132
0.00491132
0.00466603
0.00878982
0.00878982
0.00878982
0.00878982
0.0158465
0.0158465
0.0158465
0.00782581
0.00617495
0.00617495
0.00916263
0.00916263
0.00916263
0.00916263
0.00916263
0.0108608
0.0108608
0.0108608
0.0108608
0.0108608
0.0108608
0.0108608
0.00707589
0.0118366
0.0158215
0.0158215
0.0164757
0.0164757
0.0164757
0.0153273
0.0153273
0.0114108
0.0114108
0.0149365
0.0149365
0.0149365
0.0149365
0.0129208
0.00845376
0.00845376
0.00871338
0.00702546
0.00702546
0.00702546
0.00702546
0.00702546
0.0117522
0.00878361
0.00878361
0.00878361
0.00878361
0.00878361
0.00992584
0.00687417
0.00687417
0.00687417
0.00648116
0.00856597
0.00856597
0.00856597
0.00833007
0.00833007
0.00833007
0.00833007
0.0150177
0.0150177
0.0150177
0.0100757
0.00809294
0.00739525
0.0142432
0.0105594
0.00675582
0.0127699
0.00702401
0.00702401
0.00702401
0.00702401
0.0114727
0.00906078
0.00906078
0.00562371
0.00328636
0.00328636
0.00359828
0.00536613
0.00536613
0.00332004
0.00328636
0.00359828
0.00536613
0.00536613
0.00991736
0.00991736
0.00991736
0.00991736
0.00991736
0.00991736
0.00465372
0.00375222
0.00375222
0.00375222
0.00363476
0.00461149
0.00476708
0.00363476
0.007522
0.00435611
0.00327011
0.00575051
0.00575051
0.00575051
0.00575051
0.00547024
0.00547024
0.00731187
0.00731187
0.00731187
0.00408124
0.00923647
0.00923647
0.00923647
0.00382024
0.00503958
0.00349018
0.00349018
0.00349018
0.00429579
0.00176654
0.00118842
0.00118842
0.00314153
0.00314153
0.00176654
0.015897
0.015897
0.015897
0.015897
0.00740101
0.0074284
0.0101334
0.0101334
0.0101334
0.0101334
0.0089093
0.0136745
0.0136745
0.0136745
0.0136745
0.0136745
0.0136745
0.00886454
0.00688438
0.0118479
0.0118479
0.0125687
0.0125687
0.00919414
0.00933055
0.0100432
0.0100432
0.0100432
0.0100432
0.0104756
0.0104756
0.0104756
0.00892953
0.0115231
0.0114461
0.0114461
0.0114461
0.00646583
0.0102224
0.0102224
0.0102224
0.0102224
0.0102224
0.0102224
0.0111656
0.00891695
0.00891695
0.00891695
0.00891695
0.00891695
0.00891695
0.00891695
0.00891695
0.00891695
0.00891695
0.0137746
0.0137746
0.00754243
0.00754243
0.00530749
0.00530749
0.00530749
0.00436794
0.0062368
0.0062368
0.0062368
0.0062368
0.0062368
0.0062368
0.0079479
0.0079479
0.0079479
0.0079479
0.0079479
0.004452
0.00469828
0.00469828
0.00358957
0.00351284
0.004452
0.0100756
0.0100756
0.00719594
0.00719594
0.0107084
0.0107084
0.0107084
0.0107084
0.0107084
0.0112169
0.0112169
0.00776832
0.00776832
0.00776832
0.00776832
0.0199476
0.00839641
0.00839641
0.00839641
0.00839641
0.00839641
0.00839641
0.00839641
0.0152827
0.0152827
0.0152827
0.0152827
0.0152827
0.0152827
0.0152827
0.0152827
0.0152827
0.0152827
0.00476384
0.00675446
0.0107813
0.00769999
0.00769999
0.00541837
0.00541837
0.00191736
0.00271855
0.00271855
0.00345668
0.00345668
0.00345668
0.00191736
0.00271855
0.00271855
0.00256264
0.00256264
0.00258605
0.00256264
0.000929119
0.00131736
0.00131736
0.00124181
0.00124181
0.00125315
0.00124181
0.0104144
0.0104144
0.0136322
0.00872774
0.00872774
0.00872774
0.00872774
0.00872774
0.011097
0.011097
0.011097
0.011097
0.011097
0.011097
0.0135761
0.00469786
0.00469786
0.00469786
0.00569769
0.00218115
0.00289112
0.00218115
0.00218115
0.0103742
0.0103742
0.0135795
0.0113601
0.0113601
0.00968343
0.01487
0.00820417
0.00820417
0.00820417
0.00820417
0.00820417
0.00820417
0.00820417
0.00820417
0.00820417
0.00820417
0.00838761
0.00838761
0.00838761
0.00838761
0.00838761
0.00838761
0.0005189
0.0108569
0.0108569
0.0108569
0.0108569
0.0108569
0.00713977
0.00702731
0.00702731
0.0104438
0.0104438
0.0104438
0.0104438
0.0104438
0.0104438
0.0104438
0.0104438
0.0104438
0.0104438
0.00806252
0.00806252
0.00806252
0.00806252
0.00806252
0.00806252
0.00780239
0.00780239
0.00780239
0.0111626
0.0111626
0.0111626
0.0111626
0.0111626
0.0108059
0.0108059
0.0141446
0.0141446
0.0141446
0.00841344
0.00841344
0.00841344
0.00841344
0.00841344
0.00841344
0.00841344
0.00841344
0.00841344
0.00841344
0.0105704
0.0105704
0.0138364
0.00840797
0.00840797
0.00840797
0.00840797
0.00840797
0.00840797
0.00840797
0.0141833
0.0098822
0.0098822
0.0098822
0.0151752
0.0151752
0.0151752
0.00705232
0.00705232
0.00705232
0.00805316
0.0078049
0.000638067
0.00847651
0.00847651
0.00824933
0.00628987
0.00881339
0.00881339
0.00384066
0.00384066
0.00384066
0.00681481
0.00378259
0.00548418
0.00541786
0.00445878
0.0105854
0.0105854
0.0105854
0.0105854
0.0105854
0.0105854
0.0105854
0.0105854
0.010702
0.010702
0.010702
0.010702
0.010702
0.010702
0.010702
0.010702
0.010702
0.010702
0.010702
0.0143792
0.0143792
0.0143792
0.00878387
0.00878387
0.00878387
0.00878387
0.0158358
0.0158358
0.0158358
0.00995992
0.00995992
0.00995992
0.0130373
0.0130373
0.0130373
0.0112402
0.00958126
0.0147131
0.0119109
0.0119109
0.0119109
0.0119109
0.0150958
0.0150958
0.0150958
0.0134744
0.0134744
0.0134744
0.0134744
0.0134744
0.0134744
0.0134744
0.0134744
0.0134744
0.0134744
0.00977371
0.00977371
0.00977371
0.00977371
0.00977371
0.00977371
0.0104785
0.0104785
0.0104785
0.0104785
0.0104785
0.00156579
0.00156579
0.0015758
0.00165456
0.00165456
0.0028136
0.00265225
0.00265225
0.00209418
0.00156579
0.00155231
0.00155231
0.00299781
0.00299781
0.00299781
0.00299781
0.00156579
0.00257386
0.0015758
0.0015758
0.00165456
0.00165456
0.0101522
0.0132889
0.0143543
0.0143543
0.0143543
0.0106369
0.0106369
0.0106369
0.0106369
0.0106369
0.0106369
0.00466127
0.0066687
0.0066687
0.00477482
0.00477482
0.00466127
0.00502573
0.00502573
0.0104577
0.0104577
0.0104577
0.00675224
0.006365
0.006365
0.0037253
0.00548289
0.0039707
0.0039707
0.00369848
0.00369848
0.00719355
0.00719355
0.00719355
0.00719355
0.00719355
0.00719355
0.00549557
0.00549557
0.00567586
0.00567586
0.00380597
0.00719355
0.00887774
0.00700497
0.016005
0.016005
0.016005
0.00900946
0.00900946
0.00900946
0.00900946
0.00900946
0.00900946
0.00900946
0.0108815
0.00753603
0.00753603
0.00753603
0.00753603
0.0112385
0.0126073
0.00867501
0.00867501
0.00867501
0.00867501
0.000810888
0.000810888
0.00983415
0.00983415
0.00983415
0.00983415
0.00983415
0.00983415
0.00843553
0.00843553
0.00843553
0.00843553
0.00843553
0.00843553
0.0133699
0.0133699
0.0133699
0.0133699
0.0133699
0.0133699
0.0133699
0.0133699
0.0133699
0.0133699
0.00425261
0.00819052
0.00450192
0.00465382
0.00465382
0.00465382
0.00970676
0.00970676
0.00970676
0.00970676
0.00970676
0.00970676
0.00970676
0.00970676
0.00325432
0.00230199
0.00468559
0.00468559
0.00247888
0.00325432
0.00230199
0.00468559
0.00468559
0.00656064
0.00300667
0.00226416
0.00300667
0.00895765
0.00895765
0.00895765
0.00895765
0.00895765
0.00895765
0.00895765
0.0111473
0.0111473
0.0111473
0.0111473
0.014128
0.014128
0.014128
0.00880858
0.00880858
0.00880858
0.00880858
0.00880858
0.00880858
0.00832591
0.00832591
0.00832591
0.00832591
0.00832591
0.0101594
0.00865994
0.0132983
0.00989037
0.00989037
0.00989037
0.00989037
0.0135735
0.00890345
0.00931906
0.00931906
0.00931906
0.0106021
0.0106021
0.0106021
0.0106021
0.0106021
0.0106021
0.0106021
0.0106021
0.0106021
0.0106021
0.00948586
0.00948586
0.0111998
0.00848998
0.00848998
0.0146602
0.0146602
0.00340576
0.00550927
0.00550927
0.00329344
0.00329344
0.00329344
0.00329344
0.00584384
0.00736405
0.00462025
0.00226213
0.0028663
0.00269843
0.00269843
0.00269843
0.00269843
0.0028663
0.00490936
0.00113525
0.00116438
0.00116438
0.00116438
0.00116438
0.00143689
0.00308145
0.0014122
0.00245468
0.00531512
0.00531512
0.00531512
0.00437422
0.00662575
0.00662575
0.00662575
0.00630282
0.00839066
0.00839066
0.00862173
0.0096899
0.0096899
0.0126838
0.0126838
0.0126838
0.0170305
0.0170305
0.00880959
0.00880959
0.00880959
0.00880959
0.00880959
0.00880959
0.00466731
0.00530857
0.00530857
0.00530857
0.00436883
0.00466731
0.00661759
0.00661759
0.00661759
0.00629505
0.0134795
0.0109455
0.0109455
0.014362
0.0079267
0.0079267
0.00750144
0.00750144
0.0100466
0.0100466
0.0100466
0.0100466
0.0100466
0.0100466
0.00802639
0.00802639
0.00802639
0.00802639
0.00802639
0.00802639
0.0144384
0.0144384
0.0144384
0.00960369
0.00960369
0.0147476
0.0147476
0.0208953
0.00914905
0.00914905
0.00914905
0.0139479
0.0139479
0.0139479
0.00769816
0.0118364
0.00757284
0.00757284
0.0117472
0.0082896
0.0082896
0.0082896
0.00826528
0.00826528
0.0112011
0.0112011
0.0112011
0.0112011
0.0141962
0.0141962
0.0141962
0.0106899
0.0106899
0.0106899
0.0106899
0.0106899
0.0106899
0.0145484
0.0145484
0.0145484
0.0145484
0.0145484
0.0145484
0.0145484
0.0145484
0.0145484
0.00842524
0.00780405
0.00780405
0.00803394
0.0151847
0.0047536
0.0047536
0.0050035
0.0048694
0.0047536
0.0047536
0.0047536
0.0116169
0.00992826
0.00992826
0.0169607
0.0169607
0.0169607
0.00852592
0.00852592
0.0128454
0.0103256
0.0103256
0.0103256
0.0103256
0.0103256
0.0103256
0.00981795
0.0150766
0.0132019
0.0132019
0.0132019
0.0132019
0.0132019
0.0132019
0.0132019
0.0101093
0.0132327
0.00877696
0.00877696
0.00877696
0.00877696
0.00877696
0.00877696
0.0100672
0.0100672
0.0100672
0.0100672
0.0100672
0.0100672
0.0100672
0.00827095
0.00827095
0.00827095
0.00827095
0.00951863
0.00951863
0.00951863
0.00951863
0.00951863
0.0097505
0.0161499
0.0161499
0.0161499
0.00696948
0.00736458
0.00736458
0.00736458
0.00736458
0.00894411
0.00894411
0.00894411
0.00894411
0.00894411
0.00894411
0.00894411
0.00894411
0.00894411
0.00894411
0.00757546
0.00578734
0.00493319
0.00493319
0.00493319
0.00493319
0.00493319
0.00493319
0.00493319
0.00493319
0.00438708
0.0084495
0.00670522
0.00670522
0.00670522
0.00670522
0.00670522
0.00670522
0.00670522
0.00670522
0.0107482
0.011546
0.00814763
0.00814763
0.0101961
0.0101961
0.0101961
0.0101961
0.0101961
0.00876313
0.00876313
0.00876313
0.00876313
0.00876313
0.00876313
0.00876313
0.00876313
0.00876313
0.00876313
0.00762978
0.0115721
0.0115721
0.0144208
0.00802672
0.00802672
0.00802672
0.00802672
0.00802672
0.00802672
0.00661231
0.00820097
0.00820097
0.00883326
0.00883326
0.00883326
0.00883326
0.00883326
0.0146833
0.0146833
0.0146833
0.0146833
0.0146833
0.0146833
0.0146833
0.0146833
0.0146833
0.00850333
0.00435449
0.00435449
0.00343591
0.00363069
0.00363069
0.00458341
0.005377
0.005377
0.00372386
0.00372386
0.0055534
0.0055534
0.0133918
