0.0754668
1.31824
0.0103249
0.148538
0.0086241
0.600117
0.0159464
0.00279284
0.0106439
0.00997018
0.0031213
0.00269995
0.0529013
0
0.00265941
0.0231943
0.188737
0.00278881
0.00531812
0.00531812
0.00921182
0.00297009
0.00531812
0.00531812
0
0.00312833
0.00292274
0.0468726
0.00918068
0.00286139
0.00564813
0
0.00535832
0.0138881
0.0138605
0
0
0
0.0110884
0.00836071
0.0204837
0.152286
0.0125792
1.00199
0.0026923
0.00266981
0.00288548
0.989805
0
0.00681704
0
0.00562258
0.010242
0
0.00267689
0
0.146905
0
0
0.00615864
0.00841423
0.327501
1
0.0417476
0
0.0124336
0.00266906
0
0.0060136
0.602704
0.0124572
0.0398859
0.00673443
0.00274696
0.0115498
0.00569989
0
0.00349159
0.00273749
0.00281941
0.0252847
0.0058628
0
0.0114724
0.00266906
0.00469901
0
0.0059539
0.0682986
1.03227
0.00292306
0.015006
0.105147
0.0118438
0
0.0118438
0.00609975
0.00282834
0
0.0084289
0.0224017
0
0.00310036
0.323769
0.0123161
0
0.00291415
0.00295833
0.00269339
0.00272876
0.0284232
0.136786
0.283844
0.0171518
0.0340511
0.00893258
0.00406046
0.00300999
0.0214102
0.011193
0.00286566
0.0151117
0.00789836
0.00287955
0.00878737
0.00603062
0.10983
0
1.00462
1.00303
0.317429
0.0028561
0.00273494
0.0284022
0
0.00253796
0.00582598
0.175781
0.0108643
1
0.970965
1
0.0136389
0.0027706
0.0938585
0.00262768
0.00630875
0.00281129
0.383573
0
0.0126867
0.987474
0.627889
0
0
0.0028561
0.00715484
0
0.00934019
0.00323543
0
0.0253438
0.00262768
0
0.00275604
0.00285262
0
0.00285262
0.955199
0.00373964
0.0107821
0.00826869
0.0024805
0.0217472
0.00450414
0.00241406
0.00299196
0.0024805
0.00570942
0.0284824
0.00248119
0
0.0148788
0
0.0024805
0
0.00556401
0.00570872
0.909822
0.736248
0.00818921
0.0079566
0.0415478
0.00570872
0.00413876
0.00586155
0.00965711
0.00365972
0
0.071539
0.00289713
0
0
0.105709
0.637724
0.214099
0.438133
0.00329951
0.00278259
0.00260133
0.479892
0.315335
0.431399
0.00262768
0.00272803
0.00262768
0.015049
0.162007
0.00274507
0.0035832
0.262398
0.386466
0.724243
0.0169334
0.0100786
0.00613184
0.00802884
0.480054
0.326614
0.00291614
0.0870691
0.00666821
0.0100007
0.00821014
0.0028028
0.00805453
0.0345198
0.00285469
0.0374149
0.028319
0.00247163
0.0848064
0.00617908
0.00247163
0.028319
0.0303721
0.00411939
0.00247163
0.545164
0.00586229
0.0186844
0.00298779
1
0.00290655
0.015191
0.00582818
0.00550936
0.146654
0.0107174
0.0147009
0.0115308
0.514974
0.00389725
0.00289648
0.990841
0.00274261
0.00299247
0.00689047
0.877097
0.00266081
0.00273551
0
0.0419161
0.00271314
0.126841
1
0.00247163
0.00301781
0.0132831
0.0830341
0.0229833
0.255823
0.00298624
0.0171479
0.0107174
0.00552303
0.353293
0.69145
0.0883983
0.0783631
0.0058116
0.00304237
1
0.0193011
0.0203518
0.0189396
0.00249368
0.0157282
0.00256086
0.00535016
0.0136666
0.670337
0.360138
0
0.00285171
0.00287371
0
0.00285171
0.00285171
0.00813734
0.180168
0.0104958
0.00399755
0.00418791
0.0500513
0.0164908
0.0104958
0.0138056
0.00310367
0.00258999
0.0347265
0
0.00290387
0.00306582
0.10363
0.00666683
0.131877
0
0.967108
0.85188
0.00281319
0.0139287
0.00839596
0.142572
0
0.0109933
0.0148431
0.00278579
0.00399755
0.00680012
0.00563922
0.0199921
0.409176
0.00777497
0
0.00439206
0.0110922
0.145953
1.01653
0
1.00501
1.06777
0.00260727
0.00542211
0.00289714
0.00269408
0
0.00274105
0.0130364
0.00257787
0.0683676
0.00658088
0.00610906
0.00503244
0.00297824
0
0.217372
0
0.00370598
0.00301505
0.00619612
0
0.990221
0.291689
0
0
0.00359254
0.00543738
0.00342206
0
0.00630871
0.0150142
0.00404554
0.00290757
0
0.00878178
0
0.00269827
1
0.381538
0.00564906
0.00282364
0.00529543
0.0395608
0.0121366
0.00306165
0.0613876
1
0.00445165
0.00311237
0.00856325
0
0
0.00296777
0.74501
0.258892
0.0226167
0.00590383
0.0221394
0.00283188
0.0436629
0.00307984
0.00283188
0.00386165
0.003064
0.0316535
0.00283188
0.369139
0.216477
0.212666
0.00511749
0.0027285
0.394784
0.089443
0.197836
0.00934944
0.314927
0.127232
0.00297034
0.00810285
0.00810285
0.00818653
0.00810285
0.846818
