0.0743554
1.29883
0.401331
0.154521
0
1.03571
0
0.00278075
0.00274044
0
0.0204752
0
0.0140445
0.00309686
0.0108947
0.0179285
0.015932
1.02976
0.00268593
0.00281753
0.0835763
0.00275174
0.00335741
0.00336306
0.0134296
0.00275561
0.00314305
0
0
0.0259739
0.0109539
0.0245311
0.0233529
0.980115
0.00591818
0.00619914
0.00591651
0
0.00620506
0.00591651
0.00578127
0.00551136
0.00609
0.240626
0.00254432
0.00858674
0.00340221
0.0221869
0.00584364
0.0198373
0.00783177
0.0149823
0.0060398
0.00591651
0.00621727
0.00299647
0
0.0295826
0.00900464
0.00844527
0.00603901
0.0735435
0.0426064
0.0817985
0.36131
1.03861
0.00895231
0.00409471
0.00335244
0.00702472
0.00538562
0.00556056
0.00538562
0.00538562
0.00260428
0.00556056
0.0493779
0.00823134
0.00707649
0.0323137
0.00940994
0.002795
0.0179771
0.00857418
0.0137071
0.0138952
0
0.00538562
0
0.00272756
0.06317
0.00309037
0.00276907
0.00575716
0
0.0166264
0.0339422
0.0157497
0.0736756
0.0998847
0.423059
0.0163224
0.00567774
0.00445113
0.00719191
0.00263703
0.013411
0.00281905
0.00957605
0.00275897
0.108815
0.0115514
0.00289194
0.0243632
0.0252258
0.00277904
0
0.0217262
0.0243632
0.00295862
0.00804538
0.0252258
0.0700014
0.0187005
0.0165126
0.0478018
0.0812107
0.00265664
0
0.0141526
0.0156356
0.0328873
0.0119616
0.00918632
0.0150064
0.0163178
0.0326446
0
0.00597762
0.0102682
0
0
0.00282864
0
0.0165275
0.0973453
0.0258124
0.545537
0.0364892
0.999793
0.00848265
0.00877421
0.00883718
0.0138935
0.00292285
0.00848026
0
0.883248
0.0771675
0
0.00883988
0.262482
0.00839357
0.00260193
0.00291677
0.0326855
0.03393
0.00758081
0.0385837
0.0242053
0.524258
0.0326855
0.00283054
1.01599
0.00275028
0.00299745
0.00526126
0.03393
0.0630391
0.0539149
0.00299745
0.00555
0.00559938
0.196113
0.00833364
0.00277868
0
0.00589695
0.00809194
0.0444515
0.0142008
0.00368202
0.0314846
0.00848026
0.00559938
0.0381476
0.00595448
0.00543841
0.0223356
0.00298117
0.00988381
0.0085541
0
0.0943186
0.0312792
0.0933548
0.0837659
1.0279
0.0078812
0.00255802
0.002651
0.00940023
0.0025573
0.00513897
0.0391332
0.00257309
0.00255802
0.00292602
0.0239032
0.0027228
0.00258094
0.00561963
0.00279464
0.00540101
0.00317713
0.00290618
0.554621
0.0199117
0.011002
0.00280635
0.00325392
0.00268541
0.0107493
0.0405076
0.0139329
0.00638514
0.0028208
0.00282007
0.00505696
0.00571073
0.0057326
0.0166482
0
0.00814102
0.00265877
0.00258094
0.0786157
0.00274001
0.00556873
0.0162768
0.00474957
0.00266157
0.00294609
0
0.00534461
0.0383219
0.00284974
0.00260967
0.00282639
0.0675356
0.0611526
1.00352
0.0139732
0.00275896
0.0139772
0.00560416
0.0280352
0.00296155
0.0139435
0.0413258
0.00275793
0.0145767
0.0139811
0.00550448
0.0111581
0
0.00289693
0.0563668
0.00275871
0.107475
0.00801374
0.0106569
0.0161614
0.0224107
0.306306
0.0106569
0.021495
0
1.01798
0.00290887
0.00533132
0
0.205741
0.00465953
0.0085635
0.0537856
0.0291912
0.0355231
0.0224625
0.0112007
0.00533361
0.0221571
0.00577616
0.0182259
0.049557
0.123915
0.00504673
0.00302696
0.0266661
0.0291912
0
0.00454394
0.0190088
0.00788189
0.0146298
0.00297104
0.0417904
0.00504957
0.0266661
0.00549139
0.0138633
0.0201602
0
0.874786
0.997557
0
0.0084953
0.00258288
0
0.0154926
0.00285133
0.990256
0.0113099
0.00287586
0.143655
0
0.010028
0.00579972
0.0167117
0
0.0254518
0.0030699
0.0025552
0.228763
0.00873801
0.00290707
0.0542047
0.00748488
0.0212848
0.035766
0.213338
0.3782
0.994964
0.0363271
0.00821799
0.00276882
0.0197279
0.0583752
0.0028961
0.00264282
0
0.570109
0.0484834
0.0052162
0
0.00279728
0.113407
0.00280206
0.00398501
0.00560585
0.0217175
0.00779698
0.0143881
0.0207308
0
0.0324762
0.0132714
0.014247
0.0814375
0
0.00532983
0.0161941
0.0111052
0.0895891
0.0646664
1.07887
0.0378937
1
0
0
0.234029
0.00257356
0.00811015
0
0.00270628
0.041039
0
0.646556
0.0670615
0
0.0337701
0.00539508
0.00556657
0.00321004
0.00288153
0.0218289
0
0.0198464
0.00292117
0.00277108
0.00277192
0.00830048
0.00269985
0.010432
0.0159197
0.00260005
0.00801258
1.03945
1.05761
1.01059
0.0154856
0.0483524
0.00262686
0.00516122
0.0154812
0.0103402
0.0358045
0.277464
0.0287566
0.0157902
0.00791984
0.104328
0.00375733
0.0144649
0.0054922
0.0344679
0.0154812
0.00953009
0.00281261
0.00258303
0.0536385
0.00834402
0.015205
0.0105407
0.0194043
0.994535
0.632379
0.00515131
0.00515276
0.017152
0.00267622
0.0053064
0.00515421
0.00515276
0.00538225
0.0320961
0.0255795
0.00305669
0.00262319
0.00515276
0.00515276
0.00541366
0.00252831
0.0160871
0.00515276
0.006721
0.0385919
0.00341342
0.0164712
0.00262544
0.0587404
0.926966
0.0215936
0.0223773
0.00281414
0.0160787
0.00259947
0.0135342
0.0391356
1
0.00520221
0.00821401
0.00522912
0.00545509
0.00520221
0.0277522
0.00507033
0.00520221
0.712669
1
0.00520221
0.0240078
0.00520221
0.0108287
0.0104042
0.00293635
0.00804987
0.00284777
0.00598471
0.0371851
1
0.00347999
0.0163776
0.0647892
0.143258
0.776807
0.00668384
0.00292368
0.0259918
0.00793454
0.00263692
0.00845729
0.0108485
0.00283746
0.012733
1.00011
0.0289282
0.00257397
0.019256
0.0499669
0.141481
0.516675
0.0651533
0.00291758
0.00792882
0.00268091
0.0191984
0.0549636
1
0.0852337
0.0463524
0.0290503
0.0541898
0.23969
0.591956
0.0232572
0.00251917
0.0052235
0.0245829
0.0095083
0.109945
1
0.0632282
0.0438457
0.0292305
0.0876914
0.854694
0.497953
0.0305621
0.132444
1
1
0.00887284
0.0225948
0.145784
0.0123278
0.00287649
0.779795
0.455888
0.00582549
0.0172869
0.0060376
0.00582385
0.00582385
0.0217059
0.00582385
0.0117834
0.00445164
0.00294736
0.00588245
0.00565048
0.0164596
0.0115182
0.00290094
0.0195418
0.0076827
0.00308647
1.11887
0.00809833
0.0255588
0.00822521
0.00862717
0.00840549
0.00286647
0.00845852
0.00840549
0.00822521
0.00796044
0.00564797
0.00898606
0.0067062
0.00845852
0.00822521
0.0143134
0.0308445
0.0267925
0.00274423
0.0171952
0.0142569
0.028303
0.0187261
0.00862717
1.00735
0.00267336
0.00686209
0.00267261
0.0029134
0.0630816
0.00280353
0.00267261
0.0187419
0.00567135
0.00267261
0
0.0939466
0.0112544
0.00274083
0.00552753
0.00827916
0.318714
0.0114872
0.00435163
0.00802436
0.00288194
0.00553174
0.00827916
0.00539312
0.0310469
0.0661691
0.00589026
0.0610407
0.0395587
0.0766247
0.0253138
0.0056617
0.9313
0.0364327
0.00827916
0.00564214
0.00288961
0.0145436
0.0086833
0.00293803
0.00851872
0.0823951
0
0.00851872
0.00280796
0
0.0151548
0.00393791
0.0555892
0.0117502
0.00275654
0.00392779
0.00553801
0.0411981
0.00265333
0.00267403
0.0171652
0.0143326
0.00685301
0.00294736
0.0233772
0.0459198
0.0928994
0.0536261
0.00292752
0.687588
0.0160501
0.00259884
0.0605686
0
0.0027031
0.00833043
0.330807
0.00546055
0.0142525
0.0146203
0
0
0.00298752
0.0192718
0.00300864
0.0633192
0.138692
0.0110328
0
0.0138401
0.0031961
0.120812
0.0113683
0.098629
0.0501203
0.00288948
0.895605
0.0116676
0.00808422
0.00290131
0.0112029
0.0106732
0.0070936
0.00883904
0.00303659
0.00294039
0.0442152
0.00280897
0.0221126
0.0250139
0.00819453
0.00274423
0.0109066
0.04931
0.0217944
0.0262014
0.00287758
0.00276141
0.0250139
0.00967104
0.0199078
0.0136662
0.188323
0.0085424
0.0114962
0.0258912
0.0122063
0
0.00277896
1.02059
0.00290131
0.00529814
0.00353693
0.0202105
0.00294039
0.00271658
0.0228447
0.00811627
0.00299122
0.0100964
0.0060088
0.0211987
0.0548998
0.0185287
0.018876
0.00605276
0.00865105
0.0109338
0.0027814
0.00291567
0.0191969
0.0451448
0.0276485
0.322643
0.0281127
0.00303905
0.00569535
0.979336
0.0130475
0.0291188
0.00560117
0.00280923
0.0102627
0.00291762
0.0130512
0.0130548
0.00355297
0.0333294
0.00644988
0.0300905
0.00779779
0.0130512
0.0339376
0.00284151
0
0.0113138
0.00258663
0.0305396
0.00265663
0.00265663
0.0148866
0.00256548
0.0135339
0.0027817
0.138361
0.00260634
0.00265663
0.00419468
0
0
0.00298173
0
1
0.00278844
0.0024721
0.00250948
0.00272052
0.0335992
0.0227611
0.013235
0.0024721
0.0350355
0.00248642
0.0024721
0.00290764
0.00412016
0.00279442
0.0188869
0.0339429
0.0321597
0.0401404
0.051992
0.0167637
0.0170326
0.0121932
0.00266204
0.0102049
0
0.025394
0.014026
0.104007
0.00390552
0.00287166
0.00278844
1.02648
0.00283485
0.00287876
0.0054121
0.00559199
0.00283565
0.0267466
0.00283645
0.00940041
0.00574634
0.00269804
0.00646166
0.00294395
0.00289781
0.00283565
0.00329419
0.00303022
0.175296
0.0302589
0.0028401
0.00564249
0.00262902
0.0029282
0.0324044
0.0224485
0.0110124
0
0.324528
0.0478412
0
0.00596067
1
0.00535175
0.00257405
0.00559219
0.0119098
0.0074723
0.0198877
0
0.00283565
0.0171991
0.00535175
0.0028775
0.00579527
0.00375892
0.00286971
0.00782638
0.0207283
0.0171781
0.0141311
0.00561704
0.00578679
0.0493528
0
0.0572613
0.00586194
0.0348009
0.008387
0.00239238
0.0401129
0.00576612
0.00274746
0.415566
0.0076019
0.720799
0.962803
0.00821132
0.0025161
1.00201
0.00293695
0.00580375
0.0142079
0.00303484
0.0182244
0.00306446
0.00294854
0.00293778
0.00568475
0.00679832
0.00979259
0.00554025
0.00293778
0.0437204
0.00294937
0.00280769
0.00274538
0.00294937
0.00294937
0.495964
0.00297243
0
0.00299487
0.00274538
0.00294658
0.0431831
0.00307656
0.00564818
0.00254213
0.00294937
0.00240434
0
0.991033
0.0117027
0.00254213
0.00307433
0
0.0848932
0.00269925
1
0.00825959
0.0119653
0
0.0115057
0.0208549
0.00254213
0.005576
0.00853143
0.00914091
0.00847495
0.0373786
0.0157077
0.00280849
0.00266211
0.0390332
0.0191625
0.0275582
0.00580152
0.00584261
0.0190895
0.00541538
0
0.0218741
0.0227917
0.122683
1.14693
0.0986787
0.00293778
0.635394
0.00278686
0.0109277
0.0137624
0.00560774
0.00278765
0.00278843
0.013056
0.00278765
0
0.0030861
0.0028016
0.0190279
0
0.00285695
0.114103
0.00863701
0.00275565
0.00862346
0
0.994136
0.00538648
0.0200635
0.0114251
0.00538648
0.00345465
0.0809646
0.0134713
0.00861707
0.0131901
0.00508322
0.00248046
0.0222836
0.0255881
0.00638223
1.00874
0.00538648
0.932062
0.00246331
0.0291682
0.019241
0.00247002
0
0.0787656
0.0166235
0.00247072
0.0189993
0
0.0165286
0.00255173
0.0191459
0
0.0171691
0
0.00560329
0
0.0189993
0
0.0998616
0
0.0259442
0.0169014
0.019701
0
0.0172857
0.00287736
0.00288062
1.01711
0.0194922
0.00406495
0.0172096
0.0106705
0.00276017
0.00953611
0
0.0024637
0.00858101
0.00276735
0.0326006
0
0.0167025
0.0084436
0.0311309
1.0661
0.966371
0.990922
0.00801921
0.065952
0.0336086
0.0954232
0.0451507
0.002637
0.00784201
0.002637
0.00261664
0.0209572
0.0113014
0
0.00821112
0
0.002518
0.00786035
0.002637
0.0263409
0
0.0136259
0
0.0136259
0.00532401
0.0027403
0.002518
0
0.0137879
0
0.0141185
0.0227413
0.092463
0.0136259
0
0.00836562
0.0235873
0.0138208
0.0253614
0.0142673
0.00839397
0
0.297158
0.0349805
0.0542708
0.00287929
0.00283986
0.00433022
0.0352919
0.0217996
0
0.00287543
0.00277508
0.0108144
0
0.00268846
0.00532401
0.0130467
0.0163561
0.147844
0.00370665
0.02614
0.00532401
0.002637
0.00553258
0.0216472
0.0323643
0.985124
0.0108578
0.990196
0.974803
0.0077271
0.01063
0.016521
0.00743558
0.00743558
0.00755403
0.00768314
0.00739996
0.00743558
0.0124085
0.00271005
0.0109235
0.00247472
0.0485267
0.00779264
0.0129294
0.0555915
0.00532878
0.0216409
0.00293847
0.00360778
0.00828345
0.0055104
0.0036941
0.00256777
0.0688062
0.00276115
0.00437887
0.00563373
0.0274302
1
0.284448
0.00919474
0.00802382
0.0459737
0.00766229
0.00544493
0.00301765
0.00280455
0.00271935
0.00803509
0.00270683
0.00739196
0.00301502
0.0122889
1.01611
0.393567
0.00582118
0.00279708
0.0172045
0.00575771
0.00300783
0.00307512
0.00645776
0.00374011
1.03153
0.0144987
0.00273601
0.990802
0.482882
0.00263783
0.0174173
0.00294257
0.00298734
0.0308468
0.993616
0.0109189
0
0.0401784
0.0109358
0
0.0956289
0.0109389
0.0114536
0.0109389
0.134574
0.0109389
0.0107047
1.00883
0.460878
0.0101981
0.0198
0.00350654
0.0109389
0.0055899
0.136563
0.0109389
0.011691
0.03717
0.0150495
0.0407697
1
0.110316
0.058839
0.00390072
0.126076
0.0184753
0.056372
0.984578
0.382986
0.019302
0.00923765
0.00258156
0.00561947
0.0616582
0.0706025
1
0.148377
0.0524473
0.0349747
0.104895
1.08034
0.312109
0.0366085
0.0419578
1
0.253055
0.22707
