0.0124349
0.0124349
0.0124349
0.0124349
0.0124349
0.0086271
0.00984435
0.00984435
0.0102443
0.0102443
0.0102443
0.0102443
0.0102443
0.0102443
0.0102443
0.0102443
0.0102443
0.0102443
0.0073708
0.0073708
0.0073708
0.0073708
0.0124909
0.00732125
0.00732125
0.00732125
0.00807532
0.00807532
0.00807532
0.00343142
0.00343142
0.00343142
0.00343142
0.00343142
0.00343142
0.00343142
0.00343142
0.00343142
0.0146422
0.0146422
0.0146422
0.0146422
0.0146422
0.0146422
0.0146422
0.0146422
0.00424417
0.00424417
0.00424417
0.00424417
0.0130758
0.0110903
0.00965351
0.00965351
0.00965351
0.00837275
0.0100865
0.0100865
0.00536161
0.00568808
0.00568808
0.00297894
0.00297894
0.00297894
0.00297894
0.000907614
0.000907614
0.000907614
0.000907614
0.000907614
0.00129018
0.00128432
0.00171268
0.00171268
0.00171268
0.00657595
0.00657595
0.00657595
0.00657595
0.00657595
0.00657595
0.00657595
0.00916709
0.00961274
0.00961274
0.00506268
0.00506268
0.00506268
0.00506268
0.00506268
0.00506268
0.00506268
0.00716394
0.0126757
0.00935815
0.00935815
0.0127854
0.00943916
0.00943916
0.0152191
0.0152191
0.0152191
0.0152191
0.0152191
0.0152191
0.0152191
0.0152191
0.00896761
0.00896761
0.00896761
0.00760516
0.00760516
0.00760516
0.0133441
0.0133441
0.0126422
0.0132509
0.00865355
0.00865355
0.00865355
0.00865355
0.00865355
0.0145449
0.0102701
0.0102701
0.0102701
0.0102701
0.0102701
0.0135567
0.00957232
0.00957232
0.00957232
0.00957232
0.00957232
0.00753215
0.00753215
0.00777372
0.00777372
0.00777372
0.00777372
0.00690933
0.007936
0.007936
0.007936
0.007936
0.00381549
0.00943446
0.00943446
0.00943446
0.00943446
0.00943446
0.00808788
0.00808788
0.00808788
0.00808788
0.00808788
0.00874965
0.00874965
0.00874965
0.00874965
0.00874965
0.00874965
0.00831681
0.0100191
0.0100191
0.0100191
0.0100191
0.00381951
0.00381951
0.00402272
0.0032318
0.0032318
0.00832245
0.00832245
0.00832245
0.00832245
0.00656782
0.00410563
0.00410563
0.00410563
0.00410563
0.00410563
0.00473697
0.0127358
0.0127358
0.0127358
0.0127358
0.0127358
0.00885524
0.00885524
0.0133261
0.00806285
0.00740403
0.00740403
0.00740403
0.00740403
0.00740403
0.00740403
0.0131796
0.00930608
0.00930608
0.00930608
0.00930608
0.00930608
0.00648178
0.00648178
0.00648178
0.00648178
0.0103807
0.00927421
0.00960262
0.00960262
0.00960262
0.00960262
0.00960262
0.00960262
0.00960262
0.00960262
0.00960262
0.00690005
0.00542136
0.00542136
0.00712955
0.00712955
0.00712955
0.00712955
0.00712955
0.00542136
0.0127483
0.0127483
0.0127483
0.0127483
0.0127483
0.0127483
0.0127483
0.0127483
0.0127483
0.0127483
0.0138045
0.0138045
0.00766986
0.00786963
0.00786963
0.00786963
0.00786963
0.00889659
0.0128127
0.00836739
0.00836739
0.00836739
0.00836739
0.00945931
0.00945931
0.00774301
0.00774301
0.00774301
0.00786906
0.0131408
0.0131408
0.00875345
0.00875345
0.00875345
0.0130181
0.0130181
0.0130181
0.0130181
0.0130181
0.0130181
0.0130181
0.00660073
0.00700265
0.00700265
0.00466467
0.00466467
0.00466467
0.00466467
0.00700265
0.0101273
0.0101273
0.00338634
0.00338634
0.00338634
0.00338634
0.00338634
0.00338634
0.00843776
0.00843776
0.00843776
0.00843776
0.00843776
0.00843776
0.00843776
0.00843776
0.00957645
0.00957645
0.00957645
0.00957645
0.00957645
0.00957645
0.00957645
0.00769521
0.00729446
0.00729446
0.00729446
0.00729446
0.00729446
0.00729446
0.0131678
0.00859931
0.00859931
0.00859931
0.00701198
0.00701198
0.00701198
0.00701198
0.00701198
0.00701198
0.00701198
0.00446349
0.00446349
0.00446349
0.00714029
0.0146373
0.0147218
0.0147218
0.0147218
0.0147218
0.0147218
0.0124557
0.0124557
0.0124557
0.0124557
0.0124557
0.0124557
0.0124557
0.00753624
0.012893
0.012893
0.012893
0.012893
0.012893
0.0124988
0.00816238
0.00816238
0.00816238
0.00816238
0.00816238
0.00957386
0.00957386
0.0128803
0.0128803
0.00841156
0.00841156
0.00841156
0.00853832
0.00853832
0.00853832
0.00444327
0.00444327
0.00444327
0.00444327
0.00444327
0.00444327
0.00444327
0.00710795
0.0139285
0.00909606
0.00909606
0.00909606
0.00909606
0.00909606
0.0102831
0.0102831
0.00717315
0.00754453
0.00754453
0.00754453
0.00754453
0.00754453
0.00347018
0.00347018
0.00347018
0.00347018
0.00347018
0.00347018
0.00347018
0.00347018
0.00886602
0.00886602
0.00886602
0.00968444
0.0122626
0.0122626
0.0122626
0.0122626
0.0122626
0.00964841
0.00872394
0.00826962
0.00826962
0.00832554
0.00832554
0.00832554
0.00832554
0.00832554
0.00832554
0.00832554
0.00423961
0.00423961
0.00423961
0.00423961
0.00423961
0.00423961
0.0122144
0.0122144
0.0122144
0.0122144
0.0122144
0.0122144
0.0122144
0.0122144
0.0122144
0.00904149
0.00857042
0.00980303
0.00771369
0.010439
0.00821413
0.00821413
0.00821413
0.00821413
0.00821413
0.0140615
0.00918294
0.00918294
0.00918294
0.00918294
0.0078442
0.00915433
0.00915433
0.00915433
0.00720325
0.0119373
0.00881302
0.00881302
0.00881302
0.00881302
0.00881302
0.00881302
0.00881302
0.0122452
0.0122452
0.0122452
0.0122452
0.0122452
0.0122452
0.0122452
0.00904037
0.015351
0.0105738
0.0105738
0.0105738
0.0105738
0.0105738
0.00887569
0.00842732
0.00842732
0.00842732
0.00726898
0.00689043
0.00689043
0.00689043
0.00689043
0.00689043
0.00711316
0.00444653
0.00444653
0.00444653
0.00444653
0.00444653
0.00714563
0.00828886
0.00828886
0.00828886
0.00761157
0.00761157
0.00761157
0.00761157
0.00761157
0.00789295
0.00789295
0.00789295
0.00789295
0.00702477
0.00824863
0.00931391
0.0135319
0.0135319
0.0135319
0.00751838
0.00416569
0.00416569
0.00416569
0.00416569
0.00688494
0.0131132
0.00686758
0.00686758
0.00686758
0.00686758
0.00686758
0.00904039
0.00882473
0.00868337
0.00868337
0.00868337
0.00868337
0.0147413
0.0147413
0.0147413
0.0147413
0.0147413
0.0147413
0.00786798
0.00786798
0.00786798
0.00833641
0.00833641
0.00833641
0.00833641
0.00951264
0.00951264
0.00951264
0.00903225
0.00903225
0.00903225
0.00903225
0.00903225
0.00190597
0.0106355
0.00885154
0.00885154
0.00885154
0.00885154
0.0128356
0.0128356
0.0128356
0.0128356
0.0128356
0.0128356
0.0128356
0.0142145
0.0142145
0.00789765
0.00789765
0.00789765
0.00789765
0.0118225
0.0118225
0.0118225
0.0118225
0.0118225
0.0118225
0.0118225
0.00872827
0.00881866
0.0136143
0.0136143
0.0136143
0.0136143
0.0136143
0.0136143
0.0136143
0.0136143
0.0136143
0.0136143
0.00882942
0.00810796
0.00810796
0.00810796
0.00810796
0.00810796
0.00810796
0.00788372
0.00428428
0.00277188
0.00277188
0.00277188
0.00277188
0.00277188
0.00277188
0.00277188
0.00277188
0.00237579
0.00153711
0.00153711
0.00153711
0.00153711
0.00153711
0.00153711
0.00153711
0.00237579
0.0117874
0.0117874
0.0117874
0.0117874
0.0117874
0.0117874
0.0117874
0.0117874
0.00841773
0.00841773
0.00841773
0.00841773
0.00841773
0.00841773
0.00841773
0.00841773
0.0131431
0.0146647
0.0103547
0.0103547
0.0103547
0.0103547
0.0103547
0.0103547
0.0103547
0.00814779
0.00852013
0.00807642
0.00807642
0.00807642
0.00807642
0.00807642
0.00807642
0.00807642
0.00874901
0.00874901
0.0100944
0.00989073
0.00989073
0.00349622
0.00349622
0.00349622
0.00349622
0.00349622
0.00807242
0.00807242
0.00807242
0.00807242
0.00807242
0.00807242
0.00807242
0.013407
0.00985974
0.00684437
0.0148071
0.0148071
0.0148071
0.0148071
0.0148071
0.0148071
0.0148071
0.0148071
0.0148071
0.0148071
0.0148071
0.00816547
0.00816547
0.00816547
0.00816547
0.00816547
0.00816547
0.00816547
0.00816547
0.00819396
0.00649087
0.00678098
0.00678098
0.00364128
0.00364128
0.00364128
0.00489072
0.00463455
0.00463455
0.00463455
0.010289
0.010289
0.010289
0.010289
0.00895604
0.00895604
0.00788136
0.00901487
0.00709351
0.00709351
0.0148278
0.0104698
0.0104698
0.0104698
0.0104698
0.0104698
0.0104698
0.0120442
0.01091
0.01091
0.00405664
0.00711782
0.00711782
0.00405664
0.00405664
0.00936318
0.00699137
0.00741708
0.00741708
0.00741708
0.00741708
0.00699137
0.0143864
0.00799314
0.00768495
0.00768495
0.00768495
0.00768495
0.00768495
0.00768495
0.00768495
0.00339958
0.00360658
0.00360658
0.00188882
0.00360658
0.00339958
0.00339958
0.00339958
0.00237174
0.00237174
0.00237174
0.00237174
0.00360905
0.00360905
0.00205689
0.00205689
0.00729538
0.00690805
0.00690805
0.00690805
0.00690805
0.0126461
0.00892934
0.00892934
0.00892934
0.00892934
0.00702622
0.0123798
0.0123798
0.0123798
0.00687828
0.00917935
0.00917935
0.00917935
0.00917935
0.00815866
0.00878755
0.0087058
0.0087058
0.0087058
0.0087058
0.0087058
0.0134399
0.00787752
0.00787752
0.00787752
0.00655293
0.00695194
0.00416301
0.00416301
0.00416301
0.00416301
0.00655293
0.00655293
0.0100556
0.00416506
0.00416506
0.00416506
0.00416506
0.00666288
0.0138795
0.0138795
0.0138795
0.0138795
0.0138795
0.0138795
0.0138795
0.00766721
0.00766721
0.00766721
0.00766721
0.00766721
0.00766721
0.0075888
0.00914205
0.00914205
0.00802758
0.00802758
0.00802758
0.00802758
0.00430622
0.00470817
0.00470817
0.00470817
0.0049684
0.00688869
0.0138089
0.00893418
0.00893418
0.00697472
0.00697472
0.00697472
0.00635332
0.00674018
0.00448983
0.00448983
0.00448983
0.00352994
0.00448606
0.00448606
0.00448606
0.00448606
0.00448606
0.00352994
0.0110293
0.0110293
0.0096004
0.0096004
0.013109
0.013109
0.013109
0.013109
0.013109
0.013109
0.013109
0.013109
0.013109
0.0123789
0.0129912
0.0129912
0.0129912
0.0129912
0.0129912
0.0129912
0.0129912
0.0133285
0.00740539
0.00740539
0.00740539
0.00740539
0.00740539
0.00740539
0.011828
0.011828
0.011828
0.011828
0.011828
0.011828
0.00784915
0.00784915
0.00784915
0.00784915
0.00768122
0.00874127
0.0125358
0.0125358
0.0125358
0.0125358
0.0125358
0.00816536
0.00774013
0.00774013
0.0121517
0.0121517
0.0121517
0.0121517
0.0121517
0.0121517
0.0121517
0.0121517
0.0118558
0.0124423
0.0124423
0.0124423
0.0124423
0.0124423
0.0124423
0.0124423
0.0124423
0.00708715
0.00751869
0.00751869
0.00751869
0.00751869
0.00751869
0.00784011
0.00784011
0.00784011
0.00784011
0.00784011
0.00784011
0.00784011
0.00886322
0.00693765
0.00693765
0.00693765
0.00693765
0.00693765
0.00693765
0.0133635
0.00982774
0.0114164
0.0103413
0.0103413
0.0103413
0.013043
0.00959204
0.00831314
0.00831314
0.00831314
0.00831314
0.00831314
0.00831314
0.0117655
0.0106575
0.0106575
0.00429463
0.00440546
0.00440546
0.00440546
0.00833398
0.00833398
0.00833398
0.00950987
0.00762479
0.00762479
0.00762479
0.00762479
0.00762479
0.00762479
0.00762479
0.0121268
0.0121268
0.0121268
0.0121268
0.0121268
0.0121268
0.0139446
0.00984622
0.00984622
0.00984622
0.00984622
0.00774768
0.00790809
0.00790809
0.00790809
0.00790809
0.00790809
0.00790809
0.00790809
0.0101087
0.0101087
0.00696976
0.00696976
0.00696976
0.00757764
0.0107442
0.0107442
0.0128614
0.0128614
0.0128614
0.00714588
0.00711461
0.00711461
0.00711461
0.00711461
0.00711461
0.00711461
0.00711461
0.00978203
0.00978203
0.00978203
0.00978203
0.00978203
0.0140594
0.0103797
0.00853106
0.00853106
0.00853106
0.00853106
0.00808679
0.00795047
0.00957775
0.00957775
0.00957775
0.00957775
0.00753643
0.00753643
0.012711
0.012711
0.012711
0.012711
0.012711
0.012711
0.012711
0.012711
0.012711
0.00697868
0.00436247
0.00436247
0.00697868
0.00788099
0.00397757
0.00397757
0.00678617
0.00678617
0.00678617
0.00835141
0.00848736
0.00742278
0.0124604
0.00957317
0.00957317
0.00957317
0.00957317
0.00898732
0.00898732
0.00898732
0.00540205
0.00540205
0.00710416
0.00710416
0.00710416
0.00710416
0.00710416
0.00454764
0.00806989
0.00806989
0.00806989
0.00806989
0.00806989
0.00806989
0.00806989
0.00806989
0.00764963
0.0138618
0.0138618
0.0138618
0.0138618
0.0138618
0.0138618
0.0138618
0.0138618
0.0138618
0.0138618
0.0138618
0.0139592
0.0107247
0.0107247
0.0107247
0.0107247
0.0107247
0.012354
0.012354
0.012354
0.012354
0.012354
0.012354
0.012354
0.012354
0.00912063
0.0047789
0.0047789
0.00348305
0.00348305
0.00308194
0.00308194
0.00308194
0.00308194
0.0047789
0.00302068
0.00302068
0.00302068
0.00302068
0.00367157
0.0047789
0.00258947
0.00258947
0.00258947
0.0038609
0.00345101
0.00345101
0.00253089
0.0132862
0.0132862
0.0132862
0.0132862
0.0132862
0.0132862
0.0132862
0.0118093
0.0118093
0.0118093
0.0118093
0.0128639
0.00946032
0.0126123
0.0126123
0.0126123
0.0126123
0.0126123
0.0126123
0.00854726
0.0086864
0.0086864
0.0145057
0.0145057
0.0145057
0.0123609
0.0123609
0.0123609
0.0123609
0.0123609
0.0109292
0.0109292
0.0109292
0.0109292
0.00951324
0.00947951
0.00947951
0.00947951
0.00947951
0.00947951
0.00947951
0.0101674
0.0122413
0.0128469
0.0128469
0.0128469
0.0128469
0.0128469
0.0128469
0.0128469
0.0123888
0.00914634
0.00914634
0.00914634
0.00914634
0.00914634
0.00797356
0.00960557
0.00960557
0.00693527
0.010621
0.00924501
0.00924501
0.00924501
0.00924501
0.00924501
0.00924501
0.00924501
0.00924501
0.0123341
0.0123341
0.0123341
0.0123341
0.0123341
0.0123341
0.0123341
0.0123341
0.0123341
0.0123341
0.0123956
0.0123956
0.0123956
0.0123956
0.00865622
0.010428
0.010428
0.00820543
0.0073315
0.0073315
0.0073315
0.0073315
0.0073315
0.0073315
0.0073315
0.0073315
0.0117882
0.0117882
0.0117882
0.0117882
0.0117882
0.0124298
0.0124298
0.00789655
0.00789655
0.00789655
0.00789655
0.00690607
0.00940941
0.00940941
0.00940941
0.00940941
0.00940941
0.00940941
0.00940941
0.00940941
0.00781503
0.00820572
0.00820572
0.00820572
0.0137751
0.00891233
0.00891233
0.0101698
0.00951289
0.00951289
0.00951289
0.00951289
0.00951289
0.00951289
0.00951289
0.00951289
0.00992268
0.0143049
0.0143049
0.0143049
0.0143049
0.00965567
0.00783035
0.00783035
0.0134596
0.00704898
0.00704898
0.00704898
0.00704898
0.00704898
0.00827277
0.00827277
0.00827277
0.00827277
0.00827277
0.00685982
0.00685982
0.0128925
0.0128925
0.0128925
0.0128925
0.0128925
0.0128925
0.0128925
0.0128925
0.0127318
0.00707386
0.00707386
0.00707386
0.00707386
0.00707386
0.00707386
0.00894525
0.00894525
0.0122891
0.0122891
0.0122891
0.0122891
0.0122891
0.0122891
0.0122891
0.0122891
0.0122891
0.0122891
0.00836819
0.00836819
0.00836819
0.00836819
0.00836819
0.00836819
0.00836819
0.00836819
0.0121268
0.0121268
0.0121268
0.0121268
0.0121268
0.0121268
0.0121268
0.0121268
0.00895293
0.013892
0.00980906
0.00980906
0.00980906
0.00980906
0.00715481
0.00454538
0.00454538
0.00454538
0.00454538
0.00432897
0.00715481
0.00954712
0.00954712
0.00954712
0.00954712
0.00954712
0.00954712
0.0154051
0.0154051
0.00977015
0.00977015
0.00977015
0.00977015
0.00977015
0.00977015
0.00977015
0.0109979
0.0128311
0.00947285
0.00947285
0.00947285
0.00947285
0.00673415
0.00673415
0.00673415
0.00673415
0.00673415
0.00673415
0.00673415
0.00822685
0.00878098
0.00411868
0.0124495
0.0124495
0.0124495
0.0124495
0.0124495
0.0124495
0.0124495
0.0124495
0.0124495
0.0124495
0.0120016
0.0120016
0.0120016
0.0120016
0.0120016
0.0120328
0.0120328
0.0120328
0.0120328
0.0120328
0.0120328
0.0129163
0.0129163
0.0129163
0.0129163
0.010809
0.00979106
0.00979106
0.00979106
0.0142846
0.00527636
0.00527636
0.00337086
0.00337086
0.00337086
0.00337086
0.00527636
0.00527636
0.00527636
0.0032946
0.00903114
0.00984037
0.00984037
0.00984037
0.00984037
0.00984037
0.00984037
0.00984037
0.00984037
0.00984037
0.010043
0.0125808
0.0125808
0.0125808
0.0125808
0.0125808
0.0125808
0.0125808
0.0125808
0.0125808
0.00869056
0.00966773
0.00966773
0.00809861
0.00926336
0.0118866
0.0118866
0.0118866
0.0118866
0.0118866
0.0118866
0.0118866
0.00884975
0.00884975
0.00884975
0.00884975
0.00884975
0.00884975
0.00752211
0.00752211
0.00752211
0.00752211
0.00752211
0.00752211
0.00752211
0.0132267
0.0132267
0.0132267
0.0132267
0.0132267
0.0132267
0.0132267
0.0132267
0.00959386
0.00959386
0.00959386
0.01072
0.01072
0.00857885
0.00787787
0.00787787
0.00787787
0.0138799
0.00771174
0.00771174
0.00771174
0.00771174
0.00771174
0.00683843
0.00683843
0.00673824
0.00916925
0.0131482
0.0131482
0.0131482
0.0131482
0.0131482
0.0131482
0.0131482
0.0131482
0.0139154
0.0139154
0.0139154
0.0139154
0.0139154
0.0081562
0.00771204
0.00771204
0.00771204
0.00771204
0.00771204
0.00771204
0.00771204
0.00771204
0.00771204
0.0139516
0.00985118
0.00985118
0.00985118
0.00775158
0.0098695
0.00736687
0.00736687
0.00736687
0.00736687
0.0123154
0.0123154
0.0123154
0.0123154
0.0123154
0.0123154
0.0123154
0.0129245
0.00687881
0.0126165
0.0126165
0.0126165
0.0126165
0.00904111
0.0142124
0.00970787
0.00970787
0.00970787
0.00970787
0.00970787
0.00970787
0.00970787
0.00970787
0.00970787
0.00970787
0.0137998
0.00857634
0.0103317
0.0103317
0.00886502
0.00886502
0.00886502
0.00886502
0.00886502
0.00771764
0.00771764
0.00771764
0.00731572
0.0124248
0.00917292
0.00917292
0.00917292
0.00917292
0.00917292
0.0120513
0.0120513
0.0120513
0.0120513
0.0120513
0.0120513
0.0120513
0.0120513
0.0120513
0.0124497
0.00956493
0.00956493
0.00936899
0.00887826
0.00887826
0.00887826
0.00887826
0.00887826
0.0120571
0.0120571
0.0120571
0.0120571
0.0120571
0.0120571
0.0120571
0.0120571
0.0120571
0.0120571
0.0125634
0.00698029
0.00698029
0.00698029
0.00698029
0.00698029
0.00698029
0.0147832
0.0104384
0.0104384
0.0104384
0.0104384
0.0104384
0.0104384
0.0086879
0.0086879
0.0086879
0.0086879
0.0086879
0.0086879
0.0138597
0.00978625
0.00978625
0.0127922
0.00982809
0.00982809
0.00982809
0.00811767
0.00811767
0.00811767
0.00811767
0.00811767
0.00811767
0.00824342
0.00824342
0.00824342
0.012851
0.00987329
0.00987329
0.00987329
0.00987329
0.00987329
0.00987329
0.00393807
0.00467638
0.00467638
0.00467638
0.00467638
0.00467638
0.00449371
0.00449371
0.00608676
0.00678919
0.00678919
0.00678919
0.00678919
0.00678919
0.00678919
0.00678919
0.00878124
0.008575
0.0104615
0.00502691
0.00502691
0.00502691
0.00508031
0.00768578
0.00763825
0.00719493
0.00925139
0.00925139
0.00925139
0.00925139
0.00925139
0.00925139
0.00925139
0.00925139
0.00414422
0.00727149
0.00401466
0.00401466
0.00685741
0.00685741
0.0131365
0.0137863
0.0137863
0.0137863
0.0137863
0.0137863
0.0137863
0.0137863
0.0137863
0.0126982
0.0126982
0.0126982
0.0126982
0.00452828
0.00295548
0.00295548
0.00295548
0.00295548
0.00295548
0.00295548
0.00204382
0.00204382
0.00130832
0.00130832
0.00130832
0.00130832
0.0132043
0.0132043
0.0132043
0.0132043
0.0132043
0.0132043
0.0132043
0.0132043
0.0132043
0.0132043
0.0132043
0.00986448
0.00986448
0.0080946
0.0080946
0.0080946
0.012153
0.012153
0.012153
0.00793654
0.00897224
0.0087221
0.0087221
0.00742798
0.00742798
0.00742798
0.00804351
0.00804351
0.00804351
0.00804351
0.00804351
0.00804351
0.00804351
0.00804351
0.00873229
0.00873229
0.00873229
0.00873229
0.00873229
0.00873229
0.00873229
0.00873229
0.00873229
0.00747629
0.00896622
0.00160702
0.000841623
0.0134153
0.000841623
0.00786744
0.00883312
0.00883312
0.00883312
0.0088527
0.0088527
0.0088527
0.0145914
0.00855245
0.00810706
0.00810706
0.00810706
0.0084721
0.0084721
0.00718957
0.00718957
0.00718957
0.00718957
0.0145316
0.0145316
0.0145316
0.0145316
0.0145316
0.0145316
0.00544182
0.00544182
0.00544182
0.00458113
0.00458113
0.00997136
0.00997136
0.00690427
0.00690427
0.00690427
0.00690427
0.00690427
0.00690427
0.00690427
0.00690427
0.0150817
0.0150817
0.0150817
0.0150817
0.0150817
0.0150817
0.0150817
0.0150817
0.0150817
0.0150817
0.00965435
0.0123497
0.00910335
0.012421
0.012421
0.012421
0.012421
0.00365426
0.00481528
0.00794711
0.00707758
0.00707758
0.00220209
0.00352271
0.00220209
0.00220209
0.00376113
0.00376113
0.00376113
0.00376113
0.00376113
0.012335
0.012335
0.012335
0.012335
0.012335
0.00884568
0.00904619
0.00904619
0.00830702
0.00830702
0.00830702
0.00733517
0.00733517
0.00733517
0.00733517
0.00733517
0.00733517
0.00733517
0.00733517
0.00951579
0.0102575
0.0133342
0.0133342
0.0133342
0.0133342
0.0133342
0.0133342
0.0133342
0.000643747
0.0127686
0.0077045
0.0077045
0.0140067
0.0140067
0.0140067
0.0103408
0.0125152
0.00961529
0.00961529
0.00961529
0.00723201
0.00723201
0.00685539
0.00685539
0.00685539
0.00685539
0.00685539
0.00968039
0.012175
0.012175
0.012175
0.012175
0.012175
0.012175
0.012175
0.012175
0.012175
0.012175
0.0143488
0.011024
0.011024
0.011024
0.011024
0.011024
0.00542999
0.00542999
0.00542999
0.00542999
0.00542999
0.00542999
0.00693857
0.00693857
0.00693857
0.00693857
0.00693857
0.00693857
0.00693857
0.00693857
0.0120581
0.0120581
0.0088878
0.00828239
0.00936322
0.00936322
0.00936322
0.00936322
0.00936322
0.00936322
0.00936322
0.00936322
0.0126593
0.0126593
0.0126593
0.0126593
0.0126593
0.0126593
0.00703358
0.0131515
0.00928623
0.00928623
0.00928623
0.00928623
0.00730704
0.0139142
0.00982479
0.00982479
0.00982479
0.00982479
0.00982479
0.00982479
0.00773082
0.00773082
0.00886729
0.00886729
0.00886729
0.00990818
0.00990818
0.0122237
0.0122237
0.0122237
0.0122237
0.0122237
0.0122237
0.0122237
0.0104216
0.0104216
0.0104216
0.0104216
0.0104216
0.0104216
0.0104216
0.0104216
0.00966999
0.00454491
0.00454491
0.00454491
0.00454491
0.00718672
0.00718672
0.00715406
0.00779105
0.00486492
0.00486492
0.00486492
0.00486492
0.00549978
0.00549978
0.00610515
0.00610515
0.00610515
0.00450728
0.0142696
0.00981139
0.00981139
0.0109631
0.0109631
0.0109631
0.0105349
0.0105349
0.0125676
0.0125676
0.0125676
0.0125676
0.0125676
0.0125676
0.0125676
0.0127792
0.0127792
0.0127792
0.0127792
0.0127792
0.0127792
0.0127792
0.0127792
0.00943455
0.00815857
0.00815857
0.00815857
0.00815857
0.00815857
0.00815857
0.00815857
0.00815857
0.0143042
0.0143042
0.0143042
0.0143042
0.0143042
0.0143042
0.0143042
0.0143042
0.0143042
0.00620001
0.00587713
0.00587713
0.00587713
0.00587713
0.00587713
0.00587713
0.0121172
0.0121172
0.0121172
0.0121172
0.0121172
0.0121172
0.0121172
0.0121172
0.0121172
0.0124585
0.0124585
0.0124585
0.0124585
0.0124585
0.00770718
0.0137725
0.0137725
0.00899418
0.00899418
0.0101679
0.0101679
0.0101679
0.00872058
0.0102193
0.0102193
0.0102193
0.0102193
0.0102193
0.00759684
0.00759684
0.00720122
0.00720122
0.00884705
0.00884705
0.00884705
0.00884705
0.00884705
0.00884705
0.0082468
0.0082468
0.00941038
0.00941038
0.00941038
0.00941038
0.00941038
0.00714984
0.00454223
0.00454223
0.00454223
0.00454223
0.00454223
0.00454223
0.00454223
0.00935034
0.00935034
0.00935034
0.00935034
0.0126898
0.0126898
0.0126898
0.0126898
0.0126898
0.0126898
0.0126898
0.00764223
0.00764223
0.00764223
0.00724424
0.00853237
0.00853237
0.00853237
0.00853237
0.00853237
0.00853237
0.00872534
0.00695465
0.00397534
0.00397534
0.00397534
0.00397534
0.0050521
0.00759584
0.00759584
0.00715498
0.0130675
0.00726038
0.00726038
0.00726038
0.012812
0.012812
0.012812
0.012812
0.012812
0.012812
0.012812
0.012812
0.00346892
0.00354921
0.00354921
0.00354921
0.00354921
0.00354921
0.00423784
0.00655011
0.00701189
0.00701189
0.00937224
0.00937224
0.00937224
0.015651
0.00696004
0.00696004
0.00696004
0.00915358
0.00915358
0.00720267
0.00720267
0.00720267
0.00721578
0.00721578
0.00986812
0.00986812
0.00986812
0.00986812
0.00986812
0.00986812
0.00986812
0.00776491
0.00288615
0.00303043
0.00303043
0.00303043
0.00303043
0.0029542
0.00265032
0.00506061
0.00506061
0.00506061
0.00506061
0.00506061
0.00242228
0.00265032
0.00336819
0.00336819
0.00336819
0.00336819
0.00336819
0.00336819
0.00336819
0.00265032
0.0133071
0.00739348
0.00739348
0.00739348
0.00739348
0.00739348
0.00739348
0.0121303
0.0121303
0.0121303
0.0121303
0.0121303
0.00895554
0.00657256
0.00657256
0.00657256
0.00657256
0.00866077
0.00866077
0.00866077
0.00753614
0.00753614
0.00753614
0.00753614
0.00753614
0.0136011
0.00960369
0.00960369
0.00960369
0.00960369
0.00960369
0.00960369
0.00684342
0.00992774
0.00992774
0.00992774
0.0121433
0.0121433
0.0121433
0.0121433
0.0121433
0.0103095
0.0103095
0.0103095
0.0103095
0.0103095
0.0103095
0.00982123
0.0123947
0.0123947
0.0123947
0.0123947
0.0123947
0.00641601
0.00641601
0.00641601
0.00641601
0.00641601
0.00347655
0.00347655
0.00347655
0.00347655
0.00347655
0.00347655
0.0129868
0.00916995
0.00916995
0.00916995
0.00916995
0.012683
0.0133104
0.0133104
0.0133104
0.0133104
0.0133104
0.0133104
0.0133104
0.00423108
0.00509709
0.00747469
0.00391461
0.00348957
0.00357034
0.00357034
0.00558861
0.00558861
0.00558861
0.00558861
0.00936565
0.0122274
0.0122274
0.0122274
0.0122274
0.0122274
0.00902717
0.0122943
0.0122943
0.0122943
0.0122943
0.0122943
0.00423117
0.00423117
0.00423117
0.00401743
0.00401743
0.00769253
0.00706397
0.0087167
0.00443925
0.00443925
0.00443925
0.00710151
0.00710151
0.00771057
0.011969
0.011969
0.011969
0.011969
0.011969
0.011969
0.011969
0.00750583
0.00750583
0.00750583
0.00750583
0.00733604
0.0130754
0.0130754
0.0130754
0.0130754
0.0130754
0.0130754
0.0130754
0.0130754
0.0130754
0.0138733
0.00770807
0.00770807
0.00770807
0.00770807
0.00770807
0.00770807
0.00770807
0.00770807
0.00774144
0.00774144
0.00774144
0.00774144
0.00774144
0.00726701
0.00726701
0.00726701
0.00734052
0.0125821
0.0125821
0.00699067
0.0142822
0.0100846
0.0100846
0.0100846
0.00793527
0.0087326
0.0087326
0.00801906
0.00801906
0.00801906
0.00948032
0.00957008
0.00957008
0.00957008
0.00957008
0.00957008
0.00756703
0.00756703
0.00756703
0.00756703
0.00756703
0.00756703
0.00756703
0.00412554
0.00412554
0.00659966
0.00659966
0.00582207
0.00582207
0.00582207
0.00582207
0.00582207
0.00582207
0.00582207
0.000974897
0.000974897
0.000974897
0.000775266
0.000775266
0.000817857
0.00139535
0.00688697
0.00486286
0.00486286
0.00486286
0.00403665
0.00730632
0.00730632
0.00730632
0.00559133
0.00559133
0.00662383
0.00662383
0.00350796
0.0098044
0.0098044
0.0098044
0.0098044
0.0145623
0.0145623
0.0145623
0.0145623
0.0145623
0.0145623
0.0145623
0.0145623
0.0145623
0.0145623
0.0145623
0.0141609
0.0141609
0.0141609
0.0141609
0.0141609
0.0141609
0.0141609
0.0141609
0.0141609
0.0141609
0.00708183
0.00708183
0.00415086
0.00415086
0.00494788
0.00415086
0.00415086
0.0124826
0.0124826
0.0124826
0.0124826
0.0124826
0.00869053
0.010224
0.010224
0.010224
0.010224
0.0150836
0.0150836
0.00789953
0.00789953
0.0127695
0.0127695
0.0127695
0.0127695
0.0124096
0.0124096
0.0124096
0.0124096
0.0124096
0.0124096
0.0124096
0.00631572
0.00631572
0.00631572
0.00631572
0.00631572
0.00631572
0.00631572
0.00631572
0.00631572
0.00616385
0.00342466
0.00342466
0.00342466
0.00342466
0.00342466
0.0126531
0.0126531
0.0126531
0.0126531
0.0126531
0.0126531
0.0126531
0.0126531
0.0131968
0.0131968
0.00698898
0.00698898
0.00698898
0.00698898
0.00698898
0.00698898
0.00974286
0.0154452
0.0154452
0.0154452
0.0154452
0.0154452
0.0154452
0.0154452
0.0154452
0.0154452
0.0154452
0.0117447
0.0101809
0.00926899
0.00642301
0.00642301
0.00642301
0.00642301
0.00642301
0.00642301
0.00642301
0.00627771
0.00875132
0.0145624
0.0145624
0.0145624
0.0145624
0.0145624
0.0145624
0.00809097
0.0128646
0.0128646
0.0128646
0.0128646
0.0128646
0.0128646
0.00399134
0.00399134
0.0043465
0.0043465
0.00718378
0.00718378
0.00238039
0.011783
0.011783
0.011783
0.011783
0.011783
0.011783
0.011783
0.011783
0.0130793
0.0130793
0.0130793
0.0130793
0.0130793
0.0130793
0.0130793
0.0130793
0.0130793
0.0130793
0.0130793
0.0126196
0.00928066
0.00980875
0.00980875
0.00980875
0.00980875
0.00980875
0.014203
0.0104451
0.0143894
0.0101603
0.0101603
0.0101603
0.0079948
0.00871697
0.00871697
0.00871697
0.00871697
0.0101907
0.0101907
0.0101907
0.0101907
0.0101907
0.0101907
0.0101907
0.0101907
0.0101907
0.0101907
0.0134407
0.00988454
0.0120331
0.0120331
0.0120331
0.0120331
0.0120331
0.0120331
0.0120331
0.0120331
0.0120331
0.00700419
0.00743068
0.00743068
0.00700419
0.00700419
0.0128515
0.0128515
0.0128515
0.00734567
0.00734567
0.012361
0.012361
0.012361
0.012361
0.00912586
0.00972529
0.00876587
0.00694808
0.00694808
0.00694808
0.00363882
0.00383873
0.00383873
0.0132394
0.0132394
0.0132394
0.0132394
0.0132394
0.0132394
0.0132394
0.0092765
0.00395485
0.00395485
0.00503028
0.00503028
0.00715059
0.0071181
0.00444484
0.0045172
0.00430214
0.00711046
0.00966366
0.00822828
0.00822828
0.00938925
0.00938925
0.00938925
0.00938925
0.014896
0.0109548
0.00733668
0.00733668
0.00733668
0.00389396
0.00389396
0.00389396
0.00410789
0.00410789
0.0128281
0.0128281
0.0128281
0.0128281
0.0128281
0.0128281
0.0128281
0.00983144
0.00983144
0.00983144
0.00983144
0.00983144
0.00983144
0.00983144
0.00983144
0.00983144
0.00983144
0.00736417
0.0146189
0.00812234
0.00812234
0.00812234
0.00812234
0.00812234
0.00812234
0.00812234
0.0133813
0.00984081
0.00703572
0.00703572
0.00687656
0.00687656
0.00687656
0.00687656
0.0069997
0.0111734
0.00972583
0.00972583
0.00972583
0.00972583
0.0100917
0.0100917
0.00878425
0.00878425
0.00878425
0.0123657
0.0123657
0.0123657
0.0123657
0.0123657
0.00916462
0.00792457
0.00792457
0.00792457
0.00792457
0.00365452
0.00365452
0.00365452
0.00365452
0.00661551
0.00661551
0.0104588
0.00910378
0.00910378
0.00910378
0.0126746
0.0126746
0.0126746
0.0126746
0.0126746
0.00987845
0.0126971
0.0126971
0.0126971
0.0126971
0.0126971
0.00768295
0.00768295
0.00768295
0.00768295
0.00768295
0.00768295
0.00768295
0.0131345
0.00769853
0.00769853
0.00769853
0.00769853
0.00927424
0.0124972
0.00960143
0.00960143
0.0107784
0.0107784
0.0107784
0.0107784
0.0107784
0.00938198
0.00831427
0.00831427
0.00831427
0.00831427
0.00831427
0.00748491
0.0139913
0.00777365
0.00777365
0.00777365
0.00777365
0.00777365
0.00777365
0.0130926
0.0130926
0.0130926
0.0130926
0.0130926
0.0130926
0.0130926
0.0130926
0.0130926
0.00791262
0.00791262
0.00791262
0.00791262
0.00791262
0.00791262
0.00463782
0.00463782
0.00560883
0.00560883
0.00560883
0.00560883
0.00560883
0.00560883
0.00560883
0.00560883
0.00560883
0.00766579
0.0087474
0.0087474
0.0087474
0.0087474
0.0087474
0.0128833
0.0128833
0.0128833
0.0128833
0.0128833
0.0128833
0.0128833
0.0128833
0.0128833
0.00432392
0.00422433
0.00422433
0.00487804
0.00566838
0.00566838
0.0050356
0.0050356
0.00752778
0.00752778
0.00752778
0.00752778
0.00752778
0.00752778
0.00752778
0.00786777
0.00786777
0.00786777
0.00786777
0.00786777
0.00786777
0.00786777
0.00786777
0.00748239
0.00748239
0.00748239
0.00748239
0.00748239
0.00748239
0.00748239
0.00748239
0.00936115
0.00799522
0.00799522
0.00912331
0.00912331
0.00912331
0.00912331
0.013458
0.00950266
0.00950266
0.00950266
0.00950266
0.0124782
0.0124782
0.0124782
0.0124782
0.0124782
0.0124782
0.0124782
0.0124782
0.0124782
0.0129102
0.00949439
0.0128472
0.0128472
0.0128472
0.0128472
0.0126377
0.0126377
0.0126377
0.0126377
0.0126377
0.0126377
0.0126377
0.0126377
0.0126377
0.0126377
0.0137105
0.00968094
0.00968094
0.00968094
0.00968094
0.00968094
0.00968094
0.00761763
0.0157546
0.0157546
0.0157546
0.0157546
0.0157546
0.0157546
0.0157546
0.0157546
0.0157546
0.0157546
0.0100851
0.00802917
0.0121108
0.0121108
0.0121108
0.0121108
0.0121108
0.0121108
0.0126497
0.00971858
0.00971858
0.00786764
0.00786764
0.00786764
0.00786764
0.00786764
0.00889434
0.00872375
0.00997841
0.00449333
0.00456648
0.00456648
0.00456648
0.00456648
0.00449333
0.00718802
0.00718802
0.00886069
0.00886069
0.00886069
0.00886069
0.00886069
0.00886069
0.00886069
0.0112984
0.0112984
0.0112984
0.0112984
0.0112984
0.0112984
0.0112984
0.0112984
0.00668671
0.00404575
0.004248
0.004248
0.00671724
0.00671724
0.00671724
0.00671724
0.00671724
0.0135969
0.00960072
0.00960072
0.00960072
0.00960072
0.00960072
0.00960072
0.00963539
0.0139776
0.00912811
0.00912811
0.00912811
0.00912811
0.00912811
0.00912811
0.00360568
0.00360568
0.00360568
0.00360568
0.00360568
0.00648965
0.0123498
0.0123498
0.0123498
0.0123498
0.0123498
0.00971248
0.0125467
0.006971
0.006971
0.0100196
0.0100196
0.0100196
0.0100196
0.0100196
0.0100196
0.0044557
0.00529106
0.00529106
0.00529106
0.00529106
0.00529106
0.00508438
0.00508438
0.00688683
0.00688683
0.00768159
0.00768159
0.00768159
0.00768159
0.00768159
0.00584113
0.00898571
0.0106704
0.0106704
0.0106704
0.0127998
0.0127998
0.0127998
0.0127998
0.0127998
0.0127998
0.00684149
0.00684149
0.00684149
0.00684149
0.00684149
0.00755568
0.00395703
0.00395703
0.00395703
0.00430913
0.00712202
0.00712202
0.0079587
0.0079587
0.00754423
0.00754423
0.00754423
0.00754423
0.00754423
0.00954798
0.00954798
0.00954798
0.00954798
0.00954798
0.00954798
0.00954798
0.00954798
0.00954798
0.00954798
0.0133124
0.0102277
0.0102277
0.0102277
0.00887197
0.00773565
0.00931897
0.00931897
0.0073328
0.0132631
0.00936505
0.00936505
0.00936505
0.00936505
0.00936505
0.00936505
0.00736906
0.0112625
0.0112625
0.0112625
0.0112625
0.00897727
0.00897727
0.00897727
0.00897727
0.00897727
0.00897727
0.00897727
0.00897727
0.00897727
0.00897727
0.00807027
0.012742
0.012742
0.00707954
0.000678899
0.000533756
0.000533756
0.000533756
0.000533756
0.0048063
0.0048063
0.0048063
0.0048063
0.00416826
0.00688919
0.0073877
0.00973489
0.00975634
0.0135889
0.0135889
0.0135889
0.0135889
0.0135889
0.0135889
0.0135889
0.00955951
0.0142944
0.0109822
0.0109822
0.00882118
0.0126005
0.0126005
0.00822884
0.00822884
0.00822884
0.00822884
0.0133454
0.0102531
0.0102531
0.0123021
0.0129106
0.0129106
0.0129106
0.0129106
0.0129106
0.0129106
0.0129106
0.0129106
0.0070318
0.0070318
0.0070318
0.0070318
0.00665847
0.00665847
0.00715648
0.00715648
0.00715648
0.00715648
0.0110308
0.0110308
0.0110308
0.0110308
0.0110308
0.00960169
0.00700057
0.00992598
0.00992598
0.0120667
0.0126636
0.0126636
0.0126636
0.0126636
0.0126636
0.0126636
0.0126636
0.0129928
0.0129928
0.0129928
0.0129928
0.0129928
0.0129928
0.0129928
0.00721885
0.00735327
0.00735327
0.00735327
0.00735327
0.00735327
0.00735327
0.00735327
0.00735327
0.00735327
0.00871989
0.00871989
0.00871989
0.00871989
0.00871989
0.00871989
0.00913288
0.012313
0.012313
0.012313
0.012313
0.012313
0.012313
0.012313
0.012313
0.00431035
0.00395815
0.00503448
0.00503448
0.00503448
0.00503448
0.00503448
0.00503448
0.0124192
0.0124192
0.0124192
0.0124192
0.0124192
0.0124192
0.0124192
0.0124192
0.00894627
0.00840749
0.00840749
0.00869321
0.00869321
0.00869321
0.00869321
0.00648898
0.00550369
0.00550369
0.00351609
0.00351609
0.00351609
0.00343655
0.00343655
0.0142631
0.0142631
0.0142631
0.0142631
0.0142631
0.0142631
0.0142631
0.00699031
0.00739353
0.00700849
0.00700849
0.00700849
0.00700849
0.00700849
0.00700849
0.00700849
0.00700849
0.00836944
0.00836944
0.00836944
0.00836944
0.00946163
0.0106185
0.0101714
0.0101714
0.0101714
0.0101714
0.0101714
0.0096318
0.0096318
0.00907288
0.00907288
0.00907288
0.00907288
0.00907288
0.00907288
0.00356255
0.00733347
0.00733347
0.00733347
0.00733347
0.00733347
0.00733347
0.0141589
0.00999752
0.00999752
0.00999752
0.0140279
0.00990503
0.00990503
0.00990503
0.014098
0.00995453
0.00995453
0.00995453
0.0078329
0.00819189
0.00819189
0.00819189
0.00926091
0.0081871
0.0081871
0.0081871
0.0081871
0.0081871
0.0081871
0.0081871
0.0081871
0.00722313
0.00722313
0.00722313
0.00722313
0.00683964
0.00683964
0.00883972
0.00883972
0.0137541
0.0137541
0.0137541
0.0137541
0.0137541
0.0137541
0.0137541
0.0137541
0.0137541
0.0137541
0.0128398
0.0128398
0.0128398
0.0136216
0.00713383
0.00536581
0.00536581
0.00536581
0.00725085
0.00725085
0.00725085
0.00725085
0.00725085
0.00725085
0.00725085
0.00725085
0.0143326
0.0143326
0.0143326
0.0143326
0.0143326
0.0143326
0.0143326
0.00796326
0.00795047
0.00730083
0.00730083
0.00730083
0.00730083
0.00732612
0.00732612
0.00732612
0.00732612
0.00694459
0.00694459
0.00694459
0.00694459
0.00778715
0.00778715
0.00994613
0.00994613
0.00994613
0.00994613
0.0142351
0.0142351
0.0142351
0.0142351
0.0142351
0.00861285
0.0124125
0.0068651
0.0068651
0.0068651
0.0068651
0.0068651
0.0068651
0.0121315
0.0121315
0.0121315
0.0121315
0.0121315
0.0121315
0.0121315
0.0121315
0.00864613
0.00864613
0.00986606
0.00986606
0.00986606
0.00986606
0.0102068
0.0102068
0.00888445
0.00910376
0.00910376
0.00910376
0.00910376
0.00910376
0.00910376
0.00910376
0.00910376
0.00910376
0.00910376
0.00849196
0.00971328
0.00764307
0.00968127
0.00912123
0.00912123
0.00912123
0.00912123
0.00912123
0.00912123
0.00912123
0.00912123
0.00912123
0.00912123
0.00819968
0.00850038
0.00969974
0.00969974
0.00969974
0.00969974
0.00969974
0.00969974
0.00779516
0.00779516
0.0073892
0.0080977
0.0080977
0.0080977
0.0080977
0.0080977
0.0080977
0.0080977
0.0080977
0.00767599
0.00834938
0.0084853
0.0141795
0.0141795
0.0119001
0.0119001
0.0119001
0.0119001
0.0119001
0.0119001
0.0119001
0.0119001
0.0119001
0.0119001
0.00691767
0.00691767
0.0070541
0.0100019
0.0100019
0.0100019
0.0146338
0.0107619
0.014161
0.014161
0.014161
0.014161
0.014161
0.014161
0.014161
0.014161
0.014161
0.00829068
0.0099876
0.0099876
0.000570219
0.00741024
0.000570219
0.00989921
0.00989921
0.00657248
0.0046447
0.00660248
0.00660248
0.00657248
0.00878101
0.00878101
0.00878101
0.00878101
0.00878101
0.00836293
0.0131863
0.0101308
0.0101308
0.0101308
0.00702186
0.00908092
0.0135914
0.0135914
0.0135914
0.0135914
0.0135914
0.0135914
0.0135914
0.0135914
0.0135914
0.0135914
0.00870034
0.00419682
0.00419682
0.00419682
0.00440663
0.00440663
0.00440663
0.00440663
0.00419682
0.0143475
0.00936968
0.00936968
0.00936968
0.00936968
0.00936968
0.00726823
0.00688972
0.00688972
0.00688972
0.00688972
0.00813413
0.00771053
0.0128658
0.0128658
0.0128658
0.0128658
0.0128658
0.0128658
0.0128658
0.0128658
0.0128658
0.0128658
0.00838219
0.0147075
0.00978216
0.00739889
0.00739889
0.00739889
0.00739889
0.00739889
0.00739889
0.00699548
0.00444416
0.00444416
0.00702741
0.00702741
0.00702741
0.00994513
0.0128186
0.0128186
0.0128186
0.0128186
0.0128186
0.00395832
0.00694532
0.00694532
0.00694532
0.00694532
0.00767566
0.00767566
0.00767566
0.00767566
0.00932399
0.0155704
0.0155704
0.0140369
0.00931608
0.00931608
0.00812178
0.0118558
0.0118558
0.0118558
0.0118558
0.0118558
0.0118558
0.0118558
0.0118558
0.00996182
0.00996182
0.00996182
0.0067236
0.007133
0.007133
0.007133
0.007133
0.007133
0.007133
0.0131402
0.0131402
0.0131402
0.0131402
0.0131402
0.0131402
0.0131402
0.0131402
0.00882278
0.0104769
0.0104769
0.0140023
0.00777976
0.00812557
0.00854442
0.00854442
0.00854442
0.00740435
0.00477891
0.00533041
0.00533041
0.00533041
0.00533041
0.00533041
0.00533041
0.00533041
0.00345102
0.0070736
0.0070736
0.0070736
0.00345102
0.00345102
0.00345102
0.0025309
0.00328586
0.00328586
0.00328586
0.00367157
0.00367157
0.00367157
0.0120326
0.0120326
0.0120326
0.0120326
0.0120326
0.0120326
0.00778494
0.00490436
0.00490436
0.00490436
0.00490436
0.00490436
0.00697159
0.00195928
0.00195928
0.00195928
0.00195928
0.00195928
0.00195928
0.00195928
0.00195928
0.00811432
0.00811432
0.00811432
0.00811432
0.00811432
0.00811432
0.00811432
0.00811432
0.00811432
0.0123893
0.00726171
0.00726171
0.00726171
0.00726171
0.00726171
0.0118166
0.0118166
0.0118166
0.0118166
0.0118166
0.0118166
0.00901338
0.00901338
0.0139016
0.0139016
0.0139016
0.0139016
0.0139016
0.0139016
0.0139016
0.0139016
0.0139016
0.0139016
0.00794766
0.00794766
0.00794766
0.00794766
0.0125326
0.0125326
0.0125326
0.0125326
0.0125326
0.0126112
0.0126112
0.0126112
0.0126112
0.0126112
0.0126112
0.0126112
0.0126112
0.00737649
0.00737649
0.00737649
0.00737649
0.00737649
0.00737649
0.0128513
0.0128513
0.0128513
0.0128513
0.0128513
0.0124996
0.00732636
0.00732636
0.00732636
0.00732636
0.00732636
0.00732636
0.00732636
0.00804515
0.00804515
0.00804515
0.00804515
0.00804515
0.00804515
0.0118094
0.0118094
0.0118094
0.0118094
0.0118094
0.0118094
0.0118094
0.00879125
0.00993848
0.00993848
0.00881106
0.0100783
0.00793027
0.00422913
0.00422913
0.00422913
0.00422913
0.00422913
0.00422913
0.00422913
0.00665701
0.00906572
0.00906572
0.00906572
0.00906572
0.00906572
0.00906572
0.00906572
0.00906572
0.00906572
0.00906572
0.00871744
0.00871744
0.00871744
0.00871744
0.00985504
0.00929161
0.00878133
0.0121609
0.0121609
0.0121609
0.0121609
0.0121609
0.0121609
0.0121609
0.00437571
0.00437571
0.00416738
0.00416738
0.0121524
0.0121524
0.0121524
0.0121524
0.0121524
0.00424683
0.00424683
0.00424683
0.00424683
0.00339457
0.00671539
0.00671539
0.00671539
0.00852905
0.00783214
0.00783214
0.00783214
0.00783214
0.00783214
0.00783214
0.00807993
0.00807993
0.0138798
0.00980047
0.00980047
0.00980047
0.0146506
0.0103448
0.00813996
0.00813996
0.00813996
0.00813996
0.00880834
0.00935406
0.0150086
0.0110376
0.00886023
0.00900447
0.00900447
0.0150368
0.012532
0.012532
0.012532
0.012532
0.0129115
0.0129115
0.0129115
0.0129115
0.0129115
0.00717368
0.0125681
0.00698288
0.00781054
0.00940918
0.00940918
0.00940918
0.0133303
0.014142
0.00740639
0.00740639
0.0121436
0.0121436
0.0121436
0.0121436
0.0121436
0.0121436
0.0120877
0.0120877
0.0120877
0.0120877
0.0120877
0.0120877
0.0120877
0.0120877
0.0042338
0.0042338
0.0050438
0.0050438
0.0047918
0.00401992
0.00401992
0.0126281
0.0132527
0.0132527
0.0132527
0.0132527
0.0132527
0.0132527
0.0132527
0.0105216
0.0105216
0.0105216
0.0105216
0.00709076
0.00709076
0.00709076
0.00818714
0.00818714
0.00818714
0.00936462
0.00936462
0.00736872
0.0127044
0.0127044
0.0127044
0.0127044
0.0127044
0.0127044
0.0127044
0.0127044
0.0127044
0.00412138
0.00470289
0.00470289
0.00710522
0.00710522
0.00710522
0.00710522
0.00710522
0.00454832
0.0136391
0.0136391
0.0136391
0.0136391
0.0136391
0.0136391
0.0136391
0.0136391
0.0136391
0.0136391
0.0103712
0.00926006
0.0089045
0.0089045
0.0089045
0.0089045
0.0089045
0.00350827
0.00350827
0.00293819
0.00293819
0.00293819
0.00293819
0.00293819
0.00293819
0.00350827
0.00697072
0.00697072
0.00780559
0.00780559
0.00780559
0.00780559
0.00780559
0.00780559
0.00780559
0.0125714
0.0125714
0.0125714
0.0125714
0.0125714
0.0125714
0.0118889
0.0118889
0.0118889
0.0118889
0.0118889
0.00873752
0.00873752
0.00403519
0.00403519
0.00481
0.00481
0.0051095
0.00688447
0.0144326
0.0101908
0.0101908
0.0101908
0.0101908
0.0101908
0.0101908
0.0124312
0.0124312
0.0124312
0.0124312
0.0124312
0.014069
0.0103868
0.0103868
0.0103868
0.0103868
0.0103868
0.00889953
0.00889953
0.00889953
0.00889953
0.00889953
0.00889953
0.00889953
0.00889953
0.00951201
0.00695208
0.00434584
0.00441659
0.00491296
0.00491296
0.0073754
0.0121013
0.0121013
0.0121013
0.0121013
0.0121013
0.0121013
0.0121013
0.0121013
0.0121013
0.0121013
0.0121013
0.00830481
0.00830481
0.00830481
0.00830481
0.00830481
0.00726313
0.0152641
0.0152641
0.0152641
0.0152641
0.0152641
0.00799404
0.0145009
0.0153944
0.010239
0.010239
0.010239
0.010239
0.010239
0.00805677
0.0102726
0.0102726
0.0102726
0.0102726
0.0102726
0.0102726
0.0102726
0.0131218
0.00769105
0.00769105
0.00769105
0.00729052
0.00881351
0.00963697
0.00963697
0.00963697
0.00963697
0.00963697
0.00963697
0.00963697
0.00963697
0.00741892
0.00741892
0.00741892
0.00741892
0.00703256
0.00876618
0.00689204
0.00689204
0.00689204
0.00689204
0.00689204
0.00759387
0.00759387
0.00373288
0.00508998
0.00503272
0.00503272
0.00503272
0.00400556
0.00400556
0.00400556
0.00256411
0.00256411
0.00256411
0.00265124
0.00265124
0.00687306
0.00470488
0.00470488
0.00470488
0.00470488
0.00470488
0.00470488
0.00412336
0.00412336
0.00261953
0.00261953
0.00437443
0.00412336
0.00430067
0.00430067
0.00486189
0.00486189
0.00486189
0.00486189
0.0129615
0.00953211
0.0126901
0.0126901
0.0126901
0.0126901
0.0126901
0.0126901
0.0126901
0.0126901
0.00884699
0.00944629
0.00944629
0.00944629
0.00944629
0.00944629
0.00944629
0.00944629
0.00944629
0.00944629
0.00944629
0.00839232
0.00839232
0.00839232
0.00795527
0.0123665
0.00724835
0.00724835
0.00724835
0.00878018
0.010043
0.012808
0.00904369
0.00904369
0.00904369
0.00886933
0.0127079
0.0107783
0.0107783
0.0107783
0.0107783
0.0091762
0.0091762
0.00408819
0.00487318
0.00408819
0.00408819
0.00408819
0.00408819
0.00698304
0.00740824
0.00740824
0.00740824
0.00740824
0.00698304
0.0127675
0.0127675
0.0127675
0.0127675
0.0127675
0.0127675
0.0127675
0.0127675
0.0121639
0.0110184
0.0110184
0.010588
0.010588
0.00690825
0.00654147
0.00654147
0.00654147
0.00654147
0.0118632
0.0118632
0.0118632
0.0118632
0.0118632
0.0118632
0.0118632
0.0118632
0.00875833
0.0108618
0.00945463
0.00945463
0.00945463
0.00817344
0.00817344
0.00817344
0.00817344
0.00817344
0.00817344
0.00817344
0.00817344
0.0118218
0.0118218
0.0118218
0.0118218
0.0118218
0.0118218
0.0118218
0.0091081
0.0091081
0.0091081
0.0091081
0.0091081
0.014808
0.014808
0.014808
0.014808
0.014808
0.014808
0.014808
0.014808
0.014808
0.014808
0.014808
0.0126766
0.00895092
0.00895092
0.00895092
0.00895092
0.00895092
0.00895092
0.0122202
0.0122202
0.0122202
0.0122202
0.0122202
0.0122202
0.0122202
0.0122202
0.0122202
0.0131159
0.00728726
0.00728726
0.00728726
0.00728726
0.00728726
0.00728726
0.00815549
0.00858661
0.00959455
0.00959455
0.00959455
0.00921976
0.00921976
0.00735137
0.00735137
0.00735137
0.00746833
0.0070794
0.0070794
0.0070794
0.0070794
0.0070794
0.0070794
0.0070794
0.00445375
0.00445375
0.00704258
0.00704258
0.0097685
0.00877835
0.00877835
0.00877835
0.00877835
0.00940277
0.0125069
0.0125069
0.0125069
0.0125069
0.0123175
0.0123175
0.0123175
0.0090937
0.00812206
0.00812206
0.00812206
0.00812206
0.00812206
0.00812206
0.00812206
0.00812206
0.00812288
0.00812288
0.00812288
0.00926898
0.00926898
0.00926898
0.00926898
0.0137514
0.00898041
0.00898041
0.00898041
0.00898041
0.00898041
0.0101523
0.0101523
0.0078079
0.0078079
0.0149373
0.0105472
0.0105472
0.0105472
0.0105472
0.0141586
0.0150207
0.00786656
0.00786656
0.00786656
0.0117902
0.0117902
0.0117902
0.0117902
0.0117902
0.0117902
0.0117902
0.0117902
0.0117902
0.0117902
0.00667108
0.00776306
0.00776306
0.00776306
0.00776306
0.00776306
0.00776306
0.00776306
0.00634982
0.00414678
0.00414678
0.00414678
0.00436598
0.00436598
0.00436598
0.00436598
0.0144592
0.0144592
0.0144592
0.00847493
0.00847493
0.00803358
0.00803358
0.0107013
0.00969354
0.00969354
0.00969354
0.000989745
0.00700569
0.01255
0.01255
0.01255
0.01255
0.01255
0.01255
0.01255
0.01255
0.00882962
0.00882962
0.00882962
0.00882962
0.00772552
0.00772552
0.00709426
0.00709426
0.00709426
0.00709426
0.00709426
0.0126798
0.0126798
0.0126798
0.0126798
0.0126798
0.0126798
0.0126798
0.0126798
0.00796813
0.00796813
0.00796813
0.00796813
0.0127578
0.0127578
0.0127578
0.0127578
0.0127578
0.0100983
0.0100983
0.0100983
0.0100983
0.0100983
0.0100983
0.0100983
0.00700933
0.00700933
0.00700933
0.00700933
0.0119003
0.0119003
0.0119003
0.0119003
0.0119003
0.0119003
0.0119003
0.0119003
0.0119003
0.0119003
0.0149199
0.00902721
0.00902721
0.00902721
0.00902721
0.00902721
0.00828959
0.0132363
0.00856371
0.00856371
0.00977201
0.00977201
0.00694735
0.00694735
0.00801915
0.00801915
0.00801915
0.0073639
0.00785588
0.00785588
0.0102371
0.00060209
0.00060209
0.00060209
0.00834563
0.00834563
0.00834563
0.00834563
0.00834563
0.012685
0.012685
0.012685
0.012685
0.012685
0.0127117
0.0127117
0.0127117
0.0127117
0.0127117
0.00393626
0.00373127
0.00675444
0.00675444
0.00406328
0.014108
0.00853597
0.00783849
0.00783849
0.0135749
0.0135749
0.0135749
0.0135749
0.0135749
0.0135749
0.0135749
0.0135749
0.00802466
0.00802466
0.00802466
0.00907185
0.0146623
0.0146623
0.0146623
0.0146623
0.0146623
0.0146623
0.00809972
0.0122753
0.0122753
0.0122753
0.0122753
0.0122753
0.00850937
0.00850937
0.00850937
0.00850937
0.00850937
0.00850937
0.00850937
0.00934616
0.00934616
0.00934616
0.00934616
0.00934616
0.00934616
0.00934616
0.00986438
0.00897914
0.00897914
0.00897914
0.00897914
0.00897914
0.00897914
0.00897914
0.00897914
0.00897914
0.0127639
0.00787878
0.00787878
0.00787878
0.00787878
0.00787878
0.00787878
0.00795264
0.00943964
0.00416434
0.00416434
0.00416434
0.00839987
0.00839987
0.00839987
0.00839987
0.00839987
0.00839987
0.0140274
0.0140274
0.0140274
0.0140274
0.0140274
0.0140274
0.0140274
0.0140274
0.0140274
0.0140274
0.00897944
0.0121663
0.00794526
0.00794526
0.00794526
0.00794526
0.00898209
0.0136564
0.0136564
0.0136564
0.0136564
0.0136564
0.0136564
0.0136564
0.0136564
0.00758095
0.00758095
0.00718615
0.00718615
0.00718615
0.00718615
0.00718615
0.00215785
0.00215785
0.0013489
0.0013056
0.0013056
0.0013056
0.0013056
0.0013056
0.0117989
0.00624866
0.00624866
0.00624866
0.00624866
0.00871083
0.0089953
0.0110748
0.00963997
0.00963997
0.00963997
0.00963997
0.00963997
0.00963997
0.0138966
0.0138966
0.0138966
0.0138966
0.0138966
0.0138966
0.00840803
0.0125139
0.0125139
0.0125139
0.0125139
0.0125139
0.0125139
0.0125139
0.0125139
0.0144459
0.00846715
0.00846715
0.00846715
0.00846715
0.010093
0.0080262
0.0097489
0.0097489
0.0097489
0.00792867
0.00792867
0.00693416
0.0125901
0.0125901
0.0125901
0.0125901
0.00936542
0.0100874
0.0100874
0.0100874
0.00731775
0.00690276
0.00690276
0.00690276
0.00690276
0.00690276
0.00690276
0.00690276
0.0130936
0.00847144
0.00966671
0.00966671
0.0134342
0.00877328
0.00877328
0.00877328
0.00877328
0.00718396
0.0076214
0.0076214
0.0076214
0.00399145
0.00399145
0.00399145
0.0076214
0.0126612
0.0126612
0.0126612
0.0126612
0.0126612
0.0126612
0.0063827
0.0063827
0.0063827
0.0063827
0.0063827
0.0063827
0.0063827
0.0063827
0.00760742
0.00695471
0.00695471
0.00895822
0.00910405
0.00910405
0.00796212
0.00796212
0.00807916
0.00807916
0.00807916
0.00807916
0.00807916
0.00966373
0.00840892
0.00840892
0.00840892
0.00840892
0.00895024
0.00895024
0.00895024
0.00874756
0.00874756
0.00874756
0.00874756
0.00874756
0.0146838
0.0103682
0.0103682
0.0103682
0.0103682
0.00815838
0.00815838
0.0148171
0.0148171
0.00823247
0.00823247
0.00823247
0.00823247
0.00823247
0.00559407
0.00559407
0.00559407
0.00735669
0.00735669
0.00735669
0.00735669
0.00735669
0.00855145
0.00855145
0.00855145
0.00855145
0.00855145
0.00884205
0.00732754
0.00732754
0.00732754
0.00732754
0.00732754
0.0069385
0.0069385
0.0069385
0.0069385
0.00402357
0.00402357
0.00402357
0.0043226
0.0045511
0.0045511
0.0045511
0.0045511
0.00340048
0.00340048
0.00340048
0.00340048
0.00340048
0.00340048
0.00340048
0.00807462
0.00807462
0.00847559
0.00847559
0.00847559
0.0125178
0.0125178
0.0125178
0.0125178
0.0125178
0.0125178
0.0125178
0.0125178
0.00705467
0.00705467
0.00705467
0.00705467
0.00705467
0.00705467
0.00705467
0.00721795
0.0095112
0.00983443
0.00911801
0.00911801
0.00911801
0.00911801
0.00911801
0.00835343
0.00835343
0.00835343
0.00835343
0.00835343
0.00835343
0.00944353
0.0119937
0.0119937
0.0119937
0.0119937
0.0119937
0.0119937
0.0119937
0.0119937
0.0119937
0.0119937
0.0139746
0.0139746
0.0139746
0.0139746
0.0139746
0.0139746
0.0139746
0.0139746
0.0139746
0.0123202
0.00804575
0.00804575
0.00804575
0.00804575
0.00804575
0.00804575
0.00804575
0.00719352
0.00719352
0.00719352
0.00719352
0.00719352
0.0133582
0.0133582
0.00986206
0.00751617
0.00751617
0.00751617
0.00900477
0.00900477
0.00900477
0.00421927
0.00421927
0.00421927
0.00421927
0.00553118
0.00553118
0.00553118
0.00883779
0.00883779
0.00883779
0.00883779
0.00883779
0.00883779
0.00883779
0.00883779
0.00883779
0.0126674
0.0126674
0.0126674
0.0126674
0.0126674
0.0126674
0.0126674
0.00710769
0.00710769
0.00710769
0.00710769
0.00694691
0.00694691
0.00694691
0.00694691
0.00694691
0.00665978
0.00402945
0.00402945
0.00402945
0.00402945
0.00402945
0.00402945
0.00402945
0.0109694
0.00954025
0.00954025
0.0136891
0.00716919
0.00716919
0.00716919
0.0086347
0.0086347
0.0086347
0.0086347
0.0086347
0.0086347
0.0086347
0.00396598
0.00396598
0.00396598
0.00396598
0.00396598
0.00396598
0.00396598
0.00396598
0.00655487
0.00732711
0.00732711
0.00732711
0.00732711
0.00732711
0.00732711
0.00732711
0.00732711
0.0103059
0.0103059
0.0103059
0.0103059
0.0103059
0.00810939
0.0044305
0.0044305
0.0044305
0.0044305
0.0044305
0.0044305
0.0044305
0.00225173
0.00225173
0.00225173
0.00225173
0.0123362
0.0123362
0.0123362
0.0123362
0.0123362
0.0123362
0.00910751
0.00701854
0.00701854
0.00941057
0.0140215
0.00990055
0.00990055
0.00990055
0.00990055
0.00779043
0.0158616
0.0158616
0.0158616
0.00830696
0.00830696
0.00830696
0.0131156
0.0085652
0.00968294
0.00968294
0.0124165
0.0124165
0.0124165
0.0124165
0.0124165
0.0124165
0.0124165
0.0127977
0.0127977
0.0127977
0.0127977
0.0127977
0.0127977
0.0127977
0.0127977
0.0127977
0.0127977
0.00999363
0.00999363
0.00999363
0.00999363
0.00999363
0.00786367
0.00822952
0.00991392
0.00991392
0.00991392
0.00401052
0.00401052
0.00401052
0.00401052
0.00401052
0.00856491
0.00856491
0.00856491
0.00856491
0.00856491
0.00832512
0.00832512
0.00832512
0.00415721
0.00415721
0.00415721
0.00415721
0.00415721
0.00348168
0.00348168
0.00348168
0.00898269
0.00898269
0.00898269
0.00898269
0.00898269
0.0135162
0.00817789
0.00817789
0.00817789
0.00817789
0.00750967
0.00750967
0.0139671
0.00986213
0.00986213
0.00986213
0.00986213
0.00986213
0.0146412
0.0146412
0.0146412
0.0146412
0.0146412
0.0146412
0.0146412
0.0146412
0.00789443
0.00789443
0.00789443
0.00789443
0.00892463
0.00892463
0.00927555
0.00927555
0.00927555
0.0123095
0.0123095
0.0123095
0.0123095
0.0131118
0.00925822
0.00925822
0.00925822
0.00925822
0.00925822
0.00666333
0.00666333
0.00706906
0.00706906
0.00706906
0.00666333
0.0130507
0.0130507
0.0130507
0.0130507
0.0130507
0.0130507
0.00789626
0.00917509
0.0148669
0.0104974
0.0104974
0.0104974
0.0104974
0.0104974
0.0082601
0.0082601
0.00829397
0.00829397
0.0080347
0.0080347
0.0080347
0.0080347
0.0080347
0.00761627
0.00887214
0.00849548
0.0102343
0.0102343
0.0136637
0.00964786
0.00964786
0.00964786
0.00964786
0.00964786
0.00964786
0.00190666
0.00190666
0.0043018
0.0043018
0.0043018
0.00486317
0.00730065
0.00730065
0.00437183
0.0129957
0.0095944
0.0095944
0.0095944
0.0095944
0.0095944
0.00469083
0.00469083
0.00469083
0.00639124
0.00639124
0.00639124
0.00455773
0.00241376
0.00241376
0.0032913
0.0032913
0.00336486
0.00886884
0.00886884
0.00886884
0.00886884
0.00886884
0.00886884
0.00886884
0.00884535
0.00814573
0.00666775
0.00666775
0.00666775
0.00666775
0.00666775
0.00021506
0.00021506
0.00021506
0.00021506
0.00021506
0.00021506
0.00021506
0.00842152
0.00842152
0.00842152
0.00842152
0.00660455
0.00660455
0.00675741
0.00675741
0.00675741
0.00675741
0.00920695
0.00920695
0.00825791
0.00825791
0.00825791
0.00825791
0.00933499
0.00933499
0.00798733
0.00798733
0.00798733
0.00798733
0.00798733
0.00862038
0.0126704
0.0126704
0.0126704
0.0126704
0.0126704
0.0126704
0.0126704
0.010064
0.00563003
0.00563003
0.0035968
0.0035968
0.0035968
0.00961968
0.00961968
0.00961968
0.00961968
0.00961968
0.00961968
0.00961968
0.00961968
0.00667344
0.00403772
0.00403772
0.00403772
0.00403772
0.00667344
0.00667344
0.00667344
0.00848977
0.00848977
0.00968763
0.00968763
0.00968763
0.00968763
0.00722262
0.00722262
0.00722262
0.00722262
0.00722262
0.00722262
0.00722262
0.00722262
0.0139868
0.0139868
0.0103261
0.014268
0.0100746
0.0100746
0.0100746
0.0100746
0.0100746
0.00792736
0.00707053
0.00653778
0.00408686
0.00408686
0.00408686
0.00408686
0.00408686
0.00408686
0.00415339
0.00653778
0.0136117
0.00888919
0.00888919
0.00888919
0.00888919
0.00888919
0.00977644
0.00977644
0.00977644
0.00977644
0.00977644
0.00977644
0.00977644
0.00977644
0.00769277
0.00808934
0.00808934
0.00808934
0.00808934
0.00808934
0.00808934
0.00808934
0.00808934
0.012849
0.00948609
0.00948609
0.00948609
0.00763763
0.00763763
0.00763763
0.00763763
0.0134011
0.0134011
0.0134011
0.0134011
0.00701355
0.00982503
0.00982503
0.00982503
0.00982503
0.00982503
0.00982503
0.00982503
0.00982503
0.00982503
0.00982503
0.0137197
0.00968743
0.00968743
0.00968743
0.00847228
0.00847228
0.00847228
0.00847228
0.00847228
0.00847228
0.00778
0.0130373
0.00682783
0.00682783
0.00682783
0.00682783
0.0120743
0.0120743
0.0120743
0.0120743
0.0120743
0.0101531
0.0088377
0.0088377
0.0088377
0.00713857
0.00713857
0.00713857
0.00713857
0.00407124
0.00427477
0.00427477
0.00420629
0.0123363
0.0123363
0.0123363
0.00910762
0.0118359
0.0118359
0.00873816
0.00756672
0.00756672
0.00756672
0.00756672
0.00756672
0.00756672
0.00756672
0.00756672
0.0124472
0.00691571
0.00691571
0.00691571
0.0135596
0.013415
0.013415
0.013415
0.013415
0.013415
0.013415
0.0139322
0.00983748
0.00983748
0.00983748
0.00983748
0.0077408
0.00253966
0.00253966
0.00910416
0.00910416
0.00910416
0.00910416
0.00910416
0.00755268
0.00755268
0.0144777
0.0144777
0.00757704
0.0129979
0.00917776
0.00917776
0.00917776
0.00803968
0.00803968
0.00803968
0.00803968
0.00803968
0.00803968
0.00803968
0.00803968
0.00108404
0.00174519
0.00174519
0.00174519
0.00174519
0.00174519
0.00174519
0.00174519
0.00174519
0.00819146
0.00819146
0.00819146
0.0140322
0.0140322
0.0140322
0.0140322
0.0140322
0.00934724
0.00934724
0.0126435
0.0126587
0.0126587
0.0126587
0.0126587
0.0126587
0.00913633
0.0047908
0.0047908
0.0047908
0.0047908
0.0047908
0.0047908
0.0047908
0.0047908
0.00356165
0.00356165
0.00356165
0.00356165
0.00356165
0.00356165
0.00238309
0.00238309
0.00238309
0.00238309
0.00238309
0.00238309
0.00144187
0.0042724
0.0073955
0.00701036
0.00701036
0.00720094
0.00720094
0.0130263
0.0130263
0.0130263
0.0130263
0.0130263
0.0130263
0.0130263
0.0130263
0.0130263
0.00668907
0.00668907
0.00668907
0.00668907
0.00668907
0.00668907
0.00247674
0.00247674
0.00247674
0.00284537
0.00284537
0.00284537
0.006876
0.006876
0.006876
0.006876
0.006876
0.006876
0.006876
0.006876
0.0127636
0.0127636
0.0127636
0.0127636
0.0127636
0.0127636
0.00730987
0.00667864
0.00417491
0.00417491
0.00417491
0.00417491
0.00417491
0.00667864
0.00667864
0.014817
0.0104622
0.0104622
0.0104622
0.0104622
0.0158279
0.0158279
0.0149025
0.0089412
0.0102886
0.0102886
0.0102886
0.0102886
0.0132562
0.0069425
0.0069425
0.0069425
0.0069425
0.00922436
0.00922436
0.00922436
0.00922436
0.00922436
0.00922436
0.00922436
0.00922436
0.00746752
0.00746752
0.00746752
0.00746752
0.00746752
0.00922657
0.0156586
0.0156586
0.00820063
0.00727478
0.00689593
0.00689593
0.00689593
0.0143704
0.0143704
0.0143704
0.0143704
0.0143704
0.0143704
0.0143704
0.0143704
0.0143704
0.0143704
0.0143704
0.0080393
0.0080393
0.0080393
0.0080393
0.0100786
0.0100786
0.0100786
0.0104518
0.0100351
0.01396
0.01396
0.01396
0.01396
0.01396
0.01396
0.01396
0.01396
0.01396
0.01396
0.00893632
0.0138673
0.00979167
0.00979167
0.00979167
0.00979167
0.00979167
0.00979167
0.00770476
0.00770476
0.00770079
0.00770079
0.00770079
0.00770079
0.00770079
0.00770079
0.00770079
0.00770079
0.00870572
0.00327566
0.00327566
0.00327566
0.0052401
0.00965034
0.00965034
0.00965034
0.00965034
0.00965034
0.00965034
0.00965034
0.0130167
0.00762948
0.00762948
0.00762948
0.00762948
0.00723216
0.0139378
0.00871272
0.00871272
0.00871272
0.0125028
0.0125028
0.0125028
0.0125028
0.0125028
0.0125028
0.0125028
0.00883997
0.00883997
0.00402726
0.00402726
0.00402726
0.00402726
0.00402726
0.00402726
0.00402726
0.00402726
0.00812358
0.00812358
0.00812358
0.00812358
0.0123093
0.0123093
0.0123093
0.0123093
0.0123093
0.00831236
0.0100137
0.013736
0.013736
0.013736
0.013736
0.013736
0.013736
0.013736
0.013736
0.013736
0.013736
0.013736
0.00917711
0.0128501
0.00839178
0.00839178
0.00839178
0.00839178
0.00839178
0.00839178
0.00839178
0.00809581
0.00809581
0.00923809
0.00923809
0.00923809
0.00923809
0.00923809
0.00923809
0.00923809
0.00350013
0.00342095
0.00342095
0.00342095
0.00804719
0.00804719
0.00804719
0.00804719
0.00909732
0.0146532
0.0146532
0.0146532
0.0146532
0.0146532
0.00886585
0.00886585
0.00886585
0.0063098
0.0063098
0.0063098
0.00408237
0.00408237
0.00408237
0.00408237
0.00408237
0.00408237
0.00408237
0.012456
0.012456
0.012456
0.012456
0.012456
0.00353053
0.00353053
0.00353053
0.00353053
0.00353053
0.00666644
0.00884449
0.00884449
0.00884449
0.00884449
0.00884449
0.00884449
0.00884449
0.00856053
0.00713839
0.012819
0.012819
0.012819
0.012819
0.012819
0.0090946
0.0090946
0.0090946
0.0084932
0.00960154
0.00960154
0.00960154
0.00960154
0.00813868
0.00813868
0.00813868
0.00894925
0.00894925
0.00894925
0.00704188
0.0100782
0.00871025
0.00871025
0.00871025
0.00871025
0.00871025
0.00871025
0.00871025
0.00898101
0.00732301
0.00732301
0.00732301
0.00732301
0.00732301
0.00732301
0.00732301
0.00732301
0.00732301
0.00977533
0.00977533
0.00977533
0.00977533
0.00977533
0.00977533
0.00977533
0.00977533
0.00977533
0.00977533
0.00878769
0.00802299
0.00956351
0.0124725
0.0124725
0.0124725
0.0124725
0.0124725
0.0124725
0.0124725
0.0124725
0.0124725
0.0124725
0.012613
0.012613
0.012613
0.012613
0.012613
0.012613
0.012613
0.012333
0.012333
0.012333
0.012333
0.012333
0.00794621
0.0134416
0.0134416
0.0080743
0.00921355
0.00921355
0.00921355
0.00921355
0.00921355
0.0133947
0.00945796
0.00945796
0.00945796
0.00945796
0.00744217
0.0147246
0.00863052
0.00863052
0.00863052
0.00863052
0.00863052
0.00818107
0.0126656
0.00935068
0.00644837
0.00644837
0.00644837
0.00944065
0.00944065
0.00898923
0.00792709
0.00954959
0.00954959
0.00954959
0.00954959
0.00751427
0.0140844
0.0140844
0.00919787
0.00919787
0.00919787
0.00919787
0.00919787
0.0131571
0.013233
0.013233
0.013233
0.013233
0.013233
0.00706699
0.00706699
0.00706699
0.00706699
0.00706699
0.00706699
0.00706699
0.00706699
0.00372094
0.00690279
0.00690279
0.00690279
0.00690279
0.00690279
0.00877272
0.00877272
0.00877272
0.00877272
0.00877272
0.00877272
0.0130023
0.0130023
0.0130023
0.0130023
0.00722415
0.00811159
0.00811159
0.00811159
0.00811159
0.00811159
0.00811159
0.00811159
0.0146578
0.0146578
0.0146578
0.0076765
0.0076765
0.0076765
0.0076765
0.00875728
0.0124635
0.0124635
0.0124635
0.0124635
0.0133627
0.0133627
0.0133627
0.0133627
0.0133627
0.00853846
0.00853846
0.00869962
0.00869962
0.00869962
0.00869962
0.0127958
0.00835632
0.00835632
0.00835632
0.00835632
0.00835632
0.00835632
0.00842892
0.00842892
0.00842892
0.012342
0.012342
0.012342
0.012342
0.012342
0.012342
0.012342
0.012342
0.00992456
0.0120067
0.00886427
0.00886427
0.00886427
0.00886427
0.00886427
0.010196
0.0097895
0.00424498
0.00424498
0.00424498
0.00679074
0.00679074
0.00914462
0.00914462
0.00914462
0.00914462
0.00914462
0.00914462
0.00914462
0.00914462
0.00914462
0.00914462
0.0106039
0.0106039
0.0106039
0.0106039
0.0106039
0.0106039
0.0106039
0.0106039
0.0106039
0.0106039
0.0076195
0.00780025
0.00780025
0.00792724
0.0100722
0.0088013
0.0129363
0.0129363
0.0129363
0.0129363
0.0129363
0.0129363
0.0129363
0.0129363
0.00416671
0.00416671
0.00416671
0.00416671
0.00924083
0.00924083
0.00924083
0.00694003
0.00694003
0.00694003
0.00694003
0.00694003
0.00788747
0.00788747
0.00788747
0.00788747
0.00802094
0.00802094
0.00802094
0.00802094
0.00802094
0.00802094
0.00535112
0.00465785
0.00465785
0.00465785
0.00465785
0.00465785
0.00465785
0.00465785
0.00465785
0.00341862
0.00341862
0.00341862
0.00450477
0.00450477
0.00450477
0.00450477
0.00450477
0.00408191
0.00800796
0.012594
0.00699727
0.00699727
0.00699727
0.00699727
0.00699727
0.0122241
0.0122241
0.0122241
0.00902476
0.0145176
0.0145176
0.0145176
0.0145176
0.0145176
0.0145176
0.0145176
0.0145176
0.0145176
0.0145176
0.00890972
0.00890972
0.00890972
0.0124509
0.0124509
0.0124509
0.0124509
0.0124509
0.0124509
0.0124509
0.0124509
0.0124509
0.00873068
0.00717665
0.00971306
0.00845249
0.0096451
0.0096451
0.0096451
0.0096451
0.0133661
0.00700005
0.00700005
0.00700005
0.00700005
0.00653197
0.00408322
0.00408322
0.00408322
0.00408322
0.00408322
0.00653197
0.00653197
0.00653197
0.0123697
0.0124411
0.0124411
0.0124411
0.0124411
0.014514
0.014514
0.014514
0.014514
0.014514
0.014514
0.014514
0.00806407
0.00963861
0.0145713
0.0102888
0.0102888
0.0102888
0.0102888
0.0126973
0.0126973
0.0126973
0.0126973
0.0118492
0.0118492
0.0118492
0.00874797
0.0133283
0.0133283
0.00781213
0.0141496
0.0134053
0.0134053
0.00830089
0.00830089
0.00830089
0.00830089
0.00830089
0.00390442
0.00390442
0.00390442
0.00390442
0.00390442
0.00390442
0.0109996
0.0109996
0.0109996
0.0109996
0.0109996
0.0153159
0.0153159
0.0153159
0.0153159
0.0153159
0.0153159
0.0153159
0.0153159
0.0153159
0.0153159
0.0098043
0.00905876
0.0121648
0.00898097
0.00898097
0.00412531
0.00412531
0.00412531
0.00703822
0.00703822
0.0065775
0.00397967
0.00397967
0.00397967
0.00397967
0.00397967
0.00397967
0.00397967
0.00652727
0.00652727
0.00652727
0.00652727
0.00652727
0.00652727
0.00652727
0.00652727
0.00909923
0.014127
0.014127
0.014127
0.014127
0.014127
0.014127
0.014127
0.00854747
0.0127206
0.0107891
0.00939131
0.00939131
0.00939131
0.00939131
0.00697399
0.01368
0.01368
0.01368
0.01368
0.01368
0.01368
0.01368
0.01368
0.00909463
0.00909463
0.0132645
0.00736984
0.00872467
0.00681287
0.00412208
0.00412208
0.00412208
0.00412208
0.00412208
0.00412208
0.00412208
0.0098125
0.00925519
0.00772083
0.00772083
0.0088102
0.0088102
0.00982785
0.00982785
0.00868538
0.0132996
0.00704345
0.00704345
0.00704345
0.00771962
0.00423767
0.00423767
0.00423767
0.00423767
0.00423767
0.0079211
0.0079211
0.00895479
0.00895479
0.00895479
0.00895479
0.00514344
0.00514344
0.00514344
0.00514344
0.00514344
0.00780746
0.0132502
0.00742455
0.00742455
0.00742455
0.00742455
0.00742455
0.00742455
0.00742455
0.0100099
0.00813417
0.00979905
0.00979905
0.00771056
0.00771056
0.0142472
0.0142472
0.0142472
0.0142472
0.0142472
0.0142472
0.0142472
0.0142472
0.0142472
0.0142472
0.0118971
0.0076973
0.0076973
0.0076973
0.00878335
0.00878335
0.00878335
0.012433
0.012433
0.012433
0.012433
0.012433
0.012433
0.00733543
0.00418351
0.00418351
0.00418351
0.00807581
0.00922319
0.010035
0.0102416
0.0102416
0.0102416
0.0102416
0.00887659
0.00887659
0.00887659
0.00887659
0.00887659
0.0100206
0.0118137
0.0118137
0.0118137
0.0118137
0.00457585
0.00511298
0.00430574
0.00360607
0.00360607
0.00360607
0.0079498
0.0079498
0.0079498
0.00749704
0.00749704
0.00749704
0.00749704
0.0140925
0.00782984
0.00782984
0.00782984
0.00782984
0.00782984
0.00782984
0.012191
0.00796137
0.00796137
0.00796137
0.00796137
0.00796137
0.00796137
0.0109235
0.00950833
0.00950833
0.00950833
0.00950833
0.00413213
0.00413213
0.00413213
0.00413213
0.00413213
0.00413213
0.00413213
0.0043387
0.0043387
0.0118045
0.00871496
0.00871496
0.00705435
0.00705435
0.00705435
0.00705435
0.00705435
0.00705435
0.00721763
0.0100365
0.0100365
0.0139791
0.012807
0.012807
0.012807
0.012807
0.012807
0.00435071
0.00435071
0.00435071
0.00492412
0.00492412
0.00492412
0.00413093
0.0143735
0.0101491
0.0101491
0.0101491
0.0101491
0.0130913
0.00792078
0.00792078
0.00792078
0.00792078
0.00727357
0.00727357
0.00727357
0.00669786
0.00392581
0.00392581
0.00392581
0.00392581
0.00669786
0.00903602
0.00903602
0.00411134
0.00411134
0.00411134
0.00411134
0.00679512
0.00679512
0.0144268
0.0144268
0.0144268
0.0144268
0.0144268
0.0144268
0.0144268
0.00801558
0.00941692
0.00941692
0.00780862
0.00971157
0.00971157
0.00971157
0.00971157
0.00971157
0.00971157
0.00971157
0.0120282
0.0120282
0.0120282
0.0120282
0.0120282
0.0120282
0.0120282
0.0120282
0.0129866
0.0072154
0.0072154
0.0072154
0.0072154
0.0072154
0.0072154
0.0072154
0.0072154
0.0133705
0.00987113
0.0123289
0.0123289
0.0123289
0.0104557
0.0104557
0.0104557
0.0104557
0.0104557
0.0104557
0.0120911
0.0120911
0.0120911
0.0120911
0.0120911
0.0120911
0.0120911
0.00447835
0.00447835
0.00443676
0.00443676
0.00443676
0.00443676
0.00455126
0.00719677
0.0123826
0.0123826
0.0123826
0.0123826
0.0123826
0.0123826
0.00969586
0.00969586
0.00969586
0.00969586
0.00969586
0.00969586
0.00969586
0.00747009
0.00747009
0.00747009
0.00747009
0.00747009
0.00747009
0.00747009
0.00747009
0.0120099
0.0120099
0.0120099
0.0120099
0.0120099
0.0120099
0.0120099
0.0120099
0.0120099
0.0120099
0.0120099
0.0046238
0.00657277
0.00657277
0.00657277
0.0104881
0.0104881
0.0104881
0.0104881
0.0104881
0.0104881
0.0104881
0.0129976
0.0129976
0.0129976
0.0129976
0.0129976
0.0129976
0.0129976
0.0129976
0.011024
0.00791114
0.00791114
0.00791114
0.00791114
0.0128546
0.0128546
0.0128546
0.0128546
0.0128546
0.0128546
0.0128546
0.0128546
0.00708568
0.00708568
0.00751712
0.00442935
0.00442935
0.00442935
0.00442935
0.00417962
0.00417962
0.00417962
0.00417962
0.00417962
0.00761792
0.00761792
0.00761792
0.0072212
0.0072212
0.0072212
0.0072212
0.00805765
0.00805765
0.00805765
0.00805765
0.00805765
0.00658779
0.00658779
0.0039859
0.0039859
0.0039859
0.0039859
0.0039859
0.00658779
0.00658779
0.0137347
0.00896953
0.00896953
0.00896953
0.00896953
0.00896953
0.0123836
0.0123836
0.00688037
0.00840231
0.00980565
0.00980565
0.00980565
0.00818404
0.00818404
0.00818404
0.00818404
0.00818404
0.0128776
0.00715483
0.00929061
0.00929061
0.00929061
0.00929061
0.00794255
0.00794255
0.00794255
0.00794255
0.00834534
0.00834534
0.00834534
0.00834534
0.00834534
0.00943438
0.00943438
0.00943438
0.00910634
0.00910634
0.00910634
0.00910634
0.00919779
0.00919779
0.0126134
0.00931218
0.00931218
0.00931218
0.00931218
0.00931218
0.00931218
0.00931218
0.0121338
0.0121338
0.0121338
0.00792401
0.00792401
0.00792401
0.00792401
0.00792401
0.00895808
0.00447323
0.00447323
0.0026942
0.0026942
0.0026942
0.0026942
0.0026942
0.0044529
0.00157209
0.0022393
0.0022393
0.0022393
0.0022393
0.0022393
0.00236202
0.00236202
0.00846318
0.0096573
0.0128193
0.0128193
0.0128193
0.0035379
0.0035379
0.00517961
0.0035379
0.00436263
0.00436263
0.00436263
0.00436263
0.00436263
0.00436263
0.00436263
0.00436263
0.00805084
0.00805084
0.00805084
0.00805084
0.00805084
0.00805084
0.0108963
0.0108963
0.0108963
0.00948462
0.00948462
0.00948462
0.00948462
0.00516744
0.00516744
0.00516744
0.00588198
0.0102391
0.0102391
0.0102391
0.0102391
0.00739372
0.00739372
0.00739372
0.00739372
0.00739372
0.00880312
0.00921019
0.00921019
0.00921019
0.00921019
0.00921019
0.00921019
0.00921019
0.00921019
0.0142857
0.00932931
0.00932931
0.00932931
0.00932931
0.00932931
0.00932931
0.0123289
0.0123289
0.0123289
0.0123289
0.0123289
0.0123289
0.00432847
0.00432847
0.00499408
0.00499408
0.00499408
0.00499408
0.0119067
0.00879041
0.00879041
0.00879041
0.00879041
0.00879041
0.010584
0.010584
0.010584
0.00840264
0.00840264
0.00840264
0.00840264
0.0126383
0.0126383
0.0126383
0.0126383
0.0126383
0.0126383
0.00702192
0.00814823
0.00814823
0.00893145
0.00755382
0.00755382
0.00716044
0.00716044
0.00716044
0.00716044
0.00716044
0.0136738
0.00965502
0.00965502
0.00965502
0.00965502
0.0137527
0.0137527
0.0137527
0.00915575
0.00915575
0.00868554
0.00919532
0.00919532
0.0103573
0.0127395
0.0127395
0.0127395
0.0127395
0.00658994
0.00658994
0.00658994
0.00658994
0.00658994
0.0133922
0.00744077
0.00445676
0.00445676
0.00445676
0.00445676
0.00445676
0.00445676
0.00712953
0.00807577
0.00807577
0.00807577
0.00807577
0.00807577
0.00807577
0.00807577
0.00807577
0.00890869
0.00890869
0.00890869
0.00661814
0.00661814
0.00661814
0.0090242
0.0090242
0.0090242
0.0090242
0.0092259
0.0130911
0.0130911
0.0130911
0.00727346
0.0119396
0.00881471
0.00881471
0.00881471
0.00881471
0.00881471
0.00793656
0.00907801
0.00650109
0.00650109
0.00650109
0.00650109
0.00650109
0.00650109
0.000680821
0.000680821
0.000378268
0.000378268
0.000378268
0.000378268
0.00397593
0.00397593
0.00397593
0.00417469
0.00410782
0.00410782
0.010336
0.0109654
0.0145085
0.0145085
0.0145085
0.0145085
0.0145085
0.0145085
0.00759833
0.0103101
0.0103101
0.0103101
0.0103101
0.0103101
0.0103101
0.00828321
0.00828321
0.00828321
0.00828321
0.0123843
0.0123843
0.0123843
0.0123843
0.0123843
0.0123843
0.00908568
0.00908568
0.00633854
0.00633854
0.00633854
0.00633854
0.00864295
0.00864295
0.00426344
0.00426344
0.00426344
0.00426344
0.00481981
0.00481981
0.00481981
0.00481981
0.0087652
0.0087652
0.0087652
0.0087652
0.0087652
0.0087652
0.0087652
0.0087652
0.0101131
0.0140103
0.0098926
0.0098926
0.0098926
0.0098926
0.0098926
0.0128655
0.0128655
0.0128655
0.0128655
0.0128655
0.0128655
0.0128655
0.0128655
0.0128655
0.00817526
0.00678886
0.00678886
0.00643174
0.00643174
0.00643174
0.00643174
0.00643174
0.00639483
0.0039975
0.0039975
0.0039975
0.00461221
0.00461221
0.0039975
0.00345206
0.0130891
0.0130891
0.0130891
0.0130891
0.0130891
0.0130891
0.0130891
0.0130891
0.0096634
0.00690419
0.00690419
0.00732459
0.00438617
0.00417734
0.00417734
0.00417734
0.00417734
0.00887276
0.00887276
0.00887276
0.00887276
0.00887276
0.00887276
0.0069876
0.0069876
0.0069876
0.0069876
0.0069876
0.0069876
0.0069876
0.0069876
0.0069876
0.00437169
0.00437169
0.00437169
0.00437169
0.00437169
0.00437169
0.00775329
0.00775329
0.00884724
0.00884724
0.00884724
0.00884724
0.0139328
0.0139328
0.0139328
0.0139328
0.0139328
0.0139328
0.0139328
0.0139328
0.0139328
0.0139328
0.0134058
0.00946575
0.00946575
0.00946575
0.0074483
0.00857817
0.00857817
0.00857817
0.00871782
0.00871782
0.0141628
0.0141628
0.0141628
0.0141628
0.0141628
0.0141628
0.0141628
0.0141628
0.0141628
0.0141628
0.0141628
0.0132694
0.0132694
0.0132694
0.0132694
0.0132694
0.0132694
0.0132694
0.00654283
0.00654283
0.00654283
0.00654283
0.00654283
0.00654283
0.00654283
0.00654283
0.0140195
0.00915547
0.00915547
0.00915547
0.00915547
0.0083802
0.0083802
0.0083802
0.0083802
0.00947379
0.00947379
0.00947379
0.00419977
0.00419977
0.00419977
0.00419977
0.00419977
0.00716527
0.0129184
0.0129184
0.0129184
0.0129184
0.0129184
0.0129184
0.00704088
0.00440135
0.00440135
0.00440135
0.00440135
0.00440135
0.00440135
0.00440135
0.00690038
0.00690038
0.00690038
0.00690038
0.00690038
0.0145798
0.0145798
0.00763565
0.00763565
0.00763565
0.00763565
0.00763565
0.00831508
0.00831508
0.00831508
0.00831508
0.00763987
0.00804552
0.00804552
0.0145723
0.0138058
0.0138058
0.0138058
0.0138058
0.0138058
0.00762653
0.00909219
0.00878594
0.00878594
0.0144843
0.00804753
0.00804753
0.00804753
0.00804753
0.00804753
0.00804753
0.00804753
0.00804753
0.00693469
0.00693469
0.00693469
0.00693469
0.00693469
0.00693469
0.00693469
0.00693469
0.00712952
0.00712952
0.0119134
0.0119134
0.0119134
0.0119134
0.00780536
0.00873199
0.00873199
0.0132075
0.0086252
0.0086252
0.0086252
0.0086252
0.0086252
0.00837067
0.00797167
0.00797167
0.00797167
0.00797167
0.00797167
0.00797167
0.00797167
0.00797167
0.0125054
0.00816668
0.00816668
0.00816668
0.00816668
0.00816668
0.00816668
0.00816668
0.0092324
0.013281
0.013281
0.00980507
0.0125459
0.0125459
0.0125459
0.0125459
0.00987672
0.00885809
0.00885809
0.00885809
0.00885809
0.0135298
0.0135298
0.0135298
0.0135298
0.0135298
0.0135298
0.0135298
0.00949062
0.00949062
0.0123897
0.00688379
0.00688379
0.00688379
0.00851515
0.0118882
0.0118882
0.0118882
0.0118882
0.0118882
0.0118882
0.00911027
0.0102905
0.0102905
0.0102905
0.0041877
0.0041877
0.0041877
0.0041877
0.00550231
0.00550231
0.00550231
0.00550231
0.00950646
0.0143664
0.0143664
0.0143664
0.0143664
0.0143664
0.0143664
0.0143664
0.0143664
0.0137882
0.00973579
0.00973579
0.00973579
0.00973579
0.00973579
0.00973579
0.00766079
0.00766079
0.00888252
0.00888252
0.00888252
0.00888252
0.00888252
0.00888252
0.00888252
0.00888252
0.00888252
0.00888252
0.0122516
0.0122516
0.0122516
0.0122516
0.0122516
0.0122516
0.0122516
0.00798829
0.00798829
0.00798829
0.00798829
0.00798829
0.0071718
0.0071718
0.0071718
0.0071718
0.0071718
0.0071718
0.0071718
0.0071718
0.0071718
0.0071718
0.00793506
0.00793506
0.00825349
0.00825349
0.00825349
0.00825349
0.00670344
0.00419041
0.00419041
0.00419041
0.00419041
0.00419041
0.00419041
0.0129022
0.0129022
0.0129022
0.0129022
0.0129022
0.0071685
0.0071685
0.0136583
0.0136583
0.0136583
0.0136583
0.0136583
0.0136583
0.0136583
0.0136583
0.0136583
0.0136583
0.0136583
0.0133764
0.0133764
0.00700545
0.00700545
0.00700545
0.00700545
0.00955716
0.0138559
0.00978361
0.00978361
0.00978361
0.00978361
0.00978361
0.00978361
0.00769841
0.00769841
0.00995521
0.0129909
0.0136335
0.0136335
0.0136335
0.0136335
0.0136335
0.0136335
0.0136335
0.0136335
0.0126897
0.0126897
0.0126897
0.0126897
0.0126897
0.014007
0.00989028
0.00989028
0.00989028
0.00989028
0.00867421
0.00867421
0.0140649
0.0140649
0.0140649
0.0140649
0.0140649
0.0140649
0.0140649
0.0140649
0.00878232
0.00645447
0.00645447
0.00645447
0.00899773
0.0136509
0.0136509
0.00714918
0.00714918
0.00871886
0.00433409
0.00433409
0.00500056
0.00500056
0.00500056
0.00500056
0.0157242
0.0157242
0.0157242
0.0157242
0.0157242
0.0157242
0.0157242
0.0157242
0.0157242
0.0157242
0.0100657
0.0141469
0.00998904
0.00998904
0.00998904
0.00998904
0.00998904
0.00998904
0.00998904
0.00786006
0.00786006
0.0134204
0.00876422
0.00876422
0.00876422
0.00876422
0.00876422
0.00876422
0.0141855
0.0141855
0.00974797
0.0051625
0.0051625
0.0051625
0.00528199
0.00528199
0.00255668
0.00255668
0.00255668
0.00255668
0.00255668
0.0125107
0.0125107
0.0125107
0.0125107
0.0125107
0.0125107
0.0125107
0.0125107
0.0102127
0.0102127
0.0102127
0.0102127
0.0102127
0.0102127
0.0102127
0.00803602
0.00922558
0.01271
0.01271
0.01271
0.01271
0.01271
0.0130422
0.0131175
0.0131175
0.0131175
0.0131175
0.0131175
0.00834093
0.00834093
0.00834093
0.00834093
0.00730792
0.00730792
0.00730792
0.00730792
0.00730792
0.00730792
0.00730792
0.00730792
0.00730792
0.012212
0.012212
0.012212
0.012212
0.012212
0.00805205
0.00805205
0.00805205
0.00805205
0.00805205
0.00805205
0.00805205
0.00805205
0.00794243
0.00794243
0.00794243
0.00794243
0.00794243
0.00794243
0.00794243
0.0146321
0.0103317
0.0103317
0.0103317
0.0103317
0.0103317
0.0103317
0.00812967
0.00812967
0.0126909
0.00821084
0.00821084
0.0100941
0.0100941
0.0100941
0.0142959
0.0142959
0.0142959
0.0142959
0.0142959
0.0142959
0.0142959
0.00837924
0.00880942
0.00880942
0.00880942
0.00880942
0.00880942
0.00805856
0.00805856
0.00805856
0.00805856
0.0129502
0.0129502
0.0129502
0.0134358
0.00948698
0.00948698
0.00948698
0.00948698
0.015385
0.00805739
0.00805739
0.0145887
0.00764033
0.00764033
0.00764033
0.00764033
0.00764033
0.00764033
0.0124601
0.0124601
0.0124601
0.0124601
0.0124601
0.0124601
0.0124601
0.0124601
0.0126671
0.00827232
0.00827232
0.00827232
0.00827232
0.00827232
0.00827232
0.00827232
0.0146857
0.0147705
0.0147705
0.0147705
0.0147705
0.0147705
0.0125561
0.0125561
0.0125561
0.0125561
0.0125561
0.014638
0.014638
0.014638
0.014638
0.014638
0.014638
0.014638
0.014638
0.0128691
0.0136527
0.0136527
0.0136527
0.0136527
0.00831783
0.00949144
0.0123914
0.0123914
0.0123914
0.0091483
0.0116063
0.0116063
0.00543338
0.00472945
0.00472945
0.00472945
0.00472945
0.00543338
0.00543338
0.00789929
0.00789929
0.00789929
0.00811337
0.00811337
0.00811337
0.012621
0.012621
0.012621
0.012621
0.012621
0.012621
0.012621
0.012621
0.0123448
0.0130964
0.0130964
0.00685882
0.00926049
0.00712735
0.0044554
0.0044554
0.0044554
0.0044554
0.0044554
0.0044554
0.00437511
0.00367035
0.00347921
0.00347921
0.00347921
0.00347921
0.00961987
0.0148197
0.0148197
0.0148197
0.0148197
0.0148197
0.0148197
0.0148197
0.0148197
0.0148197
0.0148197
0.00731016
0.0043074
0.0043074
0.0043074
0.0043074
0.0043074
0.0043074
0.00887506
0.00887506
0.00887506
0.00996843
0.00811825
0.00811825
0.00811825
0.00811825
0.00811825
0.00811825
0.00811825
0.00811825
0.0126551
0.0126551
0.00765686
0.00765686
0.00765686
0.00765686
0.00765686
0.0143924
0.0144755
0.0144755
0.0142644
0.0142644
0.00931543
0.00931543
0.00931543
0.00931543
0.00787184
0.00787184
0.00787184
0.00787184
0.00520554
0.00541715
0.00541715
0.00541715
0.00541715
0.00541715
0.00431748
0.00431748
0.0051465
0.0051465
0.00520554
0.00520554
0.00520554
0.00520554
0.00520554
0.00520554
0.00520554
0.00520554
0.00520554
0.00374049
0.0156283
0.00418975
0.00418975
0.00418975
0.00418975
0.00418975
0.0101446
0.0125049
0.0069478
0.0069478
0.0069478
0.0130518
0.00662769
0.00725166
0.00917969
0.00790905
0.00726279
0.00726279
0.00726279
0.00726279
0.00726279
0.00726279
0.0089377
0.00707283
0.00707283
0.00707283
0.00750349
0.00750349
0.00750349
0.00707283
0.00707283
0.0125029
0.0125029
0.0125029
0.0125029
0.0125029
0.0092306
0.0145917
0.0145917
0.0145917
0.0103781
0.0103781
0.0103781
0.0103781
0.0103781
0.0103781
0.0103781
0.00815936
0.00815936
0.00815936
0.00815936
0.00707222
0.00707222
0.004279
0.00392936
0.00392936
0.00392936
0.00392936
0.00707222
0.00776469
0.00776469
0.00776469
0.00776469
0.00776469
0.0115772
0.0130727
0.0130727
0.0130727
0.0130727
0.0130727
0.0130727
0.0130727
0.00965124
0.00222289
0.00160523
0.00160523
0.00160523
0.00160523
0.00160523
0.00160523
0.00160523
0.00160523
0.00160523
0.0087184
0.00800602
0.00800602
0.00800602
0.00800602
0.0108895
0.0108895
0.0108895
0.00430254
0.00754928
0.00502114
0.00502114
0.00430254
0.00430254
0.00430254
0.0132807
0.0112642
0.0112642
0.0112642
0.00980483
0.00980483
0.0129281
0.0129281
0.00844277
0.00844277
0.00844277
0.00844277
0.00700256
0.00700256
0.00742894
0.00742894
0.00742894
0.00742894
0.00742894
0.0100884
0.0100884
0.0100884
0.0100884
0.0092902
0.0133656
0.0133656
0.0133656
0.0133656
0.0133656
0.0133656
0.0133656
0.0133656
0.012712
0.012712
0.012712
0.012712
0.012712
0.012712
0.012712
0.012712
0.012712
0.012712
0.012712
0.0139588
0.00775558
0.0128799
0.013517
0.013517
0.013517
0.013517
0.013517
0.013517
0.013517
0.013517
0.0120258
0.0120258
0.0120258
0.0120258
0.0120258
0.00741201
0.00741201
0.00741201
0.00741201
0.00741201
0.0111192
0.0100721
0.00691738
0.00691738
0.00709189
0.00709189
0.00709189
0.00709189
0.00709189
0.00709189
0.00709189
0.00709189
0.00709189
0.00746294
0.00899044
0.00899044
0.00899044
0.00707429
0.00685509
0.00685509
0.0089125
0.0135142
0.0135142
0.0135142
0.0135142
0.0135142
0.0135142
0.0135142
0.0135142
0.00717144
0.00847512
0.00857865
0.00857865
0.00857865
0.00857865
0.00750262
0.0122583
0.0122583
0.0122583
0.0122583
0.0122583
0.0122583
0.0122583
0.0129166
0.0109554
0.0109554
0.0109554
0.0109554
0.0130016
0.0130016
0.0130016
0.0130016
0.0130016
0.0130016
0.0130016
0.00721002
0.00721002
0.0034511
0.00682722
0.00682722
0.0121754
0.0121754
0.0121754
0.0121754
0.0121754
0.00956752
0.00974777
0.00974777
0.00974777
0.00974777
0.00902429
0.00697525
0.00739998
0.00739998
0.00739998
0.00492934
0.00492934
0.00492934
0.012438
0.00955593
0.00955593
0.00955593
0.00918265
0.00918265
0.00677937
0.0130872
0.0130872
0.0130872
0.0130872
0.0130872
0.0130872
0.0130872
0.0130872
0.00966194
0.00957489
0.00812997
0.00956452
0.00956452
0.0136287
0.00890029
0.00890029
0.00890029
0.00890029
0.00890029
0.00766912
0.00923881
0.00923881
0.00923881
0.00702981
0.00702981
0.0152099
0.0152099
0.0152099
0.0152099
0.0152099
0.0152099
0.0152099
0.0152099
0.0152099
0.0152099
0.0115657
0.00846749
0.00966221
0.00966221
0.00966221
0.00966221
0.00966221
0.00966221
0.00966221
0.00966221
0.00758691
0.00758691
0.00758691
0.00758691
0.00758691
0.00758691
0.00845637
0.00845637
0.00801598
0.00801598
0.00801598
0.00801598
0.00801598
0.00801598
0.0124267
0.0124267
0.0124267
0.0124267
0.0124267
0.0124267
0.0124267
0.00917432
0.00930333
0.00930333
0.00930333
0.00930333
0.00930333
0.00930333
0.00930333
0.00930333
0.00930333
0.00930333
0.00685314
0.0125722
0.0125722
0.0125722
0.0125722
0.0125722
0.00975422
0.00975422
0.00975422
0.00975422
0.00975422
0.00975422
0.00975422
0.00975422
0.00975422
0.00809017
0.00809017
0.0141858
0.00977115
0.00977115
0.0144068
0.0101726
0.0101726
0.0101726
0.0101726
0.00643633
0.00416423
0.00416423
0.00348756
0.00348756
0.00348756
0.00348756
0.00348756
0.00348756
0.00340867
0.00705941
0.00705941
0.00705941
0.0100077
0.0100077
0.0100077
0.0104737
0.00948736
0.00987758
0.00987758
0.00987758
0.00987758
0.00987758
0.00987758
0.00987758
0.00987758
0.00987758
0.00987758
0.0124168
0.0124168
0.0124168
0.0124168
0.0124168
0.0124168
0.0124168
0.0124168
0.0124168
0.0124168
0.0139943
0.00741133
0.00741133
0.00741133
0.00741133
0.00499622
0.00499622
0.00499622
0.00499622
0.00499622
0.0107538
0.0107538
0.0107538
0.0131397
0.0131397
0.0131397
0.0131397
0.0131397
0.0131397
0.0131397
0.0131397
0.0131397
0.0041418
0.00726726
0.00726726
0.00726726
0.0118399
0.0118399
0.0118399
0.0118399
0.0118399
0.0118399
0.0118399
0.00692973
0.00692973
0.00692973
0.00692973
0.00640446
0.005432
0.00347029
0.00347029
0.00339179
0.00738803
0.00738803
0.00738803
0.00738803
0.00738803
0.00738803
0.00738803
0.00738803
0.0123288
0.00770688
0.00684993
0.00684993
0.00684993
0.0124724
0.0124724
0.0124724
0.0124724
0.0124724
0.0124724
0.0124724
0.00688883
0.00730829
0.00382747
0.00382747
0.00382747
0.00382747
0.00382747
3.40738e-05
1.89316e-05
1.89316e-05
1.89316e-05
1.89316e-05
1.89316e-05
1.89316e-05
1.89316e-05
1.89316e-05
0.0123546
0.0123546
0.0123546
0.0123546
0.0123546
0.0123546
0.012681
0.012681
0.012681
0.012681
0.012681
0.012681
0.012681
0.00898437
0.00898437
0.00898437
0.0147944
0.0147944
0.0147944
0.0156239
0.0156239
0.011894
0.011894
0.011894
0.011894
0.011894
0.011894
0.00411529
0.00377903
0.00377903
0.00377903
0.00784993
0.00965586
0.00965586
0.0101649
0.00884796
0.00884796
0.00884796
0.00884796
0.00884796
0.00428844
0.00428844
0.0073462
0.0073462
0.0073462
0.00489352
0.00548741
0.00350569
0.00350569
0.0046195
0.0046195
0.0046195
0.0122095
0.0122095
0.00901397
0.00901397
0.00486354
0.0118007
0.0118007
0.0118007
0.0118007
0.0118007
0.0118007
0.0118007
0.0118007
0.0125565
0.0125565
0.0125565
0.0125565
0.0125565
0.0125565
0.0125565
0.0125565
0.0125565
0.0125565
0.0128062
0.0128062
0.0128062
0.0128062
0.0128062
0.0128062
0.0128062
0.0128062
0.0128062
0.0128062
0.0128062
0.00900278
0.010273
0.010273
0.00812367
0.00812367
0.00812367
0.00812367
0.00812367
0.00812367
0.00812367
0.00812367
0.00799354
0.00706161
0.013072
0.013072
0.013072
0.013072
0.013072
0.00965073
0.0140307
0.00990704
0.00990704
0.00990704
0.00990704
0.00990704
0.00990704
0.00779553
0.0134014
0.0074459
0.0102859
0.00985291
0.00985291
0.00985291
0.00985291
0.00985291
0.00392496
0.0045805
0.0045805
0.0045805
0.0045805
0.0045805
0.0045805
0.0045805
0.00360425
0.00405516
0.00412117
0.00412117
0.00412117
0.00412117
0.00467874
0.00360425
0.0147823
0.0147823
0.0147823
0.0147823
0.0147823
0.0144206
0.0144206
0.0144206
0.0144206
0.0144206
0.0144206
0.0144206
0.0144206
0.0144206
0.0144206
0.00700544
0.00815149
0.00815149
0.00815149
0.00815149
0.00815149
0.00645517
0.00349777
0.00349777
0.00349777
0.00349777
0.00460907
0.00460907
0.00460907
0.00652454
0.00909541
0.00909541
0.00909541
0.0121811
0.0121811
0.00899303
0.0126464
0.0126464
0.0126464
0.0126464
0.0126464
0.0070585
0.00668375
0.00668375
0.00668375
0.00668375
0.00665337
0.0153766
0.0153766
0.00870155
0.00870155
0.00870155
0.00870155
0.00870155
0.00870155
0.00870155
0.00870155
0.00870155
0.0117863
0.00689035
0.00689035
0.00437737
0.00437737
0.00437737
0.00437737
0.00430725
0.00437737
0.00416896
0.00960009
0.00919593
0.00919593
0.00919593
0.00405627
0.00425905
0.00425905
0.00425905
0.00425905
0.00425905
0.00425905
0.00405627
0.0067041
0.014551
0.0102744
0.0102744
0.0102744
0.00808461
0.00808461
0.00875676
0.00875676
0.00875676
0.00875676
0.00875676
0.0158764
0.0158764
0.00831471
0.00831471
0.0137114
0.0137114
0.0137114
0.0137114
0.0137114
0.0137114
0.0137114
0.0137114
0.0137114
0.0137114
0.0137114
0.0101548
0.0101548
0.0101548
0.0101548
0.0101548
0.00691649
0.00691649
0.013345
0.013345
0.00782189
0.00741454
0.00741454
0.00741454
0.00741454
0.00968284
0.00968284
0.00964936
0.00933673
0.00933673
0.00933673
0.00933673
0.00933673
0.00933673
0.00933673
0.00734677
0.0050709
0.00720832
0.00720832
0.00720832
0.00720832
0.0101203
0.00880912
0.00880912
0.00880912
0.00880912
0.00880912
0.0142505
0.0100622
0.0100622
0.0100622
