0.0749908
1.30993
0
0.0157955
0
0.00252264
0.00272303
0.00272303
0.00272303
0.00261787
0.00283068
0
0
0.00852035
0.00692592
0.0250249
0.00543454
0.00498902
0.00535467
0
0
0.00907678
0.00292909
0.00419265
0.00249823
0.00251407
0
0.00294543
0
0.00277801
0.463221
0.00250745
0.00557821
0.00276051
0
0.00276129
0.00278618
0.00276051
0
0.00546744
0.00558905
0.00261787
0.00271547
0.00551413
0
0.00261787
0.00531593
0.00356983
0
0
0.00531593
0
0.00260271
0.0162416
0.00551773
0.00281771
0.00536932
0.00281771
0.00284744
0
0
0
0.00268282
0.0188006
0.00281771
0.00284744
0.00584986
0.00259926
0.00281771
0.230266
0.00285472
0
0.00256241
0
0.00450715
0.00428466
0.00272303
0
0
0.00316768
0.00289826
0
0.00676869
0.0856933
0
0
0.00299216
0
0.00271717
0.00261787
0.00276051
0
0
0.928904
0.00256386
0.00270693
0.00251135
0.00380055
0
0.00285644
0.0278734
0.00261777
0
0.0202442
0
0
0.00261787
0.00483353
0.00294824
0
0.00261787
0
0
0
0
0
0.00269239
0.00270693
0
0.00791959
0
0
0.00543276
0
0.00268728
0.00272303
0
0.00543276
0
0.00256314
0
0
0.00843361
0.00300995
0
0
0.00566219
0
0.018861
0
0.0430444
0.00318316
0
0
0.037317
0.00297675
0
0
0.0680896
0
0
0.00256314
0.00260345
0.00569709
0.00963502
0
0
0.00276051
0.00301592
0.00553336
0
0.00267106
0.00350364
0
0
0.0186565
0
0.00595245
0.0167768
0.0136282
0.0582673
0.99991
0
0.00256314
0
0.0052355
0
0
0
0
0.0105297
0.0128146
0
0
0.00579665
0
0.00281771
0.0030173
0
0
0
0.00983711
0.0166626
0.0278959
0
0
0.0054916
0
0.0139475
0
0
0
0.0396187
0
0.019183
0.00274888
0.0557146
0.00256314
0
0.0139126
0
0.0145712
0
0.00291424
0.0106048
0
0.00532265
0.00720797
0.041835
0
0.00291424
0.0027947
0.00291424
0
0
0.00280695
0.0110053
0.00858901
0.00287122
0.024772
0
0
0.0291246
0.0139
0.0163386
0
0.00832658
0.00256934
0.105301
0.0138113
0.0206056
0.0278877
0.0502476
0.0920403
0.955012
0.0056626
0.00540879
0
0.00557655
0.0110802
0.00260331
0
0.00293446
0.00283895
0.00566579
0.00831799
0.00266234
0.00507028
0.0112924
0.0732442
0
0
0.00308607
0.00546595
0.00291701
0
0.00556261
0
0.00559298
0.0085076
0.00291072
0.011264
0
0.00565299
0.00261777
0
0.00309453
0.0193832
0.0104869
0
0.0360297
0.00836778
0.00283936
0.00257065
0.00272767
0.0162216
0.00533147
0.0107443
0.0103128
0
0
0.122227
0
0.0212877
0
0.017433
0.00268598
0.019201
0.0110455
0.00283174
0.00578216
0.00738248
0.011031
0.00298347
0.00534269
0
0.00244282
0.0112852
0.00540153
0
0.00899662
0.0158329
0.119827
0.00284454
0.0102114
0.00293678
0.00300289
0.0024923
0.00252734
0.00277141
0.00286949
0.0107338
0.0083203
0
0.00845602
0.00276334
0.003677
0.0678014
0.00563376
0.00785876
0.00546848
0.00308551
0.0302936
0.0085059
0.0115591
0.03648
0.00252316
0.00765349
0
0.0058171
0.0348385
0.0248685
0.0285651
0.0509556
0.0567446
0.809247
1.00373
0
0.00298366
0.00266234
0.0057862
0.00303198
0.0100039
0.0117446
0.0172509
0
0.0051594
0.00309987
0.00534988
0.00291795
0.0161395
0
0.00920739
0.00776886
0.0157225
0.00687537
0.00263669
0.00878054
0.00535421
0.00578961
0.0144769
0.0136723
0
0.0161998
0.00548612
0.00258023
0.0169278
0.00819735
0
0.00549107
0.0054147
0
0.00261787
0
0.00848663
0.00380157
0.013093
0.0217652
0.00837103
0.0159938
0.0184169
0
0
0.0116724
0.0271855
0.0128516
0.00246086
0.0164132
0.0104024
0.00292021
0.00571477
0.0623015
0.00257012
0.0207494
0.0437693
0.00895402
0.00670919
0
0.0329222
0.0135379
0.00798925
0.0153788
0.0266213
0.0187702
0.0322476
0.0862308
0
0.00293821
0.0164152
0.00534893
0.0640391
0.00544139
0.00846839
0.013276
0.293034
0.00273821
0.0847146
0.00853404
0.00570987
0.00740764
0.00847369
0.016666
0.0056174
0.01701
0.0189385
0.0106154
0.00561765
0.00626136
0.0810034
0.0551287
0.00546235
0
0.0252454
0.0382749
0.0119446
0.0251002
0.0394642
0.0300241
0.00604702
0.00972975
0.0255146
0.00532441
0.100782
0.0103089
0
0.0468533
0.079913
0.0637935
0.46957
1.00389
0.00559677
0.0131113
0
0.0104522
0.00800953
0.00265567
0.00421785
0.00808483
0.0113423
0.00569646
0.00789165
0.0057363
0.00556072
0.0026861
0.00505874
0.0129699
0.00491036
0.00246086
0.00451325
0.0126454
0
0.0298476
0.00779295
0.00281669
0.0139196
0.0117921
0.0363527
0.0090608
0
0.023833
0
0.00581703
0.00835045
0.00248581
0.00781928
0.0079263
0.0107518
0.00932539
0.00586172
0.00534365
0.00556981
0
0.00295875
0.0105026
0.0137125
0.00525723
0.00562613
0.0131293
0
0.00273508
0
0.0137601
0.0162672
0.01346
0.00267157
0.00535993
0.00291072
0.00998396
0.0113974
0.0037876
0.0056566
0.0327953
0.016011
0
0.00313582
0.0473673
0.00540071
0.0111624
0.00302093
0.00531349
0.0183798
0.0167853
0.0135482
0.025308
0.00278714
0
0.0026713
0.00517472
0.0126357
0.014003
0.00249164
0.00850149
0.0130054
0.134457
0.00281881
0.0056735
0
0.0100557
0.00774676
0.0109073
0.0151747
0.0227658
0.00518109
0.0222922
0.0059229
0.00805714
0.0113154
0.0536793
0.012771
0.00522236
0.0109125
0.00602058
0.0106087
0.0555113
0
0.022305
0.03296
0.0307043
0.0135768
0.0100519
0.0181404
0.0108938
0.0658199
0.0161615
0.0102297
0.0533209
0.0710023
0.353162
0.226932
1.02141
0
0.00296479
0.00789918
0.00513201
0.00798314
0.00798902
0.0180095
0.0459007
0.00298092
0.00838323
0.00515403
0
0.00829578
0
0.0080192
0.00547327
0.00525788
0
0.0217704
0.325127
0.00836879
0
0.00720264
0.00838947
0.0136315
0.00821331
0.00334568
0.0996618
0.00578942
0
0.0111416
0.00298792
0.00557589
0.00552751
0.00297757
0.00509145
0.00561501
0.0142942
0.0331125
0.00842306
0.0266738
0.00837358
0.0027697
0
0.0368182
0.0162547
0.00298652
0.326281
0.00278391
0.00800291
0
0.00563347
0
0.960758
0.00277574
0.00263155
0.00821294
0.002552
0.0106858
0.00779304
0.00301615
0.0160291
0
0.00817249
0.012025
0.0375161
0.0160525
0.010535
0.150543
0
0.00545387
0.00269482
0.00291701
0.114393
0.0085267
0.0104129
0.0461688
0.00922606
0.00295004
0.00819702
0.00500932
0.0051179
0.011073
0.00268945
0.00566753
0.0484625
0.0154368
0.141649
0.00275971
0.020176
0.0111585
0.00535901
0.00232639
0.00268945
0.00829388
0.0137594
0.0166508
0
0.0800412
0.00578299
0.00513722
0.0061308
0.112231
0
0.00815718
0.0078465
0.00822637
0.0611301
0.0370451
0.00530361
0.0164669
0.0220379
0.0028373
0.00511187
0.048094
0.0155703
0.0272225
0.118194
0.0058708
0.0237343
0.0339954
0.0578642
0.114287
0.311781
1.00215
0.00293233
0.00802156
0.00543512
0.00856835
0
0.00353306
0
0.00859253
0.0138208
0.00822477
0.00548596
0.00279067
0.0165068
0.00296396
0.00264432
0.0741619
0.00554466
0
0.0138507
0.00524234
0
0.00567794
0
0.00563698
0.0106527
0.0335568
0.0028527
0.00895958
0.027902
0.00250196
0.0113209
0.0140182
0.00563747
0.00822571
0.00262992
0.0105533
0.00264885
0.00573799
0
0.0075973
0.0842003
0.0146472
0.0054591
0.00298142
0.0190627
0.00250196
0.00544181
0.00562715
0.00260504
0.00267384
0.998581
0.00800614
0.0110788
0.0082958
0.00277936
0.00523235
0.0168434
0.00308763
0.0583529
0.0204801
0.00606726
0.00522011
0.0136154
0.00804436
0.002869
0.00519262
0.00815559
0
0.062291
0.008478
0.0107438
0.0253353
0.00326764
0.00556506
0.00572604
0.00280043
0.00521786
0.00824225
0.00295556
0.00280043
0.0792749
0.00614249
0.0478931
0.00540034
0.00649891
0
0.00573392
0
0.00280043
0.023296
0.0266703
0.0106896
0.0337804
0.00312801
0.0051894
0.00705092
0.023348
0.115608
0.0222806
0.00268393
0.00813383
0
0.0501903
0.0178418
0.00863494
0.00873085
0.00328734
0.0109481
0.00266149
0.0230406
0.00264744
0.016492
0.00794009
0.00901774
0.00265244
0.0108599
0.0535974
0.0391512
0.984978
0.00556844
0.0222405
0.0187267
0.00551201
0.00251793
0.00705001
0.0130889
0.00839547
0.0110716
0.0271852
0.0108472
0.00564296
0.00888529
0.00257271
0.0081678
0.0169855
0.00247315
0.00654443
0.0115066
0
0.0564746
0.00520334
0.0133105
0.00570742
0.00307996
0.0281963
0.0194016
0.0213715
0.00260667
0.00241443
0.0167561
0
0.00247315
0
0.00324497
0.00246397
0.0086056
0.0808493
0.0826542
0.0056519
0.00831498
0
0.0164434
0
0.00246397
0
0
0.00465167
0.0114122
0.0258415
0.00276525
0
0.962987
0.00556266
0.0140652
0.00268052
0.00295556
0.00287972
0.00234273
0.00284258
0.247068
0.0114122
0.00583577
0.275833
0.0026321
0.00518284
0.0135872
0.00540108
0.00278153
0.00287972
0.00277628
0.107481
0.00677885
0.0162325
0.0286554
0.0889601
0
0.00250318
0.00268167
0
0.0110774
0
0.00771685
0.0439849
0.0265756
0.0302014
0
0
0.136535
0.00535718
0.00533402
0
0
0.0057751
0.0144393
0.00759999
0.0196198
0.0139727
0.00819403
0.00494847
0.00950232
0.00467683
0.00528927
0.00508862
0.0133024
0.00265388
0.0699768
0.0133395
0
0.00853286
0.00809373
0.00307545
0.0828025
0.00554321
0.00484655
0.00494259
0.0134573
0.0218623
0.0481198
0.00789514
0.0123669
0.0494554
0.037268
1.00969
1.08446
0.00268459
0.00550488
0.00287648
0.00247602
0.00802143
0.015518
0.00344391
0.00834538
0.0108783
0
0.00550177
0
0.00540409
0.00288983
0
0.0135362
0.0129889
0.00555268
0.00820487
0.00245517
0.00348491
0.00498857
0
0.00273954
0.0117566
0.0137157
0.00867064
0.00523379
0
0.00257188
0.0182127
0
0
0.00347327
0.0468609
0.00524423
0.00264121
0.00789635
0
0.0156781
0.00260667
0.00273597
0.00268167
0
0.0160824
0
0
0.985443
0.00256088
0.00841296
0.00540628
0.00274675
0.00279762
0.00285517
0.0286571
0
0.0132309
0.132927
0.0105541
0
0
0
0
0.0218776
0
0.0240315
0.0255019
0
0.00267551
0.00261598
0
0.0025669
0
0.0110672
0.0105577
0.033793
0.00324196
0.235988
0.0025695
0.0133776
0
0.00525594
0.0101838
0.00794234
0.00851563
0.0104741
0.0249132
0.0187689
0.00567919
0
0.00250681
0.0048527
0.00263281
0.00250104
0
0.0304717
0.00500987
0.00816843
0.00266916
0.005523
0.00246226
0.0262299
0.00263281
0.00500786
0.00568459
0.00246086
0.0051499
0.0258186
0.0425676
0.0350519
0
0.488286
0.974442
0.00258471
0.00258175
0.0024968
0
0.00259505
0.00854925
0.0221733
0.0155264
0.0107367
0
0
0.00800036
0
0
0.0026063
0.00861332
0
0.108572
0.0110805
0
0.00807481
0.00541502
0.0136117
0.00584192
0
0.00534636
0.00778033
0.00248602
0.00795484
0.00507064
0.00585552
0.0136179
0.00257724
0.0135135
0.0027135
0.00511872
0.0080214
0.00299421
0
0.00795302
0.00805178
0.00278732
0.969165
0.0783148
0.0135534
0.0026321
0.00259794
0.00525367
0.00537743
0.0370776
0.011705
0.0111621
0.00518311
0.0974402
0.00769584
0.00815686
0.00801695
0.0135476
0.00821087
0.00270881
0.0443178
0.0027536
0.00538972
0.0145111
0.00870502
0.00248176
0.00245503
0.00284517
0.00779411
0.00368111
0.0265987
0.0344983
0.00360324
0.0388704
0.00552887
0
0.00509326
0.00245726
0.0108219
0
0.0140228
0.0262941
0.0378809
0.00796266
0.00583457
0.00263281
0.00542994
0.0276603
0.0131777
0.00430832
0.0533632
0
0.0264216
0.0026115
0
0.00542552
0.00262721
0.00428448
0
0.0182487
0.0174175
0.118138
0.951913
0
0.984326
0
0.00261005
0
0.0035713
0.0383391
0
0.00693151
0.0383391
0.00261878
0.00266486
0.00288901
0.00278155
0.00259624
0.00760171
0
0
0.00556477
0.0057331
0.0117003
0.00582072
0
0.00354494
0.0024968
0
0.113892
0.039897
0
0
0.00821234
0.00816831
0.00749041
0.0027286
0.00283994
0.00510311
0.00257677
0
0
1.04817
0.0109861
0.0026097
0.0025909
0.00262169
0.0029572
0
0.0142974
0.00261465
0.00785785
0.0220401
0.00265415
0.00534021
0.00257573
0
0.00573329
0.00262169
0.0395868
0.00263969
0.0145031
0.00268535
0.00260472
0.00544454
0.00781417
0.0142154
0.00329252
0.0377776
0
0.00295897
0.0351496
0.00390708
0.0195354
0.0129278
0.00299252
0.00523872
0.00268535
0.00262721
0.07766
0.018639
0.00260633
0.00392729
0.0237651
0.00275121
0.00574331
0
0.00495728
0.00551623
0.00552779
0.00261819
0.00409676
0.00782411
0.00811478
0.0991748
1.02277
0.949534
0.980444
0
0.00265415
0.0130201
0
0.00505457
0.00254337
0.00261079
0.0036193
0.00265151
0
0.0111714
0.00274734
0.00264029
0.00452759
0.00252325
0.00255649
0.0116548
0
0.00255649
0.0181468
0.0026701
0
0.0498167
0.012842
0.0789576
0.00660344
0.00258169
0.00253869
0
0
0.00339717
0
0
0
0.00253869
0.0230429
0.00262169
0
0.00521519
0.00769723
0
0.0107901
0.005369
0.00745954
0.00781828
0
0.00595417
0.0107006
0.00532561
0.00246226
0.0111726
0.00273117
0.00284872
0
0.00667597
0.322677
0.00277266
0.0024748
0.0026701
0
0
0.0217186
0.0573099
1.01636
0.646259
0.00516508
0.00273194
0
0.00268984
0.00389151
0
0.00663539
0.00260392
0.00255649
0.00255721
0.00286078
0
0.00861379
0.00252909
0.00278343
0
0
0.00261819
0.00252894
0.0077498
0.00772342
0
0.00271027
0
0.00534937
0.00742963
0.00777858
0.00250463
0.00254741
0
0.0112851
0.00278927
0
0.0518962
0.00515688
0.0201986
0.00600476
0.0150256
0.00274773
0.00340473
0.00509228
0.00300512
0.0313121
0
0.00256578
0.00250427
0.00241169
0.00264033
0.0100993
0
0.0131181
0.0643722
0.00517086
0
0.00260084
0.00513643
0.00267018
0
0
0.00337497
0
0.00272211
0.0990545
0.00992289
0.0027286
0.00366796
0
0
0
0.00272061
0.00706298
0.00264497
0.00270713
0.00246841
0.0025848
0.00239495
0
0
0
0
0.0025848
0.00246841
0
0.906508
0.00257447
0
0.00264902
0.00336101
0
0.0332614
0
0.0174529
0
0.00722262
0
0
0.00250427
0
0.00429079
0.00518841
0.00255649
0
0.0049901
0
0.00851338
0
0.0027244
0.00495708
0.0109066
0.00790578
0.0141073
0
1
0
0
0
0.00398569
0
0.00286124
0
0.00546757
0
0.00703833
0.00252496
0.0053134
0.00266194
0
0.00250952
0.00704945
0
0.00271565
0.0027286
1.01661
1
0.00523544
0.00255649
0
0.0025892
0
0.0545947
0.00782634
0.00255649
0.00469129
0.00268159
0
0
0.0110687
0.00256121
0.00470792
0.0050791
0.00246841
0.00528305
0
0.0213177
0.00840755
0.00250427
0.00942168
0.00782001
0.00253619
0.00250385
0.00250385
0.00799837
0
0.00259978
0.00250385
0.00480255
0.00250385
0.0143538
0.00555268
0.0162034
1
0
0
0
0.00261005
0
0.00273682
0
0.00784541
0
0
0
0
0.00285616
0
0.00257357
0.563308
0.990552
0.0025909
0.0024968
0.00666925
0.00261807
0.00241618
0
0.0149808
0
0.00849255
0.00661526
0
0.0025909
0.0026461
0.0032793
0
0.0104964
0
0.0127388
0.0026461
0.00248353
0.00262573
0.00251413
0
0.0107748
0
0.00257357
0.00251786
0
0.0267266
0
0
0.00261005
0
0.00511613
0.0108198
1
0
0.00428209
0
0.00269462
0.00269239
0.0506211
0.755604
0.003231
0.00391508
0
0.00528025
0.00783016
0
0.00522863
0.00265415
0.00532094
0.00265415
0.0043012
0.00256223
1
0.0025752
0.00489094
0.00257447
0.0417973
0
0.00258917
0
0
0
0.00267279
0
0.00534653
0.020351
0
0.00257447
0.147517
0.470734
0
0
0.00346194
0
0
0
0.00354064
0.00510942
0
0
0
0
0
0.00246189
0.00268431
1
0
0
0.00262661
0.00721665
0.0026461
0.0691585
0.731391
0.0026461
0.0198458
0.0026461
0.00419022
0.00251413
0.00526262
0
0.00239472
0
0.00251413
0.00253169
0.999018
0.105818
0.00254286
0.00254357
0.00254429
0.00254357
0
0.0095384
0.025083
0
0.00257831
0.00940347
0
0.0400492
0.07777
0.00258399
0
0.00533382
0.0027898
0
0
0.00259123
0.00351276
0
0
0.00266138
0
0.00258472
0.00247682
0.0162975
0.00337802
0.0347527
0.0160153
0
0.00643531
0
0
0.0106806
0
0.00388317
0.00540242
0
0
0
0
0
0
0.00520628
0
0.00262081
0
0.00247328
0.00523301
0.00313449
0
0
0
0.00262081
0
0.796865
0.542816
0
0.0025505
0.00256542
0.00737681
0.00254189
0.00254357
0
0.00399662
0
0.00384813
0
0.00291149
0
0.0025505
0
0
0.00247682
0
0.0025505
0
0
0.0111361
0.0094326
0.00292724
0
0
0
0.00369974
0
0.0239621
0.00260868
0
0
0
0.00261588
0.00863273
0.00260815
0
0
0.00507544
0
0
0.00289393
0.00283754
0
0
0
0.00260706
0.00279423
0.00285697
0.00266369
0
0
0.00263023
0.00990373
0.00572527
0
0
0.00858323
0.00258909
0.00262146
0.00259127
0.00384813
0.00242164
0.00510662
0.0033562
0
0.011702
0
0.00763072
0.00245894
0.0121611
0
0
0
0.00258982
0.00548777
0
0.0252827
0.00335432
0.00777381
0.00258982
0.00537477
0
0.00457571
0.01502
0
0.00284033
0
0
0.00967124
0.00299818
0.0107071
0.00558943
0
0.00272493
0.00266819
0.00314433
0.00250759
0.00301566
0.0173877
0
0.00303462
0
0.00321995
0.00245894
0
0
0
0.0029568
0
0.0029227
0
0
0.00278989
0
0
0
0
0.00266672
0.00285715
0.00266777
0.00393933
0.0099937
0.00270654
0
0
0.00285796
0
0.00522862
0.00524494
0.00266702
0.00287187
0.00251622
0.00287187
0
0.00259127
0.0294555
0.00270711
0.00363277
0.00526291
0.00537047
0.00886331
0.00763477
0
0.00287187
0.00251622
0.00314665
0.0030119
0.0051763
0.00456983
0.0027491
0.00409275
0.00967124
0.00259811
0.0139074
0.00521097
0.00997348
0.00784873
0.00300135
0.00726559
0
0
0
0
0.00805013
0
0
0
0.00248495
0
0.00283754
0.0156683
0.0166416
0
0.00245894
0.00250759
0
0.00832637
0.00509224
0.00425631
0.00816001
0
0
0.00538483
0.00263189
0.00799808
0
0.00285169
0.0172589
0
0.00538483
0.00245894
0.035743
0
0.0106546
0.00543255
0.0105143
0.0202015
0
0.00516055
0.00805415
1.0445
0.00268297
0.00556303
0.00842624
0.00266405
0.00250086
0
0.0027898
0.00255321
0.00271104
0.00270274
0.00527355
0.0053403
0.00554066
0
0.00843378
0
0.00256542
0
0.00517454
0
0.00259127
0.00817722
0.00281346
0
0.00759495
0.00549804
0.00259811
0.00306713
0.00300135
0.0103091
0
0.00536728
0.0168638
0
0.0102783
0
0.00811567
0.00252526
0.00549804
0.020998
0
0.00541422
0
0.00251447
0
0
0.00574656
0
0.0117819
0
0.00516491
0
0.0167798
0.00281355
0
0.00714628
0
0.00282708
0
0
0.00288774
0.00259321
0.00514661
0.00251481
0.00251324
0.00302931
0.00823392
0.00644749
0.00303227
0
0.0205217
0.00288774
0.00795626
0.00241393
0
0.00499227
0.00418873
0
0.0126285
0.0208152
0.00299747
0.00263822
0.0100943
0.00258472
0.00838166
0.0212934
0.00279481
0.0796741
0.00265804
0.00533704
0.139704
0.00532273
0
0.0337946
0.0109575
0.0346136
0.0177314
0.00271994
0.00265804
0
0.00266773
1.02886
0.00501498
0.00801086
0.00502488
0.00286508
0.00282022
0.00261371
0
0.00540786
0
0
0
0.0076389
0.00270351
0.00959254
0.00628788
0.00788079
0
0.0117095
0.00268373
0.0187247
0.00533422
0.00262059
0.00529389
0.0239328
0.00550805
0.015338
0.00548545
0.00272
0.0229029
0.0077318
0.0196101
0.0124406
0.00552568
0.0162825
0.0225076
0.00529389
0.0182605
0.0131495
0.00250844
0.032687
0.00581105
0.0133751
0.00878346
0.00287187
0.00250673
0.00241923
0.00551388
0.0157075
0.0133184
0
0.00788081
0.0160941
0.0029454
0.00789584
0.0299307
0.0242842
0.00551388
0.00250673
0.00564866
0.00248846
0.00806822
0.0752611
0
0.00775844
0.00319735
0
0.00500251
0.0104216
0.0109277
0.235656
0.00258615
0.00785039
0.0173856
0
0.0788697
0.00534584
0.0202828
0.00538323
0.00442947
0.00537262
0.0158231
0.00679743
0.00293092
0.00259127
0.0317129
0.0131122
0.0167867
0.0197062
0.0309196
0
0.0435224
0.0029256
0.00285781
0.011193
0.0236253
0.00814782
0
0.128621
0.00293148
0.0216931
0.0107414
0.00543319
0.0960565
0.0107204
0.00285781
0.0169687
0.0253496
0.0287833
0.0240174
0.00570021
0.00548277
0.0188213
0.974089
0.00289713
0
0.0109217
0
0.00270975
0.00264338
0.00555711
0.00263756
0
0.0109795
0.00526167
0.00252474
0.0165643
0.0291869
0.0103799
0.0113515
0
0.00798439
0.00545883
0.0136529
0.00848909
0.00839615
0.00563236
0.00546795
0.00275619
0.00256663
0.0104311
0.00261647
0.00814247
0.00530298
0.00262703
0
0.0104599
0.0108404
0
0.00540696
0.00776407
0.00254289
0.0326747
0.0108554
0.00263082
0.00278498
0.00547802
0.0102781
0.00245654
0.00280227
0
0.0119199
0.00566578
0.0119019
0.00754608
0.0205976
0.0305336
0.0025844
0.0215886
0.00283601
0.0104626
0.00569916
0.00773212
0.00428879
0.0100808
0
0.0241716
0.0127452
0.00513757
0.0051891
0.00249909
0.0136808
0.0477768
0.00849286
0.00271748
0.013537
0.0484175
0.00272274
0.00503379
0.012996
0.00770648
0.00535957
0.0159581
0.0024986
0.00767311
0.00777064
0.0420968
0.0317471
0
0.00802255
0.0104353
0.00544558
0.026358
0.0188351
0.0246281
0.0111397
0.107751
0.00521701
0.0125785
0.0134533
0.00264338
0.00686408
0.0134523
0.00844692
0.0417116
0.0566483
0.0570802
0.0869593
0.0139779
0.0137727
0.040496
0.0134583
0.79427
0
0.00256968
0.00557711
0.0117975
0.0137491
0
0.0053135
0.00541436
0.00275378
0.00511801
0.00261922
0.0155966
0.0106064
0
0
0.0145978
0.00960135
0.00907164
0.00539482
0.0137313
0.00258119
0.00563168
0.0110524
0.00539552
0.0189016
0.00810416
0.00585783
0.00259455
0.00542583
0.00274866
0.00266309
0.0024871
0.00296412
0.00772152
0.0232731
0.0188987
0.00284166
0.0192762
0.0111064
0.0108546
0.00287608
0.0119658
0.00248187
0.00266309
0
0.00834571
0
0.0137635
0.00790505
0.00755131
0.00243496
0.00549996
0.00514538
0
0.00574596
0.00933237
0.0245963
0.0137675
0.0111001
0.0943895
0.0106863
0.0202067
0.00510399
0.00762725
0.00544126
0.00542311
0.00903899
0.00255927
0
0.00299601
0.0165095
0.00762214
0.00822903
0.012643
0
0.0077849
0.0106245
0.0110129
0.0440596
0.0406443
0.00856357
0.0131687
0.0296612
0.00777507
0.00522281
0.00783374
0.00548964
0.0164317
0.0113266
0.0107414
0.0108137
0.0317005
0.00581245
0.0690399
0.0188239
0
0.0112367
0.00254289
0.00787794
0.0166401
0
0.00907419
0.00529622
0.010805
0.0469363
0.00546976
0.00742116
0.0106479
0.00509604
0.0109227
0.00287103
0.00880483
0.0535436
0.046987
0.0425338
0.0353376
0.0056636
0.00843217
0.0190336
0.0100755
0.750132
0.0079827
0.00527315
0.00261309
0.00447678
0.0169461
0.0107498
0.0075986
0.00534377
0.00800143
0.00266361
0.00278901
0.00833849
0.00783631
0.00512836
0.00549579
0.00384995
0.00320977
0.0398164
0.00549306
0.005909
0
0.00788969
0.00282542
0.0135441
0.0180687
0.00283869
0.00869499
0
0
0.00287608
0.00278481
0.00536941
0.0605308
0.00516143
0.00553434
0.0024272
0.00334146
0.00802563
0.00287103
0.0479588
0.00287953
0.00287608
0.0027091
0.0187365
0.0137033
0.00792035
0.00805536
0.00270351
0.00283809
0.0109433
0
0.00253137
0.00748215
0.0519227
0.00257994
0.0076105
0.148755
0.00833421
0.0113657
0.00287037
0.00270351
0
0.00265184
0.00410267
0.0111054
0
0.00252922
0.991319
0
0
0.00979774
0.0154104
0.00257456
0
0.0447602
0.042558
0.0285564
0.00849999
0.00266931
0.0475005
0
0
0.00257456
0.00766627
0.0192161
0.0161637
0.00773282
0.00352656
0.00284647
0.0107963
0.118969
0.0342879
0.00266309
0.00247532
0.00554064
0.0214827
0.00539765
0.0361483
0.0244347
0.00533634
0.00826279
0.0603094
0.00508356
0.00494434
0.0158322
0.0477354
0
0.0224125
0.0667528
0.0440791
0.0996207
0.0396191
0.00262745
0.0139249
0.00953585
0.00510767
0.873807
0.00560821
0
0.00532924
0.00350454
0.00968178
0.0241522
0.00287371
0.0055972
0.00553877
0
0.0056827
0.00808855
0.00768743
0.00787959
0.00370726
0.0311994
0.0228362
0.0790812
0.040811
0.002757
0.00814382
0.00567579
0.00280317
0.0055972
0.0053276
0.0212739
0.00811124
0.0138186
0.00298142
0.00773789
0.00287103
0.00250844
0.00287608
0
0.016313
0.0638455
0.0379119
0.0106529
0.0100961
0.00552664
0.0466219
0.0159002
0.0539427
0.00266309
0
0.00284266
0.0804732
0.0190442
0
0.0108325
0.00541323
0.007839
0.00287103
0
0.00237282
0.00269826
0.00809637
0.0436731
0.00549029
0.0065765
0.0103821
0.14686
0.0218195
0.232652
0.00806507
0.00259127
0.00408263
0.0070671
0
0.00266142
0.98402
0.013124
0.00258151
0.00256854
0.00811745
0
0.00285193
0.0449234
0.0318952
0.0329936
0
0.0113242
0
0.0695703
0.010398
0
0.00806103
0.0027124
0.0172246
0.0165747
0.00251253
0.0130978
0.00260886
0.0132821
0.159923
0.0238666
0
0.00521989
0
0.0153386
0.0165131
0.032943
0.0122345
0.0139285
0.0190949
0.0119185
0
0.00259329
0.0129757
0
0.03568
0.0267147
0.00532748
0.0331026
0.0196562
0.0250696
0.065761
0.0100842
0.00831461
0.00517533
0.0448501
0.985591
0
0.00255122
0.00291346
0.00944566
0.0123724
0.0056651
0.00282997
0.00246317
0.00278099
0.00300876
0.00283325
0.00279359
0
0
0.0107413
0.00621245
0
0.00298346
0.00528443
0.00287953
0.00278099
0
0.00759775
0.00272804
0.00922512
0.0107582
0.00258203
0.00283405
0
0
0.00526426
0.150881
0.0182357
0.00818901
0.00886147
0.0027404
0.00536302
0.00283405
0
0.00250086
0.151127
0.00840333
0.0026287
0.00295174
0.0111948
0
0
0
0.00272356
0.00244205
0.00403632
0.0865081
0
0.00258623
0
0.605945
0.00255499
0.0197151
0
0.00287103
0.00265912
0
0.0081907
0.0834675
0.00256929
0.00285404
1.01211
0
0.00278788
0.00504671
0.00771202
0
0.00256952
0.0476388
0.0335377
0.00943126
0.00789378
0.00261086
0.00278788
0.0314466
0
0
0.00259127
0.00557938
0.00580274
0.0194787
0.0104883
0.00344224
0.0077212
0.0107916
0.0503574
0
0.0126107
0.0028402
0.00775296
0.00539246
0.0321767
0
0.0939677
0.00256327
0.00551866
0.0236487
0.00849347
0.00242275
0.00764349
0.00588247
0.00580256
0.00286123
0.0162001
0
0.00872666
0.0653573
0.0075073
0.439585
0.927603
0.036693
0.00254804
0.415318
0.00252557
0.00272881
0.00726901
0.00847343
0
0.00547376
0.009013
0.00270229
0.00248047
0.00272727
0
0.00256525
0.00261427
0.00264685
0.0258747
0.00266571
0.00561401
0.00248047
0.00525643
0.00534
0.0114191
0.00257464
0.00524271
0.00283405
0.00802608
0.00526483
0
0.0272289
0
0
0.00538648
0
0.00252629
0.00272804
0.00250605
0.00516897
0.0418725
0.00855768
0.00246975
0.00262084
0.00272545
0
0.00769012
0.0026087
0
0.135857
0.00558431
0.00262084
0.300495
0.0110705
0
0.00272804
0.0028315
0
0.0198435
0.0176101
0.0773458
0.984095
0.00535911
0.00819956
0.00880065
0.00308988
0.013225
0.0224723
0.0164496
0.00688173
0
0.0053882
0
0.00490084
0.00864125
0.00263941
0.0165935
0.00989697
0.0211306
0.0259981
0
0.00760985
0.0300196
0.00534558
0.0029628
0
0.00505109
0.00544282
0.0269562
0.0517236
0.0276864
0.0130147
0.00270698
0.00299484
0.0144041
0.0396995
0
0.0025729
0.0028402
0.00792119
0.00268471
0.0258194
0.0272199
0.00810549
0.00563881
0.146645
0.0142461
1.07848
0.196486
0.132184
0.00540465
0.0108673
0
0.993689
0
0
0.00254203
0
0.0107333
0.0055718
0.00281168
0.00292185
0
0
0.00260522
0.00279101
0.00305044
0.00254252
0
0.00285098
0.0028402
0
0.0134535
0
0.00271642
0.00284871
0
0.0120663
0.00291363
0.00822525
0.00285098
0.00271642
0.0227054
0
0.00259114
0.0104478
0.00514754
0
0
0.108164
0.00299912
0.00264632
0.00761729
0.0631999
0
0.00256896
0.00713397
0
0.984964
0
0.00269047
0.0026747
0.00501605
0
0.0068089
0.0257366
0.0157982
0.016749
0
0.00285098
0
0.00430251
0.00818648
0.0140667
0
0.00957388
0.0053493
0.00547253
0
0.0080639
0.00268471
0
0.0502037
0.0108114
0.00521079
0.00258808
0.00525099
0
0.0492207
0.00284053
0.00284031
0.00288547
0.0027278
0.00783415
0.0108169
0.0111114
0.0227156
0.0285865
0.996774
0.00267036
0.0162045
0.00566353
0.980972
0
0
0.0308864
0
0
0.002565
0
0
0.00248047
0
0
0.00261765
0.0247294
0
0.00250926
0.00272323
0.00254402
0
0.00280155
0.00266737
0.00277997
0.00289888
0.00257701
0.00308809
0.00278788
0.00764059
0.00285705
0.00275483
0
0.00259082
0.00280155
0
0
0.0049706
0.00510274
0
0.00250086
0.00258213
0.00248512
0.00268218
0.0617356
0.00269273
0.00541423
0.0463334
0.0120781
0.0065373
0.00250086
0.0103932
0.00792305
0.00309855
0
0
1.07315
0
0.00527584
0
0.00259831
0.0375606
0.00728695
0.00767797
0.0221434
0.00867988
0
0.00265159
0.005046
0.00265026
0
0.00719433
0.00267409
0.0110132
0.148909
0
0.00550862
0.01682
0.00531103
0
0.0027278
0.0104855
0.0194245
0.0352081
0.006496
0
0.00565147
0.00284324
0.033753
0.00518082
0.00256536
0
0
0.00538934
0.0162081
0.0275627
0.158219
0.0245335
0.994567
0.00522334
0.963096
1.00436
0.00247471
0
0
0.0067679
0.0221702
0.0316451
0.00549825
0.00515511
0.00254402
0
0.00266737
0.00247611
0.0100956
0.0027385
0.0221865
0
0.00252428
0.00263364
0
0.00319141
0
0.00254804
0
0.00280155
0.00246449
0.00562728
0
0.00264786
0.00257701
0.00274918
0.00534959
0
0
0.0101743
0
0.00515712
0.00257833
0.00530904
0.00266417
0
0.00269217
0.0106156
0.00246108
0.0232626
0.0047729
0.00269604
0.00254804
0.00394431
0.00272809
0.00701223
0.127623
0.0316837
0.0916126
0.00278089
0.00249965
0.00260941
0
0.00276023
0
0.00285032
0.0281906
0.0266834
0
0.00249965
0
0.00239243
0.00556447
0.00543132
0
0.0040109
0.00260172
0.00532522
0.00705589
0.00808215
0
0.002466
0.00257701
0.0126482
0.00258835
0.00782709
0.0118114
0.253533
0.005641
0.00524627
0.00707837
0.0169238
0.00251673
0.00545094
0.002466
0.00562013
0.0050644
0.00398158
0.016191
0.00784524
0.00599158
0.0164244
0.0150342
1.00706
0.00822001
0.00270075
0.998423
0.975544
0.00288768
0.00290905
0.00289368
0.00401687
0.0217427
0.00299171
0.00263575
0
0.00280076
0.00502345
0.00569204
0.00713549
0.00490331
0.00267589
0
0.00502532
0.00266737
0
0.00272359
0.00280155
0.00540826
0
0.00471976
0.00292476
0
0.0026681
0
0
0
0
0
0.0130362
0
0.0078872
0.0136447
0.0378636
0
0.002613
0
0.0121757
0.0218438
0.0371809
0.00268471
0
0
0.0060167
0.00558981
0.00378395
0.0445143
0.0166507
0.00525934
0.004601
0.00468683
0.00835741
0
0.00752221
0
0.0108642
0.0180989
0.00270192
0.0054309
0.00265394
0.00261578
0.002565
0.00539823
0.00536064
0.00373683
0.103154
0.00283608
0.00273695
0.0115688
0.0255328
0
0.00491073
0.002565
0.00261578
0
0.00261578
0.00366428
0.0027768
0.0193639
0.0141031
0.063413
0.00324065
0.982717
0.0261578
0.00255328
0.287682
0
0.00247445
0.0124548
0.00823576
0.00247977
0
0.00503332
0
0.0161146
0
0.00270735
0.00247541
0.00248047
0
0.0132776
0.00246108
0
0
0.00281533
0
0.0025772
0.00268471
0.00262606
0.00269604
0
0.0025754
0.00554045
0.00538009
0
0.002613
0
0.0209735
0.00264821
0
0.00265047
0
0.0027278
0.00377289
0.00270075
0.00283207
0.00549273
0.00861314
0.0101429
0.0150878
0.00517799
0.00273326
0.00259184
0.00480614
0.00295505
0.0060544
0.00261408
0.0501188
0.00247608
0.00278976
0.0053721
0.00254804
0.00822673
0.00259854
0.009018
0
0.0086934
0.00254804
0
0.00854175
0.00535213
0.0395183
0
0
0.00770808
0.00262158
0.0125989
0.00248808
0.00327995
0.0106879
0.00275575
0.00410064
0.00288849
0.00248892
0.00671704
0
0.00509455
0
0.00251716
0.00777601
0.00246046
0.00274918
0.00262606
0.00259082
0.00663141
0.00264876
0.00252928
0.00531863
0
0.005223
0
0.00804481
0.00248822
0.002792
0.00278049
0.00263862
0
0.0609852
0
0.0029978
0
0.00287491
0
0.00247608
0.069344
0
0
0.0491804
0.00274789
1.02263
0.38411
0.0690057
0
0
0
0
0
0.00575295
0.0194072
0.0103273
0
0.00270613
0
0
0.00281617
0
0.00333707
0.00264407
0.0665966
0.00271244
0.00273952
0
0.0167358
0
0.00456587
0
0.00299496
0.0120636
0.00240861
0
0.00260396
0.00282924
0.00545264
0.00426067
0
0.00274569
0.00720157
0.00289049
1.00674
0.00248117
0
0.002659
0.00247541
0.0025984
0.00263715
0.00808199
0.00239773
0
0
0.00522833
0.00269525
0
0.00246039
0
0
0.00269604
0.00521484
0
0.00540602
0.00262606
0.00282357
0
0
0
0.00497573
0
0.108997
0.0106777
0.00252573
0
0.0039096
1.01655
0.662405
0.00270192
0.00286814
0
0.0217862
0.00392214
0
0.00547185
0.0076507
0
0.00389686
0.00901177
0.00870121
0.0595778
0.00253868
0
0.010392
0.0281932
0.00284057
0.00534018
0
0.00537045
0
0.00275912
0.00367642
0
0.00571781
0.0602816
0.00369095
0.00277108
0.987531
0.00280076
0
0.00809943
0
0.00295664
0.0107662
0
0.00555922
0.0129624
0.00476401
0.00273945
0.0131983
0.00302896
0.0133133
0.00495717
0
0.00263104
0.00247512
0
0
0.00539333
0.00271131
0
0.00275472
0.016718
0.00263104
0
0.00251716
0.0056213
0
0.0133732
0
0.00390816
0.0902859
0
0.0274443
0.00278049
0.00235799
0.00286875
0.00375152
0
1.00889
0.538949
0.00252928
0
0
0
0.0192804
0.00316111
0
0
0
0
0
0.00286875
0
0
0.00260569
0
0.0278117
0.00281485
0
0.00833382
0.0230367
0.0028188
0.00268077
0
0.0135335
0.010647
0.00255646
0.0166092
0.00569725
0.00300309
0.0220311
0.00261244
0.0252515
0
1
0.00252644
0.0107202
0.0710704
0
0.00527469
0.0108206
0
0
0
0
0.00292415
0.00801823
0
0.0277248
0.0221608
0.0395375
0
0.00563955
0.00272296
0
0.00260008
0.00524575
0
0.00266524
0.00253868
0
0.00538817
0.0028707
0.00283695
0
0
0
0.00547531
0
0.00253868
0.00280155
0.00267932
0
0.0124301
0
0.00534925
0
0.00251274
0.0160843
0
0
0
0.0054285
0.00272143
0.226205
0.00287096
0.00457389
0.00293803
0
0.0448543
0.00249574
0.00530869
0.00267932
0.0026189
0
0.0233839
0.0079536
0.993619
0.454227
0.00733574
0.0105788
0.00549889
0
0
0.0192403
0.0042766
0.0210719
0.0633202
0.0546248
0.0105541
0.0104274
0.0129929
0.00273571
0
0.0179753
0.0131144
0.0883048
0.00276896
0.0200635
0.0540266
0.00272296
0.00269284
0
0.010433
0.0221671
0.0217412
0
0.0139792
0.031211
0.00261668
0.00540798
0
0
0.0167738
0.0202273
0.00577102
0.0314847
0.00277871
0.0049988
0.032129
0.00813094
1
0.0104574
0.00826023
0
0
0
0
0.00809553
0
0.00549459
0
0
0
0
0
0
0
0
0
0.00272654
0
0.00273828
0.00809325
0.00263104
0
0.0030492
0.00283393
0
0.0133822
0
0.00272654
0.90393
0.110195
0.0027067
0.0028288
0.00657761
0.00528064
0.0131045
0
0
0.00451116
0.00276686
0.0197328
0.00280494
0.0113226
0
0
0.0028288
0
0
0
0
1
0.0666253
0.172223
