0.038035
0.664391
0
0.0167472
0.216668
0.00309397
0.0123759
0.00259075
0.0586931
0.014851
0.996276
0.0185638
0.00252117
0.0027801
0.00277654
0.00253051
0.00277654
0.00924877
0.00950544
0
0.00253478
0.00289578
0.00284225
0
0.00345652
0.00253478
0.00291887
0.00291239
0.00289578
0.0208508
0.179223
0
0
0
0.00282652
0
0.00282652
0
0.00341846
0.00282652
0.00282652
0.00289578
0.00247517
0
0.00305416
0
0.0142436
0.00766673
0.00292261
0.00247517
0
0.00271144
0.00247517
0
0.00564128
0.00296501
0
0.0027927
0
0.00298704
0.00821409
0.0121137
0.0800758
0
0
0.00291291
0
0
0
0.00529649
0.00284605
0.002851
0.00250062
0.00386378
0
0.00284605
0
0.0137534
0.002781
0.00253144
0.00258972
0.0803864
0
0.013785
0.0111045
0
0.00727994
0
0.00284419
0.00813317
0.00294259
0.0217095
0
0.194954
0.00294259
0.00562367
0.0113143
0.0111772
0.0146302
0.00833989
0.00543123
0.00261648
0.00559899
0.00365755
0.0232537
0.00289578
0.0203778
0.0586153
0.0242239
0.207033
0.744166
0.00279407
0
0
0
0
0
0
0.00735746
0
0.00262452
0
0.00266317
0.00576592
0
0
0.00361861
0.00270843
0.00261593
0.00445745
0.00272354
0
0.00279407
0.00640299
0.0273423
0.0110748
0
0.00270769
0.00275229
0.00832312
0.0321791
0.0104049
0.0329863
0.00286751
0.013995
0.022248
0.00563351
0
0
0
0
0
0
0.00292604
0.00865667
0.00271533
0
0
0.262154
0
0
0.00828107
0.0250011
0.00824967
0.00283651
0.0945563
0.0084298
0
0
0.0059322
0.148471
0.0337526
0
0.00602957
0.0339001
0
0.0104547
0.00589702
0.0169472
0.00569657
0.0494256
0.0653219
0.114025
0.309817
1.04509
0
0
0.0024886
0.00272354
0
0
0
0.00532359
0.00393213
0.00943511
0
0
0
0.00916831
0.00298602
0
0.00287699
0.00285643
0.0052054
0
0.00253744
0.00563297
0
0
0.00249576
0.00589195
0.00250156
0.00563297
0.0150859
0.00253744
0.00287764
0.00553254
0
0.00287767
0.00310878
0.0139473
0.00546471
0
0.00509368
0
0.0152944
0.00428735
0.046962
0.00614829
0.0167136
0.014786
0
0.016759
0
0.00253744
0.00544607
0.00252476
0.00874348
0.00576966
0
0.00294691
0.00263278
0.00526024
0
0.00549787
0.00292604
0.0029917
0.00447789
0.0891369
0.00288526
0.00300451
0.00272726
0
0.00572701
0.00292604
0.0494923
0.00255691
0.00570478
0.0372016
0.0106869
0.00852425
0.0116378
0.00596634
0.138729
0.0100645
0
0.0225133
0.0161276
0
0.0186474
0.00844974
0.0469952
0.0196774
0.00709019
0.0147253
0.0339754
0.852831
0.105325
0.995785
0
0.00267446
0
0.00270031
0.00992038
0.00668428
0.00257667
0.00274379
0.00267296
0
0.00265702
0.00504077
0.00450052
0.122102
0.00330079
0.166637
0
0.00267371
0.00286274
0
0.00271313
0.00800716
0.00544426
0.00305684
0.00279391
0.00333185
0.0154369
0.00270031
0
0.0118103
0.00324044
0.00272682
0.00295443
0.00270031
0.161365
0.00300408
0.00277654
0
0.00628294
0
0.00265878
0.999149
0.00306759
0.00263419
0
0.00582792
0
0.0325957
0.00630297
0.0183464
0
0.00843825
0
0.00561867
0.0495806
0.00271676
0.00561528
0.0194669
0.00293538
0.00558313
0.00836945
0
0.00285588
0
0.0233662
0.00364597
0.0324641
0.00947782
0.00275569
0.00285588
0
0.00917962
0.00285588
0.0310132
0
0
0.00293279
0.0107724
0.0107721
0.079079
0.0239093
0
0.00298253
0
0.00279849
0
0.0121661
0.00818968
0.042553
0.0343796
0.0403392
0.181364
0.164294
1.01591
0
0
0.00283499
0
0.00401579
0
0.00269868
0
0
0.00283579
0.00273417
0.243839
0
0
0.00274957
0
0
0
0.0945273
0.0148062
0.00865711
0.00828964
0
0.00300408
0.0108531
0.00299412
0.00849935
0.00277417
0.00284774
0.00302177
0.00267371
0.00286444
0.00284253
0.00288234
0
0.998556
0.00559458
0
0
0.0028505
0.00811106
0.0141974
0
0.00303396
0.00288638
0.00252657
0.00281106
0.00300113
0
0
0
0.209977
0
0.00542689
0.019783
0.0054339
0.00286734
0.00249383
0.00261803
0.0225543
0.0133473
0.0482286
0
0.00283254
0.0024822
0.0138019
0.00592472
0.00290717
0
0
0.00367773
0
0.0390498
0.00297002
0.00247517
0
0.0334842
0.0141267
0.00293373
0.00838935
0
0
0.00549791
0.00273417
0.00935318
0.00555006
0.00521844
0.078526
1.03769
0
0.00273417
0.00267657
0.00274472
0
0.00560589
0.00243414
0.014098
0.0281879
0.00300254
0.00286573
0.0140075
0
0
0.00351382
0.0139005
0.112861
0.00293081
0
0
0.00281106
0
0.00286009
0.877332
0.00765856
0.00275905
0.00280985
0.00553807
0.00281176
0.334022
0.0826341
0.00830901
0.00466974
0
0.00269418
0.0106228
0.00281106
0
0.0027801
0.0490327
0.00573197
0.00467104
0.0377678
0
0.00275642
0.00569473
0.00296771
0.0140773
0.026917
0.0256607
0
0.021489
0.0407543
0.00657084
0.00596779
0.0115934
0.00388061
0.0414393
0.0210105
0.00302771
0
0.0107996
0.00591177
0.00289785
0.0307746
0.0210697
0.00852175
0.0298873
0.00848886
0.0632662
0.00463062
0
0.00891684
0.00280733
0.0319321
0
0.00581558
0.00291637
0.0703553
0.0601801
0.472274
1.01388
0.00557736
0.00275905
0.00715313
0
0.00283466
0.00547362
0.00281647
0
0.00555007
0
0.0025332
0.00267783
0
0.00289966
0.00295579
0.460485
0.00553499
0.00536004
0.00273362
0.00259646
0
0.0104688
0.0213807
0.00298335
0.0055376
0.0461836
0.00527683
0.0056942
0.00264376
0.00275905
0.00273362
0.0410892
0.00567065
0.0136607
0
0.00288987
0
0.00555309
0.0217245
0.0105801
0.135878
0.0024714
0
0.011428
0
0.0557942
0.00534068
0.00280733
0
0.00280733
0
0.0110549
0
0.00521531
0.00561509
0.0080373
0.0532996
0.00280733
0.0052825
0
0.0106201
0.0242384
0.0564461
0.183003
0.249895
1.01688
0
0
0.00274713
0.00493383
0.00564248
0.00274395
0.00294401
0
0
0.00305983
0.0372451
0
0
0.00577733
0
0.00271657
0.00276971
0
0.00275905
0.00475127
0
0
0.00267613
0.00275905
0
0.00567782
0
0.245132
0.0332953
0
0.00254321
0.00519242
0.0204925
0.026019
0.00567729
0.00566843
0
0
0.00515012
0.00298181
0.010849
0.00308385
0.011511
0.00283214
0.00232331
0.00399601
0.00898365
0.0147963
0.0202546
0.0059698
0
0
0.00263397
0.00855672
0.00932402
0.021563
0.00279742
0.00283499
0.00529268
0.0027389
0.00275905
0.00524693
0.00282676
0.0325417
0.00561282
0.00437673
0.0417849
0.00296531
0.00291529
0.00280697
0.0544835
0
0.00252352
0.0024714
0
0.0168356
0.00545027
0
0.0088892
0.222019
0.066614
0.985583
0.041576
0.984781
0.00555018
0
0.00394982
0.00440635
0.0146746
0.084189
0.00284808
0.00559986
0.0027927
0.00285789
0.00279349
0
0.00279069
0.00286781
0.0152153
0.00542804
0.00560871
0.00814598
0
0.00283902
0
0.120479
0
0.00271533
0.00295208
0
0.00260691
0.00294092
0.918485
0.0417653
0.00283499
0
0.0149714
0
0.0115991
0.0107732
0
0.0105965
0.00722456
0.0121702
0.00268437
0.00263866
0.00283949
0.00427614
0.0087544
0.0204266
0.0174053
0.00538069
0
0.00407299
0.00275724
0.00546507
0.00250697
0
0.019026
0.0410617
0.00585759
0.00765167
0.0715381
0.00272228
0
0.00260831
0
0.00376045
0.0026776
0.00273028
0.00299968
0.0470733
0.0512018
1.09626
1.06021
0.940656
0.0028405
0.00471194
0.00293325
0.0028397
0.0028397
0
0.00273233
0.0248726
0.00776466
0.0888428
0.00668425
0
0.0115049
0.0111725
0
0.00262152
0
0.00256489
0.00286145
0.0117155
0.00380688
0.0105573
0.00521867
0.00656759
0.0035656
0
0
0.0120655
0.0102511
0
0.0055509
0.00834429
0.00265345
0
0.363075
0.00275297
0.0135664
0.0190344
0.00278905
0
0.00261942
0.0235245
1.01139
0.643097
0.00870339
0.00296358
0.00264487
0
0
0.00259475
0.00284098
0.00254321
0
0.0259766
0.00254321
0
0
0.00355996
0
0.00880581
0
0
0.00261064
0
0.0097899
0.00282646
0.00508844
0.0332647
0
0.00269966
0
0.00370307
0.0213022
0.00281529
0.0105573
0.00383903
0
0.00367142
0.0028397
0.00273151
0.00297841
0.00281529
1.0387
0.00288274
0.00340032
0.0111454
0.0196176
0.00281529
0.00380739
0.00289542
0
0.00887966
0
0.00671092
0.00549834
0.00285076
0.00447394
0.00274868
0.00565237
0.00767753
0
0.0185372
0.00282076
0
0.00281529
0
1
0
0.00443206
0.00560679
0.00284423
0.00287128
0
0.00297774
0.00257716
0
0.045228
0
0
0
0
0
0.00295306
0
0
0
0
1.00488
0.999122
0.00539974
0.00421825
0
0.00856958
0
0
0.0120655
0.00295118
0.0190941
0
0
0.00281529
0.00599401
0.02734
0
0.0117432
0.0178875
0.00281529
0
0.00276357
0.00524476
0
0.00287402
0.00290939
0.00356325
0.00280697
0.0106193
0.0118766
0.0161077
0.0439853
0.00503319
0.00559918
0.00766751
0.0161077
0.00277193
0.0100065
0.00258295
0.0897354
1
0.002815
0.00300537
0.00840082
0.00269889
0.00280697
0
0
0
0.614594
0.976593
0.00280697
0.00715916
0.0229293
0
0
0.00447066
0
0.0109924
0.0111348
0.00687826
0.00670599
0
0.00334551
0.00524332
0
0
0.00256323
0
0.00526288
0.0393668
0.00297696
0.00526288
0.0297514
0.00582476
0.999504
0.0027383
0.002815
0.00295581
0.0139937
0.0539794
0.790975
0.00423114
0.00286377
0.0028158
0.0085344
0.00286377
0.00944426
0.00619354
1
0.00773841
0.0025572
0.0361928
0.00274385
0
0.0025156
0.0219605
0.0184762
0.106281
0.43653
0.00673294
0.0067216
0.00267414
0
0.00267414
0.00270452
0
1
0
0.0055803
0
0.0028397
0.00292926
0.0490591
0.705943
0
0
0
0
0
0
0
1
0.164513
0.079435
0
0.00988783
0.00259303
0
0.00259659
0.0186636
0.0400801
0.0463824
0.00527155
0.00264779
0.00771981
0.00507961
0.00389499
0.00524055
0.00512722
0.00513545
0.00779055
0.00906263
0
0.00279942
0.00257152
0.00731054
0.00857175
0.00271879
0.0029016
0.0107649
0.00708149
0.0122559
0.029992
0.00388039
0.0142455
0
0.004836
0.0237021
0.00282334
0.00257152
0.0029016
0
0.0053211
0.007254
0.00258686
0.00260083
0
0.00271879
0
0.00301711
0.0031106
0.0109878
0.00256071
0.00255425
0.00279894
0.0131575
0.00609498
0
0.00282134
0.00271879
1.0414
0.430387
0.00769983
0.00761941
0.00394222
0
0.00252252
0.00272499
0.0029016
0.00271879
0
0
0.00259703
0.00259403
0
0
0
0
0
0
0.00282842
0.012001
0.0849568
0
0.00537422
0.00274615
0
0.00258137
0.00933414
0
0.00530452
0.00551137
0.00260431
0.0211203
0.0120687
0.00281604
0
0.00530452
0.0210018
0
0.00605866
0.00284163
0.00274676
0
0
0
0.00251507
0.0158978
0
0.00251578
0.00244556
0
0
0.00422406
0.00248322
0.00291801
0.0026219
0.00259403
0
0.0027573
0
0.0327418
0
0.00251578
0.00271879
0.00241358
0
0.00271879
0.00281604
0
0
0.00294885
0.00303142
0.00248848
0
0.00232392
0.00266168
0.00275371
0.00281311
0.00259403
0.00255425
0.00278303
0
0
0.00258354
0
0.00278382
0.00271524
0.00281604
0
0.00263675
0
0
0
0
0.00292801
0.00413961
0
0
0.00478294
0.00310587
0.00817605
0.00248322
0.00247548
0.00787378
0
0.00259403
0.00283885
0.00555501
0.00541328
0.003
0.00542188
0
0.00892015
0.00287089
0.00600101
0.0268917
0.0082691
0.0207026
0
0.00302266
1.08556
0.00286585
0.00812747
0.0056572
0.00829493
0.0105654
0.00275583
0.00825047
0
0.00274102
0.0111206
0.00286665
0.00264967
0.00583096
0.00558968
0.052994
0.0243374
0.00262894
0.00514881
0.00826486
0.00293381
0.0108638
0.00553511
0.0130793
0
0.00565512
0.0084673
0.00262894
0.00261331
0.0076032
0.00248848
0.00267059
0.0025939
0.0191581
0.00283871
0.00539822
0
0.0237652
0.00555501
0.0408338
0.0103148
0.00519451
0
0.00247989
0.00933179
0.00275741
0.0194033
0
0.0385024
0.00254431
0.01063
0.00549455
0
0
0.0112669
0
0.0601183
0
0.00291255
0.106752
0
0.0130309
0.00777862
0.01063
0.00269904
0
0
0.00295346
0.0107241
0.00776993
0.00597495
0.00879816
0.0224618
0.150564
0.0107241
0.0109878
0.00306104
0.00299973
0.00554117
0.00507429
0.00272659
0
0.0110989
0.0560875
0
0.0324712
0.00586525
0.00290337
0.00526997
0
0.0164211
0.00580867
0.0078902
0.00268656
0.00301264
0.0562276
0.00268744
0.0139818
0
0.0401081
0.0029016
0.00271524
0.00283082
0.082171
0.0162507
0.00611246
0
0
0.0137429
0.98297
0
0.0111014
0.00577822
0.00546515
0.00858047
0.00310267
0.00366775
0
0.00281524
0
0
0.00803106
0.00499921
0
0.0029579
0.00575568
0
0
0
0
0.0140974
0.00525147
0.0052759
0.00817785
0.0136626
0.00268413
0.00527618
0.00267995
0.0225031
0.00592459
0.00559845
0
0.00576197
0.0162623
0
0.00263611
0.00778449
0.00285171
0.00804084
0.0106424
0.0121843
0.0029579
0
0.0167733
0.0078674
0.00429241
0
0.00421409
0.00857607
0.00589849
0.0110921
0.00276871
0.00640858
0.00871961
0.00580029
0
0.00578629
0.00384547
0
0.00303162
0
0
0.00544843
0
0.00532181
0.164006
0.00525397
0
0.00277693
0.0585537
0.00769094
0
0.00256365
0.00289122
0.0124769
0
0
0.0122072
0.00281821
0.00887643
0.016785
0.0117693
0.0335802
0.00961367
0
0.0131192
0
0.00282092
0.00297961
0.0246159
0.00869976
0.0147832
0.0415869
0
0
0.0137774
0
0.123699
0.00815893
0.00568757
0.0209375
0.0198225
0.0192957
0.0825369
0.00273142
0.0112472
0.872984
0.00572664
0.00252113
0
0.0029463
0.00287089
0.00260383
0.00584282
0.00524181
0.00283159
0
0
0.00415839
0.00781513
0
0.00587286
0.00562983
0.00575142
0.00262459
0.00267291
0.00536981
0.0057388
0.00564274
0.0117496
0
0.00279689
0.0110089
0
0.00533868
0
0.00278703
0.00604383
0.0223455
0.00257702
0.00280024
0.0207689
0.0116503
0.00298739
0
0
0.00928559
0
0.0111545
0.00285954
0.00283222
0.00286146
0.0052912
0.00882314
0.00827106
0.00842668
0.014211
0.0110692
0
0.0157433
0
0.00568182
0.0134691
0
0.0042922
0
0
0.0080859
0.00561363
0.00558054
0.00283249
0
0.00290165
0.0270406
0.0178463
0.00307575
0.00283222
0.033259
0.00530225
0.00846622
0.00855404
0.00551907
0.0194844
0.00283249
0.00821526
0.0111345
0.0183676
0
0.00506919
0.00570942
0.00553116
0.0116178
0.0221975
0.00551176
0.0176258
0.0829448
0
0.00785723
0
0
0.048138
0.0110414
0.0051519
0.0233762
0.0281695
0.087719
0.0355813
0.0115424
0.00806272
0.661298
0.011342
0.00812063
0.00309717
0
0.00938853
0.0157484
0.00808894
0.00265273
0.00551753
0
0.0081773
0.0203012
0
0.00568105
0.0113875
0.0109225
0.00285212
0.00246305
0.00310633
0.00582819
0.0111053
0.00265273
0
0.00838972
0.0108475
0.00277319
0.0176572
0.00296266
0.00291788
0
0.00543963
0
0.0112758
0.0108103
0.00567009
0.00878272
0
0.0188219
0.0116199
0.0113116
0.0123182
0.00802824
0
0
0
0.0367839
0.0059306
0.0153958
0.00824808
0.0054752
0.00577261
0
0.0119571
0.0130441
0.00301631
0.00824808
0.0500557
0.00253771
0.0301389
0.00283222
0.0168941
0.00295026
0
0.010187
0.0025597
0.0147589
0.00303606
0
0.002863
0.00266401
0.00252699
0
0.00577055
0.0115251
0.0192814
0.0108606
0.00285287
0.00266401
0.0199727
0.00572731
0
0.00278141
0
0.00885645
0.014638
0.002842
0.00757313
0
0.00850117
0.0519299
0.0112454
0.00303606
0.0226383
0.0109727
0.00546116
0.0143634
0.644487
0.0278517
0.00254217
0.0119904
0.0276397
0.00569442
0.00788496
0.00265273
0.0487008
0.0193331
0.0090955
0.0196256
0.0231837
0.0898523
0.0273284
0.00547176
0.00521656
0
0.0085006
0.555878
0.0027961
0
0
0.00826316
0.00877448
0.00311054
0.00537241
0
0.00287288
0.00272744
0.00780225
0.00276263
0.0124888
0.0109497
0.0218853
0.0242652
0.00287288
0.00313254
0.00545896
0.00260383
0.0108457
0
0.0135944
0.00292108
0.014742
0.0136711
0.00292108
0.0025355
0.0114903
0.00259818
0.00800603
0.0101491
0.0166666
0.00585326
0.114624
0.00280192
0.00292108
0
0.00287194
0.0201309
0.00298549
0.00259761
0.00580749
0.00592071
0
0
0.0026053
0
0.028817
0
0.00567639
0.153042
0.00872774
0
0.00265273
0
0
0.00827622
0.0122955
0
0.978925
0.00525053
0.00278141
0.00268963
0.00577658
0.00818379
0.00792625
0.0252131
0.026916
0.0511653
0.00567777
0.00280558
0.036933
0.00543941
0
0.00825828
0.00832889
0.00558681
0.00821373
0.00343061
0.00846148
0.00830234
0.0395087
0.0120239
0.00289873
0.00260003
0.00572927
0.00554785
0.00591051
0.0720082
0.0152725
0.00607161
0.0198771
0.0398724
0.00537558
0.0079882
0.00828842
0.00556688
0.0483309
0.00284754
0.0109103
0.0416367
0.0460559
0.341232
0.0264378
0.00283796
0.0106783
0.0133908
1.03757
0.00278933
0.00530034
0
0.00776747
0
0.00840425
0
0.00291982
0.00597231
0.0055061
0.00276846
0.0103732
0.0150216
0.0172069
0.0339715
0.0805508
0
0.00292483
0
0
0.00295214
0.00248387
0.0114249
0.00299016
0.00284009
0
0
0.00537751
0.00562814
0.0176684
0.0253903
0
0.003451
0.0490974
0.00531054
0
0.0403164
0
0.00569664
0.0350552
0.00786583
0.00289604
0.0160982
0.0028999
0.00284356
0.00293551
0
0.00290963
0
0.0231334
0.00298077
0
0.00851578
0.0941054
0.00553457
0.0860655
0.00520724
0
0.00287194
0.00848918
0.00297225
0.00758399
0.00690058
0
0.00296966
1.01875
0.00569401
0.00296033
0
0.00266401
0.0305646
0.00470896
0
0.00582384
0.0237623
0.00567375
0
0.00534179
0.00896507
0.00878021
0
0.0137508
0.0138903
0.0269834
0.0240909
0.0029541
0.00267419
0.00279689
0.00544279
0.00309616
0.0255245
0.0126969
0
0.00858495
0.0249257
0.00250708
0.00274075
0.00548555
0.00279689
0.0204466
0.0131308
0.0354718
0.015089
0.0145312
0.0887064
0.0178859
0.00305509
0.00858072
0.0474399
0.00535476
0.970785
0.00557439
0.00452983
0.00609377
0.00273003
0
0.00551278
0.00906351
0.00568289
0.00284533
0.00903623
0.0083528
0.00273842
0.0122748
0.00587307
0.00274149
0.011894
0.00823686
0.00562508
0.00264064
0
0.00841946
0.00572899
0
0.00287194
0.00576379
0.00264064
0
0.0256613
0.00856024
0.00321004
0.00283249
0.00264064
0
0.00287194
0.0875365
0.00300082
0.005626
0.00289823
0.00265538
0
0.00567889
0
0
0
0.0878167
0.00554594
0.00254827
0
0.218812
0.00284175
0.0362637
0
0
0.00279689
0.00282786
0
0.0132336
0.00288897
0
0.0372483
0
0.002906
1.01044
0.00824016
0.00287764
0.00271855
0.0027808
0.0355381
0.0188037
0.0201661
0.00611926
0.00604505
0.0677381
0.00553963
0.00535187
0
0
0.00298163
0.00822628
0.00770956
0.00550146
0.0109921
0.0945671
0
0.0272094
0.0127943
0.00287431
0.00861916
0.00280744
0.0168808
0.0068919
0.138619
0
0.00862067
0.0273154
0.0190474
0.00868094
0.00287431
0.0122494
0.00287431
0.0138467
0.00270834
0
0.490466
1.11077
0.00274913
0.0117525
0.0180789
0.00868028
0.0509225
0
0.00264652
0.0139675
0.00826631
0.00287027
0.00594561
0.0368459
0.0026641
0
0.00514909
0.00704012
0.0025759
0.00290116
0.00996721
0
0.00259682
0.00552205
0
0.0111256
0
0.00259682
0
0
0.00271855
0.00275244
0.0389523
0.0249436
0.00553876
0
0.00259682
0
0.0421929
0.00562631
0
0.00579956
0
0
0.00279689
0
0
0.0680069
0.00301703
0.00544965
0.00299877
0.816381
0.00768838
0.00584349
0
0.00299016
0
0.00289648
0.00932853
0.0124046
0.247423
0.00305643
0
0.879633
0.00280502
0.0028809
0.0206731
0.00842512
0.00771091
0.00863078
0.0105248
0.00272762
0
0.00356607
0.0222238
0.00820364
0
0.0169131
0.015094
0
0
0
0
0.00774654
0.0381975
0.0186955
0.0177519
0.014415
0.00299826
0.0117618
0
0
0
0.00287089
0.00264399
0.00272173
0.0278365
0.00973896
0.00263372
0.00556196
0.0935408
0.00744609
1.1142
0.0346887
0.189807
0
0.021283
0
0.491444
0.00255154
0
0.00299877
0.00257675
0.00560245
0.00285177
0.00304678
0
0.00261423
0.00287852
0.00306476
0.002544
0.0024929
0
0.00584228
0
0.00278883
0.00288587
0
0.00281605
0
0.0116509
0.00306569
0
0.00302552
0.00255397
0.0080271
0.00557017
0.002842
0.0308485
0.00292061
0.00521105
0.0498826
0.00586418
0.00293551
0.0080271
0.0079538
0.0111747
0
0.00829387
0.453303
0.00261722
0.00577785
0.0130059
0.00455085
0.00654305
0.0280908
0.0290996
0.0164294
0.00597484
0.00247989
0.00269816
0.00436203
0.00859874
0.0597593
0.00328588
0
0.00598803
0.0639601
0.00584309
0.00272173
0.00293404
0.0199544
0.00788912
0.0054386
0.00566839
0.00264726
0.0135163
0.0673068
0.00293404
0.00272173
0
0.00551331
0.00522785
0.00810473
0.053585
0.0129224
0.992031
0.0325491
0.00293404
0.958375
0.00464303
0.0110267
0.00304026
0.00296001
0.00306653
0
0.00271732
0.00292688
0.00302883
0
0.00249316
0.00283904
0.00524774
0.00263619
0
0.00761688
0.00286038
0
0.00290324
0.00263619
0.0027351
0.00265652
0.00288643
0.00886974
0.00286824
0.0668526
0.00307961
0.00272817
0.0340132
0.00864122
0
0.00299877
0.00280019
0.00685568
0
0.00598287
1.06706
0.00568664
0.00276089
0.00359345
0.0106982
0.0141222
0.0081686
0
0.00598949
0.00294914
0.00287431
0.00260262
0.0086891
0.0203348
0.00807107
0.00870821
0
0.0278774
0.00298477
0.00288587
0.0029819
0.0624301
0.0054861
0.00712772
0.0343746
0.00306653
0.0150254
0.00572788
0.0140738
0.00827666
0.0112831
0.00913538
0.145504
1.02938
0
0.0372943
0.965869
1.00571
0.00269418
0.0175642
0.00330739
0.03502
0.00565715
0.00277501
0.00289309
0.00282995
0.00269494
0.00292942
0.00253638
0
0.00273121
0.00292845
0.00271936
0.00281898
0.00269494
0.0102403
0.0138944
0.0160008
0.00295824
0.00276125
0
0.00280051
0.00259083
0.00295824
0.00269494
0.00591696
0.00351762
0.0334398
0.00236974
0.00858934
0.00258759
0
0.0264678
0.0191814
0.126711
0.00288498
0.00429747
0.0293665
0.0137519
0.00275812
0.00284984
0.0106916
0.0124389
0.00286666
0.00742291
0.00273121
0.00831542
0.00347789
0.00281898
0.0512029
0.00268315
0.00545326
0.00422848
0.347457
0
0.00555191
0.0113545
0.0276618
0.00278334
0.00280834
0.00281898
0.00404241
0
0
0.00829697
0.0243351
0.0116448
0.981641
0.00865554
0.0181765
0.00280834
0.989611
1.00793
0.00281819
0.00274511
0.00252352
0.00603295
0.00269494
0
0.00281898
0.00260281
0.00264229
0.015694
0.00269494
0.00277062
0.00295824
0.00258487
0.0029295
0.00285109
0.00264155
0.00264155
0.00843331
0.00281898
0.00285109
0.00264155
0.0142817
0.00576219
0.00289651
0.0026352
0.00263619
0.0131809
0.00285676
0
0.00866343
0.00285109
0.00673938
0.00277867
0.0136293
0.00268984
0.0606739
0
0.00571373
0.011851
0.00272817
0.00448467
0
0.00253293
0.00436932
0
0.00421572
0.00528469
0
0
0.00253451
0.00301717
0.00511521
0.0250661
0.00573509
0.00377248
0.201996
0.00299876
0.00540714
0.0031322
0.0521523
0.00255339
0.00281898
0.00294427
0.0100146
0.0171823
0.132147
0.00599541
1.00027
0.0281898
0.2827
0.00347772
0
0
0.00249246
0
0
0.00282606
0.00251726
0.00264074
0.00542435
0.0026108
0.00264074
0.00268286
0.00272132
0.0312587
0.00568912
0.0026352
0.00287305
0
0.00538017
0.00586093
0.00542601
0.00344331
0.0028724
0.00614877
0.0656024
0
0.00276125
0.0140055
0.0187163
0.00246275
0.00251209
0.00276534
0.0134231
0
0.00305989
0.0346528
0
0.00300812
0.00269494
0.00249302
0
0.00261753
0.00266777
0
0.00264002
0.0108622
0.00259796
0
0.00747439
0
0.00264074
0.00291793
0
0.00270288
0.00512836
0
0
0.00905976
0.00249316
0
0.00369899
0
0.964395
0.367503
0.00269494
0.00614877
0.0082648
0.010137
0.017706
0.00435167
0.00538017
0
0.00323299
0.00888473
0.00310291
0.0161904
0
0.00298964
0.0246197
0
0.00986189
0
0.0062057
0.00876388
0.0326754
0
0.963216
0.00587058
0.00299
0.00380176
0.00885301
0.00283359
0
0.00871389
0.00838471
0.00281357
0.00263594
0.00404241
0.00881288
0.002951
0.0162575
0.00855381
0.00529388
0.00551504
0
0
0.00561975
0.00269494
0
0.0108834
0.00275784
0.00306805
0.00291755
0.00808169
0.00269494
0.00264074
0.00425517
0.021852
0.00558984
0.0112545
0.00846395
0.00416958
0
0.884945
0.638726
0
0.00270782
0
0.00972642
0.0130887
0.00373261
0.0109422
0.00267433
0.0081301
0
0.00878827
0.00397899
0.00562041
0
0.0200815
0.00269494
0.00298603
0.00551342
0.00268286
0.0107772
0.0456116
0
0
0.0109422
0.00260101
0.0162923
0
0.00282625
0.00268286
0.0150553
0.0030911
0.0516827
0.00377521
0.0108318
0.910722
0
0.00263038
0
0
0.00303446
0.00253895
0.00500487
0.00273975
0.00314506
0.00299921
0.00299921
0.00279349
0.00550764
0.0026352
0.00273051
0.00913251
0.00588849
0.00251726
0.00245674
0.0119517
0.00277678
0.981926
0.490428
0.0026352
0.010106
0.0168013
0.0026352
0
0.00277678
0.013176
0
0.0264347
0
0
0.0029708
0.0234595
0
0.910408
0.00246386
0
0
0.00280027
0.00253895
0
0.00259712
0
0.0204788
0.00505292
0.00259712
0.258635
0.452106
0.00259796
0.00289989
0.00586482
0.00289989
0.00434983
0.00263417
0.00289989
1
0.00377291
0.0223904
0.00259341
0
0.00527478
0.0029501
0
0.00259341
0.0025003
0.00328033
0
0.00291995
0.0125559
0.00303345
0.00259712
1.00223
0.0573031
0.00558228
0.0221883
0
0.00306582
0.00288662
0.00525705
0.0113472
0.0163086
0.00271809
0.00788557
0.00792563
0.00326171
0.00271809
1
0.139798
