0.0180813
0.126247
0.721855
0.896476
0.896476
0.896476
0.896476
0.575121
0.0563201
0.0256582
0.0714887
0.00717103
0.0344872
0.00867748
0.00750056
0
0.00853203
0
0.0256582
0.0314201
0.667561
0.0344872
0.00750056
0.0303431
0.020522
0.0217264
0.00853203
0.0211684
0.229628
0.103285
0.0190508
1
0.0505747
0.0277878
0.00703227
0.0303431
0.0972638
0.0174988
0.0211684
0.00944542
0.0719484
0.00646626
0.4382
0.0887702
0.0282009
0.966473
0.0505747
0.0394983
0.021307
0.011792
0.0117882
0.00703227
0.0094315
0.145218
0
0.0174988
0.0112998
0.00944542
0.0135502
0.0719484
0.372134
0.119995
0.0852204
0.973017
0.0505747
0.0138065
0.0367942
0.00703227
0.0094315
0.194862
0.0174988
0.0379025
0.085274
0.442053
0.0463272
0.0749364
0.862364
0.0505747
0.0138065
0.0250022
0.00703227
0.0094315
0.277219
0.0174988
0.0184836
0.0701447
0.0150022
0.383318
0.0463272
0.104517
0.779414
0.00666192
0.0505747
0.0138065
0.00703227
0.0094315
0.00667728
0.318041
0
0.0174988
0.00944542
0.043463
0.010076
0.40045
0.0308862
0.00886324
0.132204
0.634914
0.0505747
0.0109228
0.0138065
0.0219866
0.0094315
0.356732
0.00897111
0.0425108
0.0101406
0.306146
0.0150823
0.168029
0.411595
0.0667471
0.0138065
0.01064
0.0219866
0.327903
0.0103238
0.0146
0.00897111
0.0101406
0.229423
0.0150823
0.184873
0.411595
0.0138065
0.0110512
0.277432
0.0221124
0.00897111
0.0187274
0
0.0238241
0.00976328
0.203245
0.246869
0.0692162
0.0138065
0.138471
0
0.0224383
0.0187274
0.0604103
0.0270842
0.109115
0.01424
0.251881
0.0526679
0.0138065
0.100335
0.0148658
0.00901542
0.0604103
0.0531293
0.108685
0.0670656
0.0148658
0.00649498
0.0533782
0.460199
0.0409621
0.00756231
0.076196
0.688618
0.00741846
0.00842307
0.666116
0.00741846
0.636336
0.00838108
0.610214
0.620161
0.465703
0.0570478
0.0482067
0.0482067
0.0662817
0.0113802
0.0421255
0.0222907
0
0.00929996
0.0139468
0.0401546
0.00788303
0.343197
0.0652012
0.0231679
0
0.0222907
0.121252
0.202876
0.0240988
0.0279264
0.0986433
0.00884036
0.451753
0.132171
0.0322952
0.00632015
0.0231679
0.00740818
0.00708914
0.00981299
0.0540577
0.0172612
0.202876
0.0160407
0.0240988
0.0142309
0.117771
0.236239
0.0192443
0.131155
0.0162504
0.0122877
0.0231679
0.0145243
0.0143992
0.00981299
0.0455936
0
0.26437
0.0240988
0.0141736
0.158158
0.0171076
0.15937
0.131155
0.00747637
0.0231679
0.0486523
0.0455936
0
0.318282
0
0.0240988
0.0141736
0.156463
0.00849121
0.131066
0.153678
0.0450379
0.0206265
0.00853173
0.0222907
0
0.409116
0
0.0141736
0.00655318
0.108251
0.00849121
0.102845
0.180588
0.0291109
0.40237
0
0.0256561
0.0141736
0.117534
0.072978
0.209792
0.0495293
0
0.00973022
0.00870867
