0.00683591
0.655731
0.00518468
0.122224
0.0129003
1.317
0.111955
0.0192324
0.584065
0.0135791
0.574342
0.316371
0.585105
0
0.984873
0
0.991564
0.424551
0.0255492
0.0425993
0.487266
0.00249333
0
0
0.00853435
0.00248425
0.00285643
0.011409
0.110508
0.891635
0.0062588
0.00247451
0.00235974
0.00288044
0.00247451
0.00232624
0.00307023
0.0204403
0.00247451
0.00254693
0.00982407
0.00280681
0.00305265
0.00441133
0.00288778
0.00258945
0.00570131
0.110106
0.0136163
1
0.323099
0.00440012
0.0163522
0
0
0.00272649
0.0192768
0.0408882
0.0649455
0.00572753
0.379297
0.0163971
0.00803095
0.0027325
0.0108621
0.00281944
0.00548241
0.0139636
0.181457
0.050574
1.04649
1
0.00523491
0.0057741
0.00733259
0.00523638
0.00577247
0.00391155
0.00259356
0.00970763
0.0115191
0.00545764
0.00624308
0.00261478
0
0.00299595
0
0.0104496
0
0.00269939
0.013928
0.00657724
0.00255602
0.00544135
0.00555857
0.00847652
0.0790761
0.997075
0.00571
0.00467544
0.00464164
0.0145243
0.00467802
0.00690469
0.00556215
0.00395775
0.0222082
0.00838152
0.00294722
0.142809
0.0195586
0.00573744
0.0805698
0.00280516
0.0137005
0.00296566
0.0311663
0.00272909
0.00364809
0.0025495
0.00713371
0.0262791
0.0900236
0.00251042
0.00813479
0
0.00353669
0.00313645
0.0165426
0.0476924
0.00745689
0.00277277
0.0119735
0.00423039
0.00279534
0.00528924
0.0113397
0.0523409
0.00263246
0.00298276
0.00763593
0.00389038
0.0197129
0.00788595
0.0186843
0.00554027
0.0459504
0.00504276
0.0027651
0.00277277
0.00628588
0.195647
0.0039326
0.0162627
0.00838492
0.0127515
0.00624175
0.0112609
1
0.429403
0.00786381
0.00256612
0.010759
0.00519365
0.00239306
0.00275635
0
0.00256612
0.0062622
0.0028411
0.00247547
0.00275632
0.00784769
0.00277277
0.0508544
0.0303093
0
0.00593493
0
0.00596299
0.0110243
0.00694448
1
0.0572437
0
0.00256684
0.002689
0
0.00278499
0.0039728
0
0.00295278
0.0027651
0.0130581
0
0
0.00288474
0.02016
0.0125998
0.00285154
0.0250688
0.981312
0.422816
0.00275635
0.00544844
0.0146276
0.0779119
0.00302505
0.0033791
0.0147361
0.0826906
0
0.0141557
0
0.00866048
0.00894574
0.0891149
0.0179407
0.00640823
0.00274034
0.0122416
0.00294673
0.241164
0.984417
0.213217
0.0146385
0.0534605
0
0
0.0029735
0.0027651
0.00266411
0
0.0388213
0.00541747
0.0190579
0.0028707
0.00256612
0.0144388
0.0167498
0.00266654
0.135704
0.188803
0.440518
0.712802
0.98757
0.0241599
0.00791179
0
0.00284062
0.000675962
0.0158224
0.0100435
0.00279823
0
0.0343926
0.00589972
0.147417
0
0
0.00251647
0.0027651
0.0217557
0
1
0.929672
1.00581
0.00269169
0.00265188
0.0303652
0.0187009
0.00288351
0.0641444
1
0.0712038
1
0.373654
0.0322809
0.00564694
0.00259944
0
0.00269878
0.00215858
0.00299396
0.00274035
0.00547284
0
0.00784769
0.0189874
0.0430205
0.00279719
0
0.0027325
0.00281944
0.00334711
1.01275
0.0115672
0.980238
0.947495
0.142633
0.659825
0.00299975
0
0.00258815
0
0
0.0919269
0.0566163
0.00268593
0.0036232
0.00527893
0.00263068
0.0026714
0.00810038
0.00258244
0.00546562
0.16741
0
0.00274034
1
0.0215385
0.463381
0.0598086
0.00273044
0.00661285
0.00268859
0.0127866
0.00990684
0.0242031
0.0453869
0.010798
0.0026779
0.00249345
0.016387
0.0261636
0.00275282
0.00280211
0.00273729
0.974794
0.00508326
1.0014
0.0214763
0.00544635
1
0.00269924
0.00249345
0.00249973
0.00249345
0.0304273
0.00803676
0.00647853
0.00523481
0.024483
0.00264182
0.00563899
0.00248822
0.00336841
0.018879
0.00772508
0.00772508
0.00281639
0.00772508
1.0056
0.0027611
1
0.0161362
0.00534944
0.00522232
0.180172
1
0
0.00281781
0
0.404523
0.348567
0.002613
0.00277596
0.00938104
0.0698849
0.00537534
1
1
0.224085
0.144089
0.00271064
0.197252
0.0119776
0.00561709
0.00259588
0.00290094
0.00270064
0.0074104
0.0100499
0.010871
0.00247764
0.00551343
0.0111001
0.0327058
0.456092
0.0311918
0.00251346
0.00290094
0
0.0112759
0.0125673
0.00251346
0
0.00253712
0.00282708
0.0142039
0.0478279
1
0.00251832
0.00245868
0.00531989
0.00801416
0.0174504
0.0143806
0.0134585
0.0202844
0.0542838
0.00527515
0.0140471
0.00278946
0.00814907
0.00528484
0.0253962
0.0260632
0.0871415
0.0487878
0.00950636
0.00397016
0.00236529
0.00810554
0.149124
0.00245868
0.0110783
0
0.168993
0.00774352
0.00622713
0.00688714
0.00361389
0.00284386
0.00290094
0.00730901
0.00304296
0.00423153
0.0026564
0.024854
0
0.00811843
0
0
0.00262036
0.00960485
0.0112525
0.00278946
0.00287417
0.103475
0.990063
0.00809732
0.00254706
0.0132594
0.0161161
0.0106075
0.00566932
0.0149976
0.0397781
0.0530375
0.975491
0.0112061
0.0026613
0.00270105
0.00270709
0.00270709
0.183682
0.00270709
0.00270709
0.0226493
1.00373
1.01837
0.00801881
0.00279802
0.00429566
0.067823
0.00408128
0.0133647
0.0201276
0.0111699
0
0.0285122
0.0664483
0.00298172
0.00313204
0.0285122
0.0427682
0.0253816
0.0113822
0.0179319
0.0311108
0.909467
0.130348
0.0223456
0.00298865
0.0112061
0
0.00302312
0
0
0
0
1
0.255537
0
0
0.00259861
0.00271584
0
0.00259861
0.00389791
0.163574
0.00298865
0.0037166
0.00308549
0.00498109
0.0207719
0.00249457
0.00275115
0.00249457
0.0122132
0.0030446
0.00309504
