0.206456
0.157248
0.186094
0.19382
0.712493
0.22397
0.010234
0.00597075
0.0324482
0.249095
0.00594222
0.385351
0.0268361
0.230045
0.0336881
0.0134753
0.0140947
0.0139284
0.0134753
0.01377
0.0135859
0.0140377
0.00828022
0.0162339
0.0262207
0.331815
0.00291971
0.237473
0.00796061
0.554021
0.00303513
0.0046568
0.00294458
0.0646668
0.0215556
0.022573
0.022414
0.00291889
0.0215556
0.0680483
0.00306676
0.00265695
0.002515
0.0218223
0.00273527
0.0225412
0.00291889
0.00287999
0.0377832
0.00565559
0.0093127
1.03751
0.00243908
0.0307969
0.00248269
0.00248339
0.113494
0.0264819
0.0277559
0.0276588
0.0264819
0.0658859
0.00248339
0.00248339
0.0269161
0.00248339
0.0277714
0.00238823
0.00260287
0.00232035
0.00417436
0.00721026
0.00397676
0.0150349
0.00265705
0.00260156
0.00278609
0.00577052
0.00265705
0.0105661
0.0113873
0.00300536
0.00795212
0.00266249
0.0171345
0.00265705
0.00247786
0.0056823
0.00265705
0.00578942
0.00263659
0.00536345
0.00599884
0.450227
0.00783728
0.00272546
0.00983036
0.00279383
0.00360239
0.70223
0.0235591
0.002745
0.0261147
0.00753566
0.0415866
0.00642028
0.0266425
0.0235724
0.00264631
0.0235658
0.0543825
0.00278212
0.0347996
0.0603045
0.00843
0.00254897
0.0144218
0.0377832
0.00281323
0.028114
0.0210687
0.0336654
0.0238292
0.00291253
0.0785525
0.0225387
0.00278212
0.0219387
0.00738125
0.0246704
0.00266046
0.00288399
0.141395
0.876588
0.025512
0.00384956
0.0306738
0.0382789
0.0256975
0.0280853
0.0255192
0.0765577
0.0102718
0.101681
0.03152
0.0425321
0.0256975
0.0637981
0.0243071
0.010651
0.0266818
1
0.127596
0.99003
0.00250051
0.00250122
0.00255814
0.00261786
0.00252751
0.00281664
0.00304411
0.00578467
0.00258575
0.0177788
0.00255814
0.459727
0.00255323
0.00257
0.00259712
0.00295489
0.00413953
0.00282229
0.00270964
0.240895
0.0416153
0.0214849
0.00255466
0.0182697
0.060899
0.0182645
0.0260996
0.0182697
0.0233666
0.0234254
0.0188083
0.0214579
0.00585891
0.0027124
0.0809875
0.00539758
0.015013
0.00268211
0.00792553
0.00259462
0.0191643
0.00905405
0.0120223
0.0110143
0.00268963
0.0426511
0.999707
0.00269213
0.00269289
0.00403934
0.00269289
0.00269365
0.00374888
0.00273104
0.00807868
0.00280615
0.0166107
0.00253653
0.00828464
0.171031
0.331077
0.00286002
0.00289445
0.0108542
0.00289445
0.00303458
0.00293281
0.0108542
0.00898139
0.00789396
0.00294866
0.0159227
0.240915
0.00295958
0.00296042
0.00296042
0.00296042
0.00296125
0.00311186
0.00296042
0.00310331
0.0110213
0.0302342
0.0111016
0.00304439
0.00608899
0.0955788
0.018819
0.0429807
0.00411454
0.27271
0.00760175
0.0110754
0.119658
