0.821679
0.0348621
0.157603
0.0170427
0.0149647
0.0206917
0.0592043
0.03331
0.0383172
0.267155
0.0117536
0.0123302
0.00985436
0.00369024
0.222861
0.0516375
0.00276442
0.0029245
0.00273288
0.0120188
0.0669843
1
0.108473
0.24908
0.00292115
0.00322528
0.00304503
0.0295636
0.00293387
0.0387458
0.00291405
0.00280292
0.0735936
0.901647
0.692289
1.01814
0.36345
0.248802
0.00580719
0.00602538
0.00281726
0.0113036
0.0687194
0.00279379
0.00844866
0.222171
1
0.0599736
0.920972
1
0.0141121
0.264384
0.0552449
0.0152104
0.0487592
0.00691957
0.023962
0.00812002
0.011492
0.0178784
0.259239
1
0.634911
0.00327363
0.117399
0.0204602
0.00272802
0.00273877
0.081817
0.0259131
0.00545605
0.00537776
0.00272802
0.0338227
0.00272802
0.00257336
0.0198901
0.0847838
0.0272802
1.02548
0.00545862
1.00352
0.0642212
0.0231901
0.00548229
0.0053979
0.11577
0.00548229
0.00548229
0.0272168
0.0207011
0.512262
0.0274115
0.976445
1
0.0581391
0.0493536
0.00282474
0.126106
1
0.0702933
0.0101154
0.00274166
0.00282878
0.00247763
0.0458644
0.0378319
1
0.0122832
0.00247763
0.00586847
0.0208608
0.00566935
0
0.00247763
0.00758367
0.00305907
0.0403757
0.421118
0.984864
0.261829
0.0393707
0.0102982
0.0802432
1.00118
0.990879
0.956779
0.196639
0.00247763
0.0423171
0.00464556
0.0810376
1.00901
0.0131978
0.013802
1
0.148323
0.0400953
0.00412707
0.0893897
0.544156
0.0377332
0.00247811
0.00669545
0.00814983
0.107223
0.00373243
0.0160576
0.0289317
0.00357183
0.00259532
0.103854
0.367653
0.0864943
0.00252681
0.00632814
0.00814478
0.00544181
0.227917
0.00276135
0.00427771
0.00653175
0.00258455
0.0116822
0.0024886
0.0026127
0.0479121
0.0036113
0.0105508
0.197365
0.95384
0.639207
0.00274955
0.00296604
0.0110192
0.0189607
0.0680858
0.85428
0.00281639
0.00298882
0.0971038
0.0208811
0.124451
0.00289955
0.0324382
0
0.515262
0
1
0.00298902
0.00351132
0.00305143
0.0370101
0.0112424
0
0.0410558
0.663473
0
0.240127
0.0637527
0.00275303
0.0197335
0.00526309
0.00309764
0
0.51136
0.00293436
0.00887229
0
0.00468377
0.00773908
0.0243454
0.00592289
0.00440653
0.00255609
0.00283011
0.0030935
0
0.280135
0
1
0.00272827
0.00297593
0
0.015927
0.00506504
0.00255609
0.00522736
0.0116224
0.00277613
0.00585651
0.00277613
0.0128167
0.00292054
0.00277613
0.00303584
0.00665392
0
0.00520638
0.00781908
0.00307415
0.982174
0.00520638
0.00781908
0.348794
0.00247811
0.00731009
0.00276894
0.00264724
0.0090739
0.0614002
0.00264724
0.0578838
0.00989951
0.00246288
0.00277613
0.00282644
0.00416419
0.00271152
0.00537764
0.0583462
0
0.00273039
0.959328
0.1431
0.0060491
0.0902352
0.0717848
0
0.00255609
0.00306369
0.00284934
0.0337845
0.277938
0.135544
0.0523261
0.00288388
0.0264818
0
0.0659461
0.00262134
0
0.00383413
0.00531445
0
0
0.0585033
0
0.14728
0.901311
0.375017
0.00861253
0.00905156
0.00280691
0.0100544
0.00839221
0.181917
0.991974
0.252164
0.00290252
0.033032
0.00851058
0.00589325
0.114545
0.667079
0.0798166
0.00544927
0.0121826
0.00594594
0.981204
0.00295789
0.00285526
0.063967
0.00765497
0.0056467
0.00885726
0.23844
1.0132
0.392726
0.851677
0.167343
0.0520835
0.00696148
0.0571038
0.34393
0.0059521
0.066254
0.005782
0.0112322
0.209245
0.0101224
1
0.0862387
0.839929
0.418669
0.89458
0.0220466
0.291177
0.0228887
0.404669
0.0225451
0.0816204
0.00349104
0.00272468
0.00279571
0.0143974
0.0195781
0.412096
0.00827379
0.295704
0.953679
1
0.00270449
0.0079125
0.0109337
0.663313
0.011289
0.992962
0.030314
0.00261936
0.00527585
0.022872
0.104431
0.00824778
0.00310403
0.00559374
0.00785603
0.0105517
0.0053484
0.00958712
0.0228289
0.0157305
0.238103
0.00395044
0.359563
0.0827774
0.00422696
0.447538
1
0.00287442
0.00308538
0.00294588
0.00357344
0.00264273
0.0469376
0.999682
0.00247189
0.093797
0.00255451
0.0178672
0.00255609
0.0142085
0.00261936
0.0131016
0.0883305
0.0807158
0.0135568
0.685509
1.0248
0.0612411
0.0084681
0.00278892
0.176453
0.490887
0.0146411
0.0024655
0.0123275
0.221393
0.0313373
0.00286008
0.0899371
1
0.112121
0.00275556
0.0262795
0.0835546
1
0.0480923
0.00577249
0.0061058
0.00873085
0.0145313
1.0962
0.00289329
0.092681
0.999803
0.47052
0.0028191
0.0428174
0.00590738
0.11641
0.567493
0.572853
0.973862
0.133674
0.00601578
0.0236707
0.00313879
0.0844219
1
1
0.14744
0.00271771
0.0364808
0.0869123
0.293826
0.136446
0.00303146
0.0301165
0.00312774
0.0861901
0.190869
0.0465381
0.133588
0.630322
0.00577406
0.0928159
0.00307714
0.369365
0.778067
0.0185128
0.0192685
