0.00301326
0.00266096
0.694113
0.355991
0.104755
0.00845398
0.00559152
0.145527
0.01132
0.00564346
0.121402
0.935899
0.265533
0.789066
0.00305143
0.125235
0.475153
0.0029326
0.0315517
0.00389364
0.0823789
0.00927839
0.539292
1.0023
0.0475705
0.05169
0.00886169
0.551069
0.378868
0.111249
0.0613879
0.0634781
0.0309193
0.216265
0.412589
0.0342395
0.00648706
0.103901
1.04845
0.062632
0.00525189
0.00815771
0.00277162
0.715557
1.02047
0.0999431
0.000110039
0.0143552
0.0055862
0.00277058
0.03346
1.00628
0.0593692
1.31173
0.960789
0.00282779
0
0.00306735
0.00866752
0.00584579
0.00808795
0.00562684
0.00517857
0.0121556
0.00561459
0.00265634
0.0267149
0.00296399
0.120133
0.11828
1
0.0139548
0.0383038
0.281352
0.014034
0.00852551
0.00288143
0.0252698
0.0210681
0.00814065
0.00888922
0.20307
0.899212
0.00277604
0.254708
0.0111256
0.00391279
0.139638
0.00875401
0.108459
0.00271476
0.00264635
0.00260533
0.00293681
0.035811
0.0692241
0.00660467
0.0224634
0.437081
0.729008
0.273194
0.00272047
0.00307972
0.00251071
0.213587
0.0317669
0.0029972
0.00311422
0.0028043
0.00286043
0.00265648
0.00299087
0.0340417
0.0495618
0.0315548
0.013507
0.00852266
0.0591405
0.33222
1.02719
0.769997
0.00298471
0.002927
0.00276065
0.182047
0.0625655
0.0116504
0.0889713
0.0110347
0.0027099
0.00296218
0.00307783
0.00281694
0.00526758
0.067314
0.0889713
0.0406118
0.00309829
0.0144348
0.0574671
0.780825
1
0.016066
0.00286369
0.0330106
0.0406587
0.98513
0.0112191
0.042178
0.0188002
0.02069
0.00537428
0.00541561
0.00295945
0.110018
0.0193718
0.0323001
0.0172948
0.225671
1
0.014333
0.0267595
0.208966
0.00897935
0.14961
0.0171511
0.0113059
0.00261215
0.0484876
0.162447
0.0272398
0.0294124
0.0507133
0.209144
0.00558592
0.0579277
0.112336
0.00553741
0.0338817
0.227762
0.988089
0.288478
0.00297272
0.00566854
0.00575389
1
0.985186
0.00850861
0.00264377
0.00842038
0.964157
0.283447
0.00261925
0.0216795
0.0219618
0.977709
0.0907954
0.25462
0.00916031
0.00913526
0.0535069
0.991051
0.187497
0.00302664
0.00605549
0.0144825
0.0459003
0.0146563
0.698839
0.00307771
0.280432
0.367252
0.0214261
0.00870738
0.0867166
0.0971151
0.00604163
0.00305881
0.00575808
0.0110285
0.0758696
0.0029952
0.0111609
0.297741
0.0188906
0.0207492
0.904603
0.0103033
0.0382828
0.0250607
0.146384
0.113756
0.00301405
0.0083579
0.00291973
0.00569681
0.00561104
0.00271156
0.0822683
0.00568419
0.400306
0.244751
0.979501
0.0314592
0.999844
0
0.00583925
0
0.0163524
0.0114465
0.0271788
0.149727
0.0207859
0.0159556
0.00296522
0.0115617
0.00569451
0.0116814
0.00548636
0.00301174
0.00303199
0.0443789
0.0789994
0.233213
0.280614
0.984533
0.00934898
0.0112223
0.0164857
0.0173689
0.00822504
0.182097
0.00424544
0.0410432
0.0197133
0.00294682
0.00300033
0.00278152
0.143883
0.00801832
0.0760974
1.00468
0.998881
0.0570985
0.0103376
0.0114187
0.00265933
0.00565651
0.0688179
0.00253424
0.016849
0.00273405
0.00278152
0.00296629
0.050069
0.00273405
0
0.00309534
0.0620941
0.127376
0.993127
1.09368
0.993053
0.0349031
0.00548297
0.008205
0.00289683
0.00273578
0.00277825
0.00284098
0.521197
1.0001
0.0445891
0.0125832
0.00581401
0.221529
0.00271485
0.00499132
0.0261406
0.00307429
0
0.00296736
0.0175271
0.00277108
0.0030046
1.01497
0.881163
1.01184
0.0839354
0.00281615
0.00277066
0.00494813
0
0.00598983
0.0241172
0.00270984
0.00303332
0.00541396
0.00277054
0.00309043
0.0139985
0.00300891
0.00275898
0
0.0475239
0.00796985
0.00260384
0.00560954
0.0170673
0.97873
0.355488
1.00572
0.761965
0.650311
0
0.00988528
0.00398135
0.00268126
0.00525509
0.0068883
0.0026447
0.0112382
0.0326884
0.0107151
0.0132454
0.0242226
0.00274944
0.00262476
0.00280585
0.00259061
0.0118501
0.00819203
0.00722617
0.00265578
0.00263517
0.0966553
0.0024397
0.0309775
0.0751582
0.212851
0.998334
0.952483
1
0.0054007
0.00297582
0.00252277
0.002725
0.00309786
0.0480932
0.0139421
0.00850543
0.992657
0.00314908
0
0.00281554
0.00272405
0.00278436
0.00256192
0
0.0639083
0.00263596
0.0647844
0.00259842
0.0162989
0.0640413
1.07476
0.194065
1
0.415585
1
0.0347834
0.00416689
0.00588639
0.0120143
0.0248487
0.0114059
0.0146952
0.00838276
0.198742
0.00272001
0.00527411
0.00513232
0.00689552
0.00266547
0.00599149
0.0244731
0.00258496
0.064515
0.00525816
0.0192726
0.365599
0.250348
0.0844864
0
0.00364077
0.174199
0.00273873
0.00852321
0.30899
0.00294347
0.00291323
0.00297553
0.00242475
0.00546904
0.0608384
0.00266591
0.0906479
0.00261861
0.0026669
0.00575353
0.0482364
0.357073
0.668898
0.243093
0.00298282
0.031657
0.0436932
0.306144
0.0285167
0.033166
0.0195617
0.0360237
0.00266579
0.0774485
0.382795
1
0.0317501
0.0372879
0.0081422
0.00273974
0.0456284
1.0004
0.0081422
0.0395695
0.00823861
0.00819385
0.108809
0.00862194
0.0278185
0.0421362
1.03186
1
0.00828188
0.945932
1
0.0707815
0.0135674
0.0472843
0.0733816
0.00260878
0.0195394
0.18574
0.0101477
0.128726
0.00263185
0.006179
0
0.0983625
0
0
0.00822547
0.00835503
0.00863751
0.00571298
0.0269383
0.00269567
0.105317
0.0609412
1.45735
0.204103
0.0128367
0.00878202
0.00826509
0.00253768
0.0637331
0.00275452
0.17059
0.00303434
0.0386792
0.117971
1.00576
0.446008
0.00848449
0.00863751
0.491267
1.00472
0.00478386
0.0786056
0.00547868
0.135104
0.00594174
0.00276125
0.00303361
0.229681
0.169478
0.0200455
0.0176505
0.208973
0.0556896
0.0268077
0.997928
0.157034
0.00273516
0.0108344
0.0027047
0.00271015
0.0109751
0.511215
0.0995813
0.00303307
0.0542847
0.128387
0.0141387
0.0549358
0.0143083
0.357111
0.141918
0.00307951
0.00311654
0.0518684
0.209517
0.0232332
0.0525637
0.0235125
0.934911
0.163302
0.00579245
0.204936
0.14986
0.0227687
0.00311221
0.00616946
0.00625009
0.0690934
0.123281
0.00279663
0
0.0727253
0.00283318
0.247042
0.216793
1
0.578099
0.0105888
0.00562785
0.0263964
0.0204004
0.0144769
0.0173931
0.0644709
0.474123
0.0120057
0.00591938
0.0115659
0.107478
0.104201
0.694579
0.0468601
1.04266
0.00839049
0.00809288
0.00278938
0.00893953
0.0603827
0
0.0332698
0.133105
0.988979
0.36232
0.34817
0.965195
0.0026676
0.162362
0.265656
0.764725
0.0133116
0.14271
0.805379
1.1092
0.129867
0.0058138
0.0343099
0.457682
0.246679
0.299384
0.250089
0.0188483
0.0118221
0.134186
