0.0261832
0.111829
0.331452
0
0.423724
0
0.423724
0
0.423724
0.423724
0.257142
0.0199242
0.0288316
0.0190806
0.012009
0
0.0120688
0.0336891
0.0239897
0.0288316
0.0174235
0.307063
0.0135729
0.0224565
0.00746641
0.0166438
0
0.0110232
0.0336891
0.0160999
0.0701939
0.0362789
0.0362803
0.773587
0.0420728
0.0165353
0.0107417
0.1662
0.0220333
0.0166438
0
0.0345593
0
0.056283
0.0579992
0.00768095
0.104109
0.110737
0.0165803
1.0019
0.0337973
0.0412782
0.0116603
0.0107417
0.146103
0.00746641
0.092079
0.0143031
0.0221365
0.056283
0.0137541
0.0743474
0.0237468
0.00768095
0.104432
0.110737
0.0321748
0.998247
0.00977971
0.0085128
0.0277044
0.129787
0.292211
0
0.117048
0.0349003
0.0137606
0.1433
0.0237468
0.00768095
0.116531
0.0935956
0.0330833
0.840347
0.0085128
0.0399315
0.129787
0.00797127
0.448422
0.117048
0.0349003
0.0151367
0.0904455
0.0727686
0.0147547
0.12954
0.0381186
0.0190477
0.0413804
0.737506
0.0085128
0.0277044
0.149173
0.820573
0.117048
0.0347493
0
0.0343411
0.0497848
0.0230632
0.0225273
0.0122661
0.257202
0.0189736
0.0497093
0.403996
0.0203745
0.0218247
0.0085128
0.0277044
0.110453
0
0.773822
0.00779499
0.128394
0.0127638
0
0.0497848
0.0116847
0.00768095
0.0395739
0.106329
0.0382065
0.017287
0.108356
0.376839
0.032674
0.0085128
0.0322145
0.0105013
0.0933762
1.00471
0.140515
0.0109135
0.00767653
0.0224673
0.0330718
0.0116847
0.015384
0.0116236
0.162221
0.0192329
0.017287
0.149339
0.0453193
0.022047
0.0136799
0.0105013
0.00708833
0
0.976294
0.0822268
0.0109135
0.00767653
0.0448826
0.0223479
0.0114149
0.015384
0.0463399
0.141111
0.0192329
0.508351
0.0352653
0.0115611
0.0390635
0.00708833
0
0.933766
0.0666743
0.0107986
0.0154398
0.06515
0.0157369
0.0237115
0.187617
0.0188249
0.475866
0.0358292
0.0267899
0.00708833
0.476366
0.0664318
0.0107986
0.06515
0.00806675
0.0116403
0
0.0803646
0.689141
0.0272402
0.267586
0.0121009
0.0678984
0
0.0114671
0.0142889
0.0720748
0.871976
0.00905572
0.0904136
0.0451549
0
0.0155264
0.0851991
0.992852
0.0230299
0
0.0341439
0.982368
0.017257
0.011415
0.0063317
0.863397
0.00859868
0.84203
0.84203
0.704105
0.194988
0.0260667
0.0260667
0.0102236
0.092978
0.00957812
0.021773
0.0150114
0.0164768
0.0108853
0.00696832
0.0315963
0.017717
0.226019
0.021773
0.0150114
0.0938785
0.0120403
0.0125634
0.00696832
0.00742941
0.0315963
0.0816181
0.498202
0.00967064
0.021773
0.0150114
0.0957573
0.0232114
0.00696832
0.112896
0.0413118
0.0929801
0.364276
0.0634415
0.0150114
0.0395481
0.00696832
0.184358
0.139199
0.140227
0.0866776
0.0365912
0.0736019
0.0416369
0.0159426
0.0150114
0.0276159
0.00696832
0.238832
0.0102236
0.107584
0.104637
0
0.0495365
0.161708
0.0319662
0.0230133
0.0150114
0.0135375
0.277249
0.00983859
0.100533
0.0072384
0.081811
0.0338686
0.135165
0.0319662
0.0230133
0.0150114
0.239344
0.044571
0.0668467
0
0.081811
0.0338686
0.155299
0.0319662
0.0230133
0.0145563
0.0473107
0.00777685
0.0633855
0
0.0179922
0.00766784
0.00886947
0.00766784
