0.228455
0.00847221
0.0113485
0.497294
0.12099
0.519034
0.873024
0.134043
0.519034
0.00713755
1.00987
0.0887121
0.0113733
0.448381
0.553767
0.00713755
0.982648
0.0887121
0.411035
0.350642
0.00713755
0.740809
0.0887121
0.280734
0.272733
0.00713755
0.740809
0.0234755
0.0887121
0.280734
0.40115
0.00713755
0.720308
0.0350045
0.0887121
0.269385
0.541853
0.00713755
0.719895
0.0945325
0.105494
0.0112356
0.410394
1.00618
0.00670479
0.0140978
0.0186708
0.0241489
0.719895
0.158061
0.0890215
0.0232481
0.00740205
0.842715
0.994652
0.00670479
0.0163008
0.0186708
0.015862
0.663651
0.124179
0.0890215
0.0293499
0.0112356
0.00740205
0.743801
0.976709
0.00670479
0.0186708
0.0156435
0.405221
0.0134723
0.0893885
0.00732592
0.0156015
0.0112356
0.621914
0.865843
0.030282
0.00964329
0.0164822
0.276085
0.145282
0.0154195
0.0457761
0.520687
0.927588
0.0125857
0.00958066
0.00964329
0.050727
0.0420876
0.144526
0.00732592
0.0227933
0.603378
0.984497
0.0735357
0.045413
0.0227933
0.214118
0.793205
0.00677809
0.447218
0.0221955
0.0227933
0.201363
0.00677809
0.439432
0.0221955
0.0227933
0.201363
0.118121
0.00677809
0.439432
0.0118142
0.0227933
0.0115212
0.258908
0.41582
0.0118142
0.0115212
0.497984
0.0220069
0.08113
0.169449
0.0115212
0.477478
0.0558221
0.101252
0.108428
0.0115212
0.403353
0.0800542
0.015758
0.120712
0.0129703
0.0816203
0.00740609
0.799948
0.140907
0.015758
0.0077892
0.148757
0.158155
0.0134563
0.997772
0.247013
0.116365
0.022802
0.297953
0.191563
0.0375973
0.036769
1.00402
0.235072
0.169359
0.022802
0
0.551796
0.176284
0.0881632
0.036769
0.0132029
0.00889123
0.873364
0.126313
0.112039
0.0150128
0
0.656955
0.117971
0.0752995
0.036769
0.997953
0.0110627
0.00795528
0.080342
0.202592
0.0305855
0.00692283
0.509158
0.137737
0.0752995
0.0735027
0.982302
0.0110627
0.00795528
0.0685143
0.202592
0.0235107
0.00692283
0.509158
0.178629
0.10107
0.0495302
0.020337
0.89086
0.0110627
0.0154493
0.0685143
0.00718522
0.186627
0.0155726
0.00692283
0.482253
0.137916
0.0885336
0.00733481
0.0494781
0.027168
0.809849
0.0110627
0.0393053
0.0797734
0.00801491
0.128582
0.0154233
0.00692283
0.469643
0.694783
0.0531899
0.00733481
0.0244069
0.672299
0.0110627
0.0927812
0.0234589
0.0068009
0.0555361
0.0135139
0.0220202
0.0195846
0.500216
0.011858
0.997506
0.0395748
0
0.0124553
0.510381
0.0110627
0.109496
0
0.0230047
0.0417365
0.0126212
0.0135139
0.0222109
0.0195846
0.467817
0.999658
0
0.383475
0.0831098
0.0121489
0.0387226
0.0147536
0.0135139
0.0066542
0.0195846
0.37852
0.985871
0.205125
0.100226
0
0.0539109
0.0135168
0.270215
0.894429
0.0986758
0.082544
0.0118544
0.0894193
0.0409127
0.0135168
0.325302
0.953674
0.0325843
0.0503337
0.0135047
0.165028
0.88039
0.0495136
0.0654136
0.0135047
0.101799
0.685515
0.0237756
0.0759422
0.469308
0.248238
0.0376784
0.0119897
0.05827
0.0107132
0.425547
0.220862
0.278015
0.0219456
0.0119897
0.0076951
0.0419306
0.386446
0.0188634
0.00797171
0.168896
0.0425888
0.386909
0.0956898
0.0118103
0.0188634
0.0175794
0.369875
0.103172
0.229247
0.0188634
0.0175794
0.296335
0.162591
0.182611
0.0188634
0.0262541
0.195387
0.162591
0.159892
0.0188634
0.0259621
0.0262541
0.158412
0.162417
0.0756585
0.0169896
0.017353
0.242194
0
0.155786
0.0497576
0.0339087
0.0164568
0.0426404
0
0.053646
0.0260188
0.0588997
0.0168388
0.122208
0.0161331
0.0588997
0.0168388
0.115725
0.410566
0.0588997
0.0168388
0.0833765
0.191595
0.0588997
0.0116718
