0.125199
0.00218517
0.00319957
0.00245152
0.00439857
0.40345
0.000685868
0.000653832
0.000687551
0.000638599
0.000330045
0.000653832
0.000685815
0.000653832
0.0356645
0.00540172
0.00515053
0.00541235
0.0050871
0.00515053
0.00539657
0.00259237
0.000683827
0.00653091
0.025952
0.000373116
0.00182873
0.000383688
0.000745141
0.00585204
0.0144324
0.000380605
0.000365747
0.00271391
0.000695807
0.000871936
0.000324201
0.00430394
0.00107324
0.00166494
0.0162543
0.000332905
0.000332717
0.000317571
0.000346924
0.000329544
0.000344347
0.000332811
0.000327487
0.155857
0.0129895
0.00074097
0.000335756
0.000348179
0.000332811
0.000340967
0.00173641
0.000345483
0.000367723
0.0042487
0.000687682
0.00697342
0.00499217
0.0525668
0.000338489
0.000329544
0.00034427
0.000329544
0.00032794
0.0103747
0.000310695
0.000337421
0.00245979
0.00204648
0.000329544
0.000354886
0.00069874
0.00388454
0.0114167
0.126443
0.000663487
0.000663675
0.000663675
0.000663861
0.000663675
0.000684754
0.0014124
0.00138727
0.00138727
0.00138727
0.0471432
0.000723599
0.00138668
0.00146177
0.000674701
0.00323872
0.000723599
0.000723599
0.000663675
0.00213176
0.000663675
0.000627977
0.0109245
0.00417121
0.00243503
0.00858444
0.290406
0.00233298
0.00233364
0.00241941
0.00233364
0.00233429
0.00233364
0.00318223
0.0577196
0.00239402
0.0020855
0.00291704
0.00313332
0.00352348
0.000353736
0.00983794
0.000368004
0.206876
0.0146867
0.424382
0.0032181
0.000517871
0.0139567
0.00307498
0.000321171
0.00441309
0.00352863
0.000322336
0.00280126
0.000316111
0.000708869
0.0372652
0.146757
0.00248376
0.041445
0.000374809
0.000374914
0.000938598
0.00163905
0.000374914
0.00037502
0.00103807
0.000378214
0.00107526
0.000663153
0.000663153
0.000694451
0.000663153
0.000663153
0.47819
0.00668085
0.00712352
0.000671358
0.000374914
0.00108553
0.00176405
0.000374914
0.000562372
0.00304465
0.00343001
0.00167678
0.000693842
0.00877816
0.204452
0.997996
0.977341
0.0444553
0.00222957
0.00415504
0.000642152
0.00304703
0.00198034
0.000642152
0.00191718
0.00200942
0.000642152
0.00067069
0.00191718
0.00239648
0.00194862
0.00201054
0.000655114
0.000837589
0.00067069
0.000708441
0.00171337
0.00350374
0.00350473
0.00584122
0.00350473
0.00350572
0.00350473
0.00367544
0.00420568
0.00397046
0.00360923
0.00357576
0.000367857
0.00509432
0.00509576
0.00694876
0.000726817
0.00509576
0.00509719
0.00509576
0.00534537
0.69307
0.00826708
0.00660927
0.00523062
0.00592562
0.00133535
0.00210844
0.000378954
0.00140026
0.00133535
0.00136594
0.00133535
0.00210844
0.00133535
0.00133535
0.0490045
0.00200302
0.000514909
0.000368694
0.00174235
0.00523443
0.0266417
0.00830721
0.00507984
0.00513757
0.000360917
0.00138073
0.00770013
0.00138112
0.00138151
0.00475151
0.000441054
0.00144725
0.00138112
0.00144088
0.0220384
0.00138112
0.0158666
0.00138112
0.00135849
0.00207168
0.00272187
0.00140218
0.0050416
0.00515128
0.00515273
0.00909306
0.00515273
0.00515418
0.00515273
0.00539426
0.0194972
0.00736105
0.00521034
0.000369841
0.00521034
0.0053414
0.00130261
0.00130298
0.00356172
0.0046429
0.00032276
0.00130298
0.00130335
0.00309527
0.00136234
0.0792832
0.00268868
0.00199417
0.00131208
0.00353888
0.0218651
0.000346546
0.00183492
0.000471077
0.00464187
0.000693007
0.00666205
0.004662
0.000362477
0.00178657
0.00519485
0.00344794
0.56675
0.000363273
0.000346546
0.00204481
0.000346546
0.00181029
0.000363481
0.000346546
0.000346546
0.000354142
0.000346546
0.000354142
0.00035466
0.000364274
0.00287031
0.00214351
0.00100343
0.00204481
0.0286928
0.00380062
0.000722431
0.00103048
0.00437989
0.00449977
0.0222786
0.0027877
0.00031122
0.00031122
0.00031122
0.00216517
0.00031122
0.00031122
0.000326412
0.000320225
0.000327085
0.00294307
0.00324764
0.00106761
0.00212219
0.00309892
0.017991
0.00411543
0.0235771
0.000383709
0.00391039
0.00680046
0.0010973
0.00614049
0.0190994
0.000315126
0.0250062
0.252898
0.0014411
0.000328117
0.00138728
0.00571709
0.00171831
0.000496142
0.0243639
0.00105186
0.000377207
0.00038244
0.00105215
0.00105215
0.00141687
0.0010973
0.00105215
0.00071008
0.000364316
0.000378077
0.000350237
0.000364316
0.000374933
0.000369347
0.000369347
0.000386459
0.000378077
0.00175917
0.0258616
0.000369347
0.00115841
0.0867796
0.00105215
0.0014215
0.00331052
0.000578323
0.00105215
0.00105215
0.000361884
0.00297636
0.000374933
0.000367238
0.000735251
0.00101713
0.000767153
0.000407785
0.00988511
0.00275853
0.00279795
0.000940052
0.205846
0.000697361
0.000599274
0.000684673
0.000338668
0.000339684
0.000710823
0.000338763
0.000347673
0.00131555
0.000445025
0.000678352
0.000678352
0.00097458
0.000674693
0.000708795
0.000678352
0.000705627
0.000688993
0.000705627
0.0120281
0.00132576
0.000688164
0.000351702
0.000463075
0.000347409
0.0013176
0.000361433
0.000718046
0.00210587
0.0124225
0.000712202
0.000367127
0.000345909
0.00076833
0.000432387
0.000999951
0.0760077
0.000483948
0.08554
0.000715399
0.213445
0.713173
0.00381499
0.00381392
0.00381284
0.00387274
0.00381392
0.00381392
0.00344766
0.0266999
0
0.114098
0.115017
0.00204311
0.00314649
0.00142721
0.00397549
0.000697266
0.000378528
0.00594495
0.00565699
0.0444172
0.178801
0.0274227
0.188777
0.000337527
0
0.000401452
0.000334543
0.00408578
0.023459
0.00106896
0.0024085
0.000349341
0.000713364
0.030089
0.013304
0.0317983
0.000347655
0.000347655
0.000350337
0.000361126
0.000347655
0.000347655
0.000347655
0
0.000414382
0.000363579
0.279722
0.00819469
0.000524728
0.000370143
0.00112591
0.000354014
0.000755049
0.00214215
0.0478366
0.976557
0.0279552
0.0301443
0.00243173
0.000337073
0.000702216
0.000683071
0.00245736
0.000967391
0.817952
0.00187606
0.000727552
0.000361868
0.000377783
0.000587629
0.000361868
0.00216715
0.00216715
0.000587629
0.000361868
0.00220168
0.00223931
0.00179664
0.00216715
0.00180528
0.00271453
0.00227122
0.000648623
0.000355911
0.000441837
0.000693966
0.000672183
0.000361868
0.000343155
0.000332098
0.000348045
0.000332098
0.000361868
0.000346704
0.00623638
0.00068512
0.000373916
0.00120018
0.00104734
0.000315513
0.00100673
0.000384874
0.000318533
0.000676295
0.000348006
0.000334031
0.000335099
0.000363401
0.000391769
0.000919728
0.000337517
0.000337422
0.000562212
0.000353877
0.000337422
0.000337422
0.00101991
0.592385
0.00036546
0.000671163
0.000353945
0.000373324
0.00159576
0.000440116
0.038104
0.00181331
0.00271997
0.0105206
0.0216333
0.0011409
0.00135999
0.0129004
0.00688216
0.00172282
0.0147433
0.00814577
0.00110509
0.00721031
0.00825626
0.0363194
0.00251758
0.00167886
0.00503517
0.000312449
0.26302
0.000364121
0.00175729
0.00104521
0.00201407
