0.0135441
0.0135441
0.00545009
0.00786671
0.00124582
0.0123275
0.0752895
0.00627319
0.00408262
0.00786671
0.0123275
0.0972971
0.00627319
0.0362432
0.0142431
0.00263057
0.0161961
0.084702
0.000924896
0.00720439
0.0362432
0.0142431
0.00263057
0.0293169
0.0795819
0.0161741
0.0362432
0.0185627
0.00283839
0.00102476
0.0303733
0.0730971
0.00104509
0.0362432
0.00265701
0.00102476
0.034062
0.0746535
0.000896978
0.0404307
0.00174064
0.00676621
0.00102476
0.0468606
0.0592835
0.0069019
0.0383009
0.00693019
0.0079203
0.00102476
0.027462
0.0649052
0.00604944
0.0383009
0.00524039
0.00102476
0.00185514
0.132776
0.0140475
0.0255005
0.00670117
0.00275116
0.0460354
0.0150053
0.0153603
0.00258129
0.00279189
0.128373
0.00579683
0.022035
0.00654292
0.000992194
0.119144
0.00579683
0.0321214
0.00654292
0.000992194
0.103884
0.00579683
0.0138516
0.00396163
0.000992194
0.0809787
0.00579683
0.00396163
0.000992194
0.0742667
0.00579683
0.00532453
0.000992194
0.0531762
0.00579683
0.00360419
0.00145371
0.000992194
0.0338738
0.00579683
0.00910421
0.00145371
0.0134791
0.00347986
0.00347986
0.00347986
0.00109901
0.0147873
0.0196725
0.0102925
0.0416581
0.0185036
0.0212786
0.00981517
0.0102925
0.0460513
0.0014545
0.0357956
0.0212786
0.0126651
0.0113686
0.0486572
0.0014545
0.0415645
0.00634294
0.0212786
0.0297679
0.0113686
0.0468785
0.0644201
0.0173664
0.0454146
0.0326599
0.0179747
0.0262817
0.0661702
0.0150413
0.0117309
0.0338393
0.0123541
0.00101969
0.0186689
0.0719372
0.00844231
0.00805863
0.0377099
0.0112644
0.000984721
0.000908796
0.0235916
0.00139904
0.0795604
0.00416197
0.0651448
0.0393005
0.0157655
0.0686721
0
0.00844517
0.0766134
0.0326816
0.00881396
0.000937592
0.0287743
0.00203005
0.0814905
0.031256
0.00109944
0.0321796
0.0025278
0.00203005
0.0832601
0.00109944
0.0369022
0.00227021
0.0025278
0.00625363
0.0959391
0.00109944
0.0424314
0.0229487
0.00625363
0.105741
0.00109944
0.0319277
0.0229487
0.00621254
0.113871
0.0284742
0.0229487
0.00195097
0.024264
0.0251266
0.0229487
0.00195097
0.0251266
0.00345035
0.00195097
0.0223915
0.0431279
0.00195097
0.00509519
