0.116651
0.116651
0.116651
0.116651
0.00967104
0.133525
0.0165852
0.0159379
0.019978
0.0323634
0.0186314
0.0165498
0.012261
0.00646061
0.0132888
0.0078175
0.00878268
0.333099
0.00821647
0.0200026
0.0605889
0.0304531
0.3995
0.00811877
0.00797646
0.233193
0.218824
0.0286426
0.0131337
0
0
0.0264437
0.0169864
0.529288
0.00821647
0
0.0193013
0.00911443
0.0616367
0.742304
0.00797646
0.252837
0.0964334
0.00956604
0.00996704
0
0
0.0218024
0
0.0132888
0
0.0183585
0.0348091
0.267416
0
0.0193013
0.0455853
0.145731
0.00797646
0.155988
0.0179853
0.0797372
0.00956604
0.00996704
0.0114508
0
0
0.014379
0.0256988
0.0354101
0.479638
0.00860399
0.0508139
0.0314327
0
0.0895503
0.129343
0.250092
0.0159898
0.00860399
0.0164336
0.00817228
0.0617319
0.00798672
0
0.0334223
0.00755347
0.00870078
0.038777
0.0328083
0.735451
0.00788219
0.0159898
0.00987187
0.0164336
0.0163279
0.089141
0.0792219
0.0179047
0.0160497
0.018059
0.02299
0.0571781
0.0152009
0.0164634
0.0071138
0.10821
0.0159104
0
0.975825
0.0159789
0
0
0.00987187
0.0164336
0.0172638
0.0593411
0.0792219
0.0351776
0
0.0361129
0.02299
0.010073
0.0450045
0.00755347
0.0245725
0.0214682
0.267655
0.00803582
0.00862701
0.91958
0.0159789
0.0073661
0.0137884
0
0
0.00987187
0
0.134604
0.0792219
0
0.0185471
0.018059
0.02299
0.0581123
0.0132733
0.00755347
0.00824452
0.0213675
0.318393
0.0164981
0.00906652
0.053187
0.657844
0.0241017
0.0137884
0
0.354408
0
0.00839359
0.0637072
0.0199606
0
0.0359842
0.010263
0.0382963
0.0109932
0.00824452
0.0503047
0.148528
0.173528
0.0186795
0.024906
0.215903
0.0218937
0.0241017
0.00664434
0
0.0175021
0.0164081
0.317189
0.00839359
0.0983647
0.0199606
0
0.0163837
0.010263
0.00947669
0.0225768
0.0144026
0.0166307
0.0291499
0.109736
0.174081
0.0187364
0.0162966
0.166689
0.0296072
0.0241017
0
0
0.035034
0.110972
0.0833962
0.0180915
0.016568
0.0298371
0.0656142
0.0137419
0.0166307
0.0071138
0.0535259
0.0184938
0.00906652
0.0170378
0.0484613
0.0077135
0.0241017
0
0
0
0
0.00838621
0
0.0241017
0
0
0
0
0.0414765
0.0414765
0.0414765
0.0414765
0.0414765
0.0414765
0.00939272
0.00852561
0.0172101
0.0132159
0.0505062
0.0679506
0.00668927
0.0117899
0.0398352
0.0247823
0.0102178
0.00851278
0.0795044
0.0189913
0.0344595
0.385006
0
0.0308399
0.0627054
0.00651549
0.0271545
0.0369902
0.0266334
0
0.0404875
0.26047
0.0161331
0.00804393
0.0137446
0.0679506
0.0279632
0.0247823
0.0102178
0.153142
0.0162164
0.0370537
0.0344595
0.987475
0
0
0.0117776
0.0138684
0.0179096
0.0304867
0.0160868
0.0406487
0.307671
0.0161331
0.00804393
0.00848612
0.0137446
0.00976902
0.0119234
0.0279632
0.0247823
0.111164
0.0999285
0.0179998
0.445999
0
0.0246974
0.0138684
0.0179096
0.0160868
0.0291078
0.43841
0.0161331
0.0372937
0
0.0769223
0.117843
0.213101
0.0361009
0.0117776
0.00651549
0.10887
0.012903
0.0508255
0.0319302
0.0334426
0.0525464
0.0187231
0.0117776
0.00682475
0.0353516
0.0179438
0.0165138
0
0.031738
0.0185607
0.0865938
0.0527335
0
0.0390862
0.0202953
0.0262314
0.00801519
0.222702
0.0159241
0.0147206
0.00939439
0.0321147
0.0080214
0.0395448
0.0540684
0.0172103
0.11486
0.00986608
0.0393291
0.0214419
0.0241001
0.0164494
0.00717023
0.0402902
0.0161065
0.462689
0.0182038
0.0147206
0
0.00939439
0.0321147
0.0474804
0.0363455
0.0349356
0.11486
0
0.0482718
0.0214419
0.0241001
0.0343733
0.0143654
0.054203
0.0161065
0.452954
0.0152626
0.053378
0.0321147
0.0397093
0.0488355
0.0177848
0.0172103
0.302952
0
0.113218
0.0214419
0.014261
0.0377984
0.0248482
0.100766
0.0385067
0.00801519
0.0105074
0.177907
0.0327981
0.0191302
0.0101391
0.0165015
0
0.0314636
0.0488355
0.0177848
0.0172103
0.796875
0.0188446
0.0571101
0.0214419
0.014261
0.0114536
0
0.00804513
0.0659215
0.0391734
0.00801519
0.0197784
0.0511932
0.0480545
0.0191302
0.00959695
0.0146342
0.0326667
0.0175825
0.800585
0.00857967
0.0290103
0.0214419
0.0144906
0.00647732
0.0168457
0.0589065
0.0269273
0.00801519
0.00927096
0.0511932
0.0480545
0.00724287
0.0171108
0.0175825
0.381093
0.0104554
0.0280993
0.0116112
0.0145898
0.00910506
0.00787662
0.0313463
0.00948781
0.0104554
0
0.00798287
0.00687135
0.00787662
0.0160899
0.00880612
0.00787662
