0.698864
0.00271328
0.0132895
0.00279301
0.00273584
0.0217105
0.00264232
0.0028808
0.00264232
0.00271359
0.00267688
0.00271359
0.00271359
0.00271359
0.00539425
0.0961407
0.00254688
0.00610916
0.00568857
0.00539425
0.00605016
0.0157954
0.00574533
0.0198527
0.0102074
0.0151157
0.239044
0.00276745
0.00283776
0.00377474
0.00910765
0.00272697
0.00264232
0.002744
0.0147965
0.110553
0.00606744
0.00550708
0.002744
0.00397782
0
0.00285713
0.0083994
0.230264
0.00266727
0.00547508
0.081632
0.00285713
0.00914336
0.0056263
0.00280282
0.0914992
0.0141159
0.00263859
0.00391858
0.00531397
0.00867461
0.00858408
0.0931144
0.524049
0.0117557
1.00537
0.00560291
0.0409734
0.0689334
0.00591745
0.00550095
0.0409692
0.990313
0.00276309
0.0168121
0.00688607
0.0819469
0.00281691
0.104125
0.00382203
0.00280282
0.00254514
0
0.01477
0.0214625
0.00311425
0.00285713
0.00960422
0
0.0152449
0.00587179
0.183329
0.00917952
0.00304898
0
0.00583074
0.00506766
0.006221
0.0150287
0.415525
0.0381123
0.992136
0.00272697
0.038947
0.0116297
0.00260979
0.00353946
0.00540497
0.0028669
0.00272957
1.00213
0.0255527
0.020532
0.00267952
0
0.00296379
0
0.00303873
0.0162962
0.00347905
0.00260596
0.00272697
0.00278646
0.0114312
0.00254082
0.00527969
0.00295184
0.933683
0
0.00320202
0.0268544
0
0.0241378
0.00277769
0
0.515846
0.002744
0.0026715
0.158669
0.0267856
0.0677919
0
0.00914336
0.00274301
0.00389609
0.00569322
0.0205726
0
0.00289185
0.00267074
0.0103616
0.00714922
0.0375712
0.00640976
0.0420982
0.00277527
0.0192647
0.162527
0.77497
0.00550286
0.00546133
0.00275314
0.00298672
0.211185
0.00274753
0.00642137
0.00560263
0
0.00274753
0.00274753
0
0.0223036
0.11763
0.00602179
0
0.00297599
0.0253156
0.00272286
0.00291139
0.00841413
0.0207622
0.132957
0.701022
0.968665
0.995323
0.00436005
0.00261603
0.00267937
0.0315841
0.00277009
0.00256162
0.0030742
0
0.00258265
0.0059486
0.00365945
0.00797735
0.00420407
0.0110216
0.00244281
0.0141068
0.0196672
0.00272286
0.00548072
0.0195675
0
0.00299394
0.00515214
0.00272286
0.00263751
0.00270137
0.0200811
0.194425
0.0129482
0.208016
0.973349
1
1
0
0
0.00380336
0.0272154
0.00545571
0.00270818
0.00274753
0.00278721
0.469019
0
0.00256162
0
0.00263635
0.0111008
0.00256162
0.00257995
0.0216562
0
0.00275314
0.00309992
0.0086625
0.00275314
0.0811825
0.00285783
0.00253768
0.00275314
0
0
0.122553
0
1
0.968839
1.02827
0.241237
0.0117246
0
0.0030952
0.00274753
0
0.00296021
0
0.0260847
0.00300875
0.00762744
0.00799722
0
0.00284678
0
0.00262128
0.00257206
0.00278608
0.00810162
0
0.0146401
0
0.00359106
0.0027401
0
0.0113733
0.113933
0.0204531
0.00449315
0.00269589
0
0
0.00308225
0
0
0.00296021
0
0.00377322
0
0.00296021
0.00656725
0.0176571
0
0.0116809
0.0318373
0.00294285
0.00278907
0.0411673
0.00264213
0.00272708
0.00545571
0.0487755
0.00544572
0.00654007
0.00266686
0.00272708
0.0165316
0.00386542
0.0704796
0.209706
0.00261208
0
0.00253697
0.00273891
0.0028891
0.00749326
0.938286
0
0.0028761
0.0252863
0.0206561
0.00275072
0.0208064
0.00915843
0.00274323
0.00809716
0
0.00835158
0.00263571
0.00536764
0.0076494
0.00318027
0.00288174
0.0302198
0.0443806
0
0.00254966
0
0.00296431
0
0.00679788
1.00828
0
0.0028875
0
0.00756123
0.00888062
0
0
0
0.00276011
0.0716286
0
0.00294285
0.00279116
0
0.0408467
0.0271592
0
0.00551785
0
0.00626536
0.002724
0
0
0
0
0.00843446
0.0412397
0.00497099
0.0085465
0.0429543
0
0
0.00265771
0.00261372
0
0.0156686
0.0414847
0
0.0379455
0.00282505
0
0.0079741
0.00543983
0
0.00272708
0.00252149
0.00792807
0.00723053
0.00591509
0.00809716
0.686616
0.0109847
0.0328623
0.0470771
0.0109847
0
0.0162994
0.0141208
0.00589169
0.0126122
0.0244962
0.00628158
0.00308578
0.00258007
0
0.0104127
0.0396379
0.00607407
0
0.00768982
0.00277513
0
0.0353431
0.0170044
0.00266773
0.0136331
0
0.0264249
0.00342904
0
0
0
0.00262441
0.00536764
0.00275023
0.00262441
0.00375391
0.00437402
0.0216123
0
0
0.0458117
0
0
0
0
0.20908
0.00434946
0.00283319
0.0029596
0.00821027
0.00287218
0.00275724
0.0068855
0.008817
0.00275724
0.0467329
0.00293569
0
0.00312018
0
0
0.00293724
0.00793302
0.00286074
0.0170642
0.00574124
0.00970572
0.0170642
0.0424221
0.00289718
0.00563889
0.0868018
0.00294666
0.00936272
0.0395583
0.00563889
0.00307063
0.362161
0.028656
0
0.00264387
0.0271817
0.00257378
0
0.00289313
0.037149
0.00560471
0.0179058
0.0656994
0.110562
0.0314127
0.00285718
0.00542275
1.01384
0.00257123
0.00257123
0.00252962
0.00260587
0.00552215
0.00304638
0.00297857
0.00292576
0.0120197
0.00310073
0.0026787
0.00289718
0.0120645
0.00413883
0.994036
0
0.00297902
0
0.00813364
0.0192611
0.00250814
0.0029602
0.00599605
0.0201579
0.0108063
0.00289313
0.0057498
0.138855
0.00266142
0.00599978
0.00979849
0
0.00388283
0.00583574
0.0196749
0.507142
0.00744425
0
0.00261293
0.985603
0.0149393
0.0214113
0.0028106
0.00292569
0.00293121
0.00289313
0.0124501
0.0029163
0.00280816
0.0465487
0.0158102
0.0795005
0.00281647
0.00414797
1
0
0
0.00291023
0.0447593
0.00359989
0.0143065
0
0.0960929
1
0.00575549
0.00497023
0.0120453
0.0114899
0.00270346
0.00298281
0.0029742
0.0163138
0.164301
0.00300107
0.0699129
0.169984
0.00453609
0.856947
0
0
0.00297391
0.00722651
0
0
0.00843613
0.0106732
0.00670248
0.00771379
0.0758101
0.00518417
0
0.0120936
0.00642819
0.00305643
0.0162773
0.538652
0.196369
0.00880587
0.0240136
1
0.0166796
0
0.00696209
0.0783801
0.601852
0.610847
0.00782715
0.00415003
0.00849368
0.00687832
0.037336
0.0184114
0.00275568
0.0027397
0.0340697
0.424728
0.671374
0.1266
1
0.0027526
0
0.00778743
0.0201799
0.0027526
0
0.00292066
0.14223
0.00558845
0.011699
0.0168399
0.0115137
0.0139234
0.0158506
0.00597098
0.0311432
0.00282376
0.0297253
0.0126734
0.94506
0.002583
0.699403
0.998746
0.00568848
0.00309634
0.00298083
0.00298167
0.0125689
0
0.00298083
0.00270113
0.00279694
0
0.00270926
0
0.00762802
0.00273015
0.00560918
0.0163322
0.00272402
0.0142049
0.0110484
0.00332691
0.316515
0.0112648
0.00276805
0.00546533
0.00776198
0.00275593
0.0614812
0.00508585
0.0135221
0.0189849
0.0128693
0
0.00528292
0.00514774
0.00268578
0.0112575
0.0958519
0.0103881
1
0.00260754
0.967593
0.991599
0.630152
0.00274743
0.0156082
0
0.00272995
0.00262835
0
0.00431044
0.00286268
0.00272337
0.0170919
0.00560918
0.00268415
0.00826202
0.0076396
0.00560918
0.990899
0.00270926
0.00270926
0.00270926
0
0.00291995
0.0027526
0.0275119
0.0027526
0.0035363
0
0.00260754
0
0.00298083
0.0265645
0.00302744
0.00560452
0.028714
0.00243716
0.00399563
0.00984028
0.0195113
0.195306
0.00556163
0.0024562
0.00295221
0.00246087
0.014761
0.00284107
0.00541874
0.00246017
0.030362
0.00237507
0
0.0223531
0.00317942
0
0.0115791
0.00357596
0.00280566
0.0162555
0.00525841
0.0537747
0.00280866
0.00279107
0.00832731
0.00438058
0.00269966
0.0880733
0.00376384
0.00246017
0.00288839
0.00251807
0.00275408
0.00570856
0
0.00260754
0.00246017
0.0552906
0.0027526
0.00263753
0.00392408
0.00251807
0
0.920727
0.00289584
0.00496784
0
0.00827149
0
0.00421054
0.00261365
0
0
0.00595753
0.00257465
0
0.00275408
0.00496805
0
0.00842168
0.00263753
0.00693464
0.00528579
0.999482
0.00820058
0.0193941
0.0108448
0.00264951
0
0.00335478
0.0608643
0.00275408
0.00759988
0.0404105
0.00294557
0.00988007
0.00508221
0.00275408
0.0104277
0.0518387
0.00817465
0.00249921
0.00830545
0.00291298
0.00260754
0.57738
0.011021
0.00275408
0.0137704
0.00581622
0.00249819
0.00407842
0.00249819
0.00525705
0.00525705
0.00264951
0.0787767
0.00247677
0.0026761
0.00263469
0.0263469
0.00249819
0.00275698
0.00253185
0.142982
0.002543
0.00279297
0.00261089
0.002543
0.00374729
0.00301641
