0.00799928
0
0.00799928
0
0.00799928
0
0.007272
0.007272
0
0.00631471
0
0.00631471
0.190935
0.499428
0.588233
0.499046
0.178704
0.0157215
0.019286
0.0112439
0.230174
0.00862424
0.00334987
0.0321533
0.0114969
0.0452735
0.0123189
0.0546923
0.248664
0.0793458
0.0116825
0.00620346
0.0164318
0.0296043
0.0518522
0.0123077
0.21096
0.108896
0.00620346
0.0164318
0.0115154
0.0593238
0.11791
0.0123077
0.137794
0.1276
0.00620346
0.0164318
0.0115154
0.0296043
0.151155
0.0123077
0.117821
0.222263
0.0124169
0.0164318
0.0602993
0.128008
0.0249787
0.0521506
0.171542
0.0164318
0.0458084
0.117381
0.0249787
0.00635061
0.200121
0.0312316
0.012671
0.0611427
0.180427
0.117837
0.141877
0.0560595
0.117933
0.132243
0.0334982
0.155308
0.111018
0.0580117
0.155308
0.111018
0.0468851
0.167652
0.100051
0.0223716
0.2089
0.0603799
0.0265901
0.0223716
0.2089
0.0209409
0.0264349
0.0223716
0.259731
0.0108336
0.154393
0.0129099
0.0121005
0.0248635
0
0.0141609
0.00968687
0.014414
0.0292777
0
0.0134873
0.0497491
0.0124619
0.522744
0.00722772
0.0404137
0
0.0141609
0.00968687
0.014414
0.0143831
0
0.0134873
0.223546
0.0247085
1
0.00722772
0.0404137
0.0141609
0.00943391
0
0.014414
0.122989
0.0124619
0.872858
0.00722772
0.00943391
0.016561
0.014414
0.07393
0.0124619
0.242207
0.00722772
0.00975893
0
0.0276589
0.036895
0.065555
0
0.0140306
0.036895
