0.719325
0.00328562
0.00285874
0.055866
0
0
0.00284467
0
0
0.008733
0
0.0133733
0.0352828
0.887315
0
0
0
0.00382934
0
0.00867292
0.0114405
0.0190983
0.3706
1.06797
0
0
0.00324092
0.0027211
0.00273859
0.0027713
0.00353303
0.00276502
0.00282379
0.0067583
0.040791
0.84316
0
0
0.0133175
0.0133733
0.00550914
0.00292476
0.0411722
0.123703
0.984524
0.00543073
0
0.00569027
0.00560825
0.00339242
0.0253773
0.00869285
0.0135433
0.00265049
0.00257912
0.0553666
0.00265049
0.024694
0.738722
0.140905
0.00414743
0.00380659
0.00571015
0.0028183
0
0.0684478
0.0025089
0.00260609
0.00267471
0.0375211
0.544567
0.69993
0.0740526
0.00269645
0.00255787
0.0024694
0.00271839
0.00520491
0.00267427
0
0.00505436
0.0126296
0.0104437
0.0229284
0.945585
1
0.00265936
0.0290102
0.00259109
0.0215934
0.00249854
0.00267036
0.0338686
0.00517156
0.0024694
0.00534417
0.00259112
0.0426675
0.00247009
0.00261001
0.221817
0.01063
0
0.00261372
0.00240325
0.00264141
0.0616303
1.05516
0.0024694
0.00254938
0.00840374
1
0.0149601
0.00246102
0.00252738
0.00801904
0.0215317
0.927402
0.0137643
0.00813016
1
0.99846
0.00246102
0
0.0106189
0.00760418
0
0.0340995
0.0046348
0.00259098
0.0106343
0.0342399
0.90185
0.146222
0.00337063
0.0458533
0.0142872
0.00817192
0.0362829
1
0.00543527
0.0742369
0.0113235
0.00256972
0.0247958
0.00285745
0.00509382
0.00260947
0.01047
0.0132661
0.00267647
0.00632402
0.0446335
0.466555
0.251721
0.00265167
0
0.0136968
0.0134104
0.00265242
0.00478072
0
0.00272132
0.00254938
0.00264674
0.0139719
0.0813736
0.0355909
0.0188057
0.0517857
0.987697
0.0106036
0.00559547
0.00522361
0.00332528
0.00268412
0.00841377
0.00281253
0.0322339
0.00559547
0.00524818
0.00251124
0.00838196
0
0.00452461
0.00256597
0.0078617
0.00765498
0.0192012
0.00256597
0.00257834
0.0153958
0.814048
1
0.285423
0.00285745
0.00281518
0.00428617
0.00519634
0.00636053
0.00536504
0.0173486
0.0214568
0.00799627
0.0858071
1
0.00254553
0.0343624
0.00584073
0
0.0106053
0.00287223
0.0128415
0.0128415
1.96469e-05
0.0304287
0.0105755
0.00260353
0.0112877
1.00014
1
0.0354086
0.00780755
0.00295782
0.00548372
0.00789184
0.0025834
0.0133384
0.00258328
0.00254472
0.0037271
0.0110058
0.00286106
0.0135813
0.0205536
0.00555828
0.01335
0.0332652
0.00256597
0.00286088
0.0220987
0.0081939
0
0.00292295
0.00466875
0.00282168
0.0111392
0.0874663
0.0698742
0.0267044
0.0109048
0.0536154
0.0797502
0.0276123
0.01572
0.00523895
0.00595861
0.00276397
0.0396054
0.00276397
0.00256557
0.00403728
0.00260219
0.00329301
0.00520434
0
0.00262328
0.00274694
0.00295369
0.00262202
0.00276319
0
0.0120072
0.00273292
0.0025834
0.00504484
0.00304498
0
0.0283299
0
0
0
0
0
0
0.00464514
0.0106858
0.00295896
0.00256404
0.167072
0
0.00255296
0.00259179
0.00277382
0.00294478
0.00842966
0.0606015
0.00755655
0.00292517
0.0563106
0.00262795
0.00781485
0.00279015
0.00246762
0.00289404
0.00570394
0.0108079
0.113553
0.00261492
0.00276475
0.0025215
0.0025215
0.00377955
0.0165411
0.00246458
0.00250024
0.0371783
0.00282046
0.0219983
0.00259303
0.014574
0.00559547
0.00932579
0.00685664
0.00256597
0.0318633
0.0260495
0.0280125
0.00271747
0.00276736
0.0117053
0.00263808
0.00285766
0.00287492
0.00560793
0.00539407
0.0113834
0.00240961
0.00272761
0.00389057
0.00818283
0.0106477
0.0026001
0.036918
0.0222603
0.00247857
0.00409141
0.00546572
0.0159016
0.00246762
0.0107942
0
0
0.0075198
0.00307284
0.00827226
0.00256801
0.0153167
0.02985
0.00551344
0.0120042
0.0305384
0.023244
0.00548794
0.00259723
1
0.00759433
0.00270737
0.00256629
0.00270737
0.00542894
0.00534788
0.00510299
0.00265167
0
0.00510299
0.0025834
0.00242061
0.0114079
0.00257093
0.00287976
0.00245682
0
0.00255823
0.00594179
0.00784456
0.00544142
0
0.002978
0.00503563
0.0171494
0.00531688
0.00263819
0.00246762
0
0
0.00532006
0.00534884
0.00510299
0.002647
0.00729578
0.0527416
1
0.00256585
0.356436
0.00268205
0.00280167
0.00283815
0.00270161
0
0.00551938
0
0.00268208
0.00256557
0.00256557
0.00265167
0.00542486
0.00269343
0.00248072
0.00281264
0.0111468
0.00534069
0.0296633
0.00742532
0.00265883
0.00259409
0
0.00867542
0.0025054
0.0306756
0.00251134
0.00254689
0.00265883
0
0.0151376
0.00256785
0.0103217
0.00939525
0.00289792
0.00766746
0.0108509
0.00262642
0.0137331
0.0139194
0.00253371
0.0102333
0.0056634
0.812395
0.00280051
0.0142959
0.0154593
0.49262
0.00378098
0.00758301
0.0107202
0.00261632
0.00249024
0.00274467
0.0057503
0.0024429
0.00548692
0.0093441
0
0.00521409
0.00779271
0.00277882
0.0037893
0.0112093
0.00276777
0.00277882
0.00350183
0
0.0202287
0.00262384
0
0.00947876
0.0024232
0
0.00261492
0
0.00840844
0.00282668
0.00815321
0.00505911
0.580188
0.00854548
0.00376905
0.0176967
0.00723182
0.0122903
0.0731459
0.00743893
0.00700367
0.00239183
0.00556697
0.00267082
0.00280336
0.00405853
0
0.0455854
1
0.00279022
0.0457029
0.78944
0.216202
0.0026239
0.00269971
0.0141688
0.00266519
0.0108814
0.00255746
0.039775
0.00287063
0.00279043
0.00980815
0.00826162
0.00531215
0.0101905
0.00566612
0.00253144
0.0391788
0.00547118
0.0428741
0.00253144
0.0065817
1.00612
1
0.00254981
0.0434332
1
0.680342
0.0666786
0
0.00906339
0
0.00268731
0.0137007
0.158125
0.00283513
0.00503484
0.00268731
0.00280738
0.00253687
0.00277882
0.00407067
0.00414317
0.00504227
0.0324923
0.0134621
0.00504227
0.00785276
0.0168076
0.975976
0.171806
0.983592
0.0396866
0.957346
0.0162465
0.00249024
0.00298829
0.00279067
0.00269343
0.00280407
0.0100274
0.00553687
0.00367286
0.00269289
0.00278383
0
0.00250914
0.0133761
0.00823498
0
0.00265883
0.00442833
0.00323212
0.0151123
0.00261492
0.00276805
0.0156691
0.00529702
0.00261492
0.98268
0.0480264
0.00551693
0.00269856
0.0328482
0.00282217
0.00274621
0.00247857
0.00247857
0.00257461
0.00240259
0.00543925
0.00250966
0.00252767
0.00489521
0.0100639
0.0136368
0.00557483
0.00252767
0.00252065
0.00733652
0.00544785
0.0172883
0.00270934
0.00536921
0.0405881
0.023971
0.00770344
0.013423
1.0069
0.0441565
0.00784477
0.00372336
1.42715
0.185813
1
0.79924
1
1.00722
0.961295
1.00025
0.17402
0.0636517
0.118485
0.972104
0.824686
1
1
0.193757
0.0286395
0.853023
0.101817
1.02908
0.0461583
0.642822
0.107162
0.318117
