0
0
0
0
0
0
0
0
0
0
0
0
0
0
0
0
0
0
0
0
0
0
0
0
0
0
0
0
0
0
0
0
0
0
0
0
0
0
0
0
0
0
0
0
0
0
0
0
0
0
0
0
0
0
0
0
0
0
0
0
0
0
0
0
0
0
0
0
0
0
0
0
0
0
0
0
0
0
0
0
0
0
0
0
0
0
0
0
0
0
0
0
0
0
0
0
0
0
0
0
0
0
0
0
0
0
0
0
0
0
0
0
0
0
0
0
0
0
0
0
0
0
0
0
0
0
0
0
0
0
0
0
0
0
0
0
0
0
0
0
0
0
0
0
0
0
0
0
0
0
0
0
0
0
0
0
0
0
0
0
0
0
0
0
0
0
0
0
0
0
0
0
0
0
0
0
0
0
0
0
0
0
0
0
0
0
0
0
0
0
0
0
0
0
0
0
0
0
0
0
0
0
0
0
0
0
0
0
0
0
0
0
0
0
0
0
0
0
0
0
0
0
0
0
0
0
0
0
0
0
0
0
0
0
0
0
0
0
0
0
0
0
0
0
0
0
0
0
0
0
0
0
0
0
0
0
0
0
0
0
0
0
0
0
0
0
0
0
0
0
0
0
0
0
0
0
0
0
0
0
0
0
0
0
0
0
0
0
0
0
0
0
0
0
0
0
0
0
0
0
0
0
0
0
0
0
0
0
0
0
0
0
0
0
0
0
0
0
0
0
0
0
0
0
0
0
0
0
0
0
0
0
0
0
0
0
0
0
0
0
0
0
0
0
0
0
0
0
0
0
0
0
0
0
0
0
0
0
0
0
0
0
0
0
0
0
0
0
0
0
0
0
0
0
0
0
0
0
0
0
0
0
0
0
0
0
0
0
0
0
0
0
0
0
0
0
0
0
0
0
0
0
0
0
0
0
0.248512
0
0
0
0
0
0
0
0
0
0
0
0
0
0
0
0
0
0
0
0
0
0
0
0
0
0
0
0
0
0
0
0
0
0
0
0
0
0
0
0
0
0
0
0
0
0
0
0
0
0
0
0
0
0
0
0
0
0
0
0
0
0
0
0
0
0
0
0
0
0
0
0
0
0
0
0
0
0
0
0
0
0
0
0
0
0
0
0
0
0
0
0
0
0
0
0
0
0
0
0
0
0
0
0
0
0
0
0
0
0
0
0
0
0
0
0
0
0
0
0
0
0
0
0
0
0
0
0
0
0
0
0
0
0
0
0
0
0
0
0
0
0
0
0
0
0
0
0
0
0
0
0
0
0
0
0
0
0
0
0
0
0
0
0
0
0
0
0
0
0
0
0
0
0
0
0
0
0
0
0
0
0
0
0
0
0
0
0
0
0
0
0
0
0
0
0
0
0
0
0
0
0
0
0
0
0
0
0
0
0
0
0
0
0
0
0
0
0
0
0
0
0
0
0
0
0
0
0
0
0
0
0
0
0
0
0
0
0
0
0
0
0
0
0
0
0
0
0
0
0
0
0
0
0
0
0
0
0
0
0
0
0
0
0
0
0
0
0
0
0
0
0
0
0
0
0
0
0
0
0
0
0
0
0
0
0
0
0
0
0
0
0
0
0
0
0
0
0
0
0
0
0
0
0
0
0
0
0
0
0
0
0
0
0
0
0
0
0
0
0
0
0
0.00261312
0.00270269
0
0
0
0
0
0
0
0
0
0
0
0
0
0
0
0
0
0
0
0
0
0
0
0
0.0135639
0
0
0
0
0
0
0
0
0
0
0.00278867
0
0
0
0
0
0
0
0
0
0
0
0.00369926
0
0
0
0
0
0
0
0.005511
0.00538756
0
0.0786986
0
0
0.899711
0
0
0
0
0
0
0
0
0
0
0
0
0
0
0
0
0
0
0
0
0
0
0
0
0
0
0
0
0
0
0.00292857
0
0
0
0.00292857
0.00292857
0
0
0
0
0
0
0
0
0.00292857
0
0
0.00292857
0
0
0
0
0.00303164
0
0
0
0
0
0
0
0
0
0
0
0.0173402
0
0
0
0
0
0
0
0
0
0
0
0
0
0
0
0
0
0
0
0
0
0.00691736
0.0132311
0
0
0
0
0
0
0
0
0
0
0.00271486
0
0
0
0
0
0
0
0
0
0
0.00307182
0
0
0
0
0
0
0
0
0
0
0
0
0
0.00601769
0.010892
0.00576654
0.0115415
0
0
0.988086
0
0
0
0
0
0
0
0
0
0
0
0
0
0
0
0
0
0
0
0
0.00288875
0
0
0
0
0
0
0
0
0
0
0
0
0
0
0
0
0
0
0
0
0
0
0
0
0
0
0
0
0
0
0
0
0
0
0
0
0
0
0
0
0
0
0
0.00263735
0
0
0
0
0
0
0
0
0
0
0
0
0
0
0
0
0
0
0
0.00399458
0
0
0
0
0
0
0
0
0
0
0
0
0
0
0
0
0
0
0
0
0
0.00290563
0
0.00297345
0
0
0
0
0
0
0
0.0124404
0
0
0.00583851
0.0168845
0.00584843
0.254828
0
0
1
0.646079
0
0
0
0
0
0
0
0
0
0
0
0
0
0
0
0
0
0
0
0
0
0
0
0
0
0
0
0
0
0
0
0
0
0
0
0
0
0
0
0
0
0
0
0
0
0
0
0.00290563
0
0
0
0
0
0
0.0100325
0
0.00883301
0.00275603
0
0
0
0
0
0
0
0.00610664
0
0
0
0.00256858
0
0
0
0
0
0
0
0
0.0179963
0
0
0
0
0
0
0
0
0
0
0.00280434
0.00885484
0
0
0
0
0
0
0
0
0
0
0
0
0
0
0
0
0
0
0
0
0
0.00853372
0
0
0
0.00289542
0
0
0
0
0
0
0
0
0
0.00832201
0.0229118
0.0169588
0.115676
0
0
1
0.804067
0
0
0
0
0
0
0
0
0
0
0
0
0
0
0
0
0
0
0
0
0
0
0
0.00717971
0
0
0
0
0
0
0
0
0
0
0
0
0
0
0
0
0
0
0
0
0
0
0
0
0
0
0
0
0
0
0
0
0
0
0
0
0
0
0
0
0
0
0
0
0.00563281
0.00267533
0.00543398
0
0
0
0
0
0
0
0.00555343
0
0.00870753
0
0
0
0
0
0
0
0
0.00271188
0.0084931
0
0
0
0
0
0
0
0
0
0
0
0
0
0
0
0
0
0
0
0
0
0.0105574
0.00324936
0
0.00272577
0.00302323
0.00364493
0
0
0
0
0
0
0
0
0.0135959
0.0164267
0.225694
0.0309028
0
0
1
0.986632
1.01784
0
0
0
0
0
0.00290563
0.00279593
0
0
0
0
0
0
0
0
0
0
0
0.00270226
0
0
0.00289997
0
0.00713918
0
0
0
0
0
0.00576562
0
0.00258258
0.00262464
0
0.00300635
0
0
0
0
0
0
0
0
0.0026921
0
0
0.0389205
0
0
0
0
0
0
0
0
0
0
0
0
0
0.00261312
0
0
0
0
0
0
0
0
0
0.00298573
0.00916079
0
0.0029844
0
0
0
0
0
0
0
0.00293657
0
0.00403394
0
0
0
0
0
0.00262416
0
0
0.00538025
0
0.0311346
0.00552788
0
0
0
0
0
0
0
0
0
0.00258258
0
0
0
0
0
0
0
0
0.00840211
0.00800325
0.00481447
0
0.0029644
0
0
0
0
0
0
0
0
0
0
0
0.0173682
0.0414794
0.108387
0.331059
0
0
0.627646
0
0.994888
0.979
0
0
0
0
0
0
0
0
0
0
0
0
0
0
0
0
0
0
0
0
0
0
0
0
0
0
0
0
0
0
0
0
0
0
0.0026543
0
0
0.00270226
0
0
0
0
0
0
0
0
0
0
0.00270226
0
0
0
0
0
0
0
0
0
0
0
0
0
0
0
0
0
0
0
0.00304711
0
0.00272661
0.0055387
0.0027113
0
0
0
0
0
0
0.00825177
0.00255047
0.00307411
0
0
0
0
0
0
0
0
0.00555955
0.00304657
0.0314297
0
0
0
0
0
0
0
0
0
0.00285178
0
0
0
0
0
0
0
0
0
0
0.0026582
0.0132214
0.0043034
0.00735699
0.00550825
0
0
0.039431
0
0
0
0
0
0
0
0.00790155
0.0200302
0.00666873
0.0187538
0
0
0.23693
0
1.02831
1.05268
0
0
0
0
0
0
0
0
0
0
0.0137653
0
0.00536185
0.0601144
0
0
0
0
0
0
0
0
0.0029539
0
0.0260082
0
0
0.00287033
0
0
0
0
0
0
0.002819
0
0
0
0
0
0
0
0
0
0
0
0
0
0
0
0
0
0
0
0
0.0129974
0
0.0029043
0
0.00272378
0
0.00272661
0
0
0
0
0
0.0113143
0
0
0
0.0517094
0
0.00477981
0.00893185
0
0
0
0
0
0
0
0.00552163
0.0133616
0.00928569
0
0
0
0
0
0
0
0
0
0.00286186
0.00884821
0.0316451
0.0204543
0
0
0
0
0
0
0
0.00288286
0.00548076
0.00371115
0.0109821
0
0
0
0.00294399
0
0
0
0
0
0.0108372
0.0138443
0
0.0410169
0.00578172
0.00527919
0
0.102577
0
0
0
0
0.00262494
0
0.00779846
0
0
0.00811121
0.0490776
0.0805287
0.907062
0.188024
0
0
0
0
0
0
0
0
0
0
0
0
0
0.0135097
0
0.00547672
0
0
0
0
0
0
0
0
0
0
0.014347
0
0.00286332
0
0
0
0
0
0
0
0
0
0
0
0
0
0
0
0
0.00279411
0
0
0
0
0
0
0
0
0
0
0
0
0
0
0.0130897
0
0
0
0
0
0
0.00328901
0
0
0
0.063127
0
0.00266449
0
0
0
0
0
0
0
0.002792
0
0.0147581
0
0
0
0
0
0
0.00544302
0
0.00525138
0.00322279
0
0.0057583
0
0
0
0.00258495
0
0
0
0.00305296
0
0
0.00525892
0
0
0
0
0
0.00258795
0
0.00542789
0
0
0.0109887
0.00591718
0
0.11131
0
0
0
0
0
0
0
0
0
0.00269105
0
1.00544
0.1323
0.45376
0
0
0
0
0
0
0
0
0
0
0
0
0.0302734
0
0
0.00301066
0.00542615
0
0
0
0
0
0
0
0
0.0187748
0
0.077846
0
0
0
0
0
0
0
0
0
0
0.00278204
0
0
0
0
0
0
0
0
0
0
0
0
0
0
0
0
0
0
0
0
0
0.97362
0
0
0.00288654
0
0
0
0.00272661
0
0
0
0
0
0
0.0696532
0
0.0055497
0
0
0
0.00272661
0
0
0
0
0.00276526
0
0
0.00300117
0
0
0
0
0
0
0
0.00808948
0
0
0.00599638
0
0
0
0
0
0
0
0
0
0
0
0
0
0
0
0
0.0029134
0
0.0135395
0
0
0.0281239
0.018999
0
0
0.0144502
0
0
0
0
0
0
0
0
0
0
0.0127243
0.0542288
0
1.01052
0
0
0
0
0
0
0
0
0
0.00247973
0
0
0.00247903
0
0
0
0
0
0
0
0.00750464
0.00247833
0
0
0
0.00247903
0
0
0.0117046
0
0.00775727
0.00247903
0
0
0
0
0
0
0
0
0
0
0
0
0
0
0
0
0
0
0
0
0
0
0
0
0
0
0
0
0
0.0317219
0.00769246
0.00775583
0
0.186486
0
0
0
0
0
0
0
0
0
0
0.00341324
0
0
0.00513038
0.0106598
0
0.00248961
0
0
0
0
0
0.0102248
0
0
0
0.0106244
0
0
0
0
0
0
0
0
0.00814403
0.00323352
0.042189
0.00518087
0.00250085
0
0
0
0
0
0
0.00589069
0
0
0
0
0
0
0
0
0
0
0.00820253
0
0
0.0222501
0
0
0
0.0208716
0
0
0
0
0
0
0
0
0
0
0
0
0
1.08412
0
0
0.948657
0
0
0
0
0
0
0.00499998
0
0
0.00500139
0
0
0
0
0.0102066
0
0
0
0
0
0.00516615
0.0050028
0
0
0.00500139
0
0.00259378
0.0187552
0
0
0
0
0
0
0
0
0
0
0
0
0
0
0
0
0
0
0
0
0.00597167
0
0
0
0
0
0
0
0.0069333
0.028279
0.00294206
0.00305819
0
0.0965553
0
0
0
0
0.00272151
0
0
0
0
0
0
0
0
0
0.00649047
0
0
0
0
0
0
0
0
0.015949
0
0
0.00500139
0
0
0
0
0
0
0.013411
0
0
0
0
0.0233846
0
0
0
0
0
0
0
0
0.00296962
0
0
0.00500139
0
0
0
0.0220236
0
0
0
0.00524202
0.00302668
0
0
0
0.00467306
0
0
0.00284945
0
0
0.00252414
0
0
0
0.0375105
0
0
1.08631
0
0
0
0
0
0
0
0
0
0
0.00921746
0
0
0
0
0
0
0
0
0
0
0
0.00309234
0
0
0
0
0
0
0
0
0
0
0
0.0202357
0
0
0
0
0
0
0
0
0
0
0
0
0
0
0
0.00801704
0.0365486
0.020659
0.0145928
0
0.0670944
0
0.00272151
0
0
0
0
0
0
0.0036894
0
0
0
0.0174067
0
0
0.00272151
0
0
0
0
0
0.0058105
0
0
0
0
0
0
0
0
0
0
0.0026914
0.0035427
0.0336035
0
0
0
0
0
0
0
0
0
0
0.00280812
0
0
0
0
0
0.00270226
0.0112263
0
0
0
0
0
0
0
0
0
0
0
0
0
0.00352469
0
0
0
0
0.787284
0
0
0
0
0
0
0
0
0
0
0
0
0
0
0
0
0
0
0
0
0.00270417
0
0
0
0
0
0
0.00280041
0
0
0
0
0
0
0
0
0
0
0
0
0.00744054
0
0
0
0
0
0
0
0
0.029567
0.0479776
0.0146998
0.0325262
0
0.148874
1.05003
1
0
0
0
0
0
0
0
0.0028216
0
0
0
0
0.0106432
0.00295225
0
0
0
0
0
0
0
0
0
0.00427445
0
0
0
0
0
0.00316666
0
0
0
0
0.00553996
0
0.0194321
0.00306604
0
0
0.00295162
0
0
0
0
0
0
0
0.00302381
0
0
0
0
0
0
0
0
0
0
0
0
0
0
0
0
0
0
0
0
0.00460011
0
0
0.0076537
0
0.76975
0
0
0
0
0
0
0
0
0
0
0.009
0
0
0
0
0
0
0
0
0
0
0
0
0
0
0
0
0
0
0
0.00289007
0
0
0
0
0
0
0
0
0
0
0
0
0
0
0
0
0
0
0
0
0.0244271
0
0.0111473
0
0
0
0.993029
1.00529
1.04334
0
0
0.00295225
0
0
0
0
0
0.0084378
0
0.00582076
0
0.0251353
0
0
0
0
0
0
0
0
0
0
0.00399066
0
0
0
0
0
0
0
0
0.00589038
0.00862859
0
0.00826901
0
0
0
0
0
0
0
0
0.00298762
0.00596728
0.00824654
0
0
0
0
0
0
0
0.00295162
0.014964
0
0
0
0
0
0
0
0
0
0.00295162
0
0
0
0
0
0.00626329
0
0.994719
1.01544
0
0
0
0
0
0
0
0
0
0
0
0
0
0
0
0
0
0
0
0
0
0
0
0
0
0
0
0
0
0
0
0
0
0
0
0
0
0
0
0
0
0
0
0
0
0
0
0
0
0
0
0
0
0.110112
0.162284
0.0243215
0.0308466
0
0
0
0.992632
1.02069
0
0.00794456
0.00280978
0
0
0.00548668
0
0.00546871
0.0437383
0.0816154
0.00540485
0.00853443
0.107017
0.0054424
0
0.00548668
0
0
0.00280028
0.00548668
0
0
0
0.0045089
0
0
0
0
0
0
0
0
0
0.0228837
0
0.0369682
0.00284171
0
0
0
0
0
0
0.00576505
0.0111184
0.00753946
0.00880008
0
0
0
0
0
0
0
0.0561543
0
0.0151114
0.00587358
0
0
0
0
0
0
0
0
0
0
0
0.00287413
0
0
0
1.01811
1.12077
0
0
0
0
0
0
0
0
0.00265452
0.0029643
0
0
0
0
0
0
0
0
0
0.00267058
0
0
0
0.0029674
0.00772416
0
0
0
0
0.0314235
0.00263386
0
0
0
0
0.00258387
0
0.00267058
0
0.00254154
0
0.00572267
0.00270758
0
0
0
0.0109277
0.00278613
0
0.00258387
0.00267058
0
0
0.0396911
0.118097
0.0110296
0.00838278
0
0
0
1
0
0.039805
0.0026769
0
0
0
0
0.00258479
0.0105896
0
0.00826841
0
0.00851493
0.0142217
0.00786673
0
0
0
0.00241623
0
0
0.08168
0.00267121
0
0
0
0
0
0
0.00258387
0.0136953
0
0
0
0
0.0144565
0
0
0.00271919
0
0
0
0.00353584
0
0
0.00581552
0.0236719
0
0
0
0
0
0
0
0
0
0.00584757
0
0.0132234
0.00680665
0
0
0
0
0
0
0
0
0.00403908
0
0.00431325
0
0
0.00648738
0
0
1
1.04976
0
0
0
0
0
0
0.00252808
0
0
0.0219316
0
0
0
0
0
0
0
0
0
0
0
0.0107963
0.00468445
0.0027833
0.00274061
0
0
0
0
0.0226559
0
0
0
0
0
0
0
0
0
0
0
0
0
0
0
0
0
0
0
0
0
0
0
0
0
0
0
0
0
0
0
0.856789
1.06553
0
0.0193708
0
0.00278788
0
0
0
0.00534549
0.028998
0
0.00545766
0
0.00559244
0.0115962
0.00269193
0
0
0
0
0
0
0
0
0.00285253
0
0
0
0
0
0
0
0
0
0
0.00549382
0.0108274
0.00390078
0
0
0
0
0
0
0
0
0
0
0
0
0
0
0
0
0
0
0
0
0.00278813
0
0.00344795
0
0
0
0
0
0
0
0
0
0
0
0
0
0
0
0
0
1.00415
0
0
0
0
0
0
0
0
0
0.0054916
0
0
0
0
0
0
0
0
0
0
0
0
0
0.00280839
0
0
0
0
0
0
0
0
0.00616197
0
0
0
0
0
0
0.00683837
0
0
0
0
0
0
0
0
0
0
0
0
0
0.00265719
0.0298051
0
0
0
0
0
0.375677
0.672451
0
0
0
0
0
0
0
0
0.0126545
0
0.00833081
0
0.00540695
0.0408084
0
0
0
0
0
0.00262163
0
0
0
0
0
0
0
0
0
0
0
0.00260561
0
0
0.00559642
0.00538895
0
0.0114302
0
0
0
0
0
0
0
0
0.021293
0.0114331
0.00286014
0
0
0
0
0
0
0
0.00597469
0
0
0
0
0
0
0
0
0
0
0
0
0
0
0
0
0
0
0
0
0
1.00685
0
0
0
0
0
0
0.0026432
0.00527349
0
0
0
0
0
0
0
0
0
0
0.00261512
0
0
0.00273998
0
0.00281275
0
0
0
0
0
0
0
0.0026354
0.00273218
0
0
0
0
0
0
0
0
0
0
0
0
0
0
0
0
0
0
0
0
0
0
0
0
0.17774
0
0
0
0.00252502
0
0
0
0
0
0
0
0.00260534
0.00274858
0.00252502
0
0
0
0.00501687
0
0
0
0
0
0
0
0
0
0
0
0.00288255
0
0
0
0
0.00273234
0
0.0403513
0
0
0
0
0
0
0
0
0.00727379
0.0200124
0.00285136
0
0
0
0
0
0
0
0.00277392
0
0.0139255
0
0
0
0
0
0
0
0
0
0
0
0
0
0
0
0
0
0
0
0
0
0
0
0.0026769
0
0.00274245
0
0.00919738
0
0
0
0
0
0
0
0
0
0.0026769
0
0
0
0.0130117
0
0
0
0
0.00928244
0.0250811
0
0
0
0.00261438
0
0
0
0
0
0
0
0
0
0
0
0
0
0
0
0
0
0
0.00268128
0.00843096
0
0
0.00263023
0.325513
0
0
0
0
0
0
0
0
0.00429891
0
0.00261275
0.00543972
0
0.0203041
0
0
0
0
0
0
0
0.0204198
0
0.00286844
0
0
0
0
0.00278788
0
0
0
0
0
0.00908037
0
0.054652
0
0
0.00278042
0.00298702
0
0
0
0
0
0
0.00275331
0.0381886
0.00940276
0
0
0
0
0
0
0
0
0
0.0027884
0.00265652
0.24424
0
0
0
0
0
0
0
0
0
0
0
0
0
0
0
0.00283705
0.0203257
0
0
0
0
0
0
0
0
0.00558984
0
0
0
0
0
0
0
0
0
0
0
0
0
0
0
0.00254753
0
0
0
0
0
0
0
0
0
0
0
0
0
0
0
0
0
0
0
0
0.00529969
0
0
0
0
0
0
0
0
0
0
0.00278605
0.388971
0.00405884
0
0
0
0
0
0
0
0
0
0
0.00564578
0.00369727
0.011668
0.00268978
0
0
0
0
0
0
0
0
0
0
0
0
0
0
0
0
0
0
0
0
0
0
0.00260722
0
0
0
0
0
0
0
0
0
0
0
0
0
0
0
0
0
0
0
0
0
0
0
0
0
0
0
0
0
0
0
0
0
0
0
0
0
0
0
0
0
0
0
0
0
0.00398178
0
0
0
0
0
0
0
0
0.0233429
0
0
0
0
0
0
0
0
0
0
0
0
0
0
0
0
0
0
0
0
0
0
0
0
0
0
0
0
0.0207834
0
0
0
0
0
0
0
0
0.00349822
0
0
0
0
0
0
0
0
0
0
0
0
0.00275755
0
0
0
0
0
0
0
0
0
0
0
0
0
0
0
0
0
0
0
0
0
0
0.00269389
0
0
0
0
0
0
0
0
0
0
0
0
0
0
0.00260131
0
0
0
0
0
0
0.00536588
0
0
0.00285371
0.0137617
0.00315063
0
0.00266832
0
0
0
0
0
0
0
0
0
0.996799
0
0
0.00289316
0.00266832
0
0
0
0
0
0
0
0
0
0
0
0
0
0
0
0
0
0
0
0
0
0
0.00805287
0
0
0
0
0
0
0
0
0
0
0
0
0
0
0
0
0
0
0
0
0
0
0
0
0
0
0
0
0
0
0
0
0
0
0
0
0
0
0
0
0
0
0.0189555
0
0
0
0
0
0
0
0
0
0
0
0
0
0
0
0
0
0
0
0
0
0
0
0
0
0
0
0
0
0
0
0
0
0
0
0
0.00555198
0
0
0
0
0
0
0
0
0
0
0.312107
0
0
0
0
0
0
0
0
0
0
0
0.419937
0
0
0
0
0
0
0
0
0
0
0
0
0
0
0
0
0
0
0
0
0
0
0
0
0
0
0
0
0
0
0
0
0
0
0
0
0
0
0
0
0
0
0
0
0
0
0
0
0
0
0
0
0
0
0
0
0
0
0
0
0
0
0
0
0
0
0
0.0328716
0
0
0
0
0
0
0
0
0
0
0
0
0
0
0
0
0
0
0
0
0
0
0
0
0
0
0
0
0
0
0
0
0.00281292
0
0
0
0
0
0
0
0.00290903
0
0
0
0
0.00466052
0
0
0
0
0
0
0
0
0
0.00278118
0
0
0.116895
0
0
0
0
0.895362
0
0.00510197
0
0
0.00510341
0
0
0.00510341
0
0
0
0
0.00510341
0
0.00510485
0
0
0
0
0
0.00536448
0
0.00510341
0
0
0
0
0
0
0
0
0
0
0
0
0
0
0
0
0
0
0
0
0
0
0
0
0
0.00534975
0
0
0
0
0
0
0
0
0
0
0
0
0.0277426
0
0
0
0
0
0
0
0
0
0
0
0
0
0
0
0
0.00252502
0
0
0
0.00258036
0
0
0.0191378
0
0
0
0
0
0
0
0.00420836
0.00524817
0
0
0
0
0
0
0.00266832
0
0
0
0
0.00286399
0.00296594
0
0
0
0
0
0
0
0.00621904
0.00570519
0.00274344
0.00622784
0
0.104654
0
0
0.0273055
0
0.85644
0
0
0
0
0
0
0
0
0
0
0
0
0
0
0
0
0
0
0
0
0
0
0
0
0
0
0
0
0
0
0
0
0
0
0
0
0
0
0
0
0
0
0
0
0
0
0
0
0
0
0.00267775
0
0
0
0
0
0
0
0
0
0
0.0214829
0.00307833
0
0
0
0
0
0
0
0
0
0
0
0
0
0
0
0
0
0
0
0
0.00282539
0
0.00848058
0
0
0
0
0
0
0
0
0
0
0
0
0
0
0
0
0
0
0
0
0
0
0
0.00266832
0.00303915
0.00567239
0.00394526
0.00831581
0
0
0
0
0
0
0.00266832
0.0150227
0.0176157
0.0056447
0.0336573
0
0.167032
0.95205
0
0.00284102
0
0
0.507863
0
0
0
0
0
0
0.00262644
0
0
0
0
0
0
0
0
0
0
0
0
0
0
0.00270243
0
0
0
0
0
0
0
0
0
0
0
0
0
0
0
0
0
0
0
0
0
0
0
0
0
0
0
0
0
0
0
0
0
0
0
0
0
0
0
0.010081
0
0.0111434
0
0
0
0
0
0
0
0
0
0.00294694
0
0
0
0
0
0
0
0
0.00925026
0.00280956
0
0
0
0.00283092
0
0
0
0
0
0
0
0
0.00910183
0
0
0
0
0
0
0
0
0
0
0.00969971
0
0
0
0
0
0
0
0
0.00302821
0.020247
0.0085208
0.0104163
0
0
0.684699
1.00279
0
0
0
0
0.687529
1.00098
0
0
0
0
0
0.00313105
0
0
0
0.00292232
0
0
0
0
0
0
0
0
0
0.010922
0.00324702
0
0
0
0
0
0
0.00561588
0
0
0
0
0
0
0
0
0
0.0125242
0
0.00282641
0
0
0.00292232
0
0
0
0
0
0.00292232
0
0
0
0
0
0
0
0
0
0.00272844
0
0
0
0
0.00284759
0.0415102
0.00304971
0
0
0
0.00292232
0
0
0
0
0
0.0142237
0
0.0179387
0
0
0.00281364
0
0
0
0.0144182
0.017968
0.0317875
0
0
0
0
0
0
0.00292232
0
0
0.00554323
0
0
0.0180005
0.00867845
0
0
0
0
0
0.00292232
0.00582634
0.0331755
0
0
0
0.00554488
0
0.0209694
0
0
0.00292232
0
0.0124785
0
0
0.0292356
0.0668527
0.0352437
0.0543502
0
0
1.00523
0.00582767
0
0
0.00282863
0.978033
1.01179
0
0
0
0.00586386
0.00844785
0
0
0
0
0
0
0.00563031
0
0
0
0
0
0.00728837
0
0.00889048
0
0
0
0
0
0
0.0165401
0
0
0
0
0.0056319
0
0.00855422
0
0.00274379
0
0.0111487
0.00579785
0
0
0
0
0.0334978
0
0
0.00555085
0
0.0219174
0.00589927
0
0
0
0
0
0
0.0056319
0
0
0
0
0
0
0.0241728
0.014337
0
0
0
0
0.00582943
0
0
0
0
0.0118126
0
0
0
0
0
0
0
0
0
0.0110445
0.0188388
0.0102222
0
0
0
0
0
0
0
0
0.00550295
0.0143314
0
0
0.0112289
0.00274353
0.0102892
0
0
0.00539914
0
0
0.0200817
0.0167647
0
0
0.00557061
0.0169252
0
0
0
0
0.00282863
0
0
0.0056319
0
0.0376115
0.0672923
0.187356
0.0478523
0
0
0.540544
0
0
0
0
0
1.05661
1.003
0
0
0
0
0
0
0
0
0
0
0.00277194
0
0
0
0
0
0
0
0.00380135
0
0
0
0
0
0
0
0
0
0
0.00529916
0
0.00284106
0
0
0
0
0
0
0
0
0
0.00600311
0
0
0.0164662
0
0
0
0
0
0
0
0
0
0
0.00571545
0
0
0
0
0
0
0.00297827
0
0
0
0.00346211
0.00551978
0.0428401
0.00560982
0
0
0
0
0
0
0
0
0
0.0073316
0.00283269
0.00856825
0
0
0
0
0
0
0
0.00318437
0.0266474
0.0145011
0
0
0
0
0
0
0
0
0
0.0106918
0
0.00487053
0.0086418
0.00584714
0.0132907
0
0.00281772
0.00270041
0
0
0.005487
0.0224364
0.0134854
0
0.00286626
0.00873704
0
0
0
0
0
0
0
0.0137227
0
0
0.0366954
0.0853255
0.162364
0.0210798
0
0
0.114209
0
0
0.00290036
0
0
0
1.03504
0.9917
0
0
0
0
0
0
0
0
0
0
0
0
0
0
0.00282784
0
0
0
0
0.00994613
0
0
0.00637368
0
0
0
0
0
0
0.0054976
0
0
0.00582
0
0
0
0
0
0
0
0
0.00523204
0.00285145
0
0
0
0
0
0
0
0
0
0
0
0
0
0
0
0
0
0
0
0
0
0
0.00287403
0
0.253635
0
0.0178464
0
0
0
0
0
0
0
0
0.0429968
0
0
0
0
0
0
0.00296017
0
0
0.00275003
0.0299447
0.0105803
0.0350666
0
0
0
0.00284127
0
0
0
0.00284479
0.00266561
0.00289354
0
0.00548869
0.00285586
0.0213607
0.0169612
0
0
0
0
0
0.00549718
0.00842837
0.00342974
0.100194
0
0.00880325
0.0281248
0
0
0
0
0
0
0
0
0.00865785
0.00803113
0.0666726
0.00389416
0
1.03156
0
0
0
0
0
0
0.00942286
0
1.02704
0
0
0
0
0
0
0
0
0
0.00727548
0.0181913
0
0
0.141423
0
0
0
0
0
0
0
0
0
0.00264628
0.0268292
0
0.00300839
0
0
0
0
0.00259581
0
0
0
0
0
0
0
0
0
0
0.0389372
0.00377662
0.00284046
0
0
0
0
0
0
0
0
0
0.00296915
0
0
0.00284759
0
0
0
0.00272746
0
0
0
0.0239504
0.00284301
0.00276953
0
0.165892
0.0038005
0.00859671
0
0
0.00272746
0
0
0.00355756
0
0
0
0
0
0
0
0
0
0
0
0
0
0
0.0107243
0.00826166
0.00672449
0.0268531
0
0
0
0
0
0
0
0
0.0281749
0
0.00863251
0.0181892
0.00292905
0.00789221
0.0152568
0
0.00280094
0
0
0
0
0.0190665
0.0180798
0
0.0425565
0.00260384
0.0111438
0.0194007
0
0
0
0
0
0.00291516
0
0
0.00970642
0
0
0.0264729
0
0
1.00913
0
0.0438254
0
0
0
0
0
0
0
0
0
0
0
0
0
0
0.00282943
0
0
0
0.00252029
0
0
0
0
0
0
0
0
0
0
0.00588149
0
0
0
0
0
0
0
0
0
0
0
0
0
0
0
0
0
0
0.00274379
0
0.0029451
0
0
0
0
0
0
0
0
0
0.00571483
0
0
0
0
0
0
0
0
0
0
0.0305307
0
0
0
0.0340574
0
0
0
0
0
0
0
0
0
0
0
0
1.02031
0
0
0
0
0
0
0
0
0.0254706
0.00935211
0
0.00306753
0
0
0
0
0
0
0
0.00575928
0
0.00344506
0
0
0.0330206
0
0
0
0
0
0.00250143
0.0110823
0
0
0.00286942
0
0.0065051
0
0
0
0
0
0.002812
0
0
0
0.00285768
0
0
0
0.568089
0
0
0
0
0
0
0
0
0
0
0
0
0
0
0.031793
0
0
0
0.00499569
0.00263683
0
0
0
0
0
0
0.00874844
0.0186068
0
0.0924598
0
0
0
0
0
0
0.0024675
0
0
0.002736
0
0
0
0
0.0024675
0
0
0
0.00672955
0
0
0
0
0
0
0
0.00248654
0
0
0.00256311
0
0
0
0
0
0.0024675
0
0
0
0.002961
0.0823014
0
0.00257159
0
0.0520485
0.00253609
0.0117586
0
0
0
0.00258052
0
0
0
0
0.0124512
0
0.00256917
0
0.815768
0
0
0
0
0
0
0
0
0.0257119
0
0.00916446
0
0
0
0.0029137
0
0
0
0
0.00888825
0
0.00392364
0
0
0.0558399
0
0.00285587
0
0
0
0.00246049
0.0225264
0.00287829
0
0
0.00782426
0
0
0
0
0
0
0
0
0
0
0
0
0
0
0.00323586
0
0.396019
0
0
0
0
0
0.969808
0
0
0
0
0
0
0.00500635
0
0
0.00295452
0.00992712
0.0106486
0
0
0.00250496
0
0
0.00260965
0.00248398
0.00251861
0.00258667
0.00500918
0
0.002705
0.0326177
0
0
0.00260163
0.00251861
0
0
0.00264838
0.00248468
0
0.0122666
0
0
0.00248916
0
0
0
0.00260632
0
0.00567509
0
0
0.00258202
0
0.00248916
0
0.00248916
0
0
0
0.00274412
0
0
0.0294558
0.00249801
0
0
0
0
0
0
0
0.116554
0
0
0.00247553
0.121795
0.00250744
0
0
0
0
0
0.00393025
0
0
0.0247925
0
0.00259726
0
1.01559
0.00251861
0
0
0
0
0
0
0.0392902
0.00399459
0
0
0
0
0.00251861
0
0
0
0
0.00264899
0
0
0
0
0.0137687
0
0
0
0
0
0.0253962
0.00545976
0
0
0
0.00524347
0
0.00354955
0
0
0.00236102
0
0
0
0
0.00434224
0
0
0
0
0
0
0.9758
0
0
0
0.00251861
0.93403
0
0
0
0
0
0
0
0
0.00420869
0
0
0
0
0
0
0
0
0
0
0
0.00278273
0.00726956
0
0
0
0
0
0
0
0
0
0
0
0
0
0
0
0
0
0
0
0
0
0
0
0
0
0
0
0
0
0
0
0
0
0
0
0
0
0
0
0.0811381
0
0
0
0
0
0
0
0
0
0
0
0
0
0
0
0
0
0.128499
1.22182
0
0
0
0
0
0
0
0.00298977
0.00373041
0
0
0.00436282
0
0
0
0
0
0
0.00567598
0
0
0.00262243
0
0
0.00246565
0
0
0
0
0
0
0
0
0.0027935
0
0
0
0
0
0
0
0
0
0
0
0
0
0
0.00296167
0
0
0
0
0.285497
0
0
0
0
0
0
0.00931333
0
0
0
0
0
0
0
0
0
0
0
0.00812731
0.0312899
0
0
0
0
0
0
0
0
0
0
0
0
0
0
0
0
0
0
0
0
0
0
0
0
0
0
0
0
0
0
0
0
0
0
0
0
0
0.0409479
0
0
0
0.0240703
0
0
0
0
0
0
0
0
0
0
0
0
0
0.682882
1.00956
0
0
0
0
0
0
0
0.0197835
0
0
0
0
0
0
0
0
0
0
0
0
0.0025127
0.0026746
0
0
0
0
0
0
0.010961
0
0.00472299
0
0.0028831
0
0
0
0
0
0
0
0
0
0
0
0
0
0
0
0
0
0.602808
1
0
0
0
0
0
0
0
0
0
0
0
0
0
0
0
0
0
0
0
0
0
0
0
0
0
0
0
0
0
0
0
0
0
0
0
0
0
0
0
0
0
0
0
0
0
0
0
0
0
0
0
0
0
0
0
0
0
0
0
0
0
0
0
0
0
0
0
0
0
0
0
0
0
0
0
0
0
0
0.997822
1.00344
1
0
0
0
0
0
0
0
0
0
0
0
0
0
0
0
0
0
0
0
0
0
0
0
0
0
0
0
0
0
0
0
0
0
0
0
0
0
0
0
0
0
0
0
0
0
0.00472299
0
0
0
0
0
0
0
0.700692
0.435881
0
0
0
0
0
0
0
0
0
0
0
0
0
0
0
0
0
0
0
0
0
0
0
0
0
0
0
0
0
0
0
0
0
0
0
0
0
0
0
0
0
0
0
0
0
0
0
0
0
0
0
0
0
0
0
0
0
0
0
0
0
0
0
0
0
0
0
0
0
0
0
0
0
0
0
0
0
0
0
1
0.517283
0
0
0
0
0
0
0
0
0
0
0
0
0
0
0
0
0
0
0
0
0
0
0
0
0
0
0
0
0
0
0.0056685
0
0
0
0
0
0
0
0
0
0
0
0
0
0
0
0
0
0
0
0
0
0.998478
0.0674243
0
0
0
0
0
0
0
0
0
0
0
0
0
0
0
0
0
0
0
0
0
0
0
0
0
0
0
0
0
0
0
0
0
0
0
0
0
0
0
0
0
0
0
0
0
0
0
0
0
0
0
0
0
0
0
0
0
0
0
0
0
0
0
0
0
0
0
0
0
0
0
0
0
0
0
0.957728
1.00256
0.219561
0
0
0
0
0
0
0
0
0
0
0
0
0
0
0
0
0
0
0
0
0
0
0
0
0
0
0
0
0
0
0
0
0
0
0
0
0
0
0
0
0
0
0
0
0
0
0
0
0
0
0
1
0.287424
0
0
0
0
0
0
0
0
0
0
0
0
0
0
0
0
0
0
0
0
0
0
0
0
0
0
0
0
0
0
0
0
0
0
0
0
0
0
0
0
0
0
0
0
0
0
0
0
0
0
0
0
0
0
0
0
0
0
0
0
0
0
0
0
0
0
0
0
0
0
0
0
0
0
0
0
0
0
0
0.466317
0.572927
0.190448
0
0
0
0
0
0
0
0
0
0
0
0
0
0
0
0
0
0
0
0
0
0
0
0
0
0
0
0
0
0
0
0
0
0
0
0
0
0
0
0
0
0
0
0
0
0
0
0
0
0
0
0
0
0.552328
0
0
0
0
0
0
0
0
0
0
0
0
0
0
0
0
0
0
0
0
0
0
0
0
0
0
0
0
0
0
0
0
0
0
0
0
0
0
0
0
0
0
0
0
0
0
0
0
0
0
0
0
0
0
0
0
0
0
0
0
0
0
0
0
0
0
0
0
0
0
0
0
0
0
0
0
0
0
0
0
0
0
1
0.485992
0
0
0
0
0
0
0
0
0
0
0
0
0
0
0
0
0
0
0
0
0
0
0
0
0
0
0
0
0
0
0
0
0
0
0
0
0
0
0
0
0
0
0
0
0
0
0
0
0
0
0
0
0
0
0.476407
0
0
0
0
0
0
0
0
0
0
0
0
0
0
0
0
0
0
0
0
0
0
0
0
0
0
0
0
0
0
0
0
0
0
0
0
0
0
0
0
0
0
0
0
0
0
0
0
0
0
0
0
0
0
0
0
0
0
0
0
0
0
0
0
0
0
0
0
0
0
0
0
0
0
0
0
0
0
0
0
0
0.409087
0
0
0
0
0
0
0
0
0
0
0
0
0
0
0
0
0
0
0
0
0
0
0
0
0
0
0
0
0
0
0
0
0
0
0
0
0
0
0
0
0
0
0
0
0
0
0
0
0
0
0
0
0
0
0.819933
0
0
0
0
0
0
0
0
0
0
0
0
0
0
0
0
0
0
0
0
0
0
0
0
0
0
0
0
0
0
0
0
0
0
0
0
0
0
0
0
0
0
0
0
0
0
0
0
0
0
0
0
0
0
0
0
0
0
0
0
0
0
0
0
0
0
0
0
0
0
0
0
0
0
0
0
0
0
0
0
0
0
0
0
0
0
0
0
0
0
0
0
0
0
0
0
0
0
0
0
0
0
0
0
0
0
0
0
0
0
0
0
0
0
0
0
0
0
0
0
0
0
0
0
0
0
0
0
0
0
0
0
0
0
0
0
0
0
0
0
0
0
0
0
0
0
0
0
0
0
0
0
0
0
0
0
0
0
0
0
0
0
0
0
0
0
0
0
0
0
0
0
0
0
0
0
0
0
0
0
0
0
0
0
0
0
0
0
0
0
0
0
0
0
0
0
0
0
0
0
0
0
0
0
0
0
0
0
0
0
0
0
0
0
0
0
0
0
0
0
0
0
0
0
0
0
0
0
0
0
0
0
0
0
0
0
0
0
0
0
0
0
0
0
0
0
0
0
0
0
0
0
0
0
0
0
0
0
0
0
0
0
0
0
0
0
0
0
0
0
0
0
0
0
0
0
0
0
0
0
0
0
0
0
0
0
0
0
0
0
0
0
0
0
0
0
0
0
0
0
0
0
0
0
0
0
0
0
0
0
0
0
0
0
0
0
0
0
0
0
0
0
0
0
0
0
0
0
0
0
0
0
0
0
0
0
0
0
0
0
0
0
0
0
0
0
0
0
0
0
0
0
0
0
0
0
0
0
0
0
0
0
0
0
0
0
0
0
0
0
0
0
0
0
0
0
0
0
0
0
0
0
0
0
0
0
0
0
0
0
0
0
0
0
0
0
0
0
0
0
0
0
0
0
0
0
0
0
0
0
0
0
0
0
0
0
0
0
0
0
0
0
0
0
0
0
0
0
0
0
0
0
0
0
0
0
0
0
0
0
0
0
0
0
0
0
0
0
0
0
0
0
0
0
0
0
0
0
0
0
0
0
0
0
0
0
0
0
0
0
0
0
0
0
0
0
0
0
0
0
0
0
0
0
0
0
0
0
0
0
0
0
0
0
0
0
0
0
0
0
0
0
0
0
0
0
0
0
0
0
0
0
0
0
0
0
0
0
0
0
0
0
0
0
0
0
0
0
0
0
0
0
0
0
0
0
0
0
0
0
0
0
0
0
0
0
0
0
0
0
0
0
0
0
0
0
0
0
0
0
0
0
0
0
0
0
0
0
0
0
0
0
0
0
0
0
0
0
0
0
0
0
0
0
0
0
0
0
0
0
0
0
0
0
0
0
0
0
0
0
0
0
0
0
0
0
0
0
0
0
0
0
0
0
0
0
0
0
0
0
0
0
0
0
0
0
0
0
0
0
0
0
0
0
0
0
0
0
0
0
0
0
0
0
0
0
0
0
0
0
0
0
0
0
0
0
0
0
0
0
0
0
0
0
0
0
0
0
0
0
0
0
0
0
0
0
0
0
0
0
0
0
0
0
0
0
0
0
0
0
0
0
0
0
0
0
0
0
0
0
0
0
0
0
0
0
0
0
0
0
0
0
0
0
0
0
0
0
0
0
0
0
0
0
0
0
0
0
0
0
0
0
0
0
0
0
0
0
0
0
0
0
0
0
0
0
0
0
0
0
0
0
0
0
0
0
0
0
0
0
0
0
0
0
0
0
0
0
0
0
0
0
0
0
0
0
0
0
0
0
0
0
0
0
0
0
0
0
0
0
0
0
0
0
0
0
0
0
0
0
0
0
0
0
0
0
0
0
0
0
0
0
0
0
0
0
0
0
0
0
0
0
0
0
0
0
0
0
0
0
0
0
0
0
0
0
0
0
0
0
0
0
0
0
0
0
0
0
0
0
0
0
0
0
0
0
0
0
0
0
0
0
0
0
0
0
0
0
0
0
0
0
0
0
0
0
0
0
0
0
0
0
0
0
0
0
0
0
0
0
0
0
0
0
0
0
0
0
0
0
0
0
0
0
0
0
0
0
0
0
0
0
0
0
0
0
0
0
0
0
0
0
0
0
0
0
0
0
0
0
0
0
0
0
0
0
0
0
0
0
0
0
0
0
0
0
0
0
0
0
0
0
0
0
0
0
0
0
0
0
0
0
0
0
0
0
0
0
0
0
0
0
0
0
0
0
0
0
0
0
0
0
0
0
0
0
0
0
0
0
0
0
0
0
0
0
0
0
0
0
0
0
0
0
0
0
0
0
0
0
0
0
0
0
0
0
0
0
0
0
0
0
0
0
0
0
0
0
0
0
0
0
0
0
0
0
0
0
0
0
0
0
0
0
0
0
0
0
0
0
0
0
0
0
0
0
0
0
0
0
0
0
0
0
0
0
0
0
0
0
0
0
0
0
0
0
0
0
0
0
0
0
0
0
0
0
0
0
0
0
0
0
0
0
0
0
0
0
0
0
0
0
0
0
0
0
0
0
0
0
0
0
0
0
0
0
0
0
0
0
0
0
0
0
0
0
0
0
0
0
0
0
0
0
0
0
0
0
0
0
0
0
0
0
0
0
0
0
0
0
0
0
0
0
0
0
0
0
0
0
0
0
0
0
0
0
0
0
0
0
0
0
0
0
0
0
0
0
0
0
0
0
0
0
0
0
0
0
0
0
0
0
0
0
0
0
0
0
0
0
0
0
0
0
0
0
0
0
0
0
0
0
0
0
0
0
0
0
0
0
0
0
0
0
0
0
0
0
0
0
0
0
0
0
0
0
0
0
0
0
0
0
0
0
0
0
0
0
0
0
0
0
0
0
0
0
0
0
0
0
0
0
0
0
0
0
0
0
0
0
0
0
0
0
0
0
0
0
0
0
0
0
0
0
0
0
0
0
0
0
0
0
0
0
0
0
0
0
0
0
0
0
0
0
0
0
0
0
0
0
0
0
0
0
0
0
0
0
0
0
0
0
0
0
0
0
0
0
0
0
0
0
0
0
0
0
0
0
0
0
0
0
0
0
0
0
0
0
0
0
0
0
0
0
0
0
0
0
0
0
0
0
0
0
0
0
0
0
0
0
0
0
0
0
0
0
0
0
0
0
0
0
0
0
0
0
0
0
0
0
0
0
0
0
0
0
0
0
0
0
0
0
0
0
0
0
0
0
0
0
0
0
0
0
0
0
0
0
0
0
0
0
0
0
0
0
0
0
0
0
0
0
0
0
0
0
0
0
0
0
0
0
0
0
0
0
0
0
0
0
0
0
0
0
0
0
0
0
0
0
0
0
0
0
0
0
0
0
0
0
0
0
0
0
0
0
0
0
0
0
0
0
0
0
