0
0
0
0
0
0
0
0
0
0
0
0
0
0
0
0
0
0
0
0
0
0
0
0
0
0
0
0
0
0
0
0
0
0
0
0
0
0
0
0
0
0
0
0
0
0
0
0
0
0
0
0
0
0
0
0
0
0
0
0
0
0
0
0
0
0
0
0
0
0
0
0
0
0
0
0
0
0
0
0
0
0
0
0
0
0
0
0
0
0
0
0
0
0
0
0
0
0
0
0
0
0
0
0
0
0
0
0
0
0
0
0
0
0
0
0
0
0
0
0
0
0
0
0
0
0
0
0
0
0
0
0
0
0
0
0
0
0
0
0
0
0
0
0
0
0
0
0
0
0
0
0
0
0
0
0
0
0
0
0
0
0
0
0
0
0
0
0
0
0
0
0
0
0
0
0
0
0
0
0
0
0
0
0
0
0
0
0
0
0
0
0
0
0
0
0
0
0
0
0
0
0
0
0
0
0
0
0
0
0
0
0
0
0
0
0
0
0
0
0
0
0
0
0
0
0
0
0
0
0
0
0
0
0
0
0
0
0
0
0
0
0
0
0
0
0
0
0
0
0
0
0
0
0
0
0
0
0
0
0
0
0
0
0
0
0
0
0
0
0
0
0
0
0
0
0
0
0
0
0
0
0
0
0
0
0
0
0
0
0
0
0
0
0
0
0
0
0
0
0
0
0
0
0
0
0
0
0
0
0
0
0
0
0
0
0
0
0
0
0
0
0
0
0
0
0
0
0
0
0
0
0
0
0
0
0
0
0
0
0
0
0
0
0
0
0
0
0
0
0
0
0
0
0
0
0
0
0
0
0
0
0
0
0
0
0
0
0
0
0
0
0
0
0
0
0
0
0
0
0
0
0
0
0
0
0
0
0
0
0
0
0
0
0
0
0
0
0
0
0
0
0
0
0
0
0
0.326963
0
0
0
0
0
0
0
0
0
0
0
0
0
0
0
0
0
0
0
0
0
0
0
0
0
0
0
0
0
0
0
0
0
0
0
0
0
0
0
0
0
0
0
0
0
0
0
0
0
0
0
0
0
0
0
0
0
0
0
0
0
0
0
0
0
0
0
0
0
0
0
0
0
0
0
0
0
0
0
0
0
0
0
0
0
0
0
0
0
0
0
0
0
0
0
0
0
0
0
0
0
0
0
0
0
0
0
0
0
0
0
0
0
0
0
0
0
0
0
0
0
0
0
0
0
0
0
0
0
0
0
0
0
0
0
0
0
0
0
0
0
0
0
0
0
0
0
0
0
0
0
0
0
0
0
0
0
0
0
0
0
0
0
0
0
0
0
0
0
0
0
0
0
0
0
0
0
0
0
0
0
0
0
0
0
0
0
0
0
0
0
0
0
0
0
0
0
0
0
0
0
0
0
0
0
0
0
0
0
0
0
0
0
0
0
0
0
0
0
0
0
0
0
0
0
0
0
0
0
0
0
0
0
0
0
0
0
0
0
0
0
0
0
0
0
0
0
0
0
0
0
0
0
0
0
0
0
0
0
0
0
0
0
0
0
0.00265356
0
0
0.00259606
0
0
0
0
0
0
0
0
0.00382107
0.0088391
0.00265356
0
0
0
0
0
0
0.037658
0.00557428
0
0
0
0
0
0
0
0
0.00258656
0
0
0.00880544
0
0
0
0.00891601
0
0
0
0.00553907
0
0.0280053
0
0
0
0.00267619
0
0
0
0
0
0
0
0.0288302
0.00535687
0.00287887
0
0.0089145
0
0
0
0
0
0
0.00296366
0
0.0140027
0
0
0
0.00273664
0
0.00291376
0
0.00258656
0.00858934
0
0
0
0.00278958
0
0.0057018
0.00287887
0
0
0
0
0
0.0028089
0
0.00272379
0.00858906
0
0.0213675
0
0.00249048
0
0
0.00584426
0.00257231
0
0
0.003024
0.0188858
0
0
0
0
0
0.00267619
0
0.00829767
0.00837195
0.00814659
0.165628
0
0
0.922776
0
0
0.00253731
0
0
0.00273664
0.00584285
0.00285913
0
0
0.00253588
0
0
0
0
0.00557037
0.00246279
0
0
0.0104016
0.0142945
0.00572349
0
0
0
0.00537749
0
0.00572745
0
0.00287852
0.014123
0.00270564
0.0028705
0
0.00838401
0
0.0111741
0
0.00264085
0.00527182
0
0
0
0
0.00567823
0.0277243
0.00273664
0
0
0.0056109
0.00697802
0
0.00266046
0
0
0.00268067
0.0028247
0.00551856
0.00268067
0
0
0
0.124076
0
0.0501926
0
0.00286566
0
0.0279254
0
0.00268067
0.00594699
0.0135558
0
0
0.00330106
0.014107
0.00293418
0
0
0.00586914
0
0.0080056
0
0
0.00871201
0
0.079832
0
0
0
0.0028214
0
0.00385674
0
0.00794942
0.00918443
0.00560825
0.00840442
0.00292334
0.0128973
0.00266088
0.00303781
0
0.016499
0.0054083
0.0236904
0.00296516
0
0.0150091
0.0108051
0
0.00865257
0.00572988
0.0120544
0
0
0.00844575
0.00889548
0.00280053
0.0128609
0.0106821
0
0.00907124
0.0169434
0.036684
0.105564
0
0
0.867276
0
0
0.00282958
0
0.00288603
0
0.00287314
0
0.00268767
0.00271012
0
0
0.00619143
0
0.00282879
0.00278952
0.00274215
0.00527423
0.00373527
0.00887571
0.00282389
0.00859137
0.00545685
0.00278978
0.00567704
0.0056838
0.0086435
0.00804456
0.0191652
0
0.00576259
0.0030239
0.0137397
0
0.00269236
0.00835324
0
0.0166376
0.00563855
0
0.00854575
0.00747603
0.0305837
0.00288603
0
0.016739
0.00550126
0
0.00851639
0.00669739
0.0159214
0.0059687
0.00589725
0.00258656
0.00845989
0.00555069
0.0107281
0.00511605
0
0.00860168
0
0.162029
0
0.0347993
0.0165935
0.00584491
0
0.0545912
0
0.00555055
0.00275467
0.00791295
0.0386919
0.0025574
0
0.010471
0
0
0.0028214
0
0.00811491
0.00814487
0.00267619
0.0170404
0.007868
0.0692314
0
0.00297117
0.00939451
0.00251295
0
0.00996637
0.0028467
0.0025323
0.00856933
0.00818779
0.0056838
0.0132678
0
0.00545167
0
0.0295176
0.00287048
0.00571482
0
0.00804322
0.0223562
0
0.0143287
0.00573759
0.0137344
0
0.00288736
0
0.0144302
0.00297131
0.0366385
0.0140987
0
0.0506077
0.0342251
0.0325841
0.662456
0
0
1
1.00665
0
0
0
0
0.0083092
0.00286436
0.00282879
0
0.00292414
0
0.00569936
0.0179099
0.00553618
0
0
0.00286516
0
0.00376935
0.00858609
0.00286436
0
0.00865352
0.0224486
0.0064077
0.00282744
0.00295536
0
0.00271735
0.00696678
0.00304402
0.00893309
0.00248032
0
0.0142279
0.0055657
0.00583188
0.00286459
0.00612094
0.00538035
0
0.00349069
0.0028089
0.00573993
0.00576576
0.00392064
0.00408118
0.0029322
0.00257231
0.0523858
0.00583003
0.00582732
0
0
0
0.0732761
0.00295517
0
0.00831945
0.00253659
0.0111896
0
0.00522895
0.00866806
0.00251367
0
0.0202779
0.0161542
0.00266325
0.0110337
0.0220296
0.00552558
0
0.00778317
0.0106417
0.00577792
0.00293655
0.00522895
0.0176452
0.00878464
0.0057827
0.00472022
0.0284416
0.0117661
0.00553811
0.00814939
0
0
0
0
0
0
0.0131099
0
0.00282344
0.028467
0.00563644
0.00273334
0.0052642
0.00269141
0
0
0.00297202
0.00256372
0
0.00886025
0
0.00703774
0.0147949
0.023617
0.00283937
0.008761
0.00259194
0.0374203
0.00621698
0
0.0194184
0.0172965
0.0175026
0
0.00300885
0
0.0286841
0.00552789
0.0488421
0
0.0129137
0.0373161
0.0279226
0.0244132
0.247995
0
0
0.989226
1.03718
0
0
0.00282664
0.00581693
0.00259122
0
0.00789163
0
0.00853428
0.0146944
0
0.00277418
0.00285551
0
0.002969
0.00255907
0.00260173
0
0.0027369
0
0.00434796
0.0060638
0.0167634
0.0139558
0.00283476
0.0114865
0.0027867
0
0.00863191
0.00301955
0
0.00564904
0.0028214
0.00301739
0.0081228
0.00292334
0
0
0.00292334
0
0
0
0.00551822
0.0056589
0.00505348
0.00335818
0.00282982
0.00253844
0.0324586
0.0135936
0
0
0.00592876
0.00747102
0.00317668
0.0090671
0.0115224
0.00586805
0.00258957
0.00532999
0.00503753
0.00279227
0.00848206
0.00270041
0.0027122
0.00405292
0.00980291
0.00273362
0.0211057
0.0028467
0.00808708
0
0
0.00545908
0.00564501
0
0.00582389
0.0285177
0
0.00264783
0.017577
0
0.00881309
0
0.00255835
0.0025399
0.00290446
0.0051857
0
0.00295273
0.0225111
0.0350569
0
0
0.00572675
0.00265072
0.00585745
0.00240133
0.00262199
0.00544137
0.00543741
0.0026445
0.00262199
0.00706247
0.00270613
0.00850128
0.0282684
0.00851983
0.00531542
0.00560943
0.00545311
0.0138449
0.0197921
0.0197133
0
0.00837143
0.00815805
0.0116675
0
0
0.00245139
0.0277187
0.0053071
0.049477
0.00564594
0.00365417
0.0217731
0.0132807
0.178413
0.0763243
0
0
0.98722
1.00562
0.999569
0
0
0
0.00261941
0.00538426
0.00527809
0.00559795
0.018103
0
0.00292126
0.00547431
0
0.00268786
0.00270308
0.00259753
0
0.0029405
0.00771394
0.0107636
0.00449977
0.198031
0.00638949
0.0785689
0.0135112
0
0.00280184
0.00588573
0
0.0169213
0
0.00579514
0.0132716
0.00531897
0.00272732
0
0.00286459
0.00256372
0.00338975
0
0
0.0446158
0.00253619
0.00584714
0.00872382
0.00288807
0
0.118029
0.00837541
0
0
0
0
0.00252082
0
0
0.0132075
0.0208366
0.00575336
0
0.016768
0
0
0
0.00549214
0
0.00516496
0.0117382
0.00693181
0.0169487
0
0.0205082
0.00928373
0.00793372
0.011315
0.0120007
0.15612
0.00534155
0
0.00293234
0
0.0169213
0.00814968
0.00830676
0.0153069
0.00918159
0.00887754
0.0025968
0.00549214
0
0.00786929
0
0.00282479
0.0112664
0.0109423
0.068049
0.0151685
0.00590816
0.00620383
0.00279227
0.00271164
0.00516049
0.00294087
0.00255602
0.00788936
0.00871974
0.00774614
0.010593
0.00523431
0.00276771
0.0102083
0.0153891
0
0.0079734
0
0.0107021
0.0188913
0.0375603
0.0265586
0.00293234
0
0.0123739
0.305364
0.0024862
0.00749303
0.0337062
0.00256485
0.00838576
0.202935
0.00246474
0.0052408
0.0349699
0.0396984
0.113418
0.193377
0
0
0.806113
0
1
0.984674
0
0
0
0.00246404
0.00257941
0.00284966
0
0.00256485
0.00278387
0
0.00877241
0.00305557
0.00530974
0
0.00536462
0.0053242
0.00283784
0.00785892
0.00558268
0.113016
0.00248562
0.0037596
0
0.00250875
0.0268534
0.00263172
0
0
0.00711522
0.0114694
0
0.00264286
0
0.00802077
0.0106855
0.0118923
0
0
0.00809543
0
0
0
0.0445102
0.0053781
0
0.0030061
0.00534765
0.00795971
0.00840009
0
0
0
0.00269711
0
0
0.00303375
0.0026802
0
0.00562913
0.00849058
0
0.00253223
0
0
0
0.00525979
0
0
0
0.0106635
0.0102244
0.00554994
0.00891864
0
0
0
0
0
0
0.0053315
0.00293676
0.0157016
0.00624347
0.00865481
0
0
0.00241074
0.00797839
0
0
0.00545012
0.00639
0.0478888
0.021218
0.00276647
0.00311616
0.00253659
0
0
0
0.00251295
0.00284518
0.00519725
0.00281922
0.0173835
0.00296382
0
0.0103112
0.0221248
0.110978
0
0.00264267
0.00274215
0.00540747
0
0.0173732
0.0437271
0.00280035
0.00257488
0.0103698
0.127502
0.00259015
0.00251156
0.0121588
0.00258377
0.00783163
0.00248121
0.0223761
0.0103969
0.0106731
0.0316856
0.0971872
0
0
0.429597
0
0.97737
1.03072
0
0
0
0
0.00255667
0.00531945
0.00277954
0.0220453
0.00253063
0.0132315
0.0539567
0.0052596
0
0.0607282
0.00247501
0
0.00873924
0.00532047
0.00816358
0
0.00279618
0.0398613
0.0190604
0.0053951
0.0279491
0.0026663
0.00564059
0.00296797
0.0031766
0.0273574
0.00268812
0.00536449
0.00515046
0.00256419
0.00245718
0.00552625
0.0196854
0.00547148
0
0.00362082
0.00543686
0.00264657
0.0127064
0.00253947
0.00454678
0.00800493
0.00555508
0.00561709
0.00832336
0.01361
0.00572521
0.00253844
0.00510614
0
0
0
0.00288425
0.00264317
0
0.0026189
0.0105383
0
0
0.00527402
0
0.00240774
0.00264841
0.0218223
0
0
0.00820927
0.0260956
0.00287964
0.00909564
0.0252068
0.00521868
0.00536458
0.0025052
0.00300114
0
0.010879
0
0.00526678
0.00498102
0.0275255
0
0
0.0057601
0.00517886
0.00486193
0
0.00720272
0.00622925
0.00709895
0
0.0092187
0.0480331
0.0143693
0
0.0618355
0.00253619
0.00519596
0
0.0079433
0.00292638
0.00265518
0.00264766
0.00355852
0.0490361
0.013759
0.00265036
0.00958002
0.00973224
0
0.0024544
0.00515382
0
0
0.0052792
0.012585
0.00772246
0.0844097
0.00288281
0.0139332
0.00592352
0.210788
0.00513587
0.00263152
0.00909498
0.00253659
0.00792107
0.00261763
0.0163929
0.00651596
0
0
0
0.0191067
0.954401
0.485276
0
0
0
0
0
0.00257873
0
0
0
0.00279618
0.00255189
0.00802717
0
0.00278664
0.00280523
0.0221424
0.00259164
0
0
0
0
0
0
0.00569165
0.00844476
0.00747655
0.0075331
0
0
0.00258779
0.00322142
0
0.00527229
0.00300312
0.00265337
0
0.0024775
0.00255189
0
0.00253263
0
0
0
0.00267203
0.0220015
0.00253619
0
0
0
0.00253263
0
0
0.00255835
0
0
0.0310643
0
0
0
0.00571899
0.00523178
0
0
0
0.00254347
0
0
0.0091784
0
0.00269965
0
0.0458319
0.00279618
0.0225371
0
0
0.00254347
0
0
0.0195719
0.00512191
0.00286726
0.0159804
0.0265129
0
0.00794614
0
0.00255238
0
0.00261986
0
0.0159824
0.0291758
0.00322644
0.0752677
0.0116293
0.00566241
0.0138977
0.00270578
0.00251007
0
0
0.00259961
0.00802315
0
0.0798672
0.00523306
0.00269818
0.00515382
0
0
0.00253619
0.00257546
0.00267355
0.0238048
0
0.00255873
0
0.0053033
0
0.18807
0
0
0.00253619
0
0.0026421
0
0
0
0
0
0
0.94887
0.174066
1.33454
0
0
0
0
0
0
0
0.00506951
0
0
0.00525772
0
0
0.0332409
0
0
0.0159689
0
0
0.00267865
0
0
0
0
0
0.00814443
0
0.0118016
0
0
0.0108853
0
0.00639005
0.00546441
0
0
0
0
0.0052068
0
0
0
0
0
0
0.0026581
0
0
0.00260034
0.00270176
0
0.00257869
0
0
0
0
0
0.0157327
0
0
0.981526
0
0.0308975
0.00540266
0
0
0
0.00264267
0.00238901
0
0.0155127
0
0.00268206
0.00261924
0.0156184
0
0.0214915
0
0
0.00796638
0.00256485
0
0
0.0108912
0
0.0082335
0.0150196
0
0.00268042
0
0
0
0
0
0.00365353
0
0.0160757
0
0
0.0112599
0.00549814
0.00848204
0.00274343
0.00243885
0
0.00357886
0.00252434
0.00257804
0.00852491
0.00961571
0.00535825
0
0.0079731
0.00541476
0.00260989
0
0.00253947
0
0.0133873
0
0
0.0937031
0
0.0080619
0.00255289
0.0527094
0
0
0.00270578
0.00286187
0
0
0.012177
0
0
0
0
0
0
1.02532
0
0
0
0
0
0
0
0
0
0
0
0
0
0
0
0
0
0
0
0
0
0
0.00254134
0
0
0.00247571
0.00269561
0
0
0.00274093
0
0
0.00256371
0.00274574
0.0038311
0.00763042
0.0104578
0.00262236
0.00355184
0.00259237
0
0
0
0
0
0
0
0
0
0.00526094
0.00777712
0.0025095
0.00259813
0.00264476
0
0.00259237
0
0
0
0
0
0.0105946
0.00257469
0.0208098
0
0.272743
0
0
0
0
0.00259735
0
0.00255747
0.00256485
0
0
0.013105
0
0.00271472
0
0.0443655
0
0.00249382
0
0
0
0
0
0.0188393
0.00259658
0
0.00665396
0
0
0
0.00255289
0
0.0053419
0.0025362
0
0
0.00792106
0
0
0.00260295
0.00264506
0.0108915
0
0
0
0.00382933
0
0
0
0
0.00262445
0
0
0.00250961
0
0
0.00250961
0
0.00796247
0
0
0.0596997
0
0.00260378
0.00263783
0.00983245
0
0.00239229
0
0.00504904
0
0
0.00376442
0
0
0
0
0
0
0.983354
0
0
1.06008
0
0
0
0
0
0
0.00263709
0.002755
0.00251206
0
0.00549867
0.0222987
0.00294694
0
0.00403987
0.00958743
0
0.00279939
0.00275345
0
0
0.0025584
0
0.00287663
0.00549661
0.010976
0.00286642
0
0.00275423
0
0
0.00375587
0
0.00828544
0
0.00455388
0.00823991
0.00296257
0.0690819
0
0.00815726
0.00253404
0.0325662
0
0.0028795
0
0.0354627
0.0028172
0.00572575
0.00566559
0.00267135
0.0028463
0.00275423
0.0028795
0
0.00257559
0.034151
0.213764
0.0462068
0.0325437
0
0.0842378
0.0205133
0
0.00559958
0
0.00255768
0.00541354
0
0
0.00966782
0.0351512
0.0171975
0.00262226
0
0.0113714
0.0599381
0.0471537
0.00830655
0.00547685
0
0.00255768
0.0108602
0.00292672
0.00310683
0.00381202
0.0086385
0.00856149
0
0
0.00789053
0
0.00254362
0.0110003
0.0217107
0.00526204
0.0209961
0.093633
0.002878
0
0
0.0028795
0
0.00843354
0
0.0250176
0.00267202
0.0468691
0.0309305
0.0137717
0
0
0.00530498
0.0468737
0.00513859
0.00782119
0.00541656
0.00295657
0.0145389
0.0702904
0.0113303
0.00306016
0.00266715
0.0195524
0.00259077
0
0.00262909
0.00844493
0.00258574
0.0111564
0.0135968
0
0.01238
0.00306023
0.0246089
0.0422229
0
0
1.08701
0
0
0
0.00296706
0
0
0.00838291
0.00272387
0.00469882
0.00691454
0.0373062
0.00684539
0.00288492
0
0
0.00263783
0
0.00296873
0
0.00567199
0.0110982
0.00876094
0.00577754
0.0334918
0.00255665
0.0025535
0.00287153
0
0
0.00530902
0.00266801
0.00884773
0.00263783
0
0.0223192
0
0
0
0
0
0
0.0155318
0.00285888
0.00269768
0
0.00835368
0
0
0
0
0.0197481
0.0570171
0.0202748
0.0327346
0
0.0328966
0.0461271
0.00809176
0
0
0.00272387
0
0
0
0.0107717
0.020429
0.00566259
0.00287619
0.00852491
0.0224127
0
0.00272387
0
0
0.00272387
0.0573784
0.0028805
0
0.00658085
0.0173682
0.00545001
0.00540753
0.00258116
0
0.00271184
0.002814
0.00717999
0.0107981
0
0.0167548
0.0858397
0
0.00251222
0
0.00258116
0
0.00526533
0.00351976
0.0025963
0.0419744
0.0165415
0.00833032
0
0
0
0
0.0109831
0.0108108
0.0053127
0.00277833
0.0218028
0.0623129
0.00554999
0.00873112
0
0
0
0.00492072
0.00534995
0
0.0058739
0.00533731
0.0137018
0.0119819
0.0056047
0
0.0215256
0.97555
0
0
0
0
0
0
0.00699409
0.0117955
0
0.00941504
0.00286423
0.00300615
0
0.0029679
0.00262431
0
0
0
0.00275258
0.0115591
0.00307022
0.0202019
0
0.00290381
0.00263053
0.00448698
0
0.00270764
0.00603455
0.00333547
0
0
0
0
0
0
0
0.0025077
0
0.0111647
0.0078936
0
0.00288318
0
0.00277719
0
0
0
0.00256778
0.0398289
0.131371
0.0255968
0.0637814
0
0.0865719
1.03292
1
0
0
0
0
0.00514553
0.00259735
0
0.00583677
0.00669199
0.0233439
0.00290322
0.0119032
0.0108833
0.0053547
0
0.00263783
0
0.0174742
0.00303609
0.00280909
0
0.00270103
0.00903292
0.0150878
0.00946535
0
0.0191169
0.0025077
0
0.0117738
0
0.00296367
0.0132813
0.0138841
0.00770643
0.00381624
0.0282835
0.00282971
0.00523184
0
0.0029679
0.00488098
0.0106211
0
0
0.0147349
0.00691912
0.0263353
0.00298499
0
0.00513859
0.00255665
0.0144088
0
0.00290465
0.00264244
0.0109997
0.00897714
0.0149467
0
0.00784866
0
0
0.00254331
0.00300972
0.002724
0.0134753
0.0030357
0
0.00454977
0.00276221
0
0.00771286
0.0110093
1.05932
0
0
0
0.00261257
0
0
0.00255768
0.00282266
0.00341069
0
0.00871704
0
0.00867877
0.00560342
0
0.00261331
0
0
0
0
0.00284347
0.0170606
0.00311777
0
0
0.0226744
0.00274119
0
0.022096
0.00535945
0.00302182
0.00338573
0.0111624
0
0
0.00282266
0
0
0
0
0
0
0.00676722
0
0.0112325
0
0.00282266
0
0
0
0
0.0127922
0.0316793
0.0025601
0.0223216
0
0
1.0192
0.989888
0.981574
0
0
0.0163786
0.00579589
0
0.00280909
0.00284175
0.00846405
0.011892
0.0106628
0.0149043
0.00538972
0.0332701
0.00297324
0.0027511
0
0.00280534
0.00537917
0
0.00248798
0.0225922
0.00575362
0.00307162
0.00413631
0.0087753
0.0057509
0.00260975
0
0
0.00867931
0.00274759
0.0055037
0
0.00845584
0.0041736
0.00880592
0.00874135
0
0
0.00263259
0.00370857
0.00284115
0
0
0.00813626
0.0237998
0.0338795
0.00292263
0
0.00344101
0.00573586
0.00571537
0.0122715
0.0058759
0.00516637
0.0200142
0.0194832
0.0153097
0.0120302
0.00307947
0.00850553
0.00277957
0
0
0.00289542
0
0
0.00286408
0.0406282
0.00270488
0.00286189
0.0238101
0.0210473
0.988174
1.02133
0
0
0
0
0
0.00277797
0
0
0
0.0029358
0.00395353
0.00765474
0.0139811
0
0
0.00572419
0
0
0
0
0.00255768
0
0
0.00358284
0.00828473
0
0.00284253
0
0
0.00754813
0.0056761
0.00293581
0.0200782
0.00865399
0.00559675
0.00264152
0
0.00293531
0
0
0.00401082
0
0
0.00287204
0.0223198
0.0029358
0.00898103
0
0.00293531
0.00264152
0.00293531
0
0
0.043156
0.110305
0.0392435
0.0416823
0
0
0
1.02311
1.10729
0
0.0155599
0.00260699
0.0104216
0.00302555
0.00529333
0.00255768
0
0.0522506
0
0.00261255
0.00826344
0.103907
0.0182028
0
0
0.00549299
0.00477289
0
0
0.032272
0
0.00286068
0.0184937
0.0130093
0
0.00273736
0.00827031
0.00247322
0.00904147
0
0.00331329
0.0242987
0.024645
0.0172656
0.0136487
0.0112009
0.0203234
0.00247322
0.00826904
0.00252063
0.00293531
0.0037752
0.0088017
0.0108865
0.00811426
0.00576939
0
0
0.00595372
0.0028681
0.0122442
0
0.0113504
0.0599927
0.00533128
0.0398608
0.0339033
0.00609823
0
0
0.0071011
0.00319289
0.00298049
0.00571537
0.00854156
0.00286408
0.0203415
0.0029275
0
0.0351171
0.0127926
0
0.997937
0.935639
0
0
0
0.00286729
0
0
0.00245608
0.00255753
0
0.00290323
0
0.0253912
0
0
0.00296316
0
0
0.0057977
0.00255825
0
0
0.00791358
0
0.0027523
0.00401743
0.00810883
0
0
0.0045001
0.0161458
0.00264951
0.00307603
0
0
0.00579939
0
0.0125765
0.00264152
0.00263259
0
0
0
0.00314371
0
0.0252273
0
0
0
0
0
0
0
0
0.0389562
0.0387963
0.00525234
0.0179577
0
0
0
0.986095
0
0.0384623
0.00274343
0.00263815
0
0
0.00263815
0.0026435
0.00650884
0.0792905
0.00837514
0.00348221
0
0.0264549
0.00263815
0.00258946
0.00537137
0.00524404
0.00262333
0
0
0
0.00545968
0.00537525
0.00768598
0
0
0.00246178
0.0054354
0
0
0.00303453
0
0.00741967
0.00711217
0.0136306
0.00383893
0.166171
0
0.0163174
0
0.00508414
0
0
0.00370984
0.0110855
0
0.0791445
0.00849097
0
0
0.0106934
0.0028681
0
0
0
0.00300153
0.00821306
0.012484
0.0281784
0.00276273
0.00520755
0
0.00767259
0
0.00255753
0
0.00276705
0.0111283
0
0.0193008
0.00553566
0.00876915
0.0353216
0.0158336
0
1.03778
0.971112
0
0
0
0.00293663
0
0
0
0
0.0136525
0.0689527
0
0
0.00601783
0
0.0030821
0.00293498
0
0
0
0.00571299
0
0.0110365
0
0.00543589
0.0055261
0
0.00260773
0
0
0
0.00844007
0
0.00793072
0
0.00795827
0.00253836
0
0
0
0
0
0.00382866
0
0
0.0026625
0
0.00294522
0.0112125
0
0
0.00264152
0
0.00987221
0
0
0
0
0.0102309
0.00534226
0
0
1.05646
0.975213
0
0.0191037
0.00260921
0
0
0
0.00260589
0.00516761
0.0619903
0.0299834
0
0.00797809
0.00271646
0.0953499
0.00514801
0
0.00282328
0
0
0.00307289
0
0.0327111
0
0
0.0113456
0.00978601
0
0.00264805
0
0
0
0.00565147
0
0.00464575
0.0111323
0.027881
0.00419401
0.0627105
0.00275545
0
0
0.00280785
0
0.00282328
0.00607521
0.00533799
0.00451329
0.0482654
0.002995
0.00296863
0
0
0
0.00774914
0
0
0.00293531
0.0562658
0
0.0145488
0.0197648
0
0
0
0.0168321
0
0
0.0028681
0.0030577
0.00589018
0
0.00377406
0
0.020149
0.0316201
0
0
1
0
0
0
0
0
0
0
0
0.00261555
0.0223232
0.00251445
0
0
0.00272121
0.00291911
0
0
0
0
0
0
0.00275692
0.00813695
0.00576201
0
0
0
0
0
0.0256699
0
0
0
0
0.00251422
0
0
0
0.00262206
0
0
0
0
0
0
0.00660994
0.00268592
0
0
0
0
0
0
0.00261366
0
0
0.00260516
0
0
0
1.02353
0.542833
0
0.00277393
0
0.00255918
0
0.00264302
0
0
0.0333139
0
0.00262346
0
0
0.0640969
0
0
0.00264302
0
0
0
0.00264302
0.0128574
0
0
0.00970503
0
0
0
0
0
0
0.00274654
0
0
0.00286429
0.0171023
0
0
0.00273723
0
0
0
0
0
0
0.00827016
0
0
0.00260744
0
0
0
0
0
0.00253063
0
0.0296821
0
0
0.0107535
0
0.00586369
0.00258491
0
0
0.00658507
0
0.00254019
0
0
0
0.00753529
0
0
0
0.0350626
0
0
0.999995
0
0
0
0
0
0
0
0
0
0
0
0
0
0
0
0
0
0.00261472
0
0
0
0
0
0
0.00260652
0
0
0.00275233
0
0.00263815
0
0
0
0
0
0
0
0
0
0
0
0
0.00253088
0
0
0
0.00257291
0
0
0
0
0
0
0
0
0
0.00270098
0.377789
0
0
0.00264302
0
0
0
0.00255918
0
0
0
0.00520725
0.00527025
0
0
0
0
0.00255918
0
0.00257247
0
0.0260589
0.00266526
0
0.0068403
0.0112095
0
0
0
0
0.00273082
0
0.00404082
0
0
0.00264357
0
0.0578685
0
0
0
0
0
0
0.00389085
0.00791519
0
0
0.00272515
0.00253893
0
0.00260773
0
0
0
0
0
0.00271747
0.00341307
0
0
0.00525829
0.00253214
0
0
0
0
0.00271421
0
0
0
0
0.00261316
0
0
0
0
0
0
0.00265154
0
0
0
0
0
0
0.00442048
0.00663213
0.00258167
0
0.00253143
0.00265229
0
0
0
0
0.00264302
0
0.00268851
0
0.00314573
0.00663072
0
0
0
0
0
0
0.00270164
0.00270821
0
0
0
0
0
0
0
0
0
0
0.00265229
0.00256392
0
0
0
0
0
0
0
0
0.00413189
0.00988687
0.0502801
0.00253843
0.193055
0
0
0
0
0
0
0
0.0513031
0
0.0382088
0.00257884
0.00784784
0
0.00994608
0.00516956
0
0.00264152
0
0
0
0
0
0
0.00272951
0
0
0.0756328
0.00236255
0
0
0.00268956
0
0
0
0
0
0
0.00257867
0.0188781
0.00271729
0
0.00249272
0
0
0
0
0
0
0.0771814
0
0.00524889
0
0.00235612
0
0
0
0
0
0
0
0.00266299
0.226512
0
0
0
0.00249272
0
0
0
0
0
0
0
0
0
0
0
0.00274266
0.019558
0
0
0
0
0
0
0
0
0.00272094
0
0
0
0
0
0
0
0
0
0
0
0
0
0
0
0
0
0
0
0.00353486
0
0
0
0
0.0026365
0
0
0
0
0
0.037971
0
0.00257109
0
0
0
0
0
0.0026365
0
0
0
0
0
0
0.00665062
0
0.00261418
0.152648
0
0.00685019
0.00264152
0
0
0
0
0
0
0
0
0.0318514
0
0.0113208
0
0
0
0
0.00237176
0.00263217
0
0.0218336
0
0
0
0
0
0
0
0.00252818
0.00264569
0
0.00319898
0.00750111
0
0
0.0374135
0.00273685
0
0
0
0
0
0
0.00959694
0.0026024
0.00933473
0
0
0.00254352
0
0
0
0
0
0
0.0024893
0
0
0
0
0.00255929
0.00250916
0
0
0
0
0
0
0
0
0
0.00260905
0.00329009
0
0
0
0
0
0.00265322
0
0.00253306
0
0
0
0
0
0.00255856
0
0
0
0.00253306
0.0149635
0
0
0
0
0.00387808
0
0.00255855
0
0
0
0.00722165
0.00871342
0.00251644
0
0
0.00255929
0
0
0
0
0
0.0110584
0
0
0
0.00824952
0
0
0.0241895
0.00396929
0
0
0
0
0
0.00264923
0
0
0
0.0050147
0.00241995
0
0
0
0
0
0
0
0.0109653
0
0.00791377
0.149763
0
0
0
0
0
0
0
0
0
0
0
0
0
0
0
0.00249272
0
0
0
0
0
0.00500677
0
0
0
0.00263258
0
0
0.0047953
0
0
0
0.018558
0.00265407
0
0
0.00534922
0
0
0
0.00510826
0
0
0.00254019
0
0
0.00267767
0.076833
0
0
0
0
0
0
0.00249272
0
0
0
0
0
1.02404
0
0
0.00292828
0
0
0
0
0.00263895
0
0
0
0
0
0
0
0
0
0
0
0
0
0
0
0
0
0
0.00252555
0
0
0
0
0
0
0
0
0
0.00253214
0
0
0
0
0.0106065
0
0
0
0
0
0
0
0
0
0
0
0
0.00529598
0
0
0
0
0
0
0
0.00265199
0.00371228
0
0
0
0
0
0.00258986
0
0
0
0
0
0
0.00237431
0
0
0
0.0026537
0
0
0
0
0
0
0
0
0
0
0.00256891
0
0
0
0
0
0
0
0
0
0
0
0
0
0
0.00262869
0
0
0
0.00531541
0
0
0.00777724
0.00262418
0
0
0.762746
0
0
0
0
0
0
0.00522306
0
0
0
0
0.86344
0
0
0
0
0
0
0
0
0
0
0
0
0
0
0
0
0
0.00260066
0
0
0.00344207
0
0
0
0
0.00271607
0.00255244
0
0.00265285
0
0
0
0.00264777
0
0
0
0
0
0
0.0025314
0
0
0
0
0
0
0.00841506
0.00667104
0
0
0
0
0.00949275
0
0
0
0.00572106
0
0
0
0
0
0
0.00523201
0.00850721
0
0
0.00533107
0
0
0.00284011
0.00292355
0
0
0
0
0.00959463
0
0
0
0
0
0.00276679
0
0.00506238
0
0.00430726
0.00774089
0.00781479
0
0
0.0163481
0.00266927
0
0.00258753
0
0
0
0.00287151
0.0115896
0
0.00758872
0
0
0
0.00241474
0
0.00265285
0
0
0.0077164
0
0
0.00470063
0.00625668
0
0.00258753
0
0
0
0.00780054
0.0177957
0.00566275
0.00269166
0.0108547
0
0.148107
0
0.00301203
0
0.00258753
0.932805
0
0.00288014
0
0
0
0
0
0
0
0
0
0
0
0
0.00288176
0
0.00437917
0
0
0
0
0
0
0
0
0
0
0
0
0
0
0
0
0
0
0.0108489
0
0
0
0
0
0
0
0.00284011
0
0
0
0.00303443
0.00590062
0
0.00292154
0.00274868
0
0
0
0
0
0.00295646
0.0143561
0.0123622
0.00273362
0
0.0173933
0
0
0
0
0
0
0.00297512
0.0105595
0
0
0.00287474
0
0
0
0.00291979
0
0.00282192
0.00973494
0.00615973
0
0
0
0
0
0.00291979
0
0
0.00307062
0
0.00291979
0.00482176
0.00253378
0.00729946
0
0.0027064
0
0
0
0
0
0
0.00261555
0.00585774
0
0
0
0
0
0
0
0
0
0.0206983
0.0190545
0.00530289
0.0401498
0
0.0116497
0
0
0
0
0.946452
0
0.00536267
0
0
0
0.00280869
0.00295826
0
0
0
0
0
0.00823529
0
0.00267749
0
0
0
0
0.00575719
0
0
0.0055684
0
0
0
0.00288876
0.00286414
0.0028191
0
0
0.00268745
0.00562626
0.00294481
0.00288876
0.0115305
0
0
0.00446093
0.0027305
0
0.0216633
0.00268745
0
0
0
0
0
0.0135194
0.00863292
0.0112415
0.00822245
0
0.00261569
0.0054736
0
0.0053285
0
0.00814382
0
0.021971
0.0108328
0.00268814
0.00272055
0.00687156
0.00261569
0.0054736
0.00561333
0.00261569
0.00430726
0
0.00850051
0
0
0
0
0
0
0
0
0.0761209
0
0.00269044
0.00565498
0.0123013
0.0255806
0.00253803
0.00303626
0
0
0
0
0
0
0
0
0.0111694
0
0.00371228
0.00546381
0.00829552
0.0108274
0.00870441
0.00259068
0.0062539
0
0
0.00281714
0.0135004
0.00531541
0.00281663
0.0141544
0.00387045
0.0585705
0
0.0118601
0
0
0.0815337
0.00535856
0.00288876
0.0202959
0.0197926
0.0109613
0.0330367
0
0.040644
1.00958
0.00864488
0
0
0.00285372
0.997936
0
0
0
0
0
0.00269361
0.00548624
0
0.00580074
0
0.00868291
0
0.00267674
0
0.00261793
0.00284795
0
0
0.00562747
0
0.00282304
0.00288115
0.00267674
0
0
0.00560723
0
0.00306137
0.00306142
0
0
0
0
0
0.00849013
0
0.00298371
0.0028226
0.0086211
0.00292154
0.00292118
0
0
0
0
0
0
0
0
0.0113081
0
0.00556427
0.00280663
0
0
0
0
0
0.0161522
0.00295459
0.0137426
0.0206574
0.00592202
0
0
0
0.00556427
0
0
0
0.0029523
0
0.0412336
0.00584106
0.00525004
0
0
0.0026404
0.00525004
0.00553177
0.0087534
0.0117496
0.035354
0
0.00878254
0
0.0483314
0.00274327
0
0.00525004
0.00269166
0.00299984
0.00569384
0.00554824
0.00384523
0.00274894
0.00892246
0.0335431
0.00887577
0.00256945
0
0
0.00289414
0.00292118
0
0.0196516
0.00878246
0
0.0965521
0
0
0.00265695
0
0.0072949
0
0
0.0293341
0.0254684
0.00276161
0.0443343
0
0
0.461168
1
0.00555191
0.0113993
0.0134372
0.00537715
1.01044
0.995413
0
0
0
0.00287464
0
0.00603654
0.00615398
0.00280949
0.0334134
0
0.00262947
0.0118888
0
0
0.00483711
0.00548812
0
0.0030791
0.0038692
0
0.009212
0.00547691
0
0.00588768
0
0.00266689
0.00267537
0.00284795
0.0109475
0.002788
0.00600618
0
0.00282207
0.00277444
0
0.0029628
0.00276517
0.0115357
0.00289766
0
0
0.00336011
0.00266689
0.00282207
0.0471001
0.00574534
0.00569267
0
0.00269022
0.0118507
0.00280603
0.0333678
0.00595117
0
0.00846615
0.00563357
0
0
0.00523573
0.0115436
0.0196259
0.0127312
0
0.0165441
0.0517193
0.00556952
0.00301075
0
0
0.00560777
0.00286356
0
0
0
0.0129534
0
0.00282168
0.0157083
0
0.00248143
0.00270046
0
0.00842779
0
0.0028396
0.0370046
0.0203235
0.00296369
0.00268324
0.00248143
0
0.00294449
0.00536115
0.00280477
0.00248143
0.00282441
0.0140878
0
0
0.0175034
0.0109058
0.0615085
0.00958923
0
0
0
0
0.00864421
0.06582
0.0117875
0.0030951
0.00849873
0.0229287
0.00964589
0.046728
0
0
0.0027737
0
0.0452999
0.00277196
0.00316439
0.0473713
0.0335107
0.0372599
0.0979089
0
0
1.01777
0.00274818
0.00525549
0.0210255
0.0027737
0.983518
1.0032
0
0.00247253
0.00549025
0
0.0122535
0.00839694
0.00298988
0.0113827
0.00262155
0.0213138
0.00277456
0
0.00276517
0
0.00748039
0.00247392
0.00430726
0.00692591
0
0.0159932
0.00786156
0.00300318
0.0116818
0
0.00268083
0.00773906
0.00259027
0.00289078
0.00568656
0
0
0.00253942
0
0.0053615
0
0.00835219
0
0.00263062
0
0.00259214
0.00358993
0
0.00253942
0.0326158
0
0.00253942
0
0
0.0402112
0.00281945
0.00288884
0.00283051
0.00831009
0.0161159
0
0
0.00277664
0.00252028
0.00591533
0.00772317
0
0.00277062
0.0187227
0.0469434
0.0110112
0.00257877
0.0232501
0
0.0083348
0
0.00269166
0.012136
0.00287836
0.017971
0.0232996
0.00288798
0.00285988
0
0.00269166
0.00510155
0.00270996
0
0
0.00248143
0.00268364
0.0182224
0.0103391
0.0110119
0.00867669
0.0110467
0
0.00262509
0
0.00818036
0
0.0111969
0.00537997
0.00266613
0.00385484
0.00528956
0.00259213
0.0203453
0.0469112
0.0114424
0.00519803
0.00813921
0.00787639
0.0134658
0.00801135
0.00710031
0.00980885
0.0111841
0.022462
0.0156951
0.090879
0
0.00487872
0.00776682
0.00277196
0.0468814
0.00548362
0
0.0422064
0.0298597
0.179749
0.065369
0
0
0.653405
0
0.0141081
0.0110883
0.0419694
0.0025902
0.98238
1.00084
0
0
0
0.00805602
0
0
0.00350512
0
0.0025768
0.00523376
0
0
0.00560653
0
0
0.00256579
0.00502669
0.010688
0.00753456
0.0637254
0.00659571
0
0.0107333
0.00287151
0.0112346
0.00879313
0.00266823
0.0054311
0.00279101
0.0132636
0.00521382
0.00586165
0.0027966
0
0
0
0
0.00280305
0.0163231
0.0475269
0.00820885
0
0.00651864
0
0.06192
0.00546887
0
0.0134234
0.00270102
0
0
0.00547766
0
0
0
0.00545317
0
0.00270815
0.00817617
0
0.00533402
0.00246754
0.00282616
0
0
0.00281709
0.0268019
0.00793602
0.0581162
0.00808981
0.00300055
0.0803745
0
0.00262714
0
0.00270102
0.0086171
0
0
0.00730803
0.00858732
0
0
0.00268569
0.0107773
0.00540031
0
0.00266613
0.00287059
0
0.0394427
0
0.00863319
0.00903233
0.00265783
0.022841
0.00543498
0.00738676
0.00262714
0
0.0196524
0
0
0.00446123
0.0134775
0.0137858
0.0136968
0.0450471
0.00559961
0.0050894
0.010646
0.00527104
0.0272042
0.00833079
0.0295268
0
0.011374
0.0308046
0.00717749
0.0564747
0.00534995
0.00737619
0.00560468
0.0109308
0.0129443
0.027071
0.0107117
0.00415179
0.0359031
0.0361694
0.157292
0.0733025
0
0
0.212301
0
0
0.00605095
0.0108053
0.0228615
0.010488
0.995392
0.990889
0
0
0
0
0.00273271
0.00576804
0.00803892
0.0137537
0.0192014
0.0109931
0.00848823
0.013727
0.00578302
0
0.00808163
0
0.00274586
0.0261712
0.00820821
0
0.00567011
0.00260481
0.0559625
0.00270467
0.00541334
0.00880526
0.00537277
0
0.00290888
0.00256441
0.00784103
0.00625776
0.0169009
0.00284038
0
0.00510526
0.00249664
0.0025194
0.00288828
0.00533835
0.0769323
0.00266264
0.00256769
0.00862188
0
0.00814309
0.0025194
0.00276295
0.0025194
0
0.00249664
0
0.00531195
0
0.00532216
0.00281068
0.00262952
0.00264608
0
0
0
0.00260868
0
0
0.0111039
0.00267248
0.00262805
0.168652
0.016283
0.0168149
0
0
0.00266043
0
0
0.0043516
0
0
0.039737
0.00577323
0
0
0.00556026
0.0079603
0.00492935
0
0
0
0.00258516
0.0214241
0.0404406
0.0139631
0.00802149
0.007694
0.0480668
0.00530147
0.00257293
0.00513534
0
0.00530807
0.00799005
0.00539421
0.00741137
0.0167032
0.00818197
0.0305415
0
0.0139677
0.0120835
0.00636803
0
0.00557564
0.0132416
0.00271054
0.00663806
0.0817409
0.002645
0.0142163
0.0551104
0.0622803
0
0.00534772
0
0.0109645
0.00298627
0.00263651
0.00682711
0.00535511
0.0107204
0.0533886
0.00753533
0
0.846887
0
0.0731435
0
0
0.00577554
0.00797559
0.0364744
0.00538318
1.0036
0
0
0
0
0
0
0
0.00251708
0.00564513
0.0194266
0.00835703
0.00276029
0.00552252
0.0939588
0.00258371
0.00815223
0.00583478
0.00555313
0.00258371
0.00279904
0.00750485
0.020328
0.00817555
0.00493852
0.0170721
0.00818363
0.00525626
0.00278206
0.00801203
0.0161247
0
0.0184854
0.00251637
0.0125405
0.0113627
0.00256453
0.00547243
0
0.00269022
0.00249664
0
0.00253942
0
0.0080803
0
0.00532802
0.00267002
0.00544934
0.010502
0
0.00774293
0
0
0
0.00277312
0.00276009
0.00297742
0.00524144
0.0027042
0
0.00253191
0.00561746
0.00254462
0.00279517
0
0.0582144
0
0.0025362
0.00812465
0.15791
0.00412941
0.0283795
0.00502101
0.00253191
0
0
0
0.00710686
0.00963009
0
0
0.167188
0.00894209
0
0
0.00513819
0.0106726
0.00506486
0.00824398
0.0183547
0
0.00716907
0.0107634
0.0173152
0.0230564
0.020304
0.00530517
0.0106464
0.0158302
0.00757143
0.00273081
0.00535942
0.0119134
0
0.00841701
0.0101122
0.0168304
0.0456181
0.0114441
0.0335842
0.0428505
0.0052579
0.00853513
0.00250139
0.0102193
0.00516406
0.0110151
0.00843722
0.0354402
0.00865148
0.042288
0
0.0140713
0.0187531
0.0791363
0.0131072
0.00251802
0.00783304
0.0027202
0
0.0102199
0.0267252
0
0.00279208
0
0.00694196
0.00362067
0
0.970352
0
0.40183
0
0
0.00572268
0.0240333
0.0417461
0.0133283
0
0
0
0
0
0
0
0.0077829
0.00794445
0.00783368
0.00256441
0
0.00551841
0.00294796
0.00561575
0.00522332
0.00278474
0.00285934
0.0105586
0
0.00811828
0.00769632
0.00557481
0
0
0.00939762
0.00278474
0.0027238
0
0.00250982
0.00554229
0
0.0109163
0.00549638
0
0.0105411
0
0.00512863
0.0131425
0.00258587
0.00266043
0.00265982
0.0026873
0.0116722
0
0.00827797
0
0.00796541
0.00812776
0.00815409
0.00508481
0.00267354
0.00254924
0.0224296
0.0028354
0
0.00525386
0.0130714
0
0.00256994
0
0.00266441
0
0.00260299
0
0.0588096
0.00799526
0.00260597
0.00267569
0.015177
0.0111277
0.00259576
0.00257042
0
0
0
0.0142371
0.0053646
0
0
0
0.00279086
0.989591
0
0.00246385
0.0158163
0
0.00554422
0.00771877
0
0.0332574
0.0191343
0.012774
0.0327845
0.020437
0.0081548
0.00255706
0
0.00494629
0
0.0174486
0
0.0108085
0.00631907
0.0191814
0
0.00265699
0.113917
0.00281852
0.011473
0.00490059
0.00803235
0.00260855
0.0110801
0.0138374
0.0130769
0.00277678
0.0027726
0.00272175
0.0298219
0.0161034
0.00250062
0.00757478
0
0.00269044
0
0.00793436
0.00548374
0
0
0
0
0
1.0352
0
0
0.00279414
0.0810393
0.00515647
0
0
0
0
0
0
0.00502254
0.00541574
0
0.0139261
0
0.0490589
0.00289948
0.008329
0.00513896
0.00278723
0.00287835
0.00281772
0.00808121
0.0051887
0
0.00961551
0.00819303
0.0131031
0.0656318
0
0.0053866
0
0.00254552
0.00547155
0.00825518
0.00812867
0
0.0024448
0.010222
0
0.00538076
0.00812443
0.015675
0.00504952
0
0
0.00548011
0.00706418
0.00824812
0.0107001
0.00288539
0.0129062
0.00538685
0.00761069
0
0.00827135
0.00250028
0.0141349
0.0140064
0.00546696
0
0.00800524
0.00262805
0
0.00255706
0.00809959
0
0
0
0.111225
0.00259244
0.00283329
0
0.0268198
0.0138997
0.0121854
0.00313246
0.00788767
0.0025196
0
0
0.0190599
0
0.0148734
0
0
0.00514688
0
0.774946
0
0.0108696
0.00544894
0.0052879
0.00830522
0.00515875
0
0
0.0246057
0.00771119
0.00962436
0.00817791
0.00560686
0.00827789
0.0103752
0.0024373
0.00274963
0.00743037
0.00545211
0.00838542
0.00922061
0.014908
0
0
0.0362376
0
0.00852335
0
0.00275652
0.0106285
0.00258284
0.0220099
0.0105686
0
0.0310543
0
0.00290505
0.0143095
0.0233861
0.00279558
0.0102638
0.00780766
0
0.0027565
0.00275652
0.0452926
0
0.00529028
0.00260478
0.00783373
0
0
1.09033
0
0
0.0055264
0
0.00539253
0.966438
0
0
0
0
0
0
0.0109484
0.00797306
0
0.0130458
0.0141019
0
0.0167299
0.00285325
0.00290416
0.00871703
0
0.0056539
0.00796228
0.00812636
0
0.00538409
0.00657221
0.0137333
0.0244094
0.00291112
0
0.00599269
0.00298139
0
0.00507992
0.00245955
0.00801025
0.00348135
0.0669189
0.0501832
0.00523616
0.00274963
0.00273421
0.00553176
0.00552658
0.0026571
0.00290453
0.0299457
0.0132836
0.0025559
0.00551958
0.00256116
0.00249746
0.00851315
0.00552658
0
0.00553176
0.00630083
0.00275628
0.00897306
0.00604909
0.0843093
0.0131348
0.0139976
0.00590338
0.00264881
0.00799009
0.00535182
0.00304668
0.00451067
0.173599
0.017644
0.00592232
0.0141802
0.105325
0.00251358
0.00263168
0.00800585
0.0167606
0
0
0.0250671
0.00289072
0.0459569
0.0434145
0.0465165
0.043779
0
0.899949
0.00826792
0.00285263
0.00264097
0.00298619
0
0.00396971
0.0207376
0.0244919
0.0348961
0.0443743
0.0263972
0.00860704
0
0.0053568
0.00273027
0.00572837
0
0.0111786
0.033619
0.0109167
0.0292846
0.0166318
0.00834779
0.0507663
0.00287004
0.00561032
0.00670391
0.00269518
0.018514
0.0142306
0.0217765
0.0192484
0.00440973
0.0259092
0
0.00547856
0
0.0371674
0
0.012695
0.00796221
0.00549939
0.0167294
0.00277678
0.0199312
0.00285074
0.00597048
0.00259676
0.0174736
0.00819377
0
0.975142
0
0.00594298
0.00848505
0.0080841
1.01589
0
0
0
0
0.00271431
0.00522829
0.00307032
0.0110268
0.0170899
0.00808645
0.0171304
0
0
0.00250982
0
0.00562553
0.00562554
0
0.00545433
0.0129699
0.0107852
0.0152873
0
0.00524645
0.00265465
0
0
0.00246676
0.00256116
0.00853758
0.00261189
0
0
0
0.0360811
0
0.00266898
0.00574209
0.00548125
0.0149927
0.00964007
0.00289555
0.0119159
0
0
0
0.00543985
0
0.00272936
0.00534869
0.0146472
0.00530042
0.0108442
0.0188178
0
0
0.0082458
0.00277098
0.00271584
0.00303319
0.00732174
0.0801879
0.00554211
0.00290302
0.00271508
0.0499354
0.0101973
0
0.0107433
0
0.00279715
0.00568385
0.0103601
0.00281513
0.057852
0.00458974
0.0112546
0.0117934
0
0.324843
0.994406
0.00514817
0.0112452
0.00259316
0.0062116
0.0108767
0
0.00639458
0.0136112
0.00743264
0.0279777
0.00291425
0
0.00296503
0.00514817
0.00512597
0.00277444
0.0104334
0.00442122
0.00276279
0.0196004
0.014953
0.0109577
0.0060578
0.0434894
0
0.0114242
0.00854273
0.00298878
0.00818678
0.0257931
0.00532517
0.032314
0.0186113
0.0028246
0
0.00323458
0.1396
0.0029375
0.0103377
0.00556167
0
0.00836089
0.014094
0.007944
0.00295567
0.00492032
0.00611246
0
0.0030036
0
0.00289758
0.056063
0.00591224
0.37973
0
0
0
0
0.00546316
0
0.0131258
0
0.00577044
0.00296044
0.00280421
0
0
0.00282432
0
0.003012
0
0.00316381
0.0255931
0.0168253
0
0
0
0
0.00271508
0.00292406
0
0
0.00289921
0
0
0
0
0
0.00282111
0
0
0.00526361
0
0
0
0
0
0.00268799
0
0
0
0.00308357
0
0
0
0
0
0.00263575
0.00280249
0
0.0118971
0.0300911
0.00262022
0
0
0.0263956
0
0
0
0
0.00570781
0.010722
0.00569574
0.0217285
0.00878613
0.0173478
0.0060425
0
0
0.615924
1.00857
0.00290291
0.00296503
0
0.00307873
0.00565386
0.00552993
0.00564804
0.0131934
0.00334183
0.0171774
0.00295953
0
0
0.00290291
0.00286246
0.0057284
0
0.00278955
0
0.00299838
0.00544578
0.00304938
0.0310171
0
0
0
0.00290453
0
0.022544
0.00283156
0.00498061
0
0
0.00827177
0.00386177
0
0
0.00270746
0
0
0
0
0.0219805
0.00300317
0.00283476
0.0145244
0.00785185
0
0.0181087
0
0.983527
1
0
0
0
0.00273013
0
0.0029103
0.00772021
0
0.00286986
0.00590892
0
0.00272936
0
0.00939706
0
0
0
0.00356004
0.00613961
0.0119174
0.00272936
0
0
0
0.00563983
0
0
0
0
0
0
0
0
0
0
0
0
0
0.00290684
0
0
0
0
0
0
0
0
0
0.00300961
0
0
0.00291046
0
0
0.00571339
0.0028049
0
0.00289295
0.00392622
0
0.00298428
0
0.00289321
0
0.00287527
0
0
0.0765938
0
0.00274836
0.00834344
0
0.048333
0.0198373
0.0238163
0.0298669
0
0
0.991362
0.985199
1.0053
0
0
0.00876357
0.00274836
0.00279421
0
0
0
0.0121796
0
0.00349522
0
0.00296042
0
0.00272936
0
0
0
0.0029493
0.00515317
0.0029552
0
0.00681702
0.00291192
0.00301027
0.0329778
0.00272936
0
0
0
0
0
0.00296414
0.00484473
0.00743507
0.0057799
0
0
0
0
0.00287526
0
0.00290453
0.0030486
0
0
0.00304402
0.0061041
0.0142976
0
0
0
0
1.03165
0.371005
0
0
0
0
0
0.00295013
0
0.00261483
0
0
0.0030443
0
0
0.00272936
0
0
0
0.00284736
0
0
0.00611627
0
0.00272936
0
0.00573624
0
0.00272936
0
0.0185442
0.00271508
0
0
0
0.00296503
0
0
0
0
0
0
0.00271508
0
0
0.00271508
0
0
0
0.00304525
0
0
0.00566144
0
0.00298887
0
0
0
0
0.00296503
0
0.00463653
0.0552406
0.00607097
0.00314725
0.00298925
0.0197682
0
0
0
0
0.0031102
0
0
0
0
0
0
0
0
0
1.05278
1.01111
0
0
0.00272936
0
0
0
0
0
0.0457545
0.0119112
0.0105647
0.00291247
0.0239095
0
0.00290453
0.00844899
0
0
0
0.0121723
0
0.019429
0
0
0.0311965
0
0
0.00855073
0.0025192
0
0.0264052
0.00587685
0.00783489
0
0
0.002578
0.00402177
0
0
0.00560394
0.0025192
0
0.0029493
0.0080397
0
0
0.0214719
0.00384848
0
0.00788149
0
0.00560394
1
0
0
0
0
0
0
0
0
0.0069518
0
0
0
0.00278072
0
0
0.00287629
0.00285779
0
0
0.00314223
0
0.00278072
0
0
0.00278072
0.00277613
0.00571814
0
0
0
0
0.00289123
0
0
0.00310921
0
0
0.00571814
0.00304361
0.00301163
0.00272936
0
0
0
0
0
0.00290684
0.0030474
0.00286685
0.00288793
0.00261517
0
0
0
0
0
0
0.0289974
0
0
0
0.0115588
0
0
0
0
0
0
0.00820195
0
0
0
0
0
0
0
0.97834
1.13578
0.67004
0
0
0
0
0
0
0
0.0102351
0.0146865
0
0
0.00299138
0
0.00282549
0
0
0
0
0.00608562
0
0.0034117
0
0
0.0423248
0
0
0
0
0
0.0090681
0
0
0.0158294
0
0.00287758
0
0
0
0
0
0
0
0
0
0
0
0
0
0.0027271
0
0
0.995398
0.367709
0
0
0
0
0
0
0.00297388
0
0
0
0
0
0
0
0
0
0
0
0
0.00310418
0.00473344
0
0
0
0
0
0
0
0
0
0
0
0
0
0
0
0
0
0
0
0
0
0
0
0
0
0
0
0
0
0
0
0.00295873
0.00594374
0
0
0
0
0
0
0.174892
0.00293044
0.00469509
0.00312007
0.00297403
0.0146124
0
0.00295449
0
0
0
0
0.0127073
0
0
0
0
0
0
0.928733
0.948365
1.13197
0
0
0
0
0
0
0
0
0
0.0203596
0.0105833
0
0
0
0
0
0
0
0
0.00590727
0
0.0104861
0
0
0.0285676
0
0
0
0
0
0.00897364
0
0
0
0
0
0
0
0
0
0
0
0.00903082
0
0
0
0.00304038
0.00855797
0
0
0
0
0
1
0
0
0
0
0
0
0
0.0489044
0
0
0
0
0
0
0
0.00565541
0
0
0
0
0
0
0
0
0
0
0.00287629
0
0
0
0
0
0
0
0
0
0
0
0
0
0
0
0
0
0
0
0
0
0
0
0
0
0
0
0
0
0
0
0
0
0
0
0.0133307
0
0
0
0
0.00291046
0
0
0
0
0
0
0
0
0
0
0
0
0
0
0.923708
1
0
0
0
0
0
0
0
0
0
0.00293678
0
0
0
0
0
0
0
0
0
0
0
0
0
0
0
0
0
0
0
0
0
0
0
0
0
0
0
0
0
0.00275229
0
0
0
0.00299565
0
0
0
0.00303937
0
0
0
0
0
0
0.988845
0
0
0
0
0
0
0
0
0
0
0
0
0
0
0
0
0
0
0
0
0
0
0
0
0
0
0
0
0
0
0
0
0
0
0
0
0
0
0
0
0
0
0
0
0
0
0
0
0
0
0
0
0
0
0
0
0
0
0
0
0
0
0
0
0
0
0
0
0
0
0
0
0
0
0
0
0
0
0
0
0
0.233724
0
0
0
0
0
0
0
0
0
0
0
0
0
0
0
0
0
0
0
0
0
0
0
0
0
0
0
0
0
0
0
0
0
0
0
0
0
0
0
0
0
0
0
0
0
0
0
0
0
0
0
0
0
0
0.534963
0
0
0
0
0
0
0
0
0
0
0
0
0
0
0
0
0
0
0
0
0
0
0
0
0
0
0
0
0
0
0
0
0
0
0
0
0
0
0
0
0
0
0
0
0
0
0
0
0
0
0
0
0
0
0
0
0
0
0
0
0
0
0
0
0
0
0
0
0
0
0
0
0
0
0
0
0.132055
0
0
0
0
0
0
0
0
0
0
0
0
0
0
0
0
0
0
0
0
0
0
0
0
0
0
0
0
0
0
0
0
0
0
0
0
0
0
0
0
0
0
0
0
0
0
0
0
0
0
0
0
0
0
0
0
0
0
0
0
0
0
0
0
0
0
0
0
0
0
0
0
0
0
0
0
0
0
0
0
0
0
0
0
0
0
0
0
0
0
0
0
0
0
0
0
0
0
0
0
0
0
0
0
0
0
0
0
0
0
0
0
0
0
0
0
0
0
0
0
0
0
0
0
0
0
0
0
0
0
0
0
0
0.0160528
0
0
0
0
0
0
0
0
0
0
0
0
0
0
0
0
0
0
0
0
0
0
0
0
0
0
0
0
0
0
0
0
0
0
0
0
0
0
0
0
0
0
0
0
0
0
0
0
0
0
0
0
0
0
0
0
0
0
0
0
0
0
0
0
0
0
0
0
0
0
0
0
0
0
0
0
0
0
0
0
0
0
0
0
0
0
0
0
0
0
0
0
0
0
0
0
0
0
0
0
0
0
0
0
0
0
0
0
0
0
0
0
0
0
0
0
0
0
0
0
0
0
0
0
0
0
0
0
0
0
0
0
0
0
0.03603
0
0
0
0
0
0
0
0
0
0
0
0
0
0
0
0
0
0
0
0
0
0
0
0
0
0
0
0
0
0
0
0
0
0
0
0
0
0
0
0
0
0
0
0
0
0
0
0
0
0
0
0
0
0
0
0
0
0
0
0
0
0
0
0
0
0
0
0
0
0
0
0
0
0
0
0
0
0
0
0
0
0
0
0
0
0
0
0
0
0
0
0
0
0
0
0
0
0
0
0
0
0
0
0
0
0
0
0
0
0
0
0
0
0
0
0
0
0
0
0
0
0
0
0
0
0
0
0
0
0
0
0
0
0
0
0
0
0
0
0
0
0
0
0
0
0
0
0
0
0
0
0
0
0
0
0
0
0
0
0
0
0
0
0
0
0
0
0
0
0
0
0
0
0
0
0
0
0
0
0
0
0
0
0
0
0
0
0
0
0
0
0
0
0
0
0
0
0
0
0
0
0
0
0
0
0
0
0
0
0
0
0
0
0
0
0
0
0
0
0
0
0
0
0
0
0
0
0
0
0
0
0
0
0
0
0
0
0
0
0
0
0
0
0
0
0
0
0
0
0
0
0
0
0
0
0
0
0
0
0
0
0
0
0
0
0
0
0
0
0
0
0
0
0
0
0
0
0
0
0
0
0
0
0
0
0
0
0
0
0
0
0
0
0
0
0
0
0
0
0
0
0
0
0
0
0
0
0
0
0
0
0
0
0
0
0
0
0
0
0
0
0
0
0
0
0
0
0
0
0
0
0
0
0
0
0
0
0
0
0
0
0
0
0
0
0
0
0
0
0
0
0
0
0
0
0
0
0
0
0
0
0
0
0
0
0
0
0
0
0
0
0
0
0
0
0
0
0
0
0
0
0
0
0
0
0
0
0
0
0
0
0
0
0
0
0
0
0
0
0
0
0
0
0
0
0
0
0
0
0
0
0
0
0
0
0
0
0
0
0
0
0
0
0
0
0
0
0
0
0
0
0
0
0
0
0
0
0
0
0
0
0
0
0
0
0
0
0
0
0
0
0
0
0
0
0
0
0
0
0
0
0
0
0
0
0
0
0
0
0
0
0
0
0
0
0
0
0
0
0
0
0
0
0
0
0
0
0
0
0
0
0
0
0
0
0
0
0
0
0
0
0
0
0
0
0
0
0
0
0
0
0
0
0
0
0
0
0
0
0
0
0
0
0
0
0
0
0
0
0
0
0
0
0
0
0
0
0
0
0
0
0
0
0
0
0
0
0
0
0
0
0
0
0
0
0
0
0
0
0
0
0
0
0
0
0
0
0
0
0
0
0
0
0
0
0
0
0
0
0
0
0
0
0
0
0
0
0
0
0
0
0
0
0
0
0
0
0
0
0
0
0
0
0
0
0
0
0
0
0
0
0
0
0
0
0
0
0
0
0
0
0
0
0
0
0
0
0
0
0
0
0
0
0
0
0
0
0
0
0
0
0
0
0
0
0
0
0
0
0
0
0
0
0
0
0
0
0
0
0
0
0
0
0
0
0
0
0
0
0
0
0
0
0
0
0
0
0
0
0
0
0
0
0
0
0
0
0
0
0
0
0
0
0
0
0
0
0
0
0
0
0
0
0
0
0
0
0
0
0
0
0
0
0
0
0
0
0
0
0
0
0
0
0
0
0
0
0
0
0
0
0
0
0
0
0
0
0
0
0
0
0
0
0
0
0
0
0
0
0
0
0
0
0
0
0
0
0
0
0
0
0
0
0
0
0
0
0
0
0
0
0
0
0
0
0
0
0
0
0
0
0
0
0
0
0
0
0
0
0
0
0
0
0
0
0
0
0
0
0
0
0
0
0
0
0
0
0
0
0
0
0
0
0
0
0
0
0
0
0
0
0
0
0
0
0
0
0
0
0
0
0
0
0
0
0
0
0
0
0
0
0
0
0
0
0
0
0
0
0
0
0
0
0
0
0
0
0
0
0
0
0
0
0
0
0
0
0
0
0
0
0
0
0
0
0
0
0
0
0
0
0
0
0
0
0
0
0
0
0
0
0
0
0
0
0
0
0
0
0
0
0
0
0
0
0
0
0
0
0
0
0
0
0
0
0
0
0
0
0
0
0
0
0
0
0
0
0
0
0
0
0
0
0
0
0
0
0
0
0
0
0
0
0
0
0
0
0
0
0
0
0
0
0
0
0
0
0
0
0
0
0
0
0
0
0
0
0
0
0
0
0
0
0
0
0
0
0
0
0
0
0
0
0
0
0
0
0
0
0
0
0
0
0
0
0
0
0
0
0
0
0
0
0
0
0
0
0
0
0
0
0
0
0
0
0
0
0
0
0
0
0
0
0
0
0
0
0
0
0
0
0
0
0
0
0
0
0
0
0
0
0
0
0
0
0
0
0
0
0
0
0
0
0
0
0
0
0
0
0
0
0
0
0
0
0
0
0
0
0
0
0
0
0
0
0
0
0
0
0
0
0
0
0
0
0
0
0
0
0
0
0
0
0
0
0
0
0
0
0
0
0
0
0
0
0
0
0
0
0
0
0
0
0
0
0
0
0
0
0
0
0
0
0
0
0
0
0
0
0
0
0
0
0
0
0
0
0
