0.165788
0.0106694
0.165788
0.165788
0
0.0418623
0
0.0112653
0.0104706
0
0.016664
0
0
0.0112653
0.0161639
0.00652491
0
0.0203906
0
0.00991271
0
0
0
0.126828
0
0.00928067
0.00983623
0
0.0208177
0.00886973
0.00652491
0
0
0.00991997
0.0148656
0
0.0148122
0.0165483
0.0217352
0.364561
0
0.00936143
0.0100761
0
0
0
0.0161203
0
0.0076106
0.00797904
0.0154651
0.00991997
0.0295891
0.0142925
0
0.0137758
0
0.00714886
0.0410593
0.0111932
0.0123946
0.594334
0
0.00936143
0.0119071
0
0
0
0
0
0.0326027
0.0076106
0
0.00793975
0.0156864
0
0.0194203
0.0171177
0
0.0430677
0
0.0107924
0.0272949
0.0119909
0.0149915
0.0148122
0
0.0152248
0.0811069
0.0125179
0
0.778565
0.0158371
0.0284978
0.0119071
0
0.0100301
0.0112164
0.0218575
0.0076106
0
0.00793975
0.00847289
0
0
0.0716608
0.0171177
0
0.0281735
0.0107924
0.13241
0.00731286
0
0
0.0154171
0.155448
0.0125179
0
1.01763
0.00959071
0.0158371
0.0187809
0.0119071
0
0.0116205
0.0211892
0
0
0.00793975
0.0157831
0.0110258
0
0.124422
0.0171177
0
0.0148656
0.0107924
0.195131
0.0291311
0.0334176
0
0.0398899
0.283063
0
0
1.00343
0.0158371
0.0187809
0
0.00983052
0.0116205
0
0.011048
0.0164013
0.00790189
0.0239176
0
0
0.0837147
0.0171177
0.0148656
0.0107924
0.117371
0.0147252
0.0168524
0.00871573
0.0163969
0.136244
0
0.98206
0
0
0
0.0116205
0.011048
0.0164013
0.0148471
0.0321135
0.0115133
0.0730491
0.0145994
0.0107924
0.102259
0
0.0435955
0.094055
0.0129408
0.94601
0
0
0.00875815
0.0116205
0.0210354
0.162293
0.0403053
0
0.0134311
0.0219733
0.209746
0
0
0.0529039
0.0106426
0.518177
0.0171213
0.00875815
0.00999358
0.655287
0
0.0145451
0.00997681
0
0
0
0
0.0291715
0.0108861
0.376296
0.0180496
0
0.0101234
0.880852
0
0
0
0.0581429
0.00929147
0
0.0146888
0
0.858625
0
0.0296224
0.00929147
0.858625
0
0
0.0149169
0.85124
0.00842011
0.0159002
0.0146331
0.00716211
0.873731
0.0107674
0.061361
0.0477354
0.0151027
0
0.0286046
0.0071456
0.0234493
0.0121427
0.00753719
0.0296389
0.00840293
0.0159002
0.0177218
0.0101624
0.00953878
0.0214849
0.736002
0.0111512
0.0136919
0.0465158
0.0381912
0.0451792
0.026514
0
0.0299924
0.055824
0.011352
0.0208676
0
0.0230994
0.00988794
0.0230187
0.00848327
0.0291654
0.0320213
0.0918929
0.0205293
0
0.029093
0.00754415
0.0204577
0.0207505
0.00679317
0.53036
0
0.0137606
0.0299477
0.0186309
0.0312781
0.0731336
0
0.0585373
0.0681822
0
0.0115645
0.0468714
0.0148394
0
0.0775623
0.162739
0.053721
0.0185171
0.0449441
0.00846028
0.0112973
0.0159002
0.0910604
0.0420391
0.0407227
0.0293897
0.00755149
0.0204577
0.0199764
0.00704591
0.207221
0.0111935
0.006897
0.118193
0.0101708
0.0486981
0.046441
0.0135437
0.0178357
0.117115
0.0705038
0.0133601
0.0215066
0.0615259
0.0148394
0.00925554
0.112681
0.00961618
0.314171
0.037948
0.0601073
0.0258472
0.0107777
0.0179265
0.0655638
0.070139
0.00967598
0.0147808
0.01656
0.0568569
0.0199273
0
0.480168
0.0110733
0.0142383
0.0891477
0.0305378
0.0812091
0.0283583
0.054945
0.0379307
0.144025
0.142088
0.0430956
0.0226535
0.0410948
0.062236
0.0355644
0.147762
0.0194922
0.0112137
0.550466
0.023279
0.0614006
0.00865868
0.0228587
0.0160866
0.0843917
0.0195369
0.0106854
0.0155227
0.00769792
0.0205624
0.0202552
0.00785111
0.548328
0.033316
0.00732437
0.134847
0.0402456
0.032365
0.0450995
0.0419619
0.0393615
0.154363
0.101423
0.0439077
0.0225931
0.0136401
0.0306006
0.0266272
0.143887
0.0223045
0.0335662
0.412653
0.0153315
0.00959156
0.0945809
0.0107777
0.0284484
0
0.0290219
0.0203424
0.045875
0.0207312
0.0108042
0.00810541
0.349423
0.0654183
0.199771
0.0415798
0
0.0277368
0.0696164
0.0215257
0.051747
0.0717168
0.0565315
0
0.0212901
0.0158524
0.0187626
0.164772
0.0111442
0.0112137
0.317625
0.0153315
0.0187993
0.0778759
0.00899823
0.0107777
0
0.0190257
0.00982108
0.0207473
0.0300964
0.00837003
0.0277886
0.0108042
0.00810541
0.287334
0.0332893
0.201434
0.0415987
0.0156452
0.0193092
0.0559953
0.0215257
0.0420438
0.0433402
0.0702834
0
0
0.0158524
0
0.180788
0.0106711
0.0127304
0.238926
0.0235256
0.0187581
0.0323027
0.00847925
0.0503417
0.0279741
0
0.030483
0.0100122
0.0162182
0
0
0.0203691
0.00810541
0.142006
0.0538652
0
0.217927
0.020868
0
0.0193092
0.0849342
0.0324891
0.0284806
0.0839494
0
0.0168464
0.0178783
0.104587
0.423286
0.0387486
0.0473078
0
0.0151319
0.00894837
0.0407533
0.0100122
0.00841816
0
0.0116066
0
0.0560906
0.0222768
0.0319154
0.0385179
0.0144573
0.00984168
0.0140335
0.0198864
0.0110485
0.0301302
0.0287758
0.0226075
0.00716086
0.0160147
0.046196
0.102398
0.0112253
0.0117934
0.310217
0.0454475
0
0.0175943
0
0.0197966
0.0114577
0
0
0.00686935
0.0166568
0.0116677
0.0318117
0.0305491
0.00937758
0.0140335
0.0767549
0.0141795
0.0281493
0.04642
0.00743973
0.0951038
0.00960215
0.0244106
0
0
0.110317
0
0.0621192
0.0179295
0.0100445
0.0104871
0
0.00769661
0.0075483
0
0.0159177
0.0101524
0
0
0.0198864
0.0395887
0
0.0139259
0.0245513
0.00743973
0
0.00893719
0
0.0107014
0.011071
0.106349
0.0083026
0
0.031301
0
0
0.0100445
0.0104871
0.01038
0.0146147
0.0220145
0
0
0.00778292
0.0624782
0.0207571
0
0
0.0144291
0.0199575
0.0105617
0
0.0362797
0.0212313
0
0.0173159
0.0746974
0
0
0.300956
0.0235494
0.018144
0.0309001
0
0.0115319
0
0.0191695
0.032544
0.0104871
0.0312799
0
0.029658
0.0115802
0.00732904
0
0.0115668
0.00778292
0.109813
0.0101524
0
0.00942463
0
0
0.0421823
0.029268
0.0469741
0.0072732
0
0.0272311
0.129789
0.0106048
0
0.795621
0.0237882
0.0271408
0.0329587
0.00909979
0.0114087
0.0164429
0.0662533
0.0112826
0
0.0114317
0.0171489
0.0294417
0
0.00814426
0.00797762
0.0138319
0.188696
0.0101524
0
0.0191875
0.0425072
0.0209824
0.0942376
0
0.0477359
0.0144342
0
0.0287593
0.187835
0.0100537
0.0117096
1.01095
0.0473249
0.0183481
0.0788617
0
0.0229405
0.0161627
0.0761978
0.0104146
0.0100386
0
0.00790484
0.0371359
0.0237305
0.0109861
0.0283788
0.218169
0.0201798
0
0.0287293
0.0425072
0.0209824
0.188927
0
0.01458
0
0.0296516
0
0.0470722
0.252103
0.0117096
1.00153
0.0322084
0
0.125872
0.00868454
0.0115319
0.0675936
0.0275721
0
0.0105389
0.0107165
0.014287
0.0236168
0.00845338
0.0115072
0
0.200308
0.0101524
0.0280689
0.0142618
0.0410127
0.199782
0.0457077
0
0.0293214
0.0150881
0.0642094
0.227193
0.0110965
0.0117096
1
0.0314099
0.00915554
0.094579
0.0173111
0
0.034801
0.0193056
0.0105389
0
0.0149497
0.0232692
0.0228699
0.0103354
0.0143082
0.18287
0.0205234
0.0168489
0.0562973
0.0142618
0.0413626
0.155759
0.0299997
0.0364213
0.0363241
0.0160892
0.127278
0.172708
0.0102413
0.0109726
0.925742
0.0234876
0.017099
0.0446891
0.00889243
0.0165335
0
0.0101651
0.00956922
0.00824619
0.00745602
0.0111278
0.0676386
0.0081755
0.0104923
0.0142104
0.134227
0.050319
0.0320697
0.129152
0.0131634
0
0.0800526
0.0147174
0.0354211
0.0337087
0.0305024
0.112575
0.0891996
0.0102172
0.0351002
0.54455
0.00715179
0.00865056
0
0
0.0328254
0.0086919
0
0.00933733
0.0101834
0.0158113
0.0401142
0.00745602
0.0111278
0.0294796
0.0163569
0
0.0370707
0.124027
0.0288582
0.0930656
0.282205
0.0137708
0.0368768
0.118098
0.0146953
0
0.0439336
0.034259
0.0306095
0.0356247
0.062817
0
0
0.406701
0
0.00865056
0.031941
0.0109467
0.0172046
0
0.00953559
0.0308954
0.0639702
0.00745602
0.0111278
0.0359273
0
0
0.0353208
0.0156125
0
0.0152195
0.290499
0.0401123
0.0806375
0.0145336
0
0.0435541
0.0279084
0.0145203
0.0536033
0.0541053
0.0102782
0.0219801
0.317656
0
0.0319544
0.00925089
0.0166148
0.00978091
0.0105131
0.016014
0.0110642
0.0078162
0.00733065
0
0.0210122
0.0160106
0.111486
0.0585563
0.0598177
0
0.013359
0.0662504
0.00696664
0.0295352
0.0437271
0.0308697
0.00967532
0.0218482
0.0833186
0
0.00924398
0.0446881
0.00930878
0.00782372
0.0071615
0.00710161
0.0157375
0.0165964
0.0278352
0
0.0206658
0.0302372
0.00696664
0.0295352
0.0173151
0.00967532
0.0119279
0.0226394
0
