0.00271755
0.0233589
0.00265912
0.0209568
0.00280535
0.0233589
0.0236489
0.0206998
0.00910818
0.0238722
0.0888991
0.0687234
1.0272
0.074574
0.0141786
0.0899552
0.0226938
0.0101481
0.0113801
0.00285176
0.00279885
0.0139926
0.022735
0.0678107
0.0028326
0.665576
0.35097
0.698651
0.973494
0.0201749
0.0591591
0.0167801
1.05542
0.30653
0.978539
0.187612
0.516386
0.219382
0.548086
0.0135527
0.00338816
0
0.020329
0.0264091
0.00290551
0
0.00318311
0.00290551
0.028648
0.00290551
0.00967835
0.00587884
0.042819
0.00566727
0.00278635
0
0.0101645
0.0060661
0.0143628
0.0112167
0.0426486
0.621578
0.00973593
0
0
0
0.00557052
0
0
0.0419938
0
0.00287799
0.00707467
0.00557356
0
0.111988
0.0149691
0.0113517
0.00570652
0.00306718
0
0.00289422
0.0113275
0.00886431
0.00875049
0
0.0278511
0.00298096
0.00279618
0.0171714
0.0138703
0.0368462
0.252847
0.0387698
0
0
0
0
0
0.00294273
0
0.00297549
0.00300405
0.00832704
0.00328279
0.0161412
0.00587498
0.00289117
0
0.00282245
0.130533
0.0159543
0.00836608
0
0.00570025
0
0.00380528
0
0
0.00284645
0.0116824
0
0.266271
0
0.0520961
0.00850608
0
0
0.0141992
0
0.00283983
0.00271118
0
0
0.00283983
0.0356521
0
0.00596441
0.054979
0.0520269
0.201654
0.497729
0.269056
0.00298011
0.0034492
0
0
0.00298179
0
0.00289472
0.00600473
0.0220003
0.00303195
0.0288303
0
0.00286445
0
0.00912664
0.00582399
0.00275021
0.0038318
0
0.0083861
0.00562582
0
0
0.00289247
0.00570561
0.0260427
0.0200397
0.00572745
0.0290345
0.00534392
0.00560731
0.00566091
0.0026902
0
0.0177238
0.0577558
0.134682
0.00298643
0.00265372
0.0025157
0.0153821
0.0026902
0.0171711
0.0168197
0
0.00264857
0.0180536
0
0
0.00291711
0
0
0.0115563
0.00276379
0.00306863
0.00434052
0.0706607
0.0271053
0.00280625
0.00546817
0.00289247
0
0.00582749
0.0143788
0.00289247
0.0133628
0.00305359
0
0.0283823
0.00811178
0.00275936
0.00596414
0.054987
0.0127374
0.00286648
0.00278217
0.010817
0
0.00280718
0.00275936
0
0.0056999
0.00306595
0.0196117
0.033963
0.0202695
0.13345
0.603858
0.349425
0
0.00271118
0.00277603
0.00438476
0.00804006
0
0.00291311
0.00312212
0
0.00280573
0.00286163
0
0.0043832
0
0.0173445
0.00812988
0
0
0.00296777
0.00267882
0.00271797
0.00295942
0.00282528
0.0116587
0.00282943
0.00280522
0.00271498
0.00298096
0.00284365
0
0.00347459
0
0
0
0.00852152
0.00288689
0.00548615
0
0.00949712
0.00277212
0.00585538
0.00595762
0.00291652
0.00274426
0.00279054
0.00249497
0.0117451
0.00403335
0
0.00301665
0.00846854
0.00597366
0.0173286
0.0029192
0
0.0192092
0.00298452
0.0030169
0
0
0
0.00560001
0.00282335
0
0.00285466
0.00270754
0.00282335
0.00309956
0
0.0228934
0.00614501
0
0
0.00274272
0.00261379
0.00270754
0.00282335
0
0.00860236
0.00270754
0
0
0.00301968
0.00386792
0.0192455
0.00279715
0
0
0.0086403
0.00568876
0.0243172
0
0.00602461
0.00421472
0.00270531
0
0.0029503
0.0169779
0.00571744
0.011493
0.0207776
0.126391
0.0745978
0.448176
0
0
0
0.00283983
0
0
0
0.00299273
0.00865265
0
0
0.00302603
0.00269426
0.00277395
0
0.0432884
0.00326986
0.08236
0.00289247
0
0
0.00324062
0.0178333
0.00284347
0.00286881
0
0.00295466
0
0.00280522
0.00669214
0
0.0169401
0
0.00590357
0.0029735
0.0874765
0.00556686
0
0.041594
0
0.00278283
0.00284833
0
0.0196763
0.00587263
0.00892353
0.00287327
0.00289247
0
0.00585691
0.00675641
0.0338745
0.00289679
0.00637251
0.00992558
0
0.00286898
0.0865768
0.00543073
0
0.00276689
0.0180215
0.00569019
0.00291379
0.0038253
0.00307006
0
0.0028011
0.00265905
0.00282335
0.0117544
0
0.02061
0
0.00559457
0
0.00303098
0.00278108
0.0103642
0
0.0103599
0.00855377
0
0.00289868
0.010292
0.0149321
0.007085
0
0.0344445
0
0.0435873
0.00280522
0.00952947
0.00901235
0.0433341
0.0193625
0.505504
0.997033
0.905339
0
0
0
0.00284925
0.00968502
0.00271797
0
0.039618
0.00419951
0.00587622
0.00285273
0.00305879
0.00282798
0.0119264
0.00572654
0.00560169
0.00580743
0.00580203
0
0.00277395
0.00282943
0.0178295
0
0.0127638
0
0.00268925
0
0.00279922
0.00279029
0.00282943
0.00281566
0.00299189
0
0.011565
0.00559294
0
0.0112624
0
0.00275342
0.00292746
0.00282943
0
0.00987131
0
0.00852411
0.00249552
0.0117766
0.0180719
0
0.00586517
0.00294395
0
0.00857245
0.00359225
0.00680039
0.0113355
0.0055922
0.00265905
0.00253153
0.00284756
0.00279395
0.00267696
0.00285354
0.00961863
0.0380238
0
0.00335789
0
0.00273045
0.00250696
0.00545764
0.00277754
0.00293763
0
0.00283942
0
0.00730206
0
0.0395586
0
0.00297099
0.00547657
0
0.0424807
0
0.00864513
0
0.19182
0
0.00265941
0.0114158
0.0029503
0
0.0139754
0.935689
1.02623
0.0140886
0.00283903
0.00574029
0.00821991
0.0295107
0.00288001
0.0283821
0
0.00279395
0.00296166
0.00284063
0.00276979
0.00293456
0.00685275
0.00556984
0.0285353
0
0.00856128
0
0.00880268
0.00291657
0
0
0.00288171
0.00591865
0.00270721
0.00278108
0.00466886
0.00274568
0
0.0029192
0
0.00265905
0.0027657
0.0413314
0.00559122
0
0.00296934
0.00249552
0.00265791
0.00291711
0.024602
0.0119925
0.0118168
0.00956675
0.0223383
0.00291652
0.0125019
0.00867258
0.0093895
0.0188069
0.0187164
0.0059129
0
0.00267875
0.00326472
0.00892319
0.0104934
0.0481529
0.00257478
0.0221102
0.00493638
0.00282943
0.00286941
0.00291745
0.0214869
0.0279855
0.00291381
0.00654146
0.00524048
0.00280039
0.00277395
0.00303215
0.00579695
0.0139804
0.0156987
0.204943
0.00256724
0.0059654
0.161425
0.00296987
0
0.00499311
0.0053323
0.00263029
0.0338516
0.00637505
0.00270796
0.0574702
0.0373156
0.996836
0.965044
0.0228754
0
0.00295672
0.00557552
0.00506844
0.003826
0.00565019
0
0.00834341
0.00277395
0.00280573
0.00301049
0.011176
0.0082662
0.00245826
0.00719718
0.00297816
0.00602453
0.0122777
0
0
0
0.00873184
0.00284761
0.00598298
0.00293456
0
0.0664474
0.00587551
0.0057392
0.00287887
0.00564576
0.00310585
0
0.0029069
0.0334505
0.0026523
0.00287887
0.00287887
0.00280926
0.00265872
0
0.0271159
0.00893668
0
0
0.00559649
0
0.00991655
0.0561202
0.0145969
0.00256659
0.00276875
0.0559629
0
0.00288718
0.00813961
0.00288202
0
0.00263029
0
0.00560793
0.00272186
0.500018
0.00574356
0
0.00263029
0.00256239
0.00542696
0.0346217
0.0258491
0.947768
1.00649
1.00294
0.323676
0.00289653
0.0124994
0.0611036
0.00307211
0.0113701
0.00949177
0
0.0250909
0.00305059
0.00677796
0.00256446
0.00256255
0.00261426
0.00256446
0.00260262
0.00545304
0.00256446
0.0543908
0.0474248
0.0716168
0.937267
0.0157825
0
0.00281544
0.00382652
0
0.0843836
0.00250829
0.0325368
0
0.00262055
0
0.00274885
0.00258247
0.007804
0.00269202
0
0.00512341
0
0.00840265
0.0343895
0.00724477
0.020646
0.0544978
0.00892586
0
0
0.0024819
0
0.00360113
0.00260656
0.00550409
0
0.0111458
0.00877425
0.00289247
0.00801588
0.00297821
0.00508664
0.0675351
0.00524282
0.0039802
0.553316
0
0.00261044
0.0728855
0.00481642
0.00289247
0
0.00252079
0.0130324
0.00518589
0.0128999
0.0161625
0.320513
1.00399
1.16461
1.01195
1.01186
1.00031
0.00252937
0.00366907
0.00409315
0.0377903
0.00262298
0.00523705
0
0.00259233
0.00399374
0.00706999
0.00305698
0.00257234
0.0147524
0.0760714
0.00246322
0.00266417
0.00257234
0.0776471
0.0377383
0.111193
0.746859
0.0107505
0.0764166
0.00512014
0.00260262
0.00691311
0
0.0775781
0.00517304
0.0130585
0.00257234
0
0.00337409
0
0.00257022
0
0
0.00817939
0.0187585
0.0065245
0.0197821
0.0410077
0
0
0.00277413
0.0579643
0.00267025
0
0.00297821
0.00297821
0.0441744
0.115763
0.00251202
0.00377319
0.311548
0.00271468
0.00530547
0.0314202
0.00297821
0.00384321
0.0156872
0.013566
0.284997
0.0192074
1.00236
1.17864
0.951827
0.675745
0.99792
1
0.00359202
0.00269408
0.00350316
0.00275122
0.00987806
0.0110931
0.00263795
0.0110455
0.0107805
0.00258839
0.00323549
0.025323
0.00262819
0.0190918
0.0837691
0
0.00267366
0.00268315
0.0256116
0.0178055
0.0111541
0.0114933
0.00272092
0.00255671
0.00783859
0.00772561
0.00530271
0
0.019309
0.00258839
0.00274141
0.0052335
0.0670483
0.00276088
0.00267006
0.00262725
0.00337617
0.0118467
0.00261547
0.0219065
0.995529
0.115704
0.00419376
0.00263567
0.054098
0.00371802
0.00838752
0.0188659
0.00264366
0.00606715
0
0.00777064
0.00525193
0
0
0.00261096
0.0107204
0
0.00262638
0.0866356
0.00328103
0.00356811
0.00520076
0.00255752
0
0.00688904
0.0108228
0.00244065
0.00256616
0.00252598
0.00250412
0.0236939
0.0156141
0.00810739
0.0109869
1.00251
0
0.00257288
0.00258385
0.0444089
0.00305019
0.00271002
0
0.00269174
0.00250412
0.00499902
0
0.0159882
0.00271142
0.00266614
0.0119443
0.00252598
0.00274944
0.00571317
0.00279662
0.332058
0.733609
0.00262031
0
0
0
0
0
0
0
0.00992211
0.0333152
0.00811954
0.0248905
1
0.0153366
0
0.0306616
0.00261794
0.00518026
0.00250412
0.00536141
0
0.00266614
0
0
0.00257196
0
0.0792723
0
0.0164093
0.00532604
0.00258492
0.012676
0.279886
0.0643385
0
0.00508406
0.00241708
0.00250412
0.00288697
0
0
0
0
0.00250483
0.00269621
0
0.0154815
0
0.00739734
0.00248548
0.0131023
0.00508961
0
0.0034436
0.0051605
0.00259303
0.00508961
0.00508961
0
0.0359376
0.0249133
0.0237554
0.0467494
1.00041
0.0766299
0
0.00510783
0.00537138
0
0
0
0.0127807
0.00251646
0.00510837
0.00241671
0.00525822
0.0026723
0.00775477
0
0.0047704
0.00258439
0.00540789
0.0079563
0
0.00785848
0
0
0.384083
0.0055604
0.00258492
0
0.00251646
0.0770747
0
0.00270804
0
0.00258492
0.00515163
0.0131995
0.0305694
0.00659799
0.00262434
0.00248548
0.00494728
0
0
0.0159505
0.502524
0.164013
0.00501935
0
0.00263057
0.00250572
0.00538906
0
0.0691761
0.0199762
0
0
0
0.00527482
0.00250412
0
0.00782914
0
0
0
0.00271372
0.0119579
0
0
0.0217012
0.00718248
0.00248307
0.00766167
0
0.05762
0
0.00326283
0
0.00261429
0
0.00969346
0
0.0934349
0.0760566
0.0775106
0.0451429
0.0595359
1
0.018462
0.00268324
0.00267957
0
0.0161063
0.0785848
0.00796944
0.0110412
0.00278571
0.00250348
0
0
0.0160691
0.00550615
0.00269984
0.00921296
0
0
0.00260822
0.00614601
0.00469567
0.00280462
0.00754725
0.14084
0.00277355
0.00861462
0
0.0052482
0.00815968
0.0445865
0.00811484
0
0.00528856
0.0052948
0.00258881
0.0136434
0.0316913
0.00969822
0.00280313
0.00528856
0
0.00528856
0
0.00270742
0.0192481
0.0158962
1.01654
0.656019
0.00251717
0.00256495
0.00528504
0.00498226
0.00250806
0.00585864
0.00274707
0.0027631
0.00256689
0.00250987
0.00274281
0
0.00794905
0.0103504
0
0.00725169
0.0775318
0.00540521
0.029831
0.0103585
0.00250987
0.0214003
0.00278008
0.0132948
0.0050948
0.00648866
0.0289032
0.00258903
0.00265895
0
0.0072881
0.013065
0.282566
0.100232
0.044363
0.0578383
1
0.230414
0.00249052
0
0.00859581
0.00258294
0.00253483
0
0.0181756
0.0116666
0.121539
0.00805498
0.0400322
0.0188937
0.00263293
0
0.00253483
0.00247757
0.0053913
0.00502041
0
0.00796113
0.00440069
0.0561661
0.00521785
0.0136536
0.0334303
0.00271121
0
0.0375558
0.0567115
0.0164091
0.00551856
0.00239953
0.00263572
0.00343426
0.016608
0.0795357
0.0341271
0.0136755
0.00251918
0.0118975
0.00258492
0.0103048
0.0459043
0.0274303
0.0612026
0.0106059
0
0.0125959
0
0.0135448
0.00516124
0.010284
0.00250231
0.0542954
0.978333
0
0
0.0772799
0.997106
1
1.01252
0.00530757
0.0025442
0.00261891
0.00267859
0.00764197
0.00243204
0.0036513
0.00261461
0.0078467
0.00513682
0.00502552
0.00516354
0.00378152
0
0.0108836
0.00649376
0.00747775
0.010178
0.00275981
0.0131465
0.00508263
0.00249067
0.00253485
0
0.00952444
0.0255085
0.00260578
0.00508263
0.00518083
0.00240589
0.0108974
0.00514284
0
0.00253485
0.0249085
0.00267323
0.00275292
0.0181241
0.0181208
0.0810316
1.00507
0
0.00246777
0.00501319
0.00259958
0.00503461
0
0.00529677
0.0518419
0.0103982
0.0157594
0.00553977
0.00246777
0.00251707
0.00255939
0.00246777
0.00249612
0.00237682
0.00535952
0.00509717
0.00791722
0.00259874
0.00659447
0.00260118
0.00518034
0.00276389
0.0108158
0.00517129
0.00683626
0.00814608
0.0126143
0.00651446
0.175445
0.00279627
0.011414
0
0
0.0135505
0.0277432
0.0374956
0.0134048
0.00751849
0.00530907
0.00759947
0.00250826
0.0180998
0.12039
0.0026236
0.0844166
0.0563014
0.00506932
0.0136643
0.00764181
0.00500184
0.0025015
0.00253455
0.0100266
0.155071
1.01287
0.00800821
0.0443215
0.0136969
1.00438
1
0.00252335
0.00515933
0.00299427
0.00507189
0.00693278
0
0.00252407
0
0.00257938
0.00265806
0.00618822
0.00648041
0.00288963
0.0087415
0.0255008
0.00273935
0.00805967
0.00527508
0.0052993
0
0.0199511
0.0105358
0
0.00781971
0.00265518
0.00823475
0.0358982
0.0848152
0.0282609
0.00272352
0.0025343
0.00646548
0.00305927
0
0.021386
0.0158353
0.0025784
0.00764227
0.00275882
0.00240196
0
0.00269855
0.00255565
0
0.0258692
0.00512049
0
0
0
0.0804119
0.00553988
0.00280927
0.00976076
0.00851074
0.00258619
0.00261931
0.00310924
0.0276389
0.0052851
0
0
0.00244448
0
0.00271801
0.010461
0.00359846
0.00297025
0.806858
0
0.00258619
0.00297119
0.00258357
0
1.01154
0.00312436
0.00288963
0.0188749
0
0
0.00382943
0.00354839
0.00563828
0
0.00273941
0.00841356
0
0.00300414
0.00263189
0.00256684
0.00269016
0.00251736
0.00281162
0.00285388
0.0180465
0.0235118
0.00576758
0
0.00253775
0.00270586
0.010582
0.00299934
0.0313749
0.00390753
0.00800524
0
0
0
0.00252407
0.00294441
0.00298154
0.00368051
0.0187948
0.00279551
0.0221671
0.00865265
0.00251707
0.00294441
0.030672
0.0102764
0.0029751
0.00247471
0.00539282
0
0.0082041
0.00333341
0.00247471
0.00247471
0.954549
0
0.00277289
0.00334703
0
0.00265806
0.00277216
0
0.0234919
0.00289308
0.00288572
0.00973267
0.00528759
0.00801792
0.00258492
0.00362042
0
0
0.00855613
0.0290248
0.0054956
0.0024695
0.00266015
0
0.00288289
0.00282926
0.0313828
0
0.0488985
0.00279798
0.00252467
0.0081009
0
0.00278239
0
0.00271339
0.0172841
0.0759734
0.00292876
0
0.0024695
0
0.00251707
0.00266327
0.00258492
0.00285318
0.00279396
0.0407607
0
0.00825354
0
0.00271425
0.034097
0.00266625
0.00285318
0.0024993
0.0420589
0.0112332
0.00320302
0.00610025
0.0025343
0.00256684
0.00270457
0.00276682
0.0028126
0.296805
0.0376048
0
0
0.008186
0.0136474
1.03767
0.00319975
0.243208
0
0
0.00252538
0
0.0034013
0.0156667
0
0.0027127
0.0026645
0.00269784
0
0
0.0156457
0
0
0.00279143
0.0027726
0.00460743
0
0.0325363
0
0
0.0026645
0
0.00536889
0.0104761
0.00302362
0.0622091
0.0107467
0
0.00270224
0
0
0.0159992
0
0
0.0219545
0.00570852
0.00547622
0.00850063
0
0
0.0511787
0.00627241
0.0213856
0.00273911
0.00520768
0.0181128
0.00894118
0.0517642
0.00555067
0.0112103
0.00897587
0.0193543
0.0216368
0.00284379
0
0.00280518
0.97077
0.0190336
0
0.00865061
0.00272705
0.0841221
0.998931
0.106992
0
0.00264098
0
0.00266069
0.00285496
0.0027224
0.00292958
0
0
0.008274
0.00276738
0.00252467
0.00273157
0.010061
0.00398121
0.00264551
0.00839023
0.00268295
0.0139084
0
0.00764227
0.00285441
0
0.0315795
0.0106313
0.0221479
0.00285973
0.0345278
0
0.00344191
0.0099487
0.00276771
0.00688382
0
0.00243203
0.00268295
0.00497861
0.00555488
0.0122997
0
0.0163934
0.00555378
0.00252407
0.00542235
0.00560223
0.00534622
0.0152186
0.0056982
0
0.00576827
0
0.00581034
0
0.00823855
0
0.00299528
0.189349
0
0.00879181
0.00299427
0.0227591
0.0423131
0.0084371
0.00505487
1.00788
0.0028542
0.051414
0.984187
0.208652
0
0.00264625
0
0.00249579
0.00301405
0
0.00284834
0
0
0.00287527
0.00391924
0.00793007
0
0
0.00278207
0.00299427
0.00547344
0.0027663
0
0
0
0.0030792
0
0.00430981
0
0.00259818
0.0195991
0
0.00261625
0.0112256
0.00855229
0
0
0
0
0.0116814
0
0
0.0145945
0.00826793
0
0
0
0
0.00883826
0.00267374
0.00266327
0
0.00256368
0.00536357
0
0.00483427
0.03545
0.00821083
0
0
0.00576729
0.00266327
0
0
0.00296414
0
0.00893928
0.00582749
0.0209011
0.00310641
0
0
0.0119433
0.0051048
0.0107251
0
0.00282768
0.0418789
0
0.0403805
0.00531071
0.0109023
0.0291663
0.0336302
0.0105782
0.006086
0.592926
0
0
0.0832385
0.220539
0.1905
0
0.00307223
0
0.00271685
0
0
0.00258367
0.0025726
0.00454884
0
0.00822135
0
0.00266761
0
0.0051387
0.00254053
0
0.00254314
0.0112815
0
0
0
0.0190518
0.00254053
0
0
0
0.00265656
0.00284982
0.00297082
0.0105172
0
0
0.00568947
0
0
0.00435084
0.0169403
0
0.0217016
0.020517
0.00266717
0.020025
0.0132541
0.00292987
0.008522
0
0.165573
0.0330534
0.0409626
0.00266502
0
0
0
0.00257945
0.15742
0.0024993
0.00275959
0.0174786
0.0407573
0.00843179
0.00864747
0.0027787
0
0
0.00422474
0
0.0120406
0.0054425
0.00576345
0.00796526
0.00413939
0
0.00780694
0
0.00294832
0.0049377
0.0122388
0
0.0055343
0.00281426
0.00254314
0.00281607
0.00547593
0.00284998
0.024793
0.058813
0
0.00285135
0
0.00508367
0.0055343
0.0198892
0.0197934
0.00275814
0.05465
0.292883
0
0.00578553
0
0.00574135
0.164882
0.520334
0.0025
0.00266523
0.00298076
0
0.00275743
0
0.00504101
0
0.0024993
0
0.0081197
0.00263116
0.00284652
0
0
0.00527645
0.00269728
0
0
0.00817938
0
0.00549656
0.0057208
0.00269728
0.00817903
0.00539088
0.00565657
0.00825674
0
0.0163869
0.00286282
0.00828941
0.00246217
0.0239275
0.00306531
0.01099
0.0177681
0.00560287
0.00807603
0.00536551
0
0
0.00484743
0.00306083
0.0158435
0.0166669
0.00598958
0.0110179
0.0731942
0.00266717
0
0.00713521
0
0.00783645
0.00538882
0.00260694
0.00439314
0.00833317
0.00838231
0
0.014895
0.00286878
0.00523287
0.00554363
0.0140872
0.00535412
0.014379
0.0161682
0.0282633
0.0114593
0
0.0332711
0
0.00550114
0
0
0.00816414
0.00859029
0.00807872
0.00279859
0
0.0323776
0
0.0078
0
0.00552967
0.0275576
0.00307058
0.00274601
0
0.139553
0
0
0.00263236
0.0269881
0.0109869
0.0177562
0.0375854
0.0409841
0.0733132
0.106615
0
0.0314681
0.00249579
0.686952
0.654098
0.00269652
0.00556
0
0
0.00573719
0
0.0335621
0.0054697
0.00294602
0.00276355
0.00269728
0.00500261
0.00277742
0.00550766
0.00755164
0.00950778
0.00901041
0.0083683
0
0.0113048
0.00258367
0.00249579
0.00274436
0.00268295
0.00291117
0.00296287
0.0144314
0.00285135
0.00540913
0.0027941
0.00290056
0.00538428
0.0114983
0.00302268
0
0.00564546
0.00535153
0.0110944
0.0027941
0.00281183
0
0.00610001
0.0161122
0.00843901
0.00569186
0
0.00802482
0.00260694
0.00510389
0.0090377
0.0198069
0.0066936
0
0.0138361
0.0271341
0.00290017
0.0198002
0
0.00823578
0.00577484
0.00292264
0.0141145
0.00872554
0.0132506
0.0553299
0.00872546
0.0492849
0.00548818
0
0.032783
0.00540442
0
0.0120859
0.0191365
0.0421888
0.0345768
0.010324
0.00293642
0.00259243
0.00548818
0.0133876
0.00890437
0.00878196
0.00540442
0
0.0839395
0.00536562
0.0202729
0.0208659
0.00274588
0.00608601
0.00281711
0.00304337
0.033272
0.0178828
0.00574581
0.0233836
0.0140319
0.00253935
0.00547598
0.0575641
0.00576351
0
0.0440904
0.0204544
0.0294103
0.0889359
0.00302544
0.00291118
0.0067432
0
0.455346
0
0.00536012
0
0
0.00858847
0.0139536
0.0081166
0.00826335
0
0.00535864
0.00270777
0.00547471
0.00803791
0
0.0324415
0.00553107
0.00587611
0.00536603
0.00270777
0.00549305
0.0116504
0.00838221
0
0.00532883
0
0.00543562
0.0026095
0.00307502
0.00559659
0.02083
0.00874514
0.00301989
0.00815021
0.00738362
0.00534782
0.0058685
0.0337203
0.00797876
0
0
0.00297082
0.0444853
0.00266114
0.00550807
0.00583253
0.0132697
0.00556315
0
0.0055115
0
0.00545365
0.00282392
0
0.0271921
0.00836817
0.0116871
0.0104631
0.0243399
0
0
0.00280104
0.00557776
0
0.00270296
0
0.0239445
0.00618236
0.00547487
0.00280739
0
0.0029485
0.00285012
0.00277527
0.00276926
0.00732443
0.0204887
0.0118171
0
0.0486636
0
0.00273655
0.00262778
0
0.00286804
0.00260956
0.00285012
0
0.00287486
0.00865043
0.0707018
0.0371062
0.00606367
0.00274599
0.00823188
0.0029464
0.00611043
0.00519282
0.0262253
0.00848735
0.00881487
0
0.0112006
0.00269136
0.0054475
0.0139281
0
0.0143491
0.0144079
0.105305
0.0150426
1.01339
0.00288214
0.00837949
0.00987134
0
0.63635
0.00272872
0.00846543
0.00287489
0.00727627
0.0427025
0
0.0057587
0.0085516
0.00295403
0.00271607
0
0.00285631
0.00274287
0
0.0151906
0.0176768
0.0103987
0.0825042
0.0317704
0.00554984
0.002683
0.011448
0.00285631
0
0.00298164
0
0.00549977
0
0.00580491
0.0055346
0
0
0
0.00275949
0.0341161
0.00834383
0.0027219
0.00344929
0.0478662
0
0
0.0282822
0
0
0.016664
0.00288383
0
0.0084239
0
0.00294146
0.0053787
0
0.00401136
0.0071759
0.0028758
0.00369986
0
0.0223094
0.00831578
0.0236749
0
0.00838608
0.00254053
0
0.00541619
0.0295335
0.00565576
0.0106947
0
0.0027941
0
0.00281934
0.00269593
0.00268295
0.00272288
0.00930018
0.0197479
0.0117127
0.0115482
0
0.0353263
0.00289559
0.00532251
0
0
0.0028779
0
0
0.01344
0.00590835
0.00789774
0.0134753
0.01232
0.00565041
0.00263902
0.00274028
0.00546227
0.00288454
0.00583728
0
0.00733264
0.00536813
0.00547714
0.00718709
0.0357213
0
0.00548758
0
0.00288999
0.00712532
0
0.00274028
0.0173783
0.00534429
0.00701984
0.0168086
1.04652
0.00312522
0.00841286
0.047714
0.987386
1.12895
0.00253981
0
0.00477963
0.0183594
0.00849159
0.0116583
0.00285631
0
0.00569014
0
0
0
0.0391223
0.00254124
0
0.0135553
0.00551241
0.0454967
0.00286123
0.00866757
0.0144457
0
0.00294602
0
0
0.00256673
0.00624504
0.00593966
0
0.00275949
0.00534337
0.00273807
0.00291363
0
0.159075
0.002835
0.00269312
0
0
0.00837365
0.00256673
0.00275949
0.0053048
0.00571647
0.00263974
0.0794684
0.00544034
0.00266959
0.0167127
0.00536534
0.0107927
0.00546792
0.0110022
0
0
0
0
0.0151559
0.00276982
0.00276554
0.0133428
0.0416496
0.0107088
0.0334363
0.0135954
0.0137179
0.0081709
0.00442265
0
0
0.0409003
0.0146921
0.00844962
0.0084355
0
0
0.00260251
0.0026095
0.0113999
0.0143332
0.0390733
0.0225071
0.020522
0
0.0666013
0
0.00263321
0.00285369
0.00285012
0.0057809
0.005184
0.00393458
0.00278246
0.0241835
0.0410159
0.0640433
0.00592467
0
0
0.00294602
0.00786951
0.00813271
0
0.0234539
0.190545
0.00566836
0.0162164
0.0674098
0.0177685
0
0
0.00274028
0.0118411
0.00245909
0.0131621
0.0219871
0.0326432
0.156518
0.0411237
1.29048
1.0537
0.00275425
0.0181525
0.00270545
1.02768
0.984318
0.00547313
0.0027296
0
0
0.0277059
0.00548424
0.0108472
0.201873
0
0
0.00285615
0
0.00273807
0
0.00535992
0.0422691
0.00567382
0.0197942
0
0.008388
0.0119851
0.00273807
0
0.010477
0.00816008
0
0.0028886
0.00552821
0
0
0.00259404
0
0.00541596
0.0368864
0.0240999
0.00562325
0.00280205
0.00555819
0
0.00268631
0.00273807
0
0
0.00258996
0
0.00285615
0.00558568
0.00287704
0.00273548
0.0109822
0.00259404
0.00688956
0.0228607
0
0.00570022
0.00548016
0.157416
0.0160465
0.0488122
0.00789437
0.00270394
0.00254392
0.00913235
0.0232303
0.0846184
0.0137032
0.00890272
0.00270545
0.00251173
0.0078152
0.00266775
0
0.00592458
0.0068245
0.00847478
0.0292965
0.0225635
0.0230401
0
0.00825114
0.0203157
0.00773776
0.00504311
0
0.0026943
0.00828062
0
0.0212157
0.0539133
0.0275026
0.0203632
0.0302918
0.00489357
0.0142146
0.00511531
0.00291117
0.007887
0.00795959
0.00544796
0.0347579
0.00907689
0.132309
0.00546193
0.013772
0.077473
0.0286175
0
0.00494153
0.0052643
0.00298684
0.0109042
0.00291117
0.0545583
0.0501956
0.0322587
0.0328961
0.0852167
0.0143088
0.912805
0.924439
0
0.00398752
0.0206536
0.00497692
1.00431
1
0.00248963
0.0130085
0.00273892
0.0130618
0.00626682
0.00526437
0.0107912
0.0357036
0
0.00261467
0
0.0051313
0.00249034
0.00520688
0.00517028
0.0055069
0.0121907
0.0094813
0
0.00575669
0.0163411
0.00249034
0.00261467
0
0.00256395
0.00751806
0
0.00258646
0
0.00247435
0.00263974
0.00505297
0.0111407
0.00563585
0.00273189
0.00258069
0
0.00499997
0.00256395
0
0.00248283
0.0125566
0.00274817
0.00254787
0.0131341
0.00796965
0.00257274
0.00247435
0
0.00271711
0
0.038774
0.0112946
0.00259907
0.00762021
0.0775701
0.0397285
0.00496296
0.0130167
0.00515069
0.00256395
0
0
0.0305821
0.0576105
0.0514107
0.0103923
1
0
0.00294602
0.00274292
0
0.00257274
0
0.0552306
0.0371369
0.0815385
0.0998808
0.00270582
0.00542469
0.00285369
0
0.00418621
0.00791812
0.0133903
0.0191599
0.0260125
0.00764816
0.00843633
0.157678
0.00251814
0.0141965
0.0024047
0
0.00537175
0.0101995
0.0138659
0.0131291
0.00246423
0.00838075
0.0107523
0.0629536
0.0618994
0.00278016
0.00810982
0.00291117
0
0.00246423
0.00537175
0.0183465
0.0130309
0.0543098
0.0159229
1.00611
0.999307
0.00534641
0.017467
0.00536812
1.00324
0.975308
0.00249974
0.00903134
0.0159591
0.0187489
0.0161736
0.0131413
0.00250028
0.00520531
0.00273582
0
0.00906471
0.00539938
0
0.00254602
0.00279106
0.00262778
0
0.00249374
0
0.00249154
0.00624657
0
0.00515669
0
0
0.0146043
0
0.00273676
0
0
0.00509308
0
0
0.0142904
0.0110792
0.00287319
0.0394458
0.00508188
0
0.00251832
0.00261467
0
0.00566275
0.00926495
0.0464413
0.00284779
0.00258315
0.0105293
0.0515663
0.0343971
0.0120356
0
0.00261467
0
0
0.00249904
0.00250754
0.0299243
0.0700354
0.0481557
0.087242
0.540953
0.00560508
0
0.0493676
0.0244951
0.0187685
0.0674239
0.0522137
0
0.00250028
0.0040173
0.00268
0.0139751
0.0201873
0.0224925
0.0133835
0.0129975
0.0871083
0.0158608
0.00258514
0.00803127
0
0.00505906
0.0378897
0.0160703
0.0265033
0.259896
0
0.00551784
0.0305464
0.0222997
0.00263005
0.00803127
0
0.00792098
0.00662467
0.0126319
0.024109
0.0165522
0.180964
0.01336
0.983201
1.06748
0.00259717
0.033358
0.00256302
0.963181
0.994114
1.01677
0.00529568
0.0156755
0.00348107
0.0432735
0.123701
0.00541981
0.00267455
0.00272888
0.00505419
0.00264088
0.00323464
0.00796305
0.0336406
0.00519257
0.00518847
0.00254545
0.0102829
0.00325663
0.0769177
0.0153517
0.00264014
0.00501252
0.00776836
0
0.00511347
0.00275816
0.00525218
0.00264014
0.00522873
0.00568753
0.00544885
0.00322076
0.0469758
0.0101181
0.00273391
0.00249882
0
0.00261663
0.00275013
0.00394551
0.0219426
0.00824086
0.00532061
0.00267198
0.103662
0.0233258
0.00773599
0.00273391
0.00286207
0.00249882
0
0
0.0141229
0.10327
0.0243631
0.0738752
0.345036
0.0048964
0.00273555
0
0.0107911
0.0248501
0.0145684
0.0245094
0.00269511
0.00270507
0.00267334
0.00273391
0.00794795
0.0108553
0.0101378
0.016081
0.00781014
0.00269137
0.0281738
0.00266882
0.00277574
0.00654408
0
0.0103248
0.0258695
0.038712
0.0102862
0.00388597
0.204572
0.00263945
0.0134784
0.00382699
0.00852962
0
0.0076951
0.00530892
0.00265418
0.0117813
0.00540442
0.0184718
0.011069
0.0559113
0.0111668
0.994414
0.00272
0.00840266
0.00517696
0.631407
0.968479
0.00546778
0.00277345
0.00251353
0.0163459
0
0.00286176
0
0.00262511
0
0.00274334
0.00519591
0.00430997
0.0137843
0.00717783
0
0.00462658
0
0.00496748
0.00256302
0.00253796
0.00266882
0.0370283
0.00247002
0.00566164
0
0.0139971
0.00279787
0
0.00256302
0.00266882
0
0.0052698
0.00275923
0.0287142
0.0026646
0.00500026
0.145582
0.0027665
0.103905
0.0052781
0.00258863
0.0196722
0.984942
0.00543689
0.00505419
0.00275726
0.00518316
0.00597683
0.0481251
0.0112795
0.0178498
0.00781718
0.0023686
0.00457052
0.00474211
0.0110958
0.0115482
0.00802266
0.0056466
0.0865884
0.0027195
0.00255011
0.00523117
0.00523995
0.0350618
0
0.00360406
0.00549852
0.0078143
0.00725033
0.00526809
0.00268036
0.00282404
0.00268036
0.00744982
0
0.0277755
0.00799505
0.0422629
0.0541843
0.00270299
0.00273968
0.00326768
0.00276467
0.00556799
0
0
0.00256827
0
0
0.00538629
0
0.00554894
0.00527624
0.0026646
0.0776945
0.0311955
0.0026646
0.00363355
1.06813
0.00255081
0
0.0296447
0
0.0052538
0.00616249
0.0798246
0.00511326
0.0300965
0.00446871
0.00558205
0.00829385
0.00237774
0.00511326
0.00280774
0.0170903
0.0068224
0.00248816
0.983517
0.563521
