0.0398919
0.00608284
0.412516
0.0374015
0.00833511
0.0283671
0.0375898
0.140947
0.105394
0.362966
0.046859
0.00865128
0.038974
0.43174
0.329418
0.57215
0.0221294
0.120318
0.204353
0.630182
0.266632
1
1
0.767944
1
0.0838614
0.662154
1
0.00567544
0.00309421
0.0115573
0.0538257
0.0297286
0.504958
0.046308
0.99346
0.0502331
0.00303093
0.11764
0.980117
0.00764868
0.047855
0.00305286
0.0774749
0.564631
0.260039
1
0.0811255
0.903509
1
0.485296
0.00302281
0.154907
0.633483
0.0373964
0.00387765
0.00608572
0.00305599
0.11193
0.00406517
0.444401
0.00303935
0.387875
0.992868
0.890105
1.06403
0.642014
0.958832
1
0.0131001
0.0297974
0.0219717
0.00605953
0
0.00565618
0.00727015
0.121773
0
0.034511
1
0.126423
0.00271292
0.015228
0.00664758
0.00280349
0.00434067
0.0148229
0.00282928
0.974244
0.00593349
0.00284499
0.00551883
0.627685
1
0.00611414
0.0343881
0.00310865
0.00370805
0.0225967
0.00995251
0.590777
0.00301167
0.32708
0.032708
0.00485825
0.219594
0.00352903
0.0117343
0.0112683
0.12927
0.192896
0.0162335
0.00273801
0.00280465
0.00296644
0.00684564
0.00988814
0.00296644
0.0237206
0.0139338
0.0995874
0.0209135
1
0.117989
0.00436572
0.00290114
0.00308263
0.00290196
0.00289905
0.0301351
0.00557975
0.0685779
0.277606
0.00273801
0.00308627
0.00442923
0.0234424
0.0616102
0.00568413
0.0633829
0.0352973
0.00829357
0.0772409
1.01844
0.0465505
0.0411802
1
1
0.164879
0.0163706
0.00291696
0.0975939
0.931903
0.00532989
0.00291696
0.00258545
0.0107427
0.00273801
0.0077763
0.210691
0.00432318
0.00312584
0.0616174
0.0382919
0.00268667
0.127731
0.00598461
0.12293
0.0113568
0.00524373
0.164409
1
0.00276634
0.0447397
1.00262
1
0.0132187
0.00435964
0.025734
0.0141444
0.0192581
0.00919277
0.0667351
0.00307928
0.125638
0.00590545
0.971922
0.765992
0.00297701
0.00254459
0.00374321
0.0127843
0.0371396
0.00291696
0.00258592
0.00277542
0.00268368
0.00291696
0.00252545
0.0137542
0.0109386
0.00247172
0.380785
0.00457935
0.00292238
0.00279189
0.08862
0.00292238
0.00295179
0.303799
1
0.0248402
0.00296378
0.114263
0.0180259
0.0162809
0.0231469
0.00280365
0.00265754
0.00292238
0.00852618
0.00846649
0.0175343
0.0220799
1
0.0220799
0.822012
0.00572196
0.00600621
0.00265395
0.0458333
0.17343
0.0230489
0.0028634
0.0114783
0
0.337141
0.0461546
0.00407104
1
1.00718
0.999907
1
1.00587
0
0.0135441
0.00376503
0.610991
1
0.0487551
1
0.0098832
0.155796
0.139304
0.465258
0.433213
1
0
0
0.0109668
0.0320713
0.0452844
1.01446
0.00271181
0.0257723
0.00959321
0.0662651
0.0338889
0.0052015
0.00675636
0.00280036
0.0114979
0.0580269
0.00248866
0.00275694
0.013253
0.00254393
0.0400096
0.309969
0.0634806
1.02186
0.787843
0.00247982
0.00247982
0.00324305
0.013962
0.117328
0.995024
0.00578065
0.0354325
0.00294018
0
0.0110416
0.125729
0.338055
0
0.0177589
0.00275694
0.00257169
0.0175463
0.4591
0
0.766068
0.105239
0.981044
0.769825
0.994148
0
0.0151548
0.002552
0.00247982
0.0277187
0.01276
0.00834761
0.00247982
0.0039155
0.0413309
0.0109472
0.106375
0.335969
0.0025553
0.0067908
0.00845539
0.00257997
0.00539246
0.0508853
0.305294
0.00355709
0.00263552
0.00808868
0.0106915
0.0791112
0.9992
0.00263552
0.634445
0.975989
0
0
0.0436823
0.00514423
0.00869959
0.00946256
0.321639
0.0201342
0.0262085
0.0211755
1.01443
0.581231
