0.158556
0.927322
0.0840774
0.120257
0.0637683
0.42641
0.316843
0.4476
0.875119
0.031926
0.0375366
0.0265538
1.01749
0.44315
0.822952
0.0171261
0.0447124
0
0
0
0
0
0
0
0.39237
0.0240803
0
0.00307461
0
0.00298571
0.00293848
0.0299034
0.0146453
0
0
0
0
0
0
0
0.00286853
0.00325008
0.00286853
0.00277766
0.00299046
0.0292507
0.00286853
0
0.00286853
0.00303427
0.0124033
0.00260783
0.00292507
0
0
0
0.00892292
0.00253612
0
0
0.660405
0.0295735
0
0
0
0.00286853
0
0
0
0.00249166
0.00358528
0
0
0.00298289
0
0
0
0.00284378
0
0
0.00300095
0
0.0124583
0.00262015
0
0
0.00309404
0.00396069
0.00255629
0.00576772
0.0488775
0.0107826
0.463339
0.0921643
0.00295212
0.00299746
0
0.00284378
0.00295295
0.0028608
0.00286853
0
0.00596672
0
0.00293848
0.00560814
0
0.00292507
0.0028608
0.00260677
0.00827537
0
0.00295372
0.00343296
0
0
0
0.00294469
0
0
0
0.00759239
0.0117561
0.0144836
0.00300622
0.0132023
0.00295295
0
0.00862852
0
0.00890311
0.00301409
0.0122485
0.00295295
0.0115415
0
0.117931
0.0138144
0.190994
0.262969
0
0
0
0
0
0.00798459
0
0
0
0
0
0
0
0
0.00292507
0.00671692
0
0
0
0
0
0.0028572
0
0
0.017464
0
0
0
0
0.00291066
0
0
0
0
0.00289672
0
0.00445721
0.0437588
0
0
0
0.00579651
0.0124033
0.00296209
0
0.0147648
0
0
0
0
0.0099764
0
0
0.00722348
0.0132023
0.00312752
0.00270683
0.011748
0.00373594
0.0989556
0.158296
0.392516
0
0.00264046
0
0
0
0.00276255
0
0
0.00297702
0.00292507
0
0
0.00348158
0
0
0
0.00266503
0
0
0
0
0
0
0.00590736
0.00270907
0.00461264
0
0.00289672
0
0
0.00303066
0.00273151
0.00289672
0
0.00817467
0.0027655
0.00593299
0
0
0.00614144
0
0
0.0120464
0.0116021
0.028842
0.110367
0.584012
0
0
0.00273198
0.00302538
0
0.00286767
0
0
0.039155
0.00323191
0.00301955
0.00306013
0
0.00291234
0.0175504
0
0.00301613
0
0.00264046
0.00344856
0
0
0
0.00264046
0.00351008
0
0.00274546
0.00597861
0.07831
0.00268298
0.00292235
0.00398873
0.00625459
0
0
0
0.0320565
0
0.00292235
0.00304911
0
0
0
0.00347606
0
0.00273559
0
0
0.00268487
0.00505917
0.00311536
0.00303047
0.00360496
0
0.0177177
0
0.00286686
0.0147927
0.0180202
0.0259019
0.512507
1.03354
0.595282
0.00286767
0.00286686
0.00860087
0
0.0029521
0.00286686
0.00368609
0
0.0026847
0
0
0.00270815
0.00296496
0
0
0
0
0
0.00291066
0
0
0
0
0.00274546
0
0.00259546
0
0.0116429
0
0
0
0
0
0
0
0
0.0178641
0.00311704
0
0.015715
0
0.00753754
0
0
0.00296002
0.0204826
0.357279
0
0
0
0
0.948002
1.00272
0.0147977
0.0028608
0
0.0140517
0.0280148
0
0
0.00715199
0.0059018
0
0.0129013
0.00293007
0
0
0
0
0
0
0.0140517
0.00275567
0
0.00286124
0
0
0
0.00567721
0.00511794
0.00303182
0.00284766
0
0
0.00983175
0.00593441
0
0.0112738
0
0.0107047
0.00724004
0.00346631
0
0.00264046
0.00881642
0.0212609
0.00269018
0.108907
0
0.00268433
0
0
0.00545213
0.0569803
0.425866
1
0.0110351
0
0.00255413
0
0.00290187
0
0.00268486
0
0
0
0
0
0
0.00311459
0.0029328
0.00291066
0.012875
0.00270649
0.00291066
0
0.00604198
0.00269466
0.00574683
0
0.00267433
0.0175948
0.00298582
0.0036209
0
0.00693108
0.017537
0.0264046
0.00262495
0
0
0
0.223151
0.00293881
0.00256419
0.00532996
0.0324881
1.10749
0.952739
1
0.22664
0.00294953
0
0.0045161
0.010611
0
0.00825817
0.00491588
0.0387131
0
0.00563592
0.00258972
0
0.00555466
0.00286935
0.00293679
0
0.00266212
0
0.00294953
0.0027305
0.00555466
0
0.0117815
0.0471963
0.0103506
0.105763
0.994675
0.0150825
0.0053148
0
0
0.00821539
0.0471121
0.00251153
0.0192963
0.0053148
0.00819916
0.00791408
0
0.00261087
0
0.0196799
0.0438271
0.0110285
0.0191686
0.0197997
0
0.0184662
0
0
0.00274031
0.0527082
0.0130724
0
0.0025955
0.0814447
0.00815389
0.0127984
0.53505
0.00265547
0
0.0391864
0
0.00582291
0.00533454
0.00803592
0.00539301
0.391733
0.0126938
1.0425
0.664021
1.00711
1.01027
1
0.00256641
0.00260108
0
0.00407593
0.0395271
0.00546884
0.00260181
0.00852947
0.00268423
0.00256076
0.00368145
0.00260675
0.00741657
0.00347916
0.113253
0.026902
0.107751
0.768298
0
0.0026649
0
0.00664183
0.00279325
0.0084347
0.06809
0.0212088
0
0
0.00336319
0
0.00812106
0
0
0.0297765
0
0
0.018472
0.00270036
0.00260108
0.0385805
0.135867
0.00249341
0.301929
0.00267082
0.00975404
0.00260108
0.00257064
0.010735
0.00551006
0.359276
0.00966918
1.00835
0.962226
1.05626
0.678847
0.963488
1
0.00266764
0
0.00260675
0.0257881
0.00554006
0.0190753
0.0736558
0
0.0127707
0.0119284
0
0
0
0.00274618
0.00562142
0
0.00527268
0.0779551
0.00278651
0.0215479
1
0.116958
0
0
0
0.00251789
0
0.0332204
0.00260675
0.00868917
0.00260675
0
0
0.00258531
0
0
0
0
0
0
0.0027849
0
0
0.00263274
0.0113601
0.00284202
0
0.060259
0
0
0.0116128
0
0
0
0
0.00550507
0
0
0
0.0142781
0.00264437
0.0025382
0.0026686
0.00271794
0.0122583
0.0118151
0.00275756
0.00262559
0.00275756
0.024701
0.0937298
0.00569933
0.0085929
0.986293
0.0310866
0.00518945
0.0112525
0.0029258
0.0054794
0.0130531
0.0052187
0.00275408
0.003626
0.0025653
0.00517042
0
0.00827267
0.00275756
0.00590905
0.00275756
0.574332
0.701241
0
0
0.00265942
0
0.00321854
0.0290628
0.00259687
0.00248812
0.00538303
0.0175374
0.0561024
0.0161633
0.0166873
1
0.0160235
0.00516301
0.00267282
0.0136326
0.0474234
0.00810498
0.00793972
0.00267282
0.00267282
0.00685592
0.00274237
0.00267245
0.00457061
0.0142641
0.00292939
0.00274237
0.0054116
0.0456487
0.0164285
0.00463106
0.00638001
0
0.0115153
0.00661325
0.402503
0.0679051
0.00268112
0
0.00441465
0.00269827
0.00259559
0.0390007
0
0.00534317
0.0123653
0.00371296
0.00287367
0.00534317
0.00839583
0.0268595
0.0394896
0.0241506
0.0743562
1
0
0.00277671
0.00257452
0
0.00259687
0.0135024
0.554821
0.00270302
0.00795191
0.013782
0
0.00507844
0.00520085
0.00511341
0.00386224
0
0.00419056
0
0.011248
0.323841
0.00823348
0.00375273
0.0164645
0.0313901
0.00248812
0.0237279
0.0256388
0.0340922
0.0026453
0.00289046
0.00295638
0.89748
0.100318
0.00515264
0.0573056
0.010343
0.00593676
0.00250062
0.00524039
0.00247297
0.00794954
0.00457483
0.00526003
0
0.00269318
0.0145658
0.00243998
0.00745827
0.00259559
0.00253863
0.0221201
0.00763599
0.00258299
0
0.0106022
0.00292466
0.00251618
0.00269471
0.00522289
0.00276018
0.00258299
0.00933876
0.00293076
0.0369142
0.0389042
0.0570263
0.0210243
0.0385568
0.797356
0.00781578
0.00807591
0.00258709
0.00564498
0.0327976
0.00852584
0.00808549
0.00781578
0.00759737
0.00258709
0.00246263
0.00295977
0.00263069
0.0155812
0.0110594
0.00268752
0
0
0.00262559
0.00270267
0.00624819
0.00483947
0.00779965
0.00751406
0.106323
0.00271707
0
0.00247297
0
0.00282545
0.00278925
0.0231309
0.0155725
0.0106305
0.00236519
0.00297734
0.00804724
0.00258709
0.00594565
0.0398276
0.0190665
0
0.00297734
0.00284714
0.00537476
0.0191405
0.017864
0.333998
0.171213
0.00255708
0
0.0084356
0.00298137
0.0135533
0.00270911
0.00269394
0.00262761
0.00269985
0.00264437
0
0.00531996
0.00810007
0.0185255
0.00262835
0.008123
0.0666131
0
0.00269002
0.0372767
0.0132274
0.00259258
0.014176
0
0.00587795
0.0130261
0.00252391
0.0067179
0.0160804
0.00260522
0.00704451
0.0140566
0.0810453
0.0613859
0.041551
0.0741633
1
0.22629
0
0
0.00278722
0.00279371
0.0212176
0.0177063
0.0583946
0.00536567
0.0325323
0.00273687
0.00592244
0.00559387
0.0109146
0.00496406
0.0146094
0.00551066
0.00297843
0.0110965
0.00290984
0.00389296
0.011081
0.00534956
0.00512496
0.0325512
0.101437
0.0145045
0.00744609
0.00276076
0.00576466
0.0273929
0.0564752
0.0230832
0.0109948
0.00249264
0.00532642
0.00688961
0.0105566
0.00796588
0.0369438
0.016608
0.0716518
0.0672139
0.00274808
0.0110943
0.0253262
0.0209837
0.00249264
0.0108685
0.0026035
0.0131077
0.00249264
0.0510001
1
0.00261875
0.0135989
0.0573019
0.0673246
0.87955
1.00406
0.997177
0.00298053
0.00267537
0
0.00255116
0.00365876
0.0054852
0
0.00298937
0.00298221
0.00252391
0.00271592
0
0.0160445
0.0026122
0
0.00300948
0.00252391
0.0054103
0.00253863
0
0.0143909
0.00269647
0.00270188
0.00546998
0.0247197
0.00258283
0.00278722
0.00253863
0.0258466
0
0.00294041
0.0110619
0.0136511
0.0463046
0.997455
0.00273973
0.00280016
0
0.00810532
0.0246292
0.00272901
0.0135402
0.0029542
0.00553851
0.00552588
0.00279371
0.0052917
0
0.0795043
0.00277734
0.0136943
0.00260126
0.00278622
0.00560395
0.00816968
0
0.00263465
0.0102853
0.00349968
0.159439
0.00845152
0.0112525
0.00275475
0.00264345
0.0029846
0.00831256
0.0223462
0.0146119
0.0580994
0.0166899
0.00287481
0.00525605
0.0112644
0.00527291
0
0.00251116
0.00838656
0.132078
0.016607
0.0726507
0.00531158
0.00804058
0
0.00549685
0.00270167
0.0026849
0.00251116
0.165068
0.995611
0.00286753
0.0453398
0.00770694
0.987629
0.6847
0.00268309
0.00264459
0.00251926
0.00528244
0.00286631
0
0
0.00543163
0.00826686
0.0041348
0.00302946
0.0195557
0
0.0280478
0.00306578
0.0108099
0.00553679
0.00423104
0
0
0.00261487
0.00816516
0.0133289
0.00812313
0.00578439
0.0451304
0.0108446
0.0796615
0.025782
0
0.00857332
0.00698427
0.0300392
0.0217808
0.00886185
0.0081202
0.00293139
0.00262628
0.00280438
0.00275571
0
0
0.0205409
0
0.00562095
0.00274469
0.00265808
0
0.00247297
0.00290291
0.0621714
0.00564244
0.00567623
0.0196095
0
0.0793091
0.00268424
0.204076
0
0.00262903
0.00286255
0.0131742
0.00323629
0.00566965
0.867148
0
0
0
0.00319895
0.0105925
1.00129
0
0.0223927
0
0
0
0.00298038
0.00405267
0.00951606
0
0.00393891
0.00309684
0.00534258
0.00296847
0.0191848
0.0025938
0.00267705
0.00283401
0.00530617
0.00280016
0.00275238
0.0029444
0.00262968
0.00541178
0
0.00272659
0.0215009
0
0.00282935
0.00678554
0.00276236
0.00531198
0
0
0.0224194
0.00395591
0
0
0.00249885
0.00287016
0.0106579
0.00291687
0.0027026
0.00262628
0.00281221
0.0028849
0.0105519
0.00266383
0.00285482
0.0111764
0.00264567
0.00984856
0.0030207
0.0102891
0.00994948
0
0.00264993
0.0030916
0.0105767
0.00261134
0
0.00264993
0.00298137
0.00529522
0.997334
0
0.00264993
0.00286793
0.00516512
0.00558377
0.00279496
0.00285401
0
0.00253054
0.0158518
0.0025166
0
0.00421814
0.002921
0.00285482
0.00403697
0.00286117
0.00280016
0
0.00246292
0.00394325
0.00294915
0.0094196
0.039411
0.0291572
0
0.0154806
0.00930668
0.0379409
0.00874736
0.168758
0.00512349
0.00256577
0.00567029
0.00560572
0.00313987
0.00281426
0.00262638
0.0119162
0.0029846
0
0.0211941
0.00308937
0.00295742
0.00538368
0
0
0.00263587
0
0.283191
0.0155065
0.00296138
0.079885
0.00300307
0.00265602
0
0.00299848
0
1
0.00271916
0.00261054
0.00344005
0.0666416
0.00285401
0.00275316
0
0.00279525
0.002909
0.00563039
0.00281152
0.0056195
0.0036204
0.00291732
0.0104838
0.00279525
0.00304619
0.00562705
0
0.00416422
0.00897561
0.00280858
0
0.00278205
0.00291894
0.00307416
0.00838575
0.0343997
0.00240413
0.00278205
0.0127345
0.0179852
0.0142801
0.0137448
0.0107709
0
0.00428947
0.00291894
0.0208968
0.0087647
0.0384624
0.00290531
0.00431726
0.0106959
0.00857893
0.0111427
0.00876476
0.00278939
0.00574184
0.0112348
0.00563579
0.0055409
0.0029946
0.00299588
0.0160573
0.00955315
0.0225458
0
0.002909
0.0356789
0
0.00277615
0.00278518
0.0207312
0.0338033
0.0030082
0.0186542
0.00889109
0.00834941
0.0222836
0.00576927
0.0138969
0.00283485
0.00584987
0.602967
0
0.00547769
0.00534634
0.0252754
0.00273678
0.757474
0.00299191
0.00547769
0.0174742
0.00292613
0.00814467
0
0.00663009
0.00572292
0.00814693
0.00298038
0.00551255
0.00525333
0.00255221
0
0
0
0.00291406
0.00264171
0.0099047
0.00563036
0.00250678
0.00383176
0
0
0.00264125
0.00869267
0.00269214
0.00783905
0.0131633
0
0
0.00914409
0
0.0131534
0.012437
0
0.00304471
0.00279525
0.00246292
0.00523603
0.00290113
0.00889649
0.00871232
0.00836301
0.00279525
0.00809907
0.00591822
0.00757598
0
0.00267622
0.00827166
0
0.00809907
0.00838575
0.00255403
0.00531773
0.00830125
0.0219983
0.00274862
0
0.0964511
0.00573375
0.00830125
0.0110802
0
0.00583339
0.00286293
0
0.677857
0.0406218
0.00273068
0.123607
0.0402878
0.00306758
0.0025382
0
0
0.00292695
0.0025382
0.00269214
0.00301191
0.00259383
0.0025382
0.00289351
0.00591478
0.00296899
0.0103769
0.00284072
0
0.00827418
0.0419782
0.00290531
0.00894069
0.00587557
0.00275736
0.00281179
0
0.0112864
0.00285198
0.0151146
0.00788712
0.00284565
0.00637468
0
0.00278442
0
0.00267622
0.0161426
0
0
0.0136914
0.00836771
0.010745
0.00272846
0.00278442
0.00509321
0.00290367
0
0
0.0311053
0.00581185
0.0140966
0.0028237
0.00286293
0.0195619
0.00294232
0.00298187
0.0282198
0.00867275
0.00300723
0.0120359
0.0291393
0.0223514
0
0.0225506
0.0118637
0
0.00849626
0.00967614
0.337434
0.026532
0.0830894
0.124287
0.00556696
0
0.0213703
0
0
0
0
0
0.00270755
0.0219435
0.0027926
0
0
0.00551094
0
0
0
0
0.00301503
0
0.00566865
0
0.00273678
0
0.00275731
0
0.00870285
0
0.0107978
0.0102629
0.00273678
0
0.00304439
0
0.00413596
0
0.00304642
0
0
0.00826383
0.00292613
0
0.00582291
0.00435616
0.0160533
0.0118984
0.0619718
0
0.00553775
0.0118342
0.00592178
0.00819056
0.0554054
0.131879
0
0.0551056
0.522403
0.00269214
0
0
0
0
0
0
0.00424676
0
0.00545159
0.00568399
0.00268678
0
0.0108752
0.00672292
0.00268678
0
0.00274544
0
0
0.00261972
0
0.00288018
0
0
0.00563009
0
0.00276716
0.0029168
0.0078858
0.00292385
0.00276716
0
0.00419509
0.0182201
0.00571455
0.00264666
0.00571321
0.0111428
0.00530375
0.00273812
0.00573284
0.0695439
0.00858357
0.00273678
0.0278264
0
0.00269214
0.0117139
0.00863749
0.0222099
0.0447361
0.0405259
0
0.00276695
0
0.0139786
0.279979
0.800432
0.00270679
0
0
0.0157325
0.00829774
0.00280684
0.00496387
0
0
0.00278836
0.002897
0.00829774
0.00280684
0.0056419
0.00276227
0
0
0
0
0.0358177
0.00298187
0.0115148
0
0
0.00273463
0.00288018
0.00312985
0
0.0134972
0.00554867
0.0133253
0.00268026
0.0102205
0.00508266
0.00302043
0.00615012
0.0268445
0.0172967
0.00281902
0
0
0.0118496
0
0.0086465
0.00276716
0
0.00577621
0.00290926
0.0179657
0
0.00987855
0.00274626
0.00579772
0.00281902
0
0
0.0495432
0
0.00287793
0.00606642
0.0412294
0.00817025
0
0
0
0.00562585
0.0206587
0.0206859
0.00624915
0.0664531
0
0.00275914
0.00551937
0.504863
0.00273601
0.00542515
0
0.00419297
0
0.0083219
0
0
0.0027961
0.00410194
0.00364172
0.0116344
0.0166717
0
0.00296334
0.00291382
0
0
0.00296861
0
0.0028495
0.00298187
0.00277726
0.00277726
0.00565539
0.00297612
0
0
0
0.00551405
0.0176569
0
0.00273729
0
0.00553745
0.00277726
0.00307598
0
0.00987461
0.0027234
0.024019
0.00586098
0.011968
0.00273559
0.00287467
0.00264198
0.0190587
0
0.00611166
0
0.00286533
0
0.00275934
0.0112409
0
0.0115099
0
0.00307348
0.00593088
0.00286533
0
0.00281309
0.00276009
0.0106466
0.00299644
0
0
0.00285514
0.00360457
0.00310353
0.0059625
0.00272587
0
0.0157223
0.0040481
0.0174746
0.0231856
0.0302243
0.0345912
1
0.00274409
0.00272183
0.651074
0.00539839
0.00289423
0.00388254
0.00308757
0.00842
0.00278836
0.00270679
0.00276671
0
0.0112883
0
0.00336262
0
0.0328754
0.00544948
0.00307483
0.00572922
0
0.00278836
0.00271478
0
0.00260687
0.00569582
0
0.00273559
0.00260687
0.00268996
0
0.0501228
0.00563474
0
0.00273559
0
0.00281927
0.00576807
0.00270856
0
0.0151325
0.00547514
0.0035368
0.0028472
0.00843961
0.00290793
0
0.0027234
0
0
0.014853
0.00309963
0
0.00560424
0
0
0.00697071
0.00605506
0.00271873
0
0.00269127
0
0.00277941
0.00435133
0.00552509
0.0149161
0.0111723
0.00877307
0.00296861
0.00468728
0
0.00612049
0.0029911
0.0184063
0.0231097
0
0.00268964
0
0
0
0.00296861
0
0.00725332
0
1.00065
0.0243108
0
1
1.01096
0
0.00278915
0.00292883
0.0147608
0.00638576
0.00296492
0.00581581
0
0
0
0.00552358
0.00264335
0
0.00284979
0.00502553
0.0138211
0
0.0128051
0
0.00271977
0.00590621
0.00264335
0
0
0.00283466
0.00342985
0.0082954
0.00284899
0.00279532
0.00293657
0.00273559
0.0807258
0.00561534
0
0.002801
0.00264335
0.00570097
0.00293657
0.0820677
0
0.00853454
0.00270874
0.00566065
0.00276746
0.00456683
0
0.0028619
0.00789208
0.0827521
0.00859608
0.0344616
0
0.00555267
0
0.0810271
0.00581749
0.0056637
0.00590517
0.00257356
0.00291958
0
0.00277726
0.00858841
0.0349603
0.0211632
0.020439
0.00602743
0.0323213
0.00295154
0.00242536
0.00293657
0.00580023
0.00868559
0.00567962
0
0.00578115
0.00819844
0.011182
0
0.00907067
0.0125868
0.00321645
0.00257356
0
0.00586306
0.00563911
0.0131202
0.0825606
0.00297804
0.00306835
0.0553012
0.0178388
0.00526965
0
0.00300516
0.00521691
0.00345284
0.0197373
0.0403307
0.204815
0.015499
0.991938
1.03085
0
0.00267864
0.0188792
0.00273984
1.02252
0.99252
0.00262447
0.00273755
0.0196524
0.00553601
0.00535824
0.0959472
0.00264335
0.00273338
0.00277588
0.0054742
0.0051127
0.0209643
0.00277899
0.0179925
0.0054582
0
0.00563973
0
0.00558659
0.00549059
0.002875
0.00267546
0.00286537
0.00514428
0.00297475
0
0.08066
0.0037253
0.00282572
0.00269724
0.00289293
0.00549059
0.00514428
0.00285385
0.0371977
0.0028069
0
0.00299311
0.015927
0.0051394
0.00546511
0.00258678
0.0348327
0.00284279
0.00263799
0.00824882
0.241109
0.00418876
0.0171004
0
0
0.00783466
0
0
0.0190317
0.00411128
0
0
0.00289703
0.00590803
0.00282973
0.00555362
0.0116277
0
0.0032137
0
0.0117871
0.00833919
0.0147774
0.0265089
0.00282221
0.0103027
0.00442905
0.00266127
0.00304427
0.00539754
0.0110559
0
0.00898225
0.017884
0.00843461
0.0160159
0.0148365
0.00512509
0.0117173
0.00276911
0.00573244
0.00528623
0.00288778
0.0530243
0.0276036
0.0561152
0.00548246
0.0191225
0.0736473
0.0414508
0.007734
0.00857872
0
0.00561062
0.00258842
0.00954785
0.0444954
0.0165968
0.013742
0.0834445
0.0431764
0.981682
0.970106
0
0.0421537
0.0111553
1.01908
1
0.00262595
0.0025476
0.00818338
0.00648175
0.00809285
0.00798125
0.0135505
0.0107433
0.0025096
0.00262447
0.00258908
0.00286533
0.00824748
0.00802587
0.016172
0
0.00564038
0
0.00262521
0.00507999
0.00536986
0.00524535
0
0.00252542
0.00540348
0
0.0245564
0.00288131
0
0.00265344
0.00265627
0
0.00540348
0.00280596
0.0108232
0.0147522
0.00874598
0
0.0054582
0.0106491
0.00288792
0
0.00822211
0.00505193
0.00293641
0.0605945
0.00851524
0.0029496
0.00823859
0.0890474
0.0247301
0.00796408
0.00273338
0.0138088
0
0.00749501
0
0.0411566
0.0480818
0.0190207
0.00833538
0.971651
0.0108735
0.00517343
0
0.00777152
0.00480141
0.0211318
0.0256445
0.0312986
0.045642
0.0316092
0.00540438
0.00529394
0.00539045
0.00563055
0.0177288
0.00569146
0.0054421
0.0127827
0.0266396
0.00808692
0.00816686
0.0766361
0.00782875
0.00556843
0.00274085
0.00264716
0.00284899
0.00781352
0.0271279
0.00269916
0.00545587
0
0.0138949
0.0338797
0.0322255
0
0.00494781
0
0.00523624
0.00574402
0.00832395
0.00265627
0.0105527
0.0344029
0.0475878
0.0292993
0.703281
0.257948
0.0109606
0.0155345
0
1.00606
0.966285
0.00259719
0.00265702
0.00284948
0.00463152
0.0162524
0.0103663
0.0114057
0.0185176
0
0
0
0
0.00545752
0.00478013
0.00830411
0.0122348
0.0634642
0.00268397
0.00548373
0
0
0.00534194
0.0026483
0.00285806
0.0024681
0.00774521
0.00293448
0
0.00304025
0.0110226
0.00285806
0.0024681
0.00284899
0.029345
0.00283722
0.0523971
0
0.00275966
0.00802712
0
0.00864957
0
0.0987982
0.00854675
0.00560338
0.00561165
0.101398
0.0306947
0.0260591
0.00294182
0.00256742
0.00266093
0.00827335
0
0.028951
0
0.0490346
0.0963899
0.0408867
0.0866165
1.01934
0.00271944
0.0027323
0
0.00273353
0.00790091
0.00359167
0.0102185
0.0356785
0.0382166
0.069738
0.0361713
0
0.00538547
0.00511485
0.00834732
0
0.0508061
0.0270123
0.0107824
0.00819229
0.0707109
0.0249074
0.00251074
0.0162118
0
0
0.0769148
0.0107098
0.0390697
0.227776
0.0138183
0.0138356
0.0349574
0.00255749
0
0.0107426
0.0026525
0.0158959
0.00662832
0.00815223
0.0159012
0.0282984
0.238805
0.013477
1.00217
0.374869
0.0460399
0.963008
1.01341
1.00065
0
0
0.0030748
0.00736574
0
0.00586871
0.0159325
0.0025153
0
0.00283466
0.00269969
0.00335273
0.00597022
0.0215434
0.0025153
0
0.00283466
0
0.00248349
0.00249204
0.00346508
0.0509619
0
0.00284899
0.00549926
0.0053845
0.0057154
0.0161442
0.00541772
0.00294571
0.00259792
0.00286537
0
0.0234531
0.00821739
0.00257993
0.0502745
0
0
0.0024681
0
0.0517397
0.0114687
0.00267112
0.00846599
0.0283673
0.021991
0
0.003897
0.00264368
0.0154884
0.149973
0.0356222
0.0522094
0.892888
0
0.00300185
0.00694563
0.0356152
0.0131291
0.0578192
0.0254522
0.00254008
0.00271944
0.00236223
0
0
0.00878367
0.0204067
0.025241
0.00815578
0.0114419
0.0443542
0.0025153
0.0165128
0.00319461
0.00538641
0
0.0261728
0.0605029
0.00820083
0.00371966
0.141504
0.00825004
0.00823992
0.0157166
0
0.00526501
0.00279799
0
0.00257959
0.00771716
0.00284601
0.0167254
0.133438
0.994256
0
0.00932665
0
0.631306
1.31808
0.00248047
0.00447578
0.00302561
0.00283466
0.00247908
0.002764
0.00391543
0.00295933
0.00773089
0.0028524
0
0.00523547
0.0027996
0.0398119
0
0.0029858
0.0027557
0.00489866
0.00446859
0.00258884
0.0027557
0.00284899
0.0054791
0.00300405
0.00534153
0
0
0
0.0925082
0.0172653
0.0027557
0.00352054
0.55604
0
0.00557255
0.0028613
0.00602912
0.0338775
0
0
0
0
0.00463299
0.00462288
0.00532058
0.0197071
0.00254958
0.00283733
0.0368101
0.00246728
0.00539389
0.0196264
0.00289692
0.0112251
0.0258011
0
0.00258011
0.00269359
0.00247978
0.00382024
0.00479391
0.0279551
0.00298249
0.00258011
0.00275876
0.00346353
0.00544781
0.0028524
0.00302246
0.00279064
0.00258011
0.00249086
0.00258011
0.00258011
0.00270464
0.00534333
0.0516296
0
0.0110643
0.00258011
0.00388499
0.456809
0.0028524
0
0
0.00614009
0.0194837
0.00326332
0.0028524
0
0.00585653
0
0
0.081046
0.00274971
0.00510371
0.0192281
0.00283274
0.00265886
0.00258842
0.00274971
0.0131958
0.0128533
0.00916569
0.996195
0.570785
