0.0647691
0.0163475
0.111828
0.227669
0.227669
0.0796904
0
0.0143763
0.014379
0.00870426
0
0.488332
0.270132
0.113761
0.00870426
0.0199127
0
0.0314095
0.0514303
0.586136
0
0.684842
0.113761
0
0
0.026698
0.0199127
0.00823292
0.0389776
0.15182
0.853276
0.0125866
1
0.113761
0
0.011741
0.00892877
0.0199127
0.00823292
0.0390001
0
0.0851595
0.614763
0.0155491
0.0250684
0.709041
0.0115497
0.0148594
0.0152528
0.0174247
0
0.0168251
0.141701
0.47215
0
0.0125866
0.44555
0.0148594
0.181034
0.0329698
0.111399
0
0.141701
0.0310458
0.581714
0.00805945
0.0113319
0
0.0148594
0.676608
0.00823548
0
0.0260097
0.198005
0.0165547
0
0.723093
0.00805945
0
0.0188567
0
0
0.999002
0
0
0
0.0104464
0
0.156736
0
0.0442026
0.00805945
0.0188567
0
0
0.999002
0
0
0.0208089
0
0.139424
0.0302433
0.0118106
0.0188567
0
0.999002
0
0
0.0104464
0
0.139424
0.0158338
0.0160668
0
0.00965499
0.00822563
0
0.999002
0
0
0
0
0.0105732
0.139424
0.0158338
0.0160668
0
0.00965499
0
0.00822563
0.00721922
0.999002
0
0
0
0.139424
0.0158338
0.0160668
0
0
0.00822563
0.00721922
0.723319
0.0120488
0
0.0179299
0
0.0526637
0.0158338
0.0160668
0.008004
0.0168626
0
0.00772655
0
0.0425889
0.18825
0.00792186
0.00893244
0.00774707
0.15949
0.0257703
0.00746749
0.0507204
0.0158934
0.24696
0.16603
0.00772655
0.00661099
0.0839247
0.0286807
0.3443
0.0352888
0.0223118
0.199584
0.0336185
0.00889137
0.0257972
0.00746749
0.126638
0.0158934
0.6176
0.106882
0.0274016
0.00661099
0.0839247
0.0150118
0.799385
0.158074
0.0111953
0.0986409
0.374659
0.0423835
0.00889137
0.321012
0.0302704
0.682258
0.0272083
0.037175
0.0163663
0.00697312
0.00661099
0.0203024
0.0975473
0.758518
0.139445
0.00883635
0.0111953
0.0986409
0.393904
0.0426565
0.63247
0.0302704
0.507978
0.0272083
0.0274016
0.0163663
0.0132825
0.010219
0.0276301
0.640971
0
0.14902
0.00883635
0.0111953
0.0986409
0.0204308
0.021067
0.0523212
0.013391
0.550941
0.014377
0.338812
0.0271296
0.069883
0.00667152
0.495989
0
0.116354
0.00883635
0.0111953
0.0986409
0.0204308
0.0429071
0
0.565641
0.014377
0.28077
0.0431904
0.069883
0
0.00667152
0.314764
0
0.0825883
0.00883635
0.0111953
0.0986409
0.0204308
0.034114
0.00672844
0.348694
0.0156731
0.014377
0.352285
0.118053
0
0.13324
0
0.00809922
0.00813209
0.00990393
0.017391
0.00936754
0.29105
0.0156731
0.0278098
0.151303
0.162755
0.0346996
0.0170067
0.0118305
0.0170067
0
0.0098307
0
0.271252
0
0.00896982
0.0211188
0
0.0098307
0.101093
0.671968
0
0.0374978
0
0.00896982
0
0.0211188
0.0202325
0.206489
0.0165354
0.0164738
0.914391
0.0160991
0.0374978
0
0.0180159
0
0.0104209
0.208704
0
0
0.061464
0.697387
0.0164738
0.998434
0.0620367
0.0374978
0.0180159
0.0162187
0.208704
0.00742649
0
0.0208358
0.558615
0.0326561
1.02535
0.0303339
0.0374978
0.0152556
0.0249677
0.0626829
0.2299
0.0708416
0.468437
0.0158402
0.0326561
0.74695
0.0185708
0.0269187
0.00799672
0.104205
0.0604517
0
0.00752892
0.42685
0.246746
0.0316284
0.35224
0.0185708
0.00789836
0.0132446
0.0269187
0.0172843
0.281536
0
0.0805676
0.00752892
0.0701987
0.287763
0.0149644
0.0794082
0.54452
0.0473008
0.0185708
0.00791539
0.0102096
0
0.0133632
0.0678091
0.00813982
0.250692
0.0102799
0.00787859
0.021552
0.00737609
0.0201337
0.229661
0.0149644
0.0314564
0.487855
0.0454805
0.0233537
0.0102096
0
0.0130007
0.0152167
0.0822261
0.0233305
0.0396343
0.0588745
0.0176562
0.0152782
0.0454466
0.201545
0.0154383
0
0.0835434
0.0171328
0.00705683
0.0385284
0.0294588
0.127575
