0.115511
0.0029906
0.730599
0.0662412
0.0655899
0.0502405
0.314659
0.249628
0.35271
0.629321
0.0542645
0.0672681
0.0872658
0.345239
0.573341
0.230294
0.0729961
0
0.0383714
0.0249061
0.00300153
0
0.506011
0.0191735
0.953045
0.0283911
0
0.0354046
0.0167982
0
0.0434578
0.269853
0.625154
0
0
0
0
0.0051957
0
0.00339991
0
0.00616553
0.00267974
0.0459457
0.755518
0.997094
0.991031
0
0.00286118
0.00309168
0
0.0121426
0.00486617
0.0208644
0
0.00370656
0.296992
0
1.03259
0.980545
0.0705169
0
0.00513757
0.002913
0
0.00586341
0
0
0.0168466
0
0.00283326
0.0438495
0.341994
0.00283326
0.0172589
0.00288139
0.00280888
0.0581081
0.867
0.975145
0.0227167
0.00287245
0.00301785
0.0177174
0.00306985
0.00603511
0.00313911
0
0
0
0.00839409
0.0294423
0
0.00261379
0.759782
0
0.00302041
0.00824599
0.0305873
1.07242
0.161194
1.00692
0.147512
0
0
0.015896
0.011468
0.129705
1.00167
0.0243913
0.00539055
0.0278038
0
0.011551
0
0
0.00288513
0
0
0.09743
0.00455547
0.563636
0.0128927
0.00285969
0
0.00288513
0.00283028
0.47073
0.977406
0
1.00665
1.01043
0.553287
0.0416382
0.00293618
0.00302363
0.00305311
0
0.0232061
0.00793731
0.165289
0.931681
0.00280722
0.0236328
0
0.00546241
0
0.00255182
0.00527001
0.00706047
0.0197623
0.00544461
0.00266757
0.00263952
0.00263952
0.043551
0.180277
0.446676
0.00263952
0.0202848
0.00263952
0.00832103
0.00263554
0.453015
0.00989821
0.989617
1.15928
1.06354
0.654629
1.02007
0.998417
0
0.0660383
0.00805218
0.0115282
0.0104514
0
0
0.0305463
0
0
0.00438871
0.00817044
0.00269049
0.0596515
0
0.00306657
0.0109953
1.031
0.130342
0.0028207
0
0
0
0.0111427
0.00307395
0
0.00273741
0.0111664
0.00398974
0.00293618
0.00983155
0
0
0
0
0
0
0
0.997867
0
0.012279
0.620598
0.00878753
0.00251154
0.989647
0
0
0.00672087
0.0105614
0.0153979
0.0522643
0.0030524
0.00309068
0.0328654
0
0.00273434
0.0202045
0.0393819
0.0310725
0.101407
0.899094
0.038235
0.00293618
0.0111222
0.0818509
0.00286721
0.014629
0.00512809
0
0.332047
0.0120058
0.058369
0.00576128
0.00288513
0.015441
0.00867163
0.0919122
0.0616533
0.00855687
0.0088484
0.00275163
0.00288513
0.00480856
0.00737366
0.0256706
0.942264
0.00282706
0.0498269
0
0.00262697
0.00300466
0
0.00823757
0.00511505
0
0.00282562
0.00691619
0.0212744
0.0124223
0.0162083
0.101103
0.197274
0.00933149
0.00264227
0.0471466
0.00300922
0.0125836
0.00251463
0.0163702
0.0083821
0.00235855
0.0024803
0.00572377
0.00833116
0.00298591
0.0650455
0.00285516
0.00251463
0.0024803
0.0141015
0.00286476
0.114515
0.0026067
0.011715
0.0104687
0.981779
0.114448
0.00394219
0.00261969
0.00289213
0.00262043
0.0028023
0
0.00275922
0.0138864
0.163825
0.00253838
0.10127
0.276001
0.00294358
0.150996
0.0030019
0.0122706
0.00867783
0.00297527
0.0108033
0.00288947
0.0796078
0.00279559
0.061254
0.0137215
0.0896397
0.0108162
0.013978
0.0767943
1
0.0855533
1
0.994218
0.897927
0.0025484
0.00338223
0.0161514
0.0055802
0.0029046
0.0137185
0.129881
0.945656
0.00599008
0.00343489
0.00248695
0.00749666
0.00524821
0.101971
0.0106299
0.0147101
0.0114052
0.132345
0.10929
0.0224322
0.00264048
0.00676445
0.173593
0.996784
0.0025831
0.00271502
0.00718204
1.01742
1
0.00297219
0.00305808
0.00495365
0.00298193
0.00255981
0.0193992
0.00929381
0.0829137
0.00566995
0.0263772
0.00281988
0
0.0616072
0.00289274
0.00928804
0.00256579
0.00258087
0.00304059
0.565656
0.00281451
1.00321
0.00258087
0.00833313
0.00269009
0.00259422
0.00802129
0.0179855
0.0107195
0.0279822
0
0.00833595
0.00306932
0.00302999
0.00674013
0.00261501
0.00522806
0.00563555
0.00326876
0.00261501
0.00261501
0.979717
0.00261501
0.00407516
0.0277359
0.00286278
0.0112708
0.00572279
0.0118276
0
0.252375
0.0156345
0.00251891
1
0.00530777
0.0178557
0.00274788
0.0821348
0.0135971
0.0218924
0.0334381
0.0123639
0.00282399
0.0333939
0.00297219
0.00294358
0.0353122
0.00849987
0.0176615
0.00251891
0.0138574
0.945905
0.0138574
1.01618
0
0
0.0139873
0.00251553
0.00251553
0.0173437
0.00251553
0.0024238
0.00300261
0.00279632
0.00251553
0.00547699
0.00850994
0.0037733
0.00811313
0.0158174
0.153795
0.00811313
0.0131805
0.745273
0.0703665
0.00532428
0.00296306
0.00311464
0.0131976
0.0123259
0
0
0
0
0.00276736
0
0.337452
0.00284813
0.00265233
0.00284813
0.00284813
0.00293054
0.00284813
0.00406876
0.00295137
0.0029866
0
0.0213554
0.0217625
0.00889281
0.869741
0
0.0684826
0
0.00333528
0.0119543
0.0147528
0
0.00635344
0.0585271
0.00294228
0.36738
0
0
0
0
0.0316606
0.00282068
0.00296414
0.0266863
0.0435252
0.12464
1
1.0932
0.00295883
0.0030706
0
0
0.00294228
0.00294228
0
0
0.00294228
0
0
0.00579828
0.00465573
0.00757193
0.0381896
0
0
0
1.02647
0.00309592
0.0122905
0
1
0.988673
0.00464571
0.00294026
0.00306059
0.00299377
0
0.00306059
0.00281796
0.0138094
0.0434164
0.0334017
0.0093953
0.00281796
0.00352245
0.00519981
0.00601072
0.167203
0.0117186
1.16007
0.991606
0.00919027
0.00563655
0.708467
1
0.0380342
0.00306693
0.00306693
0.00376302
0.00289948
0.00383776
0
0
0.00293856
0.0269635
0.00564501
0.00981345
0.00683169
0
0.0121607
0.0180627
0.00920458
0.0147273
0
0.062642
0.00281859
0.00982876
0.0188364
0.00301291
0.3005
0.0115532
0.631573
0.820121
1.00233
1
0.00337128
0.00259183
0.00284281
0.00291319
0.00296231
0.0263294
0.0230085
0.0672861
0.0344305
0.00298567
0.993397
0.0207863
0.00696437
0.0152444
0.0348908
0
0.00595368
0.00676246
0.0026451
0
0.00291319
0.00261495
0.0954768
0.00565469
0.00290247
0.0191389
0.0681367
0
0
0.00281903
0.0119862
0.0269212
0.0380355
0.550231
0.0984782
0
0.00266275
0.992308
1.00127
0.00281546
0.00281546
0.00286079
0.00281546
0.00290044
0.00281546
0.00791029
0.00290778
0.00259183
0.0274382
0.0082489
0.0202518
0.0112927
0.151309
0.99901
0.0168372
0.0274762
0.00274902
0.0028094
0
0.00860323
0.0105816
0.0184732
0.00856227
0.00290247
0.00281859
0.00569966
0.123505
0.0111334
0.444971
0.00283844
0.0295787
0.0109252
0.00272963
0.00566385
0.0147305
0.00826077
0.00267301
0.355195
0.00914739
1.00722
0.295114
0.0123589
0.964044
1.00047
0.995144
0.0335376
0
0.00300529
0.00564757
0.00254836
0.0419042
0.0193335
0.0957244
0.0196094
0.0868285
0.993055
0.00290247
0.0029496
0.0372004
0.00712355
0.0170811
0.00290247
0
0.0907692
0.00270639
0.00276138
0.0110216
0.0673236
0.249195
0.0057498
0.0314778
0.00373138
0.00906194
0.0110216
0.00276138
0.0127085
0.00276019
0.0053461
0.200517
1.00366
0.00920458
0.0110774
0.637281
1.01014
0.00444546
0.00293928
0.00767852
0.0374445
0.0029157
0.00254836
0.00249125
0.027362
0.00259183
0.252542
0.00598115
0.0206125
0.00457382
0.00305568
0.00370262
0.00994612
0.00271858
0.0176355
0.00296212
0.00308318
0.00271858
0.00804539
0.00935383
0.027926
0.00543927
0
0.063028
0.00536382
0.495431
0.0114948
0.00549133
0.0669472
0.042427
0.00583764
0.00894632
0.0604386
0.00809505
0.986808
0.565407
