0.0810825
0.0810825
0.00761686
0.0247788
0.0318498
0.0105631
0.0108081
0.0810825
0.00761686
0.0388469
0.0095569
0.0286864
0.0247788
0.0157049
0.0318498
0.0183645
0.457193
0.0108081
0.0256324
0.0236172
0.0184277
0.00701846
0.015382
0.0388469
0.00940433
0.287835
0.00967115
0.0131392
0.00802482
0.0221471
0.0389152
0.0229463
0.0347749
0.649374
0.0108081
0.0161559
0.00745661
0.0336553
0.0236172
0.103548
0.015382
0.0388469
0.0105162
0.287835
0.0180533
0.0131392
0.00802482
0.0221471
0.0295145
0.012
0.0183645
0.638196
0.0336553
0.0101246
0.00761686
0.355651
0.0126538
0.031342
0.0374918
0.0218533
0.0987133
0.0268312
0.0388359
0.0107286
0.109423
0.0183645
0.475952
0.0173256
0.0273811
0.0152158
0.422892
0.0733947
0.0204705
0.0874592
0.0268312
0.0388359
0.0107286
0.109499
0.0183645
0.408089
0.0173256
0.00761686
0.330466
0.0239795
0.0284267
0.0693519
0.0087779
0.0374074
0.0146056
0.0107286
0.113048
0.0183645
0.093207
0.00761686
0.0586417
0.00936582
0.0087779
0.0107286
0.0088018
0.0107286
0.0107286
0.00966458
0.0135938
0.0266363
0.0105598
0.0100516
0.0135938
0.0266363
0.0142198
0.0720791
0.0275652
0.0183117
0.0233959
0.00755798
0.0380978
0.0100642
0.300261
0.0201503
0.0135938
0.013354
0.0078864
0.247907
0.085597
0.0720791
0.00909734
0.0275652
0.0636409
0.0121363
0.0320276
0.163616
0.0205009
0.0176568
0.237277
0.0204462
0.0135938
0.0156457
0.00676074
0.0078864
0.402363
0.00757503
0.11229
0.0361582
0.0101587
0.00909734
0.0466312
0.0453292
0.0121363
0.0106137
0.108572
0.130295
0.0104312
0.0135938
0.00804641
0.649452
0.0220745
0.0700384
0.0188995
0
0.0556584
0.00936568
0
0.0779582
0.0209168
0.0409539
0.697073
0.00994118
0.00807118
0.482191
0.0696285
0.0387823
0.008549
0.00852871
0.00941991
0.0309435
0.416348
0.008549
0.00852871
0.101671
0.0100466
0.0309195
0.912034
0.0345753
0.0134756
0.0710442
0.0843755
0.0108558
0.0204602
0.745665
0.0570351
0.0107662
0.0260263
0.00776758
0.0134756
0.0710442
0.066974
0.0108558
0.109506
0.562022
0.0862768
0.0435425
0.00776758
0.0134756
0.0710442
0.181522
0.00845537
0.231338
0.00800791
0.00995058
0.106007
0.0961362
0.0435425
0.0152365
0.00776758
0.0134756
0.175125
0.0567008
0.0848572
0.00680559
0.172349
0.00800791
0.0882103
0.143589
0.053872
0.0152365
0.0134756
0.055684
0.0104886
0.0100156
0.0848572
0.101725
0.192294
0.0152907
0.0779605
0.0254843
0.0107209
0.028169
0.0100075
0.0375255
0.011771
0.00785585
0.0686057
0.0295297
0.168273
0.0114039
0.0206756
0.0500576
0.0178159
0.0238391
0.00767625
0.0716172
0.238511
0.0478389
0.0183826
0.00994829
0.00785585
0.0688151
0.148582
0.0106829
0.0598705
0.0178159
0.0482656
0.0282037
0.994863
0.226115
0.0478389
0.0387381
0.181777
0
0.0213529
0.219784
0.00940898
0.0117773
0.0817977
0.896872
0.0970774
0.164768
0.0213529
0.101122
0.00940898
0.0117773
0.0104329
0.460084
0.11087
0.11087
0.11087
0.11087
0.11087
