0.0251404
0.0245999
0.0252911
0.0254423
0.0351427
0.0225116
0.65973
0.209598
0.0236995
0.025674
0.00354743
0.00261606
0.0142958
0.0245999
0.00262082
0.0233258
0.025674
0.0245999
0.0251404
0.00258174
0.00528771
0.0245999
0.101466
0.195739
0.534891
0.00795171
0.0082447
0.00541641
0.0082447
0.0107478
0.00795395
0.00818954
0.00541641
0.00825386
0.00838665
0.0029583
0.00541641
0.00706489
0.0353344
0.00900563
0.0140763
0.00541641
0.00563053
0.00825386
0.0136611
0.00773773
0.0084953
0.013514
0.720055
0.00957834
0.00566194
0.0236973
0.00521251
0.0140327
0.00501429
0.0596546
0.00614884
0.0101791
0.00826838
0.0397698
0.0082447
0.0231664
0.0256552
0.00826752
0.0082447
0.024923
0.0142383
0.489295
0.162049
0.250367
1
0
0.168875
0.021691
0.00284243
0.019596
0.00282042
0.988907
0
1.04843
0
0.0029217
0.222444
0.0197908
0.0277301
0.00713373
0.00303161
0.025549
0.10837
0.022187
1
0.553961
0.984214
0.0414422
0.00288066
0.0414539
0.002932
0.103635
0.00533113
0.0414539
0.0414656
0.00287985
0.0414539
0.0427706
0.0143992
0.00287985
0.00300253
0.010082
0.00297132
0.00287985
0
0.0149663
0
0.752487
0.00272004
0.0109849
0
0.347587
0.00528852
0
0.00720605
0.0732411
0.00986087
0.00296855
0.0489092
0.0207669
0.310904
0.00300199
0.00567486
0.00508209
0.0603368
0.00641358
0.0083903
0.00308516
0.0033229
0.00288011
0.00284323
0.166075
0.0284417
0.0596775
0.321949
0.0410965
1
0.205126
0.993979
0
0.00247936
0
0.0049818
0.00538674
0.0106841
0.0269261
0.00535367
0
0
0.00247866
0.00246554
0.00299679
0.00541378
0.0108416
0.00266923
0.00761343
0.0108793
0.00263419
0
0.00266923
0.0104165
0.00347495
0.0149164
0.00274657
0.467747
0.0267229
0.00281407
0.00656672
0
0.42387
0.0104575
0.00263015
0.0139886
0.00280304
0.00233814
0.0107993
0.0481775
0.00309959
0.0509328
0.0052817
0.00266239
0
0.00270006
0.00246878
0
0.00268953
0.0230154
0.0140851
0
0.00246791
0
0.0546739
0.0960895
0.105154
0.499154
1
1.00967
0.165584
1.00133
0.0151572
0.0151615
0.180925
0.0154069
0.00286792
0.0151615
0.0151658
0.0179488
0.00423166
0.066838
0.299389
0.0213002
0
0.0154244
0.0264117
0.00524273
0.00250454
0.0027927
0.0131015
0.0137037
0.0109199
0.0028866
0.0131015
0.00449572
0
0.00267256
0.43795
0.940512
0.00535824
0.00254698
0.0276675
0.00794875
0.329855
0.0027927
0.0162418
0.0434327
0.013209
0.0027081
0.00798581
0.0126461
0.00236469
0.0162649
0.00764962
0.0585181
0.00367123
0.0208423
0.0151615
0.00242885
0.0144273
0.00580236
0.00247668
0.0330173
0.00248282
0.00519852
0.0107936
0.0025154
0.111796
0.0267288
0.0613106
0.478421
0.0945948
1
0.73231
0.992137
0.993705
1.00586
0.251605
0.991817
0.00512234
0.00512378
0.0107119
0.551981
0.0160394
0.00746041
0.85786
0
0
0.00512378
0.00512522
0.0101578
0.00265155
0.00695454
0.00516887
0.0310313
0.0385754
0.00372832
0.149589
0.0475849
0.0498308
0.0107557
0.0475849
0.00389463
0
0.00256924
0.00312909
0.989365
0.143858
1.02289
0.190214
0.0367415
0.00251689
0.0453283
0.00555333
0.0339144
0.0024771
0.00993074
0.00968758
0.0481737
0.00657769
0.00258335
0.0497607
0.00261532
0.0108192
0.00269505
0.0108875
0.00258335
0.00387503
0.00257882
0.0124672
0.0308475
0.00398337
0.00267035
0.00255562
0.00251689
0.0612975
0.00806588
0.0135358
0.0636157
0.0167112
0.989526
1
0.241801
0.995701
0.990544
0.913115
1.03355
0.0074998
0.0103597
0.00750192
0.0121863
0.0311418
0.0292561
0.00774905
0.00750403
0.0103568
0.0202685
0.00935996
0.0180434
0.00286709
0.0449094
0.0104789
0.010983
0
0.00590637
0.00543408
0.0104789
0.00258454
0.200949
0.0831479
0.026071
0.00251626
0.00944474
0
0.0635284
0.0025538
0.0106507
0.00258737
0.00766539
0.00256136
0.00967684
0.0109891
0.0158715
0
0.0285521
0.0103568
0.00578683
0.00267667
0.00269021
0.00496322
0.00496322
0.0185211
0.00261608
0.00538058
0.010172
0.00496322
0.00647376
0.010139
0.0418659
0.00790931
0.0107234
0.0378834
0.997229
0.976387
0.00505203
0.00255154
0.00240838
0.00751685
0.00255082
0
0.0125552
0.0053217
0.0025501
0.00520413
0.00751897
0.00267187
0.00751685
0.00425137
0.00259734
0.0126401
0.00255082
0.00402144
0.00257636
0.00257636
0
0.00262086
0.00255082
0.00257636
0.00262857
0.104833
0.0647549
0.00264123
0.00257636
0.00743518
0.00284967
0.0172102
0.00784156
0.0193227
0.00607829
0.0104841
0.00326537
0.0308115
0.00261685
0.00759215
0.0192929
0.0050158
0.018507
0.0107869
0.00281705
0.00759215
0.00654235
0.00256538
0.0333635
0.0192269
0.0202071
0.0207669
0.0429921
0.00968406
0.0112979
0.00258169
0.0181859
0.0027927
0.00271236
0.0261943
0.00270432
0.118453
0.00258242
0.00794924
0.00774428
0.00250908
0.00258242
0.0211208
0.00258604
0.00264429
0.0566342
0.0147269
0.822454
0.0112065
0
0.00258242
0.01052
0.00278243
0.0430498
0.0180201
0.00550184
0.0260768
0
0.00258242
0.00277444
0.00818375
0.0269465
0
0
0.00502641
0.00847994
0.00879621
0.0211193
0.015486
0.00795163
0.0331687
0.00783855
0.00277055
0.0232303
0.0244515
0.00810345
0.00815051
0.0365197
0.0975969
0.013124
0.0027927
0.0153086
0.032695
0.00692454
0.011135
0.013762
0.0182398
0.0112782
0.0786058
0.0109932
0.0102907
0.00256575
0.0105583
0.074221
0.42317
0.528969
1.021
0.0106272
0.00255215
0.00259661
0.00764541
0.0470675
0.0877488
0.0106272
0.00764541
0.00259661
0.0438335
0.0340292
0.00266791
0.0698247
0.0235593
0.00539514
0.00556416
0.00282861
0.00256575
0.0680367
0.0273884
0.00529778
0.00481078
0.00808205
0.0107998
0.17591
0.0184596
0.00764162
0.0219683
0.00255258
0.00256578
0.00266536
0.0783451
0.0025533
0.00382149
0.0888994
0.115891
0.652322
0.00533302
0.0170945
0.0228558
0.00277972
0.0343731
0.0069493
0.00259226
0.0315821
0.00277972
0.00258469
0.0218269
0.01643
0.00567952
0.026603
0.00251306
0.0410091
0
0.0025521
0.00251448
0.00555491
0.0267989
0.0640878
0.00251377
0.00262254
0.378285
0.123305
0.362006
0.00251377
0.00312936
0.140898
0.00251377
0.00247259
0.00787389
0.00355507
0.00798922
0.00754132
0.00241443
0.00830969
0.0219634
0.0628796
0.13387
0.050288
0.0388825
0.0599978
0.263002
0.290664
0.0193946
0.00275156
0.0025309
0.00532723
0.002876
0.00698679
0.0272177
0.124659
0.0100669
0.00264304
0.114414
0.094301
0.00742672
0.00266151
0.00512667
0.00493535
0.060394
0.00255131
0.188602
0.00258381
0.0337923
0.00252307
0.00494221
0
0.00741753
0.0337923
0.0744804
0.00494454
0.00765146
0.00741753
0.00516777
0.00609933
0.977906
1.0106
0.983799
0.0143369
0.00488606
0.00497299
0.0345415
0.00269499
0.0185498
0.00497299
0.00852379
0.00768198
0.00660761
0.00251751
0.0258337
0.06055
0.00248849
0.0204663
0.0127073
0.0323878
0.353729
0.249316
0.964802
0.0026177
0.00264522
0.01086
0.00522887
0.039343
0.0424428
0.00264581
0.0026119
0.0423293
0.00781335
0.00260174
0.00267288
0.17708
0.00277706
0.00277706
0.00819007
0.00284406
0.00277706
0.00277706
0.00277706
0.0136845
0.00289216
0.00523034
0.0786859
0.00257839
0.00289079
0.00757379
0.0373582
0.0107486
0.00270514
0.0298678
0.00261531
0.0135211
0.0105365
0.0109524
0.00737764
0.00270514
0.0540815
0.0132074
0.0577307
0.219457
0.00539051
0.0286131
0.994479
0.00250276
0.0267247
0.00250205
0.0102972
0.022115
0.0277776
0.00281997
0.0025548
0.00250205
0.0107831
0.0995173
0.0450257
0.00275938
0.00250205
0.0107669
0.00261076
0.99865
0.0103862
0.00326355
0.158562
0.00803382
0.00250582
0.0107669
0.0200939
0.00285723
0.00279558
0.120266
0.0028756
0.101902
0.0394167
0.00544313
0.0025543
0.00903475
0.0405854
0.0136921
0.0655073
0.0160272
0.00250205
0.94653
0.0207619
0.0185241
0.991914
0.0265695
0.0510882
0.00714647
0.00258811
0.00517332
0.0214425
0.0152192
0.0166751
0.0112057
0.0175476
0.0246842
0.00254286
0.00533208
0.11766
0.0213887
0.0621793
0.007844
0.00652504
1.02481
0.0441117
0.0759825
0.0133153
0.005198
0.00530115
0.011134
0.00258884
0.00271523
0.00324017
0.00258884
0.00243831
0.00970814
0.0133871
0.00257289
0.0134947
0.0102763
0.00807567
0.00520168
0.016165
0.0627731
0.00260727
0.0131083
0.0790191
0.00500253
1.04783
0
0
0.980689
0.479768
0.0224763
0.214051
0.00303721
0.80552
0.052274
0.359669
0.0483331
1.02453
0.00258971
0.0025005
0.030917
0.00792734
0.00771168
0.00771168
0.00547685
0.00310635
0.00521047
0.00763547
0.00806896
0.00771168
0.00703676
0.0064711
0.123781
0.00800297
0.0030132
0.619298
0.0149066
0.00430024
0.00267761
0.00751171
0.00238782
0.00820835
0.0387063
0.00314389
0.0025012
0.0729566
0.0203182
0.12561
0.00391915
0.483024
0.498505
0.992351
0.00800631
0.00853005
0.00800857
0.00829519
0.00800857
0.00801083
0.0110878
0.00800857
0.00521232
0.00992272
0.00829753
0.00829753
0.0029853
0.0188206
0.00825278
0.0086699
0.00829753
0.0221106
0.0105627
0.909576
0.00863116
0.00812437
0.0030549
0.57481
0.013626
0.013626
0.0171772
0.00359579
0.0103377
0.013626
0.013626
0.0168841
0.00277077
0.0209203
0.0395103
0.0164412
0.0278014
0.00718832
0.00563495
0.00582911
0.00982058
0.00308743
0.118405
0.045565
0.298691
0.035498
0.767561
0.0029612
1.03686
1.00441
1.00651
0.113448
1
0.0130846
0.00836259
0.0588543
0.00258291
0.00547095
0.00810292
0.00298998
0.00820322
0.00810292
0.00555315
0.0130919
0.00511897
0.00836624
0.00810292
0.00298998
0.0401049
0.0190721
0.00304278
0.00263934
0.0190721
0.00263934
0.0190721
0.209271
0.0843851
0.00253937
0.0083321
0.00810813
0.0108666
0.00263934
0.019054
0.00263934
0.0344477
0.0190721
0.00380927
0.0956725
0.00280927
0
0.00256473
0.911997
0.00439245
0.0198801
0
0.0252734
0.087225
0.00302601
1
0.00810292
0.00271861
0.00682948
0.0712991
0.0211784
0.00702235
0.00810292
0.00900325
0.016888
0.00530533
0
0.00457854
0.00901428
0.0026522
0.0212323
0.0524188
0.0568009
0.0362089
0.03536
0.00746325
0.00570356
0.00535018
0.0112124
0.0107716
0.193395
0.100892
0.116918
0.452741
0.0362978
1.01557
0.20871
0.00311892
1.00504
1.00743
0.990574
0.263742
1.0029
0.0161003
0.00773621
0.00309689
0.0580573
0.0168876
0.0107402
0.00521842
0.00272747
0.00236181
0.0094999
0.0135847
0.0159602
0.0185249
0.0110103
0.00284148
0.0160149
0.0167083
0
0.0550306
0.00548433
0.0185249
0.0901535
0.00834558
0.00547342
0.301735
0.0050252
0.0193443
0.00367277
0
0.002981
1.04388
0.994853
0.00269337
0.00568175
0.0520043
0.0320687
0.00269337
0.00448895
0.00292301
0.0109092
0.020993
0.00281237
0.0657041
0.00269337
0.0108391
0.00844789
0.0111826
0.00826676
0.0108743
0.0923657
0.0929206
0.152133
0.0385014
0.986873
0.888374
1.00753
0.987974
1.01542
0.254
1
0.00269086
0.0480665
0.120622
0.0161871
0.021123
0.0112846
0
0.00269162
0.00529949
0.0454008
0.00269162
0.00258872
0.00549068
0.00460539
0.00792264
0.250648
0.00518189
0.00274085
0.00269162
0.00525635
0.0161895
0.0454136
0.00249941
0.0029196
0.0666513
0.00269162
0.0693227
0.00752106
0.0214417
0.00301534
0.0469027
0.00542613
0.00279752
0.0670587
0.00269162
0.0719675
0
0.00251351
0.00521227
0.0795714
0.273095
0
0.0113084
0.0024898
0.0636035
0.0254594
0.00532074
0.0695723
0.0061825
0
0.00737204
0
0.00303444
0.968271
0.406503
1.01405
0.00269162
0.00280252
0.00715204
0.0227233
0.0196482
0.00995939
0.00269162
0.00499918
0.00367039
0.0250719
0.0196681
0.00387232
0.0132442
0
0.0369142
0.00271297
0.00529949
0.055767
0.00525613
0.00270062
0.0131121
0.00259781
0.008183
0.0229687
0.00805721
0.0108901
0.00729901
0.0669869
0.0266628
0.0652983
0.239376
0.00720968
0.991348
1
0.00270244
0.00275772
0.864985
0.992158
0.988736
0.907694
1
0.16981
0.0107335
0.435986
0.00287025
0.00248197
0.00257128
0.0341239
0
0.0601745
0.0576918
0.0608899
0.0573813
0.0372804
0.0147855
0.00755165
0.0601745
0
0.0214244
0.00279076
0
0.23549
0.0325883
0.0604073
0.510469
0.171641
0.0107377
0.0407489
0.0129654
0.00676901
0.00278331
0.0115952
0.00837173
0.00586857
0.00722399
0.00257169
0.0137485
0.00258222
0.00431581
0.00827324
0.0044792
0.0556637
0.00776456
0.00668489
0.0398905
1.01438
0.973217
0.00257169
0.0522497
0.974489
1.01065
0
0.0358929
0.00431752
0.00299432
0.00295382
0.00249562
0.00260538
0.00298866
0.00459079
0.00807862
0.00249562
0.00245903
0.00552447
0.0370344
0.0316255
0.00435111
0.00249562
0.0376244
0.0329703
0.0449257
0.00272677
0.0370344
0.0279316
0
0.0108202
0.0815695
0.0331442
0.00473185
0.129013
0.217176
0
0.0080879
0.015049
0.00840498
0.0134937
0
0.00262278
0.00244664
0.00840876
0.00257472
0.0035129
0.00263048
0.0503388
0.00245903
0.0397801
0.0453102
0.00277291
1.02796
0.00257871
0.00253827
0.00829047
0.00617968
0.0110302
0.0159596
0
0.00284935
0.00307175
0
0.00293335
0.00830387
0.00277715
0.00277715
0.00302193
0.025589
0
0.00277715
0.0386971
0.00277715
0.0153155
0.00260443
0.124742
0.99266
0.212322
0.00261566
0.00547247
0.019196
0.00983556
0.00265766
0.00306458
0.00282459
0
0.127449
0.00253827
0.0135831
0.00278935
0.0112772
0.00253827
0.00423044
0.00585282
0.0459339
0.00732813
0.00686197
0.00700663
0.00536977
0.00523664
0.00290178
0.0336525
0.00546522
0.00274537
0.00274537
0.00803287
0.0029648
0.263241
0.00605932
0.0444204
0.0040048
0.0913221
0.736181
0.955981
0.98246
0.0674771
0.00633977
0.0166196
0.0139532
0.00274742
0.0798195
0
0.0282407
0.0113811
0.0025909
0.0267205
0.0102421
0.00249857
0.00798818
0.00270312
0.00540594
0.00864353
0.0236889
0.00558723
0.00249889
0.101789
0.0384563
0.0124029
0.0769508
0.225953
1.02643
0.0583132
0.00342958
0.00557831
0.00869137
0.00787698
0.00258307
0.00267669
0.0314149
0.0457266
0.00294836
0.00828291
0.00287443
0.00400002
0.00261658
0.0206758
0.014598
0.030637
0.0666025
0.00266381
0.35738
0.0213725
0.00367625
0.715106
0.128247
1.02605
0
0.0602149
0
0.00290947
0.186834
0
0.0452106
0.0279365
0.00454295
0.00257941
0.0070811
0.026473
0.0944178
0.00259211
0.0498551
0.00461547
0.102451
0
0.0417072
0
0.0422503
0.24117
1.00032
0.0137663
0
0.00256112
0.00582664
0.0472356
0.0446166
0.205881
0.061024
0.0406941
0.113738
0.00847927
0.45366
1.01654
0.0024885
0.00599784
0.039695
0.0172168
0.0423642
0
0.0321135
0.0220712
0.00248403
0
0.00248333
0
0.0161901
0.0606958
0
0.00248403
0.936212
0
0
0
0.0169257
0.0202319
0
