0.00621373
0.137961
0.287181
0.287181
0.124634
0.0137024
0.342217
0.00879439
0.136621
0.35043
0.0384845
0.128484
0.367193
0.0384845
0.112198
0.367193
0.0384845
0.112198
0.367193
0.0384845
0.112198
0.375569
0.0256061
0.112198
0.375569
0.0256061
0.112198
0.100107
0.0256061
0.0165436
0.0955087
0.00837515
0.0167362
0.0256061
0.0955087
0.0168727
0.0256061
0.0139915
0.0358502
0.0117008
0.330091
0.0289639
0.0982985
0.0188345
0.0336809
0.014975
0.395631
0.0173477
0.0300497
0.10677
0.00944267
0.0699954
0.029732
0.0779283
0.0849182
0.53866
0.0742507
0.0139915
0.16246
0.00944267
0.136081
0.0153216
0.0917778
0.0146862
0.100065
0.510644
0.0742507
0.0139915
0.260812
0.00944267
0.015444
0.0692055
0.0153216
0.0817504
0.113165
0.448474
0.0742507
0.0139915
0.369252
0.00944267
0.015444
0.0536651
0.0153216
0.0576818
0.113165
0.431398
0.0381041
0.0139915
0.0124291
0.89597
0.015444
0.104045
0.0468601
0.111927
0.306728
0.0381041
0.0139915
0.996813
0.015444
0.103065
0.0477796
0.0836679
0.181025
0.0381041
0.996813
0.015444
0.0519904
0.0128721
0.0139344
0.0972368
0.0207564
0.909172
0.00962255
0.82797
0.615776
0.0398705
0.0598422
0.307693
0.145883
0.088122
0.0139678
0.376288
0.155475
0.564748
0.0278597
0.564748
0.0278597
0.564748
0.00811638
0.018449
0.564748
0.00811638
0.018449
0.564748
0.00811638
0.018449
0.564748
0.00811638
0.018449
0.577449
0.00811638
0.0092604
0.0597188
0.414016
0.00817077
0.0134789
0.0129521
0.110464
0.11645
0.26118
0.0134789
0.0133321
0.0129521
0.417777
0.013666
0.0150688
0.0801671
0.00660982
0.344323
0.193897
0.166709
0.0187432
0.172946
0.539891
0.708074
0.257312
