0.0333399
0.0340629
0.033097
0.0373804
0.0333305
0.0358166
0.0333305
0.0337443
0.0338242
0.0101986
0.00262614
0.0027534
0.00339015
0.00257722
0.0093229
0.00258995
0.142845
0.0347193
0.262917
0.820933
0.00797813
0.00821832
0.00542152
0.00541999
0.00797589
0.00542152
0.00542152
0.00542152
0.00707155
0.00797589
0.00542152
0.00542152
0.00798475
0.00542754
0.0067769
0.00563584
0.0062556
0.00255437
0.00553445
0.00255437
0.00240487
0.00265534
0.00255437
0.00319296
0.00265507
0.0404081
0.00965277
0.00278143
0.00839864
0.0164798
0.209044
1
0.948075
0.0050552
0.00301507
0.00298862
0
0.00624045
0.00295209
0.0118566
0.021518
0.018444
0.994335
0.233901
0.00551525
0.00386169
0.00255722
0.0335829
0
0.0108803
0.00295774
0.0134723
0.0137003
0.0306722
0.028319
0.991995
0.134023
0.0484403
0.0150413
0.0217303
0.114879
0.057139
0.00546233
0.00526005
0.00550185
0.00526005
0.00250467
0.0789418
0.00537511
0.00530325
0.00261911
0.00354426
0.0054796
0.00846759
0.00768034
0.0175312
0.0139453
0.00267086
0.0244795
0.00555403
0.0251014
0.152632
0.067226
1
1.00318
0.466972
0.00538243
0.00271092
0.00813148
0.156151
0.0217051
0.192779
0.00538395
0.00813377
0.00813148
0.00294468
0.00543133
0.00807592
0.0163795
0.00274754
0.0185605
0.0250746
0.00274754
0.0185605
1.00147
0.0447452
0.00274754
0.00274754
0.0207542
0.0235531
0.00506117
0.00274754
0.00274754
0.0201898
0.0160086
0.00299293
0.0037027
0.00538395
0.0221661
0.0141584
0.00538395
0.00807592
0.0136097
0.0195507
0.00274754
0.0188447
0.00554303
0.0481972
0.992802
0.95222
0.970778
0.00531491
0.00531641
0.00287182
0.00385048
0.00276893
0.00549154
0.00531791
0.00531641
0.0204902
0.00368307
0.00255079
0.00282369
0.00246944
0.00554779
0.0121015
0.0026816
0.00246944
0.640141
0.00614388
0.00282369
0.00282369
0.0423154
0.00282369
0.00282369
0.00250993
0.00396054
0.00258969
0.0169757
0.00962811
0.00593803
0.00531641
0.0120496
0.00249272
0.0334947
0.00572693
0.00531641
0.00660028
0.00667164
0.0784509
0.0409803
1
0.00799664
0.0079989
0.00451212
0.0181016
0.00823739
0.00800115
0.010861
0.00291528
0.0199972
0.0042931
0.00271261
0.00549613
0.00300147
0.0164884
0.135058
0.00785162
0.00941229
0.0214655
0.00308635
0.00547785
0.0079989
0.0197251
0.00536483
0.00563646
0.00838851
0.0079989
0.0069976
0.0299959
0.0181562
0.0186559
0.0332485
0.0186611
0.0186559
0.0060061
0.0699595
0.00549988
0.0134962
0.0368077
0.0805418
0.0239647
0.0477357
0.00538074
0.0368052
0.0051597
0.0110325
0.0195697
0.0186559
0.00814689
0
0.0699595
0.0135468
0.0259328
0.0142053
0.0135468
0.0369457
0.00832454
0.0135468
0.0142097
0.0135468
0.0135468
0.133702
0.00553897
0.00553897
0.0242188
0.0166169
0.00553897
0.00553897
0.0343191
0.00408744
0.00261577
0
0.0142097
0.00268233
0.101601
0.016302
0.00301186
0.0652768
0.238064
0.0244015
0.0258717
0.0162287
0.0136894
0.0326384
0.0128723
0.00291619
0.00850519
0.0222339
1
0.0407622
0.00417417
0.0105652
0.00854277
0.0244573
1.02165
0.667267
0.00442641
0.00524368
0.00544396
0.00251966
0.0859151
0.00545452
0.00539109
0.0148109
0.0325752
0.0986056
0.00427295
1.01538
0.461619
0.0210209
0.00297463
0.00574973
0.022653
0.00292858
0.0233892
0.00305487
0.401669
0.00305265
0.00976774
0.00578609
0.00684197
0.02056
0.00366072
0.00376868
0.0230891
0.00621337
0.0468539
0.00816138
0.0114497
0.0919398
0.0156515
1.04913
0.235697
0.452547
0.0029077
0.00248046
0.00288158
0.00254212
0.00288239
0.00288239
0.00288239
0.00295405
0.00289227
0.00300079
0.00288239
0.0159648
0.00300989
0.0028879
0.0110143
0.0028879
0.00481316
0.0028879
0.0029081
0.00289094
0.00769261
0.0350389
0.0166937
0.00690568
1
0.734247
0.494841
0.00248739
0.0277077
0.0330259
0.080158
0
0.00248809
0.0191144
0.0250381
0.00248809
0.00523553
0.0167586
0.0172434
0.0025336
0.0139716
0.00248809
0.0189588
0.0191924
0.0250451
0.0250451
0.00248809
0.0276592
0.00687538
0.0309603
0.0258664
0.0277456
0.00248809
0.0313496
0
0.0301473
0.0149286
0.0808787
0.0289261
0.00298571
0.978918
0.00786971
0.00259061
0.0212079
0.0112696
0.00824041
0.00248809
0.00249164
0.00716678
0.017435
0.00412557
0.0224404
0.00308761
0.00997023
0.00567468
0.0137328
0.03836
0.0144207
0.00300553
0.0819189
0.00506114
0.0137328
0.0141831
0.00576829
0.0241684
0.013819
0.0113892
0.0886387
1
0.0198551
0.988388
1
0.201566
0.00358899
0.201601
0.00285935
0.0339486
0.00262817
0.0339486
0.00618096
0.0343522
0.0381646
0.040368
0.0366946
0.00748899
0.00274596
0.0355465
0.00433573
0.482045
0.00609966
0.00291287
0.00264411
0.00291874
0.031753
0.025258
0.00752269
0.999729
1.02414
0.01149
0.00276082
0.0181473
0.011876
0.0114933
0.0114965
0.0313453
0.0114933
0.00265667
0.00265667
0.00269899
0.00274512
0.00264394
0.00265667
0.0545537
0.00265667
0.0165182
0.00278424
0.236202
0.0114933
0.011876
0.0114933
0.038311
0.00830023
0.0120452
0.0107423
0.0183589
0.0127703
1
0.0114933
0.010096
0.00881033
0.0504802
0.0369967
0.101736
0.00262073
0.0088227
0.00623711
0.0120191
0.0188607
0.0181889
0.0113196
0.0113228
0.00275326
0.0474469
0.011024
0.0113196
0.129858
0.0242123
0.0113196
0.216919
0.315465
0.00267041
0.0116131
0.0108896
0.0144404
0.00428327
0.0044987
0.00606681
0.00306913
0.00299913
0.00299998
0.0263073
0.00299913
0.00299913
0.00314526
0.023982
0.00532629
0.280797
0.00590463
0.0216374
0.00299825
0.00601296
0.00919842
0.00299913
0.00408973
0.00798631
0.00299913
0.0144095
0.0342961
0.194863
0.0354315
0.973112
0.0139875
0.0685922
0.00260976
0.0143855
0.0137406
