0
0
0.00677125
1.29519
0
0.00672267
0.00513564
0.00509879
0.0364506
1.30455
0.0253342
0.126212
0.0263983
0.0703955
0
1.0612
0.0108251
0.0111631
0.0135314
0
0.01135
0
0.00564538
0.00580328
0.00705672
0.00592144
0.0272103
0.00523827
0.00639124
0.00536351
0.132584
0.713229
0.0319306
0.0368431
0.00500984
0
0.00500984
0.00503935
0.00519807
0.045864
0.00509308
0
0.0243701
0.018461
0.00513265
0.0393555
0.17341
0
0
0.00500984
0
0
0.00514168
0
0
0.0492293
0.00525714
0
1.10326
0
0.00511942
0
0.00807562
0.0262857
0.00830074
0.158277
1
0
0
0.00500984
0
0.0861482
0.00550526
0.0508517
1
0
0.00481789
0.00653458
0.00548839
0.0921347
0.023843
0.560887
0.971167
0.0187869
0.0309639
0.0109244
0.022023
0.02701
0.0114596
0.0917624
0.0138832
0.00535582
0.0175238
0.00751019
0.0757727
0.109999
0.00512988
0.00523767
0.016344
0.00509738
0.00523767
0.0229602
0.0471952
0.337052
0.0257249
0.00751019
0.00516384
0.0175238
0.0324467
0
0.0105491
0.838556
0.00694455
1.0124
0.00544612
0
0
0.00988797
0.0113005
1.04016
0.00711978
0.993467
0
0.0106195
0
0
0
0.0214544
0
0.0301731
0.0452597
0.00516779
0.0141513
0.0141527
1.03323
0.00694455
0.00526732
0.0219525
0.022764
0.00545325
0.0419762
0.00580807
1
0.524951
0.0459587
0.0414484
0.0506831
0.0203068
0.051964
1
0.024033
1.00906
0
0.00594366
0.0275594
0
0
0
0.0784877
0.978814
0.09697
0.117606
0.390595
0.0379667
0.00579715
0.00124494
0.00591347
0.0528985
0
1.05261
0.920907
0.0263028
0.252537
0.00567858
0.0500473
0.164441
0.0699089
0.979407
0.0838882
0
0
0.0952227
0.0323432
0.0429811
0.00569856
0.0114403
0.0233683
0.00518156
0.00599254
0.0101445
0.00518156
0.043514
0.00582126
0.00518156
0.0061071
0.0123448
0.00914393
0.0342307
0.0488048
0.00588806
0.20733
0.00586633
0.0250417
0.960623
0.0421475
0.169168
0.00585313
0.00569996
0.0296769
0.122065
0.00569996
0.00899994
0.663545
0.00568977
0.0152864
0.94101
0.00579159
0.0868738
0.0870884
