0.0033987
0.00473498
0.0297849
0.00473498
0.0236775
0.0105564
0.00473498
0.0236775
0.0105564
0.00473498
0.0175632
0.021125
0.0118567
0.0175632
0.0105564
0.0118567
0.0175632
0.0105564
0.0168067
0.0133133
0.0105564
0.0217771
0.00904607
0.0105564
0.0217771
0.00904607
0.0105564
0.00752131
0.00548029
0.00548029
0.0273583
0.0284374
0.0883472
0.00225967
0.0284374
0.086495
0.0284993
0.00651983
0.0350657
0.0761776
0.0915171
0.0192893
0.0434252
0.0571028
0.146117
0.0124224
0.0554458
0.0503532
0.0318353
0.0653337
0.0448729
0.0653337
0.0448729
0.00832013
0.00470161
0.00352168
0.0123466
0.00352168
0.0750961
0.0400072
0.00352168
0.0703945
0.0400072
0.00414009
0.00352168
0.0657626
0.00538923
0.0400072
0.0021982
0.00506738
0.0559784
0.011384
0.0483726
0.00681711
0.0559784
0.0660432
0.00681711
0.048784
0.0790366
0.00681711
0.0391423
0.0964498
0.00681711
0.0391423
0.0964498
0.00681711
0.00421762
0.00681711
