0.0043986
0.00988482
0.025514
0.00158695
0.00205179
0.0210603
0.00290124
0.00205179
0.0210603
0.00290124
0.00300107
0.0195951
0.00295384
0.00498325
0.0167019
0.00290858
0.00688894
0.0138564
0.00292487
0.00785529
0.00919761
0.00593319
0.0109945
0.00919761
0.00158695
0.0109945
0.00621566
0.00436887
0.00527329
0.0026323
0.00102844
0.00263952
0.0276306
0.0212051
0.00876131
0.0832445
0.021255
0.0138472
0.0730388
0.00901536
0.0286068
0.0730388
0.035642
0.00901536
0.0286068
0.0730388
0.0229329
0.0120839
0.0286068
0.0657001
0.0142395
0.0323071
0.0532062
0.0100344
0.0386069
0.0507691
0.00193756
0.00474647
0.00262825
0.00866293
0.0064289
0.00623301
0.00245758
0.0308144
0.014196
0.00245758
0.0267692
0.0187134
0.00245758
0.0226625
0.0187134
0.00581417
0.0206602
0.0209495
0.00581417
0.0141124
0.0210605
0.0110847
0.0119147
0.0211677
0.0128026
0.0119147
0.0187134
0.0145989
0.0119147
0.0187134
0.0145989
0.00634627
0.00606736
0.000913039
