0.0144171
0.339516
0.0600843
0.0455708
0.157082
0.547829
0.698016
0.368422
0.00972415
0.0205355
0.00808786
0.603494
0.089056
0.330246
0.310291
0.700027
0.00328151
0.00924262
0.00541741
0.00258877
0.00529139
0.0355031
0.01878
0.00814777
0.0198093
0.0253447
0.55193
0.00269028
0.0441659
0.0459845
0.00261867
0
0.00535151
0.00548998
0.0327795
0.00269171
0
0.00254358
0.00254358
0.00254358
0.00547812
0.0217101
0.0112887
0.0825317
1.02266
0.00905331
0.0405461
0
0.00283796
0.00425694
0.00283796
0.0121627
0.00254358
0.00847861
0.00363369
0.00254358
0.00277798
0.0111864
0
0.0039244
0.00295027
0.00239117
0.00537595
0.018746
0.0307913
0.189285
0.0139827
0.984298
0.0036672
0.00746762
0.00269734
0.00276222
0.00248545
0.0107224
0.00364767
0.013846
0.00266363
0.00290703
0.205907
0.0138096
0.0040685
0.00289674
0.00290703
0.00290703
0.00258444
0.00252131
0.041054
0.0254203
0.170841
0.0203106
1.00412
0.00618372
0.00412413
0.0110566
0
0.00271234
0.00625232
0.00248545
0.168229
0.00251303
0
0.00426152
0.0168067
0.00821438
0
0.00549804
0.0520205
0.00555485
0.00283288
0.00337957
0.0313771
0.011414
0.0947523
1.00947
0.00279003
0.00435201
0.00276019
0.00253882
0.00292243
0.00439855
0.00276019
0.00289117
0.0026593
0.0177351
0.00645324
0.0143417
0.0172114
0.00853073
0
0.0119208
0.071985
0.00276051
0.00341501
0.00261867
0.00289535
0.00359998
0
0
0
0
0.0118307
0
0.00300908
0.00621229
0.00711399
0.00278744
0.01122
1
0.00881307
0.00261867
0.00279786
0.869692
0.00261546
0.00437894
1
0.987168
0
0.00279003
0.00260165
0.0231576
0.00569653
0.00260187
0.00456354
0.00279003
0.00707865
0.00580695
0.00567008
0
0.373376
0.727394
0.00253882
0.00264867
0.0039244
0.00620509
0.00253882
0.00309418
0.992688
0.987033
0.0029065
0.00740613
0.00837008
0.00263508
0.00418504
0.00304456
0.0837008
0.019392
0.623859
0.619299
0
0.00780462
0.00678978
0.00259649
0
0.00253882
0.0214511
0.0108807
0.00780387
0.00727525
0.0257454
1
1.00027
1
0.00378971
0
0.0592062
0.0376986
0.00398575
0.0347376
0.023354
0.0736606
0.35517
0.68749
0.548578
0.00276019
0.00576216
0.00278744
0
0
0.00271234
0.00287535
0.018866
0.0437337
0.00796744
0.996879
1
1.00804
0
0
0.0837063
0.00292713
0
0.0129433
0.0170189
0.0106735
0.0126368
0.0527459
0
0.158006
1.00101
0.0663146
0.5906
0.00276832
0.00815505
0.00271234
0
0.0029695
0
0.00277566
0.00279821
0.00277013
0.00274372
0.0348574
0.548942
0.00287642
0.00259912
0.00290553
0.0029065
0
0.0205359
0.0028566
0.010997
0.0329653
0.00376975
0.0110573
0.0142668
0
0.0330118
1.01478
0.00283995
0.00460032
0.00286305
0.0833602
0.0508318
0.0806894
0.00349434
0.00859788
0.00295301
0.00260154
0.00280796
0.00285537
0.00299049
0.0569823
0.00288652
0.029065
0.00294867
0.00341293
0
0.00305981
0.00294972
0
0.0141977
0.00261322
0.0248696
0.00384598
0.0420628
0.00416651
0.0126368
0.00308171
0.0106273
0
0.00289718
0.00415248
0.0148044
0.00566837
0.0059084
0
0.0546956
0
0.0298596
0.0191256
0.0106201
0.0113461
0.00290937
0.0121455
0.242361
0.00839844
0.0132621
0.00292713
0.00559156
0.00296912
0.00297115
0.0299079
0.00586368
0.0106468
0.0110952
0.00708003
0.0106455
0.00291932
0.0356471
0
0.0139954
0.0106201
0.0168111
0.029499
0.00294297
0.00797464
0.00878139
0.0371889
0.00801674
0.0043907
0.00759489
0.00289228
0.00547026
0.0180384
0.0130261
0.00547026
0.00248579
0.00325653
1.01374
0
0.00283201
0.00299732
0.00294406
0.0122687
0.00308926
0.00938193
0.0146357
0
0.0319274
0
0
0
0.00835952
0.0139021
0
0.00283201
0
1.00345
0.0135931
0.00584114
0.0176033
0.0187858
0.00365499
0.00570743
0.0062213
0.00260381
0.0208205
0.00296415
0.00296415
0.00258858
0.00304748
0.00836169
0.0148208
1.00014
0.0745445
0.00261601
0.00993567
0.00744732
0.0973078
0.0415711
0.0247802
0.00301035
0.00555642
0.00360009
0.00750018
0.00572199
0.0190486
0.0141027
0.00343884
0.857696
0.00283514
0.00285756
0.0028657
0.0077322
0.00301791
0.0136245
0.0147784
0.00311537
0.0028657
0.00577512
0.0175225
0.00288781
0.0122816
0.0028657
0.00295967
0.0227941
0.0343954
0.10938
0.0028657
1.00222
0.00380806
0.0167085
0.00273291
0.00668828
0.002837
0.00281364
0.00812434
0.0510184
0.00269294
0.00802588
0.0674173
0.0205332
0.0108562
0.0566373
0.014229
0.121607
0.00399361
1
0.00304791
0.00537114
0.00872918
0.024318
0.00263535
0.00292075
0.00297308
0.00287033
0.00340217
0.00540067
0.0028191
0.0028288
0.0178543
0.0173427
0.00670922
0.0073895
0.00296415
0.00291951
0.00580444
0.00296415
0.653159
0.00520092
0.00447905
0.00594391
0.00270119
0.0119808
0.00525965
1
0.00279553
0.00952269
0.00291913
0.00277383
0.00296415
0.00270206
0.436205
0.00293707
0.00390777
0.0056441
0.0195978
0.00286078
0.450455
0.0180003
0.00518884
0.031856
0.00253113
0.00558746
0.00290434
0.0139053
0.00264891
0.00261805
0.385435
1.02272
0.00785227
0.0399568
0.00256516
0.00294369
0.00265771
0.00258078
0.0135437
0.00260417
0.0126557
0.00560905
0.0204274
0.0146428
0.0031926
0.00529062
0.330512
0.00541653
0.0243339
0.00570098
0.00404407
0.0108539
0.00853995
0.0201857
0.40261
0.991467
0.00468455
0.0278547
0.0386752
0.00271083
0.0194823
0.134123
0.286396
0.00277461
0.276283
0.0026102
0.00251946
0.00288165
0.00778824
0.00346162
0.0227131
0.0225005
0.393494
0.977364
0.0394512
0.00561289
0.0253461
0.00287351
0.0325442
0.261676
0.00524916
0.00294289
0.00298452
1
0.151188
0.0231615
0.00307212
0.0126483
0.25835
0.0079877
0.00393461
0.00526396
0.00258376
0.0445534
0.00292374
0.00769825
0.0322173
0.0057971
0.0844499
0.0392656
