0
0
0
0
0
0
0
0
0
0
0
0
0
0
0
0
0
0
0
0
0
0
0
0
0
0
0
0
0
0
0
0
0
0
0
0
0
0
0
0
0
0
0
0
0
0
0
0
0
0
0
0
0
0
0
0
0
0
0
0
0
0
0
0
0
0
0
0
0
0
0
0
0
0
0
0
0
0
0
0
0
0
0
0
0
0
0
0
0
0
0
0
0
0
0
0
0
0
0
0
0
0
0
0
0
0
0
0
0
0
0
0
0
0
0
0
0
0
0
0
0
0
0
0
0
0
0
0
0
0
0
0
0
0.0578392
0
0
0
0
0
0
0
0
0
0
0
0
0
0
0
0
0
0
0
0
0
0
0
0
0
0
0
0
0
0
0
0
0
0
0
0
0
0
0
0
0
0
0
0
0
0
0
0
0
0
0
0
0
0
0
0
0
0
0
0
0
0
0
0
0
0
0
0
0
0
0
0
0
0
0
0
0
0
0
0
0
0
0
0
0
0
0
0
0
0
0
0
0
0
0
0
0
0
0
0
0
0
0
0
0
0
0
0
0
0
0
0
0
0
0
0
0
0
0
0
0
0
0
0
0
0
0
0
0
0
0
0
0
0
0
0
0.446316
0
0
0
0
0
0
0
0
0
0
0
0
0
0
0
0
0
0
0
0
0
0
0
0
0
0
0
0
0
0
0
0
0
0
0
0
0
0
0
0
0
0
0
0
0
0
0
0
0
0
0
0
0
0
0
0
0
0
0
0
0
0
0
0
0
0
0
0
0
0
0
0
0
0
0
0
0
0
0
0
0
0
0
0
0
0
0
0
0
0
0
0
0
0
0
0
0
0
0
0
0
0
0
0
0
0
0
0
0
0
0
0
0
0
0
0
0
0
0
0
0
0
0
0
0
0
0
0
0
0
0
0
0
0
0
0
0.817223
0
0
0
0
0
0
0
0
0
0
0
0
0
0
0
0
0
0
0
0
0
0
0
0
0
0
0
0
0
0
0
0
0
0
0
0
0
0
0
0
0
0
0
0
0
0
0
0
0
0
0
0
0
0
0
0
0
0
0
0
0
0
0
0
0
0
0
0
0
0
0
0
0
0
0
0
0
0
0
0
0
0
0
0
0
0
0
0.00280057
0
0
0
0
0
0
0
0
0
0
0
0
0
0
0
0
0
0
0
0
0
0
0
0
0
0
0
0
0
0
0
0
0
0
0
0
0.00279061
0.00271207
0.00835697
0.0821056
0
0
0
1.00169
0
0
0
0
0
0
0
0
0
0
0
0
0
0
0
0
0
0
0
0
0
0
0
0
0
0
0
0
0
0
0
0
0
0
0
0
0
0
0
0
0
0
0
0
0
0
0
0
0
0.0027564
0
0
0
0
0
0
0
0
0
0
0
0
0
0
0
0
0
0
0
0
0
0
0
0
0
0
0
0
0
0
0
0
0
0
0
0
0
0
0
0
0
0
0
0
0
0
0
0
0
0
0
0
0
0
0
0
0
0
0
0
0
0
0
0
0
0
0
0
0
0
0
0
0
0
0
0
0
0
0
0
0
0
0
0
0
0
0
0
0
0
0
0
0
0
0
0
0
0
0
0
0
0
0
0
0
0
0
0
0
0
0
0
0
0
0
0
0
0
0
0
0
0
0
0
0
0
0
0
0
0
0
0
0
0
0
0
0
0
0
0
0
0
0
0
0
0
0
0
0
0
0
0
0
0
0
0
0
0
0
0
0
0
0
0
0
0
0
0
0
0
0
0
0
0
0
0
0
0
0
0
0
0
0
0
0
0
0
0
0
0
0
0
0
0
0
0
0
0
0
0
0
0
0
0
0
0
0
0
0
0
0
0
0
0
0
0
0
0
0
0
0
0
0
0
0
0
0
0
0
0
0
0
0
0
0
0
0
0
0
0
0
0
0
0
0.00281079
0
0
0
0
0
0
0
0
0
0
0
0
0
0
0
0
0
0
0
0
0
0
0
0
0
0
0
0
0
0
0
0
0
0
0.0147591
0
0
0
0
0
0
0
0
0
0
0
0
0
0
0
0
0
0
0
0
0
0
0
0
0
0
0
0
0
0
0
0
0
0
0
0
0.00309646
0
0
0
0
0
0
0
0
0
0
0
0
0
0
0
0
0
0
0
0
0
0
0
0
0
0
0
0
0
0
0
0
0
0
0
0
0
0
0
0
0
0
0
0
0
0
0
0
0
0
0
0
0
0
0
0
0
0
0
0
0
0
0
0
0
0
0
0
0
0
0
0
0
0
0
0
0
0
0
0
0
0
0.00279946
0
0
0
0
0
0
0
0
0
0
0
0
0
0
0
0
0
0
0
0.00275132
0
0
0
0.00301333
0
0
0
0
0
0
0.0133647
0
0
0
0
0
0
0
0
0.00275164
0.00277043
0
0
0
0.160987
0
0
0
0
0
0
0
0
0
0
0
0.109707
0
1.09229
0
0
1.0287
0
0
0
0
0
0
0
0
0
0
0
0
0
0
0
0
0
0
0
0
0
0
0.00298609
0
0
0
0
0
0
0
0.00254686
0
0
0
0
0
0
0
0
0.00254686
0
0
0
0.00411949
0
0
0.0152248
0
0
0
0
0
0
0
0
0
0
0
0
0
0
0
0
0
0
0
0
0
0
0
0
0
0
0
0
0
0
0.00286202
0
0.0248427
0
0
0
0
0
0
0
0
0
0.0266078
0
0
0
0
0
0
0
0
0.00267179
0
0
0
0
0
0
0
0
0
0
0
0
0.00291116
0.00698318
0.00308309
0.00555396
0.00334431
0
0
0
0
0
0.0156622
0
0.00305737
0
0.00549442
0.00327505
0.0822238
0.185445
0
0.968642
0
0.268567
0.689926
0
0
0
0
0
0
0
0
0
0
0
0
0.0031275
0
0
0
0
0
0
0
0
0
0.00274397
0
0
0
0
0
0
0
0
0
0
0
0
0
0
0
0
0
0
0
0
0
0
0
0
0
0
0
0
0
0
0
0
0
0
0
0
0
0
0
0
0
0
0
0
0
0
0
0
0
0
0
0
0
0
0
0.00399919
0
0
0
0
0
0
0
0
0
0
0.00751628
0
0
0
0
0.00251654
0
0
0
0
0
0
0
0.00280214
0
0
0.00995364
0
0.00254686
0
0
0
0.00326962
0
0.00284112
0.00265276
0
0
0
0
0.00848953
0
0
0.00254686
0
0.00559118
0.0056616
0.0130785
0.0342804
0.902747
0
0.0688902
0
0
0.996188
0
0
0.00292513
0
0
0
0
0
0
0
0.00289906
0
0
0
0
0.00269595
0
0.00262004
0
0.0870228
0
0
0
0
0
0
0
0
0
0
0
0
0
0
0
0
0
0
0
0.0173777
0
0
0
0
0
0
0
0.00271288
0
0
0
0
0
0
0
0
0
0
0
0
0.00289716
0
0
0
0
0
0
0
0
0.00328301
0
0.00571914
0.00809893
0
0.0859233
0
0
0
0
0
0.00260738
0
0.00394947
0
0
0.00256606
0
0
0
0.00268347
0
0
0
0.0504888
0
0
0.00285118
0
0
0
0.00268347
0
0.0030191
0
0.00268347
0
0.00303378
0
0.00354219
0.0634848
0.00519896
0.00261569
0
0.00566373
0
0.0187131
0
0
0.0093235
0.0196085
0.0442774
0.00258863
0.00244856
0
0.00544846
0.00291303
0.0407011
0.00530501
0
0.020783
0.0166757
0.0502712
0.494872
0.995294
0
0.0331861
0
0
0
0.987884
0
0
0
0.002567
0
0
0.00544846
0.00260204
0
0
0.00263572
0
0
0
0.00286658
0
0.00526885
0.0025814
0
0
0
0.00275169
0
0
0
0.00534988
0
0
0
0
0.00296551
0
0.00288475
0
0
0.00278652
0
0.00527827
0
0
0
0
0
0
0.00273552
0
0
0.00546344
0.00860107
0
0
0.00273164
0
0
0
0
0
0.00555738
0.00282198
0.00530164
0
0
0
0
0
0
0.0189961
0
0.00578998
0.0133372
0.00538111
0
0
0
0.00256606
0
0
0
0.00304431
0.00260919
0.0158069
0.0197136
0
0.0053728
0.00298609
0.00279805
0
0.00552331
0
0
0.00311672
0.11053
0
0
0.0032343
0.00552372
0.00818226
0.00247677
0
0.00298609
0
0.0107598
0.00792083
0
0
0.00545589
0.00341177
0.0211843
0.0361806
0
0.00268932
0
0.00550447
0
0.013838
0
0.00536486
0.0136726
0.0252668
0
0
0.0105088
0.0112101
0
0.00261194
0.00544122
0
0.0249967
0.0670119
0.0813807
0.228201
1
0
0.013743
0
0
0
1.01157
0
0.0579969
0
0
0.00561105
0
0
0.00530941
0.00655501
0.0274553
0.00591003
0.0053783
0
0.00566848
0.00528454
0
0.00261665
0
0
0.0106436
0.00663972
0
0
0
0
0
0.00270792
0
0.0140995
0.00311419
0
0.00255144
0.00791571
0.00281272
0.00564604
0
0
0.00550675
0
0
0
0
0
0
0
0.00546058
0.00265937
0
0
0
0.00273557
0.00253219
0.00497687
0.0119786
0
0
0
0
0.00549743
0
0.0112118
0.00556484
0.00253327
0
0.00242804
0.00555636
0
0
0.00278681
0.0112565
0
0.00859061
0.015414
0
0.0025738
0.00253327
0.00556723
0.00578263
0
0.0108549
0
0.00270276
0.0141708
0.019448
0.0391758
0.00580587
0.00289988
0.0050617
0
0.00874008
0.0336207
0.00296702
0.00351763
0.0174916
0.0260362
0.0302814
0
0
0.0435369
0
0.00448869
0.00274049
0
0.00297646
0.00268111
0.00287338
0.0221001
0
0
0.0117067
0.0102211
0.00310306
0.0196834
0.0025692
0.00290795
0
0.0137517
0
0.0144697
0.0408672
0
0
0.0143118
0.0193519
0
0
0.00508295
0
0
0.0056376
0.00802658
0
0.0210432
0.020966
0.01646
0.35503
0.0825656
0
0
0
0
1.00833
0.0348638
0.178469
0.0028191
0.00288355
0.00536491
0.00527878
0
0.00295641
0.00256017
0
0.00564891
0.00863681
0
0.00566557
0
0.002935
0.00528027
0.00259296
0.00295732
0.00278429
0.00282198
0
0.0109697
0
0.0028938
0.00561565
0
0.00358343
0.0225263
0.00290908
0.00531999
0.00290691
0
0
0.00835731
0
0.00259296
0
0
0
0
0.0451205
0
0
0.00561411
0.00544075
0.00288274
0.00258924
0
0
0.00263233
0
0.0171138
0
0.00837192
0
0.00550581
0.00297324
0.00278429
0.00249187
0.00564128
0.00256017
0
0.00280599
0.00332232
0
0
0.0029733
0.0311219
0.0111426
0
0.00544532
0.00300177
0.00256017
0
0.0024821
0.0412862
0.00257026
0.00566582
0.00336165
0
0.0116616
0.00550652
0.00507682
0
0.00265427
0.0109381
0.00519715
0
0.0145692
0.0134755
0.21868
0
0.00266355
0.0127028
0
0
0.00259857
0.00496419
0.00560936
0.0147413
0.0168262
0
0.00288207
0.00883565
0.0028199
0.00783694
0.0132487
0.0028199
0
0.0028926
0.0346908
0.0168048
0.00527935
0.00904277
0
0.0161306
0
0.00567789
0.00745806
0
0.0163663
0.00544557
0.00533143
0.00290829
0.0080088
0.0169653
0.0294638
0.249258
0
0
0
0
0
0
0.900104
0.105927
0.40229
0
0.00277415
0.00265185
0
0.00515782
0
0.0131451
0.0817254
0.0317482
0
0
0.00555393
0
0.0057101
0
0
0
0.00540158
0.00453933
0.0105228
0.0773581
0.0223862
0.00810817
0.0140857
0.00280836
0.00462635
0.0194595
0.0111044
0.00275898
0.00265524
0.0161763
0
0.00776198
0.00519227
0
0.0082135
0.00817495
0.00489016
0.00548785
0.00573491
0.0207308
0.00528084
0
0.00543286
0
0
0.0104592
0.0024821
0.0113356
0.0026105
0.00813862
0.0424757
0.00844361
0.0251579
0
0
0.0667674
0
0.0136414
0.00284979
0.002622
0.00518575
0.00276538
0.00838469
0.012103
0.0111285
0.00590058
0.0110013
0.00744629
0.0136428
0.00587976
0.0354619
0.00542836
0.00580769
0.00832297
0
0.00290829
0.022749
0.00522847
0.0110663
0.0121137
0.0172013
0
0
0
0.00516904
0.010859
0.0029237
0.00387254
0.0175479
0.0145304
0.0116261
0.0302071
0
0.00796878
0.0178194
0.0084555
0
0
0.0113953
0.0109337
0.00868574
0.0269484
0.020816
0.0027254
0
0.00818297
0.00299399
0.00265629
0.00512302
0.00838447
0.0162636
0.0350638
0.0251537
0.0335173
0.0140445
0.00895031
0.00868669
0.0110227
0
0.00254365
0
0
0.0028938
0.00556187
0.0052641
0.017281
0.0108145
0.0161283
0.0311806
0.291506
0.0279992
0
0
0
0
0.128182
0
0
0
0.573362
1
0.00278351
0.0108031
0.00548146
0.00289831
0.00264993
0.0201794
0.081906
0.0117876
0.0130261
0.051512
0.16177
0.00858294
0
0.00274409
0.00276865
0
0
0.00846521
0.0113898
0.0110999
0.0090262
0.014068
0.00732254
0.008306
0.00806338
0
0.00422241
0.00807596
0.00550215
0
0.00401554
0.00294963
0.00546708
0.0945038
0.042959
0.0388909
0.00268493
0.00288598
0
0.00425148
0
0.0059687
0.00837853
0.00536493
0.00791113
0
0.00889397
0.0054956
0
0.00283166
0
0.00274559
0.00779043
0.0729557
0
0.0601533
0.953888
0
0
0.0493018
0.121877
0.00573451
0.00256485
0
0
0.00808187
0.00521657
0.00570422
0.0175165
0
0
0.01184
0.0112356
0.00841664
0.00264512
0.00276356
0.00564331
0.0106328
0.00270361
0.00273563
0.0103024
0.00284977
0.00545933
0.0209249
0.0124393
0.00284321
0
0
0.00248772
0
0
0
0.015926
0.00572222
0.00361068
0.142503
0
0
0.0224381
0.00812656
0
0
0.00406805
0.00281797
0.0113363
0
0.078401
0.00279038
0.00567924
0.00268493
0.00530877
0.0126384
0.00849952
0.00800312
0.123129
0.0173345
0.00509649
0.00862011
0.00751913
0.00281165
0.00271598
0.00525124
0
0.0133749
0
0.00260952
0.00813256
0
0.00299046
0.00404393
0.0137316
0.00792927
0.0109943
0.0472356
0.0397487
0
0
0
0
0
0.0419892
0
0
0
0.991411
0.974999
0.00540897
0.00556432
0.00547467
0.00284422
0.0107573
0
0.00322328
0.0409172
0.00769055
0.0103882
0.0146557
0.0030395
0.00555345
0.00562851
0.00578594
0.00568199
0.00833294
0
0.0057153
0.00377753
0.0114792
0.0324023
0.00521045
0.0261054
0
0.00364284
0.0355602
0.00303075
0.0030891
0.00419823
0
0.00284963
0.0342541
0.00608576
0.00283166
0.00287109
0.0455247
0.00374489
0
0.00574681
0.0124582
0
0
0.00853534
0.00297627
0.00289831
0.00787548
0
0
0.00291816
0.0209118
0.0871107
0.00852257
0.0399092
1.00548
0
0.0136627
0.0219333
0.00883211
0
0.00281494
0.00543594
0.00248882
0.00590389
0.0205699
0
0.00593463
0.00875631
0.231295
0.0173151
0
0.0312517
0.00800258
0.00565915
0.00300922
0
0.0601385
0.00791611
0.00603955
0.0375437
0.00811949
0.00285937
0
0.00824739
0.00248153
0.00282426
0.00260814
0.00367166
0.0566683
0.0228117
0.00820268
0.0314867
0
0.013491
0.0415477
0.00584058
0.00270708
0
0.0176066
0.0258266
0.0030448
0
0.0404123
0.0244565
0.00560157
0.0112317
0.0111134
0.0107968
0.008388
0.0223257
0.0522997
0.00281843
0.0255554
0.0367409
0.00862206
0.0116994
0.005512
0
0.0108772
0
0.00846343
0.0112241
0
0.00278645
0.0358759
0.00274988
0.0313347
0.00611361
0.19747
0.0822834
0
0
0
0.555469
0
0
0.00298962
0.00254725
0.00820443
0.00299046
0.00269782
0.0130996
0.00693389
0.0045092
0
0.00296655
0
0.00515094
0.00299046
0.00265438
0.0113855
0.00254654
0
0
0
0.00548141
0
0.00291212
0.00279174
0.00291991
0.00381981
0
0.00267471
0
0
0
0
0.0622226
0
0
0.00541759
0
0
0.00267057
0.0244244
0
0.00587021
0.00296603
0
0
0
0
0.00294447
0.0122108
0.0665229
0.0118244
0.0453934
0.921121
0
0.0151787
0.00283712
0.00254654
0
0
0.00590476
0.00505594
0.00283707
0.0282754
0.0218619
0.0029009
0.0059446
0.0362932
0.0113421
0
0.00857276
0.00254654
0.0030569
0
0.019099
0.00274469
0
0.013564
0.0169415
0.00264684
0.00565211
0.00584058
0
0.00540425
0.00254109
0
0.0303329
0.0276209
0.0104084
0.0322183
0.00306983
0.00252353
0.0508446
0.00282358
0.00564149
0.00273563
0.0106795
0.0030569
0.00933979
0
0.00537419
0.00262247
0
0.007632
0
0.00820968
0.0110954
0.0534729
0.00608169
0.00722992
0.0979676
0
0.00286731
0.00257021
0
0.00542732
0.00757419
0
0.00791142
0.00592919
0.00564015
0.0252607
0.0055771
0.00872728
0.0577751
0.0203329
0
1.03316
0.00281628
0.00254758
0.00509846
0
0
0.00351878
0.0109139
0.00713238
0
0.00301193
0
0.00798182
0.00556805
0.0029892
0
0.00254686
0
0
0.00377634
0.0057506
0
0.00247478
0.0111809
0.00305039
0
0
0.00864223
0.00595671
0.00359446
0
0.00269824
0.0157654
0.00288192
0
0
0.00438286
0
0
0.00567359
0.0152716
0.00267545
0.00290937
0.0030227
0
0.00269824
0
0.00277581
0
0.0108972
0.0599392
0.025915
0.0387173
0.691148
0
1.06997
0
0.0115626
0.0131231
0.00827563
0.00256533
0.00582406
0.00288901
0
0.00302775
0.0106633
0.0125728
0.00267128
0
0.0681171
0.00560767
0.00279616
0.00567371
0
0.0193136
0.00261261
0
0.0361131
0.00300373
0.00267775
0.0163228
0.00836881
0.00573078
0.0190625
0
0.00529175
0.00302929
0
0
0.00970408
0.0134095
0.0170862
0.0112307
0.00996017
0.002937
0.00245643
0.0191148
0.00300177
0
0.0104558
0
0.00431329
0.00815229
0
0.0267956
0.0115151
0.00549277
0.00283166
0.00291212
0.00751661
0
0.0107261
0.0204633
0.010854
0.0133144
0.00801013
0.00258722
0.00589152
0.00575999
0
0.00283412
0.00585142
0.00283166
0.00828946
0.00587309
0
0.0121184
0.00875138
0.00288549
0.0584359
0.0215134
0
1.02542
0
1
0.00577029
0.00585082
0
0
0.00543172
0.00352294
0.0156307
0.0129562
0
0.00580366
0
0.00293622
0.00827563
0.00271064
0
0.00293705
0
0
0
0.0141993
0.0151714
0.00293705
0.0322454
0.00263351
0.00419206
0.0160454
0
0
0.00633482
0
0.00298512
0.0252993
0.00296763
0
0.00553929
0.00856461
0
0.0029649
0.0026062
0
0.00841456
0.00307625
0
0.00296763
0.00298512
0
0
0
0
0
0
0.00310375
0.691643
0
0
0.949586
0
0
0.0356577
0.0029557
0.0111075
0
0
0.00262454
0.00286603
0.0250473
0
0.014415
0
0.0908319
0.0115599
0.00544798
0.00584168
0.00262454
0.00764087
0.00307721
0
0.011248
0
0
0.0160137
0
0.00287325
0.0053584
0.0139437
0
0.003097
0.00569413
0
0
0.0227814
0.0037093
0.00741606
0.0112562
0
0.037629
0.00853872
0.00674364
0
0.00265497
0.0106901
0.00813604
0
0.0160497
0.00583174
0.005781
0.00724386
0
0
0.0123514
0.00596419
0.00837542
0.026091
0.0028015
0.0205599
0
0.00580407
0.0026693
0.00528937
0
0.00287512
0.00299656
0.00542944
0.00838795
0.00299656
0.0110243
0.00282628
0.0030705
0.023108
0.0194718
0
0
1.02201
0
1.01827
0
0.00273001
0
0.0203914
0.00295562
0.00582664
0
0
0.017516
0.0108152
0
0.00298694
0.00283532
0.00265422
0.00281707
0.0030245
0
0
0.00609902
0.00583438
0
0
0
0.00259624
0.00267475
0.00438747
0.0155016
0.00817561
0
0
0.0129047
0
0.00297376
0.0126101
0.00262204
0
0.00291166
0.00407647
0.00288901
0.00291369
0
0
0.0114066
0.00294856
0
0.00262204
0.0059108
0
0.0025053
0
0
0
0
0
0
0.768612
0
0.825659
0
0
0.00864808
0.0259864
0.00585265
0
0.00262703
0.00288274
0.00304813
0.0252142
0.0155534
0.00268759
0.00313664
0.131043
0
0
0.0113003
0.00288274
0.00276963
0
0.00262703
0.0339688
0
0.00288878
0.0184384
0.00692328
0.00289872
0.00520567
0.00574864
0.00257021
0.00291816
0
0.00376827
0.0119419
0.016434
0
0.0152
0.00914517
0.00694682
0.0026915
0.00553649
0.00286677
0.00293344
0
0.0149625
0.0351914
0
0.00276686
0
0
0
0.00810272
0.0372495
0
0.00563315
0.0443844
0.00286416
0.0209181
0
0
0.00533551
0
0.00699964
0
0
0.00545279
0
0.00297376
0.0158752
0.00599289
0.00288435
0.0493254
0
0
0
0
0
0.98796
0
0.00250993
0.00259155
0.00543638
0
0
0
0
0.0200799
0.00473964
0
0
0
0.00259551
0.00251064
0.00277242
0
0.00265497
0
0.0089888
0
0
0.00779203
0
0
0.00295195
0
0.016466
0.00275189
0
0
0.00308964
0.00299399
0.00525121
0.027048
0
0
0.00284225
0.00375795
0.0055548
0
0
0
0.00294963
0.00883709
0.00547842
0
0.00288959
0.00259224
0
0.00298666
0
0
0
0.00287464
0
0.323713
0
1.0318
0
0
0.00280429
0
0
0
0.00589956
0
0.0247695
0.0741606
0.00551243
0.0037092
0.002618
0.0428707
0
0
0.00586334
0.00299706
0
0.00271635
0
0.169309
0.00301345
0.00314568
0.00884281
0
0.0026361
0
0.00293344
0.0026915
0
0.00546334
0.00437238
0.00807451
0.00789156
0.0281665
0
0.170318
0
0.0177101
0
0
0
0
0.00403725
0
0.00822335
0.166692
0.00863204
0
0.00285254
0.00296763
0.00251064
0.0131945
0
0
0.0747623
0
0.004741
0
0
0
0
0.0169839
0.00241105
0
0.00530491
0
0.0115877
0
0.0234729
0
0.00560606
0.0873198
0
0
0
0
0
0
0
0.00251135
0.00535515
0.0027559
0.00298066
0.00588005
0
0.0534838
0.0108627
0
0
0
0
0.00250993
0
0
0.00535545
0.00291212
0.0083964
0.00582713
0
0
0.0107549
0
0.00251064
0
0
0
0.00798406
0.00282396
0.0148421
0
0.0298231
0.00580424
0.00294963
0.0393576
0.00247202
0.00251064
0.00546366
0
0
0
0
0
0.00258176
0.00602591
0.00256643
0.0055769
0.00546027
0.00247202
0
0
0
0
0
0
0
0
0
0.756028
1.00552
0
0.0107229
0.00825912
0
0.00256253
0
0.00288901
0.00272159
0.0110791
0.033698
0
0.0058791
0
0.0593374
0
0
0.00552929
0
0
0
0.00247202
0.0522759
0.00845869
0
0.0312788
0
0.00549193
0
0
0
0.00265722
0
0
0.00967963
0.00589333
0.0364891
0
0.0152715
0
0.0350531
0
0
0
0
0.012658
0.00576566
0
0.0174895
0.0109041
0
0.00529824
0.00282051
0
0.0143879
0.0413924
0.00282051
0
0.0717247
0.00291911
0.0252052
0
0.00289794
0
0.00817707
0.0328804
0
0.00282051
0.00288192
0
0.00287692
0
0.00743978
0
0.00294912
0.0419122
0
0
0
0
0
0
0.00247132
0
0
0
0
0.00280239
0.0170771
0.00264445
0
0
0
0
0
0
0
0
0.00259082
0
0.00299046
0
0.00289077
0.00294638
0
0
0.00289429
0
0.0131102
0.00252388
0
0
0
0.00812263
0
0
0
0.0029279
0
0
0
0.0029478
0.0125319
0
0
0.00567755
0
0
0
0
0
0.00260898
0
0
0
0
0
0
0
0.392851
0.758641
0
0
0.00586429
0
0.0029125
0
0.00520888
0.00256136
0.0123512
0.0244016
0.00282116
0.0109786
0
0.105328
0
0
0
0.00269824
0
0.00302269
0.00280272
0.0223238
0
0
0
0
0
0
0
0.0028089
0
0
0
0
0
0.0299226
0
0
0
0.00682696
0.0028089
0
0
0
0
0
0
0
0.00805558
0
0
0
0.00536817
0
0.00585005
0.013589
0.0200423
0
0.0592629
0.0112028
0
0.00298836
0
0.0138409
0.00880332
0
0
0.00277166
0.00291165
0.00862003
0.00585005
0.0144825
1.00056
0
0
0.0118637
0
0
0
0
1.02994
0
0
0.00295548
0
0
0
0
0
0.00252431
0
0
0
0
0
0.00501561
0
0
0
0
0
0
0
0.00276433
0
0
0.00265534
0
0.00590342
0
0.0028989
0.00257105
0
0.00292118
0
0
0
0
0
0
0
0.00287856
0
0.00282263
0.00282358
0.00882445
0
0
0
0
0.0140136
0
0
0.00292426
0
0
0.0675743
0
0
0.0026915
0
0
0
0
0.00297559
0
0
0.0112201
0.00275434
0
0.00292426
0
0.00294963
0
0
0
0
0
0
0
0.0141372
0.0124951
0
0
0
0.00291553
0
0
0.00474319
0.00763779
0
0.0078526
0
0.0630368
0
0.0111279
0.00291553
0
0.00585412
0.00300402
0
0.00877417
0.00819278
0
0
0.00255041
0.00246346
0
0
0.00579825
0.00254359
0
0.00560508
0.00596416
0.0253365
0.0124951
0
0.00547376
0
0
0
0.0051401
0
0.00575381
0.00570918
0.00863729
0.0114082
0.861039
0
0
0
0.0150805
0.728152
0
0
0
0.00292468
0
0
0.00587348
0
0
0.00412003
0
0
0
0
0
0.00295126
0
0.00292385
0
0
0
0.00250578
0
0.00354618
0.00618005
0
0
0
0
0
0
0.00581891
0.0029855
0
0
0
0
0
0.00949981
0
0
0
0.00899567
0.00589979
0.00287715
0
0
0
0
0
0
0
0
0
0
0
0
0.0605175
0.00284532
0.00259082
0
0
0
0
0
0
0
0
0
0
0
0.0189857
0
0
0
0
0
0
0
0
0
0
0
0.00296821
0
0
0
0
0
0
0.0273264
0
0.0100021
0
0
0
0
0
0
0
0
0.0028243
0.00336956
0
0
0.00575536
0
0
0
0
0
0.0058921
0
0
0.00262789
0.0028089
0
0.00545166
0
0.165028
0.0207775
0.00272381
0.0277111
0
0
0
0.00293579
0.00296045
0.00900467
0.00296552
0.00644805
0.0110731
0.25386
0.167091
0
0
0.0194404
0.00296821
0.917034
0
0
0
0.00297956
0
0
0
0
0
0
0
0
0
0
0
0
0
0
0
0
0.00424152
0.0030381
0
0
0.00293579
0
0
0
0.00595981
0
0
0
0
0.00293205
0
0
0.00390377
0
0
0.00273349
0.0189054
0.00587467
0
0
0.00293944
0.00292426
0
0
0.00293205
0
0
0
0
0
0
0
0
0.00759785
0
0
0.00603776
0
0.00700681
0
0.00359034
0
0
0.00575631
0
0.0126699
0
0
0
0
0
0.00273542
0.00733013
0
0
0
0
0
0
0
0
0
0.00868089
0.0106683
0.00362622
0
0
0
0.010564
0
0
0
0.00260925
0
0.00579404
0
0
0.00292922
0.00342892
0.0108786
0
0
0
0.00277033
0
0.00895005
0.00846302
0
0.00297357
0
0.00286699
0
0.00305266
0
0.00572664
0.00556082
0.00262789
0
0.0143782
0.00881909
0.0115626
0.00869467
0.127807
0
0
0.0071583
0
0.886338
0
0
0.00294781
0
0
0.00282591
0
0
0
0
0
0.00293496
0
0
0
0.00282591
0.00874751
0
0
0
0
0
0
0.00285435
0
0
0.00271156
0.00422921
0
0.00277705
0
0.00608673
0.00297593
0.00289373
0
0
0
0
0
0
0
0.0164801
0
0
0
0
0.00453446
0
0
0
0.00284489
0
0
0
0
0
0.00302964
0
0
0
0
0
0
0
0.00787323
0.011769
0
0
0
0
0
0
0
0
0
0
0
0.0091438
0.0119355
0
0
0
0
0
0
0
0
0.00291458
0
0.00304397
0
0
0
0
0
0
0
0
0
0
0.0026307
0
0
0
0
0
0
0
0.00291426
0.00262789
0
0.00291426
0
0
0.00294622
0
0
0
0
0
0.00261398
0
0.00291426
0.00262789
0
0
0
0
0
0
0
0
0.00301613
0
0
0
0.00868512
0
0
0
0.00304724
0
0
0
0
0
0
0
0
0.00565038
0.00374795
0
0.012015
0
0
0
0
0
0
0
0.00404805
0
0.0085422
0.00285851
0.00604316
0
0
0
0
0.00288519
0.00411471
0
0
0
0
0.00881006
0.00576733
0.0172402
0
0
0
0
0
0.0117563
0
0
0.00928511
0
0
0
0
0
0.00287382
0
0
0
0
0.0214224
0
0
0
0
0
0
0
0
0
0
0.0082383
0
0
0
0
0.00273957
0
0.0026307
0
0
0
0
0.00303626
0
0
0.00273957
0.0124327
0
0
0.00273957
0
0
0
0
0
0.00282715
0
0.011741
0
0
0
0
0
0
0
0
0
0
0
0
0
0
0
0.00291426
0.0166305
0.00289373
0
0
0
0
0
0
0
0
0
0
0
0
0
0
0
0.00272612
0
0
0
0
0
0
0
0
0
0
0
0
0.0109785
0
0
0.00313723
0.00277553
0
0
0
0
0
0
0
0
0.00866402
0
0
0
0
0
0
0.00594028
0
0
0.00587262
0
0
0
0
0
0
0
0
0.00304007
0.0027526
0
0.00417125
0
0
0
0
0
0
0
0.00745265
0.00284738
0
0
0
0
0
0.00558446
0
0
0
0
0
0.00593077
0
0
0
0.00263967
0.00300402
0
0
0
0.00877277
0
0
0
0.00877156
0.00609982
0
0.0026307
0.00280342
0
0
0
0.00404805
0
0
0.0170533
0.00304142
0
0
0.00289373
0.00300402
0
0.00289099
0.00274314
0.00304293
0.00274053
0
0
0
0
0
0
0.00289099
0.00300402
0
0
0
0
0.0611136
0
0
0
0.0125111
0.00298876
0
0
0.00297509
0
0
0
0
0.00304675
0
0
0
0.00275926
0
0
0.00290406
0
0
0
0
0.00292426
0
0
0
0
0
0
0
0
0
0
0
0
0
0.00292564
0
0
0
0
0
0
0
0
0
0.00279139
0.00292564
0
0
0
0
0
0.00293579
0
0
0
0
0
0.00380287
0
0
0
0.00646275
0.00301907
0
0
0.00575842
0
0
0.00291553
0
0
0
0
0
0.00292465
0.00259012
0
0
0
0.0026307
0
0.00297074
0.00490394
0.00730832
0
0
0
0
0
0.0026307
0
0
0
0
0.00294236
0.00493408
0
0.00653495
0
0
0
0
0
0.00297593
0
0
0
0.00298835
0
0
0
0
0
0
0
0
0
0
0
0
0
0
0
0
0
0
0
0
0
0
0.00279218
0
0.00276018
0.00292426
0
0
0
0
0
0
0
0
0
0
0
0
0.00276018
0
0
0.00299891
0
0
0
0
0
0
0.00292814
0
0
0
0
0.00302222
0.00278838
0
0
0
0
0
0
0
0.00273957
0.00294698
0
0
0
0.003069
0
0
0.00851403
0
0
0.00291553
0
0
0
0.00850761
0
0.00577665
0
0
0.00289298
0.0116834
0.00728822
0
0
0.00300033
0
0
0.0857621
0
0.0168986
0
0
0
0
0
0
0
0
0
0.00294698
0
0.00418258
0.0080961
0.0115413
0.00290258
0
0
0
0
0
0
0
0.00885568
0
0
0.00442048
0.00868028
0
0
0.00579189
0
0
0.00289099
0
0
0
0.00555817
0
0.00888423
0.0212004
0
0
0
0
0
0
0
0.00297593
0
0
0
0
0.181161
0
1.14306
0
0
0.00789209
0
0
0
1.01082
0
0
0
0
0
0.00612821
0
0
0
0
0
0
0
0.00863898
0.0043541
0.0074627
0
0
0
0
0
0
0
0
0.00278838
0.00293492
0
0.00566726
0.00276018
0
0
0.00301029
0.00280052
0
0.0028926
0
0.0043216
0
0.00554857
0
0
0.00276018
0
0
0
0
0
0
0.00291553
0
0
0
0
0
0
0
0
0.00301029
0
0.0212507
0
0.0122279
0
0
0
0
0
0.00438846
0
0
0
0.00591012
0
0
0
0.00290242
0
0
0
0
0
0.0120612
0
0
0.0173624
0
0
0
0
0
0
0
0.00417948
0.00295531
0.0195321
0
0
0
0
0
0
0
0.00878047
0
0
0.0069953
0
0
0.00279578
0
0.00289373
0
0
0
0
0
0
0
0.53122
0
0
0.833261
0
0.00295531
0
0
0
0
0
1
0
0
0
0
0
0
0
0
0
0
0
0
0
0
0
0.00313681
0
0
0
0
0
0
0
0
0
0
0
0.00288553
0
0.00278838
0
0
0.00276018
0
0.00276018
0
0
0
0
0.00397753
0
0
0
0
0
0
0
0.0244395
0
0
0
0.00293205
0
0
0
0
0.00256392
0
0
0
0
0
0
0.00298324
0.00597451
0
0
0
0
0.0027461
0
0
0
0.0144549
0
0.0340318
0.00289099
0
0.00264398
0
0
0
0.00303063
0
0.0211314
0
0
0
0.0108412
0
0
0.0027461
0
0
0
0
0
0.0175558
0.00285165
0.0108412
0
0.00296914
0
0
0.00298876
0
0
0
0.00607976
0
0
0
0.00708083
0
0
0.00298876
0
0
0
0
0
0
0
0
0.858211
0
0.324862
0
0
0
0
0
0
1.01233
0.00284409
0
0
0
0.0171572
0.00901083
0.00275699
0
0
0.00292391
0
0.00298876
0
0.00272731
0.00284569
0.00859612
0
0
0
0.00279139
0.00306419
0
0
0
0.00302902
0
0
0
0
0
0
0
0
0
0
0
0
0.00605708
0.00292481
0.00360851
0
0
0
0
0
0
0
0
0
0
0.00285251
0.00865407
0
0
0.00578725
0
0
0
0
0
0
0
0.0124563
0.00263447
0.012022
0.024613
0.00273957
0
0
0
0
0.00288321
0
0
0.00304444
0
0
0
0.00593112
0
0
0
0
0
0
0.0217022
0.00584406
0
0.00593112
0.0121386
0
0.00275502
0
0
0
0
0
0.00789171
0.00295069
0.00287048
0.0102734
0.0126101
0
0
0
0.00284489
0
0.00286297
0
0
0
0
0.00380645
0
0
0
0
0.00573486
0.0177767
0
0.00387939
0.00272066
0
0
0
1
0
0.146553
0
0
0.00589951
0.0104677
0
0
0
0.55721
0
0
0
0
0
0
0
0
0
0.00284489
0
0
0
0
0
0
0
0
0
0
0
0
0
0.00564025
0
0
0
0
0
0
0
0
0
0
0
0
0
0
0
0
0
0
0
0
0
0
0
0
0
0
0
0
0
0
0
0.00284489
0
0
0.00284489
0
0
0
0.00449193
0
0
0
0
0
0
0.00602028
0
0.00284489
0
0
0.00284489
0
0
0.00775879
0
0
0
0
0
0
0.00556921
0
0
0
0
0
0
0
0
0.00544434
0.0125472
0
0
0.00298876
0
0
0
0
0
0
0.00295505
0
0.0111405
0.00297669
0
0
0.00857975
0
0.00288791
0
0.0231476
0.00266011
0
0
0.0233633
0
0
0.00857975
0
0
0
0
0.013547
0
0
0.00697972
0.00674327
1
0
0.0749909
0
0
0.00297669
0
0
0.0027461
0
0
0.307585
0
0.0330692
0
0
0
0
0
0
0
0
0
0
0
0
0
0
0
0
0
0
0
0
0
0
0
0
0
0
0
0
0
0
0
0
0
0
0
0
0
0
0
0
0
0
0
0
0
0
0
0
0
0
0
0
0
0
0
0
0
0
0
0
0
0
0
0
0
0
0
0
0
0
0
0
0
0
0
0
0
0
0
0
0.00256329
0
0
0
0
0
0
0
0
0
0.00256329
0
0
0
0
0.00256329
0
0
0
0
0
0.00270631
0
0
0
0
0
0
0
0
0.00261817
0.00332196
0
0
0.00281342
0
0
0
0
0
0
0
0.00265757
0
0.00579489
0
0.0132879
0.00384654
0
0
0
0
0
0
0
0.00261984
0
0
0
0
0
0.0323733
0
0.0674502
0
0
0
0
0
0
0
0
0.00977933
0.00253877
0
0
0
0
0
0
0
0
0
0
0
0
0
0
0
0
0.00253779
0.00289691
0
0
0
0
0
0
0
0
0
0.0380668
0
0
0
0
0
0.00289691
0
0
0
0
0
0
0
0
0
0
0
0
0
0
0
0
0
0
0.0027673
0.00251356
0
0
0
0
0
0
0
0
0
0
0
0
0
0
0
0
0
0
0
0
0
0
0.00320411
0.00293373
0.00437703
0
0
0
0
0
0
0
0
0
0
0.00288956
0
0
0
0
0.00391459
0
0
0
0
0
0
0.00553934
0
0
0.00876825
0
0
0.0114709
0
0.0289918
0
0
0
0
0
0
0
0
0.010931
0.00856572
0.0567804
0.025538
0
0
0
0.0430355
0
0
0.00264825
0
0
0.00251513
0
0
0
0.59792
0
0.219397
0
0
0
0
0.00804976
0.00353631
0
0
0
0
0.00298532
0
0
0
0
0.00552817
0.00294693
0
0
0.00316234
0
0.00260441
0.00307728
0
0.00298532
0
0
0
0
0
0
0
0
0
0
0
0
0
0
0
0
0
0
0
0
0
0
0
0
0
0
0
0.00260585
0
0
0.00260585
0
0
0
0
0
0.00302019
0.010569
0
0
0
0
0.00260585
0
0
0
0
0
0
0
0
0
0
0
0.00260655
0
0
0
0
0
0.00546942
0
0.031213
0
0
0.00260655
0.00253877
0
0
0
0
0
0
0
0
0.00544532
0.0152326
0
0
0
0
0
0
0.00919008
0
0.00286373
0.00275185
0
0
0.0498037
0
0
0
0
0
0
0
0.00281095
0.0468545
0.0223938
0.0165734
0
0
0
0
0.00310795
0
0
0
0
0
0
0
0.805139
0
0
0
0.00979007
0.015225
0.00927688
0
0
0.0025968
0
0
0
0
0.00308321
0
0
0
0.038188
0.0155808
0
0
0
0
0
0
0.00260565
0.00254715
0
0
0
0
0
0.00303603
0
0
0
0
0.00710631
0.00287112
0
0
0
0.00254715
0
0
0
0
0.00768968
0
0
0.0104354
0
0.0132591
0.00262666
0
0.00281955
0
0.0029288
0
0
0
0.00555467
0.0289945
0.0199596
0
0.0121382
0
0.00255877
0.0135882
0
0
0.00338346
0
0
0.00683137
0
0.00292434
1
0
0
0
0
0
0
0
0
0
0
0.0120669
0.0082774
0
0
0
0
0.00248447
0
0
0
0
0
0
0
0.00266517
0.00999402
0
0
0.00258779
0
0
0.00513816
0
0.00293586
0
0
0.00290545
0
0
0.0123225
0
0
0.00267724
0
0
0.00263047
0
0.0137154
0.0219226
0.00884993
0.0869755
0.0138593
0
0
0
0
0.00568408
0
0.00267724
0
0.103163
0
0
0
0
0.985217
0.00280056
0.00258043
0
0.0034447
0.00686255
0.0113248
0
0.0109576
0
0
0.0055177
0
0
0
0
0
0.00336483
0.00529599
0
0.00264245
0.00280556
0
0
0.00264245
0
0
0.00782531
0
0.0260095
0.0172
0
0.0101868
0
0
0
0.00287236
0
0
0
0
0
0.00298532
0.00509449
0.00260655
0.00274324
0.00501337
0.00253779
0.00545291
0
0
0.00910949
0.0311907
0
0.0104667
0.00277585
0
0.00505826
0.00260673
0.00263668
0
0.00710686
0
0.00261245
0.0112258
0.0413738
0
0.00739154
0
0.00786965
0
0
0.0121012
0
0.00763278
0.0142379
0.00603988
0.00580889
0.167902
0
0.00298174
0
0.00243681
0
0
0.00815447
0.0102133
0.00269343
0.0135926
0.00777208
0
0
0
0
0
0.00298174
0.00371394
0
0.0113819
0.0224248
0.0041044
0.00840041
0.00259573
0.0146879
0
0
0.00651039
0
0
0.0257018
0
0.0131832
0.0126628
0
0
0.00266238
0
0
0.00248333
0
0.00259946
0
0.00285201
0.00281955
0
0.00829547
0.00798884
0.0113409
0.047868
0
0
0
0
0
0
0
0
0.19891
0
0
0
0.00277728
0.00519501
0.00283968
0
0.0133466
0.00718753
0.0081159
0
0.00251513
0.00263543
0
0.00264171
0
0.00292455
0.00277885
0.00812279
0
0.00813202
0.00263543
0.00445037
0.0029116
0.00251513
0
0.00259021
0
0
0
0.0027336
0.00528581
0.00546337
0
0
0.00254962
0.00286376
0
0
0.00485623
0.00265661
0
0
0.00273082
0
0.00528217
0.00272548
0.00260565
0
0
0.00290261
0.010879
0.00289691
0.0054153
0
0.00268274
0
0
0.00856614
0.00701163
0
0
0
0.008315
0.00442765
0
0.0387077
0
0
0
0
0.00341569
0.00559851
0.0274515
0.0272306
0.0210508
0.0422481
0.272615
0
0
0
0
0
0.002876
0
0
0.00638912
0.00259887
0.01199
0.0186793
0
0.0101919
0
0.00251513
0
0
0
0.00478895
0
0.00600844
0.00379653
0.00549654
0.00595707
0.0176489
0.00251396
0.00271805
0
0
0.00267724
0.00307349
0.0054985
0.00775055
0.0568057
0
0
0
0.0501477
0
0.00246323
0
0
0
0.00287785
0.00363528
0.00259982
0.00967288
0.00287302
0.0276839
0.00888648
0
0
0
0.00246653
0
0.835597
0
1.06229
0.00255804
0.0026432
0.00272087
0
0
0
0
0.00263047
0
0
0
0.00255877
0.00290914
0.00255978
0.00307569
0.00304942
0
0
0.00260554
0
0
0
0.00250336
0.00277807
0.00281955
0.00297984
0
0
0
0
0
0.00285529
0
0.00264586
0
0
0.00538462
0.00281955
0
0
0.00278494
0.00272282
0
0.0028832
0.00267827
0
0
0.00288144
0
0
0.00521126
0
0
0.0037262
0
0
0
0.00579104
0.00247541
0.0053717
0
0
0.00298009
0
0.00371293
0.00810125
0.0107059
0.0029096
0.00584405
0.0122145
0.440523
0
0
0
0.00263543
0.00256949
0
0.00290712
0
0.014675
0
0
0.00360105
0
0
0.00249013
0.00256949
0
0.00289449
0.00273255
0
0
0
0.00307595
0.00584063
0
0.0321071
0.00256949
0
0.00281438
0.00287785
0
0
0.00286917
0.00498924
0
0.00269322
0.00286209
0.00411618
0.00876825
0
0
0
0.00287785
0.0027707
0
0
0.00843535
0.0120684
0.0195006
0
0.00567466
0.00849414
0
0
0
0.991084
0.852531
0.00468069
0
0.0203072
0
0.00371708
0
0.00313523
0
0.00287785
0.0025375
0
0.00479072
0.0028092
0
0
0.0115791
0.00267137
0
0.0025375
0.0025162
0
0
0.00287524
0
0
0.0029096
0
0.00269191
0.00268274
0
0
0.00286373
0
0.0055266
0
0
0.00577333
0.00287702
0
0.00267926
0
0
0
0
0.00286373
0.00274324
0
0.00290994
0.011136
0
0
0
0
0.00821935
0.00440961
0
0
0
0.00304694
0.00603581
0.00550179
0
0
0
0
0
0
0
0.00822191
0
0.019112
0.0114714
0.00286655
0
0.554673
0
0
1.03316
0
0
0
0
0.00294693
0.00262876
0
0.00546685
0
0.0122452
0
0.00979178
0
0
0
0.00298174
0
0.00663874
0
0
0.0150769
0.00578001
0.00598186
0.00652298
0.0028367
0
0.0155808
0.00298174
0
0
0
0.00269258
0
0.00816833
0.00500107
0.00692869
0.00267302
0.00280598
0
0.0126297
0
0.00520783
0
0.00529132
0.00300338
0.00277953
0.018511
0
0.00302242
0
0
0
0.0226771
0.00294693
0
0
0.973593
0
0.90416
0
0
0
0.00908226
0.00267892
0.00871841
0.0249025
0.00606326
0.00292463
0
0.00254824
0
0.00363932
0
0
0
0.00427138
0.00572455
0.00863355
0.00537846
0.00848004
0
0
0.00254824
0
0.00892894
0.0109127
0
0
0.00288144
0.00246653
0.0027466
0
0
0
0.00278591
0
0.00280135
0.00283834
0
0.00568279
0
0
0.00246653
0
0
0
0.0113464
0
0
0.0051489
0.00580705
0
0
0
0
0.00417767
0.0518073
0
0
0
0.01638
0.00240271
0
0
0
0.00258466
0
0.00440769
0.00541116
0
0
0
0
0.732449
0
0.977567
0
0
0.00506704
0
0
0.00585934
0
0
0.00830151
0.0361356
0.00382813
0.0209107
0
0
0.00263543
0
0
0
0
0.00773045
0
0
0.015192
0.00861514
0
0.0304006
0
0
0.00277872
0
0
0.0609626
0.00281875
0.00341324
0
0.00268404
0.00287687
0
0
0
0
0
0
0
0.00778243
0.00290679
0
0.0523144
0.00766921
0
0
0
0
0
0
0
0.895855
0
0
0.00543583
0.00267784
0.0186793
0
0.00262246
0
0
0
0.00553856
0.00268199
0
0
0
0
0.00873205
0
0.00507273
0
0.0026018
0
0
0.00252241
0
0.00287578
0
0
0
0
0.00246402
0
0.00544867
0
0.00277953
0.0141081
0.00280897
0
0
0.00286373
0.00289206
0
0
0.00284182
0.00268697
0
0
0.00268274
0
0.00297989
0
0.00263528
0
0
0.063852
0
0
0.00846472
0.0191837
0.00267745
0.00545002
0.00289206
0.00271758
0
0
0.00364231
0.00271532
0
0
0
0
0.803377
0
0.940083
0.990247
0
0
0.00245233
0.00263543
0
0.00276803
0
0
0.0197197
0.0279979
0.00363445
0.0126366
0
0.00546069
0.00547583
0.00518105
0
0.00289206
0
0.00839459
0
0.00651407
0.00898179
0.00585707
0.0423631
0.00273255
0.00254566
0
0.00510485
0.00850218
0.0210665
0.00280803
0.00410811
0
0
0.00838724
0.00341569
0
0.00492709
0.00263543
0
0
0.00510485
0.00430305
0
0
0.00699167
0
0
0.00273166
0.0266718
0.00263543
0
0
0
0
0.668002
0
0
0.00508717
0.00502975
0
0
0
0.00297413
0
0.00501065
0.00520234
0.00754602
0
0
0.00255978
0
0.0113819
0.0040181
0
0.00256307
0
0
0.00754815
0
0.00269956
0
0
0
0
0.00273604
0
0.00281529
0
0.00664119
0
0.00390571
0
0
0
0
0
0
0
0
0
0
0
0.00556766
0.00258293
0.00828711
0.0106833
0
0
0
0.00298174
0
0.0111292
0.167194
0.0057814
0.00418968
0
0.00524426
0.0220115
0.00256158
0.00283021
0.00298174
0.00267702
0
0
0.0241183
0
0
0
0
0
0
0.600827
0.992283
0
0
0.00508146
0.00867078
0
0.00272931
0
0.00479641
0
0.00857151
0.0286977
0
0
0
0
0.00580705
0.00275196
0.00455704
0.00260565
0
0
0.00719462
0.0191121
0.00570128
0
0.142606
0.00252731
0
0
0
0.00536797
0.0410193
0.00561849
0
0
0
0.0055121
0
0.0149802
0
0.00536797
0
0
0.0171784
0
0.0163931
0
0
0.0168312
0
0.00253593
0
0.0325608
0.00255877
0
0
0
0
0
0
0
0
0.0821933
0
0
0
0
0
0
0
0.00250234
0
0
0.0087038
0
0.00292053
0.00257456
0
0
0
0
0.00250305
0
0
0
0
0
0
0
0
0.00257333
0
0
0
0
0
0
0
0.00284239
0
0
0
0
0
0
0
0.00281196
0
0
0
0
0
0
0
0
0
0
0.00622218
0
0
0
0
0.0136832
0
0
0
0
0
0
0
0.00269106
0
0
0
0
0
0
0.899559
0.403524
0
0
0
0
0
0
0.004328
0.0123264
0.00575185
0.0216452
0
0
0
0
0.00252731
0
0
0
0.00411088
0
0
0
0.00255605
0
0.0146345
0
0
0
0
0
0
0.0142309
0
0
0
0
0.00270602
0
0
0
0
0
0
0
0
0.00823152
0
0.00268735
0
0.00320978
0
0
0
0.00271849
0
0
0
0
0
0
0.00246161
0.0085311
0
0
0
0
0
0
0
0.00273526
0
0
0
0
0.00292956
0
0
0
0
0
0
0
0
0
0
0
0
0
0
0
0
0.00271555
0
0
0
0
0.00280657
0
0
0
0
0
0
0
0
0
0
0
0
0.0131404
0
0
0
0
0
0
0.00930147
0
0
0
0
0.0131478
0
0.00260565
0
0
0
0
0
0
0
0
0
0
0
0
0.164194
0
0
0
0
0
0
0
0.00770847
0
0.00776321
0
0
0
0
0
0
0.00264541
0
0
0
0
0.0184801
0
0
0
0
0
0
0
0
0.00859898
0
0
0
0
0
0
0
0
0.0111091
0
0
0
0
0
0.00354585
0
0
0
0
0
0
0
0
0
0
0
0
0
0
0
0
0
0
0
0
0
0
0
0
0
0
0
0
0
0
0
0
0
0
0
0
0
0
0
0
0
0
0
0
0
0
0
0
0
0
0
0
0
0
0
0
0
0
0
0
0
0
0
0
0
0
0
0
0
0.00266492
0
0
0.00283021
0
0
0
0
0
0
0.025968
0
0
0
0
0
0.0550119
0
0
0
0
0
0
0
0
0
0
0
0
0
0
0
0
0
0
0
0
0
0
0.00267534
0
0
0
0
0
0
0
0.00811376
0
0
0
0
0
0
0
0
0
0
0
0
0
0.00410022
0
0
0.00727371
0
0
0
0
0
0
0
0
0
0
0
0
0
0
0
0
0
0
0
0
0
0
0
0
0
0
0
0
0
0
0
0
0
0
0
0
0
0
0
0
0
0
0
0
0
0
0
0
0
0
0
0
0
0
0
0
0
0
0
0
0
0
0
0
0
0
0
0
0
0
0
0
0
0
0
0
0
0
0
0
0
0
0
0
0
0
0
0
0
0
0
0
0
0
0
0
0
0
0
0
0
0
0
0
0
0
0
0
0
0
0
0
0
0
0
0
0
0
0
0
0
0
0
0
0
0
0
0
0
0
0
0
0
0
0
0
0
0
0
0
0
0
0
0
0
0
0
0
0
0
0
0
0
0
0
0
0
0
0
0
0
0
0
0
0
0
0
0
0
0
0
0
0
0
0
0
0
0
0
0
0
0
0
0
0
0
0
0
0
0
0
0
0
0
0
0
0
0
0
0
0
0
0
0
0
0
0
0
0
0
0
0
0
0
0
0
0
0
0
0
0
0
0
0
0
0
0
0
0
0
0
0
0
0
0
0
0
0
0
0
0
0
0
0
0
0
0
0
0
0
0
0
0
0
0
0
0
0
0
0
0
0
0
0
0
0
0
0
0
0
0
0
0
0
0
0
0
0
0
0
0
0
0
0
0
0
0
0
0
0
0
0
0
0
0
0
0
0
0
0
0
0
0
0
0
0
0
0
0
0
0
0
0
0
0
0
0
0
0
0
0
0
0
0
0
0
0
0
0
0
0
0
0
0
0
0
0
0
0
0
0
0
0
0
0
0
0
0
0
0
0
0
0
0
0
0
0
0
0
0
0
0
0
0
0
0
0
0
0
0
0
0
0
0
0
0
0
0
0
0
0
0
0
0
0
0
0
0
0
0
0
0
0
0
0
0
0
0
0
0
0
0
0
0
0
0
0
0
0
0
0
0
0
0
0
0
0
0
0
0
0
0
0
0
0
0
0
0
0
0
0
0
0
0
0
0
0
0
0
0
0
0
0
0
0
0
0
0
0
0
0
0
0
0
0
0
0
0
0
0
0
0
0
0
0
0
0
0
0
0
0
0
0
0
0
0
0
0
0
0
0
0
0
0
0
0
0
0
0
0
0
0
0
0
0
0
0
0
0
0
0
0
0
0
0
0
0
0
0
0
0
0
0
0
0
0
0
0
0
0
0
0
0
0
0
0
0
0
0
0
0
0
0
0
0
0
0
0
0
0
0
0
0
0
0
0
0
0
0
0
0
0
0
0
0
0
0
0
0
0
0
0
0
0
0
0
0
0
0
0
0
0
0
0
0
0
0
0
0
0
0
0
0
0
0
0
0
0
0
0
0
0
0
0
0
0
0
0
0
0
0
0
0
0
0
0
0
0
0
0
0
0
0
0
0
0
0
0
0
0
0
0
0
0
0
0
0
0
0
0
0
0
0
0
0
0
0
0
0
0
0
0
0
0
0
0
0
0
0
0
0
0
0
0
0
0
0
0
0
0
0
0
0
0
0
0
0
0
0
0
0
0
0
0
0
0
0
0
0
0
0
0
0
0
0
0
0
0
0
0
0
0
0
0
0
0
0
0
0
0
0
0
0
0
0
0
0
0
0
0
0
0
0
0
0
0
0
0
0
0
0
0
0
0
0
0
0
0
0
0
0
0
0
0
0
0
0
0
0
0
0
0
0
0
0
0
0
0
0
0
0
0
0
0
0
0
0
0
0
0
0
0
0
0
0
0
0
0
0
0
0
0
0
0
0
0
0
0
0
0
0
0
0
0
0
0
0
0
0
0
0
0
0
0
0
0
0
0
0
0
0
0
0
0
0
0
0
0
0
0
0
0
0
0
0
0
0
0
0
0
0
0
0
0
0
0
0
0
0
0
0
0
0
0
0
0
0
0
0
0
0
0
0
0
0
0
0
0
0
0
0
0
0
0
0
0
0
0
0
0
0
0
0
0
0
0
0
0
0
0
0
0
0
0
0
0
0
0
0
0
0
0
0
0
0
0
0
0
0
0
0
0
0
0
0
0
0
0
0
0
0
0
0
0
0
0
0
0
0
0
0
0
0
0
0
0
0
0
0
0
0
0
0
0
0
0
0
0
0
0
0
0
0
0
0
0
0
0
0
0
0
0
0
0
0
0
0
0
0
0
0
0
0
0
0
0
0
0
0
0
0
0
0
0
0
0
0
0
0
0
0
0
0
0
0
0
0
0
0
0
0
0
0
0
0
0
0
0
0
0
0
0
0
0
0
0
0
0
0
0
0
0
0
0
0
0
0
0
0
0
0
0
0
0
0
0
0
0
0
0
0
0
0
0
0
0
0
0
0
0
0
0
0
0
0
0
0
0
0
0
0
0
0
0
0
0
0
0
0
0
0
0
0
0
0
0
0
0
0
0
0
0
0
0
0
0
0
0
0
0
0
0
0
0
0
0
0
0
0
0
0
0
0
0
0
0
0
0
0
0
0
0
0
0
0
0
0
0
0
0
0
0
0
0
0
0
0
0
0
0
0
0
0
0
0
0
0
0
0
0
0
0
0
0
0
0
0
0
0
0
0
0
0
0
0
0
0
0
0
0
0
0
0
0
0
0
0
0
0
0
0
0
0
0
0
0
0
0
0
0
0
0
0
0
0
0
0
0
0
0
0
0
0
0
0
0
0
0
0
0
0
0
0
0
0
0
0
0
0
0
0
0
0
0
0
0
0
0
0
0
0
0
0
0
0
0
0
0
0
0
0
0
0
0
0
0
0
0
0
0
0
0
0
0
0
0
0
0
0
0
0
0
0
0
0
0
0
0
0
0
0
0
0
0
0
0
0
0
0
0
0
0
0
0
0
0
0
0
0
0
0
0
0
0
0
0
0
0
0
0
0
0
0
0
0
0
0
0
0
0
0
0
0
0
0
0
0
0
0
0
0
0
0
0
0
0
0
0
0
0
0
0
0
0
0
0
0
0
0
0
0
0
0
0
0
0
0
0
0
0
0
0
0
0
0
0
0
0
0
0
0
0
0
0
0
0
0
0
0
0
0
0
0
0
0
0
0
0
0
0
0
0
0
0
0
0
0
0
0
