0.0133228
0.0133228
0.0133228
0.0133228
0.0165561
0.0137843
0.0137843
0.0137843
0.0137843
0.0137843
0.0137843
0.0137843
0.0137843
0.0137843
0.0136766
0.00654573
0.00654573
0.00654573
0.00654573
0.00654573
0.00831052
0.00831052
0.00831052
0.00831052
0.00467896
0.00467896
0.00467896
0.00467896
0.00316359
0.00316359
0.00467896
0.00467896
0.00169165
0.00169165
0.00169165
0.00169165
0.00169165
0.00169165
0.00169165
0.00169165
0.0145251
0.0111275
0.00708836
0.00877835
0.013727
0.013727
0.013727
0.013727
0.013727
0.013727
0.013727
0.013727
0.013727
0.00944623
0.00944623
0.00944623
0.00944623
0.00944623
0.00944623
0.0125144
0.0125144
0.0125144
0.0125144
0.0124879
0.00617416
0.00617416
0.00617416
0.00617416
0.0136309
0.0136309
0.0136309
0.0132039
0.0158403
0.0158403
0.0127668
0.0164684
0.0164684
0.0164684
0.0145079
0.0132731
0.0132731
0.0129026
0.0129026
0.0129026
0.0129026
0.0137327
0.00972084
0.0158979
0.0158979
0.0128132
0.0165701
0.0165701
0.0165701
0.00769788
0.0106891
0.0106891
0.0106891
0.0106891
0.0106891
0.0106891
0.0106891
0.012543
0.012543
0.012543
0.0102258
0.00723845
0.00376256
0.00376256
0.00376256
0.00200842
0.0137545
0.0108787
0.0108787
0.0108787
0.0108787
0.0108787
0.0138324
0.00683889
0.00683889
0.00683889
0.00683889
0.00718521
0.00718521
0.00718521
0.00728009
0.00728009
0.00728009
0.0060231
0.0060231
0.0108616
0.0108616
0.0108616
0.0108616
0.0108616
0.0155609
0.0137083
0.0101739
0.0101739
0.0101739
0.0101739
0.0101739
0.0101739
0.00693772
0.00693772
0.0178092
0.0148276
0.0148276
0.0148276
0.0148276
0.0148276
0.0148276
0.0148276
0.0148276
0.0148276
0.0107832
0.0107832
0.0107832
0.0107832
0.0107832
0.0133523
0.00733397
0.00733397
0.00606769
0.00404515
0.00404515
0.00404515
0.00404515
0.0140848
0.00674109
0.00997009
0.0136204
0.0136204
0.0136204
0.0136204
0.0136204
0.00781908
0.00781908
0.0135431
0.0135431
0.0135431
0.0135431
0.00993136
0.00993136
0.00993136
0.00993136
0.00993136
0.00993136
0.00749535
0.00749535
0.00749535
0.00749535
0.00749535
0.00749535
0.00998716
0.00998716
0.00998716
0.00998716
0.00998716
0.00998716
0.00707108
0.00544515
0.00544515
0.00544515
0.00544515
0.00544515
0.00707108
0.01015
0.01015
0.01015
0.01015
0.0132302
0.0132302
0.00936521
0.00929382
0.012868
0.012868
0.012868
0.012868
0.012868
0.012868
0.0182375
0.0151842
0.0151842
0.0151842
0.0151842
0.0151842
0.0151842
0.0151842
0.0151842
0.0151842
0.0106018
0.0106018
0.0106018
0.0106018
0.0106018
0.0106018
0.00651546
0.00651546
0.00651546
0.00651546
0.00651546
0.00651546
0.00651546
0.00651546
0.000136909
0.000115802
0.000115802
0.00818183
0.0138382
0.0138382
0.0138382
0.0138382
0.0138382
0.0138382
0.0138382
0.0138382
0.0138382
0.0138382
0.0156709
0.0130473
0.0130473
0.0130473
0.0130473
0.0130473
0.0130473
0.0130473
0.0130473
0.0130473
0.0130808
0.0147609
0.0147609
0.0147609
0.0147609
0.0147609
0.0147609
0.0147609
0.0147609
0.0139504
0.0139504
0.0139504
0.0141188
0.0173946
0.0144824
0.0144824
0.0144824
0.0144824
0.0144824
0.0144824
0.0144824
0.0144824
0.0144824
0.0144824
0.0135485
0.0135485
0.0135485
0.0135485
0.0135485
0.0135485
0.00959052
0.00959052
0.0095766
0.0095766
0.0095766
0.0095766
0.0095766
0.0157383
0.0138646
0.0138646
0.015497
0.015497
0.015497
0.015497
0.015497
0.0124901
0.00756524
0.00582568
0.00582568
0.00582568
0.00582568
0.0145265
0.0145265
0.0145265
0.0145265
0.0145265
0.0145265
0.012959
0.00722752
0.00722752
0.00722752
0.00556562
0.00556562
0.00556562
0.00722752
0.00722752
0.0156007
0.0129888
0.0129888
0.0129888
0.0129888
0.0129888
0.0129888
0.0129888
0.0129888
0.0129888
0.0130793
0.0139983
0.0139983
0.0139983
0.0139983
0.0080361
0.0080361
0.0080361
0.0110179
0.0110179
0.0110179
0.0110179
0.0110179
0.0110179
0.0110179
0.0110179
0.0110179
0.0129551
0.0129551
0.0133332
0.0133332
0.0133332
0.0133332
0.0133332
0.0138507
0.0162594
0.0162594
0.0162594
0.0162594
0.0162594
0.0162594
0.0162594
0.0162594
0.0100491
0.0100491
0.0100491
0.0100491
0.00740301
0.00740301
0.00570075
0.00570075
0.00570075
0.00740301
0.00992987
0.00992987
0.00992987
0.00992987
0.00992987
0.00992987
0.0177358
0.0147665
0.0147665
0.0147665
0.0147665
0.0147665
0.0147665
0.0147665
0.0147665
0.0147665
0.0127665
0.0127665
0.0144125
0.0144125
0.0144125
0.0101037
0.00862428
0.0134861
0.0134861
0.0134861
0.0134861
0.0134861
0.0134861
0.0134861
0.0134861
0.013642
0.0133037
0.0133037
0.0133037
0.00568454
0.00568454
0.00738196
0.0137583
0.0137583
0.0141732
0.0147233
0.0147233
0.0147233
0.0147233
0.0147233
0.0147233
0.0100327
0.0129874
0.00720546
0.00596137
0.00596137
0.00720546
0.0125781
0.0125781
0.0125781
0.0125781
0.0125781
0.0125781
0.013311
0.013311
0.0131669
0.0131669
0.010087
0.00932034
0.00932034
0.0133003
0.0133003
0.0133003
0.0133003
0.0133003
0.0094832
0.0094832
0.0094832
0.0094832
0.0094832
0.0134737
0.00644864
0.00644864
0.00644864
0.0138775
0.0138775
0.0138775
0.0138775
0.0138775
0.0138775
0.0138775
0.0138775
0.012538
0.012538
0.012538
0.012538
0.012538
0.012538
0.00968669
0.00968669
0.0136398
0.0136398
0.0136398
0.0136398
0.00707925
0.00408052
0.00713308
0.00713308
0.0103185
0.0119698
0.0119698
0.0119698
0.0119698
0.00094974
0.00094974
0.00094974
0.00094974
0.00094974
0.00094974
0.00094974
0.00094974
0.00094974
0.000633296
0.00908578
0.00908578
0.00713463
0.00549408
0.00549408
0.00549408
0.00713463
0.0131489
0.0131489
0.0131489
0.0100732
0.0158733
0.0158733
0.0158733
0.0164214
0.0144664
0.0144664
0.0140677
0.0140677
0.0180932
0.015064
0.015064
0.015064
0.015064
0.015064
0.015064
0.015064
0.015064
0.015064
0.0157624
0.0138858
0.0138858
0.0101413
0.0101413
0.0101413
0.0101413
0.0101413
0.0101413
0.0163941
0.0163941
0.0163941
0.0163941
0.0163941
0.0163941
0.0163941
0.0135174
0.0135174
0.0135174
0.0135174
0.0135174
0.0075425
0.010951
0.010951
0.010951
0.010951
0.010951
0.0101187
0.00972809
0.00972809
0.0128045
0.0128045
0.0128045
0.0128045
0.0128045
0.0128045
0.0133032
0.0133032
0.0133032
0.0163158
0.0163158
0.0163158
0.0163158
0.0163158
0.0163158
0.0163158
0.0171615
0.0142883
0.0142883
0.0142883
0.0142883
0.0142883
0.0142883
0.0142883
0.0142883
0.0142883
0.0129008
0.0098831
0.0098831
0.0098831
0.0098831
0.00986181
0.00986181
0.00986181
0.00986181
0.00986181
0.0144323
0.0144323
0.0144323
0.00736964
0.00567505
0.00567505
0.00567505
0.00567505
0.00567505
0.00567505
0.00736964
0.0110079
0.0110079
0.0110079
0.0110079
0.0110079
0.0124289
0.0124289
0.0124289
0.0124289
0.0128173
0.0128173
0.0128173
0.0144113
0.0144113
0.0144113
0.0144113
0.0144113
0.0102012
0.00800764
0.00800764
0.00800764
0.00800764
0.0101586
0.0101586
0.0101586
0.00996752
0.00996752
0.00964707
0.00964707
0.0100804
0.0100804
0.0100804
0.0100804
0.0100804
0.0100804
0.014733
0.014733
0.014733
0.014733
0.0140084
0.0140084
0.0140084
0.0101768
0.0101768
0.0101768
0.0101768
0.0101768
0.0101768
0.0101768
0.0125422
0.0125422
0.0125422
0.00713654
0.00713654
0.00713654
0.00590434
0.010331
0.010331
0.010331
0.010331
0.010331
0.010331
0.010331
0.0163763
0.0163763
0.0163763
0.0163763
0.0163763
0.0163763
0.0163763
0.00605141
0.00465995
0.00465995
0.00465995
0.00605141
0.00132966
0.00164976
0.00164976
0.00164976
0.00164976
0.0138722
0.0138722
0.0138722
0.0138722
0.0138722
0.0128572
0.0154512
0.0154512
0.0154512
0.0154512
0.0154512
0.0154512
0.0154512
0.0154512
0.00779119
0.0143805
0.0143805
0.0143805
0.0143805
0.0143805
0.0143805
0.0143805
0.0143805
0.0143805
0.0162041
0.00663454
0.00663454
0.00663454
0.00663454
0.00663454
0.00663454
0.00663454
0.0127348
0.0127348
0.0127348
0.0127348
0.0127348
0.0127348
0.0127348
0.00786486
0.00786486
0.00719546
0.010114
0.010114
0.010114
0.010114
0.010114
0.010114
0.0154764
0.0136339
0.0136339
0.00931936
0.00931936
0.00931936
0.00931936
0.0171042
0.0142406
0.0142406
0.0142406
0.0142406
0.0142406
0.0142406
0.0142406
0.0142406
0.00942509
0.00942509
0.00942509
0.00942509
0.00942509
0.00949072
0.00949072
0.00949072
0.00949072
0.00949072
0.00949072
0.00949072
0.0142068
0.0142068
0.0142068
0.0142068
0.0142068
0.00698646
0.0105272
0.0105272
0.0105272
0.0105272
0.0105272
0.0105272
0.0105272
0.0106961
0.0106961
0.0106961
0.0106961
0.0106961
0.0106961
0.00976786
0.00976786
0.00976786
0.00976786
0.00976786
0.00967683
0.00967683
0.00967683
0.00967683
0.00967683
0.0105237
0.0105237
0.0105237
0.0161299
0.0161299
0.0161299
0.0161299
0.0130002
0.0173257
0.014425
0.014425
0.014425
0.014425
0.014425
0.014425
0.014425
0.014425
0.014425
0.00952206
0.00952206
0.00952206
0.00952206
0.00952206
0.00952206
0.00952206
0.00951724
0.00951724
0.00951724
0.00951724
0.00951724
0.0172202
0.0143372
0.0143372
0.0143372
0.0143372
0.0143372
0.0143372
0.0143372
0.0143372
0.0143372
0.00430008
0.00746017
0.00746017
0.00816747
0.00660908
0.00660908
0.00660908
0.00660908
0.00660908
0.00660908
0.00660908
0.0155014
0.0155014
0.0155014
0.0155014
0.0155014
0.0155014
0.0155014
0.0155014
0.0162803
0.0162803
0.0162803
0.0162803
0.0131214
0.00572111
0.00572111
0.00572111
0.00572111
0.013679
0.013679
0.013679
0.013679
0.013679
0.013679
0.013679
0.013679
0.012928
0.012928
0.012928
0.00921273
0.0144063
0.0144063
0.0144063
0.0144063
0.0144063
0.0144063
0.0144063
0.0144063
0.0124441
0.0124441
0.0124441
0.0124441
0.0124441
0.0100797
0.0100797
0.0100797
0.0100797
0.0100797
0.0100797
0.00736248
0.00736248
0.00736248
0.00424377
0.00424377
0.00424377
0.0136589
0.0136589
0.0136589
0.0127659
0.0127659
0.0127659
0.0127659
0.0127659
0.0127659
0.0106671
0.0106671
0.0133823
0.0133823
0.0133823
0.0133823
0.0133823
0.014171
0.014171
0.00981129
0.00981129
0.00981129
0.00981129
0.00981129
0.00981129
0.00981129
0.00250512
0.00842204
0.00842204
0.0146634
0.00968398
0.00968398
0.00968398
0.00968398
0.00968398
0.00968398
0.0135337
0.00647736
0.00647736
0.00647736
0.0126373
0.00720542
0.00720542
0.00720542
0.0055486
0.0055486
0.0055486
0.0171769
0.0143012
0.0143012
0.0143012
0.0143012
0.0143012
0.0143012
0.0143012
0.0143012
0.0143012
0.0145933
0.00731187
0.00731187
0.00731187
0.00927592
0.00927592
0.00927592
0.00986334
0.00986334
0.00986334
0.00986334
0.0141583
0.0134909
0.0134909
0.0134909
0.0134909
0.016213
0.00663819
0.00663819
0.00663819
0.00663819
0.00663819
0.00663819
0.00663819
0.016671
0.016671
0.016671
0.016671
0.0132199
0.0132199
0.0132199
0.0132199
0.0132199
0.0132199
0.0132199
0.0132199
0.00562222
0.00562222
0.00562222
0.00562222
0.0091128
0.0091128
0.0091128
0.0091128
0.0131279
0.0184834
0.0153889
0.0153889
0.0153889
0.0153889
0.0153889
0.0153889
0.0153889
0.0153889
0.0153889
0.00579018
0.00579018
0.00579018
0.00751914
0.00751914
0.0129002
0.0129002
0.0129002
0.0129002
0.0129002
0.0129002
0.0136189
0.0130155
0.0130155
0.00929908
0.0155233
0.0103511
0.0103511
0.0103511
0.0103511
0.0108323
0.0108323
0.0108323
0.0108323
0.0108323
0.0135113
0.00969792
0.00988863
0.01063
0.01063
0.01063
0.01063
0.01063
0.01063
0.01063
0.01063
0.010548
0.010548
0.010548
0.010548
0.010548
0.0154601
0.0154601
0.0154601
0.0154601
0.0154601
0.0154601
0.0124603
0.0156622
0.0156622
0.0156622
0.0156622
0.00863682
0.0135057
0.0135057
0.0135057
0.0135057
0.0135057
0.0135057
0.0135057
0.0135057
0.0140564
0.0140564
0.0140564
0.0140564
0.0140564
0.0140564
0.0140564
0.0140564
0.0140564
0.00979124
0.00979124
0.00979124
0.00979124
0.00979124
0.00979124
0.00979124
0.0133193
0.0133193
0.0133193
0.0133193
0.0133193
0.00942822
0.00971354
0.00971354
0.00971354
0.00971354
0.00971354
0.0131777
0.0131777
0.0131777
0.013328
0.0079098
0.0079098
0.0122645
0.0097459
0.0125399
0.0125399
0.0135737
0.0135737
0.0135737
0.0135737
0.0135737
0.0135737
0.0135737
0.0128084
0.0128084
0.0128084
0.0128084
0.013974
0.0066881
0.0066881
0.0066881
0.0175806
0.0146373
0.0146373
0.0146373
0.0146373
0.0146373
0.0146373
0.0146373
0.0146373
0.0146373
0.0142517
0.0142517
0.0142517
0.00977427
0.00977427
0.0134231
0.0134231
0.0134231
0.0134231
0.0134231
0.0134231
0.0130089
0.0130089
0.0130089
0.0130089
0.0135138
0.0160779
0.0160779
0.0160779
0.0160779
0.0160779
0.0160779
0.0129583
0.0108328
0.0108328
0.0108328
0.0108328
0.0108328
0.0125831
0.0125831
0.0078701
0.0078701
0.0078701
0.0078701
0.00720025
0.00720025
0.0132638
0.0132638
0.00705274
0.00705274
0.00543102
0.00543102
0.00543102
0.00705274
0.00705274
0.00935195
0.00935195
0.00935195
0.00935195
0.00935195
0.013758
0.013758
0.013758
0.013758
0.013758
0.013758
0.013758
0.0160902
0.0160902
0.0160902
0.0160902
0.00747494
0.010966
0.010966
0.010966
0.010966
0.010966
0.00720167
0.00397218
0.00415108
0.00720167
0.00951223
0.0137207
0.0137207
0.0137207
0.0137207
0.0137207
0.0137207
0.0137207
0.0125529
0.0131356
0.012523
0.00579168
0.00752109
0.0141337
0.0141337
0.0141337
0.0146823
0.0146823
0.0100047
0.0100047
0.00972685
0.00972685
0.00972685
0.00972685
0.0136419
0.0136419
0.0136419
0.0142039
0.0142039
0.0142039
0.0134467
0.0137738
0.0137738
0.0137738
0.0137738
0.0137738
0.0137738
0.0137738
0.0137738
0.0125815
0.0125815
0.0125815
0.0125815
0.0140154
0.00992103
0.0145426
0.00696022
0.00696022
0.00696022
0.00982307
0.00982307
0.00982307
0.0127563
0.00714512
0.00714512
0.00714512
0.00471198
0.00471198
0.00471198
0.00471198
0.0174746
0.014549
0.014549
0.014549
0.014549
0.014549
0.014549
0.014549
0.014549
0.014549
0.0125139
0.0125139
0.0125139
0.0125139
0.0125139
0.0125139
0.0106209
0.0106209
0.0106209
0.0106209
0.0106209
0.0106209
0.00924404
0.00924404
0.00924404
0.00924404
0.00924404
0.00924404
0.0130691
0.013045
0.013045
0.013045
0.0101582
0.0101582
0.0129607
0.0129607
0.0143493
0.0143493
0.0143493
0.013883
0.013883
0.013883
0.013883
0.013883
0.013883
0.013883
0.0132004
0.0132004
0.0132004
0.0101126
0.00934405
0.00934405
0.0135128
0.0135128
0.0135128
0.0135128
0.0135128
0.0135128
0.0127247
0.0127247
0.0127247
0.0127247
0.0127247
0.0162097
0.0162097
0.0162097
0.0162097
0.0162097
0.0162097
0.0162097
0.0162097
0.010793
0.010793
0.010793
0.010793
0.010793
0.0139694
0.0139694
0.00713956
0.00713956
0.00713956
0.00713956
0.00411528
0.00713956
0.00713956
0.00713956
0.0159426
0.0159426
0.0159426
0.0159426
0.0159426
0.0159426
0.0159426
0.0159426
0.0159426
0.0159426
0.0159426
0.00712077
0.0131431
0.0131431
0.0131431
0.0131431
0.0131431
0.0131431
0.0131431
0.0131431
0.0131431
0.00874091
0.00874091
0.00874091
0.00874091
0.00874091
0.00437046
0.00243864
0.00324111
0.00209174
0.00209174
0.00729815
0.00729815
0.00729815
0.00562001
0.00562001
0.00562001
0.00729815
0.00703399
0.0101249
0.0101249
0.0166905
0.0138962
0.0138962
0.0138962
0.0138962
0.0138962
0.0138962
0.0138962
0.0138962
0.0138962
0.0138962
0.0141385
0.0141385
0.0105279
0.0105279
0.0105279
0.0105279
0.0105279
0.0105279
0.0105279
0.0139729
0.0139729
0.0139729
0.0139729
0.0139729
0.0139729
0.0139729
0.01586
0.0127826
0.00935106
0.00935106
0.00935106
0.00935106
0.00935106
0.00935106
0.0103118
0.00687456
0.00701809
0.00701809
0.00767099
0.00767099
0.00701809
0.00954276
0.00954276
0.00954276
0.00954276
0.00954276
0.00954276
0.00954276
0.0158405
0.0158405
0.0158405
0.0139547
0.010231
0.0087768
0.0087768
0.0087768
0.0087768
0.0087768
0.00674934
0.0138905
0.0138905
0.00983255
0.013908
0.013908
0.013908
0.00776045
0.0138321
0.0138321
0.0138321
0.0138321
0.0138321
0.0138321
0.013306
0.013306
0.013306
0.016602
0.016602
0.016602
0.0182623
0.013776
0.013776
0.013776
0.013776
0.013776
0.013776
0.0126035
0.0140034
0.0140034
0.0140034
0.0140034
0.0140034
0.0124089
0.0124089
0.0139469
0.0139469
0.0139469
0.0140011
0.0140011
0.0140011
0.0140011
0.0140011
0.0140011
0.00800734
0.00800734
0.00732582
0.00896516
0.00896516
0.00597805
0.00597805
0.00597805
0.00597805
0.00597805
0.00597805
0.00597805
0.00597805
0.00597805
0.00448585
0.00448585
0.00448585
0.00448585
0.00448585
0.00448585
0.00448585
0.00448585
0.00448585
0.00832012
0.00413257
0.00624196
0.00624196
0.0156538
0.0156538
0.0156538
0.0156538
0.0156538
0.0156538
0.00640924
0.0162617
0.0162617
0.0162617
0.0162617
0.0162617
0.0162617
0.0162617
0.0131065
0.0103934
0.0103934
0.0103934
0.0103934
0.0103934
0.0103934
0.0103934
0.0103934
0.0138434
0.0138434
0.0138434
0.0138434
0.0138434
0.0138434
0.0134802
0.0134802
0.0134802
0.0134802
0.0134802
0.0134802
0.0134802
0.00809138
0.00809138
0.00809138
0.0074027
0.0074027
0.00640897
0.00640897
0.00640897
0.00640897
0.00640897
0.00947889
0.00607331
0.0099935
0.0099935
0.0099935
0.0099935
0.0099935
0.0099935
0.0099935
0.0099935
0.0099935
0.00303666
0.00564636
0.00445109
0.00245725
0.00245725
0.00319539
0.00319539
0.00319539
0.00319539
0.00499675
0.0159504
0.0140515
0.0140515
0.0165277
0.0165277
0.0165277
0.0145601
0.0145601
0.0166758
0.0166758
0.0166758
0.0166758
0.0166758
0.0166758
0.0166758
0.0166758
0.0166758
0.007747
0.0130782
0.0130782
0.0130782
0.0130782
0.0130782
0.0132729
0.0101682
0.00747633
0.00747633
0.00575722
0.00575722
0.00575722
0.00575722
0.0129649
0.0134206
0.0134206
0.0134206
0.0134206
0.0134206
0.0143048
0.0143048
0.0143048
0.0143048
0.0143048
0.0162433
0.0143096
0.0143096
0.0143096
0.0143096
0.0143096
0.0160145
0.00760151
0.00359852
0.00651841
0.00751724
0.00821657
0.00821657
0.00821657
0.00821657
0.00821657
0.00751724
0.0166511
0.0146688
0.0146688
0.016692
0.0147048
0.0147048
0.0139946
0.00990629
0.0107899
0.0107899
0.0107899
0.0107899
0.0107899
0.0107899
0.0107899
0.0162353
0.0162353
0.0162353
0.0162353
0.0162353
0.0162353
0.0162353
0.0162353
0.0162353
0.0135172
0.0100686
0.0100686
0.0100686
0.0100686
0.0100686
0.0100686
0.0100686
0.0133226
0.0133226
0.0133226
0.0138397
0.0171822
0.0171822
0.0171822
0.0171822
0.0171822
0.0171822
0.0171822
0.0171822
0.0171822
0.0171822
0.00798225
0.0135948
0.00962329
0.00962329
0.00962329
0.00962329
0.0123101
0.00652129
0.00652129
0.00652129
0.0101393
0.0101393
0.0101393
0.0101393
0.0101393
0.0143317
0.00685927
0.00685927
0.00685927
0.00685927
0.00685927
0.00685927
0.0101449
0.0101449
0.00977794
0.0131169
0.0131169
0.0131169
0.0131169
0.0131169
0.0131169
0.0131169
0.0131169
0.0131169
0.0159021
0.0159021
0.0159021
0.0159021
0.0159021
0.0159021
0.0159021
0.0128166
0.00754149
0.00754149
0.00754149
0.00415961
0.00415961
0.0134801
0.0134801
0.00556913
0.00556913
0.00556913
0.00556913
0.00556913
0.00833486
0.00833486
0.00833486
0.00833486
0.00432236
0.00432236
0.00432236
0.00749882
0.00749882
0.00728633
0.00728633
0.00419988
0.00532802
0.00532802
0.00532802
0.00532802
0.0129839
0.0129839
0.0129839
0.0129839
0.0163945
0.0136497
0.0136497
0.0136497
0.0136497
0.0136497
0.0136497
0.0136497
0.0136497
0.0136497
0.0136497
0.00908319
0.0101071
0.00867053
0.00867053
0.00867053
0.00867053
0.00867053
0.00666762
0.0109422
0.0109422
0.0109422
0.0109422
0.0109422
0.0109422
0.00932937
0.00932937
0.00632633
0.00632633
0.00632633
0.00632633
0.00691488
0.000479272
0.000479272
0.000479272
0.000479272
0.000479272
0.0160091
0.0129028
0.0128887
0.0128749
0.0128749
0.00986326
0.0136787
0.0136787
0.0136787
0.0136787
0.0136787
0.0142096
0.0105429
0.0105429
0.0127432
0.0154502
0.0136108
0.0136108
0.00929473
0.00929473
0.00929473
0.00929473
0.00929473
0.0139721
0.0139721
0.0139721
0.00950424
0.00950424
0.00950424
0.00950424
0.00950424
0.00950424
0.0135736
0.0135736
0.0135736
0.0135736
0.0135736
0.0135736
0.0135736
0.0135736
0.0164317
0.0164317
0.0164317
0.0144755
0.0143786
0.0143786
0.0143786
0.0101781
0.0126159
0.0126159
0.0126159
0.0126159
0.0126159
0.0162612
0.0162612
0.0162612
0.0162612
0.0103515
0.0103515
0.0103515
0.0129411
0.00967361
0.00967361
0.00967361
0.00967361
0.00967361
0.00953613
0.00953613
0.00953613
0.00953613
0.00990626
0.0094282
0.0094282
0.0094282
0.0094282
0.0094282
0.0094282
0.0103133
0.0140314
0.0140314
0.0140314
0.0140314
0.0145759
0.0145759
0.0145759
0.00993228
0.0159099
0.0159099
0.0159099
0.0159099
0.0159099
0.0103758
0.0103758
0.0103758
0.0103758
0.0103758
0.0103758
0.0103758
0.0162273
0.0162273
0.0162273
0.0160225
0.0160225
0.014115
0.0134333
0.0134333
0.0131601
0.0131601
0.0131601
0.0131601
0.0103814
0.0103814
0.0103814
0.0103814
0.0103814
0.0136123
0.00963567
0.00963567
0.0129005
0.0129005
0.0129005
0.0129005
0.0129005
0.0129005
0.0129005
0.0125313
0.0125313
0.0125313
0.0146036
0.0103421
0.0103421
0.0103421
0.0135482
0.00959025
0.0126336
0.0126336
0.0126336
0.0126336
0.0126336
0.0126336
0.0135174
0.00956851
0.0162556
0.0162556
0.0162556
0.0187467
0.0187467
0.0125005
0.0125005
0.0125005
0.0125005
0.0125005
0.00864149
0.00864149
0.00975334
0.00975334
0.0145768
0.00697659
0.00697659
0.00697659
0.00697659
0.00697659
0.00697659
0.0106513
0.0106513
0.0106513
0.0106513
0.0106513
0.0106513
0.0146
0.0069877
0.0069877
0.0069877
0.0069877
0.0069877
0.0103348
0.0103348
0.0108463
0.0108463
0.0133334
0.0094382
0.00999883
0.00999883
0.00999883
0.00999883
0.00999883
0.0158986
0.0158986
0.0158986
0.0158986
0.0158986
0.0158986
0.0158986
0.0128138
0.00639571
0.00639571
0.00639571
0.00639571
0.0124595
0.0124595
0.0124595
0.00406042
0.00388542
0.00388542
0.00388542
0.00388542
0.00388542
0.0156167
0.0156167
0.0156167
0.0156167
0.0156167
0.0104134
0.00728207
0.00795953
0.00795953
0.0144193
0.0144193
0.0144193
0.0144193
0.00586774
0.00586774
0.00586774
0.00586774
0.00586774
0.00586774
0.00797516
0.0134887
0.0134887
0.0134887
0.0134887
0.0134887
0.0134887
0.0134887
0.0134887
0.0134887
0.0134887
0.00431071
0.00431071
0.00431071
0.00431071
0.00431071
0.00747861
0.013163
0.013163
0.013163
0.00931759
0.0137243
0.0137243
0.0137243
0.0137243
0.0137243
0.0101583
0.0101583
0.0101583
0.0101583
0.0101583
0.0101583
0.0142543
0.0108559
0.0108559
0.0108559
0.0108559
0.0108559
0.0108559
0.0108559
0.0108559
0.0156122
0.0156122
0.0156122
0.00968958
0.0127106
0.00601399
0.00601399
0.00601399
0.00601399
0.015838
0.015838
0.015838
0.015838
0.015838
0.015838
0.00648465
0.00666033
0.0128227
0.0143192
0.00679806
0.00679806
0.00679806
0.00679806
0.00679806
0.00679806
0.00679806
0.00679806
0.00613763
0.00613763
0.00613763
0.0134622
0.0134622
0.0163146
0.0163146
0.0163146
0.0131491
0.0141906
0.0141906
0.0141906
0.0141906
0.0110259
0.0110259
0.0110259
0.0141076
0.0065903
0.0065903
0.0065903
0.0065903
0.0139011
0.0139011
0.0139011
0.0186294
0.0186294
0.0186294
0.0186294
0.0186294
0.0186294
0.0186294
0.0186294
0.0186294
0.0155105
0.0162052
0.014276
0.014276
0.014276
0.015669
0.015669
0.015669
0.0133176
0.0133176
0.0133176
0.00740565
0.00740565
0.00740565
0.00740565
0.00740565
0.012848
0.012848
0.012848
0.0130005
0.0130005
0.0130005
0.0130005
0.0130005
0.00751345
0.00751345
0.00751345
0.00821243
0.00821243
0.00821243
0.00821243
0.00821243
0.00821243
0.00811489
0.00811489
0.00811489
0.00811489
0.00811489
0.0074242
0.0074242
0.00714234
0.00714234
0.00714234
0.00714234
0.00590914
0.00902053
0.0152567
0.0152567
0.0152567
0.0152567
0.0152567
0.0152567
0.0152567
0.0152567
0.0152567
0.0152567
0.00637498
0.00637498
0.00637498
0.00637498
0.00637498
0.00637498
0.00637498
0.00985207
0.0141505
0.0141505
0.0141505
0.0141505
0.00614488
0.00614488
0.0136876
0.0136876
0.0136876
0.00959419
0.00959419
0.00959419
0.00959419
0.00918978
0.00918978
0.00918978
0.00918978
0.00918978
0.00906434
0.00906434
0.00906434
0.00906434
0.0103278
0.0103278
0.0103278
0.0103278
0.0103278
0.0103278
0.00875741
0.0136943
0.0136943
0.0136943
0.0136943
0.0136943
0.0136943
0.0136943
0.0136943
0.0145996
0.0145996
0.0145996
0.0145996
0.00629744
0.0131634
0.0131634
0.0131634
0.0131634
0.0131634
0.0131634
0.0131429
0.0131429
0.0131429
0.0131429
0.0131429
0.0131429
0.0131429
0.00782463
0.00782463
0.00782463
0.00782463
0.00782463
0.00782463
0.00782463
0.00715865
0.0124052
0.0124052
0.0124052
0.0124052
0.0134143
0.0134143
0.0134143
0.016657
0.016657
0.0134251
0.0166843
0.00731246
0.00731246
0.00731246
0.00799274
0.00799274
0.0131979
0.0158713
0.0158713
0.0158713
0.0158713
0.0158713
0.0158713
0.0158713
0.0158713
0.0158713
0.0132141
0.0158556
0.0158556
0.0158556
0.0158556
0.0127791
0.00711409
0.00711409
0.00711409
0.00547826
0.00547826
0.00711409
0.0129057
0.0170145
0.0105892
0.0105892
0.0105892
0.0105892
0.0105892
0.0105892
0.00945189
0.00945189
0.00945189
0.0110269
0.0110269
0.0110269
0.0136085
0.0136085
0.0136085
0.0136085
0.0136085
0.0144549
0.0144549
0.00902496
0.00902496
0.0109598
0.0109598
0.0109598
0.0109598
0.00441077
0.00441077
0.00441077
0.0126796
0.0126796
0.0126796
0.0126796
0.0126796
0.0126796
0.0126796
0.00754853
0.00619578
0.00619578
0.00929167
0.00929167
0.00929167
0.0129247
0.0129247
0.0129247
0.0129247
0.0129247
0.0129247
0.0134521
0.0134521
0.0134521
0.0134521
0.0130765
0.0130765
0.0131385
0.0131385
0.0131385
0.0131385
0.0131385
0.0137657
0.0137657
0.0137657
0.0137657
0.0137657
0.0137657
0.00992334
0.00992334
0.00992334
0.00907784
0.00907784
0.00907784
0.0101575
0.016589
0.014614
0.014614
0.014614
0.014614
0.014614
0.0140633
0.00673081
0.00673081
0.00673081
0.00673081
0.00673081
0.00995489
0.00995489
0.0134567
0.0134567
0.00750862
0.0184359
0.0184359
0.0184359
0.0184359
0.0184359
0.0184359
0.0184359
0.0184359
0.0184359
0.0153494
0.00963065
0.00963065
0.00963065
0.00963065
0.00963065
0.0072519
0.0072519
0.0072519
0.00599978
0.00599978
0.0087851
0.0137376
0.0137376
0.0137376
0.0137376
0.0137376
0.0137376
0.0137376
0.0137376
0.0131303
0.0131303
0.0131303
0.00728836
0.00558352
0.00558352
0.00558352
0.00558352
0.00515917
0.00705541
0.00705541
0.00705541
0.00705541
0.00705541
0.00705541
0.00515917
0.00932382
0.00932382
0.00932382
0.00932382
0.013152
0.013152
0.013152
0.013152
0.013152
0.0142043
0.00679828
0.00679828
0.00679828
0.00679828
0.0100547
0.00952203
0.00952203
0.00952203
0.00952203
0.00427697
0.00427697
0.00427697
0.00427697
0.00427697
0.00427697
0.00742008
0.0136632
0.0136632
0.0140626
0.0140626
0.0140626
0.0140626
0.0140626
0.0107732
0.0107732
0.00995444
0.0107408
0.0107408
0.0107408
0.0107408
0.0107408
0.0107408
0.0107408
0.0166826
0.013224
0.0063291
0.00936076
0.000439141
0.000439141
0.000323851
0.000323851
0.000422734
0.000401634
0.000242862
0.000235878
0.0144775
0.0144775
0.0144775
0.0144775
0.0138458
0.0138458
0.0138458
0.0138458
0.0138458
0.00639166
0.00639166
0.00639166
0.00639166
0.00639166
0.00945329
0.00729885
0.00729885
0.00729885
0.0042071
0.0042071
0.00729885
0.00740608
0.00740608
0.00809507
0.00809507
0.00809507
0.00740608
0.0139843
0.0139843
0.0139843
0.0139843
0.00635292
0.0140156
0.00409901
0.00409901
0.00409901
0.00409901
0.0165431
0.0165431
0.0165431
0.0165431
0.0165431
0.0165431
0.0165431
0.0165431
0.0165431
0.0165431
0.0137735
0.0132436
0.0132436
0.00732207
0.00732207
0.00800325
0.00800325
0.00800325
0.013974
0.013974
0.013057
0.013057
0.013057
0.013057
0.0105235
0.00112999
0.00112999
0.00112999
0.00112999
0.00103381
0.00112999
0.00112999
0.00141097
0.000604291
0.000570212
0.0159788
0.0159788
0.0159788
0.0159788
0.0159788
0.0159788
0.0159788
0.0159788
0.0159788
0.0159788
0.0160674
0.0160674
0.0141545
0.0125366
0.0125366
0.0125366
0.0125366
0.0142843
0.0068366
0.0068366
0.0068366
0.0068366
0.0068366
0.0068366
0.0101114
0.014245
0.0130544
0.0130544
0.0109305
0.0135366
0.00958207
0.0145131
0.00694609
0.00694609
0.00694609
0.00694609
0.0102733
0.0135111
0.0135111
0.0154273
0.0154273
0.0154273
0.0154273
0.0154273
0.0124339
0.0103149
0.00923846
0.00955995
0.00955995
0.00955995
0.00955995
0.0103168
0.0103168
0.0103168
0.013214
0.013214
0.013214
0.013214
0.013214
0.013214
0.0127375
0.0127375
0.0127375
0.0127375
0.0109329
0.0109329
0.0109329
0.0109329
0.0109329
0.0109329
0.0109329
0.01256
0.01256
0.01256
0.01256
0.00980673
0.00839721
0.013131
0.013131
0.013131
0.013131
0.013131
0.013131
0.013131
0.013131
0.0135437
0.0133618
0.0133618
0.0133618
0.0133618
0.0133618
0.013837
0.013837
0.013837
0.013837
0.013837
0.013837
0.0125047
0.0159585
0.0159585
0.0159585
0.0159585
0.0159585
0.0159585
0.0159585
0.0159585
0.0159585
0.00954671
0.00954671
0.00954671
0.00954671
0.00954671
0.0137538
0.0137538
0.0140434
0.0140434
0.0140434
0.0140434
0.0140434
0.00783596
0.0139699
0.0139699
0.0139699
0.0139699
0.0139699
0.00988879
0.00636091
0.00636091
0.0138749
0.0138749
0.0129702
0.0129702
0.0129702
0.0129702
0.0129702
0.0106468
0.0106468
0.0106468
0.0106468
0.0106468
0.0106468
0.0131978
0.0131978
0.0131978
0.0131978
0.0131978
0.0131978
0.0140013
0.0140013
0.0140013
0.0140013
0.0140013
0.00781249
0.0135465
0.0135465
0.0135465
0.0135465
0.0135465
0.0135465
0.000873257
0.0101484
0.008706
0.0066949
0.0066949
0.0066949
0.0066949
0.0066949
0.0140679
0.0128985
0.0128985
0.0128985
0.0141474
0.00677105
0.00677105
0.00677105
0.00928904
0.0132949
0.0132949
0.0132949
0.0109796
0.0109796
0.0109796
0.0109796
0.0109796
0.0109796
0.0127113
0.0127113
0.000717934
0.000717934
0.000362282
0.00650114
0.00650114
0.00715859
0.00715859
0.00715859
0.00715859
0.00782457
0.0128514
0.0128514
0.00758791
0.00715999
0.0141889
0.0141889
0.00709183
0.00709183
0.00775159
0.00775159
0.00775159
0.0139659
0.0139659
0.0139659
0.0139659
0.0139659
0.0139659
0.014508
0.0146444
0.0146444
0.0146444
0.0146444
0.00961776
0.00961776
0.00961776
0.00961776
0.00961776
0.00961776
0.00961776
0.0138434
0.00979926
0.00979926
0.0109811
0.0109811
0.0109811
0.0109811
0.0109811
0.0109811
0.0141818
0.0100388
0.0124435
0.0124435
0.0124852
0.0124852
0.0109561
0.0109561
0.0109561
0.0109561
0.0109561
0.0108443
0.0108443
0.0108443
0.0108443
0.0108443
0.0108443
0.0108443
0.0136073
0.0136073
0.0136073
0.0136073
0.0136073
0.0136073
0.00951177
0.00951177
0.00951177
0.0070894
0.0070894
0.0070894
0.0070894
0.00545926
0.00545926
0.00545926
0.0070894
0.0070894
0.01071
0.01071
0.01071
0.01071
0.01071
0.00954552
0.00954552
0.00954552
0.00954552
0.00954552
0.00954552
0.00726828
0.00726828
0.00726828
0.00726828
0.00726828
0.00726828
0.00726828
0.00651689
0.00464802
0.00541811
0.00405557
0.015697
0.015697
0.015697
0.015697
0.015697
0.015697
0.015697
0.015697
0.0128131
0.0128131
0.0128131
0.0128131
0.0129518
0.0129518
0.0128261
0.0128261
0.0128261
0.0128261
0.00712247
0.00712247
0.00712247
0.00410543
0.00712247
0.00712247
0.00712247
0.0160066
0.00655367
0.00655367
0.00655367
0.00655367
0.00655367
0.00655367
0.00655367
0.0101885
0.00959819
0.00959819
0.00788281
0.0100002
0.0127327
0.0127327
0.0127327
0.0127327
0.0127327
0.0132548
0.00938257
0.0104602
0.0104602
0.0104602
0.0104602
0.0104602
0.0104602
0.00756269
0.00756269
0.00756269
0.00756269
0.00582372
0.0103823
0.0103823
0.0103823
0.0103823
0.0103823
0.0103823
0.0175409
0.0146042
0.0146042
0.0146042
0.0146042
0.0146042
0.0146042
0.0146042
0.0146042
0.0133139
0.0133139
0.0133139
0.0133139
0.00431304
0.00431304
0.00748265
0.00748265
0.00756447
0.00625839
0.00625839
0.00417228
0.00417228
0.00756447
0.00756447
0.00756447
0.000186124
0.000291049
0.000291049
0.000291049
0.000291049
0.000291049
0.000291049
0.000291049
0.000291049
0.0133425
0.0133425
0.0133425
0.0133425
0.0133425
0.0133425
0.0133425
0.00708446
0.00708446
0.00708446
0.00708446
0.00774354
0.00708446
0.013149
0.013149
0.013149
0.013149
0.0117131
0.0144021
0.0144021
0.0100981
0.0100981
0.0100981
0.0100981
0.0100981
