0.00748964
0.00748964
0.00833247
0.00833247
0.00833247
0.00828258
0.00828258
0.00828258
0.00828258
0.00828258
0.00828258
0.00790556
0.00790556
0.00790556
0.00790556
0.00790556
0.00790556
0.0130289
0.0130289
0.0130289
0.0130289
0.0130289
0.0130289
0.0130289
0.0141304
0.0141304
0.0141304
0.0141304
0.0141304
0.0141304
0.0141304
0.0132719
0.0132719
0.0132719
0.0132719
0.00793527
0.00877107
0.00877107
0.00877107
0.00877107
0.00877107
0.00877107
0.00877107
0.00877107
0.00877107
0.0139028
0.0139028
0.0139028
0.0139028
0.0191671
0.0191671
0.0191671
0.0191671
0.0191671
0.0191671
0.0191671
0.0191671
0.0191671
0.0191671
0.0100236
0.0100236
0.0100236
0.0105805
0.0105805
0.0105805
0.0107021
0.0107021
0.0107021
0.0107021
0.0107021
0.0107021
0.0107021
0.00896493
0.00896493
0.00896493
0.00883219
0.00883219
0.00883219
0.00883219
0.00883219
0.00883219
0.00883219
0.00883219
0.00883219
0.0108869
0.0108869
0.0108869
0.0108869
0.00972569
0.00972569
0.00972569
0.00972569
0.00972569
0.00972569
0.00972569
0.00106235
0.00109081
0.00109081
0.00109081
0.00109081
0.00109081
0.0108638
0.0108638
0.0108638
0.0108638
0.0108638
0.0108638
0.00208623
0.00790686
0.00790686
0.00790686
0.00816569
0.00816569
0.00816569
0.00800775
0.00800775
0.00800775
0.00800775
0.00800775
0.00800775
0.00800775
0.00800775
0.00800775
0.00648016
0.00648016
0.00834013
0.00834013
0.00834013
0.00834013
0.00834013
0.0132503
0.0132503
0.0132503
0.0132503
0.00878164
0.00878164
0.00878164
0.00878164
0.00878164
0.00878164
0.00878164
0.0144898
0.0144898
0.0144898
0.0105996
0.0094885
0.0094885
0.0094885
0.00722519
0.00722519
0.0111317
0.0111317
0.0111317
0.0111317
0.0111317
0.0111317
0.0102697
0.00849604
0.00849604
0.00849604
0.00849604
0.00849604
0.00937934
0.00937934
0.00777803
0.00777803
0.00777803
0.00777803
0.00777803
0.00777803
0.00777803
0.00777803
0.00777803
0.00777803
0.00777803
0.00849132
0.00849132
0.00849132
0.00849132
0.00849132
0.00849132
0.00849132
0.00849132
0.00849132
0.010303
0.0106102
0.0106102
0.0106102
0.0106102
0.0106102
0.0106102
0.00846286
0.00846286
0.00846286
0.00846286
0.00846286
0.00846286
0.00846286
0.00818735
0.00818735
0.00818735
0.0151249
0.0151249
0.0151249
0.0151249
0.0151249
0.0142875
0.0142875
0.0142875
0.0142875
0.00970663
0.00970663
0.00970663
0.00970663
0.00970663
0.00970663
0.0105798
0.0105798
0.0146796
0.0146796
0.0146796
0.0146796
0.0146796
0.0146796
0.00799736
0.00799736
0.00799736
0.00799736
0.00799736
0.00799736
0.00799736
0.00799736
0.00799736
0.0105049
0.0105049
0.0105049
0.0105049
0.0105049
0.0132489
0.0132489
0.0132489
0.0132489
0.0130219
0.0130219
0.0130219
0.0150842
0.0150842
0.0150842
0.0150842
0.0150842
0.0150842
0.0150842
0.0103525
0.0103525
0.0103525
0.0103525
0.0154781
0.0154781
0.0154781
0.0154781
0.0155714
0.0155714
0.00938262
0.0079096
0.0079096
0.0079096
0.0079096
0.0079096
0.00714201
0.00714201
0.00822469
0.00822469
0.00822469
0.00822469
0.00822469
0.00822469
0.00822469
0.00822469
0.00875455
0.00875455
0.00875455
0.00875455
0.00807119
0.00807119
0.00807119
0.00807119
0.00807119
0.00807119
0.00807119
0.00807119
0.00807119
0.0100765
0.0100765
0.0100765
0.00817146
0.00817146
0.00817146
0.00817146
0.00817146
0.00817146
0.00817146
0.00817146
0.0110933
0.00826072
0.00826072
0.00826072
0.00826072
0.00826072
0.0107447
0.0107447
0.0107447
0.0107447
0.01016
0.00792134
0.00792134
0.00792134
0.00980922
0.00980922
0.00980922
0.0102027
0.0102027
0.0102027
0.0102027
0.0102027
0.0102027
0.00791442
0.00791442
0.00791442
0.00791442
0.00791442
0.00791442
0.0153257
0.0105495
0.00923842
0.00923842
0.0104388
0.0104388
0.0104388
0.0104388
0.0104388
0.0137903
0.0132362
0.0132362
0.0132362
0.0132362
0.00969016
0.00969016
0.00969016
0.00969016
0.00969016
0.00969016
0.00926329
0.00926329
0.00985853
0.00934523
0.00934523
0.00915944
0.00930251
0.00930251
0.00930251
0.00930251
0.01415
0.01415
0.01415
0.00844163
0.00844163
0.00844163
0.00782548
0.00782548
0.00782548
0.00782548
0.00782548
0.00782548
0.00862148
0.00862148
0.00862148
0.0156414
0.0156414
0.0156414
0.0156414
0.00965696
0.00965696
0.00965696
0.00965696
0.00965696
0.00965696
0.00841829
0.00841829
0.00841829
0.00841829
0.00841829
0.0139253
0.0139253
0.0139253
0.0139253
0.0139253
0.00904695
0.00904695
0.00904695
0.00904695
0.0149732
0.0149732
0.0149732
0.0149732
0.0149732
0.0149732
0.0149732
0.00706731
0.00706731
0.00706731
0.00706731
0.00706731
0.00706731
0.00721354
0.00721354
0.00721354
0.00721354
0.00603359
0.00832005
0.00832005
0.00832005
0.00832005
0.00832005
0.00832005
0.00832005
0.013692
0.013692
0.013692
0.013692
0.013692
0.00894445
0.00894445
0.00894445
0.0138021
0.0138021
0.0138021
0.0138021
0.0138021
0.00865186
0.00865186
0.00865186
0.00865186
0.0091617
0.0091617
0.00951903
0.00951903
0.00951903
0.00211629
0.00977121
0.00977121
0.00977121
0.0066462
0.0066462
0.0066462
0.010187
0.010187
0.010187
0.010187
0.010187
0.010187
0.010187
0.0107284
0.00891625
0.00891625
0.00891625
0.00891625
0.00891625
0.00891625
0.00891625
0.00706582
0.0145931
0.0145931
0.0145931
0.0145931
0.0145931
0.0145931
0.0101877
0.0101877
0.0101877
0.0101877
0.0106897
0.0106897
0.0106897
0.00727092
0.00727092
0.00727092
0.0106123
0.0106123
0.0106123
0.0106123
0.0106123
0.0106123
0.0106123
0.0106123
0.0106123
0.0108538
0.0108538
0.0108538
0.0108538
0.0108538
0.0108538
0.0108538
0.0108538
0.0108538
0.00867845
0.00867845
0.0094519
0.0094519
0.0094519
0.0094519
0.0094519
0.0094519
0.0094519
0.0094519
0.0094519
0.0083484
0.0083484
0.0083484
0.0100564
0.00941365
0.00941365
0.00941365
0.00830477
0.00830477
0.00830477
0.00872431
0.0108902
0.0108902
0.0108902
0.0108902
0.0108902
0.0108902
0.00880621
0.00880621
0.00880621
0.00880621
0.00880621
0.00880621
0.00880621
0.00880621
0.00880621
0.0191144
0.0191144
0.0102815
0.0102815
0.0102815
0.0102815
0.0102815
0.0105004
0.0105004
0.00676468
0.00767462
0.00767462
0.00767462
0.00838033
0.00838033
0.00838033
0.00838033
0.00838033
0.00838033
0.00838033
0.0144388
0.0144388
0.0144388
0.0144388
0.0107891
0.0107891
0.0107891
0.0107891
0.0107891
0.0107891
0.00986667
0.00986667
0.00986667
0.00986667
0.00986667
0.00986667
0.0107595
0.0106682
0.0106682
0.0105026
0.0105026
0.013691
0.013691
0.013691
0.013691
0.00782373
0.00782373
0.00782373
0.00782373
0.00782373
0.0110206
0.0110206
0.0110206
0.0110206
0.0110647
0.0110647
0.0110647
0.0110647
0.0141424
0.0141424
0.0141424
0.0141424
0.0141424
0.00740048
0.00740048
0.00740048
0.00740048
0.00740048
0.0103525
0.00704158
0.00704158
0.00704158
0.00825347
0.00825347
0.00825347
0.00825347
0.00825347
0.0154975
0.0154975
0.0154975
0.0154975
0.0154975
0.00747909
0.00747909
0.00747909
0.00979333
0.00979333
0.0154894
0.0154894
0.0154894
0.0154894
0.00852042
0.00852042
0.00852042
0.0101241
0.0101241
0.00688622
0.00896757
0.00896757
0.00896757
0.00896757
0.00958165
0.00958165
0.00958165
0.00958165
0.00958165
0.00958165
0.0136696
0.0136696
0.0136696
0.0136696
0.0133907
0.0133907
0.0133907
0.0133907
0.00842785
0.00842785
0.00842785
0.00842785
0.00842785
0.0104527
0.0138687
0.0138687
0.0101449
0.0101449
0.0101449
0.0101449
0.00917101
0.00917101
0.00795948
0.00795948
0.00795948
0.00795948
0.00795948
0.00795948
0.00795948
0.00795948
0.00795948
0.00795948
0.0102573
0.0102573
0.0102573
0.0102573
0.0102573
0.0102573
0.0102573
0.008565
0.008565
0.008565
0.008565
0.00841454
0.00841454
0.00841454
0.00841454
0.00841454
0.0101879
0.0101879
0.0101879
0.00864574
0.0134937
0.0134937
0.0134937
0.0134937
0.0024678
0.00961012
0.00961012
0.00894321
0.00894321
0.00894321
0.00894321
0.00894321
0.00894321
0.00894321
0.00894321
0.00894321
0.00894321
0.00894321
0.0082979
0.0082979
0.0082979
0.0082979
0.0205766
0.0205766
0.0205766
0.0205766
0.0205766
0.0205766
0.0205766
0.0205766
0.0205766
0.0205766
0.00934977
0.00934977
0.00934977
0.00934977
0.00934977
0.00934977
0.00969893
0.00969893
0.00969893
0.00969893
0.0100849
0.0100849
0.0100849
0.0100849
0.0100849
0.00953865
0.00953865
0.00953865
0.00953865
0.00851774
0.00851774
0.00851774
0.00851774
0.00851774
0.00873792
0.00873792
0.00873792
0.00873792
0.00735789
0.00754468
0.00754468
0.00136509
0.0129814
0.00972735
0.00972735
0.00972735
0.00972735
0.00972735
0.00972735
0.00945378
0.00945378
0.00945378
0.00945378
0.00828777
0.00828777
0.00828777
0.00828777
0.00828777
0.00828777
0.00828777
0.00847588
0.00847588
0.00847588
0.00847588
0.00847588
0.00847588
0.00847588
0.00847588
0.00847588
0.00949129
0.00889415
0.00969695
0.00969695
0.00659568
0.00927854
0.00927854
0.00927854
0.0081576
0.0081576
0.0081576
0.00977869
0.00977869
0.00977869
0.00977869
0.00977869
0.00977869
0.00977869
0.00977869
0.0105075
0.00899418
0.00899418
0.00899418
0.00899418
0.00881036
0.00881036
0.00881036
0.00881036
0.00881036
0.00881036
0.00881036
0.00776955
0.00776955
0.00776955
0.00776955
0.00982491
0.00982491
0.00982491
0.00982491
0.00982491
0.00982491
0.00982491
0.00982491
0.0154669
0.0154669
0.0154669
0.0145489
0.0145489
0.0145489
0.0145489
0.0145489
0.0080341
0.0080341
0.0080341
0.0080341
0.00702396
0.00825978
0.00825978
0.00825978
0.00825978
0.00825978
0.0093635
0.0093635
0.0093635
0.00708557
0.00708557
0.00708557
0.009664
0.009664
0.009664
0.00842999
0.00842999
0.00842999
0.00842999
0.00842999
0.00842999
0.0154196
0.0154196
0.00940647
0.00940647
0.00940647
0.00940647
0.00940647
0.00940647
0.00940647
0.00940647
0.00940647
0.0106921
0.00823405
0.00823405
0.0104071
0.00784529
0.00784529
0.00784529
0.010514
0.0083682
0.0083682
0.0083682
0.0083682
0.0083682
0.00897383
0.00897383
0.00897383
0.00897383
0.00897383
0.00897383
0.00897383
0.00793168
0.00793168
0.00793168
0.00793168
0.00793168
0.0137077
0.0137077
0.0137077
0.0137077
0.0137077
0.0109218
0.0109218
0.0109218
0.00818313
0.00796485
0.00796485
0.00796485
0.00796485
0.00796485
0.00796485
0.0103061
0.0103061
0.0103061
0.0103061
0.0103061
0.0103061
0.00936203
0.00936203
0.00936203
0.00936203
0.00936203
0.00936203
0.0151541
0.0151541
0.0151541
0.0151541
0.0104463
0.0100837
0.0100837
0.0100837
0.0100837
0.0100837
0.00869832
0.00869832
0.00869832
0.00869832
0.00869832
0.00869832
0.00869832
0.00869832
0.00869832
0.00869832
0.0106705
0.0106705
0.0106705
0.0106705
0.010968
0.010968
0.010968
0.010968
0.010968
0.010968
0.010968
0.00839841
0.00839841
0.00839841
0.00839841
0.00839841
0.00839841
0.00839841
0.00839841
0.0146728
0.0146728
0.0146728
0.0146728
0.0146728
0.010637
0.010637
0.010637
0.0024782
0.0024782
0.00328744
0.00821495
0.0101731
0.0106151
0.0106151
0.0106151
0.0106151
0.0106151
0.0133538
0.0108489
0.0108489
0.0108489
0.0108489
0.0136283
0.0136283
0.0136283
0.0136283
0.00835686
0.00835686
0.00835686
0.00835686
0.0103139
0.0103139
0.0103139
0.0103139
0.0103139
0.0103139
0.0108462
0.0108462
0.0108462
0.0108462
0.0108462
0.0108462
0.0148874
0.0148874
0.0148874
0.0148874
0.0148874
0.007872
0.007872
0.007872
0.007872
0.007872
0.007872
0.007872
0.0100255
0.0100255
0.0100255
0.0100255
0.0100255
0.015512
0.00827088
0.00827088
0.00827088
0.00827088
0.00827088
0.00827088
0.00827088
0.00827088
0.00827088
0.0084568
0.0084568
0.0084568
0.0084568
0.0084568
0.0084568
0.0084568
0.0084568
0.0084568
0.0084568
0.0084568
0.0130562
0.0130562
0.0130562
0.0130562
0.00851203
0.00851203
0.00851203
0.00851203
0.00851203
0.00851203
0.00851203
0.0111016
0.0111016
0.0111016
0.00988242
0.00988242
0.00988242
0.00988242
0.00988242
0.00988242
0.00988242
0.00988242
0.0147524
0.0147524
0.0147524
0.0147524
0.0147524
0.0147524
0.0147524
0.00843786
0.00843786
0.00843786
0.0183836
0.0183836
0.0183836
0.0183836
0.0183836
0.0183836
0.0183836
0.0183836
0.0183836
0.0183836
0.00844291
0.00844291
0.00844291
0.0085327
0.0085327
0.00730671
0.00779373
0.00779373
0.00779373
0.00779373
0.0153666
0.0153666
0.0153666
0.0153666
0.0093842
0.0093842
0.0093842
0.0093842
0.0093842
0.0093842
0.0093842
0.0093842
0.0093842
0.0093842
0.00935225
0.00935225
0.0101255
0.015304
0.0144931
0.0144931
0.00125002
0.00125002
0.00125002
0.00946574
0.00946574
0.00946574
0.00787625
0.011036
0.011036
0.011036
0.00754719
0.00852066
0.00852066
0.00852066
0.00852066
0.00852066
0.00852066
0.00804009
0.00804009
0.00804009
0.00804009
0.00892963
0.00892963
0.00892963
0.00892963
0.00892963
0.00892963
0.00892963
0.0151849
0.00994063
0.00994063
0.00994063
0.00994063
0.00994063
0.00994063
0.00830607
0.00830607
0.00830607
0.00830607
0.00830607
0.00830607
0.00830607
0.00830607
0.00830607
0.00830607
0.00830607
0.0108176
0.0108176
0.0108176
0.0108176
0.0108176
0.0151401
0.00987341
0.00987341
0.00987341
0.00987341
0.00893874
0.00893874
0.00893874
0.00893874
0.00893874
0.00893874
0.00893874
0.00893874
0.00893874
0.0107256
0.0107256
0.0107256
0.0107256
0.0107256
0.00855855
0.00855855
0.00855855
0.00855855
0.0144608
0.0144608
0.0144608
0.0101232
0.0101232
0.0101232
0.0151699
0.00761556
0.00761556
0.00761556
0.00761556
0.00761556
0.013547
0.013547
0.013547
0.0105453
0.0105453
0.0105453
0.0105453
0.0105453
0.0105453
0.0106474
0.0106474
0.0131313
0.010435
0.010435
0.010435
0.00784551
0.00784551
0.0104074
0.0143534
0.0109967
0.0109967
0.0109967
0.0109967
0.0109967
0.0109967
0.0109967
0.00791218
0.00791218
0.00791218
0.00791218
0.00791218
0.00791218
0.0103836
0.0107885
0.0107885
0.00931519
0.0104421
0.0104421
0.0104421
0.0104822
0.00807241
0.01068
0.01068
0.01068
0.01068
0.01068
0.0154432
0.00813118
0.00813118
0.00813118
0.00813118
0.00813118
0.00813118
0.00813118
0.00813118
0.00813118
0.00813118
0.00813118
0.00778101
0.00778101
0.00778101
0.00778101
0.00778101
0.00778101
0.00778101
0.00778101
0.0103751
0.0103751
0.0148924
0.0109041
0.0109041
0.0109041
0.0109041
0.0109041
0.00790711
0.00790711
0.00790711
0.00790711
0.00742117
0.00742117
0.0102341
0.0102341
0.0102341
0.0102341
0.0102341
0.0102341
0.015067
0.015067
0.015067
0.00890169
0.00890169
0.00890169
0.0105446
0.0105446
0.0105446
0.0112654
0.0112654
0.00985596
0.00362545
0.00362545
0.00362545
0.0081089
0.0081089
0.0081089
0.0081089
0.0081089
0.00816094
0.00816094
0.00816094
0.00816094
0.00816094
0.00797995
0.00797995
0.00797995
0.00797995
0.00797995
0.00797995
0.00797995
0.00797995
0.00797995
0.00807351
0.00807351
0.00807351
0.00807351
0.00807351
0.00807351
0.00807351
0.00807351
0.00807351
0.00807351
0.0177634
0.0177634
0.0177634
0.0177634
0.0177634
0.0177634
0.0177634
0.0177634
0.0177634
0.0177634
0.0136356
0.0134712
0.0134712
0.0134712
0.0134712
0.015552
0.015552
0.015552
0.015552
0.015552
0.00787696
0.00787696
0.00787696
0.0134441
0.0134441
0.0134441
0.0134441
0.00868212
0.00868212
0.00918973
0.00918973
0.00918973
0.00918973
0.00780155
0.00780155
0.00780155
0.00780155
0.0109353
0.0109353
0.00778099
0.00778099
0.00778099
0.00778099
0.00778099
0.00778099
0.00778099
0.00810942
0.00810942
0.00810942
0.00810942
0.00820418
0.00820418
0.00820418
0.00820418
0.00820418
0.00820418
0.00820418
0.00820418
0.00820418
0.00820418
0.0108605
0.0108605
0.0108605
0.0108605
0.0105168
0.0105168
0.0105168
0.0105168
0.00845356
0.00845356
0.00845356
0.0198861
0.0198861
0.0138169
0.0138169
0.0138169
0.0138169
0.00991056
0.00723964
0.00847569
0.00847569
0.00847569
0.00847569
0.00847569
0.00844036
0.00844036
0.00844036
0.00844036
0.00844036
0.0143581
0.0143581
0.0143581
0.0143581
0.00813509
0.00813509
0.00813509
0.00813509
0.00813509
0.0102417
0.00696621
0.00715667
0.00715667
0.00715667
0.00460233
0.0131921
0.0131921
0.0131921
0.0131921
0.0081154
0.0081154
0.0081154
0.00347425
0.0079073
0.0104178
0.00708599
0.00836576
0.00836576
0.00836576
0.00836576
0.0185787
0.00668609
0.00812788
0.00812788
0.00812788
0.00812788
0.00812788
0.00812788
0.00812788
0.00812788
0.00812788
0.0134497
0.0134497
0.0134497
0.0134497
0.0145771
0.0145771
0.0145771
0.0133613
0.0133613
0.0133613
0.0133613
0.0133613
0.0145721
0.0145721
0.0145721
0.0145721
0.00995706
0.00995706
0.00995706
0.00995706
0.010382
0.010382
0.010382
0.0144384
0.0144384
0.0104522
0.0104522
0.0104522
0.0104522
0.00867178
0.00867178
0.00867178
0.00867178
0.00867178
0.0130262
0.0130262
0.0130262
0.0130262
0.0134651
0.00897024
0.00937163
0.00937163
0.00937163
0.00937163
0.00937163
0.00937163
0.00937163
0.00937163
0.00937163
0.0079696
0.0079696
0.00987817
0.00987817
0.00987817
0.00987817
0.0101428
0.00760721
0.0101845
0.0101845
0.0101845
0.0101845
0.00937813
0.00937813
0.00937813
0.00937813
0.00937813
0.00937813
0.00937813
0.00937813
0.00937813
0.00937813
0.00934736
0.00934736
0.00934736
0.00934736
0.00934736
0.00811449
0.00811449
0.00811449
0.00745055
0.0147736
0.0147736
0.0147736
0.0147736
0.00831399
0.00831399
0.00831399
0.00831399
0.00831399
0.00831399
0.00831399
0.00831399
0.00831399
0.00831399
0.00873906
0.00873906
0.00873906
0.00873906
0.0136218
0.0136218
0.0136218
0.0136218
0.0154486
0.0154486
0.0154486
0.00796922
0.00796922
0.00796922
0.00796922
0.00796922
0.00679372
0.0102596
0.0102596
0.0079227
0.0079227
0.0079227
0.0079227
0.0147453
0.0147453
0.0147453
0.00874454
0.00874454
0.00874454
0.00874454
0.00874454
0.0135308
0.00976302
0.0136106
0.00852058
0.00852058
0.00852058
0.00852058
0.00803953
0.00803953
0.00840387
0.00960102
0.0107089
0.0131105
0.0131105
0.0131105
0.00999857
0.00999857
0.00999857
0.0147437
0.0147437
0.0147437
0.00856811
0.00856811
0.00856811
0.00856811
0.00856811
0.0140451
0.00709699
0.00709699
0.00709699
0.00709699
0.0121865
0.0121865
0.012252
0.0085219
0.0085219
0.0085219
0.0085219
0.00829689
0.01389
0.0101183
0.00850703
0.00850703
0.00850703
0.00850703
0.00778888
0.00778888
0.00778888
0.00778888
0.00789089
0.00789089
0.00858847
0.00858847
0.00858847
0.00858847
0.00858847
0.00858847
0.00858847
0.00858847
0.00858847
0.00858847
0.00839272
0.00877307
0.00877307
0.00877307
0.00776688
0.0081405
0.0081405
0.00748639
0.00748639
0.00748639
0.0112264
0.00913815
0.00913815
0.0143959
0.0105272
0.00878039
0.00878039
0.00878039
0.00878039
0.00878039
0.00878039
0.00878039
0.00878039
0.00961084
0.00961084
0.00986833
0.00480418
0.00493289
0.0050746
0.00493289
0.00493289
0.00493289
0.00493289
0.00480418
0.00326771
0.00369972
0.00369972
0.00369972
0.00369972
0.00369972
0.0102304
0.0102304
0.0102304
0.0102304
0.0102304
0.0102304
0.00904086
0.00904086
0.00904086
0.00904086
0.00904086
0.00904086
0.00803365
0.00803365
0.00803365
0.0106817
0.0106817
0.0109679
0.00987194
0.0135678
0.0135678
0.0135678
0.0135678
0.00884217
0.0129821
0.0129821
0.0129821
0.0129821
0.0141106
0.0141106
0.0141106
0.00814765
0.00814765
0.00814765
0.0180943
0.0105698
0.0105698
0.00982834
0.0083406
0.00864425
0.00864425
0.00937641
0.00937641
0.00937641
0.00937641
0.00937641
0.00713272
0.00713272
0.0107255
0.0107255
0.0107255
0.0107255
0.0110129
0.00825977
0.00810629
0.00810629
0.00810629
0.00810629
0.00798876
0.00798876
0.00798876
0.00798876
0.0143719
0.0143719
0.0143719
0.0143719
0.0143719
0.0143719
0.00821043
0.00821043
0.00855074
0.00855074
0.00853388
0.00853388
0.00853388
0.0136809
0.0136809
0.0136809
0.0136809
0.0136809
0.0136809
0.00955768
0.00811091
0.00981375
0.00981375
0.00981375
0.00981375
0.00803888
0.00803888
0.00803888
0.00803888
0.0103637
0.0103637
0.0103637
0.0106413
0.014901
0.0100257
0.0102943
0.00920526
0.00920526
0.00920526
0.00920526
0.00920526
0.0100489
0.0100489
0.0100489
0.0103181
0.0077387
0.00972664
0.0143968
0.0143968
0.0143968
0.0143968
0.0143968
0.0143968
0.0143968
0.0136436
0.0136436
0.0136436
0.0136436
0.010394
0.00860736
0.00860736
0.00860736
0.00860736
0.0145149
0.0145149
0.000426028
0.000426028
0.000426028
0.0084219
0.0084219
0.0084219
0.00836617
0.00836617
0.00836617
0.00836617
0.00836617
0.00836617
0.00836617
0.010337
0.010337
0.010337
0.010337
0.00847533
0.00847533
0.00847533
0.0106788
0.0106788
0.0106788
0.00738548
0.0108763
0.00857676
0.00857676
0.00857676
0.00857676
0.00857676
0.00787009
0.0110095
0.0110095
0.0113045
0.0102863
0.0102863
0.0102863
0.0102863
0.0102863
0.0102863
0.0102863
0.0079962
0.0079962
0.0079962
0.0079962
0.0079962
0.0079962
0.0079962
0.0079962
0.0079962
0.0079962
0.0079962
0.0033206
0.0033206
0.0033206
0.0033206
0.0033206
0.00913963
0.00913963
0.00913963
0.00913963
0.00913963
0.00913963
0.00913963
0.00913963
0.00913963
0.00913963
0.00913963
0.00817496
0.00817496
0.00817496
0.00817496
0.00817496
0.00817496
0.00817496
0.00817496
0.00817496
0.00817496
0.010974
0.010974
0.010974
0.011268
0.0157785
0.0107806
0.0073328
0.00830221
0.00830221
0.00830221
0.00830221
0.00830221
0.00858406
0.00858406
0.0143708
0.00834812
0.00834812
0.00834812
0.00834812
0.00834812
0.00834812
0.00834812
0.00834812
0.00834812
0.00834812
0.00834812
0.0103593
0.00897799
0.00633607
0.00633607
0.00917856
0.00778917
0.00709803
0.00709803
0.00709803
0.00709803
0.00709803
0.00466985
0.00798612
0.00798612
0.00798612
0.00798612
0.00798612
0.00876204
0.00876204
0.00876204
0.00876204
0.00876204
0.00876204
0.00876204
0.00876204
0.00876204
0.00876204
0.00876204
0.00781939
0.00781939
0.00781939
0.00781939
0.00785753
0.00785753
0.00785753
0.00785753
0.00785753
0.00785753
0.00785753
0.00785753
0.00785753
0.00832698
0.0184925
0.0184925
0.00795511
0.00795511
0.00795511
0.00795511
0.00795511
0.00795511
0.00795511
0.00795511
0.00795511
