0.00777825
0.00777825
0.00517572
0.00483846
0.00365576
0.00365576
0.00483846
0.00483846
0.00479149
0.00173036
0.00173036
0.00173036
0.00173036
0.00173036
0.00173036
0.00479149
0.00365632
0.00365632
0.0112474
0.0112474
0.0112152
0.0132159
0.011278
0.011278
0.011278
0.00655224
0.00655224
0.00785892
0.00785892
0.00785892
0.00785892
0.00785892
0.0038701
0.0038701
0.00999106
0.00999106
0.00999106
0.00356789
0.00356789
0.00682355
0.0140338
0.00887711
0.00887711
0.00887711
0.00887711
0.00887711
0.00887711
0.00887711
0.00887711
0.00887711
0.00887711
0.00565131
0.00565131
0.00805307
0.00827552
0.00827552
0.00827552
0.00435118
0.00435118
0.007312
0.007312
0.007312
0.0114866
0.0114866
0.0114866
0.0114866
0.0114866
0.0114866
0.0114866
0.0114866
0.000936329
0.000936329
0.000936329
0.000936329
0.000936329
0.000936329
0.00377432
0.00377432
0.00377432
0.00377432
0.00377432
0.00377432
0.00447459
0.00447459
0.00844416
0.00844416
0.00844416
0.00795312
0.00795312
0.00795312
0.00795312
0.00795312
0.00795312
0.00342866
0.00342866
0.00537295
0.00537295
0.0102047
0.0102047
0.00364418
0.00364418
0.00364418
0.00364418
0.0180914
0.0180914
0.00752106
0.00752106
0.00752106
0.00752106
0.00752106
0.00752106
0.00995423
0.0115121
0.0115121
0.0115121
0.0115121
0.0115121
0.0115121
0.0115121
0.0115121
0.00645683
0.00645683
0.00645683
0.00645683
0.0110946
0.0110946
0.0110946
0.0110946
0.0110946
0.0110946
0.00838802
0.00838802
0.00838802
0.00838802
0.00949895
0.00717706
0.00717706
0.00717706
0.00949895
0.00949895
0.00723797
0.00899357
0.00899357
0.00899357
0.00899357
0.00899357
0.00899357
0.00899357
0.00899357
0.00899357
0.00899357
0.0129122
0.00940354
0.00940354
0.00940354
0.00940354
0.00940354
0.00940354
0.00940354
0.00940354
0.00940354
0.00354364
0.00354364
0.00354364
0.00354364
0.00354364
0.00354364
0.00354364
0.00354364
0.00329314
0.00425961
0.00737962
0.00737962
0.00737962
0.00737962
0.008288
0.00829622
0.00829622
0.00829622
0.00829622
0.00829622
0.00415099
0.00711012
0.00711012
0.00711012
0.00711012
0.00711012
0.00372105
0.00372105
0.0104199
0.0113131
0.0113131
0.0113131
0.0113131
0.0113131
0.0113131
0.00776068
0.00855706
0.00661554
0.0060758
0.0060758
0.0060758
0.00611821
0.0035402
0.0035402
0.00866453
0.0045665
0.0045665
0.0045665
0.0064554
0.0064554
0.0064554
0.0064554
0.0064554
0.0064554
0.00624091
0.00553089
0.00553089
0.00553089
0.00431109
0.00431109
0.00431109
0.013175
0.00957079
0.00957079
0.00957079
0.00957079
0.00957079
0.00957079
0.00957079
0.00957079
0.00957079
0.00957079
0.0104218
0.0104218
0.0104218
0.00376365
0.00376365
0.00376365
0.00444731
0.00628691
0.00628691
0.00628691
0.00628691
0.00511816
0.00511816
0.00511816
0.00913592
0.00326252
0.00805455
0.00805455
0.00805455
0.00805455
0.00805455
0.00431266
0.00431266
0.00431266
0.00407255
0.008492
0.008492
0.008492
0.008492
0.008492
0.008492
0.008492
0.008492
0.008492
0.008492
0.00717888
0.00717888
0.00717888
0.00717888
0.00717888
0.00419113
0.0114688
0.00663621
0.00663621
0.00663621
0.00663621
0.00822959
0.00822959
0.00822959
0.00822959
0.00805187
0.00805187
0.00805187
0.00805187
0.00805187
0.00805187
0.00819967
0.00819967
0.00819967
0.00819967
0.00819967
0.00819967
0.0183616
0.0123679
0.00900713
0.00900713
0.00900713
0.00900713
0.00900713
0.00900713
0.00900713
0.00900713
0.00900713
0.00791107
0.00791107
0.00791107
0.00791107
0.00791107
0.00791107
0.00778584
0.00778584
0.00778584
0.00415115
0.00415115
0.00600937
0.00600937
0.0152811
0.0088917
0.0088917
0.0088917
0.0088917
0.0088917
0.0088917
0.0088917
0.0088917
0.0088917
0.0056266
0.011339
0.00817922
0.00817922
0.00817922
0.00443196
0.00626521
0.00626521
0.00626521
0.00626521
0.00626521
0.00626521
0.00626521
0.00626521
0.0037405
0.0037405
0.0037405
0.00714299
0.0178789
0.0118202
0.00858662
0.00858662
0.00858662
0.00858662
0.00858662
0.00858662
0.00858662
0.00858662
0.00858662
0.00858662
0.0104566
0.00928738
0.00928738
0.00928738
0.00488446
0.0179288
0.0179288
0.0179288
0.0060161
0.0060161
0.0060161
0.00425574
0.00425574
0.00340942
0.00644782
0.00651075
0.00651075
0.00651075
0.0038155
0.0038155
0.0111035
0.0111035
0.0111035
0.0123363
0.00896152
0.00896152
0.00896152
0.00896152
0.00896152
0.00896152
0.00896152
0.00896152
0.00896152
0.00896152
0.00422254
0.00422254
0.00422254
0.00422254
0.00356171
0.0105211
0.00794934
0.00464094
0.00464094
0.00794934
0.00794934
0.00794934
0.0105211
0.00811022
0.00811022
0.00811022
0.00811022
0.00951392
0.00951392
0.00718837
0.00718837
0.00718837
0.00718837
0.00796388
0.00796388
0.00796388
0.00796388
0.00796388
0.00796388
0.00796388
0.00267353
0.00267353
0.00264374
0.00264374
0.00264374
0.00330473
0.00330473
0.00297459
0.000942972
0.000942972
0.000932467
0.000932467
0.00162084
0.000942972
0.000942972
0.000932467
0.000932467
0.00162084
0.0136893
0.0176855
0.0176855
0.0176855
0.0176855
0.00599743
0.00390477
0.00390477
0.00666308
0.00966179
0.0110814
0.0110814
0.0110814
0.0110814
0.0110814
0.0110814
0.0110814
0.0107461
0.0182861
0.0126583
0.00919545
0.00919545
0.00919545
0.00919545
0.00919545
0.00919545
0.00919545
0.00919545
0.00919545
0.00919545
0.00814002
0.00814002
0.00814002
0.00814002
0.00814002
0.00814002
0.00814002
0.0176542
0.0176542
0.0176542
0.0176542
0.0176542
0.00816421
0.00816421
0.0114479
0.0114479
0.00662416
0.0178433
0.00702977
0.00607882
0.00419913
0.0114647
0.0114647
0.0114647
0.00788389
0.00788389
0.00788389
0.00788389
0.00278133
0.00192129
0.00192129
0.00352481
0.0124547
0.0123343
0.0115838
0.0115838
0.00644934
0.0103497
0.0103497
0.00660447
0.00652639
0.00652639
0.00652639
0.00652639
0.00425108
0.00425108
0.00425108
0.00450172
0.00450172
0.00450172
0.00358578
0.0085817
0.0085817
0.0085817
0.0085817
0.0085817
0.0085817
0.0085817
0.0085817
0.0085817
0.0085817
0.017282
0.017282
0.0113401
0.00656176
0.000389682
0.000484201
0.000484201
0.000484201
0.000484201
0.000484201
0.000484201
0.000484201
0.000484201
0.000484201
0.000484201
0.0113475
0.00967769
0.00349492
0.00790359
0.00790359
0.00790359
0.00790359
0.00790359
0.00790359
0.00790359
0.00802538
0.00802538
0.00802538
0.00802538
0.00802538
0.00711051
0.00711051
0.00835855
0.00835855
0.00835855
0.00835855
0.00835855
0.00835855
0.00841828
0.00794958
0.00794958
0.00926228
0.00638756
0.00638756
0.00638756
0.00638756
0.0136615
0.00794929
0.00794929
0.00794929
0.00794929
0.00794929
0.00794929
0.00794929
0.00794929
0.00726513
0.00726513
0.00726513
0.00726513
0.00726588
0.0111753
0.0111753
0.0111753
0.00978197
0.00978197
0.00978197
0.0073909
0.0073909
0.00812618
0.0118812
0.00628242
0.00628242
0.000480735
0.0181032
0.00379865
0.00379865
0.00379865
0.00379865
0.00783115
0.00783115
0.00783115
0.00783115
0.00783115
0.00783115
0.0044146
0.00624066
0.00624066
0.00624066
0.00624066
0.00624066
0.0178193
0.0172425
0.0172425
0.0111668
0.0111668
0.0111668
0.0111668
0.0111668
0.0111668
0.0111668
0.0111668
0.0111668
0.0179262
0.00847251
0.00847251
0.00847251
0.00456685
0.00456685
0.00456685
0.00645589
0.00645589
0.00645589
0.00645589
0.00645589
0.00441307
0.00755902
0.00755902
0.00441307
0.00441307
0.0136629
0.0180831
0.0180831
0.00459922
0.00459922
0.00665802
0.00670449
0.00665802
0.00871342
0.0128641
0.0177243
0.0177243
0.0177243
0.00768034
0.00768034
0.00768034
0.0179649
0.0179649
0.0179649
0.0179649
0.0179649
0.0113807
0.0113807
0.0113807
0.0113807
0.0113807
0.00780706
0.00443012
0.00443012
0.00443012
0.00758824
0.00758824
0.00758824
0.00443012
0.0113361
0.0113361
0.0109932
0.00762967
0.00762967
0.00762967
0.00762967
0.00651245
0.00651245
0.00651245
0.00651245
0.00651245
0.00651245
0.00651245
0.00651245
0.00817597
0.00433348
0.00433348
0.00433348
0.00627331
0.00627331
0.00627331
0.00365529
0.00365529
0.00776187
0.00776187
0.010273
0.010273
0.0111927
0.0111927
0.0111927
0.0111927
0.0111927
0.0111927
0.0111927
0.0111927
0.00460467
0.00460467
0.00487615
0.00487615
0.00447075
0.00447075
0.00447075
0.00765783
0.00765783
0.00447075
0.00447075
0.0104713
0.00930042
0.00930042
0.00930042
0.00930042
0.00930042
0.00791174
0.00450386
0.00450386
0.00450386
0.00450386
0.00450386
0.0031858
0.0031858
0.0031858
0.0031858
0.00185991
0.00402036
0.00763236
0.00763236
0.00763236
0.00763236
0.00763236
0.00779657
0.00779657
0.00779657
0.00779657
0.00779657
0.00847165
0.0131776
0.00957272
0.00957272
0.00957272
0.00957272
0.00957272
0.00957272
0.00957272
0.00957272
0.00957272
0.00957272
0.00815332
0.00815332
0.00815332
0.00815332
0.00815332
0.00815332
0.0080724
0.00894311
0.00865462
0.0185278
0.0085817
0.0085817
0.0085817
0.0113403
0.0113403
0.0113403
0.0113403
0.0113403
0.0113403
0.0113403
0.0113403
0.00623829
0.00760182
0.00760182
0.00760182
0.00760182
0.00446287
0.0063089
0.0063089
0.0063089
0.0063089
0.0063089
0.0063089
0.00742576
0.0036568
0.00435134
0.00435134
0.00615124
0.00615124
0.00615124
0.00615124
0.0041754
0.00590253
0.00590253
0.00590253
0.00590253
0.00590253
0.00590253
0.00371475
0.00367337
0.00824619
0.00971105
0.00669705
0.00669705
0.00669705
0.00669705
0.00971105
0.00971105
0.00441827
0.00441827
0.00441827
0.00372681
0.00372681
0.00441827
0.00743424
0.00743424
0.00743424
0.00983932
0.0112418
0.0132425
0.00773118
0.00851533
0.0103165
0.00658328
0.00658328
0.00658328
0.00682449
0.00675852
0.00353389
0.0112963
0.0133068
0.0133068
0.0133068
0.0114322
0.00784242
0.00841342
0.0180114
0.0180114
0.0180114
0.00693048
0.00693048
0.0111391
0.0111391
0.0111391
0.0130887
0.0131262
0.0131262
0.00953537
0.00953537
0.00953537
0.00953537
0.00953537
0.00953537
0.00953537
0.00953537
0.00446893
0.00765471
0.00765471
0.00446893
0.00446893
0.00916549
0.00916549
0.00330995
0.00330995
0.00330995
0.00815433
0.0131897
0.00420706
0.00354866
0.00354866
0.00354866
0.00354866
0.00354866
0.00420706
0.00420706
0.00793234
0.00793234
0.0036773
0.00695444
0.0036773
0.0036773
0.0104257
0.00376505
0.00487002
0.00417248
0.0058984
0.0058984
0.0058984
0.0058984
0.0140462
0.00440565
0.00440565
0.00622802
0.00622802
0.00622802
0.00622802
0.00622802
0.00337254
0.00337254
0.0175178
0.0175178
0.00767453
0.00767453
0.00767453
0.00767453
0.00767453
0.0111064
0.0111064
0.0111064
0.00821747
0.00821747
0.00821747
0.00821747
0.00821747
0.00821747
0.00821747
0.00339744
0.00339744
0.00339744
0.00951373
0.00912928
0.00326015
0.00348703
0.00348703
0.00348703
0.00326015
0.0123309
0.0089576
0.0089576
0.0089576
0.0089576
0.0089576
0.0089576
0.0089576
0.0089576
0.0089576
0.0089576
0.0113097
0.00654415
0.00654415
0.00654415
0.00654415
0.00669178
0.00669178
0.00387209
0.0045905
0.00941852
0.0064953
0.0064953
0.0064953
0.00941852
0.00941852
0.0179335
0.0179335
0.00815331
0.00815331
0.00815331
0.00425539
0.00601561
0.00601561
0.00601561
0.0111295
0.0111295
0.0139636
0.00812511
0.00812511
0.00812511
0.00812511
0.00812511
0.00812511
0.00812511
0.00812511
0.00812511
0.0126221
0.00916914
0.00916914
0.00916914
0.00916914
0.00916914
0.00916914
0.00916914
0.00916914
0.00916914
0.00916914
0.00453039
0.00453039
0.00640435
0.00640435
0.00640435
0.00640435
0.0107909
0.0107909
0.0107909
0.00478861
0.00774561
0.00774561
0.00774561
0.0102514
0.0102514
0.0178731
0.0178731
0.0178731
0.0178731
0.0131712
0.00959216
0.00959216
0.00959216
0.00959216
0.00959216
0.00959216
0.00959216
0.00959216
0.00959216
0.00703064
0.00703064
0.00703064
0.00399162
0.00273821
0.000878471
0.000878471
0.00994264
0.00663161
0.00763806
0.00763782
0.00763782
0.00763782
0.00763782
0.0137628
0.00650548
0.00650548
0.00780231
0.00780231
0.00780231
0.00780231
0.00780231
0.00652027
0.00652027
0.00652027
0.00652027
0.00401215
0.00455546
0.00455546
0.00455546
0.00455546
0.00780292
0.00780292
0.00739487
0.00739487
0.00978722
0.00978722
0.00805084
0.00805084
0.00805084
0.00805084
0.00861446
0.00791338
0.00791338
0.0062781
0.0062781
0.0062781
0.00420881
0.00556439
0.00556439
0.00556439
0.00556439
0.00556439
0.00594976
0.0045657
0.00385117
0.00385117
0.00385117
0.00625833
0.00625833
0.00625833
0.00623282
0.0134456
0.0134456
0.0111745
0.0111745
0.0111745
0.0111745
0.0111745
0.0111745
0.013216
0.013216
0.0132173
0.0113552
0.0113552
0.0113552
0.0113552
0.0113552
0.0176591
0.00278511
0.00526715
0.00526715
0.00278511
0.00771218
0.00147287
0.00137704
0.00137704
0.00247333
0.00136401
0.00247333
0.0011674
0.00151001
0.00151001
0.00151001
0.00323262
0.000291231
0.000291231
0.000291231
0.000291231
0.000623466
0.00461419
0.00591976
0.00393242
0.00393242
0.00393242
0.00393242
0.00543673
0.00846524
0.00909435
0.00987184
0.00356504
0.00680793
0.00398966
0.00398966
0.00398966
0.0107633
0.0126049
0.012728
0.012728
0.00639333
0.0120909
0.0063221
0.0172505
0.0172505
0.0172505
0.00653675
0.00653675
0.00588372
0.00607967
0.00377682
0.00377682
0.0069296
0.0069296
0.0069296
0.0069296
0.0069296
0.0069296
0.0069296
0.0069296
0.00869967
0.00418691
0.0050725
0.0050725
0.00395379
0.0178965
0.0178965
0.0178965
0.0118608
0.0118608
0.00686307
0.00686307
0.00686307
0.00686307
0.00686307
0.00686307
0.00861614
0.00463688
0.00463688
0.00463688
0.00463688
0.00671253
0.00671253
0.00772169
0.00772169
0.00772169
0.0078934
0.0078934
0.0078934
0.0078934
0.0078934
0.0078934
0.0111859
0.0111859
0.0111859
0.0111859
0.0111859
0.0111859
0.0111859
0.0128618
0.00936681
0.00936681
0.00936681
0.00936681
0.00936681
0.00936681
0.00936681
0.00936681
0.00936681
0.0131617
0.00622137
0.00622137
0.00622137
0.00622137
0.0174215
0.0174215
0.0119491
0.0173268
0.0114906
0.0114906
0.0114906
0.0114906
0.00786268
0.00786268
0.00786268
0.00786268
0.00626258
0.00626258
0.00626258
0.00626258
0.000857088
0.00121162
0.00121162
0.000857088
0.000276523
0.000276523
0.000276523
0.000276523
0.000276523
0.000276523
0.000276523
0.00456156
0.00456156
0.00644842
0.00644842
0.00644842
0.00456156
0.00647062
0.00647062
0.00647062
0.00647062
0.00647062
0.00565319
0.00563698
0.00563698
0.00649224
0.00711469
0.00711469
0.00711469
0.00563899
0.00563899
0.00563899
0.00705766
0.00565319
0.00563698
0.00563698
0.00649224
0.00649224
0.00649224
0.00649224
0.00649224
0.00512709
0.00512709
0.00512709
0.00838151
0.0179431
0.0113192
0.0113192
0.0113192
0.0113192
0.0113192
0.0113192
0.0113192
0.0112407
0.00805601
0.00615879
0.00615879
0.00368631
0.00368631
0.00944448
0.00944448
0.00534481
0.00534481
0.00944448
0.00944448
0.00438541
0.00438541
0.0063485
0.0063485
0.0063485
0.0115075
0.00835944
0.00835944
0.00835944
0.00835944
0.00835944
0.00835944
0.00835944
0.00835944
0.00835944
0.00835944
0.0079027
0.0079027
0.0114041
0.00659877
0.00659877
0.00664071
0.00664071
0.00664071
0.00664071
0.00664071
0.00416605
0.00588931
0.00588931
0.00588931
0.00588931
0.00588931
0.0180308
0.0180308
0.0180308
0.0180308
0.0180308
0.0180308
0.0178223
0.0178223
0.0126152
0.0182927
0.00982281
0.00742176
0.00742176
0.00742176
0.00786417
0.00786417
0.00786417
0.011503
0.011503
0.011503
0.011503
0.011503
0.011503
0.011503
0.011503
0.011503
0.00646025
0.00764334
0.00764334
0.0178373
0.0178373
0.0178373
0.0178373
0.0178373
0.0182563
0.00783765
0.00783765
0.00783765
0.00783765
0.00437016
0.00437016
0.00617785
0.00617785
0.00617785
0.00617785
0.00617785
0.00617785
0.008155
0.008155
0.008155
0.008155
0.008155
0.00918169
0.00673162
0.00673162
0.0121552
0.00882996
0.00882996
0.00882996
0.00882996
0.00882996
0.00882996
0.00882996
0.00882996
0.00882996
0.00882996
0.00418628
0.00418628
0.0059179
0.0059179
0.0059179
0.0059179
0.00418628
0.00418628
0.00656606
0.00656606
0.0103092
0.0103092
0.0103092
0.00372297
0.00372297
0.00372297
0.00825227
0.00825227
0.00811192
0.00811192
0.00811192
0.00811192
0.0173659
0.00990802
0.00990802
0.00990802
0.00748614
0.00748614
0.00446601
0.00446601
0.00446601
0.00631334
0.00631334
0.00631334
0.00631334
0.00631334
0.0114635
0.00663314
0.00663314
0.00663314
0.00663314
0.00663314
0.00802248
0.00443168
0.00443168
0.00626481
0.00626481
0.00626481
0.00443168
0.00443168
0.00458353
0.00458353
0.00458353
0.00647948
0.00433465
0.00742471
0.00742471
0.00742471
0.00742471
0.00742471
0.00970385
0.00669208
0.00669208
0.00669208
0.00669208
0.0066274
0.00350437
0.00350437
0.00668277
0.00668277
0.00668277
0.00696045
0.00696045
0.00696045
0.00696045
0.00696045
0.0127716
0.00927779
0.00927779
0.00927779
0.00927779
0.00927779
0.00927779
0.00927779
0.00927779
0.00927779
0.00927779
0.00665808
0.00931669
0.00931669
0.00578321
0.00578321
0.0037653
0.0037653
0.0037653
0.0037653
0.00813799
0.0130896
0.0130896
0.00950879
0.00950879
0.00950879
0.00950879
0.00950879
0.00950879
0.00950879
0.00950879
0.0102789
0.00776634
0.00776634
0.00776634
0.00776634
0.0101514
0.00767005
0.00767005
0.00767005
0.00767005
0.011382
0.011382
0.011382
0.00658601
0.00761386
0.00761386
0.00761386
0.00761386
0.00761386
0.00761386
0.00769052
0.00769052
0.00769052
0.0175022
0.0175022
0.0175022
0.0103245
0.0103245
0.0103245
0.00372852
0.00712013
0.0103245
0.0103245
0.0132151
0.00624662
0.00624662
0.00624662
0.00624662
0.00662972
0.00662972
0.00662972
0.0135765
0.00653536
0.00812053
0.00812053
0.00812053
0.00812053
0.00812053
0.00812053
0.00812053
0.00812053
0.00812053
0.0114025
0.0114025
0.0114025
0.00782199
0.0113423
0.0113423
0.00778074
0.0110865
0.0110865
0.0110865
0.0130268
0.00769125
0.0100925
0.0076255
0.0076255
0.0076255
0.0076255
0.00686927
0.00686927
0.00686927
0.00686927
0.00686927
0.00686927
0.00686927
0.00686927
0.00862392
0.00629988
0.00629988
0.00796621
0.00796621
0.00796621
0.00796621
0.00796621
0.00825268
0.0077932
0.0133488
0.0154611
0.00899643
0.00899643
0.00899643
0.00899643
0.00899643
0.00899643
0.00899643
0.00899643
0.00899643
0.00364281
0.00364281
0.00364281
0.00571191
0.0068065
0.00414934
0.00414934
0.00414934
0.00414934
0.00414934
0.00414934
0.00414934
0.00414934
0.00414934
0.00569553
0.00569553
0.00569553
0.00353945
0.00415704
0.00415704
0.00415704
0.00415704
0.00567231
0.00567231
0.00567231
0.00891764
0.00437656
0.00618689
0.00618689
0.00618689
0.00618689
0.00618689
0.0182006
0.018485
0.018485
0.00935434
0.00638869
0.00337815
0.00337815
0.00337815
0.00337815
0.00337815
0.00935434
0.014232
0.00900252
0.00900252
0.00900252
0.00900252
0.00900252
0.00900252
0.00900252
0.00900252
0.00900252
0.0107563
0.0107563
0.0107563
0.00376664
0.00376664
0.00770228
0.00770228
0.00770228
0.00770228
0.00657544
0.00657544
0.00657544
0.00657544
0.00657544
0.00657544
0.00449474
0.00449474
0.00449474
0.00769892
0.00769892
0.00769892
0.0177515
0.0177515
0.0177515
0.00748913
0.00748913
0.00437226
0.0085128
0.0085128
0.00861596
0.00813625
0.0139364
0.0139364
0.00443679
0.00443679
0.00642287
0.00644916
0.00642287
0.00642287
0.00642287
0.00642287
0.00656375
0.0133288
0.00874249
0.00874249
0.00874249
0.00874249
0.00874249
0.00874249
0.00874249
0.00874249
0.00874249
0.00847445
0.00847445
0.00413916
0.00413916
0.00413916
0.00413916
0.00413916
0.00413916
0.00413916
0.0102418
0.00826939
0.00826939
0.00826939
0.00826939
0.00826939
0.00640363
0.00640363
0.0046722
0.00353152
0.00640135
0.00640135
0.00640135
0.00549862
0.00549862
0.00549862
0.00100516
0.00100516
0.00127385
0.00655262
0.00655262
0.00655262
0.00655262
0.0119408
0.0119408
0.0119408
0.0173147
0.00630445
0.00630445
0.00630445
0.00630445
0.00630445
0.00645656
0.00645656
0.00645656
0.0174929
0.0174929
0.0174929
0.0174929
0.0174929
0.00802431
0.00802431
0.00802431
0.00802431
0.0132148
0.01749
0.0178774
0.0178774
0.0178774
0.0102226
0.0102226
0.0102226
0.00772381
0.00772381
0.00772381
0.00838526
0.00838526
0.00441442
0.00441442
0.00441442
0.00566346
0.00566346
0.00566346
0.00441442
0.00420923
0.00595034
0.00595034
0.00780816
0.00780816
0.00780816
0.00473658
0.00473658
0.00366189
0.01014
0.01014
0.00838237
0.00838237
0.00838237
0.0112729
0.0112729
0.00773311
0.0173922
0.0173922
0.0173922
0.008616
0.0178408
0.00791935
0.00791935
0.00791935
0.0104814
0.00425042
0.00425042
0.00728043
0.00728043
0.00728043
0.00646682
0.00334869
0.00937721
0.00937721
0.00443667
0.00443667
0.00627187
0.00627187
0.00627187
0.00627187
0.0110032
0.0110032
0.0110032
0.0110032
0.0110032
0.0102906
0.0142799
0.0141069
0.00775148
0.00324305
0.00898024
0.00362932
0.0174659
0.00693193
0.00693193
0.00693193
0.00693193
0.00693193
0.00814862
0.00455648
0.00455648
0.00644124
0.00644124
0.00644124
0.00644124
0.00455648
0.0103864
0.00375086
0.00375086
0.00375086
0.00419762
0.00922501
0.00922501
0.00778243
0.00778243
0.00370257
0.00452804
0.00452804
0.00452804
0.00452804
0.00621534
0.00619001
0.0172851
0.0116597
0.00847
0.00847
0.00847
0.00847
0.00847
0.00847
0.00847
0.00847
0.00847
0.00847
0.0124979
0.00910182
0.00910182
0.00910182
0.00910182
0.00910182
0.00910182
0.00910182
0.00910182
0.00910182
0.00462948
0.00462948
0.00390497
0.00390497
0.00390497
0.00390497
0.0179859
0.0179859
0.0179859
0.0179859
0.0179859
0.0103222
0.0103222
0.00779908
0.00779908
0.0103222
0.0103222
0.0042664
0.00547356
0.00547356
0.00547356
0.00777788
0.00777788
0.00632293
0.00632293
0.00447279
0.00393231
0.00393231
0.00393231
0.00393231
0.00393231
0.00393231
0.00393231
0.00844035
0.0110901
0.0130638
0.00437229
0.00437229
0.00368803
0.00368803
0.00437229
0.00418468
0.00418468
0.00418468
0.00418468
0.00605791
0.0082394
0.00808681
0.00416602
0.0060309
0.00440693
0.00440693
0.00440693
0.00440693
0.00637965
0.00637965
0.00637965
0.00637965
0.0181452
0.0181452
0.0181452
0.0181452
0.0181452
0.00360578
0.00360578
0.00360578
0.0084827
0.0084827
0.0084827
0.0103617
0.0103617
0.0103617
0.0103617
0.00714576
0.00714576
0.0044693
0.00646993
0.00646993
0.00646993
0.0044693
0.0099667
0.00359929
0.00359929
0.0099667
0.0099667
0.00460845
0.00460845
0.0065147
0.0065147
0.0065147
0.00460845
0.00654178
0.00654178
0.00654178
0.00654178
0.00654178
0.00654178
0.0102305
0.00365341
0.00390765
0.00390765
0.00365341
0.00365341
0.0125174
0.00909307
0.00909307
0.00909307
0.00909307
0.00909307
0.00909307
0.00909307
0.00909307
0.00909307
0.00652332
0.00810558
0.00810558
0.00810558
0.00810558
0.00810558
0.00810558
0.00810558
0.00810558
0.00810558
0.00810558
0.0068168
0.0068168
0.0068168
0.00788143
0.00788143
0.00788143
0.00788143
0.00788143
0.00788143
0.0101267
0.0101267
0.0101267
0.00698372
0.00698372
0.00409267
0.00409267
0.00911515
0.00911515
0.00911515
0.00440446
0.00637607
0.00637607
0.00637607
0.00637607
0.00637607
0.0104717
0.00378168
0.00378168
0.00378168
0.00378168
0.00378168
0.0104717
0.0112952
0.0112952
0.0112952
0.0112952
0.0112169
0.0113449
0.0113449
0.00732992
0.00732992
0.00732992
0.00453162
0.00669029
0.00669029
0.00669029
0.00970126
0.0117002
0.0117002
0.0116191
0.0116191
0.0116191
0.0116191
0.0116191
0.0116191
0.0116191
0.0116191
0.0116191
0.00817584
0.00817584
0.00817584
0.00817584
0.00817584
0.0180402
0.0180402
0.0180402
0.0180402
0.0180402
0.0180402
0.0180402
0.0130797
0.0130797
0.0130797
0.0130797
0.00460857
0.00460857
0.00460857
0.0078939
0.0078939
0.0078939
0.00460857
0.00799769
0.00799769
0.00420712
0.00354871
0.00354871
0.00420712
0.00805392
0.00805392
0.00841562
0.00841562
0.00841562
0.0136123
0.00830027
0.0122542
0.00634553
0.00441378
0.00441378
0.00638957
0.00638957
0.00638957
0.00638957
0.00638957
0.0132443
0.0132443
0.0132443
0.00729664
0.00729664
0.00729664
0.00729664
0.00729664
0.00729664
0.00425989
0.018209
0.018209
0.018209
0.018209
0.018209
0.018209
0.00805165
0.00805165
0.00805165
0.00802713
0.00802713
0.00802713
0.00802713
0.00802713
0.00802713
0.0103375
0.0103375
0.0103375
0.00712904
0.00712904
0.00712904
0.00712904
0.00816648
0.00816648
0.00816648
0.00430806
0.00623653
0.00623653
0.00623653
0.00623653
0.00623653
0.00430806
0.00430806
0.00368559
0.0181626
0.0063279
0.00428615
0.00331367
0.00381584
0.00659457
0.00659457
0.00659457
0.00654886
0.00452382
0.011903
0.011903
0.011903
0.011903
0.011903
0.011903
0.011903
0.011903
0.011903
0.0086468
0.00808643
0.0173114
0.0173522
0.0173522
0.00827875
0.00827875
0.00827875
0.0175764
0.0175764
0.00615101
0.00615101
0.00615101
0.00615101
0.00615101
0.00723773
0.00723773
0.00723773
0.00723773
0.00723773
0.00723773
0.00781188
0.00781188
0.00781188
0.00781188
0.00781188
0.00781188
0.0110811
0.0110811
0.0100499
0.0141661
0.0082429
0.0082429
0.0082429
0.0082429
0.0082429
0.0082429
0.0082429
0.0082429
0.00822166
0.00822166
0.00822166
0.00822166
0.00811068
0.00811068
0.00811068
0.00706552
0.00706552
0.00756768
0.00756768
0.00529209
0.00436816
0.00448632
0.00448632
0.00448632
0.00649457
0.00649457
0.00649457
0.00355602
0.00355602
0.00355602
0.00355602
0.00372981
0.00372981
0.00468253
0.00468253
0.00468253
0.0177897
0.0177897
0.0177897
0.0177897
0.0177897
0.00463212
0.00390719
0.00390719
0.00390719
0.00390719
0.0076691
0.0076691
0.00376725
0.00352214
0.00428133
0.00428133
0.0036113
0.0036113
0.0036113
0.0036113
0.0036113
0.00818143
0.00818143
0.00425183
0.00910229
0.00687736
0.0040151
0.0184156
0.00355643
0.00355643
0.00679149
0.00679149
0.00679149
0.00679149
0.00679149
0.00775457
0.00775457
0.00775457
0.00972824
0.00972824
0.00972824
0.00351318
0.00351318
0.00972824
0.00972824
0.00865959
0.0127847
0.00455275
0.00455275
0.00384024
0.00384024
0.00455275
0.00455275
0.00455275
0.00424073
0.00599488
0.00599488
0.00771772
0.00771772
0.00771772
0.00771772
0.00682942
0.00682942
0.00357096
0.00999965
0.0138708
0.0138708
0.00617034
0.00617034
0.00617034
0.00617034
0.0172786
0.0130319
0.0130319
0.0130319
0.0130319
0.0130319
0.0130319
0.0130319
0.0130319
0.0130319
0.0130319
0.0153127
0.00791065
0.00791065
0.00791065
0.00791065
0.00791065
0.00791065
0.00461835
0.0111569
0.00770591
0.00770591
0.0034994
0.0034994
0.0034994
0.0034994
0.00807044
0.00807044
0.00807044
0.00807044
0.00807044
0.0133602
0.0133602
0.0133602
0.0133602
0.0133602
0.0133602
0.0133602
0.0133602
0.0133602
0.0133602
0.0133602
0.0177451
0.0177451
0.0177451
0.0177451
0.0177451
0.00858154
0.00838491
0.00838491
0.00838491
0.00838491
0.0101927
0.0101927
0.0101927
0.0036809
0.0036809
0.0036809
0.0101927
0.0065613
0.0065613
0.0065613
0.0065613
0.0065613
0.00951422
0.00951422
0.00434234
0.00574715
0.00574715
0.0039251
0.00205236
0.00219518
0.00574715
0.00268459
0.00219518
0.00050729
0.0043266
0.00050729
0.00050729
0.0176761
0.0176761
0.0112221
0.0111443
0.0111443
0.0111443
0.0111443
0.0111443
0.0111443
0.0111443
0.0111443
0.0111443
0.0111443
0.0114856
0.0114856
0.0114856
0.0114856
0.0114856
0.0114856
0.0114856
0.0114856
0.0114856
0.00834359
0.00355253
0.00355253
0.00351296
0.00983722
0.00767828
0.00767828
0.00767828
0.00680221
0.00680221
0.00680221
0.00680221
0.00642689
0.00642689
0.00642689
0.00698838
0.00698838
0.00698838
0.0101335
0.0180184
0.00770698
0.00360006
0.00360006
0.00360006
0.00360006
0.00770698
0.0021769
0.0021769
0.0021769
0.00150126
0.00150126
0.00150126
0.0128756
0.00814448
0.00814448
0.00814448
0.00814448
0.00814448
0.00814448
0.00814448
0.00814448
0.00814448
0.00814448
0.00419722
0.00419722
0.0071893
0.0071893
0.0071893
0.0071893
0.00781072
0.00791785
0.00791785
0.010356
0.010356
0.00714179
0.00714179
0.00714179
0.0061212
0.00607877
0.00607877
0.00607877
0.00607877
0.00607877
0.00607877
0.00607877
0.00951939
0.00951939
0.00719251
0.0061212
0.00607877
0.00607877
0.00607877
0.00607877
0.00607877
0.00607877
0.00607877
0.00607877
0.00607877
0.00607877
0.00367124
0.00367124
0.00768022
0.00768022
0.00768022
0.00768022
0.00823956
0.00823956
0.00823956
0.00823956
0.00823956
0.00818644
0.00818644
0.00818644
0.00818644
0.00457408
0.00662163
0.00662163
0.00662163
0.00662163
0.00662163
0.00662163
0.00662163
0.0176023
0.00818839
0.00818839
0.00818839
0.00818839
0.00818839
0.0118074
0.0118074
0.0117255
0.0117255
0.0117255
0.0117255
0.0117255
0.0117255
0.0117255
0.0103915
0.0103915
0.0144386
0.00840146
0.00840146
0.00840146
0.00840146
0.00840146
0.00840146
0.00840146
0.00840146
0.00707213
0.00707213
0.00707213
0.00707213
0.00707213
0.0102549
0.0177604
0.0177604
0.00808333
0.00808333
0.00808333
0.00808333
0.00808333
0.0116645
0.00873785
0.00873785
0.00873785
0.00873785
0.00873785
0.00873785
0.00873785
0.00873785
0.00873785
0.0064519
0.0144659
0.00915047
0.00915047
0.00915047
0.00915047
0.00915047
0.00915047
0.00915047
0.00915047
0.00915047
0.0125349
0.0125349
0.0125349
0.0125349
0.0125349
0.0125349
0.0125349
0.0125349
0.0125349
0.00910582
0.00799931
0.00799931
0.00799931
0.00799931
0.00799931
0.00450038
0.00450038
0.00450038
0.00651493
0.00761569
0.00761569
0.00761569
0.0114496
0.00831741
0.00831741
0.00831741
0.00831741
0.00831741
0.00831741
0.00831741
0.00831741
0.00831741
0.00865858
0.00865858
0.00865858
0.00865858
0.017524
0.00851122
0.0182208
0.00425167
0.00615489
0.00615489
0.00615489
0.00615489
0.00615489
0.00366976
0.00366976
0.00366976
0.00366976
0.00366976
0.00631607
0.00916162
0.00916162
0.00916162
0.00463357
0.00463357
0.00793672
0.00793672
0.00793672
0.00793672
0.00463357
0.00463357
0.0180348
0.00832169
0.00680464
0.00680464
0.00680464
0.00680464
0.00680464
0.00680464
0.00680464
0.00680464
0.00680464
0.0063619
0.00353521
0.00353521
0.00353521
0.00353521
0.00668572
0.00353521
0.00978926
0.00829309
0.00829309
0.00829309
0.00829309
0.00829309
0.00829309
0.00368909
0.00368909
0.00368909
0.00368909
0.00368909
0.00368909
0.0081339
0.0081339
0.0081339
0.0081339
0.0183968
0.0183968
0.0078838
0.0078838
0.0119984
0.0119984
0.0119984
0.0119984
0.0119984
0.0119152
0.0119152
0.0119152
0.0105596
0.0140983
0.0140983
0.00956305
0.00956305
0.00659498
0.00659498
0.00659498
0.00659498
0.00659498
0.00956305
0.00791031
0.00791031
0.00791031
0.00791031
0.00791031
0.00791031
0.0130017
0.0130017
0.0130017
0.0130017
0.0130017
0.0130017
0.0130017
0.0130017
0.0130017
0.0130017
0.00944489
0.00928358
0.0033526
0.0033526
0.0033526
0.0033526
0.00928358
0.0066456
0.0066456
0.0066456
0.0066456
0.00963645
0.00817924
0.00817924
0.00817924
0.0175101
0.0112483
0.0112483
0.0112483
0.0112483
0.0102015
0.0177152
0.0177152
0.0177152
0.0177152
0.0177152
0.00861512
0.0120038
0.0120038
0.0120038
0.0120038
0.0120038
0.0120038
0.0120038
0.0120038
0.00871997
0.0174038
0.0174038
0.0174038
0.0174038
0.00333995
0.00333995
0.00333995
0.00924855
0.00438841
0.00751679
0.00751679
0.00751679
0.00563009
0.00635284
0.00420833
0.00609215
0.00609215
0.00609215
0.00609215
0.00420833
0.00442601
0.00442601
0.0075812
0.0075812
0.0075812
0.00818616
0.00818616
0.00818616
0.00818616
0.00818616
0.00818616
0.00807518
0.00807518
0.00807518
0.00807518
0.00829118
0.0177497
0.0177497
0.0179129
0.014885
0.0104091
0.0104091
0.0104091
0.0066581
0.0066581
0.0066581
0.0066581
0.0066581
0.0179628
0.0179628
0.0179628
0.0179628
0.0179628
0.0179628
0.00667286
0.00623869
0.00424248
0.00357853
0.00357853
0.00424248
0.00424248
0.0034247
0.0034247
0.0034247
0.0034247
0.0034247
0.00959007
0.00959007
0.0116349
0.0116349
0.00632847
0.00632847
0.00632847
0.00632847
0.00632847
0.0116015
0.0116015
0.0133617
0.0112829
0.00458822
0.00458822
0.0066421
0.00588644
0.00785905
0.00785905
0.00785905
0.00720843
0.00720843
0.00720843
0.00720843
0.00657496
0.00657496
0.00657496
0.00657496
0.00657496
0.00366908
0.00366908
0.00366908
0.00366908
0.0101599
0.00766496
0.00766496
0.00766496
0.00632921
0.00632921
0.00632921
0.00632921
0.00632921
0.00632921
0.00437209
0.00437209
0.0121492
0.00882561
0.00882561
0.00882561
0.00882561
0.00882561
0.00882561
0.00882561
0.00882561
0.00882561
0.00882561
0.0173981
0.00461153
0.00461153
0.0012278
0.0012278
0.00232199
0.00234466
0.00232199
0.00232199
0.00121412
0.00232199
0.00121412
0.00655187
0.0181426
0.00435431
0.00435431
0.00558633
0.00558633
0.00558633
0.00558633
0.0113276
0.0113276
0.0113276
0.0113276
0.0113276
0.0113276
0.0113276
0.0113276
0.0112732
0.0112732
0.0112732
0.0112732
0.0112732
0.0080602
0.0080602
0.0080602
0.0080602
0.0080602
0.0172552
0.00602952
0.00602952
0.00534355
0.00534355
0.00534355
0.0100953
0.00360511
0.00689473
0.00696202
0.00696202
0.00696202
0.00702424
0.00702424
0.00597591
0.00597591
0.00597591
0.00874994
0.00702424
0.00702424
0.00334213
0.00334213
0.00334213
0.00874994
0.00760064
0.00760064
0.00760064
0.00760064
0.00760064
0.00760064
0.00760064
0.00429722
0.00429722
0.00429722
0.0035181
0.0035181
0.0035181
0.0035181
0.0035181
0.0035181
0.00620401
0.00620401
0.00620401
0.00620401
0.00438867
0.00769467
0.00769467
0.00769467
0.00769467
0.00769467
0.00769467
0.00769467
0.00415384
0.00601327
0.00340072
0.00941682
0.00663302
0.00663302
0.00663302
0.00663302
0.00663302
0.00386487
0.00854941
0.00826211
0.00826211
0.0078021
0.0121182
0.0121182
0.0120342
0.0120342
0.0120342
0.0120342
0.0106651
0.014239
0.014239
0.014239
0.014239
0.00805073
0.00805073
0.00805073
0.0113492
0.0113492
0.0113492
0.00869668
0.00869668
0.00631873
0.00631873
0.0114843
0.00834261
0.00834261
0.00834261
0.00834261
0.00834261
0.00834261
0.00834261
0.00834261
0.00834261
0.0036726
0.0036726
0.0101697
0.0101697
0.00782062
0.00782062
0.00782062
0.00456579
0.00391366
0.00391366
0.00391366
0.00817428
0.0120682
0.0120682
0.0120682
0.00366025
0.00366025
0.00366025
0.00366025
0.00366025
0.00366025
0.00366025
0.00366025
0.00461152
0.00461152
0.00461152
0.00789895
0.00789895
0.00789895
0.00789895
0.00789895
0.00789895
0.0114459
0.006623
0.0134492
0.0122207
0.0122207
0.0122207
0.0122207
0.0122207
0.0122207
0.0122207
0.0122207
0.0122207
0.00887754
0.00820842
0.00820842
0.00820842
0.00820842
0.00455604
0.00455604
0.00455604
0.00659551
0.00659551
0.00659551
0.00602346
0.00835855
0.00635214
0.00635214
0.00635214
0.00425309
0.00358747
0.00358747
0.00358747
0.00358747
0.00358747
0.0111921
0.0111921
0.0111921
0.0111921
0.0111921
0.0111921
0.0111921
0.0111921
0.0111921
0.0111921
0.00353962
0.00353962
0.00353962
0.00353962
0.00353962
0.00353962
0.00980146
0.00980146
0.00676858
0.00676858
0.00676858
0.00676858
0.00981478
0.00833079
0.00833079
0.00833079
0.0178345
0.00843552
0.0180587
0.0173354
0.0173354
0.006767
0.006767
0.00357819
0.00990826
0.00828354
0.00828354
0.00828354
0.00815963
0.00815963
0.00815963
0.00815963
0.00815963
0.00815963
0.00815963
0.0042831
0.00361279
0.00361279
0.00830867
0.0177872
0.0077162
0.0077162
0.0077162
0.017775
0.017775
0.017775
0.017775
0.00789575
0.00789575
0.00789575
0.00789575
0.00789575
0.00789575
0.00789575
0.00789575
0.00770523
0.00770523
0.00770523
0.00770523
0.00770523
0.00770523
0.00770523
0.00770523
0.00662589
0.00662589
0.00662589
0.00662589
0.00662589
0.00662589
0.00662589
0.00776827
0.00776827
0.00776827
0.00776827
0.00776827
0.0173003
0.0173003
0.00790879
0.00790879
0.00790879
0.00790879
0.00818853
0.00818853
0.00913985
0.00913985
0.00913985
0.00808194
0.0138433
0.00805062
0.00805062
0.00805062
0.00805062
0.0114982
0.0114982
0.0114982
0.0114514
0.0114514
0.00437848
0.00437848
0.00437848
0.00633846
0.00825253
0.00825253
0.00825253
0.00825253
0.0121252
0.0121252
0.0121252
0.0121252
0.0121252
0.0121252
0.0121252
0.0117584
0.0117584
0.0117584
0.0117584
0.017756
0.017756
0.017756
0.017756
0.00424913
0.00358413
0.00358413
0.00358413
0.00358413
0.00358413
0.00358413
0.00638323
0.0178748
0.0179073
0.00365792
0.00365792
0.00365792
0.00365792
0.00365792
0.00365792
0.0102432
0.00655038
0.0181385
0.0133924
0.017725
0.017725
0.00353098
0.00353098
0.00353098
0.00353098
0.00353098
0.00353098
0.00821651
0.00821651
0.00821651
0.00821651
0.00821651
0.00821651
0.00821651
0.00821651
0.0115009
0.00835469
0.00835469
0.00835469
0.00835469
0.00835469
0.00835469
0.00835469
0.00835469
0.00835469
0.00835469
0.00822421
0.0120858
0.0120858
0.0120858
0.0120858
0.0120858
0.0120858
0.0120858
0.0120858
0.0120858
0.00699327
0.00699327
0.00912499
0.00912499
0.00329532
0.00329532
0.00329532
0.00912499
0.00370719
0.00708995
0.00715915
0.00708995
0.00708995
0.00708995
0.00352163
0.00352163
0.00352163
0.00352163
0.00352163
0.00352163
0.00352163
0.00819908
0.00819908
0.00819908
0.00819908
0.00819908
0.00819908
0.00813599
0.00813599
0.00813599
0.00813599
0.00813599
0.00813599
0.00813599
0.00364425
0.00364425
0.00571079
0.00816643
0.00816643
0.00762454
0.0131946
0.0174633
0.0104218
0.00376364
0.00718719
0.00438888
0.00438888
0.00438888
0.00751759
0.00751759
0.00751759
0.00370589
0.00370589
0.00370589
0.00370589
0.00370589
0.00370589
0.00370589
0.00370589
0.00792457
0.00792457
0.00792457
0.00792457
0.00792457
0.0127219
0.0127219
0.0127219
0.0127219
0.0127219
0.0127219
0.0127219
0.0127219
0.0127219
0.00924163
0.00818185
0.00818185
0.00818185
0.00818185
0.0112704
0.0112704
0.00773142
0.00622769
0.00622769
0.00622769
0.00373242
0.00373242
0.00373242
0.00373242
0.0103353
0.00764398
0.00764398
0.00764398
0.00764398
0.00764398
0.00446267
0.00357708
0.00357708
0.00357708
0.00357708
0.0100168
0.0100168
0.00456781
0.00385294
0.00385294
0.00385294
0.00385294
0.00385294
0.00456781
0.00803597
0.00803597
0.00403704
0.00403704
0.00403704
0.00403704
0.00403704
0.00403704
0.00321565
0.00321565
0.00321565
0.00321565
0.00321565
0.00321565
0.00811942
0.00811942
0.00811942
0.00990226
0.00990226
0.00990226
0.00990226
0.0174977
0.00807915
0.00624607
0.00624607
0.00624607
0.00624607
0.00624607
0.0172958
0.00623282
0.00623282
0.00623282
0.00623282
0.00623282
0.00623282
0.00826364
0.0176907
0.0077858
0.0077858
0.0077858
0.0077858
0.0077858
0.0077858
0.0111593
0.0111593
0.0111593
0.0111593
0.00810652
0.00373639
0.00373639
0.00373639
0.0113249
0.00655297
0.00655297
0.00655297
0.00655297
0.00830637
0.0177822
0.0177822
0.00786838
0.00786838
0.00589343
0.00589343
0.00664999
0.00459367
0.0114921
0.0114921
0.0114921
0.0120217
0.0120217
0.0120217
0.0120217
0.0120217
0.0120217
0.0120217
0.0120217
0.0120217
0.00873301
0.0078009
0.0078009
0.0078009
0.0078009
0.0078009
0.00854999
0.00854999
0.00854999
0.011254
0.011254
0.011254
0.011254
0.011254
0.011254
0.011254
0.0153358
0.00892356
0.00892356
0.00892356
0.00892356
0.00892356
0.00892356
0.00892356
0.00892356
0.00818853
0.00818853
0.00818853
0.00818853
0.00818853
0.00818853
0.00818853
0.00604008
0.00639953
0.00452575
0.00381747
0.00381747
0.00381747
0.00381747
0.00368779
0.00368779
0.00368779
0.00368779
0.00368779
0.00368779
0.0091881
0.00331812
0.00331812
0.00331812
0.0115174
0.00666435
0.00666435
0.00666435
0.017532
0.017532
0.00454593
0.00454593
0.00454593
0.00383449
0.00383449
0.00383449
0.00792161
0.00792161
0.00792161
0.00792161
0.0059333
0.0180517
0.0180517
0.0180517
0.0180517
0.00664741
0.00664741
0.00664741
0.00664741
0.00664741
0.00934257
0.00934257
0.00934257
0.00934257
0.00579927
0.00579927
0.00934257
0.0104627
0.00721541
0.00721541
0.00721541
0.00721541
0.0179996
0.00979707
0.00979707
0.00979707
0.00675637
0.00675637
0.00675637
0.00979707
0.0127012
0.0127012
0.0127012
0.0127012
0.0127012
0.0127012
0.0127012
0.0127012
0.0127012
0.0127012
0.00922659
0.0102483
0.0102483
0.00706755
0.00706755
0.00706755
0.00706755
0.0102483
0.0176387
0.0176387
0.0176387
0.00718133
0.00718133
0.0104133
0.0104133
0.0081411
0.0081411
0.00629396
0.00629396
0.00629396
0.0065807
0.0065807
0.0065807
0.0065807
0.00794295
0.00794295
0.00794295
0.00794295
0.00794295
0.00794295
0.00794295
0.00787704
0.00787704
0.00435154
0.00435154
0.00435154
0.00435154
0.00745364
0.00745364
0.00745364
0.0177366
0.0177366
0.011138
0.011138
0.011138
0.011138
0.011138
0.011138
0.011138
0.0148829
0.0183907
0.0115738
0.0115738
0.0115738
0.0115738
0.0115738
0.0115738
0.0115738
0.0115738
0.00840763
0.0043982
0.00370988
0.00370988
0.00370988
0.00370988
0.0177374
0.0177374
0.0177374
0.0177374
0.00371129
0.00371129
0.00371129
0.0102768
0.00728079
0.00904677
0.00904677
0.00904677
0.00904677
0.00904677
0.00904677
0.00904677
0.00904677
0.00904677
0.00904677
0.00329482
0.00329482
0.00922637
0.00922637
0.00455879
0.00455879
0.00455879
0.00455879
0.00659949
0.00659949
0.00659949
0.00659949
0.00927217
0.00927217
0.00927217
0.00927217
0.00334848
0.00334848
0.00927217
0.00345411
0.00541283
0.00421907
0.00421907
0.00438341
0.00438341
0.00750822
0.00750822
0.0076245
0.0076245
0.0076245
0.0076245
0.00827565
0.00635776
0.00635776
0.00635776
0.00638378
0.0092661
0.0092661
0.0092661
0.0092661
0.00700113
0.00432834
0.00428061
0.00361069
0.00361069
0.00361069
0.0178535
0.0178535
0.0178535
0.0178535
0.0178535
0.0178535
0.0178535
0.0178535
0.00862217
0.00862217
0.00862217
0.0112471
0.0112471
0.0112471
0.0112471
0.0111692
0.0174832
0.00789975
0.00789975
0.00461199
0.00461199
0.0125966
0.0125966
0.00974957
0.00352088
0.00352088
0.00352088
0.00352088
0.00352088
0.00738811
0.00918013
0.00918013
0.00918013
0.00918013
0.00918013
0.00918013
0.00918013
0.00918013
0.00918013
0.00918013
0.00334584
0.00334584
0.00334584
0.00777463
0.00777463
0.00777463
0.00777463
0.000551882
0.000551882
0.00708065
0.00879809
0.00879809
0.00879809
0.00879809
0.00879809
0.00879809
0.00879809
0.00879809
0.00879809
0.00879809
0.00654862
0.0084306
0.0084306
0.0182971
0.00807339
0.00807339
0.00807339
0.00807339
0.00807339
0.00807339
0.0172835
0.00775484
0.00775484
0.00775484
0.00775484
0.00775484
0.00775484
0.0130758
0.0130758
0.0130758
0.0130758
0.0177399
0.00433896
0.00628126
0.00628126
0.00628126
0.00433896
0.00433896
0.00433896
0.00954052
0.00954052
0.00344539
0.00344539
0.00954052
0.00954052
0.00661748
0.00385582
0.00457122
0.00457122
0.00786134
0.00786134
0.00357827
0.00357827
0.00357827
0.00357827
0.0175585
0.0175585
0.0175585
0.00594705
0.00594705
0.00964166
0.00964166
0.00964166
0.00664919
0.00664919
0.00664919
0.00664919
0.00772961
0.00805227
0.00805227
0.00805227
0.00805227
0.00805227
0.00805227
0.0172383
0.00958796
0.00958796
0.00346252
0.00346252
0.00346252
0.00346252
0.00346252
0.00958796
0.00350151
0.00350151
0.00350151
0.00350151
0.00969593
0.0176408
0.0176408
0.00759938
0.00759938
0.00759938
0.00759938
0.00759938
0.0180447
0.0180447
0.0180447
0.0180447
0.0180447
0.0180387
0.0180387
0.0180387
0.0180387
0.0180387
0.0180387
0.00798984
0.00798984
0.00384075
0.00369942
0.00369942
0.00369942
0.00656487
0.00656487
0.00656487
0.00824177
0.00824177
0.0133311
0.0133311
0.00854588
0.00854588
0.00854588
0.00643725
0.00643725
0.00643725
0.007752
0.007752
0.007752
0.0081611
0.0081611
0.0081611
0.0081611
0.0081611
0.0081611
0.0081611
0.0081611
0.0174712
0.00289123
0.00289123
0.00297943
0.00413446
0.00413446
0.00352327
0.00352327
0.00352327
0.00238646
0.00238646
0.00432934
0.00626733
0.00626733
0.00626733
0.00626733
0.00432934
0.0119947
0.00871342
0.00871342
0.00871342
0.00871342
0.00871342
0.00871342
0.00871342
0.00871342
0.00871342
0.00871342
0.0113428
0.0113428
0.0113428
0.0113428
0.0113428
0.0113428
0.0113428
0.00766032
0.00766032
0.00766032
0.00766032
0.00766032
0.00766032
0.00335847
0.00335847
0.00335847
0.00335847
0.00335847
0.00335847
0.00940462
0.00762247
0.00762247
0.00762247
0.00762247
0.00762247
0.00762247
0.00762247
0.00800141
0.0064657
0.0064657
0.0064657
0.0064657
0.0042263
0.0042263
0.0042263
0.00356488
0.00356488
0.00359883
0.00359883
0.00359883
0.0083114
0.0083114
0.00696004
0.00896025
0.00896025
0.00896025
0.00896025
0.00896025
0.00903265
0.00966376
0.00348989
0.00345102
0.00345102
0.00345102
0.00345102
0.00459185
0.00664735
0.00589109
0.00589109
0.00589109
0.00589109
0.00589109
0.00786526
0.00786526
0.00829201
0.00829201
0.00829201
0.00829201
0.00829201
0.00829201
0.00644579
0.00644579
0.00850662
0.00458151
0.00663238
0.00665952
0.00665952
0.00665952
0.00665952
0.00665952
0.0114396
0.0114396
0.0114396
0.0114396
0.0114396
0.0114396
0.0114396
0.0114396
0.00831012
0.0100383
0.00358476
0.00358476
0.00358476
0.00358476
0.00358476
0.00464058
0.00794872
0.00794872
0.00794872
0.00794872
0.00794872
0.0103116
0.0103116
0.00481669
0.00711117
0.00711117
0.00711117
0.0127215
0.00924134
0.00924134
0.00924134
0.00924134
0.00924134
0.00924134
0.00924134
0.00924134
0.00786396
0.00786396
0.00786396
0.00786396
0.0112306
0.0112306
0.0112306
0.0112306
0.0112306
0.0112306
0.0112306
0.0077044
0.0077044
0.00920672
0.00626595
0.00626595
0.0113619
0.00632583
0.00778236
0.00778236
0.0077995
0.0077995
0.0115146
0.0115146
0.0115146
0.0115146
0.0115146
0.0115146
0.0144915
0.00897484
0.00897484
0.0111371
0.00644427
0.00644427
0.00644427
0.00644427
0.00712597
0.00712597
0.00712597
0.00712597
0.00712597
0.0071267
0.00447919
0.00447919
0.00447919
0.00648425
0.00648425
0.00648425
0.00648425
0.00648425
0.0115276
0.0115276
0.0114477
0.0112881
0.00774354
0.00463244
0.00793479
0.00793479
0.00793479
0.00670611
0.00463244
0.0037903
0.0037903
0.0037903
0.0037903
0.00772728
0.00772728
0.00772728
0.00772728
0.00772728
0.00772728
0.012732
0.012732
0.012732
0.012732
0.012732
0.012732
0.012732
0.012732
0.012732
0.00924898
0.0101645
0.00367074
0.00367074
0.00367074
0.00367074
0.00367074
0.0101645
0.00759986
0.00759986
0.00759986
0.00759986
0.00759986
0.00759986
0.00759986
0.00428247
0.00428247
0.00733532
0.00733532
0.00733532
0.00733532
0.00953368
0.00953368
0.00340456
0.00611499
0.00611499
0.00420539
0.00420539
0.0072033
0.00824508
0.00455442
0.00455442
0.00455442
0.00659315
0.00834527
0.00834527
0.0178655
0.00629129
0.011898
0.0108139
0.017421
0.0119987
0.0119987
0.0119987
0.0119987
0.0119987
0.0119987
0.0119987
0.0119987
0.00694286
0.00809763
0.00619061
0.00619061
0.00619061
0.00876653
0.00434569
0.00434569
0.00366559
0.00366559
0.00366559
0.00366559
0.0135159
0.0135159
0.0135159
0.0135159
0.0135159
0.0135159
0.0135159
0.0135159
0.0135159
0.00981848
0.00335121
0.00335121
0.00335121
0.00335121
0.00335121
0.00423936
0.00560478
0.00560478
0.00560478
0.00560478
0.00560478
0.00560478
0.0121507
0.0121507
0.0121507
0.0121507
0.0121507
0.0121507
0.0121507
0.0121507
0.0121507
0.0121507
0.00882668
0.0181308
0.00683518
0.00683518
0.00843711
0.00843711
0.00843711
0.00941863
0.00941863
0.00941863
0.00941863
0.00340137
0.00340137
0.00340137
0.00941863
0.00426013
0.00729706
0.00729706
0.00729706
0.00459405
0.00459405
0.00387508
0.00387508
0.00387508
0.017404
0.0181889
0.0181889
0.0178257
0.0178257
0.0117012
0.0117012
0.0117012
0.0117012
0.0117012
0.0117012
0.0117012
0.0117012
0.0117012
0.00850021
0.00860625
0.00860625
0.0127059
0.0178664
0.0178664
0.00417206
0.00417206
0.00603965
0.00603965
0.00417206
0.00772533
0.00772533
0.00772533
0.00772533
0.00772533
0.00416684
0.00713727
0.00713727
0.00416684
0.00416684
0.0179512
0.00802293
0.00802293
0.00802293
0.00802293
0.00802293
0.00802293
0.00802293
0.00427375
0.00427375
0.00427375
0.00427375
0.00784066
0.00784066
0.00565025
0.00565025
0.0119186
0.0119186
0.0119186
0.0119186
0.0119186
0.0080378
0.0080378
0.0080378
0.0080378
0.0080378
0.00859741
0.00859741
0.00859741
0.0108125
0.0108125
0.0108125
0.00920013
0.00695129
0.0063447
0.0063447
0.00628337
0.00628337
0.00452205
0.00654629
0.00654629
0.00654629
0.00654629
0.00452205
0.00452205
0.0110802
0.0110802
0.0110802
0.0110875
0.0110875
0.0110875
0.0064156
0.0064156
0.0064156
0.0064156
0.0064156
0.0064156
0.00857825
0.00857825
0.00664621
0.00664621
0.00664621
0.00664621
0.00788201
0.00788201
0.00788201
0.00788201
0.0034013
0.0034013
0.0034013
0.00794051
0.00794051
0.00794051
0.00787475
0.00787475
0.00787475
0.00787475
0.00787475
0.00787475
0.00358625
0.00678224
0.0035463
0.0111261
0.00643794
0.00643794
0.0119636
0.0119636
0.0119636
0.0119636
0.0173478
0.0173478
0.0173478
0.0042055
0.0042055
0.0042055
0.0042055
0.00608805
0.00608805
0.00608805
0.00608805
0.00789285
0.00789285
0.00789285
0.00789285
0.00794934
0.00794934
0.00794934
0.00794934
0.00794934
0.00794934
0.00856197
0.00856197
0.00856197
0.00784593
0.00784593
0.00784593
0.00784593
0.00784593
0.00784593
0.00784593
0.00462436
0.00462436
0.00315208
0.00315208
0.00872834
0.00872834
0.0044277
0.00373476
0.00373476
0.00373476
0.0044277
0.0122644
0.00890929
0.00890929
0.00890929
0.00890929
0.00890929
0.00890929
0.00890929
0.00890929
0.00820185
0.00820185
0.00820185
0.0061782
0.0061782
0.0061782
0.00426777
0.0127591
0.0127591
0.0127591
0.0127591
0.00738286
0.00738286
0.00738286
0.00738286
0.0092687
0.0092687
0.00685498
0.00685498
0.00340772
0.00340772
0.00340772
0.00340772
0.00340772
0.00340772
0.00362863
0.00362863
0.00469356
0.0100479
0.00666708
0.00666708
0.00666708
0.00666708
0.00431124
0.00624113
0.00624113
0.00624113
0.00624113
0.00624113
0.00431124
0.00435012
0.00745121
0.00745121
0.00745121
0.00745121
0.00435012
0.00462154
0.00389827
0.00389827
0.00389827
0.00389827
0.00389827
0.00451451
0.00451451
0.00579186
0.00579186
0.00579186
0.00579186
0.00659612
0.00659612
0.00659612
0.00386553
0.00593716
0.00365334
0.00732894
0.00497118
0.00359568
0.0113905
0.0113905
0.0113905
0.0113905
0.00353939
0.00676903
0.00676903
0.00676903
0.00807897
0.00807897
0.00807897
0.00806305
0.00806305
0.00806305
0.00806305
0.00806305
0.00806305
0.0067065
0.0067065
0.0067065
0.00463271
0.00463271
0.00898721
0.00898721
0.00898721
0.00898721
0.00663065
0.0034722
0.00415457
0.00711625
0.00711625
0.00711625
0.00711625
0.00711625
0.00415457
0.0103174
0.0103174
0.00658388
0.00658388
0.00658388
0.00658388
0.00658388
0.0182312
0.0137748
0.0137748
0.0137748
0.00417049
0.00417049
0.00417049
0.00714353
0.00714353
0.00417049
0.00641332
0.00641332
0.00641332
0.00641332
0.00641332
0.00760323
0.00760323
0.00665819
0.00665819
0.00665819
0.00665819
0.00429467
0.00429467
0.00735623
0.00735623
0.00735623
0.00429467
0.00813004
0.00628541
0.00628541
0.00628541
0.00628541
0.00628541
0.00342812
0.00342812
0.00342812
0.00342812
0.00342812
0.00342812
0.00342812
0.0094927
0.0111045
0.0142958
0.0142958
0.0142958
0.0142958
0.0142958
0.0144113
0.00808157
0.00808157
0.00624794
0.00801379
0.00801379
0.00801379
0.00801379
0.00801379
0.00801379
0.00801379
0.0101982
0.00770538
0.00770538
0.00770538
0.00607761
0.00607761
0.00607761
0.00607761
0.00607761
0.0114308
0.0114308
0.0114308
0.0114308
0.0114308
0.0114308
0.011085
0.00767191
0.00767191
0.00767191
0.00767191
0.00767191
0.011088
0.011088
0.011088
0.011088
0.011088
0.0110933
0.0110933
0.0110933
0.0110933
0.0110933
0.0107577
0.00736163
0.00736163
0.00736163
0.00736163
0.00812118
0.00812118
0.00812118
0.00848149
0.00655712
0.0179758
0.0179758
0.0179758
0.00789051
0.00566693
0.00566693
0.00204651
0.00264711
0.00390809
0.00390809
0.00566693
0.00126428
0.00126428
0.00126428
0.00126428
0.00700055
0.00700055
0.00366045
0.0181612
0.0181612
0.0181612
0.00843346
0.0067964
0.0181829
0.00805734
0.0172491
0.0172491
0.0147556
0.00933369
0.00933369
0.00933369
0.00933369
0.00933369
0.00933369
0.00933369
0.00933369
0.00933369
0.00933369
0.00815706
0.00815706
0.00815706
0.00815706
0.00815706
0.00815706
0.00815706
0.0042616
0.0042616
0.0042616
0.00616926
0.0054674
0.00729958
0.00729958
0.0042616
0.0042616
0.00797759
0.00437678
0.00437678
0.00437678
0.00369181
0.00749687
0.00463552
0.00655297
0.00655297
0.00655297
0.00655297
0.00655297
0.00648869
0.00648869
0.00648869
0.00648869
0.00330761
0.00340784
0.00340784
0.00340784
0.00340784
0.011319
0.0142453
0.0142453
0.0142453
0.0142453
0.0142453
0.0142453
0.0142453
0.0142453
0.00363637
0.00363637
0.00506012
0.00506012
0.00418602
0.00591755
0.00553427
0.00553427
0.00553427
0.00591755
0.00350513
0.00350513
0.00415546
0.00606959
0.00669241
0.00664602
0.00664602
0.00806675
0.00806675
0.00806675
0.00806675
0.00806675
0.0121721
0.00884222
0.00884222
0.00884222
0.00884222
0.00884222
0.00884222
0.00884222
0.00884222
0.00816061
0.00816061
0.00816061
0.00816061
0.00816061
0.00816061
0.00446028
0.00446028
0.00645688
0.00572229
0.00645688
0.00645688
0.00645688
0.00645688
0.00288135
0.0023783
0.00194474
0.00194474
0.0085817
0.00769109
0.00769109
0.0114068
0.0114068
0.0114068
0.0114068
0.0114068
0.0114068
0.00782497
0.00782993
0.00782993
0.00782993
0.00782993
0.00782993
0.0042977
0.0036251
0.0036251
0.0036251
0.00829262
0.00829262
0.00829262
0.00829262
0.00808989
0.00808989
0.00808989
0.00625437
0.00625437
0.00625437
0.0173188
0.00984801
0.00984801
0.00744004
0.00841452
0.0136105
0.00424447
0.00424447
0.00600017
0.00600017
0.00600017
0.00424447
0.00424447
0.00764742
0.00764742
0.00764742
0.00764742
0.00427285
0.00427285
0.00427285
0.00427285
0.0073181
0.00731885
0.00427285
0.00427285
0.00785152
0.00785152
0.00785152
0.00785152
0.00785152
0.00785152
0.0069734
0.0069734
0.0069734
0.0069734
0.0069734
0.0069734
0.0069734
0.0069734
0.0069734
0.0069734
0.0069734
0.0176356
0.0176356
0.00261533
0.00838048
0.0135555
0.0135555
0.0035542
0.00421364
0.00421364
0.000769486
0.000769486
0.000769486
0.00652634
0.0112831
0.0112831
0.0112831
0.0112831
0.012376
0.00899041
0.00899041
0.00899041
0.00899041
0.00899041
0.00899041
0.00899041
0.00899041
0.00899041
0.00899041
0.00770028
0.00770028
