0.304907
0.0723561
0.00114073
0.494264
0.246161
0.0131139
0.00114073
0.409058
0.263642
0.0065013
0.00114073
0.409058
0.319338
0.0065013
0.00114073
0.356066
0.319338
0.0065013
0.00114073
0.356066
0.356963
0.0256308
0.300519
0.339243
0.0244901
0.0201245
0.990244
0.0111872
0.542772
0.0722292
0.0161337
0.0167852
0.0219537
0.0964001
0.0163551
0
0.00802108
0.0322417
0.120463
0.0102794
0
0
0.0213912
0.0133281
0.0408277
0.0104461
0.0965682
0.00950663
0.0326248
0
0
0.0133092
0.00802108
0.0634365
0.711536
0.0102794
0
0.0760458
0.0235403
0.00787371
0
0.061247
0.0104461
0.229253
0.0193663
0.114787
0.0155205
0.0299172
0
0.0133092
0.0164232
0.188328
0.0203927
1.00127
0.0186972
0.017843
0.0237607
0
0.0604318
0.0104461
0
0.338099
0.0139089
0.0179527
0.0492858
0.0141577
0.00789579
0.0297026
0.0107916
0.0272846
0
0.0165951
0.0315916
0.0203927
0.825811
0.0880732
0.0234008
0.0402628
0
0.0263151
0
0.0582775
0.0180575
0.980327
0.0129315
0.0515343
0.0666784
0.00651845
0.0155205
0
0.0223164
0.0107916
0.0529628
0
0.0772449
0.0292962
0.0383358
1.0004
0.00847298
0.142276
0.010328
0.0116649
0.0371674
0.00803503
0.013173
0
0
0.0737713
0.0180575
1.00634
0.0814631
0.0082322
0.121206
0.0801138
0.0122921
0
0.00751114
0.0874669
0
0.0107916
0.0532298
0.00631096
0.00757406
0.256976
0.113942
0.0141719
0.148851
1.01399
0.00847298
0.0709789
0.0154728
0
0.0225583
0.0751039
0.01546
0.013173
0.0247064
0.0126932
0.0708461
0.0109962
0.0180575
1.01358
0.0914471
0.205129
0.110106
0.0122921
0.0292039
0.00751114
0.0141493
0.120851
0.0149334
0.0107916
0.064044
0
0.0146501
0.399726
0.115313
0.00723261
0.0715209
0.627311
0.0182273
0.00847298
0.0863285
0.0148988
0.0099746
0.0236274
0.0379366
0.0223412
0.0232745
0.0386753
0.0126932
0.0191798
0.00943415
0
0.790338
0.039625
0.0268213
0.168481
0.0648019
0.0131969
0.0233375
0.0363672
0.00751114
0.0125604
0.0710942
0.0149547
0.0107916
0.0758014
0.0263733
0.0149663
0.352339
0.0426441
0.00661743
0.0716556
0.509992
0.0267141
0.0170684
0.0234916
0.0373406
0.0302231
0.0114984
0.0123275
0.0125583
0.0184205
0.00942172
0.981309
0.0387186
0.0178508
0.11906
0.0812179
0.0332459
0.0558127
0.021374
0.015945
0.0251905
0.0856436
0.00750154
0.0107916
0.0522546
0.0128693
0.0286361
0.359412
0.0424038
0.0341943
0.12595
0.351676
0
0
0
0.0225017
0
0.0112387
0.0260895
0.0388522
0.766666
0.0521501
0.202488
0.0659983
0
0.0221203
0.00726099
0.00809307
0.0275026
0.0277542
0.00763671
0.0121593
0.0140802
0.291062
0.02759
0.01385
0.142754
0.262091
0
0
0.0116649
0
0.00756023
0.0184205
0.397829
0.0133202
0.050008
0.0324338
0.0127269
0.0112845
0.00726099
0
0.0207463
0
0.0139246
0.0140802
0.266996
0.00723261
0.142754
0.262091
0
0.0116649
0.0369237
0.558226
0.0170925
0.006649
0.00726099
0
0.00751988
0.110426
0.00723261
0.212979
0.245766
0
0
0.0184205
0.0942715
0
0.0169241
0.006649
0.00726099
0
0.0460532
0.00723261
0.321256
0.0538738
0
0.0341162
0.0158177
0.0338986
0.00790222
0.0186146
0.00786829
0.622667
0.01911
0
0.0197451
0.0186146
0.0118511
0
0
0.112701
0.01911
0
0
0.00817939
0.0198443
0.0374224
0
0.0118511
0
0
0.00814107
0.0169884
0.0140844
0
0.350236
0
0
0
0
0
0.0204609
0.0418213
0.0107286
0.0198443
0
0.0555515
0
0.0801476
0.00860083
0.0426405
0
0
0
0
0
0.0481042
0.042222
0.0140844
0.0155316
1.00662
0
0.0194462
0.0174619
0.0111528
0.018659
0.0289034
0.0183234
0
0.0147325
0
0.0726076
0
0.187772
0.0164423
0.057677
0
0.042353
0
0.0785962
0.0671721
0
1.00036
0.0186507
0.00984203
0
0.0214046
0.018659
0.00828098
0
0.0182233
0.0193701
0.0194333
0.0730138
0.0148831
0.00644227
0.472979
0.0568898
0.073927
0.0134341
0
0.0994077
0.0324463
0.0074674
0.951576
0
0
0.0274601
0
0
0.018659
0.0162187
0.011512
0
0.00933176
0.0558629
0.0591124
0.0462921
0.178605
0.064573
0
0.928306
0
0.0167276
0.124713
0.0219186
0
0.0422888
0.0616301
0
0.106906
0.0401163
0
0.0149922
0.881748
0
0.00929521
0.0905387
0.0178445
0
0.0220385
0.0219355
0
0.0314635
0.0117137
0.0135619
0.0302784
0.0526001
0.019428
0.0286625
0.083668
0.197078
0.0460591
0.00678957
0.996328
0.00803319
0.0246483
0.194696
0.0145968
0
0.0721429
0.062035
0.227949
0.0320878
0.0144731
0.00774486
0.979152
0.0373008
0.0188723
0.0560366
0.0178445
0
0.0534355
0.0457695
0
0.0450314
0.0511343
0.0132309
0.0570344
0.0284939
0
0.0594045
0.0698103
0.0824285
0.117786
0.0644845
0.0129859
0.996073
0.0153527
0.0248306
0.186672
0.034857
0.00841069
0.0882876
0.0749963
0.0212745
0.150256
0.0636504
0.0372504
0.982744
0.0190424
0.0467974
0.0284522
0.0178445
0
0.0423146
0.0322976
0
0.0449928
0.052851
0.0358602
0.0421109
0.0387408
0.0397539
0.0351286
0.0173614
0.0578782
0.0355772
0.120481
0.0474381
0.0135153
1.01776
0.0234496
0.0238561
0.180493
0.0556591
0.0404933
0.177469
0.0754098
0.00673513
0.115878
0.0325395
0.0314569
0.0433704
0.865515
0.0363266
0.0285188
0.0273844
0.0331612
0.0321955
0.0530962
0.0532334
0
0
0.0131302
0
0.0123732
0.0372501
0.029101
0.16578
0
0.0148029
0.0542522
0.0876444
0.0477669
0.0732633
1.05072
0.0298453
0.0157522
0.291815
0.0431278
0.0238217
0.070635
0.0389579
0.0279124
0.16883
0.0252434
0.0436962
0.366326
0.0543941
0.0104275
0.00901317
0.0331612
0.0415938
0.0328164
0.0186575
0.00784872
0.0372217
0.0122452
0.01281
0.0181763
0.0205631
0.0726028
0.0349539
0
0.156204
0.0723819
0.0165574
0.0194077
0.643345
0.0286583
0.0323295
0.252165
0.0147412
0.0307736
0.0389067
0.0129734
0.117444
0.0166251
0
0.00685171
0.183177
0.0720742
0.0104275
0.0193429
0.0170865
0.0212312
0
0
0
0.0111755
0.0140475
0.00998369
0.0169515
0.0178404
0
0.0361914
0.0512935
0.0165574
0.00668299
0.434493
0.021158
0
0.169185
0.00699302
0.0082639
0.0099981
0.0393973
0.0136126
0.0739795
0.00846969
0
0.00761151
0.127613
0.074084
0
0.0167714
0.0102248
0
0.0614797
0.00792141
0.0111755
0.00998369
0.00905862
0.0148297
0.00692609
0.315848
0.00713735
0.111391
0.00699302
0.0390055
0.0300441
0.00846969
0
0.00701306
0.0901761
0.0375557
0.00914468
0
0.0335068
0.0102248
0.0212894
0.0082544
0.0132395
0
0
0.0181242
0.0126706
0.200919
0.00727992
0.0684333
0.00818524
0.0208746
0.0384202
0
0.0223053
0.00846969
0
0.0554525
0
0.0103326
0
0
0.0184942
0.0082544
0
0.00917753
0.0165575
0.0230806
0.00727992
0.0576679
0.00818524
0.0122403
0.00846969
0
0
0
0.0123321
0.0147581
0.013695
