0.011514
0.024636
0.689036
0.0281454
0.00357644
0.00271254
0.0194279
0.0134777
0.293367
0.294809
0
0.0070486
0.062237
0
0.00586253
0.00295799
0.00355688
0.358278
0.888453
0
0.00300054
0.0028455
1
0.00294652
0.00309756
0.574121
1
0
0.00886561
0.00932282
0.00827567
0
0
0
0.00426825
0.0486136
0.0085365
0.242701
0.011158
0.0418423
0.89432
0.15385
0.402035
1
0.245408
0.981137
0.679002
1
0.880526
1.00216
0.983856
0.529182
0.0115174
0.0574769
0.00508897
0.072059
1.01719
0.0485297
0.00252625
0.00566873
0.00246139
0.00252625
0.00342674
0.0685321
0.119754
0.00252625
0.00261099
0.00297136
0.030307
0.0319297
0.386452
0.0316035
0.11149
0.0413031
0.00262666
0.0058237
0.00291058
0.0744669
0.0216669
1.00917
0.00961528
0.00412084
0.0110579
0.00573139
0.065226
0.0571259
0.0398494
0.0460123
0.0194072
0.00267291
0
1.00063
0.00297078
0.00891234
0.00264239
0.00844228
0.0115674
0
0
0.0363545
0.00563
0
0.00260673
0
0.00244702
0
0
0.00273425
0.00300777
0.00272807
0.00797222
0
0.00851277
0.00858168
0.0145586
0.00261039
0.00259758
0.00586428
0.00271851
0.0247816
0.00261806
0
0.002703
0.00642485
0.00256719
0
0.00249506
0.00586888
0
0
0.0026178
0
0.0057869
0.0111164
0.0152458
0.0057869
0.00530515
0.00272093
0.0482266
0.00280651
0.0125572
0
0.0506065
0.00274057
0
0.00274452
0.0141964
0.00574027
0.0946866
0.0124544
1
0.0294892
0.011657
0.00259648
0.00402801
0.0056144
0.0111195
0.0144678
0.103492
0.0114365
0.00251397
0.0355004
0.00259758
0.0430375
0.0164679
0.0162157
0.0167551
0.00724496
0.0141608
0.00304572
0.0167296
0.0279251
0.0108674
0.0138068
0.0301201
0.0138068
0.99756
0.218821
0.00259976
0.00402754
0.00259976
0.00604035
0.00259976
0
0
0.0410533
0.00259976
0
0.309395
0.00779927
0.00273799
0.015966
0.00886997
0.00289798
0.00289798
0.00289798
0.00289798
0.0278151
0.00289798
0.00264344
0.00246807
0.00305319
0.00264344
0.00264344
0.00272836
0.00264344
0.0036047
0.02087
0.0132161
0.0566403
0.395704
0.00348552
0.00292694
0.0168352
0.0364686
0.0134908
1
0.54133
0.587838
0.17471
0.00540641
0.0247464
0.0060129
0.00825014
0.0863851
0
1
0.787428
1
0.00531775
0
0.0109834
0.998634
1
0.0150259
0.0105993
0.0109515
0.0224384
1
1
0.00272854
1
0.027939
0.00297147
0.00706499
0.00376059
0.0117897
0.00283238
0.0629075
0.124904
0.999758
0.00254249
0.00824125
0.00261484
0.0140396
0.960955
0.775647
0.00280111
0.0573165
0.091295
0.0374705
0.00276379
