0
0.0105516
0.0240516
0.00963936
0.116059
0.00965861
0.0103571
0
0.013362
0.0105516
0.0616355
0.00963936
0.256481
0.00841772
0.0524453
0.0447363
0.0184792
0
0.0710159
0.0105516
0.012741
0
0
0.00926783
0.0398603
0.014438
0.31527
0.744793
0.0176171
0.0208481
0.0334174
0.0140869
0.0184792
0
0.0261494
0.0921499
0.012741
0
0
0.0398603
0.014438
0.31527
1.00994
0
0.031662
0.043347
0.0240365
0.0184792
0
0.0261494
0.127457
0
0.0200194
0
0.0129109
0.507334
0.879885
0.00955133
0.031662
0.043347
0.00679041
0
0.0240365
0.0280413
0
0.0261494
0.154511
0.0121253
0.0152624
0.0812299
0
0.0116233
0.5343
0.712566
0.0176716
0.051322
0.043347
0.00767915
0.0240365
0.0280413
0
0.0261494
0.13957
0.00840448
0.102049
0
0.00984303
0.560277
0.612526
0.00844592
0.051322
0.043347
0.0362848
0.0240365
0.0189834
0
0.0261494
0.132327
0.00840448
0.111853
0
0.0184812
0.336664
0.00844592
0.131399
0.043347
0.0642387
0.00942131
0.0102618
0.10431
0
0
0.00840448
0.111853
0.190813
0.00950606
0.0549376
0.111853
0.178388
0.00950606
0.0549376
0.254193
0.0956105
0.216561
0.00941591
0.166168
0.00950606
0.0549376
0.00943064
0.0124108
0.254193
0.0956105
0.23037
0.00941591
0.153484
0.00794824
0.0288053
0.00825588
0.0138425
0.0475327
0.00647526
0.172635
0.0689717
0.254193
0.00865105
0.10869
0.162527
0.130357
0
0.00794824
0.00926812
0.0104384
0.00825588
0.233816
0.0343581
0.00962421
0.0150335
0.444002
0.0757161
0.0689717
0.112679
0.0484358
0.149024
0.174292
0
0.00794824
0.0292969
0.0104384
0.00825588
0.282645
0.0561469
0.00962421
0.0150335
0.0206282
0.326033
0.0757161
0.0689717
0.0931652
0.0353565
0.149024
0.175705
0.00794824
0.0492377
0.0104384
0.00825588
0.282645
0.0561469
0.0204895
0.00757315
0.0206282
0.326033
0.0757161
0.0624672
0.0423038
0.0239325
0.125433
0.216264
0.0807958
0.0104384
0.0143667
0.0105375
0.308055
0.0355932
0.00962421
0.0206282
0.26494
0.01706
0.0300739
0.0508238
0.0793741
0.0978514
0.0515219
0.0180957
0.0216122
0.308055
0.00939419
0.0206282
0.00749893
0.0201869
0.0180494
0.0354422
0.412921
0.00719189
0.0703863
0.012293
0.0224371
0
0.0689278
0.0404181
0.0097225
0.0253309
0.0224371
0.0129178
0
0.0209244
0.0789367
0.195235
0.00856079
0.0822458
0.0556627
0
0.0902789
0.0224371
0.0121492
0
0.0104685
0.0339487
0.0195161
0.366881
0.0927021
0.00643238
0.042245
0.0732115
0.565628
0.0276372
0.00962076
0
0.00951514
0.103152
0.0147802
0.00967255
0.0626152
0
0.0156535
0.0104685
0.0195161
0.0123381
0.418547
0.0374128
0.042245
0.0732115
0.619895
0.0275096
0.0411525
0.0186954
0.017967
0
0.00951514
0.115527
0.0147802
0.0526781
0
0.0592528
0.0104685
0.0144547
0.0195161
0.433552
0.0374128
0.0753839
0.103592
0.891044
0.0275096
0.0205812
0.017967
0.00765752
0.0219804
0.00951514
0.170094
0.00724842
0.0375023
0
0.0162097
0.0108244
0.0213811
0.0104685
0.0144547
0.0195161
0.419602
0.11119
0.0753839
0.0732115
0.96535
0.0275096
0.0205812
0.017967
0.00765752
0.0109265
0.143981
0.00724842
0.124037
0
0.0112758
0.0213811
0.0104685
0.0195161
0.0111694
0.419602
0.0374128
0.0754904
0.0732115
0.0543344
1
0.0275096
0.0205812
0.026971
0.0109265
0.119025
0.00724842
0.0747067
0
0.0112758
0.0213811
0.0104685
0.0348454
0.142239
0.0200131
0.0687333
0.0732115
0.0100369
0.690972
0.0829243
0.026971
0.0795072
0.00724842
0
0.0213811
0.0104685
0.128818
0.0251709
0.0732115
0.39897
0.0544416
0.01321
0
0.0213811
0.128818
0.0251709
0.326864
0.0544416
0
0.028492
0.128818
0.0251709
0.344383
0.0662978
0.183777
0.028492
0.0173213
0.128818
0.0829531
0.466191
0.244121
0.245194
0.028492
0.0173213
0.0249463
0.0817656
0.326982
0.18803
0.245194
0.0140635
0.0734946
0.16204
0.174434
0.245194
0.0140635
0.0652248
0.144183
0.174434
0.245194
0.0140635
0.0652248
0.144183
0.174434
0.245194
0.0743972
0.175154
0.203332
0.0543454
0.175154
0.203332
0.0543454
0.175154
0.203332
0.0543454
0.196413
0.149175
0.0543454
0.196413
0.149175
0.0543454
0.0377536
0.0543454
