0.375208
0.0875739
0.179299
0.113653
0.721044
0.862198
0.184478
0.98281
0.339178
0.240255
0.0101632
1
0.877144
0.0160072
1
1
0.147474
0.00524223
0.00528528
0.00524223
0.00524223
0.00283477
0.00273244
0.00903396
0.00273244
0.00533312
1.00899
1.00601
0.694861
0
0.042433
0.0128757
1
0
0.00286081
0
0.00299162
0.002548
0.08019
0.00396484
0.0029633
0.0108156
0.00857324
0.10551
0.0812546
0.977845
0.119384
0.990309
0.997769
0
0
0.00310939
0.302789
0.014825
0.00286081
0.0118386
0.0112912
0
0.04414
0.295369
0.060769
0.186449
1
0
0
0.692135
0.00255211
0.00259936
0.0206705
0.0614341
0.00271798
0.00517736
0.168626
0.650025
0.00273813
0.0107916
0.0028127
0.00281349
0
0.00524223
0.654987
0.035461
0
0.00286081
0.00827512
0.0199348
0.00306922
0.00513121
0
0.00106195
0.00874221
0.00295131
0.00250596
0.00255211
0.0142452
0.0178545
0.0105506
1
0.0127561
0.0082772
0.00284281
0.219405
0.018684
0.0169311
0.00560519
0.00255211
0.0103553
0.00303385
0.0395035
0.0200279
0.981283
0.014297
0.0226491
0.00548729
0.111842
0.0124826
0.0162611
0.0078412
0.00558152
0.00529794
0.0162864
0.00494375
0.00258362
0.00558152
0.00558152
0.00301474
0.0113267
0.0440693
0.00338773
0.00380256
0.00257369
0.0862532
0.00267039
0.00588831
0.0423108
0.017731
0.00284216
0.136373
0
0.00278968
0
0.00264829
1
0.0108828
0.00550957
0.0172506
0.00507372
0.00817493
0.00721495
0.00768125
0.0233825
0.0442549
0
0.00533277
0.0159765
0.00563276
0.101145
0
0.00300608
0
0.00295103
0.00640221
0.163572
0.00282881
0.079144
0.00287511
0.00375014
0.0114445
0.00270669
0.00293161
0.0114445
0.00562489
0.00710086
0.0355411
0
0.00744424
0.00683769
0.998609
0.00678396
0.002807
0.00287253
0.0276352
0.00287511
0.0029529
0.00256195
0.0287511
0.0200279
0.00278107
0.00281349
0.014366
0.00281349
0.844559
0.0244333
0.00654945
0.00560519
0.00673882
0.0560519
0.16343
0.27488
0.0414619
1.00211
0.216087
0.690338
0.511621
0.757929
1.0017
0.136406
1.01151
0.341659
0
0.0605831
0.989365
0.904022
0
1
1
1
0.105679
0.00278976
0.0792508
0.00555644
0.0158502
1
1
0.371498
0.803794
0.00812937
0.0486712
1.01077
0.0400714
0.874297
0.996849
0.39174
0.0631148
0
0.00260782
0.164039
0.984459
0.0132085
0.30202
0.0528533
0
0.548033
0.0228335
0.0132085
0.00842374
0.0810281
0.0313007
0.644977
0
0.520932
0.00276911
0.0132085
0.00265662
0.0939022
0.0220141
0
0.020877
0
1
0
0
0
0
0
0.155711
0.032099
0.0197399
0.00464287
0
1
0
0.0417485
0.00960259
0.00791052
0
0.0194195
0
0.00268606
0.0692598
0
0
0.997862
0.00787925
0.00648672
0.00518938
0.00262638
0.0194602
0.0259469
0
0.00272193
0
0.0197152
0
0.999954
0.0129734
0.00274723
0.00270472
0.0027548
0.00264636
0.0270472
0.0281871
0.0377596
0.0281871
0.00278572
0.0422806
0.00767093
0.00259916
0.0281871
0
0.0032143
0
0.112603
0
0.00278572
0
0.00281449
