0.0887625
0.0360713
0.0349629
0.0343893
0.231795
0.0544135
0.00265616
0.013791
0.260433
0.1859
0.0123186
0
0.0214527
0.23371
0.268887
0.0123186
0.0214527
0.23371
0.212739
0.0123186
0.144667
0.224926
0.134514
0.155897
0.224926
0.125693
0.155897
0.224926
0.125693
0.166425
0.0909236
0.252003
0.0774693
0.0541361
0.011072
0.0212165
0.0106175
0.0073726
0.034561
0.0104025
0.0391175
0.0144085
0.10188
0.154313
0.0116243
0.230223
0.0130041
0.0481993
0.0144085
0.214078
0.008461
0.274083
0.191554
0.0284
0.00796812
0.133769
0.0654049
0.408079
0.272272
0.013319
0.00717941
0.130762
0.0390682
0.125722
0.0366119
0.187307
0.0801672
0.0166394
0.342841
0.0281839
0.00788446
0.0134197
0.0276937
0.133044
0.0430314
0.0109338
0.0166489
0.142491
0.330168
0
0.0592488
0.0134197
0.364199
0.155292
0.0166489
0.105032
0.282705
0.0174119
0.0134197
0.055356
0.351022
0.0128578
0.0378963
0.0166489
0.105032
0.239222
0.0345044
0.0154956
0
0.0343308
0.378924
0.0479612
0.105032
0.228884
0.08374
0.367693
0.0256524
0.105032
0.228884
0.162327
0.162688
0.0168873
0.105032
0.207356
0.162327
0.171296
0.11775
0.136862
0.183855
0.190656
0.0033874
0.0115268
0.151228
0.223968
0.082952
0.0441268
0.0115268
0.0499111
0.0942552
0.0279393
0.0213576
0.0213576
0.0213576
0.0213576
0.0213576
0.0213576
0.0213576
0.0213576
0.00695853
0.0672587
0.014084
0.015706
0.0674037
