0.00677334
0.0427157
0.0135015
0.0700472
0.00956294
0.541751
0.0133333
0.104945
0.00749548
0.156819
0.00791444
0.12912
0.00697771
0.983194
0.0130684
0.429634
0.0137601
0.0159223
0.00988809
0.0704507
0.0185073
0.228553
0.0140979
0.991855
0.0130684
0.429634
0.0137601
0.00842679
0.085876
0.0360053
0.0226446
0.237033
0.00712018
0.958514
0.00634026
0.515247
0.0295366
0.00842679
0.172081
0.0360053
0.0245554
0.235906
0.0138143
0.757353
0.0111524
0.0175998
0.00634026
0.705714
0.00744801
0.0572377
0.017498
0.264337
0.0112375
0.0212789
0.673859
0.0175998
0.00634026
0.772578
0.0157765
0.0141971
0.0720531
0.0117077
0.22929
0.0106545
0.0206456
0.673859
0.0175998
0.00634026
0.823302
0.0107056
0.0157765
0.115238
0.017498
0.0111004
0.220785
0.0107816
0.0138143
0.572744
0.00634026
1.00633
0.0299941
0
0.0420421
0.017498
0.177727
0.00702049
0.152047
0.137669
0.0270249
0
0.00881556
0.00705672
0.0708604
0.117678
