0.345254
0.0279403
0.000393072
0.889898
0.0372813
0.0131343
0.00264931
0.0805076
0.00846345
0.534604
0.124777
0.0896068
0.0567996
0.00570392
0.00304105
0.00843876
0.465126
0.556181
0.0602814
0.00986178
0.00131207
0.00328268
0.101197
0.989028
0.00283089
0.0296385
0.00295441
0.229348
0.0127778
0.442984
0.0252542
0.0171445
0.00297859
0.00282555
0.0034289
0.0933853
0.0165364
0.0265441
0.700098
0.00298936
0.084366
0.0193746
0.0107153
0.0250721
0.00501759
0.0602848
0.0421586
0.00291768
0
0.0124462
0.0446508
0.77877
0.104963
0.98677
0.00295524
0.00286005
0
0.00283676
0.0028433
0.00294283
0.0028433
0.00294889
0.00282946
0.0086684
0.00305081
0.0382302
0.0718624
0
0.00294889
0.00293454
0
0.00294889
0
0.00294889
0
0
0.00303852
0.00291377
0.0933442
0.00310467
0
0.00594867
0
0.00709191
0.0656147
1.00001
0.494603
0.324104
0.0142581
0
0
0.0145164
0.003111
0.00294889
0.0142029
0
0.00304352
0.00294763
0.0154267
0.0426611
0.00296509
0
0
0
0
0
0.0100654
0
0
0.00945093
0
0.0029569
0
0
0.0105187
0.00293314
0.0070187
0.00302696
0.0029569
0.0362759
0.0115823
0.00603017
0.0320463
0.193758
1.00252
0.953345
0.13976
0.00295358
0
0
0.00885617
0.00285387
0
0
0.00295653
0
0
0
0
0.00302575
0
0
0.00343507
0.0340811
0.0118618
0.00600336
0.00579219
0.00298975
0.00290864
0.00275059
0.0144382
0
0
0.00349841
0
0.0059348
0
0.0149118
0
0.00290719
0.0059348
0.00286547
0.00297909
0
0.289646
0
0
0.998011
0.987123
0.169569
0.0489386
0
0.0114082
0
0.0115636
0.00295441
0.0141443
0.00293061
0.0381011
0
0
0
0.00288544
0
0.00283676
0.00427703
0.00852608
0.003035
0.00296211
0.017709
0
0.00275059
0.00277318
0
0.01143
0.00787556
0.0025573
0.00283013
0.0406224
0.00294889
0.00275059
0
0
0.00399818
0.0303278
0.00585228
0.00257451
0.00257532
0
0.0110697
0.0026558
0
0.00283115
0.00516945
0.00415921
0.014476
0
0.0291904
0
0.0134772
0.0166048
0.0081421
0.144606
0.0270694
0.969827
1.00029
0.593522
0.697541
0.00262227
0.00538518
0.00419635
0.0786186
0.0026791
0.00265843
0.00538518
0
0.00295653
0.00277372
0.00309385
0
0.00284803
0.00358174
0.00773053
0.0136078
0.0420763
0
0
0.00253063
0.0025811
0.00310506
0
0.0112517
0.0372111
0.0176332
0.0177636
1.03226
0
0.0818523
0.00300264
0.0203332
0.00287929
0.00283611
0.0243368
0.0111038
0.00295848
0.00266683
0.00246213
0.00296595
0.0106394
0
0.00536705
0.00274953
0.00287525
0.00711617
0.0425506
0.00887896
0.00274953
0.00412429
0
0.0112244
0
0.041261
0.0056539
0.00266324
0.00252464
0.15541
0.00296648
0.0110148
0.0274587
0.017143
0.00552098
0.00254809
0.00522519
0.011079
0.00236582
0.00264429
0.00252464
0
0.0106328
0.0133323
0.0144737
0.254214
0.0878183
1.00257
0.998301
0.986662
1.00467
0
0.00445
0.00616686
0.01269
0.0183296
0.0399402
0.00539756
0.00265769
0.00284871
0.0130852
0
0.00296948
0.00980229
0.0181779
0.00297272
0.00333728
0
0.00567381
0.00268877
0.00268185
0.00298614
0
0
0.00256392
0
0.00268727
0.0235409
0
0.0125661
0
0.00272749
0
0.00256392
0.00310876
0.989087
0.00830942
0
0.00246213
0
0.00541531
0
0.0230645
0.00297725
0.00535359
0.0706959
0.00272117
0
0
0.00246213
0
0.0109882
0.00546996
0
0.0114022
0.00813839
0.00840236
0.00250357
0.00268317
0
0.0109882
0.0136255
0.0162235
0.0680946
0.0061316
0
0.00797306
0.00267947
0.0116191
0.0195858
0
0.0303646
0.00541755
0.00539158
0.0127428
0.00271554
0.00541039
0.033382
0.0106175
0.0105468
0.0128305
0.00554809
0.0108954
0
0.021593
0.00265769
0.00534271
0.00293016
0.00833584
0.0178793
0.0159152
0.0369268
0.0472419
0.345189
0.0600235
0.384382
0.986089
0.00256267
0.00263417
0.0025573
0.0125999
0.00718619
0.00935169
0.00669326
0.00298592
0.00256195
0.00260687
0.00248729
0.00256195
0
0.00535199
0.00848339
0
0.00678199
0.00253139
0.00515921
0.00280771
0.00401804
0.00816351
0
0.00415284
0
0.00540538
0.0592693
0.00248659
0.00264553
0
0.0026787
0.0154837
0.00750844
0
0.00260459
0
0.00582956
0.00553932
0.739492
0.0143624
0.00246213
0.00786798
0
0.00272117
0.00265683
0
0.00824852
0.0199489
0.00281829
0.00265292
0.0165511
0.00271742
0.00240183
0.00272117
0.00282313
0
0.00277632
0
0.0032413
0.0163214
0.00292676
0
0.00252003
0.00238741
0.00285895
0.00288035
0.0103147
0.0169585
0.00326428
0.0784262
0.0030193
0.00268373
0.0159188
0.00256195
0.00243413
0.00375081
0.0055818
0.00939787
0.0470003
0.00292057
0.00254047
0
0.0197258
0.00775671
0.00539689
0.0306884
0.00257221
0.00677311
0.0119588
0.00275713
0.0106418
0.0321796
0.00519539
0.00234835
0
0.00271554
0.00274246
0.00527215
0.00349496
0.0058039
0.00586269
0.0764713
0.0110697
0.315226
0.00749923
0
0
0.0034082
0.0105415
0.0115631
0.0295516
0.00266397
0
0.00246622
0.00253139
0.00259976
0.00276284
0.00273527
0
0.00605948
0.00253273
0.0104098
0.00429066
0.00676898
0.00297551
0.00674579
0.00261345
0
0.0142142
0.00255858
0.0106976
0.00255858
0.00285053
0
0.00741114
0.00513026
0.00285409
0.00519612
0.00255858
0
0.604864
0.0111993
0.00252464
0.0026392
0.00282313
0.00811553
0.00511555
0.00541189
0.00741211
0
0.0110724
0
0.0123388
0.00261345
0
0.00252464
0.0108949
0
0.0108001
0.00303097
0.00563698
0.0191608
0.00892435
0.00260048
0.035775
0
0.00548332
0.00310403
0.00252658
0.00740011
0.00558024
0.00380744
0.0276286
0.0029429
0.00261949
0.0351074
0.00272024
0.00492709
0.0026392
0.00491988
0.00867697
0.0124687
0.0192184
0.0110124
0.00259839
0
0.0105903
0.00739802
0.00525766
0
0.00552849
0.00302853
0.0291952
0.00282261
0.00510697
0.010636
0.00868226
0.00510697
0.00562781
0.00260937
0.00831409
0.00294805
0.0058503
0.0357879
0.0304321
0.971162
0.00264904
0.0637439
0.0125615
0
0
0.00279873
0
0.0026483
0
0.00859381
0.0076329
0
0.0322285
0
0.00790578
0.0139685
0
0.00496855
0
0.00272749
0.00491276
0.00262874
0
0.00750577
0
0.00752713
0.00272749
1.01268
0.0266129
0.00533891
0.0029652
0.0202722
0
0.112239
0.0186421
0
0.0683934
0.00266144
0.0220756
0
0.0026392
0
0
0.00469893
0.0471113
0
0.0344441
0
0.00246006
0.00556388
0
0
0.00850878
0.00586501
0.00286285
0
0.00253273
0.0026916
0.0106541
0.00271554
0.0104746
0.0419993
0
0.00265667
0.00252735
0.00279873
0
0.00256574
0.0103972
0.0028859
0.0098541
0
0.00592279
0.011639
0.0189894
1
0
0
0
0.00274822
0
0
0.00548651
0
0
0.00243467
0.00430657
0.00265433
0.0146819
0
0.737178
0.0103562
0.0484832
0.0802537
0.00267731
0.0459647
0
0.00849765
0.00503355
0
0
0.00259751
0.0127174
0.00792545
0.00267731
0
0
0
0.00267087
0
0.00248456
0.01143
0
0.00519629
0
0.00248456
0.00260071
0
0
0
0.0026193
0
0
0
0.016058
0.00265243
0
0
0.00272749
0.811846
0.00263417
0.00266521
0.0130896
0.0262983
0.00232526
0
0.0815225
0.00248659
0.00745978
0.0080484
0.00372989
0
0.00563835
0
0.00510697
0.0568147
0.0127824
0
0
0.00272749
0.00337579
0
0.00620059
0
0.00285824
0.00272544
0.00552819
0.896442
0
0.0125365
0
0
0.00285772
0.00280336
0.00272749
0.045344
0.00277589
0.014377
0.109323
0.00282523
0
0.00272024
0
0.00269587
0.00282678
0
0.143288
0
0.00272024
0.00626663
0
0
0.00270019
0
0.0232962
0.00444201
0.0028219
0
0.0114223
0
0.0027696
0.0062838
0
0.00871519
0.0203727
0.00271554
0.0035576
0.974212
0
0.0350772
0
0.0142085
0.00554414
0
0.00282331
0.0793112
0.0816881
0.0207675
1
0.215631
0.856024
0.634413
0.756641
1
0.00309545
0.00285386
0.147679
1.01894
0.0532619
0
0
0.00285413
0.0171386
0
0.0073488
0
0.00299489
0
0
0.0048992
0.321272
0.00308151
0
0.0674232
0
0
0
0.00287227
0.00276321
0.00270408
0.00428119
0.00276321
0
0.00276321
0
0.00295087
0
0.0164352
0.00285413
0.00286847
0.0159863
0.0121385
0.0654607
0.00289439
0.044246
0.00276321
0.00249521
0.00561733
0.00766
0.00260277
0.00280043
0.00276321
0.00561733
0
0.010703
0
0.00402391
0.175236
0.00286012
0
0.0097604
0.0175514
0
0.00376801
0.00611684
0.0110658
0.0115317
0.355089
0.00263784
0.010362
0.177676
1
0.0533908
0
0.0101926
0.00307571
0
0
0.0806674
0
0.00282068
0
0.00295087
0.00271802
0
0.00271802
0.00297844
0
0.00348202
0.0161277
0
0
0.00281436
0
0.00288469
0
0.00460022
0.00282068
0
0
0.0036332
0
0.00271802
0
0.00291348
0.00586115
0.0153586
0.00950103
0.00580827
0.0755638
0
0.00272475
0
0.00481817
0
0.00282224
0.0123896
0
0.00285413
0.00283465
0.0028909
0
0.00722726
0
0.0177761
0.187108
0
0.00354524
0.0123896
0.0028808
0.00673971
0
0
0.00442688
0.00299159
0.00589066
0.0547376
0.0112778
1.00741
0.00291792
0.0125979
0
0.506686
0.683354
0.0168592
0
0
0
0.00298221
0
0
0
0
0
0.00285413
0
0
0
0
0.083733
0.00578878
0
0
0
0.00289776
0
0.0029491
0
0
0.00301046
0.00295866
0
0.0422649
0
0
0.00789298
0
0.00906577
0.00293194
0.007925
0
0.00263566
0
0.00300722
0
0.0137675
0
0.00352861
0.00307144
0.0094449
0.00261605
0.00643619
0.00289131
0.00878487
0.0030597
0.0694124
0.0164516
1
0.00951376
0.737059
0.16221
0.0675586
0
0.0131361
0.00294885
0.0192659
0.00289131
0
0.00289131
0
0.00247126
0.0030138
0.00289131
0
0
0.00424063
0.0031008
0.00291146
0
0.00291348
0
0.00289555
0
0.0119619
0
0
0.00279993
0
0.00382629
0.00584352
0
0.00380019
0.0118965
0.171906
0.00602724
0.00895231
0
0.00879077
0.00361363
0.00444894
0.00793054
0.00292489
0
0
0
0.00302154
0
0.00957315
0.00561877
0
0
0
0.00304504
0.019142
0.00934563
0.0290938
0.0276902
0
0
0
0
0.0185786
0.00551421
0.00270641
0.047887
0.00356675
0.963671
0.0106255
1.02987
1
0.43971
0.124166
0.0025564
0.00544887
0.00679272
0.00279533
0.0026654
0
0
0
0.00253486
0.00270739
0.00590393
0.00516683
0.00280483
0.00591099
0
0
0.00253415
0
0.0123985
0.00265695
0.00279993
0.00566823
0.00254707
0.00378784
0.00597138
0.00541469
0.0140757
0.0118265
0
0
0.00254707
0.00265974
0.00359408
0.00278727
0.0318607
0.0439165
0.00589814
0.0120576
0.00294298
0
0
0.00307208
0.00960796
0.0490715
0.00908951
0
0.0056362
0.0142129
0.0172789
0.00259098
0
0.00564134
0
0.00272108
0.00288923
0.00565842
0.00580085
0.00285508
0.00537306
0.00355686
0.0163265
0
0.00272108
0.0029649
0
0.00280369
0.0164299
0.0250259
0.0222511
0.0126752
0.930042
0
0.00272108
1.00562
0.936285
0.262257
0
0.00293029
0.00478113
0.0162358
0.00954006
0
0.00283939
0.00260277
0.00293828
0.00267229
0
0.0129109
0.0326607
0.00272199
0.00260277
0.00272108
0.00293911
0.00297903
0.00568831
0
0
0.00266374
0
0.00724537
0.00277085
0.00303548
0.00259169
0
0
0.0029505
0.00608232
0.0104937
0.00573634
0.0025397
0.00261168
0
0.00574266
0.016906
0.00304692
0.00877007
0.00279358
0.00603515
0
0.00327687
0.00566823
0
0.00311708
0.00256672
0.0703952
0.0145935
0.00583214
0.00593027
1.00839
0.00518926
0.00269238
0
0.00541678
0.00402089
0.0195019
0.0449007
0.00302332
0.00278415
0.00805212
0.0024703
0.00294865
0.00354214
0.00548892
0.00550889
0
0
0.00293595
0.00588199
0.00848481
0.00798847
0
0.00560461
0.00842649
0.00251382
0
0.00896255
0.00556135
0.00290767
0.00760543
0.0596594
0
0.00569706
0
0.00680271
0.0158474
0.00871781
0.0374562
0.130554
0.0293467
1.03797
0.00285123
0.0055088
1.01896
0.87208
1.01659
0.00540415
0.00246152
0.0111305
0.0346079
0.129614
0.00571563
0.00270614
0.00273414
0.00558834
0.00269816
0.003726
0.00255723
0
0
0.0133916
0.00290925
0.00270614
0.00269957
0.00576859
0.00569788
0.00359799
0.0141642
0
0
0.00281303
0.00265664
0
0.00826405
0
0
0.00255666
0.00284078
0
0.00267154
0.00840403
0.00293911
0
0.00278189
0.00795751
0.00287619
0
0.00941958
0.034236
0.00803045
0.0111348
0.00257735
0
0
0.0026586
0
0.00462218
0.0302749
0.0055203
0.0113255
0.113163
0.00299494
0.0025205
0.00547881
0.00280829
0.00306517
0.00535754
0
0.00798377
0.948686
0.0056715
0.00531593
0.00284437
0
0.00741826
0
0.025514
0.0383594
0.00751768
0.00303183
0.00546348
0.00272285
0.00270597
0.00243781
0.00567073
0.00371298
0.0029226
0.00832864
0.0206233
0.0093138
0.00572422
0.00814277
0
0.00531981
0.00269028
0.0962697
0.0312579
0.0055825
0.0250603
0.0174951
0.00872049
0.00781035
0.00396925
0
0
0.00528273
0.00273414
0.00567073
0.00557571
0.00299697
0
0.0173907
0.0193878
0.0492859
0.122152
0.0305256
0.988263
0.00280397
0.00925916
0.00296071
0.282158
0.979291
0.00275571
0.00580295
0.0259379
0.00709792
0.00579396
0.00287668
0.00247425
0
0
0.00287771
0.0110795
0
0.00865239
0
0
0.0285723
0
0.00532901
0.00279029
0.00284168
0.0054975
0.00527867
0.00566876
0.00278273
0.00854891
0.00563244
0.0205932
0.0151943
0.00268567
0.00532901
0
0.00265664
0.00253415
0.00282706
0.00818278
0.00535613
0
0.00621108
0.00278816
0.00837424
0.00262089
0.00285283
0.00566489
0.00264251
0
0.00347841
0.056047
0.00563144
0.00508514
0.0340327
0.120885
0
0.00577694
0.00589147
0
0.00546004
0
0
0.83784
0.00284472
0.00550145
0.00242677
0.00291741
0.00280897
0.0154748
0.0186762
0.0146487
0.0382078
0.0370782
0
0.00817694
0.0136945
0.00281378
0.00284472
0.0143054
0.00561005
0.0248848
0.00408009
0.00817909
0.00597218
0.0808135
0.010828
0.00839369
0
0.00581318
0.00844945
0.0284867
0.0110244
0.00753809
0
0.00818174
0.0192558
0.079931
0.00270396
0.00259641
0.00887028
0.00290786
0.00370916
0.0136672
0.0282926
0.0248514
0.0672781
0.0173244
0.00255663
0
0.00289298
0.623396
1.00217
0.00790744
0.00292037
0.00290062
0.016693
0.0156807
0.00306686
0
0.00280426
0.00563282
0.00590062
0
0.00270048
0.00257953
0.00350346
0.011807
0.00782374
0.00555807
0
0
0.00590228
0.00274354
0.0108843
0.00277584
0.013788
0.00570307
0.00562867
0.0110572
0
0
0.0141279
0.0249154
0
0
0.00570307
0.00556613
0.00294208
0.00281541
0.0056901
0.00272285
0.00280507
0.00852397
0.0139922
0.00534114
0.0028712
0.00570307
0.00557952
0.00545588
0.00577337
0.0689217
0
0.00292195
0.00283157
0.0248409
0.00550578
0.0110869
0.00565138
0
0.00402089
0.0028712
0.617958
0
0
0.00556403
0.00309053
0.0113773
0
0.0116706
0.0246688
0.00343049
0.0163371
0.00244918
0.00271119
0.00808551
0
0.00560544
0.0110451
0.0250599
0
0.0165411
0
0.00270316
0.0954212
0.00286961
0.00280507
0.00552824
0.00817711
0.0081509
0
0.00871023
0
0.0140741
0.00265102
0.00934752
0.00577448
0
0.00849916
0.00290786
0.00841605
0
0.0087401
0.0139022
0.0231237
0.0673685
0.0152199
0.00288894
0.00969288
0.00272285
0.750748
0.00451423
0.00664019
0.00254283
0.0138752
0.0114626
0.00270578
0
0
0.00260257
0.00274648
0
0.00263346
0.00567038
0.0033565
0.0116434
0.0105376
0.00527718
0.00511645
0.00549153
0.0025647
0
0
0.00249408
0.0053527
0.0027093
0.00250169
0.00280829
0
0.00693535
0.00249408
0.00540667
0
0.0026974
0.00790952
0.00257979
0.0027093
0.00260702
0
0.0202955
0.00287489
0.00270915
0
0
0
0.0027093
0.00292738
0.0132199
0.00297663
0.00382087
0.0545946
0
0.0135169
0
0.00521888
0.00283157
0.071896
0.00299252
0.00280829
0.0273611
0.00553478
0.971557
0
0.0110754
0
0.00272402
0.00264687
0.0119694
0.0280465
0.016206
0.0078715
0.00261983
0.0164905
0.00682708
0.00437487
0.00827163
0.0105038
0.0141893
0
0.0224429
0.00281229
0.0984008
0
0.00283086
0
0.0248786
0.0719251
0.00552932
0.00428754
0.00266221
0
0.0351637
0
0.0136585
0.00837839
0.0026331
0.0511046
0.00275532
0.0173146
0.0128781
0.00331035
0
0.00819346
1
0.00867335
0.00389201
0.00283046
0.00247262
0
0.00371691
0.0025931
0.00446689
0.0083606
0.00839763
0.0150243
0
0.00507519
0
0.00283157
0.00260257
0.00767789
0.0131799
0.0027093
0
0
0.00258213
0.007654
0.00280829
0.00795203
0.0140898
0
0.0131695
0.00774254
0.170855
0.00588059
0.00312302
0
0.0215005
0.00264104
0.0106958
0.00263588
0.00259368
0.0208579
0.966994
0.00252148
0.00541398
0
0.00280812
0.00413884
0.027108
0.0336978
0.00719466
0.00303462
0.00253794
0.0106828
0.00805117
0.005644
0.0096573
0.00395282
0.0139175
0
0.0603015
0.00263346
0.0332929
0
0.00784197
0.00287576
0
0
0
0.00289298
0.00709908
0.00266488
0.00583482
0.0108487
0.00760748
0
0.0029915
0.00466535
0.00744482
0.0056062
0
0.00597434
0.00297793
0
0
0
0
0.00294683
0.00270976
0.00289298
0.0029648
0
0.00558679
0.00303871
0.00830992
0
0.064325
0.0221318
0.00273414
0.00264171
0.0028671
0.00814737
0.781018
0.997322
0.00491505
0.00260847
0.0028336
0.00304313
0.0059005
0.00383206
0
0.0200438
0.00351272
0
0.00260847
0.00278511
0.00273414
0.00781471
0
0.0105382
0.0034365
0
0.0134598
0.00285218
0
0.00552609
0.0197125
0
0.00286628
0
0
0.00302911
0.0028578
0.0044709
0.00576321
0.00263039
0
0.00296969
0.00551629
0.00274329
0
0
0.00269777
0.00262827
0.00288986
0
0.0028578
0.00258382
0
0.00543251
0.00548607
0.00290484
0
0.00261475
0.00253794
0
0.0613201
0.00253794
0.00778603
0.012144
0.335885
0.00244902
0.00286961
0
0.00844597
0.0215248
0.00554177
0.00570558
0.0296071
0.00286961
0
0.00294234
0.0154456
0
0.00416949
0.00266039
0.00264445
0.00261473
0.00548289
0.00339603
0.0109242
0
0.00515406
0.00554239
0
0.00547426
0
0.00554396
0.00282236
0
0
0
0
0.00810589
0.00598132
0.0107555
0.0028578
0.0388786
0.400031
0.00259573
0.010975
0.0205865
0.0028739
0.0220845
0.0028968
0.00619896
0
0
0.0141462
0
0
0
0
0.00574893
0.00794991
0
0.00593564
0.00297709
0
0.00297793
0.00320815
0.00297146
0.00344354
0.00298118
0.00286961
0.00935747
0.00261983
0.0286961
0.126167
0.00267216
0.00801647
0.0139458
0.00292333
0.00400823
0.0200412
0.0028983
0.00257979
0.00268544
0.00294032
0.00257979
0.00336494
0
0
0
0
0
0
0.0366192
0.0058818
0.00312693
