0.00974404
0
0.0125066
0.00263979
0.0116886
0.00263098
0.0161379
0.00925625
0.0201431
0.00261801
0.0430448
1
0.143693
0.00589298
0.00331956
0.00607462
0.00589298
0.08052
0.0200803
0.0598514
0.0512411
0.0704007
0.0113472
0.00283245
0.0340699
0.00550113
0.471919
0.744962
0.413725
0
0
0.00299515
0.00871617
0.0273191
0.00263979
0
0.00263979
0.125334
0.0717923
0
0.289772
0.0677082
0
0.0028753
0.0146618
0.063421
0.00590556
0.0175649
1
0.873947
1.01045
0.00274202
0.00252238
0.011225
0.00550628
0
0
0.0049742
0.00326292
0.00292749
0.00283245
0.386656
0.00604368
0.00258845
0.00528315
0.013933
0.00298529
0.0433089
0.00263979
0
0.013933
0.00298529
0
0.0543815
0.00269557
0.00283245
0.00589298
0.00286835
1
1.01876
0.33512
0.00269557
0.00269557
0.00288154
0.0163206
0.00533107
0.00288352
0.00298529
0
0.00288352
0.00263979
0
0.00269844
0.00644308
0.0029976
0.00269557
0.00282319
1.00399
0.752305
0.0280576
0.0079342
0.00269557
0.0148038
0.0111206
0
0.00272955
0.00291129
0
1
0.772587
0.00557784
0.00269176
0.00271244
1
0.0897554
0
0.226805
0.0128845
0.00287701
0
0.00567368
0.0113141
0
0
0
0
0.0365347
0
0.0255285
0.00290039
0.665014
0.00263979
0.0298456
0.540757
0.0157047
0.0181186
0.0137641
0.0267352
0.016935
0.0550563
0.00272742
0.0174084
0.0200115
0
0
0.00299656
0
0
0.0108604
0.0025786
0.0499793
0.0247518
0.00264519
0.00267431
0.653487
0.0157249
0.739868
0.0136004
0.00273668
0.00262082
0.00404222
0.00601013
0.00269657
0.00492116
0.00262082
0.00986342
0.0029906
0.00251165
0.00896283
0.00446899
0.290762
0.00306781
0.00325135
0.0421702
0.00608472
0.00303325
0.0663527
0.00254361
1
0.00265162
0.0110473
0.00265162
0.00271751
0
0.00305651
0.213556
0.00608472
0.00262082
0.0198231
0.016737
0.0231741
0.00278872
0.0152826
0.00262082
0.0327545
0.028161
0.00264911
0.066745
0.0175907
0.0130993
0.0270364
1.00156
0.051448
0.00278757
0.0143688
0
0.0216656
0.39899
0
0.108534
0
0.00854237
0.0244059
0.00630614
0.010577
0.018958
0.0407533
0.0102475
1.03933
0.00303325
0.00834231
0.00310779
0.0119971
0
0.00299122
0.00301953
0.00301953
0.00264935
0.00311158
0.00259403
0.0136441
0.00293717
0.00257366
0.00253785
0.00267143
0.0027005
0.00253785
0.00515868
0.922712
0.00303325
0.00268139
0.00807592
0.00303325
0.0140455
0.0029906
0.0084595
0.0029906
0.0029906
0.00257626
0.00262082
0.0164032
0.00301953
0.0035025
0.00542003
0.00709746
0.45046
0.0139736
0.0250724
0.0117672
0.00561964
0.0274281
0.997393
0.0285164
0.0276796
0.00265162
0.0029906
0.0112148
0.00304135
0.0026107
0.0541728
0.00267462
0.0257611
0.0500595
0.0182542
0.00555024
0.0255284
0.0142344
0.0835745
0.0224627
0.203189
0.00265162
0.0224857
0.00527631
0.0026107
0.00566796
0.014327
0.00568395
0.00666819
0.00503116
0.00556413
0.0107221
0.638481
0.00278317
0.00555024
0.00725756
0.00282044
0.00283453
0.574506
0.0334186
0
0.00297824
0.0301253
0.0408501
0.0642769
0.00263639
0.0839921
0.0655416
0.0203626
0.05948
0.422694
1.00273
0.105834
0.00329668
0.116062
0.0282242
0.0918564
0.0164876
0.015083
0
0.10992
0.00592705
0.00280551
0.00302433
0.0780985
0.00297362
0.891384
1.00681
0.423662
0.00574959
0.00290859
0.00575301
0.00284983
0.00270408
0.00256275
0.00824892
0.0308933
0.00961031
0.00824892
0.0026156
0.140485
0.0140124
0.0728377
0.58365
0.00547746
0.0499663
0.00296731
0.0135839
0.00555728
0.00553788
0.0730387
0.0110846
0.00513783
0.00311913
0.00290367
0.985438
0.00286682
0.608088
1.01031
0.00568617
0.0029138
0.084812
0.00281311
0.00515107
0.00810172
0.00768825
0.0140655
0.00731058
0.00575301
0.0025176
0.00268805
0.0109014
1
0.00269608
0.125583
0.254489
0.0064224
0.00792365
0.0470547
0.008238
0.0116073
0.0551369
0.00669728
0.003147
0.0144153
0.00293334
0.00722332
0.00620767
0.0145003
0
0.00303775
0.0029897
1
0.646376
0.661012
0.00836253
0.00250204
0.00286899
0.00291719
0.00297883
0.00860696
0.008238
0
0.00290815
0.00308648
0.00477122
0.0254395
0
0.00290007
1
0.945696
0.00289249
0.0028571
0.0030033
0.0138023
0.00268805
0.00288307
0.00255079
0.0026128
0.00272398
0.00275989
1
0.988378
0.00547043
0.00248777
0.0594839
0.00254963
0.0617635
0.0125854
1
0.0083902
0.0025176
0.00854948
0.0112453
0.00270089
1.19535
0
0.00304712
0.00548171
0.0391143
0.00287836
0.00293259
0.128466
0.0148267
0.00275602
0.0071611
0.603296
0.117847
0.00598143
0.00863608
0.010011
0.0082125
0.00433546
0.00294368
0.00274771
0.0295298
0.0847468
0.182384
0.0230238
0.0227305
0.136383
0.0055681
0.00547043
0.0116645
0.00272703
0.00390289
0.00975426
0
1.0142
0.0027193
0.00251079
0.00280239
0.0164201
0.0219853
0.0027193
0.13502
0.973087
0.0222766
0.0226772
1.01085
0.0122225
0.0307326
0.00570355
0.00535005
0.0165029
0.254143
0.00296021
0.00278989
0.0213749
0.00554088
0.0148863
0.0275045
0.797824
0.037662
0.00299636
0.962776
0.437955
0.966598
0.984633
0.0455263
0.191575
0.00838311
0.137794
0.00532663
0.050669
0.368439
0.597891
0.100695
0.422888
0.0919206
0.0920777
1
0.827318
0.0851147
0.199594
0.0576649
0.622719
0.0443134
0.425004
0.0677571
0.0279586
0.0407764
0.0678051
1
0.333027
0.95846
1
0.0814319
0.420029
0.0532711
0.0360443
0.0533103
0.772658
0.456654
0.660072
0.266184
0.674686
0.0464778
0.0543229
0.0465611
0.52183
0.366287
0.796284
0.00527477
0.00527477
0.00319105
0.00745456
0.25853
0.227003
0.411269
0.474602
0.0170027
0.776696
0.0170027
0.00576114
0.130524
0.00576114
0.0165899
