0.644395
0.440092
0.277546
1.01443
0.282562
0.00573058
0.005571
1.0056
0.212871
1
0.541369
0.709022
1
0.480874
0.988473
0.393626
0.281248
1
0.382599
1
0.447766
0.00310741
0.00288817
0.0867118
0.0920244
0.00306777
0.502483
0.929458
0.00837155
0.0120059
0.00795943
0.00760601
0.303825
1.00622
1
1
0.492997
0.0547289
1
0.397075
0.0203767
0.314521
0.115844
0.103801
0.247291
0.0997204
0.298201
0.261795
0.015366
1
0.0132344
0.0135628
0.995506
0.0132344
0.00267105
0.0153415
0.0158407
0.168126
0.00589635
0.00607892
0.250932
0.0113175
0.0591369
