0.0201666
0.0752166
0.0148001
0.0271012
0
0.032165
0.495544
0.0148001
0.0202941
0.0271012
0
0
0.0145507
0.0277149
0.032165
0.986281
0.0148001
0.0202941
0.0271012
0.0402439
0.0145507
0.083109
0
1.00253
0.0202941
0.0271012
0.0402439
0
0
0.776073
0.0201808
0.027659
0.329061
0.157113
0.259163
0.013209
0.127024
0.376134
0
0.0481518
0.0277456
0.0513571
0.0671119
0.0387718
0.243533
0
0.0481518
0.0995245
0.0938604
0.0671119
0.0201405
0.156421
0
0.0357369
0.0481518
0.1597
0.106193
0
0.0671119
0.0201405
0.359841
0
0.0166093
0.0416343
0.319488
0.106193
0.0202246
0.0671119
0.329199
0
0.0416343
0.20005
0.0163815
0.238893
0.0384879
0.0671119
0.312776
0
0.0146682
0.20005
0.0281086
0.25221
0.0384879
0.227351
0.0935812
0.0334387
0.141002
0.347774
0.0384879
0.0158941
0.195954
0.127976
0.0292312
0
0.111387
0.387224
0.0180873
0.163574
0.110751
0
0.0552102
0.37614
0.0180873
0
0.131237
0.110751
0.0276638
0.17403
0
0
0.0799793
0.0266604
0.0276638
0
0.202736
0
0.0876159
0.0147935
0.0276638
0.2169
0
0.0262595
0
0.0160229
0.0368582
0
0
0
0.0310588
0.672918
0.0198387
0
0.0262595
0
0.0160229
0.0368582
0
0.0152642
0.987971
0.0198387
0
0
0
0.0160229
0.0368582
0.0196157
0.0200798
0.0305478
1.00068
0.0198387
0
0
0
0.0319621
0.018595
0.0406587
0.0200798
0.0152836
0.699721
0.0198387
0
0
0
0.018595
0.0331292
0.0200798
0
0
0.344953
0.0198387
0.0165211
0.0200798
0
0.0392942
0.0198387
0.0168984
