0.328207
1.00797
0.468488
1
0.15971
1
0.207012
1
1
1
0.687552
0.42669
0.770472
0.97893
0.840223
0.655931
0.995274
0.00916763
0.986535
1.02529
0.13391
0.045003
0.0158914
0.0175433
0.0139754
0.296465
0.0026796
0.0132172
0.0012673
0.00133026
0.00123608
0.00129931
0.0118859
0.0124991
0.23946
0.00414302
0.320739
0.869652
0.325919
0.555107
0.00262806
0.00433619
0.202147
0.383273
0.0112816
0.0145065
0
0
0
0.208076
0.556335
0.380556
0.0339713
0.00149561
0.00155273
0.00797526
0.0441424
0.0273547
0.811149
0
0.00407515
1
1.0343
0
0
0
0
0
0
0.365984
0.00389797
0.819037
0
0.0797305
0.00149561
0.00145171
0.0026464
0.00692596
0.00417747
0.0396605
0.00195327
0.00454425
0.00137532
0.00279633
0.00140867
0.135274
0.00151475
0.750844
0.981326
0.374972
0.32526
0.607085
0.363986
0.347136
0.038384
