0.333973
0.0278214
0.0638239
0.317921
0.013298
0.0465007
0.0240992
0.019823
0.0425224
0.9963
0.00644614
0.000980421
0.00101156
0.00102219
0.000998176
0.00367658
0.144905
0.132366
0.141545
0.586503
0.000958767
0.00151384
0.00100537
0.000958767
0.000980731
0.000958767
0.00151384
0.000958767
0.000958767
0.277205
0.00143815
0.000985093
0.418738
0.00137995
0.117631
0.00127881
0.00219003
0.0013392
0.00135442
0.0277591
0.0162035
0.000690136
0.000716492
0.000690136
0.000690136
0.000716492
0.000690136
0.00402079
0.000697852
0.434271
0.00104836
0.000697977
0.0230524
0.453349
0.000372317
0.994704
0.00208623
0.0272408
0.00890943
0.00378585
0.00247813
0.0140042
0.00197643
0.00344984
0.0515647
0.00131014
0.00135785
0.00130978
0.00130978
0.00130978
0.00132296
0.00204496
0.00204554
0.00204554
0.00204554
0.00204612
0.00209037
0.00204554
0.00214428
0.00182392
0.00178437
0.00181995
0.000742494
0.138672
0.541531
0.324915
0.880974
0.0418037
0.0185127
0.0315309
0.0152523
0.00306191
0.00172114
0.00178077
0.00179146
0.00142385
0.00556711
0.0105553
0.00693915
0.00138582
0.000344167
0.00542395
0.00140335
0.00455412
0.000342208
0.000868841
0.145073
0.0159499
0.00140725
0.00181359
0.0143568
0.0353683
0.617355
0.184926
0.300346
0.000976289
0.00199675
0.000976014
0.000975739
0.00151579
0.000351016
0.000976014
0.000976014
0.00164107
0.00164107
0.00130484
0.00164107
0.00164107
0.00166721
0.003077
0.00157738
0.000347423
0.00163105
0.000334299
0.0115968
0.0013675
0.00166141
0.010323
0.00745784
0.00203003
0.00164107
0.00186969
0.00113461
0.00583576
0.001727
0.000665051
0.00164107
0.00137163
0.0010541
0.00645438
0.233113
0.363515
0.181498
0.275118
0.0420923
