0.559771
0.0689864
0.0572058
0.202391
0.0118463
0.00128583
0.00292029
0.254441
0.58175
0.034774
0.0395071
1
0.02756
0.185534
0.31155
0.298573
0.820759
0.140306
0.181135
0.0137362
0.480895
0.611005
0.00338306
0.0161071
0.314497
0.00536902
0.00328315
0.00337787
0.00805354
0.224946
0.016245
0.000644678
0.00710044
0.000669298
0.00276291
0.0243035
0.000669298
0.000644678
0.00884158
0.946924
0.00174182
0.0367066
0.938609
0.0131388
0.00271062
0.0143326
1.05427
0.00608066
0.147776
0.046275
0.0100479
0.00759813
0.00497357
0.0243818
0.00899838
0.00209962
0.104714
0.000616098
0.00489173
0.000609705
0.014516
0.00570874
0.00550663
0.00862885
0.00550663
0.00189332
0.0127763
0.00550663
0.001449
0.00340701
0.00556204
0.000616272
0.00914447
0.000748527
0.00209444
0.00209503
0.00209503
0.00209503
0.00209562
0.00220221
0.00209503
0.00219616
0.00220221
0.00785638
0.00215446
0.00111746
0.137242
0.00615757
0.00647145
0.224433
0.506974
0.334222
0.0065171
0.311946
0.526313
0.0635141
0.000691678
0.00387342
0.00129114
0.000664129
0.00129114
0.000664316
0.000635268
0.000691703
0.000664316
0.000664316
0.00134437
0.00065605
0.000626824
0.00268639
0.000635268
0.000600918
0.0395174
0.0396473
0.016294
0.00181177
0.222511
0.0316569
0.00224433
0.00333712
0.00346458
0.0274265
0.127574
0.00728087
0.991408
0.032919
0.203481
0.660391
0.00204862
0.0013471
0.00102204
0.000787233
0.000729145
0.000675758
0.0216594
0.00347868
0.0203496
0.0120022
0.00702785
0.00685034
0.0107486
0.000993909
0.00149905
0.000646077
0.0223447
0.00152936
0.46411
0.723732
0.321189
0.530944
0.110899
