0.414344
0.21228
0
0
0
0
0
0
0
0
0
0
0
0
0
0
0
0.0140756
0.00289767
0
0
0
0.00289767
0
0.0574393
0
0
0
0
0
0
0.00290656
0
0
0
0
0
0
0
0
0
0
0
0
0
0
0
0
0
0
0
0
0
0
0.00291479
0
0.00406381
0.0121914
0.0241122
0
0
0
0
0
0
0
0
0
0
0
0.0163858
0
0.00327716
0
0.0409645
0.0309219
0
0
0
0
0
0
0
0
0.00288241
0.00288177
0.00324821
0
0.00557672
0.00285424
0.0109759
0
0
0.0161013
0
0.00268354
0
0
0
0.00450547
0.00292943
0.0140157
0.00367364
0
0
0.0201884
0.00843456
0.0204236
0.183337
0.633339
0
0
0
0.00285849
0.0140773
0
0
0
0
0
0
0.0136775
0.00295985
0
0.00280764
0.00265662
0
0
0.0141905
0
0.00280764
0
0
0.00295985
0.00284466
0
0.00946035
0
0.00280764
0
0
0
0.00502
0
0
0.00572157
0.00269318
0.00481936
0.0414206
0.0112233
0.00567479
0
0.16659
1
0.205168
1
0.960176
0
0.00282899
0.00283811
0.0193734
0.00280764
0
0.00291154
0.00387014
0
0
0
0.00280764
0
0
0.0028187
0.0168458
0.00291859
0.00270054
0
0
0.00288029
0.00268015
0.0139191
0
0.00297107
0.00688017
0
0.00280764
0.00285587
0.00292224
0
0.0141649
0.0140382
0.00568933
0
0.00554743
0
0
0.00296422
0
0.304017
0
0
0.00270328
1.0536
1.01016
0.47583
0.982638
1
0
0.0163738
0.0405482
0
0
0
0
0.00280764
0.00280764
0
0.0166414
0
0.00267742
0.0120327
0.00293353
0
0.00565126
0
0.0029367
0
0.00295046
0.0183039
0.0028069
0
0
0.00401091
0.0029367
0.0100633
0
0
0.0335925
0
0.0279783
0
0
1.01553
1
0.552735
0.48943
0.00277022
0
0
0
0.00280843
0
0.00280764
0.00283811
0.00297892
0
0.00291945
0.00287322
0
0
0.00283811
0
0
0.00297892
0
0.00271771
0.0106675
0.00287322
0
0
0.00851432
0
0
0.00575308
0.00280764
0.02164
0.0105286
0.00280764
0.985203
1.03748
0.245018
0.192252
0.0411843
0.0429352
0.0037004
0.00535773
0.416721
0.938763
0.995667
0.00581367
0.833824
1.00386
1
0.00294577
1
0.733145
0.0593986
0.262717
0.0066738
0.0219282
0.00394651
0.0124033
0.0138445
0.00262152
0.0328807
0.0177267
0.0324433
0.00368088
0.00289511
0.00296902
0.00289511
0.0135463
0.00281456
0.00868534
0.0821117
0.00434267
0.0108567
0
0.00289511
0
0
0.00308946
0.00448511
0
0
0.00289511
0.00289511
0
0.00296727
0.00289511
0
0.00289511
0
0.315478
0
0.0030229
0.0266469
0.00289511
0.110565
0.00273644
0.00326135
0.00268458
0.163375
0
0
0.0307995
0
0.0134442
0
0.00303227
0.00549494
0.00484344
0.075248
0
0
0
0
0
0
0
0
0.00289511
0
0
1.00047
0
0
0
0
0
0
0
0
0
0
0
0
0
0
0.00299561
0
0
0.210284
0
0.00246312
0
0
0
0.00246312
0
0.00248613
0.00249584
0.0029653
0
0.00249584
0
0.00260294
0
0
0.00247118
0.00249584
0.00264724
0.0027728
0.00234422
0.00360916
0.00531512
0.0142837
0.00254739
0.00289511
0.00293787
0.383156
0
0
0.00253358
0.00302819
0.0090063
0
0
0
0.00302081
0.00249584
0.00293322
0
0
0
0.00834295
0.00255616
0.00601828
0
0
0.00246312
0
0
0
0.0164568
0.0111998
0.0376102
0.0181512
0
0
0
0.865066
1.1126
0.0027413
0
0.00639876
0.00278031
0.00273976
0.0029653
0.0100215
0.00268324
0.0028787
0
0
0
0.00279449
0.00533673
0
0
0.0837599
0.00306064
0.00573168
0.00285629
0
0.00254232
0.00239592
0.0030279
0.00559053
0.00538937
0.00247741
0.00271483
0.00274053
0.00254232
0.0416442
0
0
0.00261208
0.00306974
0.0222456
0.0101237
0.0027728
0
0.00510792
0
0.00574383
0.0029965
0.00511492
0.00396935
0
0.00286024
0
0.0461298
0
0.0117286
0
0.00281757
0.00838001
0.00674356
0
0.00883201
0.0743728
0
0.00288952
0.00294316
0
0.00342567
0.011293
0.0362922
0.217715
0.0431557
1
0.7377
0.00290508
0
0.00288952
1
1
0.69712
0.870282
0
0.00279299
0.0132523
0
0.00586816
0
0.00275727
0
0.00261983
0.00259547
0
0.00250111
0.0027413
0.00674176
0
0.00528739
0.00963172
0.00251153
0.00284687
0.00281402
0.0029653
0
0
0.00833563
0.00273695
0.00273695
0.00274699
0.0395301
0
0.00286185
0.00545943
0
0.00555533
0.00273695
0.00263534
0.0432101
0
0.00281915
0.00823858
0.00551341
0
0.0030049
0
0.0084654
0.0025604
0.087182
0.00427494
0
0
0.0034374
0.00605029
0.00794575
0.00750672
0.00252435
0.00257801
0.0059471
0.00342119
0
0.00868619
0.0283182
0.00302918
0.00577079
0.00789214
0.00480074
0.0075852
0.0023754
0.0025604
0.0028248
0.00290997
0.00320049
0.0043215
0.00831469
0.00553935
0.00384631
0.00700788
0.0194949
0.00261983
0.0054106
0.00288952
0.00278965
0.00604369
0.00940019
0
0.00856507
0.00796108
0
0.00750773
0.00278031
0
0.00281838
0.00919837
0.0377635
0.011258
0.0138141
0.0208028
0.00727029
0.973048
1
0.00287617
0.00416571
0.0203369
0.00503701
0.619371
0.955676
1
0.984396
0.00259693
0.00541358
0.00280607
0.00983469
0.00291529
0
0.00258988
0.00617072
0
0
0.00284943
0.00536797
0.00266074
0.00274777
0.00336728
0.00296195
0.00260251
0.00285801
0
0
0.0025604
0
0.00252516
0
0.0025604
0.0055466
0
0.00260734
0.00529483
0
0
0.00557633
0
0.0025604
0.00246312
0
0.00260734
0.00281568
0
0.0107265
0.00289511
0.00288952
0.00261627
0.00279199
0.00536244
0.00358719
0.00291549
0.0059008
0
0.00277365
0.00544959
0
0.00380727
0
0.00275727
0.00288589
0
0
0.0176105
0.00302212
0.0028077
0.00293509
0.00253692
0.00265069
0.00473708
0.00286417
0.00274697
0.00696333
0
0.00295094
0
0.0173851
0.00293509
0
0.00266516
0.00278412
0.00263962
0.00565124
0
0
0.0477624
0.00251456
0
0.00266516
0.00294086
0
0
0
0.0026878
0.97748
1.01294
0.00269626
0
0.00526076
0.468403
0.536649
0
0.00511652
0.0159435
0.0107127
0.00295796
0
0.00252381
0.00276021
0
0
0
0.00510902
0
0.0137588
0.032539
0.00265725
0.00263725
0.00282022
0.00252381
0
0
0.00275951
0.00279199
0
0
0.00281838
0
0
0.00294747
0.00278533
0.00752594
0
0
0
0
0.00281838
0
0
0.0147073
0
0
0
0.00263061
0
0
0.00278422
0
0
0
0
0.00263061
0.00284012
0
0
0.00280607
0.00293509
0
0.00264707
0.0106584
0
0.00367707
0
0.00304418
0
0.00498216
0.00280607
0
0.00289423
0
0.00296298
0
0
0.00294086
0.00554001
0.00536651
0
0
0
0
0.00271467
0
0.00565067
0
0.0130639
0.00274513
0
0.963704
1
0.00588445
0.00565067
0.40003
0.297037
0
0
0
0.0318865
0.00299858
0.00292953
0.0029653
0
0
0.00579051
0.00374167
0
0
0.0029653
0
0.013186
0
0
0
0.00235746
0
0
0.00617287
0
0
0.00279199
0
0
0
0.00275951
0
0
0.00639143
0
0.00284573
0.00289659
0
0
0
0.0125994
0
0
0.00286256
0
0
0.00523764
0
0
0
0.00300225
0.0040572
0.00246485
0.00277302
0.00736355
0
0
0
0.00260011
0
0
0
0
0.00583264
0
0.00981683
0.00299352
0
0.810572
0.00987315
0
0
0
0
0
0
0.00309571
0
0.00751982
0
0.00261208
0.00295036
0.00286256
0
0.00296725
0
0.00582785
0.00533227
0
0.00476685
0
0.00302009
0
0.00250906
0.00275727
0
0
0.00280119
0.00275727
0
0.00506413
0.0149229
0.00639876
0
0.0179719
0.00487883
0.00280607
0.00508572
0.002709
0.00275727
0.00489317
0
0.00396114
0
0.0181926
0.0056137
0.0029653
0
0.00266997
0
0.00306056
0.026967
0.00256727
0
0.00280607
0.00937341
0.00278649
0
0
0.00664715
0.00550277
0
0.00273533
0
0
0.0170454
0.00261877
0.00274531
0.00261208
0.00572619
0.00275951
0
0.00275951
0
0.00260734
0.00266228
0
0.00261208
0
0.00275951
0
0
0
0
0
0.00275824
0
0
0
0.00259868
0
0
0.0029653
0
0.00258922
0.00265018
0
0
0.0053546
0.00313982
0.00824934
0
0
0.00556859
0.00315372
0.00262496
0
0.00548738
0.00266808
0.00293546
0
0.00265018
0.00863293
0.0027641
0
0
0
0.00548318
0.00473708
0.00274382
0.0028908
0.00258988
0.00570472
0.0138961
0.00289919
0.00710641
0
0.00261877
0
0.0136465
0
0.0115709
0
0.00286861
0
0.00531547
0
0.00715488
0.00294086
0.00261877
0.00547633
0.00275951
0.00239495
0
0.00555294
0.00263401
0.00882767
0
0.00275951
0.00275951
0.00280503
0.00251153
0.00521336
0.00583379
0.0028517
0.00289936
0
0.00281838
0.00525206
0.00257902
0.0347799
0
0
0.0161857
0.00531054
0.00281838
0
0.149108
0.00750294
0.00262909
0.00288723
0.00308618
0
0.0119414
0.0163019
0
0.015644
0
0.00262909
0
0
0.0109735
0.00274464
0.00312881
0.00303508
0.00274155
0.0157745
0
0.00254232
0.00565067
0.0252347
0.00494216
0
0.00252225
0.00497498
0
0.00310991
0.018121
0
0
0.00262909
0
0
0.0171777
0.00532499
0.00369468
0.00834608
0.00385135
0
0.00522185
0.00417304
0
0
0
0.00291823
0
0.00963335
0.00515441
0
0.00279199
0.00270837
0
0.00275951
0
0.0054891
0.00292803
0.00556564
0
0.00293509
0.00540663
0.00311786
0.00524343
0
0.0147132
0
0.00291577
0
0.00278031
0.00534379
0
0
0.0114529
0
0.00246312
0.00418604
0.00288067
0
0
0
0.00258984
0.0208314
0
0.0143199
0
0.00284696
0
0
0.0028057
0
0.00564949
0.00260258
0.00269965
0.00279121
0.00284573
0.00538916
0.00258988
0
0.00260564
0
0.00261877
0.00272569
0.00293509
0
0
0.00275438
0
0.00261877
0.0026983
0
0
0.00527843
0.0054699
0.00521745
0
0.00841269
0
0
0.0054699
0.00508848
0
0
1.00175
0.0577986
0
0.00254232
0
0.0111199
0.00537316
0.003466
0.0027728
0
0.00290763
0
0.0277338
0.00258668
0.00277396
0.00550571
0.00269899
0.00437993
0.00282837
0
0.00550571
0.00277396
0.00277396
0.0042626
0.00756534
0
0.0138698
1.0115
0
0.00557387
0
0
0.00574928
0
0
0
0.0146075
0
0
0
0.00825954
0.00284573
0.00288067
0.00288067
0.00288545
0.00308195
0
0.00284573
0
0.00288067
0.00293509
0
0.00297704
0
0.00298306
0.00261877
0
0.00288067
0.00572042
0.129498
0
0
0
0.0140069
0
0.00259868
0.00572042
0
0
0.0494936
0.986047
0.247327
0.00298382
0.00490143
0.00711432
0.004298
0.00289045
0.00465681
0.0106715
0.0271426
0.00569631
0.00581366
0.0059678
0
0.0152215
0.0115401
0
0.00466345
0.0042091
0.00292595
0
0.00294505
0.532414
0
0.0577609
0.00258988
0.00273618
0
0.00280902
0.00273695
0
0
0.00259868
0
0
0.010568
0.00288067
0.202474
0.494223
0
0.00263941
0
0
0.00281275
0.00254232
0.00420914
0
0
0
0
0.00593067
0
0.00430292
0.512792
0
0
0
0
0
0
0.00254439
0.00420914
0.0593141
1
0.00256135
0
0.0028248
0.00253692
0.589579
0
0
0
0.00288067
0
0.00288067
0.0354893
1
0.00297477
0.0222397
0
0.0983294
0.00250147
0
0.00258915
0
0.00258988
0.00258988
0.00258988
0.0148194
0
0.00253692
0.00400567
0.0031873
0.00691888
0.00986478
0.00253692
0.071894
0
0
0.00253692
0.00263861
0.00253692
0.00273181
0.00253692
