0.0115494
0.0655549
0.020135
0.0115494
0.0655549
0.020135
0.0115494
0.0655549
0.020135
0.0531729
0.0334146
0.020135
0.0531729
0.0334146
0.020135
0.0531729
0.0334146
0.020135
0.0531729
0.0334146
0.020135
0.0531729
0.0334146
0.020135
0.0531729
0.0334146
0.020135
0.0531729
0.024427
0.0303225
0.0245717
0.0531729
0.024427
0.0303225
0.445605
0.0878171
0.024427
0.799315
0.0101937
0.0878171
0.024427
0.560161
0.00801701
0.0111691
0.0878171
0.024427
0.0201768
0.0120101
0.294703
0.00801701
0.0123765
0.0215813
0.0878171
0.0334583
0.0272439
0.0154451
0.0201768
0.00785889
0.00746062
0.0532093
0.0160195
0.0240861
0.326087
0
0.0106728
0.0123765
0.0215813
0.0976829
0.0334583
0.0103489
0.0354262
0.0154451
0.0102072
0.00752496
0.0306818
0.0167796
0.00746062
0.0689554
0.0360694
0.0361295
0.351515
0.00979011
0
0.0214104
0.0108938
0.0104647
0.139188
0.00903134
0.0260266
0.0154451
0.0102072
0.0157863
0.049954
0.0340641
0.0152629
0.0685968
0.0353597
0.0482986
0.293607
0
0.0074393
0.00979011
0
0.0323976
0.0193351
0.0108938
0.0104647
0.129204
0.0131099
0.0262379
0.0154451
0.0111458
0.0102072
0.0144766
0.0703183
0.00751034
0.0262052
0.0239502
0.118932
0.0353597
0.0922467
0.242654
0
0.0074393
0.0196731
0
0.0323976
0.0232955
0.0193351
0.0108938
0
0.0104647
0.0633031
0
0.0132794
0.0262379
0.0154451
0.0348697
0
0.0144766
0.0799992
0.0227001
0.0262052
0.0239502
0.166341
0.0353597
0.103094
0.209767
0
0.0074393
0.00979011
0.0103417
0.0323976
0.0457541
0.0193351
0.0108938
0.0184215
0.00645923
0.0203352
0
0.327751
0.0255563
0.033786
0.0261337
0.0462949
0.0177275
0.0144766
0.101436
0.0227927
0
0.0348561
0.0239502
0.132853
0.055292
0.114993
0.217949
0.0149553
0.014638
0.00931275
0.0103417
0.0323976
0.0700591
0.0193351
0.0214272
0.0367345
0
0.0203352
0
0.584232
0.0248243
0.020296
0.056051
0.0544822
0.0159818
0.0462949
0.0177275
0.0144766
0.113167
0.0220569
0
0.0348561
0.0227052
0.0357678
0.13491
0.055292
0.114993
0.243729
0.0398071
0.021216
0.0103417
0.0435621
0.107659
0.010469
0.0589407
0.0523146
0.0145235
0.0367345
0
0.0203352
0.0130088
0.853771
0.0333359
0.0186535
0.042438
0.0562962
0.0509485
0.0610057
0.0177275
0.0228117
0.114655
0.0364975
0
0.0256142
0.0443135
0.0088554
0.0582449
0.0680283
0.00771024
0.0546391
0.149119
0.241472
0
0.0729094
0.0301617
0.0199894
0.0435621
0.120284
0.0108855
0.0786517
0.0308874
0
0.0558049
0.0141763
0.0299314
0.00677147
0.686743
0.0250271
0.00942352
0.0491399
0.0651566
0.0662937
0.0724195
0.0274442
0.0228117
0.103563
0.0652381
0
0.0166934
0.0443135
0.0088554
0.0588897
0.100973
0.00771024
0.0727378
0.137407
0.206513
0
0.0738574
0.0312401
0
0.0537961
0.0951275
0.0225989
0.0975675
0.0308874
0
0.0558049
0.0141763
0.0393811
0
0.688284
0.0240635
0.0195831
0.0494926
0.0754135
0.0673576
0.0602043
0.0274442
0.022148
0.0923086
0.0648327
0
0.0261164
0.0517689
0.0242662
0.0580168
0.100774
0.00771024
0.0741272
0.184038
0.177834
0
0.100887
0.0312586
0
0.0739339
0.105959
0.034387
0.208858
0.0295327
0.0293168
0.0896254
0.013749
0.030837
0.464573
0.0242345
0.0195831
0.0712336
0.0921725
0.0677093
0.0602043
0.0274442
0.0221325
0.134657
0.0777156
0
0.0504204
0.0366082
0.0413596
0.102881
0.10379
0.00771024
0.0176241
0.230342
0.15
0.00877616
0.0731373
0.0420252
0.0110414
0.0754396
0.128276
0.034387
0.149797
0.00986406
0.0293168
0.127371
0.013749
0.0404993
0.658078
0.040592
0.0290246
0.0719617
0.101874
0.0520124
0.0868719
0.0369175
0.0221325
0.155664
0.0567581
0.0134297
0.058515
0.0513732
0.0242662
0.102881
0.187583
0.01575
0.0176241
0.288063
0.149027
0.00877616
0.0872213
0.0410857
0
0.0740139
0.0936917
0.034387
0.149642
0.00986406
0
0.166479
0.0266134
0.0310496
0.00608574
0.596108
0.0491739
0.0383268
0.0567805
0.11924
0.0679561
0.0754467
0.0367092
0.030015
0.154672
0.0435844
0.0284632
0.0418111
0.0584384
0.0242662
0.114672
0.111561
0.00803979
0.089754
0.361106
0.141277
0.0169709
0.0930258
0.0518298
0
0.115654
0.0936917
0.0215228
0.113595
0.0415617
0.016531
0.20205
0.0192645
0.0301347
0
0.407464
0.0409741
0.0663689
0.0763293
0.120157
0.10103
0.0754467
0.0275328
0.02249
0.17542
0.0443733
0.0297071
0.0338856
0.0883543
0.0316841
0.114672
0.112752
0.00784682
0.089754
0.361106
0.133465
0.0169709
0.0667131
0.0412355
0.019748
0.178387
0.105328
0.0106373
0.0756171
0.0517825
0
0.2411
0.0327379
0.020127
0
0.374722
0.0485889
0.0777528
0.0768076
0.0659139
0.066527
0.0754467
0.0644366
0.0378297
0.196958
0.0366236
0.0291953
0.0594564
0.0583868
0.0242662
0.137464
0.0816407
0.00724598
0.0730232
0.370311
0.134032
0.0251005
0.0669007
0.0494428
0.030897
0.189715
0.0950116
0.0106373
0.0946476
0.0410748
0
0.204359
0.0456831
0.0301776
0.00626041
0.342534
0.0405474
0.0676003
0.0835253
0.0469838
0.0836188
0.0754467
0.064159
0.0296916
0.175731
0.0211938
0.0447253
0.0938915
0.0514985
0.0242662
0.149079
0.0662225
0.00724598
0.0357228
0.427918
0.117799
0.0573299
0.032308
0.0493184
0.0297796
0.179873
0.120092
0.0106373
0.11331
0.0623404
0.222549
0.0530422
0.0301776
0.0126171
0.278835
0.0164559
0.117529
0.0847202
0.0570192
0.0669665
0.111406
0.0719452
0.02249
0.196981
0.0143848
0.101739
0.042357
0.0744205
0.0242662
0.138519
0.0497121
0.00781606
0.0176241
0.414004
0.117799
0.11081
0.0329894
0.0298546
0.0308986
0.0948821
0.0967129
0.0209635
0.0360615
0.00965097
0.0304151
0.296469
0.0684704
0.0190504
0.0196065
0.219261
0.0247021
0.14827
0.123917
0.0573586
0.0657279
0.0885895
0.0732351
0.0156574
0.175547
0.0210882
0.0884022
0.0672733
0.0588131
0.0242662
0.171863
0.0805987
0.00781606
0.0534418
0.480666
0.0588489
0.047765
0.0194447
0.0201414
0.0522791
0.0749865
0.0715987
0.0109213
0.0732209
0.0414045
0.0294123
0.181611
0.00703607
0.00944972
0.026064
0.154229
0.00902318
0.0209373
0.0890561
0.0285292
0.0633441
0.996486
0.0183765
0.00789863
0.0934592
0.0143514
0.0302072
0.0349265
0.0358944
0.0332675
0.13448
0.132473
0.00708079
0.0918584
0.63062
0.0675597
0.0241185
0.0201898
0.00959074
0.0302541
0.0738823
0.0475481
0.0107434
0.0925141
0.0212456
0.0142085
0.0733476
0.00660137
0.00944972
0.0130188
0.108318
0
0.010467
0.119794
0.0480722
0.0663988
0.715673
0.00921071
0.00745878
0.146684
0.0133751
0.0151738
0.0519596
0.0444592
0.00834228
0.100615
0.0997702
0
0.0934047
0.790239
0.0501562
0.0310723
0.0200545
0
0.0309169
0.0430185
0
0.0107434
0.0734991
0.0312767
0.0543722
0.00683303
0.00944972
0.0137821
0.064905
0.0194836
0.111689
0.0383973
0.0162346
0.404623
0
0
0.148007
0.0205634
0.0290048
0.0263638
0.0364842
0
0.135287
0.130598
0.00743815
0.0737595
1.02894
0.0161257
0.0229688
0.0336584
0
0.0100316
0.0327664
0.0354251
0.0107434
0.15104
0.0142085
0.0700452
0.0198855
0.00944972
0.0197683
0.0538511
0
0.0104651
0.137193
0.0378556
0.0162346
0.335876
0.00878877
0
0.247665
0.00688238
0.0290048
0.0424409
0.0287918
0.00836324
0.329143
0.255365
0.00743815
0.0735977
0.999895
0.0486662
0.00737354
0.0659205
0.00953044
0.0200468
0.011048
0.0225818
0.0107434
0.128988
0.0198066
0.0357504
0.0132839
0.00944972
0.00706059
0.0421611
0
0
0.117697
0.0284853
0.0466375
0.383288
0.0176972
0.00717758
0.245073
0.00732688
0.0343051
0.0811662
0.0167055
0.194406
0.194529
0.00769274
0.0474451
1.00475
0.0409276
0.014803
0.0471902
0.0290539
0.0100152
0.0101384
0.0463238
0.108271
0.010339
0.0538807
0.00626377
0
0.0133961
0.0630908
0
0.0091212
0.103249
0.0284853
0.0152385
0.384078
0.0178031
0.00746248
0.202894
0.00695239
0.0137806
0.0252266
0.0651453
0.0167055
0.205947
0.0805676
0
0.0287553
0.520767
0.0327379
0.00737354
0.032878
0.0100152
0.0111091
0.0110706
0.0222659
0.107193
0.0200893
0.0344757
0.0129714
0.0108809
0.0133961
0.083559
0.007845
0.0198645
0.0903507
0.0174832
0.0307062
0.407336
0.00878877
0.00746248
0.161716
0.00709182
0.0142904
0.0243847
0.0513733
0.0160638
0.162257
0.0789198
0.0100115
0.396743
0.0327379
0.0151927
0.039691
0.0100152
0.0105583
0.0222153
0.107703
0.010339
0.0164679
0.0524411
0.0195515
0.00706059
0.0609216
0.007845
0.0292751
0.0838396
0.0173097
0.0307062
0.45587
0.0178758
0.00746248
0.160088
0.00695456
0.0142851
0.0160039
0.0514832
0.0158349
0.188963
0.0470503
0.00738178
0.0179846
0.641938
0.0327379
0.00781911
0.0401498
0
0.0100152
0.0203745
0.0223613
0
0.124762
0.010339
0.0164679
0.0703986
0
0.00706059
0.0298256
0.0158335
0.0198988
0.0775358
0.0173097
0.0307062
0.57368
0.00878877
0.170234
0.013932
0.014264
0.0157372
0.0361763
0.0237919
0.167729
0.0470503
0.0143349
0.0545558
0.598059
0.0245516
0.0157501
0.0466572
0.00967585
0.0100152
0.0098162
0
0.010435
0.107703
0.0214516
0.0356258
0
0.0136222
0.0196699
0.0236754
0.0198988
0.0775358
0.0173097
0.0307062
0.611463
0.0354139
0.00740225
0.189983
0.0137308
0.0157372
0.0361763
0.0156403
0.178836
0.0796736
0.214475
0.422458
0.0245516
0
0.0276667
0
0.0100152
0.0098162
0.011438
0
0.0543209
0
0
0.00643915
0.0136193
0
0.0158304
0.018819
0.0284869
0.0182753
0.046544
0.837109
0.0354139
0.00740225
0.0610046
0.0159358
0.0222174
0.00768328
0.0594545
0.0311546
0.0069461
0.46557
0.237861
0.0325202
0.0142625
0.0103485
0.0100152
0
0.011438
0.0178923
0
0.0359475
0.00643915
0.0136041
0
0.00784194
0.0371909
0.0142483
0.00840725
0.0311974
0.818678
0.0267975
0.00728008
0.0203291
0
0
0.00810124
0.0151667
0.015097
0.0817429
0.0475422
0.430327
0.237861
0.0163075
0.00721404
0.0212906
0.0197839
0.0104032
0
0.0168336
0.00654353
0
0.0274637
0.0142483
0.0470291
0.760511
0.0180088
0.00728008
0.0203291
0.00685903
0.0173021
0
0.00768328
0.092591
0.0321677
0
0.448282
0.237861
0.0412436
0.0281727
0.0100152
0.0108771
0
0.00614822
0
0.00909174
0.0133973
0.251458
0.0180088
0.00728008
0.0203291
0.00685903
0.0141359
0
0.00768328
0.104399
0.0163876
0.00707283
0.449879
0.215207
0.0162866
0.0353857
0.0100239
0
0.00909174
0.00648253
0.0719397
0.00915217
0.00728008
0.0203291
0.013771
0.0141359
0
0.00768328
0.104399
0.0163876
0.00707283
0.414823
0.203307
0.0162866
0
0.0283576
0
0
0.0110477
0
0.00909174
0.0132161
0.015959
0.0243453
0.00915217
0.00728008
0.0203291
0.013771
0.0152323
0.0811231
0.0163876
0.452887
0.170177
0.00833884
0.0283576
0
0.0110477
0.00909174
0.00648253
0.0239174
0.00915217
0.00728008
0.0203291
0
0.00768328
0.0707763
0.525605
0.170177
0.0168103
0.0214755
0
0.0110477
0.0105075
0.00909174
0.00648253
0.0121899
0.0203291
0.0157087
0.0476813
0.798269
0.157918
0.00833884
0.0214755
0
0.0110477
0.00909174
0.0134654
0.049803
0.0203291
0.00768328
0.0722254
0.876303
0.145767
0.00833884
0.0214755
0.0110477
0.00909174
0.0069829
0.0610933
0.00990323
0.00855232
0.00768328
0.0476813
0.915372
0.145767
0.00833884
0.0214755
0.0110477
0.0189908
0.0619648
0.00990323
0.00768328
0.0476813
0.932087
0.145767
0.00833884
0.0146285
0.0218107
0.0189908
0.0243516
0.00990323
0.00768328
0.0476813
0.987773
0.145767
0.00833884
0.0146285
0.0218107
0.0189442
0.0121899
0.00990323
0.00768328
0.0476813
0.888123
0.145767
0.00833884
0.00790977
0.0146285
0.0110477
0.0189442
0.00990323
0.0476813
0.812131
0.0477072
0.00833884
0.00741546
0.0110477
0.00909174
0.00990323
0.0598892
0.867343
0.0359743
0.00833884
0.00741546
0.00990323
0.0598892
0.49643
0.0359743
0.00833884
