0
0
0.00705985
0
0
0
0
0
0
0
0
0
0
0
0
0.0141107
0
0
0
0
0
0.00705985
0
0
0.00999084
0
0
0.0187111
0
0
0
0
0.00705985
0
0
0
0
0.00999084
0.00974825
0.0555511
0
0
0.087847
0.00721788
0
0.020246
0
0
0.0399947
0.0178286
0.0116955
0.0207677
0.0198826
0
0.0275713
0.0164822
0.00974825
0.00773297
0.600993
0.195413
0
0
0
0
0.00695448
0.020246
0
0.0790322
0
0.0178286
0.0125082
0.0116955
0.041612
0.00768361
0
0.0194833
0
0.00909136
0.0929869
0
0.00773297
0.997351
0.0874836
0
0
0.0181009
0.020246
0.0116978
0.0304072
0.00914721
0.0116955
0
0
0.027464
0.00841235
0
0
0.815182
0
0
0
0.0112139
0.0181009
0
0.0112863
0
0.00509577
0.14379
0.00684195
0.0203812
0.298388
0.00711465
0.0170749
0.297714
0.0134325
0.0170749
0.290456
0.0134325
0.011251
0.0170749
0.197521
0.0199282
0.0941193
0.011251
0.0170749
0.184881
0.0199282
0.107867
0.011251
0.0170749
0.177732
0.0199282
0.115643
0.011251
0.0170749
0.149625
0.0199282
0.139202
0.011251
0.0257615
0.105833
0.0345509
0.171166
0.011251
0.0257615
0.105833
0.0345509
0.171166
0.011251
0.0257615
0
0.00837786
0.0723684
0.0208707
0.229999
0
0.0257615
0.0319114
0
0
0.0136918
0.00649563
0.31623
0
0.0268562
0.108743
0
0
0
0.0136918
0.00649563
0.33001
0.012804
0.00967531
0.152827
0
0
0
0
0.00653974
0.00649563
0.0104887
0.163333
0.0254172
0
0.00967531
0
0.322259
0
0.0079928
0
0
0.00805498
0.0085973
0.0134326
0.0121279
0.0199142
0.0100456
0.0140861
0.0362875
0.00620065
0.00673354
0.0269147
0.0086508
0.0465555
0.0286558
0
0.992642
0
0.0137818
0
0.00733696
0.0153067
0
0.007602
0
0.0167689
0.00752717
0
0.0272362
0.0120021
0.020676
0.0220094
0.0253719
0.0235889
0.105362
0.0294433
0.00631613
0.0142569
0.0423689
0.0101484
0.208214
0.0268063
0.00849127
0.00985013
0.99674
0.11791
0.00785808
0.105363
0.0192596
0.00828179
0.0228728
0.0162699
0
0
0.0234245
0.01833
0.00714133
0
0.00657732
0.0141958
0.0183494
0.01098
0.0265153
0.0197433
0.0299985
0.0262136
0.0113262
0.129632
0.0400987
0.0193465
0.0154668
0.042393
0.21982
0.0271958
0.00813959
0
0.876964
0.0581855
0
0.0527929
0
0.0317407
0.0233435
0.00647017
0.0172241
0.0222555
0
0
0.00806096
0.0156046
0.0141716
0.00704372
0.0183494
0.01098
0.0258473
0.0103708
0.0104612
0.0299985
0.0267861
0.0239887
0.128073
0.0296172
0.0262316
0
0.0405856
0.0103287
0.189613
0.00980509
0.00835885
0.0386101
0.4023
0.100958
0
0.052388
0.0367939
0.031226
0
0.00701659
0.0258792
0.0103792
0
0.0346763
0.0161558
0.0156046
0.0139329
0.014089
0.0565381
0.01098
0.0258473
0.0303613
0
0.0438471
0.0173366
0.0125561
0.104169
0.0502816
0.0135662
0.00695239
0.0405614
0.0198459
0.160017
0.0187834
0.0304548
0.0405202
0.039613
0.0337906
0.0131935
0.0175342
0.00883282
0.00741456
0.00701659
0.0176103
0.0117651
0.0110217
0.0346763
0.00806096
0.0319039
0.0142513
0.00704526
0.0565381
0.01098
0.0195279
0.039224
0
0.0733956
0.00840959
0.0366132
0.0803419
0.0302226
0.013163
0.00695239
0.06884
0.0198459
0.158155
0.0188396
0
0.0201722
0.0311153
0.0394933
0.0337906
0.0262697
0.0350493
0.00778069
0.00741456
0.00701659
0.0264917
0.0221721
0.0110217
0.0327678
0.00806096
0.0156046
0.00704526
0.0389406
0.01098
0.0195279
0.039224
0
0.0733956
0
0.0240571
0.092715
0.0214984
0.013431
0.0140511
0.0807082
0.0198459
0.159147
0
0.00905624
0.0303177
0.0230713
0.0593745
0.0337906
0.0134728
0.0345432
0
0.0298941
0.00818028
0.01393
0.0178499
0.0221721
0
0.016621
0.0326636
0.0156046
0.0133294
0.00704526
0.0579268
0.01098
0.0129223
0.039224
0.0873611
0
0.0130761
0.0815164
0.0106188
0.020798
0.00706736
0.0402211
0.0287749
0.174352
0
0.0164796
0.00967476
0.0155865
0.0394933
0.0330114
0
0.0361659
0.0165094
0.03022
0
0.0136561
0.0089685
0.0117651
0.0110217
0.0188685
0.0237291
0
0.00771326
0.00696253
0.0189861
0.01098
0.00727111
0.00894753
0.266025
0.016115
0.0259646
0.0237863
0.0106188
0.013431
0
0.0402211
0.103515
0
0.00856993
0
0.0155865
0.020866
0.034003
0
0.0361659
0.0167933
0.0226317
0.0136561
0
0.011737
0.011723
0.0167388
0.00759261
0
0
0.0140342
0.0189861
0.0105153
0.0134482
0.00894753
0.347185
0.00818498
0.0391752
0.0108774
0.0106188
0.00627429
0.0263214
0.03002
0.00856993
0
0.00793515
0.0412758
0.04978
0
0.0354529
0
0.0233475
0.0143121
0
0
0
0.0167124
0
0.00646941
0
0.0115527
0.0134482
0.0195057
0
0.348072
0
0.0259646
0
0.00973614
0.00627429
0.00800945
0.0136052
0.030722
0.0084463
0.0194063
0.0412758
0.032914
0
0.0168213
0
0.00764692
0.00701659
0
0
0.00641978
0.0199859
0.0104364
0.0790475
0
0.00973614
0.00627429
0.00800945
0.0151426
0.0196296
0.0179743
0
0
0
0.00663955
0
0
0.00663683
0.00711642
0
0
0.0356038
0
0.00800945
0.0127433
0.00939001
0.0179743
0
0
0.00663955
0
0.00711642
0
0
0.00729294
0.00800945
0.00774795
0.00939001
0
0
0
0.00663955
0
0.00774795
0.00939001
0
0
0.00891001
0.00939001
