0.483949
0.842846
0.559602
0.101076
0.0244269
0.00697694
0.0244269
0.00697694
0.0244269
0.00697694
0.0244269
0.00697694
0.0244269
0.00697694
0.0244269
0.00697694
0.0244269
0.00697694
0.0244269
0.00697694
0.0122391
0.00697694
0.00900953
0.0122391
0.00697694
0.00900953
0.0137363
0.00900953
0.0269633
0
0.779744
0
0
0
0.0252784
0.0154238
0.997237
0
0.0095943
0.0252784
0.0589145
0.0154238
0.834494
0.00699498
0.0972046
0.0487834
0.308993
0.00699498
0.0972046
0.0487834
0.00732161
0.0612381
0.00699498
0.0972046
0.0487834
0.0139079
0.00732161
0.0437795
0.00699498
0.0972046
0.0487834
0.0139079
0.00732161
0.0437795
0.00699498
0.116268
0.0252784
0.0139079
0.00732161
0.0437795
0.00699498
0.127156
0.0252784
0.0139079
0.0437795
0.00699498
0.00862996
0.168222
0.0126441
0.00843801
0.0139305
0.148963
0.040174
