0
0
0
0
0
0
0
0
0
0
0
0
0
0
0
0
0
0
0
0
0
0
0
0
0
0
0
0
0
0
0
0
0
0
0
0
0
0
0
0
0
0
0
0
0
0
0
0
0
0
0
0
0
0
0
0
0
0
0.400453
0
0
0
0
0
0
0
0
0
0
0
0
0
0
0
0
0
0
0
0
0
0
0
0
0
0
0
0
0
0
0
0
0
0
0
0
0
0
0
0
0
0
0
0
0
0
0
0
0
0
0
0
0
0
0
0
0
0
0
0
0
0
0
0
0
0
0
0
0
0
0
0.286787
0.409667
0
0
0
0.781633
0
0
0
0
0
0
0
0
0
0
0
0
0
0
0
0
0
0
0
0
0
0
0
0
0
0
0
0
0
0
0
0
0
0
0
0
0
0
0
0
0
0
0
0
0
0
0
0
0
0
0
0
0
0
0
0
0
0
0
0
0
0
0
0
0
0
0
0
0
0
0
0
0
0
0
0
0
0
0
0
0
0
0
0
0
0
0
0
0
0
0
0
0
0
0
0
0
0
0
0
0
0
0
0
0
0
0
0
0
0
0
0
0
0
0
0
0
0
0
0
0
0
0
0
0
0
0
0
0
0
0
0
0.308759
0.424124
0
0
0
0
0
0
0
0
0
0
0
0
0
0
0
0
0
0
0
0
0
0
0
0
0
0
0
0
0
0
0
0
0
0
0
0
0
0
0
0
0
0
0
0
0
0
0
0
0
0
0
0
0
0
0
0
0
0
0
0
0
0
0
0
0
0
0
0
0
0
0
0
0
0
0
0
0
0
0
0
0
0
0
0
0
0
0
0
0
0
0
0
0
0
0
0
0
0
0
0
0
0
0
0
0
0
0
0
0
0
0
0
0
0
0
0
0
0
0
0
0
0
0
0
0
0
0
0
0
0
0
0
0
0
0
0.243301
0.977042
0
0
0
0
0
0
0
0
0
0
0
0
0
0
0
0
0
0
0
0
0
0
0
0
0
0
0
0
0
0
0
0
0
0
0
0
0
0
0
0
0
0
0
0
0
0
0
0
0
0
0
0
0
0
0
0
0
0
0
0
0
0
0
0
0
0
0
0
0
0
0
0
0
0
0
0
0
0
0
0
0
0
0
0
0
0
0
0
0
0
0
0
0
0
0
0
0
0
0
0
0
0
0
0
0
0
0
0
0
0
0
0
0
0
0
0
0
0
0
0
0
0
0
0
0
0
0
0
0
0
1
0
0
0
0
0
0
0
0
0
0
0
0
0
0
0
0
0
0
0
0
0
0
0
0
0
0
0
0
0
0
0
0
0
0
0
0
0
0
0
0
0
0
0
0
0
0
0
0
0
0
0
0
0
0
0
0
0
0
0
0
0
0
0
0
0
0
0
0
0
0
0
0
0
0
0
0
0
0
0
0
0
0
0
0
0
0
0
0
0
0
0
0
0
0
0
0
0
0
0
0
0
0
0
0
0
0
0
0
0
0
0
0
0
0
0
0
0
0
0
0
0
0
0
0
0
0
0
0
0
0
0
0
0
0
0
0
0
0
0
0
0
0
0
0
0
0
0
0
0
0
0
0
0
0
0
0
0
0
0
0
0
0
0
0
0
0
0
0
0
0
0
0
0
0
0
0
0
0
0
0
0
0
0
0
0
0
0
0
0
0
0
0
0
0
0
0
0
0
0
0
0
0
0
0
0
0
0
0
0
0
0
0
0
0
0
0
0
0
0
0
0
0
0
0
0
0
0
0
0
0
0
0
0
0
0
0
0
0
0
0
0
0
0
0
0
0
0
0
0
0
0
0
0
0
0
0
0
0
0
0
0
0
0
0
0
0
0
0
0
0
0
0
0
0
0
0
0
0
0
0
0
0
0
0
0
0
0
0
0
0
0
0
0
0
0
0
0
0
0
0
0
0
0
0
0
0
0
0
0
0
0
0
0
0
0
0
0
0
0
0
0
0
0
0
0
0
0
0
0
0
0
0
0
0
0
0
0
0
0
0
0
0
0
0
0
0
0
0
0
0
0
0
0
0
0
0
0
0
0
0
0
0
0
0
0
0
0
0
0
0
0
0
0
0
0
0
0
0
0
0
0
0
0
0
0
0
0
0
0
0
0
0
0
0
0
0
0
0
0
0
0
0
0
0
0
0
0
0
0
0
0
0
0
0
0
0
0
0
0
0
0
0
0
0
0
0
0
0
0
0
0
0
0
0
0
0
0
0
0
0
0
0
0
0
0
0
0
0
0
0
0
0
0
0
0
0
0
0
0
0
0
0
0
0
0
0
0
0
0
0
0
0
0
0
0
0
0
0
0
0
0
0
0
0
0
0
0
0
0
0
0
0
0
0
0
0
0
0
0
0
0
0
0
0
0
0
0
0
0
0
0
0
0
0
0
0
0
0
0
0
0
0
0
0
0
0
0
0
0
0
0
0
0
0
0
0
0
0
0
0
0
0
0
0
0
0
0
0
0
0
0
0
0
0
0
0
0
0
0
0
0
0
0
0
0
0
0
0
0
0
0
0
0
0
0
0
0
0
0
0
0
0
0
0
0
0
0
0
0
0
0
0
0
0
0
0
0
0
0
0
0
0
0
0
0
0
0
0
0
0
0
0
0
0
0
0
0
0
0
0
0
0
0
0
0
0
0
0
0
0
0
0
0
0
0
0
0
0
0
0
0
0
0
0
0
0
0
0
0
0
0
0
0
0
0
0
0
0
0
0
0
0
0
0
0
0
0
0
0
0
0
0
0
0
0
0
0
0
0
0
0
0
0
0
0
0
0
0
0
0
0
0
0
0
0
0
0
0
0
0
0
0
0
0
0
0
0
0
0
0
0
0
0
0
0
0
0
0
0
0
0
0
0
0
0
0
0
0
0
0
0
0
0
0
0
0
0
0
0
0
0
0
0
0
0
0
0
0
0
0
0
0
0
0
0
0
0
0
0
0
0
0
0
0
0
0
0
0
0
0
0
0
0
0
0
0
0
0
0
0
0
0
0
0
0
0
0
0
0
0
0
0
0
0
0
0
0
0
0
0
0
0
0
0
0
0
0
0
0
0
0
0
0
0
0
0
0
0
0
0
0
0
0
0
0
0
0
0
0
0
0
0
0
0
0
0
0
0.00589309
0
0
0
0
0
0
0
0
0
0
0
0
0
0
0
0
0
0
0
0
0
0
0
0
0
0
0
0
0
0
0
0
0
0
0
0
0
0
0
0
0
0
0
0
0
0
0
0
0
0
0
0
0
0
0
0
0
0
0
0
0
0
0
0
0
0
0
0
0
0
0
0
0
0
0
0
0
0
0
0
0
0
0
0
0.780017
0
0
0
0
0
0
0
0
0
0
0
0
0
0
0
0
0
0
0
0
0
0
0
0
0
0
0
0
0
0
0
0
0
0
0
0
0
0
0
0
0
0
0
0
0
0
0
0
0
0
0
0
0.00299561
0
0
0
0
0
0
0
0
0
0
0
0
0
0
0
0
0
0
0
0
0
0
0
0
0
0
0
0
0
0
0
0
0
0
0
0
0
0.0179769
0
0
0
0
0
0
0
0
0
0
0
0
0
0
0
0
0
0
0
0
0
0
0
0
0
0
0
0
0
0
0
0
0
0
0
0
0
0
0
0
0
0
0
0
0
0
0.359793
0
0
0
0
0
0
0.00255228
0.0062672
0
0
0
0
0
0
0
0
0
0
0.00250688
0
0
0
0
0
0
0
0
0.0125344
0.00273248
0
0
0.00262008
0
0
0
0
0.00512696
0
0
0.00534537
0
0
0.00442917
0
0
0
0
0.00262008
0
0.00512696
0
0
0.0105541
0
0
0.00284619
0
0
0
0
0
0
0
0
0
0
0
0.00256754
0
0
0
0
0
0
0
0
0
0
0
0.0128289
0
0
0
0
0
0
0
0
0.00528487
0
0
0
0.00269255
0
0
0
0
0
0
0
0
0
0
0
0
0
0
0
0
0
0
0
0
0
0
0.00266753
0.00519134
0
0
0
0
0
0
0
0
0
0
0
0
0
0
0.0062728
0
0.00538267
0.0668804
0
0
0
0
1.01086
0
0.206684
0
0
0
0
0
0
0
0
0
0.0130294
0
0
0
0
0
0
0
0
0
0
0
0
0
0
0
0
0
0
0
0
0
0
0
0
0
0
0
0
0
0
0
0
0
0
0
0
0
0
0
0
0
0
0.0026232
0
0
0
0.012931
0
0
0
0
0
0
0
0
0
0
0.0777819
0
0
0
0
0
0
0
0
0
0
0
0
0
0
0
0
0
0
0
0
0.00268628
0
0
0
0
0
0
0
0
0
0
0
0
0
0
0
0
0
0
0
0
0
0.00262219
0.00277202
0
0
0
0
0
0
0
0
0
0
0
0
0.012982
0.00524905
0.00265139
0
0
0
0
0
1.00894
0
0
0.214159
0
0
0.00753166
0
0
0
0.00749702
0.0424535
0.0322695
0.0149349
0.00264434
0
0
0
0
0
0.00752954
0
0
0
0.0158484
0.14486
0
0
0.0076601
0
0
0
0.0183482
0
0
0
0
0
0
0
0.0176688
0
0
0
0.018481
0
0
0
0
0
0
0
0
0.0176688
0
0
0.0090128
0
0
0.636595
0
0
0.00248695
0
0
0
0
0
0
0.0226397
0
0
0
0.0687246
0
0
0
0.010361
0
0
0
0
0
0.0178139
0
0.00362628
0
0
0
0
0.00707838
0.0184062
0
0
0
0.00263601
0
0
0
0
0
0.00752954
0
0
0
0
0
0
0
0
0
0
0
0
0
0
0
0.0185657
0
0
0
0
0
0
0
0.00746313
0
0
0
0
0
0
0.0408886
0
0
0.139934
0
0
0
0
0
0
0
1
0
0.228056
0
0.0102513
0
0
0.0102542
0
0
0.0377446
0
0.0200834
0
0.152363
0
0
0
0.00779301
0.0025494
0.0102571
0
0
0.0102542
0
0
0.0134358
0
0.00786159
0
0.0116895
0
0.00518529
0
0
0.00507956
0
0
0
0
0.00261833
0.00254472
0.00495517
0
0.00779301
0.00266482
0.00738367
0
0.00264137
0
0
0.00261833
0
0.00779301
0.00254472
0
0.00391767
0.0105495
0.00551989
0.00260488
0
0.129124
0
0.0436598
0
0.00517468
0
0
0
0
0
0
0.00662551
0
0
0
0.0221772
0
0
0
0.00517468
0
0
0
0
0.0025762
0
0
0
0
0
0.00779301
0
0.0108104
0
0
0
0
0
0
0
0
0
0.00779301
0
0
0.0116895
0
0.00274191
0
0
0
0
0
0.00246122
0.0121915
0
0
0.038879
0.0106345
0
0
0.00747293
0.00515897
0
0
0
0
0
0
0.00246122
0
0
0
0.0234558
0.00526124
0.00259336
0.0918956
0.0184742
0
0
0
0
0
0
0
1
0
1.0381
0
0
0.00505658
0
0
0
0
0
0
0.00352226
0.0189569
0
0
0
0
0
0
0.00505516
0
0
0
0.00257479
0
0
0.0116914
0
0
0
0
0
0.00434938
0
0
0
0
0
0
0
0
0
0
0
0
0
0
0
0
0
0
0
0
0
0
0
0
0
0.0508024
0
0
0
0
0
0
0
0
0
0
0
0
0.0246662
0
0
0
0
0
0
0
0
0
0
0
0
0
0
0
0.00472329
0
0
0
0
0.00255805
0
0
0
0
0
0.00505516
0
0
0
0
0.00289399
0
0
0
0
0
0
0
0
0
0.00530754
0
0
0
0
0
0
0
0.00496498
0
0
0
0
0
0
0.00257582
0.0116388
0.00261082
0.0439082
0
0
0
0
0
0
0
0.0101508
0
0
0.0101537
0
0
0
0.0212032
0
0
0
0
0
0.0104564
0.0101565
0
0
0.0101537
0
0.00270557
0.0318048
0
0
0
0
0
0.00261143
0
0
0.00253582
0
0
0
0
0
0
0
0
0.00760747
0
0
0
0
0
0
0
0
0
0
0
0
0
0.0436252
0
0
0
0
0
0
0
0
0
0
0
0
0.00860997
0
0
0
0
0
0
0
0
0
0
0
0
0
0
0
0
0
0
0
0
0
0.015821
0
0
0
0
0
0
0
0
0
0
0.00251254
0
0
0.0101537
0.0189894
0
0.00761786
0.00800357
0
0
0
0.0133416
0
0
0
0
0
0
0.0101537
0
0
0.00993635
0
0
0
0.0477073
0
0
0
0
0.00984817
0.0101192
0
0
0
0.0137989
0
0.00530174
0
0
0
0
0.0101221
0
0
0.0101192
0
0.0026937
0.0568543
0
0
0
0.00408486
0
0
0
0
0.00506616
0
0
0
0
0.00251009
0
0.00258708
0
0
0.0138168
0
0
0
0
0
0.00258708
0
0
0
0
0
0
0
0.0733088
1.20096
0
0
0.00258708
0
0
0
0
0
0
0.0137348
0
0.00315067
0
0.0326438
0.00259669
0
0.00258708
0
0
0
0
0
0
0
0.00720278
0
0
0
0
0
0
0
0
0
0
0.0106139
0
0
0
0
0
0
0
0
0
0
0.00276599
0
0
0.00306795
0
0
0
0.0138158
0
0.00505306
0.00799827
0
0
0
0.0159038
0
0
0
0
0
0
0.0101192
0
0
0.00401967
0
0
0.00687291
0.0568543
0
0
0
0
0
0
0
0.0228624
0
0
0
0.0400911
0
0.00273654
0
0
0
0
0
0
0.0239738
0.0228624
0
0.00265153
0.0694507
0
0
0
0
0.0136362
0.0104985
0
0
0
0
0
0
0.0153983
0.00727487
0.0201856
0
0.00274203
0
0
0
0.00524301
0
0
0.0228624
0
0.0153983
0
0
0
0
0
0
0
0.728323
1.02103
0
0
0
0.0100782
0
0
0.0026141
0
0
0.0153833
0
0
0
0.0470731
0
0
0.0100782
0
0
0
0.0026141
0
0
0
0.00371832
0
0
0
0
0
0
0
0
0
0.0077542
0
0
0
0
0
0
0
0
0
0
0
0
0
0.00308602
0
0
0
0
0
0
0
0.0485311
0
0
0
0.0267114
0
0
0
0
0
0
0
0
0.014076
0
0
0.00560367
0.190989
0
0
0
0
0
0.986822
0
0
0
0
0
0
0
0
0
0
0.0052941
0
0
0
0
0
0
0
0
0
0
0.0252057
0
0
0
0
0
0
0
0
0
0
0
0
0
0
0
0
0
0
0
0
0
0
0
0
0
0
0
0
0
0
0
0
0
0
0.651608
0
0
0
0
0
0
0
0
0
0.0101064
0
0
0
0.0218704
0
0
0
0
0
0
0
0
0
0
0.00840191
0
0
0
0
0
0
0
0
0
0.00779045
0
0
0
0
0
0
0
0
0
0
0
0
0
0
0
0
0
0
0
0
0.0136062
0
0
0
0.00528598
0
0
0
0
0
0
0
0
0
0
0
0.0112189
0.0126029
0
0
0
0
0
0.440942
0
0
0
0
0
0
0
0
0.0120366
0
0
0
0
0
0
0
0
0
0.00253763
0
0.00530557
0
0.0207904
0
0
0
0
0
0
0
0
0
0
0
0
0
0
0
0
0
0
0
0
0
0
0
0
0
0
0
0
0
0
0
0
0
0
0.42589
0
0
0
0
0
0
0
0
0
0
0
0
0
0.0254276
0
0
0
0
0
0
0
0
0
0
0
0
0
0
0
0
0
0
0
0
0
0
0
0
0
0
0
0
0
0
0
0
0
0
0
0
0
0
0
0
0
0
0.00314753
0
0
0
0.00798815
0
0
0
0
0
0
0
0
0
0
0
0
0
0.0228695
0
0
0
0
0.281046
0
0
0
0
0
0
0
0.0558979
0
0.0408832
0
0
0
0
0
0
0
0
0
0.0231672
0
0
0
0.0534627
0
0
0
0
0
0
0
0
0
0
0
0
0
0
0
0
0
0
0
0
0
0
0
0
0
0
0
0
0
0
0
0
0
0
0
0.326567
1
0
0
0
0
0
0
0
0
0
0
0
0
0
0
0
0
0
0
0
0
0
0
0
0
0
0
0
0
0
0
0
0
0
0
0
0
0
0
0
0
0
0
0
0
0
0
0
0
0
0
0
0
0
0
0
0
0
0
0
0
0
0.0242531
0
0
0
0
0
0
0
0
0
0
0
0
0
0.139003
0
0
0
0
0.321628
0
0
0
0
0
0
0.0407448
0
0.0266367
0
0
0
0
0
0
0
0
0
0.0177578
0
0
0
0.0532733
0
0
0
0
0
0
0
0
0
0
0
0
0
0
0
0
0
0
0
0
0
0
0
0
0
0
0
0
0
0
0
0
0
0
0.567616
1
0
0.00255129
0
0
0
0
0
0
0
0
0
0
0
0
0
0
0
0
0
0
0
0
0
0
0
0
0
0
0
0
0
0
0
0
0
0
0
0
0
0
0
0
0
0
0
0
0
0
0
0
0
0
0
0
0
0
0
0
0
0
0.0185667
0
0
0
0
0
0
0
0
0
0
0
0
0
0
0
0.0887888
0
0
0
0
0
0.914722
0
0
0
0
0
0
0
0
0
0
0
0
0
0
0
0
0
0
0
0
0
0
0
0
0
0
0
0
0
0
0
0
0
0
0
0
0
0
0
0
0
0
0
0
0
0
0
0
0
0
0
0
0
1
0
0
0
0
0
0
0
0
0
0
0
0
0
0
0
0
0
0
0
0
0
0
0
0
0
0
0
0
0
0
0
0
0
0
0
0
0
0
0
0
0
0
0
0
0
0
0
0
0
0
0
0
0
0
0
0
0
0
0
0
0
0
0
0
0
0
0
0
0
0
0
0
0
0
0
0
0
1
0
0
0
0
0
0
0
0
0
0
0
0
0
0
0
0
0
0
0
0
0
0
0
0
0
0
0
0
0
0
0
0
0
0
0
0
0
0
0
0
0
0
0
0
0
0
0
0
0
0
0
0
0
0
0
0.644995
0
0
0
0
0
0
0
0
0
0
0
0
0
0
0
0
0
0
0
0
0
0
0
0
0
0
0
0
0
0
0
0
0
0
0
0
0
0
0
0
0
0
0
0
0
0
0
0
0
0
0
0
0
0
0
0
0
0
0
0
0
0
0
0
0
0
0
0
0
0
0
0
0
0
0
0
0
0
0
0
0
0
0
0
0
0
0
0
0
0
0
0
0
0
0
0
0
0
0
0
0
0
0
0
0
0
0
0
0
0
0
0
0
0
0
0
0
0
0
0
0
0
0
0
0
0
0
0
0
0
0
0
0
0
0
0
1
0
0
0
0
0
0
0
0
0
0
0
0
0
0
0
0
0
0
0
0
0
0
0
0
0
0
0
0
0
0
0
0
0
0
0
0
0
0
0
0
0
0
0
0
0
0
0
0
0
0
0
0
0
0
0
0
0
0
0
0
0
0
0
0
0
0
0
0
0
0
0
0
0
0
0
0
0
0
0
0
0
0
0
0
0
0
0
0
0
0
0
0
0
0
0
0
0
0
0
0
0
0
0
0
0
0
0
0
0
0
0
0
0
0
0
0
0
0
0
0
0
0
0
0
0
0
0
0
0
0
0
0
0
0
0
0
0
0
0
0
0
0
0
0
0
0
0
0
0
0
0
0
0
0
0
0
0
0
0
0
0
0
0
0
0
0
0
0
0
0
0
0
0
0
0
0
0
0
0
0
0
0
0
0
0
0
0
0
0
0
0
0
0
0
0
0
0
0
0
0
0
0
0
0
0
0
0
0
0
0
0
0
0
0
0
0
0
0
0
0
0
0
0
0
0
0
0
0
0
0
0
0
0
0
0
0
0
0
0
0
0
0
0
0
0
0
0
0
0
0
0
0
0
0
0
0
0
0
0
0
0
0
0
0
0
0
0
0
0
0
0
0
0
0
0
0
0
0
0
0
0
0
0
0
0
0
0
0
0
0
0
0
0
0
0
0
0
0
0
0
0
0
0
0
0
0
0
0
0
0
0
0
0
0
0
0
0
0
0
0
0
0
0
0
0
0
0
0
0
0
0
0
0
0
0
0
0
0
0
0
0
0
0
0
0
0
0
0
0
0
0
0
0
0
0
0
0
0
0
0
0
0
0
0
0
0
0
0
0
0
0
0
0
0
0
0
0
0
0
0
0
0
0
0
0
0
0
0
0
0
0
0
0
0
0
0
0
0
0
0
0
0
0
0
0
0
0
0
0
0
0
0
0
0
0
0
0
0
0
0
0
0
0
0
0
0
0
0
0
0
0
0
0
0
0
0
0
0
0
0
0
0
0
0
0
0
0
0
0
0
0
0
0
0
0
0
0
0
0
0
0
0
0
0
0
0
0
0
0
0
0
0
0
0
0
0
0
0
0
0
0
0
0
0
0
0
0
0
0
0
0
0
0
0
0
0
0
0
0
0
0
0
0
0
0
0
0
0
0
0
0
0
0
0
0
0
0
0
0
0
0
0
0
0
0
0
0
0
0
0
0
0
0
0
0
0
0
0
0
0
0
0
0
0
0
0
0
0
0
0
0
0
0
0
0
0
0
0
0
0
0
0
0
0
0
0
0
0
0
0
0
0
0
0
0
0
0
0
0
0
0
0
0
0
0
0
0
0
0
0
0
0
0
0
0
0
0
0
0
0
0
0
0
0
0
0
0
0
0
0
0
0
0
0
0
0
0
0
0
0
0
0
0
0
0
0
0
0
0
0
0
0
0
0
0
0
0
0
0
0
0
0
0
0
0
0
0
0
0
0
0
0
0
0
0
0
0
0
0
0
0
0
0
0
0
0
0
0
0
0
0
0
0
0
0
0
0
0
0
0
0
0
0
0
0
0
0
0
0
0
0
0
0
0
0
0
0
0
0
0
0
0
0
0
0
0
0
0
0
0
0
0
0
0
0
0
0
0
0
0
0
0
0
0
0
0
0
0
0
0
0
0
0
0
0
0
0
0
0
0
0
0
0
0
0
0
0
0
0
0
0
0
0
0
0
0
0
0
0
0
0
0
0
0
0
0
0
0
0
0
0
0
0
0
0
0
0
0
0
0
0
0
0
0
0
0
0
0
0
0
0
0
0
0
0
0
0
0
0
0
0
0
0
0
0
0
0
0
0
0
0
0
0
0
0
0
0
0
0
0
0
0
0
0
0
0
0
0
0
0
0
0
0
0
0
0
0
0
0
0
0
0
0
0
0
0
0
0
0
0
0
0
0
0
0
0
0
0
0
0
0
0
0
0
0
0
0
0
0
0
0
0
0
0
0
0
0
0
0
0
0
0
0
0
0
0
0
0
0
0
0
0
0
0
0
0
0
0
0
0
0
0
0
0
0
0
0
0
0
0
0
0
0
0
0
0
0
0
0
0
0
0
0
0
0
0
0
0
0
0
0
0
0
0
0
0
0
0
0
0
0
0
0
0
0
0
0
0
0
0
0
0
0
0
0
0
0
0
0
0
0
0
0
0
0
0
0
0
0
0
0
0
0
0
0
0
0
0
0
0
0
0
0
0
0
0
0
0
0
0
0
0
0
0
0
0
0
0
0.00805435
0
0
0
0
0
0
0
0
0
0
0
0
0
0
0
0
0
0
0
0
0
0
0
0
0
0
0
0
0
0
0
0
0
0
0
0
0
0
0
0
0
0
0
0
0
0.00773546
0
0
0
0
0
0
0
0
0
0
0
0
0.0323642
0
0
0
0
0
0
0
0
0.131789
0.0163495
0.00504205
0
0
0
0
0
0
0
0
0
0.029008
0.00542276
0
0
0
0
0
0
0
0
0
0
0
0.00778464
0
0
0
0
0
0
0
0
0
0
0.0187883
0
0
0
0
0
0
0
0
0
0
0
0
0
0
0
0
0
0
0
0
0
0
0
0
0
0
1
0
0.0256364
0
0
0.017642
0
0.0105365
0
0.0231132
0
0
0
0.0256436
0
0
0
0
0.0914396
0
0
0.0866746
0
0
0
0.0231132
0
0.00255403
0
0
0
0.026551
0
0
0.0256436
0
0
0
0.0776247
0
0
0
0
0
0
0
0.0762043
0.0256436
0
0
0.0256436
0
0
0
0
0.00246335
0.00771244
0
0
0
0.00724393
0.0132949
0
0
0
0.0030713
0
0
0
0.0388815
0
0
0.00771244
0
0
0
0.0130583
0.0346532
0.0950369
0.0105206
0.010443
0
0.00253039
0
0.00254101
0
0
0.00771244
0
0
0.00665415
0.0156002
0
0.00266166
0.0108445
0
0
0
0.00771244
0
0
0
0.0128541
0
0
0.00632597
0.0114071
0
0
0
0
0
0
0
0.0558281
0
0
0.00347173
0
0
0.00241569
0
0.00266166
0
0
0
0.0243323
0
0
0
0
0
0
0
0
1.03741
0
0
0.0114071
0
0
0
0
1.01333
0
1
0.00264666
0
0.00543433
0
0
0
0
0.0026474
0
0
0.0052847
0.0026474
0
0
0
0
0
0
0.00610939
0
0
0
0.0026474
0
0
0.00254408
0.0051123
0.00632157
0.0105996
0.00272159
0
0.00775109
0
0.00775109
0
0.0129572
0
0.00255705
0.00274684
0.00280845
0
0
0.0051123
0
0
0.00770929
0
0
0.00809894
0
0
0
0
0
0
0.00775109
0
0
0
0
0
0
0
0.0378099
0
0.0534806
0
0
0
0.00806275
0
0
0.0182101
0
0.735704
0.00548387
0.00567061
0
0
0
0
0
0
0
0
0
0
0.00817878
0
0
0
0
0
0
0
0
0
0
0.00360789
0
0
0
0
0
0.0251712
0
0.00251473
0
0.0105846
0.0141028
0
0.0904346
0
0
0.00359247
0
0
0
0
0.00251473
0
0.00251473
0
0.0054182
0.00553674
0.150732
0.0258305
0
0
0
0
0
1
0
0
0.00838242
0
0
1.0163
0
0
0.62035
0
0.999928
0.00791561
0
0.0134073
0.0453672
0
0
0
0.0174805
0.00259363
0
0.00555381
0.0053621
0.00791784
0
0.0131198
0
0.0025427
0
0.0436098
0
0
0
0.00791784
0
0
0.0157064
0.0131404
0
0.00525648
0.00264328
0.0051651
0.0131736
0
0.0131736
0
0.00775082
0.03692
0.00775917
0.0108839
0.00520318
0.00544634
0.0051651
0.0077768
0
0
0.0131611
0.00246133
0
0.0137417
0
0
0
0
0
0
0.0131736
0
0
0
0
0
0
0.00265326
0.317019
0
0.0187094
0
0
0
0.0137317
0
0
0
0.0193412
0.0127417
0.543616
0.00296761
0.0134762
0
0.00532421
0
0
0
0
0
0
0.00271078
0.00796873
0
0.00549233
0
0
0.00998289
0
0
0
0
0.00254132
0.013683
0
0
0
0
0.00799819
0
0
0
0
0
0
0.0214942
0.00799844
0
0
0.0584113
0.0109337
0
0
0
0
0.00504291
0
0
0
0
0.0170805
0.0255405
0.00282801
0.0163114
0.11862
0.00369453
0.99972
0
0
0
0
1
0
0
0
0.00532421
0
0.984476
0
0
0.562888
0
1
0.00510214
0
0.00811509
0.00251787
0
0.0103932
0.00276296
0
0
0
0.00531322
0.00804218
0.00510358
0
0.00510502
0
0.00516995
0
0.0123616
0
0
0
0.00510358
0
0
0
0.0107261
0
0
0
0
0.0107261
0
0.0107261
0
0
0
0
0
0.00824443
0
0.00268161
0
0
0.0107628
0
0
0.0111666
0
0
0.0103014
0
0
0
0.0107261
0
0
0
0.00971118
0
0.00789482
0.0026207
0.0395495
0
0
0
0
0.0112005
0
0
0
0.0215589
0.0178229
0.00308591
0
1
0
0.00510358
0
0.00261719
0
0
0.00462222
0
0.0188528
0.003328
0
0
0
0
0.00510358
0
0.00277333
0
0
0
0.00693332
0
0
0
0.0466216
0
0
0.00270633
0
0
0.00802365
0.00286132
0.00563064
0
0.010757
0
0
0
0
0.00481625
0.00277333
0
0
0
0
0.00520232
0.0162417
0.0167443
0
0.740676
0
0
0
0
0
0.00510358
0
0
1.01871
0
0.538529
0
0
0
0.00276057
0.0740844
0
0
0
0
0
0
0
0.0027681
0
0
0
0
0.0327977
0.0742608
0
0
0
0
0
0
0
0.0106015
0.0055277
0
0
0
0
0.0184471
0.00328833
0
0.0159806
0
0
0
0.0107954
0
0.00285967
0
0.00275882
0
0
0.0185894
0
0
0.0165998
0
0
0
0.0026207
0
0
0.0184471
0
0
0
0.095485
0.00580537
0
0
0.124921
0.0030311
0.0131469
0.0186874
0
0
0.0167126
0
0
0
0.0651296
0.0074677
0.00614162
0.00932092
0
0.870067
0
0
0
0
0
0
0
0
0.025068
0.00373785
0
0
0
0
0
0
0
0
0.00576686
0.0138235
0
0
0
0
0
0
0
0
0
0
0.0160834
0.0160945
0
0.00743237
0
0
0
0
0
0
0
0
0
0
0
0
0.042305
0.0186678
0.0307797
0.129873
0
0.254455
0
0
0
0
0
0
0
0
0
0.990907
0
0.901343
0
0.0184735
0
0.124053
0
0.0241026
0
0.124138
0
0
0.0158448
0
0
0
0.0184787
0
0.0184839
0
0
0
0
0.0160009
0
0.0158448
0
0.00260056
0.00263386
0
0
0
0
0
0.0234194
0
0
0.0234194
0
0
0.00564399
0
0
0
0
0
0
0
0.0236978
0
0
0.026995
0
0.0248444
0
0
0
0
0
0.0234194
0
0
0.00423177
0.0789403
0
0
0.00496662
0.0512706
0
0.00241746
0
0
0.0245217
0
0.0248393
0
0
0
0
0
0
0.336939
0
0.0132651
0
0
0.0134228
0
0
0.0163269
0
0
0
0
0.0132651
0.00257975
0
0
0.0180887
0
0
0
0.00413372
0
0
0.00703569
0
0
0.00326182
0
0
0
0.00950139
0
0.00448503
0
0
0
0
0
0
0
0.00263386
0
0
0
0
0.0398511
0.0126805
0.00856253
0.032157
0
0.141567
0
0
0
0
0
0
0
0
1.30347
0
0.0130599
0
0.0051724
0
0.0206267
0
0
0
0
0
0.0134985
0
0.0130636
0
0.0130672
0
0
0.0356279
0
0
0
0.0130636
0
0
0
0
0
0
0
0.00497726
0
0
0.00497726
0
0
0
0
0.00278731
0
0
0
0
0
0.00505655
0
0
0.00514298
0
0.00495342
0
0
0
0
0.00497726
0
0
0
0.091309
0.00295805
0
0
0.0162078
0
0
0
0
0.00521627
0
0
0
0
0
0
0
0
0.345519
0
0.0130636
0
0
0
0
0
0
0.0249707
0
0
0
0
0
0.0130636
0
0
0
0
0
0
0
0
0
0.0435452
0
0
0
0
0
0.0135691
0
0
0
0.0136909
0
0
0
0
0.01221
0
0
0
0
0
0
0.0187057
0.00291661
0.0519556
0.0145151
0.822813
0
0
0.0130636
0
0
0
0
0
0
0
0.0218425
0
0
0
0
0
0
0
0
0
0
0
0.019061
0.109213
0
0
0
0
0
0
0
0
0
0
0
0
0
0
0.00258108
0
0
0
0
0
0
0
0
0
0
0
0
0
0
0
0
0
0
0
0
0
0
0.0196267
0
0
0
0.0209067
0
0
0
0
0
0
0
0
0
0
0
0
0
0.270804
0
0
0
0
0
0
0
0
0.00257349
0
0
0
0
0
0
0
0
0
0
0
0.00320386
0
0
0
0
0
0
0
0
0.0136711
0.0027228
0
0
0.0190877
0
0
0
0
0
0
0
0
0
0.00444981
0
0.00810155
0.00624901
0.026003
0
0
0
0
0
0
0
0.0130186
0
0
0
0.0167483
0
0.00541994
0
0
0
0
0
0.00781335
0
0.0102961
0
0.00267131
0.0771212
0
0
0
0
0
0.00760934
0
0
0
0
0
0
0
0
0
0
0
0
0.00299339
0
0
0
0
0
0
0
0
0
0
0
0
0.0104666
0
0
0
0
0
0
0
0.122303
0
0
0
0.0104666
0
0.00781335
0
0
0
0
0.00734493
0
0
0
0
0
0
0
1.01644
0.906793
0
0
0.21775
0
0
0
0
0
0
0
0.0136446
0
0
0
0
0
0
0
0
0
0
0
0
0
0.00583796
0
0.0464919
0
0
0
0
0
0.0157643
0
0
0
0.0188761
0.00266377
0
0
0
0.00751658
0
0
0
0
0.00498336
0
0.00277143
0
0.0268552
0
0
0
0
0
0
0
0
0.101576
0
0
0
0.00508227
0.00390455
0
0.00271149
0
0
0
0
0
0
0
0.00260377
0
0
0.0155455
0
0
0
0
0
0
0
0
0
0
0
0
0
0
0
0
0
0
0
0
0
0
0
0
0
0
0
0
0.00306325
0
0
0.00508292
0
0
0
0
0
0
0.00672684
0
0
0
0.00801407
0
0
0
0
0
0
0
0
0
0
0
0
0
0
1.01115
0
0
0
0
0
0
0
0
0
0.0212663
0.00344651
0
0
0
0
0
0
0
0
0
0.00265118
0
0
0
0
0
0
0
0
0
0
0.0136549
0
0
0
0.00543555
0
0
0
0
0
0
0
0
0.00405402
0
0.0107102
0.0193973
0.00706616
0
0
0
0
0
0
0
0
0.49357
0
0
0.00268864
0
0
0.0192244
0
0
0
0
0.0026928
0
0
0
0
0
0.0457562
0
0
0
0
0
0
0
0
0.00269356
0
0
0
0
0
0
0
0
0
0.00282029
0
0
0
0
0
0
0
0
0
0
0.00269356
0
0
0
0
0
0
0.0994074
0
0
0
0.0109595
0.00263588
0
0
0
0
0
0
0
0
0
0
0
0
0
0.981867
1.01727
0
0
0.00251115
0
0
0
0
0
0
0.0248608
0
0
0
0.00269356
0
0
0
0
0
0
0
0
0
0
0.0909387
0.00269356
0
0
0
0
0.0111891
0
0
0
0.0191925
0
0
0
0
0
0
0
0
0
0
0.0026309
0.0217492
0.0228781
0
0
0
0
0
0
0
0
0
0.155022
0
0
0
0.0337924
0
0
0
0
0
0
0
0
0
0
0
0.0188113
0
0.0386199
0
0
0
0
0
0
0
0
0
0
0
0
0
0
0
0
0
0
0
0
0
0
0
0
0
0
0
0
0
0
0
0
0
0
0
0
0
0
0
0
0
0
0
0.020752
0
0
0
0
0
0
0
0
0
0
0
0
0
1.05705
0.815677
0
0
0
0
0
0
0
0
0
0
0.00829577
0
0
0
0
0
0
0
0
0
0
0
0
0
0
0
0
0
0
0
0
0.00313336
0
0
0
0.0188873
0
0
0
0
0
0
0
0
0
0
0
0
0
0.0216271
0
0
0
0
0
0
0
0
0.156889
0
0
0
0.077678
0.0274571
0
0
0
0
0
0
0
0
0
0.0183099
0
0
0
0.0549141
0
0
0
0
0
0
0
0
0
0
0
0
0
0
0
0
0
0
0
0
0
0
0
0
0
0
0
0
0
0
0
0
0
0
0
0
0
0
0
0
0
0
0
0
0
0
0
0
0
0
0
0
0
0
0
0
0
0
0
0.954264
0.39013
0
0
0
0
0
0
0
0
0
0
0
0
0
0
0
0
0
0
0
0
0
0
0
0
0
0
0
0
0
0
0
0.00589783
0
0
0
0.0191652
0
0
0
0
0
0
0
0
0
0
0
0
0.00801091
0.0219656
0
0
0
0
0
0
0
0.117939
0
0
0
0
0
0
0
0
0
0
0
0
0
0
0
0
0
0
0
0
0
0
0
0
0
0
0
0
0
0
0
0
0
0
0
0
0
0
0
0
0
0
0
0
0
0
0
0
0
0
0
0
0
0
0
0
0
0
0
0
0
0
0
0
0
0
0
0
0
0
0
0
0
0
0
0
0
0
0.370391
0
0
0
0
0
0
0
0
0
0
0
0
0
0
0
0
0
0
0
0
0
0
0
0
0
0
0
0
0
0
0
0
0
0
0
0
0
0
0
0
0
0
0
0
0
0
0
0
0
0
0
0
0
0
0
0
0.628231
0
0
0
0
0
0
0
0
0
0
0
0
0
0
0
0
0
0
0
0
0
0
0
0
0
0
0
0
0
0
0
0
0
0
0
0
0
0
0
0
0
0
0
0
0
0
0
0
0
0
0
0
0
0
0
0
0
0
0
0
0
0
0
0
0
0
0
0
0
0
0
0
0
0
0
0
0
0
0
0
0
0
0
0
0
0
0
0
0
0
0
0
0
0
0
0
0
0
0
0
0
0
0
0
0
0
0
0
0
0
0
0
0
0
0
0
0
0
0
0
0
0
0
0
0
0
0
0
0
0
0
0
0
0
0
0
0
0
0
0
0
0
0
0
0
0
0
0
0
0
0
0
0
0
0
0
0
0
0
0
0
0
0
0
0
0
0
0
0
0
0
0
0
0
0
0
0
0
0
0
0
0
0
0
0
0
0
0
0
0
0
0
0
0
0
0
0
0
0
0
0
0
0
0
0
0
0
0
0
0
0
0
0
0
0
0
0
0
0
0
0
0
0
0
0
0
0
0
0
0
0
0
0
0
0
0
0
0
0
0
0
0
0
0
0
0
0
0
0
0
0
0
0
0
0
0
0
0
0
0
0
0
0
0
0
0
0
0
0
0
0
0
0
0
0
0
0
0
0
0
0
0
0
0
0
0
0
0
0
0
0
0
0
0
0
0
0
0
0
0
0
0
0
0
0
0
0
0
0
0
0
0
0
0
0
0
0
0
0
0
0
0
0
0
0
0
0
0
0
0
0
0
0
0
0
0
0
0
0
0
0
0
0
0
0
0
0
0
0
0
0
0
0
0
0
0
0
0
0
0
0
0
0
0
0
0
0
0
0
0
0
0
0
0
0
0
0
0
0
0
0
0
0
0
0
0
0
0
0
0
0
0
0
0
0
0
0
0
0
0
0
0
0
0
0
0
0
0
0
0
0
0
0
0
0
0
0
0
0
0
0
0
0
0
0
0
0
0
0
0
0
0
0
0
0
0
0
0
0
0
0
0
0
0
0
0
0
0
0
0
0
0
0
0
0
0
0
0
0
0
0
0
0
0
0
0
0
0
0
0
0
0
0
0
0
0
0
0
0
0
0
0
0
0
0
0
0
0
0
0
0
0
0
0
0
0
0
0
0
0
0
0
0
0
0
0
0
0
0
0
0
0
0
0
0
0
0
0
0
0
0
0
0
0
0
0
0
0
0
0
0
0
0
0
0
0
0
0
0
0
0
0
0
0
0
0
0
0
0
0
0
0
0
0
0
0
0
0
0
0
0
0
0
0
0
0
0
0
0
0
0
0
0
0
0
0
0
0
0
0
0
0
0
0
0
0
0
0
0
0
0
0
0
0
0
0
0
0
0
0
0
0
0
0
0
0
0
0
0
0
0
0
0
0
0
0
0
0
0
0
0
0
0
0
0
0
0
0
0
0
0
0
0
0
0
0
0
0
0
0
0
0
0
0
0
0
0
0
0
0
0
0
0
0
0
0
0
0
0
0
0
0
0
0
0
0
0
0
0
0
0
0
0
0
0
0
0
0
0
0
0
0
0
0
0
0
0
0
0
0
0
0
0
0
0
0
0
0
0
0
0
0
0
0
0
0
0
0
0
0
0
0
0
0
0
0
0
0
0
0
0
0
0
0
0
0
0
0
0
0
0
0
0
0
0
0
0
0
0
0
0
0
0
0
0
0
0
0
0
0
0
0
0
0
0
0
0
0
0
0
0
0
0
0
0
0
0
0
0
0
0
0
0
0
0
0
0
0
0
0
0
0
0
0
0
0
0
0
0
0
0
0
0
0
0
0
0
0
0
0
0
0
0
0
0
0
0
0
0
0
0
0
0
0
0
0
0
0
0
0
0
0
0
0
0
0
0
0
0
0
0
0
0
0
0
0
0
0
0
0
0
0
0
0
0
0
0
0
0
0
0
0
0
0
0
0
0
0
0
0
0
0
0
0
0
0
0
0
0
0
0
0
0
0
0
0
0
0
0
0
0
0
0
0
0
0
0
0
0
0
0
0
0
0
0
0
0
0
0
0
0
0
0
0
0
0
0
0
0
0
0
0
0
0
0
0
0
0
0
0
0
0
0
0
0
0
0
0
0
0
0
0
0
0
0
0
0
0
0
0
0
0
0
0
0
0
0
0
0
0
0
0
0
0
0
0
0
0
0
0
0
0
0
0
0
0
0
0
0
0
0
0
0
0
0
0
0
0
0
0
0
0
0
0
0
0
0
0
0
0
0
0
0
0
0
0
0
0
0
0
0
0
0
0
0
0
0
0
0
0
0
0
0
0
0
0
0
0
0
0
0
0
0
0
0
0
0
0
0
0
0
0
0
0
0
0
0
0
0
0
0
0
0
0
0
0
0
0
0
0
0
0
0
0
0
0
0
0
0
0
0
0
0
0
0
0
0
0
0
0
0
0
0
0
0
0
0
0
0
0
0
0
0
0
0
0
0
0
0
0
0
0
0
0
0
0
0
0
0
0
0
0
0
0
0
0
0
0
0
0
0
0
0
0
0
0
0
0
0
0
0
0
0
0
0
0
0
0
0
0
0
0
0
0
0
0
0
0
0
0
0
0
0
0
0
0
0
0
0
0
0
0
0
0
0
0
0
0
0
0
0
0
0
0
0
0
0
0
0
0
0
0
0
0
0
0
0
0
0
0
0
0
0
0
0
0
0
0
0
0
0
0
0
0
0
0
0
0
0
0
0
0
0
0
0
0
0
0
0
0
0
0
0
0
0
0
0
0
0
0
0
0
0
0
0
0
0
0
0
0
0
0
0
0
0
0
0
0
0
0
0
0
0
0
0
0
0
0
0
0
0
0
0
0
0
0
0
0
0
0
0
0
0
0
0
0
0
0
0
0
0
0
0
0
0
0
0
0
0
0
0
0
0
0
0
0
0
0
0
0
0
0
0
0
0
0
0
0
0
0
0
0
0
0
0
0
0
0
0
0
0
0
0
0
0
0
0
0
0
0
0
0
0
0
0
0
0
0
0
0
0
0
0
0
0
0
0
0
0
0
0
0
0
0
0
0
0
0
0
0
0
0
0
0
0
0
0
0
0
0
0
0
0
0
0
0
0
0
0
0
0
0
0
0
0
0
0
0
0
0
0
0
0
0
0
0
0
0
0
0
0
0
0
0
0
0
0
0
0
0
0
0
0
0
0
0
0
0
0
0
0
0
0
0
0
0
0
0
0
0
0
0
0
0
0
0
0
0
0
0
0
0
0
0
0
0
0
0
0
0
0
0
0
0
0
0
0
0
0
0
0
0
0
0
0
0
0
0
0
0
0
0
0
0
0
0
0
0
0
0
0
0
0
0
0
0
0
0
0
0
0
0
