0
0
0
0
0
0
0
0
0
0
0
0
0
0
0
0
0
0
0
0
0
0
0
0
0
0
0
0
0
0
0
0
0
0
0
0
0
0
0
0
0
0
0
0
0
0
0
0
0
0
0
0
0
0
0
0
0
0
0.421956
0
0
0
0
0
0
0
0
0
0
0
0
0
0
0
0
0
0
0
0
0
0
0
0
0
0
0
0
0
0
0
0
0
0
0
0
0
0
0
0
0
0
0
0
0
0
0
0
0
0
0
0
0
0
0
0
0
0
0
0
0
0
0
0
0
0
0
0
0
0
0
0.40369
0.576659
0
0
0
0.823605
0
0
0
0
0
0
0
0
0
0
0
0
0
0
0
0
0
0
0
0
0
0
0
0
0
0
0
0
0
0
0
0
0
0
0
0
0
0
0
0
0
0
0
0
0
0
0
0
0
0
0
0
0
0
0
0
0
0
0
0
0
0
0
0
0
0
0
0
0
0
0
0
0
0
0
0
0
0
0
0
0
0
0
0
0
0
0
0
0
0
0
0
0
0
0
0
0
0
0
0
0
0
0
0
0
0
0
0
0
0
0
0
0
0
0
0
0
0
0
0
0
0
0
0
0
0
0
0
0
0
0
0
0.443993
0.609887
0
0
0
0
0
0
0
0
0
0
0
0
0
0
0
0
0
0
0
0
0
0
0
0
0
0
0
0
0
0
0
0
0
0
0
0
0
0
0
0
0
0
0
0
0
0
0
0
0
0
0
0
0
0
0
0
0
0
0
0
0
0
0
0
0
0
0
0
0
0
0
0
0
0
0
0
0
0
0
0
0
0
0
0
0
0
0
0
0
0
0
0
0
0
0
0
0
0
0
0
0
0
0
0
0
0
0
0
0
0
0
0
0
0
0
0
0
0
0
0
0
0
0
0
0
0
0
0
0
0
0
0
0
0
0
0.442557
0.998423
0
0
0
0
0
0
0
0
0
0
0
0
0
0
0
0
0
0
0
0
0
0
0
0
0
0
0
0
0
0
0
0
0
0
0
0
0
0
0
0
0
0
0
0
0
0
0
0
0
0
0
0
0
0
0
0
0
0
0
0
0
0
0
0
0
0
0
0
0
0
0
0
0
0
0
0
0
0
0
0
0
0
0
0
0
0
0
0
0
0
0
0
0
0
0
0
0
0
0
0
0
0
0
0
0
0
0
0
0
0
0
0
0
0
0
0
0
0
0
0
0
0
0
0
0
0
0
0
0
0
0
0
0
0
0
0
0
0
0
0
0
0
0
0
0
0
0
0
0
0
0
0
0
0
0
0
0
0
0
0
0
0
0
0
0
0
0
0
0
0
0
0
0
0
0
0
0
0
0
0
0
0
0
0
0
0
0
0
0
0
0
0
0
0
0
0
0
0
0
0
0
0
0
0
0
0
0
0
0
0
0
0
0
0
0
0
0
0
0
0
0
0
0
0
0
0
0
0
0
0
0
0
0
0
0
0
0
0
0
0
0
0
0
0
0
0
0
0
0
0
0
0
0
0
0
0
0
0
0
0
0
0
0
0
0
0
0
0
0
0
0
0
0
0
0
0
0
0
0
0
0
0
0
0
0
0
0
0
0
0
0
0
0
0
0
0
0
0
0
0
0
0
0
0
0
0
0
0
0
0
0
0
0
0
0
0
0
0
0
0
0
0
0
0
0
0
0
0
0
0
0
0
0
0
0
0
0
0
0
0
0
0
0
0
0
0
0
0
0
0
0
0
0
0
0
0
0
0
0
0
0
0
0
0
0
0
0
0
0
0
0
0
0
0
0
0
0
0
0
0
0
0
0
0
0
0
0
0
0
0
0
0
0
0
0
0
0
0
0
0
0
0
0
0
0
0
0
0
0
0
0
0
0
0
0
0
0
0
0
0
0
0
0
0
0
0
0
0
0
0
0
0
0
0
0
0
0
0
0
0
0
0
0
0
0
0
0
0
0
0
0
0
0
0
0
0
0
0
0
0
0
0
0
0
0
0
0
0
0
0
0
0
0
0
0
0
0
0
0
0
0
0
0
0
0
0
0
0
0
0
0
0
0
0
0
0
0
0
0
0
0
0
0
0
0
0
0
0
0
0
0
0
0
0
0
0
0
0
0
0
0
0
0
0
0
0
0
0
0
0
0
0
0
0
0
0
0
0
0
0
0
0
0
0
0
0
0
0
0
0
0
0
0
0
0
0
0
0
0
0
0
0
0
0
0
0
0
0
0
0
0
0
0
0
0
0
0
0
0
0
0
0
0
0
0
0
0
0
0
0
0
0
0
0
0
0
0
0
0
0
0
0
0
0
0
0
0
0
0
0
0
0
0
0
0
0
0
0
0
0
0
0
0
0
0
0
0
0
0
0
0
0
0
0
0
0
0
0
0
0
0
0
0
0
0
0
0
0
0
0
0
0
0
0
0
0
0
0
0
0
0
0
0
0
0
0
0
0
0
0
0
0
0
0
0
0
0
0
0
0
0
0
0
0
0
0
0
0
0
0
0
0
0
0
0
0
0
0
0
0
0
0
0
0
0
0
0
0
0
0
0
0
0
0
0
0
0
0
0
0
0
0
0
0
0
0
0
0
0
0
0
0
0
0
0
0
0
0
0
0
0
0
0
0
0
0
0
0
0
0
0
0
0
0
0
0
0
0
0
0
0
0
0
0
0
0
0
0
0
0
0
0
0
0
0
0
0
0
0
0
0
0
0
0
0
0
0
0
0
0
0
0
0
0
0
0
0
0
0
0
0
0
0
0
0
0
0
0
0
0
0
0
0
0
0
0
0
0
0
0
0
0
0
0
0
0
0
0
0
0
0
0
0
0
0
0
0
0
0
0
0
0
0
0
0
0
0
0
0
0
0
0
0
0
0
0
0
0
0
0
0
0
0
0
0
0
0
0
0
0
0
0
0
0
0
0
0
0
0
0
0
0
0
0
0
0
0
0
0
0
0
0
0
0
0
0
0
0
0
0
0
0
0
0
0
0
0
0
0
0
0
0
0
0
0
0
0
0
0
0
0
0
0
0
0
0
0
0
0
0
0
0
0
0
0
0
0
0
0
0
0
0
0
0
0
0
0
0
0
0
0
0
0
0
0
0
0
0
0
0
0
0
0
0
0
0
0
0
0
0
0
0
0
0
0
0
0
0
0
0
0
0
0
0
0
0
0
0
0
0
0
0
0
0
0
0
0
0
0
0
0
0
0
0
0
0
0
0
0
0
0
0
0
0
0
0
0
0
0
0
0
0
0
0
0
0
0
0
0
0
0
0
0
0
0
0
0
0
0
0
0
0
0
0
0
0
0
0
0
0
0
0
0
0
0
0
0
0
0
0
0
0
0
0
0
0
0
0
0
0
0
0
0
0
0
0
0
0
0
0
0
0
0
0
0
0
0
0
0
0
0
0
0
0
0
0
0
0
0
0
0
0
0
0
0
0
0
0
0
0
0
0
0
0
0
0
0
0
0
0
0
0
0
0
0
0
0
0
0
0
0
0
0
0
0
0
0
0
0
0
0
0
0
0
0
0
0
0
0
0
0
0
0
0
0
0
0
0
0
0
0
0
0
0
0
0
0
0
0
0
0
0
0
0
0
0
0
0
0
0
0
0
0
0
0
0
0
0
0
0
0
0
0
0
0
0
0
0
0
0
0
0
0
0
0
0
0
0
0
0
0
0
0
0
0
0
0
0
0
0
0
0
0
0
0
0
0
0
0
0
0
0
0
0
0
0
0
0
0
0
0
0
0
0
0
0
0
0
0
0
0
0
0
0
0
0
0
0
0
0
0
0
0
0
0
0
0
0
0
0
0
0
0
0
0
0
0
0
0
0
0
0
0
0
0
0
0
0
0
0
0
0
0
0
0
0
0
0
0
0
0
0
0
0.00456688
0
0
0
0
0
0
0
0
0
0
0.00298604
0
0
0
0
0
0
0
0
0.00646701
0
0.00267606
0.0281582
0.0194092
0
0
0
1.04305
0
0.0451204
0
0
0
0
0
0
0
0
0
0
0.00267949
0
0
0
0
0
0
0
0
0
0
0
0
0
0
0
0
0
0
0
0
0
0
0
0
0
0
0
0
0
0
0
0
0
0
0
0
0
0
0
0
0.0327689
0.00269193
0.00310365
0
0
0
0
0
0
0
0
0
0
0
0
0
0.0154947
0
0.00559805
0
0
0
0
0
0
0
0
0
0
0
0
0
0
0
0
0
0
0.0421963
0
0
0
0
0
0
0
0
0
0
0
0
0
0
0
0
0
0
0
0
0
0.00778484
0
0
0
0
0.00300217
0
0
0
0
0.0025879
0
0
0
0.00254107
0.00264703
0.0449825
0.0546324
0
0
0
0
0.994447
0
0
0.767694
0
0
0.00300302
0
0
0
0
0
0.0111248
0
0.00533311
0
0.00300133
0
0
0
0
0
0
0
0
0
0
0
0
0
0
0
0
0
0
0.00254649
0
0
0
0
0
0
0
0
0
0
0.00254649
0
0
0.00263211
0
0
0
0
0
0.00443931
0
0
0.00860228
0.690328
0
0
0
0
0
0
0
0
0
0
0.0126838
0
0
0
0
0
0
0
0
0
0
0.00295954
0
0
0
0.0035158
0
0.00531232
0
0
0
0
0
0
0
0.00255571
0
0.0192595
0
0
0
0
0
0
0
0.00259064
0
0
0
0
0.00311762
0
0
0
0
0
0
0.0422226
0
0.00407964
0
0
0.00255571
0
0
0
0
0
0
0
0
0
0.00522668
0
0.00266355
0.266086
0.0129531
0
0
0
0
0
0
0.992838
0
0.9789
0
0
0
0
0
0
0
0
0
0.00393564
0
0
0
0
0
0
0
0
0.00254649
0
0
0
0
0
0
0
0
0
0
0
0
0.00353118
0
0
0
0
0
0
0
0
0
0
0
0
0
0
0
0
0
0
0
0
0
0.00744634
0
0.00611302
0.00623217
0
0.543231
0
0
0
0
0
0
0.00295954
0
0
0.00284632
0.00337607
0
0
0
0
0
0
0
0.00295954
0
0
0
0.00970621
0
0
0.00337908
0.0110928
0
0
0.00258832
0
0
0.00262035
0
0
0.00259133
0
0.038807
0
0
0
0.00258832
0
0
0.00388249
0
0.00260287
0.00775091
0
0.00262141
0
0
0.0051156
0
0
0.0051156
0.0370057
0.100908
0.00752878
0.00384557
0
0
0.00268344
0.0051156
0
0
0
0
0.0051156
0
0
0.0076734
0.00252341
0.00252633
0.00532535
0.288829
0
0
0
0
0
0
0
0
1
0
0.979178
0
0
0
0
0
0
0.00498153
0
0
0
0
0
0
0
0
0
0
0.00300217
0
0
0
0
0
0
0
0.00272067
0
0
0.00283839
0
0
0
0.00259063
0.0128112
0
0
0
0.0149753
0
0
0
0
0.00517426
0
0
0
0
0.00259063
0
0
0
0
0
0
0
0
0
0
0
0
0
0
0
0
0
0
0
0.00288008
0
0
0
0
0
0.00259063
0
0
0
0
0
0
0
0
0
0
0
0
0
0
0
0.0110727
0
0
0.0205228
0
0
0
0
0
0
0
0.0119669
0.00261179
0
0
0.00549245
0
0
0
0
0.0025879
0.00300217
0
0.00260785
0.00714222
0.0244668
0
0
0
0
0
0.002418
0
0
0
0.00256371
0.00391588
0.00263586
0
0.00802844
0.0327943
0.0189115
0
0
0
0
0
0
0
0
0
0
0.00254649
0
0
0
0.00648333
0
0
0
0
0
0
0
0
0
0
0.00527819
0
0
0.00254944
0.00271965
0
0
0
0
0
0
0
0
0
0
0
0
0
0
0
0
0
0
0
0
0
0
0
0
0
0
0
0
0.0110791
0
0.00555017
0
0
0
0
0
0
0
0
0
0
0.00863542
0
0
0
0
0
0
0
0
0
0
0
0
0
0.0025879
0
0
0
0
0
0
0.00354847
0.0150273
0
0
0
0
0
0
0
0.00262484
0
0
0.00280357
0
0
0
0
0
0
0
0.00561667
0.00358419
0.0128637
0.00270257
0.00259671
0
0
0
0
0
0
0
0
0
0.00256206
0
0
0.0321183
0
0
0
0
0
0
0
0
0
0
0
0
0
0
0
0
0
0
0
0
0
0
0
0
0
0
0
0
0
0
0
0
0
0
0
0
0
0
0
0
0
0
0
0
0
0
0
0
0
0
0
0
0
0
0
0
0.674607
0
0.0107315
0
0
0
0
0
0
0
0
0
0
0
0
0.00499687
0
0
0
0
0
0
0
0
0
0.0036815
0
0
0
0
0
0
0
0
0
0
0.00265482
0
0
0
0
0.00859017
0
0
0
0
0
0.00265207
0
0
0.00256456
0
0
0
0.00699147
0
0
0.0110184
0
0
0
0
0
0.00554718
0.0112557
0
0
0
0
0
0.00253117
0.00433875
0
0.00797797
0.0213759
0.00960334
0
0
0
0
0
0.00298713
0
0
0.00298629
0.0030121
0
0.00396501
0
0
0
0
0
0
0
0.00298629
0
0.00251117
0
0.00313146
0
0
0.0108066
0
0
0
0
0
0
0
0
0.0218293
0
0
0
0
0
0
0
0
0
0
0
0
0
0
0
0
0
0
0
0
0
0
0
0.956183
0
0
0.0149512
0
0
0
0
0
0
0.0195084
0
0
0
0.00763946
0.00298629
0
0
0
0
0
0
0
0
0
0.00730694
0
0
0
0
0
0.00272085
0
0
0
0.0105323
0
0.0153446
0
0
0.00865261
0
0
0
0
0.00485231
0.00264492
0
0
0.00572084
0
0
0
0.00554718
0.0219156
0
0.00509481
0.0224128
0
0
0
0.00272281
0.00265274
0
0
0.0028932
0
0
0
0.00258377
0.00470844
0
0.00535786
0.0389624
0
0
0
0
0
0
0
0
0
0
0
0
0
0
0
0
0
0
0
0
0
0
0
0
0
0
0
0
0
0
0
0
0
0.00263749
0
0
0.00383284
0
0
0
0
0
0
0
0
0
0
0
0
0
0
0
0
0
0
0
0
0
0
0
0
0
0
1.00107
0
0
0
0.00298629
0
0
0
0
0
0.00661755
0
0
0
0.0126838
0
0
0
0
0
0
0
0
0
0
0.00925474
0
0
0
0
0
0
0
0
0
0.0134285
0
0
0
0
0
0
0
0
0
0
0
0
0
0
0
0
0
0.010948
0.0024771
0
0.0381201
0
0.00464456
0
0
0
0
0
0.00275761
0
0.00256089
0
0.0024771
0.00484432
0
0
0.0432464
0
0
0
0
0
0
0
0
0.0025845
0.00240892
0
0
0
0
0
0
0
0
0
0
0
0
0
0
0
0
0
0
0
0
0
0
0
0
0
0
0.00251266
0
0
0
0
0
0
0
0
0
0
0
0
0
0
0
0
0
0
0
0
0
0
0
0
0
0
0
0.851467
0
0
0
0
0
0
0
0
0
0
0
0
0
0.0149315
0
0
0
0
0
0
0
0
0
0
0
0
0
0
0
0
0
0
0
0
0
0.00254061
0
0
0
0
0
0
0
0
0
0
0
0
0.00268099
0
0
0
0
0
0
0
0.0107338
0
0
0
0
0
0
0
0
0
0
0
0
0
0
0
0
0
0
0
0
0
0
0.50787
0
0
0
0
0
0
0
0.0476189
0
0
0
0
0
0
0
0
0
0
0
0
0
0
0
0
0
0
0
0
0
0
0
0
0.0204602
0
0
0
0
0
0
0
0
0
0
0
0
0
0
0
0
0
0
0
0
0
0
0
0
0
0
0.146186
1
0
0
0
0
0
0
0
0
0.00384069
0
0
0
0
0
0
0
0
0
0
0
0
0
0
0
0
0
0
0
0
0
0
0
0
0
0
0
0
0
0
0
0
0
0
0
0
0
0
0
0
0
0
0
0
0
0
0
0
0
0
0
0
0
0
0
0
0
0
0
0
0.00297798
0
0
0
0
0
0
0
0
0
0
1
0
0
0
0
0
0
0.00258191
0
0
0
0
0
0
0
0
0
0.00258377
0
0
0
0
0
0
0
0
0
0
0
0
0
0
0
0
0
0
0
0
0
0
0
0
0
0
0
0
0
0
0
0
0
0
0
0
0
0
0
0
0.0485668
0.994029
0
0
0
0
0
0
0
0
0
0
0
0
0
0
0
0
0
0
0
0
0
0
0
0
0
0
0
0
0
0
0
0
0
0
0
0
0
0
0
0
0
0
0
0
0
0
0
0
0
0
0
0
0
0
0
0
0
0
0
0
0
0
0
0
0
0
0
0
0
0
0
0
0
0
0
0
0
0
0
0
0
0
0.995171
0
0
0
0
0
0
0
0
0
0
0
0
0
0
0
0
0
0
0
0
0
0
0
0
0
0
0
0
0
0
0
0
0
0
0
0
0
0
0
0
0
0
0
0
0
0
0
0
0
0
0
0
0
1
0
0
0
0
0
0
0
0
0
0
0
0
0
0
0
0
0
0
0
0
0
0
0
0
0
0
0
0
0
0
0
0
0
0
0
0
0
0
0
0
0
0
0
0
0
0
0
0
0
0
0
0
0
0
0
0
0
0
0
0
0
0
0
0
0
0
0
0
0
0
0
0
0
0
0
0
0
1
0
0
0
0
0
0
0
0
0
0
0
0
0
0
0
0
0
0
0
0
0
0
0
0
0
0
0
0
0
0
0
0
0
0
0
0
0
0
0
0
0
0
0
0
0
0
0
0
0
0
0
0
0
0
0
1
0
0
0
0
0
0
0
0
0
0
0
0
0
0
0
0
0
0
0
0
0
0
0
0
0
0
0
0
0
0
0
0
0
0
0
0
0
0
0
0
0
0
0
0
0
0
0
0
0
0
0
0
0
0
0
0
0
0
0
0
0
0
0
0
0
0
0
0
0
0
0
0
0
0
0
0
0
0
0
0
0
0
0
0
0
0
0
0
0
0
0
0
0
0
0
0
0
0
0
0
0
0
0
0
0
0
0
0
0
0
0
0
0
0
0
0
0
0
0
0
0
0
0
0
0
0
0
0
0
0
0
0
0
0
0
0
1
0
0
0
0
0
0
0
0
0
0
0
0
0
0
0
0
0
0
0
0
0
0
0
0
0
0
0
0
0
0
0
0
0
0
0
0
0
0
0
0
0
0
0
0
0
0
0
0
0
0
0
0
0
0
0
0
0
0
0
0
0
0
0
0
0
0
0
0
0
0
0
0
0
0
0
0
0
0
0
0
0
0
0
0
0
0
0
0
0
0
0
0
0
0
0
0
0
0
0
0
0
0
0
0
0
0
0
0
0
0
0
0
0
0
0
0
0
0
0
0
0
0
0
0
0
0
0
0
0
0
0
0
0
0
0
0
0
0
0
0
0
0
0
0
0
0
0
0
0
0
0
0
0
0
0
0
0
0
0
0
0
0
0
0
0
0
0
0
0
0
0
0
0
0
0
0
0
0
0
0
0
0
0
0
0
0
0
0
0
0
0
0
0
0
0
0
0
0
0
0
0
0
0
0
0
0
0
0
0
0
0
0
0
0
0
0
0
0
0
0
0
0
0
0
0
0
0
0
0
0
0
0
0
0
0
0
0
0
0
0
0
0
0
0
0
0
0
0
0
0
0
0
0
0
0
0
0
0
0
0
0
0
0
0
0
0
0
0
0
0
0
0
0
0
0
0
0
0
0
0
0
0
0
0
0
0
0
0
0
0
0
0
0
0
0
0
0
0
0
0
0
0
0
0
0
0
0
0
0
0
0
0
0
0
0
0
0
0
0
0
0
0
0
0
0
0
0
0
0
0
0
0
0
0
0
0
0
0
0
0
0
0
0
0
0
0
0
0
0
0
0
0
0
0
0
0
0
0
0
0
0
0
0
0
0
0
0
0
0
0
0
0
0
0
0
0
0
0
0
0
0
0
0
0
0
0
0
0
0
0
0
0
0
0
0
0
0
0
0
0
0
0
0
0
0
0
0
0
0
0
0
0
0
0
0
0
0
0
0
0
0
0
0
0
0
0
0
0
0
0
0
0
0
0
0
0
0
0
0
0
0
0
0
0
0
0
0
0
0
0
0
0
0
0
0
0
0
0
0
0
0
0
0
0
0
0
0
0
0
0
0
0
0
0
0
0
0
0
0
0
0
0
0
0
0
0
0
0
0
0
0
0
0
0
0
0
0
0
0
0
0
0
0
0
0
0
0
0
0
0
0
0
0
0
0
0
0
0
0
0
0
0
0
0
0
0
0
0
0
0
0
0
0
0
0
0
0
0
0
0
0
0
0
0
0
0
0
0
0
0
0
0
0
0
0
0
0
0
0
0
0
0
0
0
0
0
0
0
0
0
0
0
0
0
0
0
0
0
0
0
0
0
0
0
0
0
0
0
0
0
0
0
0
0
0
0
0
0
0
0
0
0
0
0
0
0
0
0
0
0
0
0
0
0
0
0
0
0
0
0
0
0
0
0
0
0
0
0
0
0
0
0
0
0
0
0
0
0
0
0
0
0
0
0
0
0
0
0
0
0
0
0
0
0
0
0
0
0
0
0
0
0
0
0
0
0
0
0
0
0
0
0
0
0
0
0
0
0
0
0
0
0
0
0
0
0
0
0
0
0
0
0
0
0
0
0
0
0
0
0
0
0
0
0
0
0
0
0
0
0
0
0
0
0
0
0
0
0
0
0
0
0
0
0
0
0
0
0
0
0
0
0
0
0
0
0
0
0
0
0
0
0
0
0
0
0
0
0
0
0
0
0
0
0
0
0
0
0
0
0
0
0
0
0
0
0
0
0
0
0
0
0
0
0
0
0
0
0
0
0
0
0
0
0
0
0
0
0
0
0
0
0
0
0
0
0
0
0
0
0
0
0
0
0
0
0
0
0
0
0
0
0
0
0
0
0
0
0
0
0
0
0
0
0
0
0
0
0
0
0
0
0
0
0
0
0
0
0
0
0
0
0
0
0
0
0
0
0
0
0
0
0
0
0
0
0
0
0
0
0
0
0
0
0
0
0
0
0
0
0
0
0
0
0
0
0
0
0
0
0
0
0
0
0
0
0
0
0
0
0
0
0
0
0
0
0
0
0
0
0
0
0
0
0
0
0
0
0
0
0
0
0
0
0
0
0
0
0
0
0
0
0
0
0
0
0
0
0
0
0
0
0
0
0
0
0
0
0
0
0
0
0
0
0
0
0
0
0
0
0
0
0
0
0
0
0
0
0
0
0
0
0
0
0
0
0
0
0
0
0
0
0
0
0
0
0
0
0
0
0
0
0
0
0
0
0
0
0
0
0
0
0
0
0
0
0
0
0
0
0
0
0
0
0
0
0
0
0
0
0
0
0
0
0
0
0
0
0
0
0
0
0
0
0
0
0
0
0
0
0
0
0
0
0
0
0
0
0
0
0
0
0
0
0
0
0
0
0
0
0
0
0
0
0
0
0
0
0.00533147
0
0
0
0
0
0
0
0
0.0218312
0.00795161
0.0150962
0
0
0
0
0
0
0
0
0
0
0.00518231
0
0
0
0
0
0
0
0
0
0
0
0
0
0
0
0
0
0
0
0
0
0
0
0
0
0
0
0
0
0
0
0
0
0
0
0
0
0
0
0
0
0
0
0
0
0
0
0
0
0.532024
0
0
0
0
0
0
0
0
0
0
0
0
0
0
0
0
0
0
0
0
0
0
0
0
0
0
0
0
0
0
0
0
0
0
0
0
0
0
0
0
0.00307179
0
0
0
0
0
0
0
0
0
0
0
0
0
0
0
0
0
0
0
0
0
0
0
0
0
0
0
0.00524473
0
0
0
0
0
0
0.00249649
0.00672006
0.0137153
0.00575554
0.0390166
0
0
0
0
0
0
0
0
0
0.00744575
0.00261767
0
0
0
0
0
0
0
0
0
0
0
0.00302334
0
0
0
0
0
0
0
0
0
0
0.130096
0
0
0
0.0225159
0
0
0
0
0
0
0
0.00390534
0
0
0
0.00685267
0
0
0
0
0.98817
0
0
0
0
0
0
0
0.393792
0
0.982144
0
0
0.00268894
0.00525582
0
0.00805496
0
0.00522403
0.00269381
0
0
0
0
0
0.00261637
0
0.0025772
0
0.00592056
0.00269381
0.00276
0
0
0
0.00270755
0
0.00296425
0
0
0
0
0.00296425
0
0
0
0
0.0757179
0
0.00261237
0.00282782
0
0
0.00296425
0
0
0
0
0.0766122
0
0.00258206
0
0.00269381
0.00514091
0
0
0.00257533
0
0
0.00389056
0
0
0.00262749
0.00264447
0.0788908
0.00511312
0.00789243
0.00251194
0
0.00257533
0
0
0
0.0161958
0.00777823
0.120363
0.0107129
0.114105
0
0.00252611
0.00265846
0
0.00261255
0.00252611
0.00252393
0.00272424
0.0138456
0.0486549
0.0131066
0
0.00265846
0.0313195
0
0
0.00252611
0
0.00262878
0
0.00507985
0.00687299
0.00539049
0.00514596
0
0
0.00821572
0
0
0
0
0.00304758
0.00268253
0.0103964
0.525858
0.00811165
0.00534402
0
0.0429911
0
0
0.00261795
0.00269381
0.00291439
0.00271541
0
0.0243435
0.0265
0.167629
0.0519092
0
0
0
0
0
1.00992
0.00545848
0.00270755
0.00872658
0.00261795
0
1.00863
0
0
0.969774
0
0.914307
0
0
0
0.00634791
0.0167222
0.00773534
0.0030301
0
0
0
0
0
0
0
0.00297756
0.0135144
0.00257833
0.00288965
0.016765
0
0.00826351
0
0
0
0
0.00553778
0.0054097
0
0.00258082
0
0
0.00261564
0.00246402
0
0
0
0.0391438
0
0.00566582
0.00557838
0
0
0.0054097
0
0.00296425
0.00246168
0
0
0
0.00284058
0
0
0.0160192
0
0.00512248
0.00264447
0.00747086
0.00585169
0
0
0.00291391
0.00600976
0.00825011
0
0.00771399
0.00541366
0.00499546
0
0.0107696
0.00256841
0.00246461
0
0
0.0210975
0.0237996
0.169617
0.0398255
0.0482867
0
0
0.00290232
0.00505717
0
0.00822025
0
0.00344719
0.00260449
0.0208272
0.0364323
0.0134467
0.0025447
0.00537795
0.00462004
0
0.00251437
0.00533927
0.00284414
0
0.00264189
0.00655205
0.00791895
0.00851507
0.00515095
0.00817326
0.0206946
0.0100837
0.00263505
0.0076012
0
0
0.00572221
0.0289954
0.0342119
0.0267502
0.116471
0.00577407
0.00541172
0
0.00945606
0
0
0.00287466
0.00246461
0
0.00504957
0
0.0851843
0.0240901
0.0130841
0.251169
0.0286481
1
0
0
0
0
1
0
0.00749046
0
0
0
1.00514
0
0
0.993384
0
1.00026
0
0
0.00300286
0.00270915
0.00295753
0.00552897
0.00532538
0
0
0
0
0.00261159
0
0
0.00769771
0
0.0053188
0
0.00304728
0
0
0.00266554
0
0.00261233
0
0
0.00837809
0
0
0
0
0
0
0.00264447
0
0
0.0119039
0.00299531
0.00561016
0
0
0.00291684
0
0
0
0
0.0126172
0.00289168
0
0.00248659
0.00294877
0.00768597
0
0
0.00269076
0
0.00306496
0
0
0
0.00261367
0.00515465
0.015926
0.00863713
0.0073436
0
0.00269406
0.00276145
0
0
0.00258416
0.053378
0.0347275
0.0144503
0.00580367
0.971187
0
0
0.00548788
0
0.00554789
0.00514001
0.00462839
0
0.00281895
0.0278221
0.0656171
0.00284066
0
0.00548788
0
0
0
0
0.00525594
0.0107529
0.0327366
0
0.00251432
0.00852935
0.0314542
0.00294175
0
0
0.00539217
0
0.0110408
0.0131828
0.00272537
0.00531073
0
0.00555285
0.00950585
0.106757
0.00260275
0
0
0
0.00284664
0
0.00857692
0.00790112
0.0160479
0.0326442
0.0124804
0.919139
0
0
0
0.00523297
0
0.00766314
0
0
0.994955
0
0.61224
0
0
0.00255099
0.00260449
0.00479133
0.0153016
0.0191344
0.00263771
0.00266725
0
0.00252611
0
0
0
0
0.00271585
0.00450048
0.00279798
0
0
0
0
0.00257749
0
0
0
0.00268895
0
0
0.00772878
0.00270726
0.00515173
0
0.00354806
0
0
0
0.00784265
0
0.00846598
0
0.00259977
0.00515173
0
0
0.00261564
0
0.00277759
0
0.00267512
0.00271711
0
0.00553117
0.0025394
0.00292471
0
0
0
0.00595018
0
0.0301994
0.00565968
0
0
0.0518918
0.00836584
0
0.0030268
0.00297672
0
0
0
0.00622738
0
0.0501002
0.0206329
0.00875078
0.0142935
0
0.88283
0
0.00247073
0
0
0.00293646
0.002518
0
0.00959896
0.010841
0.0190026
0.0176935
0
0
0
0
0.00276639
0.00277703
0.00401147
0.0029527
0.00267697
0.0301631
0.00400836
0.0108502
0.00569846
0.0347978
0
0.00797317
0
0
0.0026347
0.00765663
0.0958127
0.00254081
0
0.0328432
0
0.00552384
0.0136857
0.0437076
0
0.0023236
0.0026347
0.00287466
0
0.00276591
0.0203922
0.00550846
0.0136383
0.0136175
0.276404
0.017095
0.492231
0
0
0
0
0.011296
0.0076626
0
0
0
1
0
0.842758
0
0.00785847
0
0
0
0.00707351
0.0118195
0.0905438
0.00305664
0
0
0.00250038
0
0
0.00246059
0
0
0
0.00563547
0
0
0.0025754
0
0
0
0.00246877
0
0.00251859
0.00316347
0.0519842
0
0
0.00547128
0.00539646
0
0
0.00868678
0.00503008
0.00621357
0
0.00564508
0
0
0.00294402
0
0.00255445
0.00588834
0.00295063
0.0111405
0.00583483
0
0
0.0352462
0.0154292
0.00506671
0
0
0.00251227
0.00279172
0.00264679
0
0.0426314
0.00855873
0
0.00854064
0.117095
0.00553127
0.00244487
0.00563831
0.00507716
0
0
0.0122771
0
0
0
0
0
0
0.651491
0.00501789
0.00502826
0.00260328
0.00281626
0.00528534
0
0.0492215
0.0214849
0.0119144
0.0077083
0.0120092
0
0
0.0100102
0
0
0.0103287
0.00250002
0.00541091
0.0103153
0.00898531
0.00507757
0
0.0209844
0.00292415
0
0.00345246
0
0.0153125
0.0247981
0.0669525
0.0108913
0
0.0085068
0
0
0
0.0182889
0.00274192
0.00709684
0.012758
0
0
0.0027878
0.0308215
0.00505061
0.00801642
0.0134628
0.0537385
0.00362556
0.0359476
0
0
0
0.00821535
0.0102009
0
0
0
0.972688
0
0.00271432
0.00271617
0
0
0.00794557
0
0.00261878
0
0
0
0
0.00539857
0
0.0028345
0
0
0.00808835
0.00672165
0
0.00487991
0.00267274
0
0.00277703
0.00248277
0.0024709
0
0.00270141
0
0
0
0
0.00261564
0
0.00309232
0.0029572
0
0
0.0057515
0
0.00271509
0
0
0
0
0
0.00528798
0.0027839
0
0
0.00299492
0
0
0.00290232
0
0
0
0
0.0260323
0
0
0.00289522
0.0166444
0
0
0
0
0
0.00252136
0.00639442
0
0
0
0
0
0
0.30058
0
0
0
0
0
0
0
0
0.0132807
0.0109994
0
0.00300794
0.00451257
0
0
0
0
0.00514736
0
0.00833747
0.00671656
0.0122227
0
0
0.0342539
0
0
0
0.00276591
0.00252611
0.0298772
0.00869222
0.00369635
0.0271923
0.00258296
0.00529153
0.00319407
0.0537199
0.00271846
0
0.00252611
0
0
0
0.011479
0.00806507
0.0191008
0.0109918
0.0352156
0.014844
0
0.00286951
0.0287466
0.00256685
0
0
0
0
0.0083695
0.00259567
0
0.00640167
0
0
0
0
0
0
0.00828014
0.00585242
0
0.00289603
0
0.00271738
0
0
0
0
0
0.00259494
0
0
0.0029572
0
0.00291051
0
0
0.00291051
0.00249788
0.00580165
0
0.0024709
0
0.00614457
0
0
0.00291051
0.00261564
0
0.00291684
0
0
0.00566989
0.00278745
0.00289522
0.0025706
0
0
0.00525895
0
0
0.00707097
0.0486849
0.00308488
0.00303183
0.0105531
0.00760195
0
0
0
0.00567153
0.00291684
0.0112826
0
0
0
0
0
0
0
0.286855
0
0
0
0
0.00306401
0.00296819
0.00543687
0.00535261
0.00790906
0.00937437
0.0167728
0.0030809
0
0
0
0
0
0
0.00542066
0.00637769
0.00299746
0.0161475
0
0.0451283
0
0.00287989
0
0
0
0.0166603
0
0.00906461
0.0138841
0.0026429
0.00260983
0
0.009452
0.00253875
0
0
0
0
0
0
0
0.011169
0.0138582
0
0
0.00982924
0.00543054
0
0
0
0
0
0.00254181
0
0.00268453
0
0
0.00533408
0
0.00289522
0
0
0.00866741
0.00279196
0
0
0
0.0025848
0
0
0.00530571
0
0.00585242
0.00246059
0
0
0
0
0.00252568
0
0
0
0
0
0
0
0.00247073
0.00252802
0
0
0
0
0
0
0
0
0.00247073
0.00261881
0
0.00818496
0.00268468
0
0
0.00586747
0
0
0.00253713
0
0.0629361
0
0
0.00299492
0.0104318
0
0.00290232
0
0.16352
0
0.00295063
0.00780726
0.00262525
0
0
0
0
0
0
0.685085
0.692183
0
0
0
0.00589309
0
0.00283856
0.00268155
0
0.00558048
0.0054962
0.0183889
0.00910133
0
0
0
0
0.00289522
0
0
0.00297626
0
0.00807993
0.0118766
0.0031315
0.0111753
0
0.0303533
0
0
0
0.00258744
0.0052414
0.0141303
0.00859571
0.00421337
0
0
0
0
0.0105959
0.00276156
0
0.00249819
0.00295063
0.00265131
0.00258744
0.00876651
0.00260734
0.00855448
0.013899
0
0
0
0
0
0
0
0
0
0
0
0
0.00998089
0.00277668
0.00412808
0
0.0030669
0
0
0
0
0
0
0.00271351
0
0.00389241
0.0058961
0.00875051
0
0
0
0
0.00535335
0
0
0
0.00754913
0.00247001
0
0
0.00249871
0
0
0
0
0.00252802
0.00252631
0
0
0
0.00765071
0
0
0
0
0.00252802
0.00258527
0
0.00258792
0.00567936
0
0.00258958
0
0
0.00257453
0
0.0440248
0
0.00272137
0.00505055
0.0193451
0
0
0.0029783
0
0
0
0
0
0
0
0
0
0
0
1.03212
0
0
0
0
0
0
0
0
0.019143
0.0283206
0
0
0
0.0172371
0.00275788
0.00858002
0.00366234
0
0
0
0.00529
0
0.00762261
0.0164278
0
0.0411383
0
0.00595519
0.00249745
0
0.00247073
0.0395833
0.00254526
0
0
0
0
0.00796908
0.0205316
0.00490544
0
0
0.0026494
0
0.00405729
0
0.00559157
0.029984
0
0
0.00389387
0.0110649
0.00526784
0
0
0
0
0
0
0.00246128
0.00251263
0.00931036
0.00744064
0
0
0.00249838
0.00591742
0.00301521
0.0024599
0.00276591
0.00268763
0
0
0.0110861
0
0.00299327
0
0.00279196
0.00256685
0.00238627
0
0.00299492
0.00252306
0.0025706
0
0.0024447
0
0
0
0
0
0
0
0
0
0.00505271
0.00252136
0
0
0
0
0.00508453
0
0.00245779
0.00508231
0
0
0
0.0029783
0
0
0.0440136
0.00266992
0
0
0.0185403
0.00251556
0.00256507
0
0
0
0
0.00425472
0
0
0
0
0
0
0
1.10452
0.959809
0
0
0
0.00565754
0
0
0
0
0
0.0169086
0
0
0
0
0
0.00266184
0
0.00289966
0
0
0
0
0
0.00312618
0
0
0
0
0
0.00500039
0.0191323
0
0
0
0.00309412
0
0
0.0271126
0.0051756
0.00247237
0
0
0
0.00789535
0
0.00292337
0.0080421
0
0.00552889
0
0.014786
0
0
0
0
0
0
0.054845
0.00246159
0.00550031
0.00263579
0.00468445
0
0
0
0.00279196
0.00275788
0.0028207
0
0
0.00288695
0
0
0.00303788
0.00805461
0.00535366
0
0.00604495
0
0.00276591
0.00267631
0.0110978
0
0.0025706
0
0.00274338
0
0
0.018129
0
0
0.00297164
0
0
0.00246342
0.0026831
0
0.0025706
0.00827942
0
0
0
0
0
0.00250214
0
0
0.0235885
0
0
0
0
0
0
0.0397427
0
0
0
0
0.0294574
0
0.0209391
0
0
0
0
0.0121526
0
0
0
0
0
0
0.954937
0.820688
0
0
0
0
0.0028356
0
0
0
0
0
0.0116375
0
0
0
0.0028356
0.00299327
0.00278649
0.00449014
0
0
0
0
0
0.00263129
0
0.0299327
0
0
0
0
0.0109978
0.0199042
0
0
0
0
0.00283584
0.0103836
0
0
0.0082399
0.00582887
0.00257123
0
0
0.0240587
0
0.00615783
0.00833115
0
0.00280122
0.00560137
0.0340603
0.00252028
0
0
0
0
0.409494
0
0
0
0
0
0
0
0
0
0
0
0
0.00246229
0
0
0
0
0
0
0
0.00308934
0
0
0.00242481
0
0
0
0
0.00318128
0
0
0
0
0
0
0
0
0
0
0
0
0
0
0
0
0
0
0
0
0
0
0
0
0
0
0
0
0
0
0
0
0
0
0
0
0
0
0
0
0
0
0
0
0
0
0
0
0
0.857974
0.356648
0
0
0
0
0
0
0
0
0
0.0110162
0
0
0
0
0
0.00267159
0
0
0
0
0
0
0
0
0
0.00279196
0
0
0
0
0.00246229
0.0112273
0
0
0
0
0
0.0104398
0
0
0
0
0
0
0
0.00369343
0
0.00601254
0.0088716
0
0
0
0.0167517
0
0
0
0
0.327591
0
0
0
0
0
0
0
0
0
0
0
0
0
0
0
0
0
0
0
0
0
0
0
0
0
0
0
0
0
0
0
0
0
0
0
0
0
0
0
0
0
0
0
0
0
0
0
0
0
0
0
0
0
0
0
0
0
0
0
0
0
0
0
0
0
0
0
0
0
0
0
0
0
0
0
0
0
0
0.589579
0
0
0
0
0
0
0
0
0
0
0
0
0
0
0
0
0
0
0
0
0
0
0
0
0
0
0
0
0
0
0
0
0
0
0
0
0
0
0
0
0
0
0
0
0
0
0
0
0
0
0
0
0
0
0
0
1
0
0
0
0
0
0
0
0
0
0
0
0
0
0
0
0
0
0
0
0
0
0
0
0
0
0
0
0
0
0
0
0
0
0
0
0
0
0
0
0
0
0
0
0
0
0
0
0
0
0
0
0
0
0
0
0
0
0
0
0
0
0
0
0
0
0
0
0
0
0
0
0
0
0
0.0983294
0
0
0
0
0
0
0
0
0
0
0
0
0
0
0
0
0
0
0
0
0
0
0
0
0
0
0
0
0
0
0
0
0
0
0
0
0
0
0
0
0
0
0
0
0
0
0
0
0
0
0
0
0
0
1
0
0
0
0
0
0
0
0
0
0
0
0
0
0
0
0
0
0
0
0
0
0
0
0
0
0
0
0
0
0
0
0
0
0
0
0
0
0
0
0
0
0
0
0
0
0
0
0
0
0
0
0
0
0
0
0
0
0
0
0
0
0
0
0
0
0
0
0
0
0
0
0
0
0
0
0
0
0
0
0
0
0
0
0
0
0
0
0
0
0
0
0
0
0
0
0
0
0
0
0
0
0
0
0
0
0
0
0
0
0
0
0
0
0
0
0
0
0
0
0
0
0
0
0
0
0
0
0
0
0
0
0
0
0
0
0
0
0
0
0
0
0
0
0
0
0
0
0
0
0
0
0
0
0
0
0
0
0
0
0
0
0
0
0
0
0
0
0
0
0
0
0
0
0
0
0
0
0
0
0
0
0
0
0
0
0
0
0
0
0
0
0
0
0
0
0
0
0
0
0
0
0
0
0
0
0
0
0
0
0
0
0
0
0
0
0
0
0
0
0
0
0
0
0
0
0
0
0
0
0
0
0
0
0
0
0
0
0
0
0
0
0
0
0
0
0
0
0
0
0
0
0
0
0
0
0
0
0
0
0
0
0
0
0
0
0
0
0
0
0
0
0
0
0
0
0
0
0
0
0
0
0
0
0
0
0
0
0
0
0
0
0
0
0
0
0
0
0
0
0
0
0
0
0
0
0
0
0
0
0
0
0
0
0
0
0
0
0
0
0
0
0
0
0
0
0
0
0
0
0
0
0
0
0
0
0
0
0
0
0
0
0
0
0
0
0
0
0
0
0
0
0
0
0
0
0
0
0
0
0
0
0
0
0
0
0
0
0
0
0
0
0
0
0
0
0
0
0
0
0
0
0
0
0
0
0
0
0
0
0
0
0
0
0
0
0
0
0
0
0
0
0
0
0
0
0
0
0
0
0
0
0
0
0
0
0
0
0
0
0
0
0
0
0
0
0
0
0
0
0
0
0
0
0
0
0
0
0
0
0
0
0
0
0
0
0
0
0
0
0
0
0
0
0
0
0
0
0
0
0
0
0
0
0
0
0
0
0
0
0
0
0
0
0
0
0
0
0
0
0
0
0
0
0
0
0
0
0
0
0
0
0
0
0
0
0
0
0
0
0
0
0
0
0
0
0
0
0
0
0
0
0
0
0
0
0
0
0
0
0
0
0
0
0
0
0
0
0
0
0
0
0
0
0
0
0
0
0
0
0
0
0
0
0
0
0
0
0
0
0
0
0
0
0
0
0
0
0
0
0
0
0
0
0
0
0
0
0
0
0
0
0
0
0
0
0
0
0
0
0
0
0
0
0
0
0
0
0
0
0
0
0
0
0
0
0
0
0
0
0
0
0
0
0
0
0
0
0
0
0
0
0
0
0
0
0
0
0
0
0
0
0
0
0
0
0
0
0
0
0
0
0
0
0
0
0
0
0
0
0
0
0
0
0
0
0
0
0
0
0
0
0
0
0
0
0
0
0
0
0
0
0
0
0
0
0
0
0
0
0
0
0
0
0
0
0
0
0
0
0
0
0
0
0
0
0
0
0
0
0
0
0
0
0
0
0
0
0
0
0
0
0
0
0
0
0
0
0
0
0
0
0
0
0
0
0
0
0
0
0
0
0
0
0
0
0
0
0
0
0
0
0
0
0
0
0
0
0
0
0
0
0
0
0
0
0
0
0
0
0
0
0
0
0
0
0
0
0
0
0
0
0
0
0
0
0
0
0
0
0
0
0
0
0
0
0
0
0
0
0
0
0
0
0
0
0
0
0
0
0
0
0
0
0
0
0
0
0
0
0
0
0
0
0
0
0
0
0
0
0
0
0
0
0
0
0
0
0
0
0
0
0
0
0
0
0
0
0
0
0
0
0
0
0
0
0
0
0
0
0
0
0
0
0
0
0
0
0
0
0
0
0
0
0
0
0
0
0
0
0
0
0
0
0
0
0
0
0
0
0
0
0
0
0
0
0
0
0
0
0
0
0
0
0
0
0
0
0
0
0
0
0
0
0
0
0
0
0
0
0
0
0
0
0
0
0
0
0
0
0
0
0
0
0
0
0
0
0
0
0
0
0
0
0
0
0
0
0
0
0
0
0
0
0
0
0
0
0
0
0
0
0
0
0
0
0
0
0
0
0
0
0
0
0
0
0
0
0
0
0
0
0
0
0
0
0
0
0
0
0
0
0
0
0
0
0
0
0
0
0
0
0
0
0
0
0
0
0
0
0
0
0
0
0
0
0
0
0
0
0
0
0
0
0
0
0
0
0
0
0
0
0
0
0
0
0
0
0
0
0
0
0
0
0
0
0
0
0
0
0
0
0
0
0
0
0
0
0
0
0
0
0
0
0
0
0
0
0
0
0
0
0
0
0
0
0
0
0
0
0
0
0
0
0
0
0
0
0
0
0
0
0
0
0
0
0
0
0
0
0
0
0
0
0
0
0
0
0
0
0
0
0
0
0
0
0
0
0
0
0
0
0
0
0
0
0
0
0
0
0
0
0
0
0
0
0
0
0
0
0
0
0
0
0
0
0
0
0
0
0
0
0
0
0
0
0
0
0
0
0
0
0
0
0
0
0
0
0
0
0
0
0
0
0
0
0
0
0
0
0
0
0
0
0
0
0
0
0
0
0
0
0
0
0
0
0
0
0
0
0
0
0
0
0
0
0
0
0
0
0
0
0
0
0
0
0
0
0
0
0
0
0
0
0
0
0
0
0
0
0
0
0
0
0
0
0
0
0
0
0
0
0
0
0
0
0
0
0
0
0
0
0
0
0
0
0
0
0
0
0
0
0
0
0
0
0
0
0
0
0
0
0
0
0
0
0
0
0
0
0
0
0
0
0
0
0
0
0
0
0
0
0
0
0
0
0
0
0
0
0
0
0
0
0
0
0
0
0
0
0
0
0
0
0
0
0
0
0
0
0
0
0
0
0
0
0
0
0
0
0
0
0
0
0
0
0
0
0
0
0
0
0
0
0
0
0
0
0
0
0
0
0
0
0
0
0
0
0
0
0
0
0
0
0
0
0
0
0
0
0
0
0
