0.00680038
0.0160677
0.0134052
0.00736654
0.00740161
0
0
0.00746764
0.091542
0.00703117
0.0081619
0.0200525
0.0426366
0.00670071
0.0207324
0.0357639
0.00821586
0.00890113
0.00723968
0.00824129
0.00905745
0.0218433
0.0115504
0.0114917
0.0116722
0.0815173
0.00733117
0.0112805
0.0155329
0.4661
0.00703117
0.0081619
0.0758382
0.0164474
0.00674524
0.0300133
0.00734369
0.0171079
0.0421753
0.0175613
0.0130607
0.0465784
0.116475
0.0145205
0.0175642
0.00823882
0.00890113
0
0.0206746
0.0167571
0.0260637
0.046093
0.0556537
0.0112946
0.0159613
0.0114917
0
0.0814779
0.0221616
0.0112805
0.0305581
0.903102
0.00703117
0.0423447
0.0753118
0.0329423
0.0137581
0.0747509
0.0300765
0.0376278
0.0844075
0
0.101369
0.0205886
0
0.0789407
0.576927
0.0297781
0.0343793
0.0260722
0.0566175
0
0.00869511
0.0422086
0.0162066
0.0264212
0.0470982
0
0
0.017396
0.0240903
0.011658
0.14897
0.0510259
0.0331535
0.014189
1.01
0.0162034
0.0438478
0.0748372
0.0151637
0.00674524
0.0907103
0.0227659
0.0757047
0.127168
0.0229649
0.0832376
0.0263053
0.0407528
0.10956
0.799649
0.0432585
0.0357473
0.0519392
0.147572
0.00896332
0.0177467
0.0614437
0.00827947
0.0259179
0.0787101
0
0
0.206194
0.0377215
0.0559057
0.131434
0.0649744
0.0331044
0.0420987
0.604567
0.0244466
0.0517347
0.0468906
0.0344373
0.0218379
0.0744098
0.043389
0.113044
0.143449
0.0220655
0.100735
0.0540409
0.0816328
0.0613397
0.847789
0.0731055
0.0509107
0.103604
0.138731
0.00837579
0.0274813
0.0793958
0.0400871
0.0421662
0.172975
0.0205687
0.0105462
0.121489
0.0629283
0.022048
0.103585
0.0426545
0.0438141
0.0575939
0.347917
0.0778421
0.0603899
0.0274752
0.0663629
0
0.117213
0.0452075
0.129036
0.0403027
0
0.0865742
0.0802524
0.0956095
0.0915063
0.960655
0.0652226
0.0515277
0.115432
0.107464
0.0348061
0.0527555
0.0743351
0.0457846
0.0340759
0.149894
0.0328935
0.0214136
0.152731
0.0385875
0.0336179
0.131071
0.0489062
0.0341214
0.0738533
0.31526
0.039693
0.0585816
0.0833992
0.1001
0.0282892
0.103848
0.0138505
0.144073
0.0550306
0.0105188
0.0866883
0.0595011
0.0425382
0.0606117
0.990562
0.0898911
0.00830909
0.194032
0.180274
0.0270158
0.0543609
0.054409
0.0298763
0.0094078
0.235618
0.0224083
0.0414228
0.187166
0.0259471
0.0564933
0.241851
0.0488185
0.0535327
0.0444619
0.211805
0.0549893
0.0428914
0.0467187
0.0985645
0.0207499
0.102489
0.0296449
0.145676
0.188253
0.0108548
0.0367857
0.0460222
0.0430659
0.0299392
0.998838
0.0454626
0.00830909
0.131431
0.227712
0.0457522
0.061781
0.039283
0.00738345
0.0178437
0.221824
0.0323376
0.040257
0.170122
0
0.0115698
0.273391
0.0349583
0.0320942
0.157635
0.152264
0.0232791
0.0482019
0.018819
0.0494177
0.00683351
0.088501
0.0146196
0.148398
0.0991023
0.0108548
0
0.0735072
0.0135277
0.0300743
1.00005
0.0146927
0.0087768
0.102398
0.170999
0
0
0.0669625
0
0.0249865
0.11952
0.0207748
0.0220695
0.100467
0.0117963
0.0208763
0.307045
0.0146308
0.0320942
0.086806
0.091464
0.00771751
0.0325748
0.0270514
0.00707112
0.0145286
0.0935611
0.0292521
0.0334798
0.0177193
0.0261223
0
1.01747
0.0150637
0
0.0585316
0.0576453
0.00864338
0.0180015
0.0265468
0.00766269
0.0256213
0.125598
0.0207529
0
0.100336
0.0129637
0.0224224
0.144091
0.0216662
0.0412135
0.423272
0.0725352
0.0160277
0
0
0.00723132
0.0544367
0
0.0112709
0
0.00641084
0.0152653
0.603732
0.00828045
0.0514912
0.00866079
0.00873641
0.0271044
0.00766269
0.0499138
0.0347822
0.114325
0.0124919
0.0331314
0.0816985
0.0208224
0.869196
0.0281913
0.00736417
0.00837663
0.0163524
0.00672625
0.0181752
0.0112709
0.00668368
0.279954
0.00859648
0.0423353
0.00848238
0.00646205
0.00787857
0.0583797
0.00737557
0.114201
0.0112186
0.0268657
0.00689685
0.0208224
0.779712
0.0286071
0.0181752
0.0136342
0.0130808
0.0495665
0.0586509
0.00897471
0.0172885
0.0190558
0.0826836
0.0076668
0.0495901
0.0107801
0.032026
0.00675773
0.436029
0.0140506
0
0.0194216
0.0135841
0.0167106
0.0248944
0.0076668
0
0.0114567
0.00648354
0.144288
0
0.0165945
0.00830873
0
0.00715653
0
0.0501239
0
0.0173274
0
0.0544096
0.0141248
0.0160147
0
0.0085653
0.00867705
0.025395
0.00889252
0.00812596
0.0117741
0.0332253
0.0135704
0.0211469
0.0196832
0.392028
0.00751324
0.0789962
0.00901902
0.0173644
0.00645087
0.00802046
0.0381338
0.0121478
0.0160147
0.00656892
0.0141101
0.0159887
0.00735073
0
0.0085653
0.0160276
0
0.00956323
0.165087
0.00734399
0.0176955
0.022654
0.0225652
0.0321828
0.0135704
0.134289
0.0333934
0.00717178
0
0.696284
0.0469771
0.103073
0.00901902
0.0329076
0.00645087
0.0156475
0.056724
0.0360459
0.0135016
0.030731
0.00808306
0.0156841
0.00900386
0.0695212
0.00872773
0.00956323
0.694243
0.0073376
0.00867904
0.0685318
0.07116
0.0324219
0.0827541
0.0253671
0.0998027
0.040438
0
0.0212292
1.00641
0
0.0862187
0.10333
0.00901902
0.0341965
0.0205968
0.0445088
0.0156475
0.130006
0.0586197
0.0485479
0.0364425
0
0.0127177
0
0.021524
0
0.0260927
0.105778
0.00852186
0.00956323
0.910274
0
0
0.0948656
0.06373
0.0111144
0.032158
0.0851343
0.0520074
0.166651
0.0545647
0
0.988582
0
0.0778056
0.0949096
0.00901902
0.0157399
0.0346823
0.0304098
0.00802046
0.185448
0.0290318
0.01268
0.0699688
0.0279957
0.0430373
0.0144732
0.0298291
0.0068824
0.03532
0.0514439
0.0426159
0.00918205
0.93729
0.0216959
0.0241735
0.0353545
0.0551441
0.0111144
0.0772241
0.099393
0.0253671
0.124743
0.230481
0.0142924
0.0320973
0.472056
0
0.103207
0.0867218
0.0189503
0.0493699
0.0281944
0.0900036
0.00802046
0.167673
0.0724431
0
0.0698828
0.0349625
0.014872
0.0313827
0.00760737
0.0068824
0.0441627
0.0329188
0.0426159
0.990464
0.0147863
0.0327999
0.0513814
0.0392082
0.0111144
0.064815
0.119215
0.0515283
0.11246
0.202437
0.0280512
0.0202861
0.314869
0.0440895
0.109804
0.0952062
0.0188517
0.0165797
0.0350569
0.119933
0.0310578
0.187938
0.0444084
0
0.0352431
0.0416271
0.014872
0.0151168
0
0.0227001
0.086797
0.0327612
0.0423583
0
1.00142
0.0347069
0.0243207
0.0602989
0.0392082
0
0.0671044
0.0833308
0.0369785
0.123354
0.161204
0.0362454
0.0102334
0.211452
0.0451026
0.109565
0.0434448
0.0282804
0.0165797
0.00696769
0.0145042
0.0225856
0.151158
0
0.0550669
0.0133148
0.014872
0.0462733
0.0072217
0.00787142
0.0259079
0.0322808
0.0256944
0
0.997942
0.0284723
0.00780225
0.0845259
0.0236223
0.0105961
0.0117563
0.187165
0.0489311
0.123178
0.033281
0.0211829
0.0425583
0.129263
0.118384
0.133279
0.0168042
0.00696769
0.0471598
0.0389817
0.0188869
0.014872
0.0150472
0
0
0.0244909
0.00882051
0.918985
0.00706228
0.0166691
0.0250038
0.00753212
0
0.0670596
0.100243
0.0460657
0.0198052
0.0134234
0.0215928
0.0280805
0.060566
0.125981
0
0.0157399
0.0432495
0
0
0.014872
0.0150472
0.00796066
0.782187
0.00706228
0.00802468
0
0.0112
0.0159897
0
0.0117346
0.00699998
0.00695918
0.0336565
0
0.0595703
0.126528
0.00789728
0
0.00679563
0.00796066
0.311319
0.00706228
0
0.0138359
0.0311662
0
0.0153672
0.0362828
0.00706228
0.00835254
0.00687674
0.0158327
