0
0
0.00695415
0
0.0121226
0.00942668
0.0137784
0.00809124
0.0159484
0
0.0142004
0.0127169
0.00658346
0.0186293
0
0.0380987
0.038
0.0195037
0
0.00930873
0.0607414
0.0140784
0.00821039
0.14814
0.0121731
0.0133293
0.0338668
0.0138952
0.0139234
0.0326792
0.0358038
0.00942668
0
0.00728658
0.0165781
0.0177192
0.0332502
0.0400858
0.0282632
0.00628966
0.0166049
0.0377876
0
0.0185278
0.0680687
0.00681916
0.0259032
0.055999
0.0486179
0.0963826
0.00678122
0.0092275
0
0.447514
0.0278535
0.0133293
0.102651
0.00695415
0.0271527
0.0164253
0.0111982
0.0482757
0.0949378
0.0251801
0.00876866
0.02892
0
0.289681
0.0467877
0.0216226
0.0260447
0.0350302
0.0132235
0.0423339
0.0812461
0.0215893
0.0762383
0.105685
0.0139567
0.018679
0.0215496
0.036133
0.0437422
0.0976603
0.033423
0.0180518
0.0836062
0.62948
0.0128645
0.0376061
0.13319
0.00695415
0.0453166
0.0939606
0.0694388
0.056115
0.0866415
0.00853665
0.0344843
0.0420698
0.0614767
0.0240027
0.818893
0.0810068
0.031905
0.0398592
0.0806736
0.0196813
0.0178852
0.159081
0.0562913
0.152112
0.191798
0
0.00647762
0.0206728
0.018763
0.0714617
0.130032
0.0271364
0.0349787
0.0422081
0.753008
0.051886
0.0745342
0.0654253
0.0214651
0.030243
0.0787802
0.0570042
0.0721793
0.0473968
0.00853665
0.0536041
0.0285742
0.0772943
0.0154259
0.994067
0.0813801
0.0605817
0.120228
0.100426
0.0472393
0.0188102
0.136025
0.0327675
0.131897
0.232735
0.0140654
0.0131796
0.0402363
0.0298518
0.12662
0.192391
0.0202355
0.0173037
0.0212548
0.686087
0.0268098
0.12249
0.0501735
0.0279683
0.0613021
0.0813275
0.0392625
0.0573868
0.0195923
0.0529757
0.02929
0.0632626
0.0333277
0.994067
0.127261
0.0395004
0.134304
0.195425
0.0413439
0.0260487
0.135226
0.0324306
0.19392
0.219034
0.00723407
0.0460406
0.0555214
0.0293177
0.0698773
0.236999
0.0464058
0.00777871
0.052632
0.377621
0.0400719
0.0868938
0.130397
0.0143591
0.041632
0.0618729
0.0731676
0.0323531
0.0563696
0.0278194
0.0549944
0.0278378
0.0620897
0.00758895
0.994067
0.199076
0.0197517
0.213691
0.227951
0.0683363
0.0251142
0.114213
0.0894423
0.133901
0.263886
0.0145263
0.0397599
0.0681371
0.0377667
0.0564258
0.308474
0.0341165
0.00925289
0.0525135
0.258319
0.0516356
0.17114
0.0974478
0.0217432
0.0562633
0.12229
0.0372059
0.0562566
0.0286726
0
0.0526278
0.0359644
0.061395
0.016319
0.994067
0.263455
0
0.368118
0.260062
0.0626993
0.0344332
0.0745714
0.0554757
0.0963761
0.377239
0.0295576
0.0399414
0.102757
0.0272938
0.0141069
0.553599
0.0274926
0.0325022
0.0633296
0.210031
0.0505845
0.182805
0.114431
0.0283332
0
0.136201
0.0370595
0.0479506
0.0283816
0
0.0249123
0.0428753
0.0765037
0.0255136
0.994067
0.192986
0.0307169
0.344506
0.271396
0.0410848
0.0521902
0.0765149
0.0682065
0.13728
0.404544
0.0427461
0.0196255
0.0837534
0.00991529
0.0128462
0.56121
0.0344405
0.0334604
0.0851147
0.182541
0.0249484
0.157323
0.0324907
0
0.0142591
0.152231
0.0220933
0.111534
0.00891555
0
0.0420171
0.0415083
0.0165343
0.0422408
0.994067
0.144054
0
0.3237
0.251573
0.047595
0.0259462
0.0386051
0.0111165
0.0362474
0.24475
0.0426435
0.0139814
0.0984402
0.0275715
0.486993
0.0471374
0
0.0210829
0.127962
0.0124388
0.192582
0.0335727
0.00655521
0.0137007
0.167386
0.0233544
0.0322429
0.0176255
0.0326253
0.0275971
0
0.00763701
0.994067
0.142277
0.00927418
0.228807
0.145286
0.00695173
0.0176584
0.0201366
0.023008
0.0713957
0.216217
0.00744098
0.0196913
0.0533466
0
0.0276797
0.261569
0.0200187
0.00819867
0.110858
0.057488
0
0.0383967
0.0152093
0
0.0273089
0.0293223
0.0111344
0.0303933
0.0177189
0.0241873
0.0130738
0.0139136
0.015285
0.761263
0.04825
0.02082
0.198538
0.0583155
0
0.0201366
0.0722994
0.0450387
0.00688662
0
0.0592207
0.0390931
0.134119
0.018781
0.0161697
0.374135
0.0430794
0.0118427
0.0161289
0
0.0405102
0.0143165
0.0148336
0.0262728
0
0.0394949
0.0328862
0.273011
0.0632389
0.0208624
0.159574
0
0
0.0249422
0.0184261
0.0363421
0.0442106
0.0448153
0.0667114
0.146492
0.00614243
0.0161213
0.332673
0.0136362
0
0
0.0137253
0.0151489
0.00717082
0.0174279
0
0.00637569
0
0
0.0793878
0.0150961
0.0099231
0.0860894
0.00636938
0.0184261
0.107886
0.00879193
0.00649186
0.0320025
0.0521711
0.0546413
0.0080673
0.30051
0.0137023
0
0.0137253
0
0.0128079
0.00827595
0
0.0121757
0.00792134
0.0174483
0.00654389
0.00648734
0.0391906
0.0109046
0.00644574
0.0081487
0.0888105
0.0271903
0
0.00867329
0.0094651
0.0132965
0.00925179
0
0.0185873
0
0.0174697
0.0419307
0.0171066
0.013855
0.0146779
0.0110385
0.00844234
0.0157392
0.00648887
0.00986277
0.0152452
0.0094651
0.0637536
0.00733213
0
0.0414568
0.0112344
0.117159
0
0
0.0139291
0.00879643
0.0293523
0.0109501
0.00607833
0.315939
0.0142873
0.0357451
0.0437469
0.0721532
0.029342
0.0121739
0.00788961
0
0.0252218
0.01425
0
0.0380832
0.014988
0.00968922
0.0913715
0.0524445
0.00637402
0.477036
0.0193516
0.0104912
0.128882
0.0347626
0.0530878
0.0474993
0
0.0580883
0.0571765
0.00944109
0.559934
0.0428504
0.0261106
0.0859678
0.0160241
0.0441391
0.190395
0.0750123
0.0243378
0.0163601
0.0100315
0.0168168
0.0240045
0.006971
0.01425
0.0257378
0.0472151
0.014988
0.00968922
0.172139
0.0266874
0
0.883041
0.0104912
0.188273
0.0100362
0.0347626
0.0604451
0.0399029
0
0.029663
0.174844
0.0139133
0.0263247
0.659342
0.114208
0.0274605
0.173206
0.0308339
0.0429565
0.132274
0.0756752
0.0243378
0.0498587
0.0394897
0.00950985
0.0505755
0.0342389
0.0296109
0.00790089
0.0563798
0.0299392
0.04236
0.158012
0.0404545
0
1.00419
0
0.0458829
0.30523
0.0281689
0.0415918
0.0526646
0.0337855
0.0288527
0.187351
0.115235
0.034199
0.0264451
0.497208
0.374266
0.0287275
0.109082
0.133883
0.0503756
0.203274
0.150382
0.0363356
0.0245312
0.0485989
0.0278528
0.0416835
0.0768032
0.01425
0.0240573
0.0633714
0.0299392
0.0531728
0.119916
0.0404545
0.0066285
1.00419
0.0764671
0.0210113
0.250749
0.0394616
0.0571051
0.0468185
0.0745814
0.0210631
0.11271
0.0601152
0.0737418
0.0424025
0.301974
0.314734
0.0670251
0.11994
0.151041
0.0571303
0.177709
0.121547
0.048788
0.0159402
0.0575303
0.0374039
0.0248173
0.0703995
0.01425
0.0482462
0.0549618
0.0471419
0.0630158
0.146001
0.0403225
0
1.00419
0.166922
0.0337042
0.231752
0.0280259
0.0573137
0.0275463
0.0812665
0.0303464
0.125489
0.0599073
0.0614194
0.0423891
0.218998
0.314792
0.0392742
0.0970869
0.137457
0.0710829
0.218808
0.185143
0.0252171
0.0155251
0.0670091
0.0459439
0.0159663
0.0776252
0
0.0418068
0.0462438
0.0960761
0.0514917
0.145532
0.0333896
0.0203587
1.00419
0.186792
0.0442871
0.194314
0.0371652
0.050179
0.0333366
0.0545386
0.0209762
0.166109
0.0350109
0.0817217
0.0259919
0.156359
0.32971
0.0275822
0.0244468
0.0493485
0.0710829
0.185479
0.0323512
0.0234902
0.00727768
0.0780355
0.062438
0.0164531
0.0275763
0.0153655
0.0249681
0.0557369
0.110942
0.0303826
0.196094
0.107285
0.0330306
1.00419
0.0966284
0.0357088
0.136085
0.056988
0.0151918
0.054407
0.0891774
0.0580171
0.0694346
0.0367386
0.0530109
0.0764119
0.105358
0.10101
0.0419589
0.0127617
0.015639
0.0721682
0.0141648
0
0.0227305
0.0148788
0.0945603
0.00950985
0
0.0278322
0.0153655
0.0170536
0.0454031
0.0317376
0.0404486
0.310908
0.100862
0.0878842
1.00419
0.0976375
0.0228389
0.174546
0.0102776
0.0281029
0.0847686
0.0105411
0.0966389
0.0251424
0.0582214
0.0873945
0.0423235
0.0278432
0.0146062
0
0.0183718
0.0297353
0.0112126
0.0187021
0
0
0.0202106
0.109895
0.0160984
0.0704456
0.0794274
0.0592827
0.154751
0.0348482
0
1.00419
0.0538103
0
0.120325
0.0102776
0.0283332
0.00653258
0.0478174
0.0719873
0.0251424
0.006758
0.0430761
0.0220889
0.0137229
0.0524163
0
0.0183718
0.00670701
0.0285682
0.00944925
0.00671071
0.0484995
0
0.0653898
0.0381625
0.0391149
0.00698364
0.0211574
0.571028
0.0211005
0.121688
0.0288455
0.0132541
0.0275531
0
0.0297191
0
0.00789221
0
0.00782059
0.00860109
0.0103578
0.0293358
0.0171613
0.0288078
0.0137623
0.00634659
0.136255
0.0784732
0.0102776
0
0.0135081
0
0
0.014752
0.0340511
0
0
0
0.0203902
0.0105798
0
0.0177522
0
0.0152628
0.0105798
