0.204924
1.05408
1
0.248243
0.0502156
0.00266039
0.00260259
0.00266039
0.118568
0
0
0.00261677
0.0113279
0
0
0.00545756
0.0108806
0.00373825
0.0308097
0.00249541
0.0621587
0.00270344
0.0105174
0
0.00293341
0.00260333
0.0111494
0.0117243
0.107206
0.0271406
0.0927167
0.989699
0.00276634
0
0.00591558
0.00261677
0
0.00275093
0.00261677
0.0240152
0.609828
1
0.011152
0.00266039
0.00266039
0.00904852
0.00288422
0.00321656
0.0127944
0.0317418
0.00254519
0.0028728
0.00551226
0.0028728
0
0.00594966
0
0.00288422
0.00281892
0.00260729
0.00570314
0.0190593
0.00287605
0.00648448
0.010571
0.0169135
0.00265584
0.00246603
0.00347007
0.0057116
0.0128422
0.00967106
0.0356392
0.00565537
0.00453599
0.0193143
0
0.00583009
0.0478475
0.00260729
0
0.00302576
0.0128111
0
0.0085965
0
0
0.00247004
0.00672508
0.0701296
0.00442063
0.00247004
0.00240388
0.00410863
0
0.172309
0.0202978
0.605687
0.00803929
0
0.00294468
0
0.994993
0.00288422
0.0029699
0.00776699
0.00794355
0.0237561
0.00603476
0.00775146
0.00640557
0.0138388
0.00264976
0.0140469
0.00608113
0.00555033
0.00603205
0.0116602
0.0186249
0.960471
0.0178576
0
0.00345667
0.00289461
0
0.00247004
0.00567105
0.920021
0.360114
0.0105998
0.0342403
0.0162457
0.00495925
0
0.0123609
0.0150356
0.00786605
0.00308117
0.0119691
0.00260333
0.0479303
0.00303257
0
0.00260333
0.00526977
0.0104083
0.00285036
0.0172042
0.00743888
0.0171005
0.00294766
0.00534266
0.00637281
0.00544249
0.617178
0.0987448
0.00517598
0.0179221
0
0
0.0142265
0
0
0.00247004
0.0418958
0.00865585
0
0
0.00338007
0
0.00274179
0.00726196
0.0781687
0.014095
0.0142272
0.0142286
0.0191201
0.0140936
0.0106591
0.114324
0.306325
0.0352522
0.393004
0
0.0173998
0.00275248
0.00267279
0.00303589
0.00444291
0.0139773
0.00257449
0.01488
0.00548499
0.127673
0.010126
0
0
0.987021
0.00270026
0.00278541
0.00270026
0.00270026
0.00270026
0.00616331
0.00285881
0.0341104
1.31554
0.0475666
0.00272326
0
0
0.00262924
0
0.00342944
0.0110597
0.00275332
0.00250435
0.00262924
0.00261626
0.00262924
0.0458003
0.0131462
1
0.00557228
0
1.01919
0.00547614
0.00362495
0.0648348
0
0
0
0.00260612
0.00570845
0.00268756
0
0.0959107
0.980956
0.0234352
0.00264182
0.0162665
0.00541764
0.00286552
0.154762
0.271175
0.00535553
0.00278975
0.173034
0.314769
1.00608
1.01363
0.373666
0.916473
1
0.0127946
1
0.599322
0.90089
1
0.308438
1.02009
0.00267436
0.00349609
0.325814
0.9993
0.441566
0.0294003
1
0.0030707
0.00256769
0.00264221
0.334844
0.0645309
0.00852973
0.00846934
0.0835482
1.00986
0.776499
0.00846253
0.00286295
0.00295751
0.00296249
0.0150328
0.00854626
0.00264157
0.0029503
0.0029503
0.00920385
0.0029503
0.00264916
0.0044772
0.00268277
0.00854599
0.0606025
0
0.00253029
0.0155347
0.110262
0.00306503
0.0029503
0.00300877
0
1.05382
0.00253029
0
0.00253029
0
0
0.00372591
0.00333772
0.00253029
0.00268371
0.00247899
0
0
0.00253029
0.00843429
0.00255892
0.0036147
0.606128
0.00253029
0.00632207
0.00882137
0.00253029
0.0040858
0.00301973
0.0515431
0
0.00310217
0.00882137
0
0
0.00259828
0.0139743
0.00275853
0.00290045
0.0103445
0.00275853
0.00376163
0.00275853
1.03667
0.681411
0.017157
0.00269287
0.00295757
0.00269287
0.00319418
