0.0070041
0.0136267
0.0102382
0
0.00727135
0.0084291
0.0178593
0.00722711
0.0121834
0.0388608
0.0184049
0.01425
0
0.015841
0.0106156
0.0070041
0.0129026
0
0.0271887
0.0075775
0.0100415
0.0143205
0.0209797
0
0.0220859
0
0.00742661
0.0239581
0.0339529
0.0151107
0
0.0146734
0.0267318
0.0534393
0
0.0256665
0.030864
0.0134791
0.015841
0
0.00699078
0.0374385
0.0528913
0.0234153
0.0488275
0.00764445
0.0137914
0.0102023
0
0.0213331
0.125822
0.0110555
0
0.01245
0.0176191
0.0212187
0.0169135
0.0199638
0.0171619
0.0484722
0.0106011
0.0133239
0.07462
0.0392688
0.00991546
0.014039
0.0738048
0.0102689
0.218925
0.0134791
0.0430732
0.0197585
0
0.00699078
0.0596109
0.0524554
0.0234153
0.0763548
0.0421727
0.0209662
0.0339552
0.0271397
0.0421225
0.485326
0.055522
0.0100112
0.0954761
0.0688395
0.00961495
0.035007
0.0238497
0
0.01636
0.0667099
0.0105582
0.012735
0.082487
0.0261413
0.01128
0.0542961
0.104709
0.0258171
0.0285153
0.46976
0.012755
0.133758
0.0293123
0.00741595
0.0283874
0.0343739
0.0517573
0.0221759
0.0839966
0.0263966
0.00672486
0.0110517
0.0174499
0.078768
0.825237
0.0673396
0.0378201
0.135578
0.125918
0.00824819
0.0200655
0.0311573
0.0184944
0.0489264
0.144842
0.0109125
0.027705
0.0615032
0.0412684
0.0310839
0.120106
0.0535575
0.0166283
0.0396333
0.358274
0.011886
0.11874
0.0485922
0.0380535
0.0142848
0.0460998
0.0443474
0.0290987
0.0834323
0.0434953
0.0437553
0.0110517
0.0338684
0.0565551
0.865737
0.0658544
0.082765
0.1155
0.124939
0.00957453
0.034119
0.0155349
0.00948794
0.10956
0.193271
0.0421242
0.0132943
0.101363
0.02596
0.0425912
0.172075
0.0722491
0.00846375
0.0498845
0.180711
0.0135121
0.0765244
0.0683464
0.0315013
0.0220007
0.0351847
0.0363581
0.0139487
0.0831389
0.0253553
0.079603
0.0343139
0.0338399
0.131325
1.03044
0.0103299
0.0379586
0.167941
0.182278
0.0176262
0.0556891
0.0163954
0.00948794
0.102879
0.292533
0.0518942
0.0939345
0.0981665
0.0130046
0.0413389
0.135694
0.0536687
0.0339423
0.0791997
0.181085
0.0653659
0.131791
0.00963349
0.0155268
0.014205
0.0374295
0.0208302
0.0143387
0.0833226
0.0166241
0.143249
0.0464319
0.0491623
0.090371
0.993461
0.0319
0.0555059
0.149015
0.254936
0.0178174
0.098294
0.0308563
0.0187929
0.0506602
0.343999
0.0312967
0.081521
0.136708
0
0.0312306
0.128552
0.089913
0.0179546
0.108735
0.182565
0.0390361
0.102424
0.0300138
0
0.0226025
0.0356349
0.0291229
0.0522131
0.0709009
0.0235019
0.0719904
0.0557259
0.00822454
0.0537247
1.003
0.0205197
0.0376518
0.494707
0.26791
0
0.170091
0.0308668
0
0.0594161
0.342274
0.0221403
0.0140287
0.0979585
0.0140102
0.0317947
0.242323
0.0887568
0
0.0807756
0.0615057
0.0243353
0.0719467
0
0.0154238
0.0295036
0.0718145
0.0149874
0.0543074
0.0631238
0
0.0289096
0.0645673
0.0270534
0.0438489
1.01649
0.0539516
0.0275455
0.441691
0.219136
0
0.0955217
0.0233311
0
0.026605
0.245396
0.0425151
0.0531933
0
0
0.236756
0.0170528
0.00870122
0.0616565
0.092852
0.0124417
0.12835
0.010264
0.00809764
0.0288771
0.0118861
0.00722616
0.0456758
0.111639
0
0.0210568
0.0672858
0.00882878
0.0442302
0.899683
0.0111906
0.0280872
0.231899
0.0907101
0.0260016
0.119757
0.02278
0.00984622
0.00908142
0.225108
0.0215684
0.0132088
0.0369227
0.0127456
0.0211545
0.185052
0.0174922
0
0.0497488
0.0332381
0.0366724
0.0282165
0
0.00730135
0.0113768
0
0.0297044
0.0131711
0
0.0215248
0.0434422
0.0179389
0.0198748
0.434212
0.0332118
0.0371681
0.1111
0.0116074
0
0.042948
0.00832574
0.00920519
0.0493216
0.0489484
0.0205507
0.0254199
0.0149029
0.0654586
0.0423637
0.117934
0
0
0.390101
0.014405
0.0120879
0.0275966
0.0099782
0.0223296
0.0151336
0.00625287
0.0271552
0.0109026
0.009826
0.366793
0.0111599
0.0092106
0.0376318
0.0113163
0.00812922
0
0.0811275
0.065897
0.0309265
0.0670633
0.0436186
0.089762
0.0260247
0.36727
0.0438839
0.0137851
0.0225692
0.00759302
0.0132081
0.0135418
0.009826
0.0993332
0.0092106
0.0734482
0.0323255
0.00938081
0.0983041
0.0164783
0.00996823
0
0.00738695
0
0.0216172
0.0262573
0.0263049
0.242224
0.015642
0.014114
0.0135864
0.00625287
0.00714786
0.0144741
0.0109221
0.00649982
0.00938081
0
0.0211422
0.0165371
0.00884167
0.106165
0.00816113
0.0102087
0.0258905
0.0431002
0.0117955
0.0151169
0.00934547
0
0.00724649
0.0104082
0
0
0.0193552
0.00747469
0.0241933
0.0102226
0.0385319
0.270961
0.0284284
0.0286214
0
0.00752878
0.00639446
0
0.015332
0.00968611
0.0556308
0
0.041192
0.00985571
0.0543059
0.0163702
0.0251238
0.0223221
0.0126716
0.043074
0.0373499
0.00943612
0.223763
0
0.0595396
0.0215484
0.00724384
0.0118019
0.0141574
0.00679064
0
0.00639446
0.010956
0.00882199
0.0110063
0.015332
0.00918376
0.110323
0.00906162
0.352233
0
0.110457
0.0496818
0
0.0664047
0.0596626
0.0126716
0.0209027
0.0650899
0.016229
0.0182782
0.522967
0.0250715
0.0866268
0.014602
0
0.0685122
0.0213919
0.0283835
0
0.0127757
0
0
0.0110063
0.0453661
0
0.163806
0.0110569
0.0176533
0.529714
0.0101939
0.0855909
0.0465813
0.0101221
0.0696919
0.0607196
0.0250821
0.0418485
0.339347
0.0358707
0.0449412
0.391682
0.0170739
0.0494231
0.0859759
0.0100201
0.00827541
0.00708978
0.0340973
0.00738215
0.0216657
0.00671117
0
0.049204
0.0111562
0
0
0.0295239
0.164865
0.0353182
0.00859166
0.544718
0.0143457
0.0413258
0.101735
0.0816388
0.0203195
0.0130317
0.0216671
0.080321
0.0617984
0.410976
0.0336307
0.0174842
0.208844
0.0821612
0.0130324
0.100596
0
0.00708978
0.0581609
0.0221935
0.0217338
0.0207387
0
0.0435302
0.043021
0.00943461
0
0.057556
0.108584
0.0341751
0
0.651056
0.0307594
0.0198486
0.0503251
0.0320575
0.0203195
0
0.0214811
0.0912908
0.0432951
0.397435
0.0345395
0.128749
0.143111
0.0257877
0.0547505
0.0287958
0
0.00767091
0.0594859
0.00738215
0.0227861
0.019667
0
0.0146967
0.0411453
0.00943461
0.0347059
0.0304143
0.0107294
0.0186471
0.0914868
0.0341751
0.669994
0.0309795
0.00965472
0.0345554
0.0320575
0.0315071
0
0.00716893
0.0516403
0.0424564
0.451022
0.0507576
0.0257875
0.0906945
0.127615
0.0279814
0
0.0153671
0.0226287
0.0356181
0.015364
0.0385901
0.0327923
0
0
0.0211304
0.0216523
0.0270373
0.022245
0.00989342
0.0178806
0.0241831
0.00890884
0.636415
0.0234897
0.0191363
0.00887553
0.0474241
0.0310539
0.0125657
0.0591159
0.0126475
0.0545
0.0935497
0.0497996
0.0352995
0.0293883
0.174642
0.0132667
0.00833264
0.0219517
0.0149142
0.00809367
0.00623004
0
0
0.0216523
0.057663
0.0207108
0.018423
0.0364479
0.0451143
0.00913688
0.601526
0.0229383
0.00965472
0.0251702
0.0177543
0.0209318
0.0258874
0.023531
0.0386275
0.0741209
0.0132361
0.0175875
0.0273202
0.0191891
0.0981741
0.0138962
0.0132667
0.00976263
0
0.00688787
0
0.0216523
0.0278414
0.00995488
0.0185541
0
0.478328
0.00739087
0.0441096
0.0130259
0
0.0145682
0.0440683
0
0.0343442
0.00807428
0.0334944
0.0138962
0.00976263
0
0.00997079
0.0144236
0.00995488
0.0101012
0.0185541
0
0.0934746
0.0087408
0.0144726
0.0343442
0.0165554
0
0.00789853
0.0133487
0.0187123
