0.206605
1.06272
0.002649
0.0026646
0.00296125
0.00271741
0
0.00532824
0.00587402
0.00268212
0.0129686
0.0213648
1
0.485397
0.0123396
0.00299722
0.00246434
0
0.002649
0.00735977
0.00254631
0
0
0
0.00294391
0.00294391
0.0104754
0
0.00294391
0.00736635
0.00339682
0.00962768
0.020336
0.00436034
0.00268759
0.00392552
0.00923755
0.00711927
0.00257078
0.0151281
0.0056355
0.0133671
0.0170197
0.0127357
0.00269729
0.00284864
0.00277368
0.0207511
0.0138779
0.0113409
0.17228
0.0823918
0.0319343
0.934129
0
0.00549899
0.00732725
0.00288173
0
0
0
0
0.00267372
0.00571289
0.0035702
0.0110983
0
0.00262752
0
0.0028668
0
0
0.00269551
0.0163657
0.00828629
0.00258498
0.0054612
0
0.00269232
0
0.00566929
0.0163657
0
0.0193873
0.00288666
0.0426552
0.00268479
0
0.00575743
0.0137907
0.186217
0.00294391
0
0.00548018
0.0217468
0.00539091
0
0.00284864
0.0054263
0.00285637
0
0.00582118
0.00587306
0
0
0
0.0272603
0.00581106
0.0397927
0.168735
0.155373
0.985842
0.00273254
0
0.0188225
0.0471659
0.0670021
0.00557231
0.00276938
0.0110943
0.00457415
0
0
0.00268144
0.00273282
0.00285734
0
0.0203478
0.0029864
0.00286674
0
0.00267847
0
0.00286298
0.0209677
0.00250988
0.00283233
0.00294083
0
0
0.0120372
0.00805874
0.00284578
0.00279336
0.0161318
0.00278433
0.00529275
0.00578178
0.00522539
0.0342022
0.00292191
0.0111032
0.0052345
0
0.00529275
0.016526
0.00267602
0.00275964
0.00571635
0.00384692
0.00913466
0.00266709
0.00579292
0.00284932
0.00524053
0.00586418
0.00800595
0.00364921
0
0.00391486
0.0416671
0.0376588
0.0140265
0.00789834
0
0.00872811
0.0354471
0.00287588
0.00273177
0
0
0
0.0109964
0.00254017
0.00865591
0.0134072
0.0028047
0.0027964
0.00820681
0.00270767
0
0.00887418
0.00284517
0.0279619
0.0269145
0.00917153
0.215227
0.0964583
0.145084
0.981158
1.00643
0.00246434
0.002687
0.00278433
0.0110277
0.119959
0.0248571
0.0131378
0.00694276
0.122574
0.0089652
0.00256865
0.00268144
0.00540639
0
0.00253803
0.00852899
0.0108051
0.00400619
0.00291839
0.00755286
0.00254568
0
0.00565074
0.00771914
0.00821147
0.00276664
0.00592568
0.00826385
0.0080601
0.00261928
0.0396788
0.117808
0.00790999
0.00819931
0.00516078
0.0082804
0.00797208
0.032438
0.00579351
0.00289943
0.00263911
0.00543888
0.00261928
0.0106504
0.00564907
0.0107054
0.0345594
0.00859217
0.0171831
0.0247271
0
0.00279456
0.0111282
0.00555275
0
0.00798754
0
0.00283495
0.00980838
0.00266853
0.0111806
0.00786063
0
0.00531048
0.0027404
0.00558247
0.00578081
0
0.0192683
0
0.00600437
0.0146925
0
0
0.0027404
0
0.00286231
0.00287092
0
0.0083805
0
0.0106744
0.103909
0
0
0.00262415
0
0
0.00830737
0
0.00761986
0.00281514
0.00254568
0.00835442
0.0148111
0
0.275206
0.00290531
0.0248787
0.0164574
0.0157196
0.00292857
0.00820696
0.0086081
0.00825544
0
0
0.00279722
0.00577845
0.01929
0.035662
0.0141252
0.0840866
0.0626509
0.249384
1
0.97585
0.00297588
0.00290412
0.0182938
0.00296262
0.0136896
0.0106639
0.0515158
0.0110853
0.00291255
0.00254624
0
0.00294488
0.0159838
0.00289246
0.0105886
0.0057861
0
0.00563265
0.00332285
0.00566266
0
0.00798225
0.00294488
0.0108306
0.0034869
0.0110095
0.00254752
0.00537152
0.00538003
0.0237374
0
0.00621667
0.00270469
0.00307575
0.00284864
0.00860351
0.00531281
0.00258929
0.0137469
0.0273204
0.0330846
0.00587191
0.00649761
0.0104328
0
0.00586386
0.0051088
0.00559999
0.0232381
0.00829965
0.0159033
0.00638738
0.0300165
0.002649
0.00276483
0.00562995
0.00776152
0
0.00288233
0.0028346
0.0206802
0.0316283
0.00267372
0.00287379
0
0.00267157
0.0025816
0.0108405
0.0121536
0.0160036
0.0406167
0.00536705
0.0058326
0.00548179
0.00276368
0.00838789
0.00332285
0.0200782
0.011083
0.0686365
0.0201903
0
0.00281525
0.00246503
0.00562612
0.0114129
0.0054032
0.00793358
0.00266162
0.01092
0.00382705
0.0239968
0.00556082
0.0133817
0.0137649
0.00289897
0.0024982
0.0026745
0.00568782
0.00253571
0.00331047
0.0187864
0.0356694
0.00864734
0.0114207
0.117541
0.282642
0.00268721
0.0051747
0
0.00832307
0.00266661
0.0121757
0.0280748
0.0132234
0.00705908
0
0.00261753
0.00502317
0.00272546
0.00295839
0.010836
0.00807283
0.00587318
0.00253726
0.00441393
0.00572409
0.00641383
0.00252191
0.00770926
0
0
0.00783038
0.00870429
0.00293494
0.0127232
0.0138973
0.00250988
0.0413858
0.00263522
0.00255744
0.00506421
0.00377921
0.00256832
0.00287817
0.0083805
0.00597694
0.00262898
0.0027492
0.00270298
0.00253995
0.00283157
0.00821869
0.0118437
0.0270005
0.00536892
0.0113337
0.0358116
0.00514597
0.0134213
0.0139234
0.00539552
0.00499051
0.00564743
0.00354393
0.0817187
0.0056089
0.00826664
0.00923127
0.0185008
0
0
0.0108531
0.00292957
0.00549456
0.0215535
0.00585078
0.00259429
0
0.0315962
0.00538583
0.002839
0.00260799
0.00517206
0.00567884
0.00573824
0.00744242
0.0102918
0.00660426
0.0485108
0.00267533
0.00504992
0
0.00766965
0
0.00529716
0.00704377
0.00870782
0.0111256
0
0.00805669
0.0109189
0
0.00270298
0
0.00815078
0.00706864
0.0227974
0.00303599
0.00560495
0.00250268
0.0104839
0
0
0.00279128
0
0.00701476
0
0.00302854
0.0237204
0.0299822
0.294846
0.010765
0.0106645
0.0103784
0.0080458
0.00841716
0.0117294
0.0147187
0.0288237
0.00278482
0.00294265
0.00558679
0.00532319
0.00282196
0.00767587
0
0.00547216
0.00559713
0.0184434
0.00847843
0.0203347
0.00566246
0.0157999
0.00285897
0.00853419
0.0301417
0.00258616
0.00590527
0.00705929
0.00764805
0
0.00256823
0.00271463
0.00795544
0.0089405
0.00255566
0
0.0109832
0.0290075
0.00553862
0.0115108
0.00545761
0.00777576
0.00540087
0.0055132
0.00267602
0.0026169
0.0210722
0.0945648
0.0225118
0.023302
0.0325805
0.0188024
0.00249642
0
0.0109071
0.0109865
0
0.0107779
0.00373097
0.00278199
0.00581714
0.0112608
0.0164395
0.0048935
0.0188249
0.00294488
0.0173956
0.00296941
0
0.0335458
0.0054696
0.0113936
0.0279764
0.017349
0.00566957
0.0376601
0.00554889
0.00249642
0.00541818
0
0.00563829
0.00928379
0.026426
0.0120784
0.0463699
0
0.00261565
0.0546065
0.0105042
0.00577465
0.00541464
0
0.00474887
0.0148655
0
0.017576
0.00790085
0.00278648
0.00548636
0.00258194
0.00691509
0.00273716
0.00537024
0.00290842
0.00567019
0.00448756
0.0226658
0.00288387
0.00586323
0.00258194
0.0102205
0.00531072
0
0.00273716
0.00789214
0
0.00833374
0.0259352
0.0107154
0.00569959
0.0462611
0
0.486263
0
0.00836561
0.00828216
0.0232511
0.0351534
0.0168524
0.00690911
0
0.0110873
0.00548676
0.00276714
0
0.00539702
0.0112255
0.00310524
0.00848503
0.00438492
0.00535967
0.00673599
0.00253909
0.0220666
0.00267737
0.0285866
0.0136654
0.00580829
0
0.0349247
0
0.00521956
0.00825997
0.00255445
0.00559277
0
0.0293575
0.00540858
0.00544805
0.00285596
0.0054344
0.0025553
0.0160811
0.0241104
0.0160736
0.0138776
0.987288
0.0523302
0.019044
0.00571551
0
0
0.0139166
0.0451869
0.0117882
0.014617
0.00571623
0.0236515
0.0030001
0
0.00823403
0
0
0.0357192
0
0.00279918
0.0201613
0
0.00541764
0.00251223
0.00260919
0.00501853
0
0.00260084
0.0120115
0.022146
0.0149927
0.0486294
0.00292738
0.0226158
0.0184737
0.00255246
0
0.00273318
0
0.00474624
0.00876819
0.00591878
0.0255107
0.0332911
0.00559198
0.0102747
0.00560169
0.0245481
0.00541995
0.0188837
0.0232821
0.0139203
0.020953
0.0115526
0.00832343
0.00792978
0
0.00275352
0.00570008
0.00794327
0.00566092
0.0029749
0.0101705
0.00558192
0.00840338
0.0293708
0.0204672
0.205174
0.633017
0.00535049
0
0.0610111
0.0181087
0.0139804
0.00388911
0.00836971
0.0101852
0
0.00845894
0
0.0135157
0.0025176
0.00542247
0
0.0106892
0.00337449
0.014551
0.00264836
0.00301466
0.0356925
0.0188358
0.0058467
0
0.00380021
0.0276986
0.00278872
0.0693348
0.00270051
0
0.00830466
0.00905296
0
0.00292416
0.00257071
0.0300658
0.00780318
0.0112707
0.00290412
0.00848178
0.00259065
0
0.013622
0.0217441
0
0.0108101
0.879068
1.00156
0.023556
0.0249502
0
0.002695
0.00290915
0
0.0134957
0.0536476
0.0154423
0.00563234
0.00271996
0.247751
0.00247513
0.00264412
0.0161986
0
0.00793073
0
0.00567094
0.0804564
0.0112324
0
0.0275244
0.0131626
0.00232296
0.0028533
0.00820339
0.00791422
0.00581082
0.00370305
0.0590421
0.0506317
0.00919631
0.00723299
0.00874838
0.0347477
0
0.00244385
0.00276725
0.00249094
0.0169421
0.0114011
0.0111669
0.0306435
0.00848612
0
0.00519346
0
0.0453945
0
0.0218622
0.0657869
0
0.00474018
0.0115743
0
0.00545351
0.0131957
0.00291337
0.0133533
0.00518025
0.081386
0.00556461
0.00294886
0.0470334
0.197738
0.00279367
0.00523927
0.00275446
0.0107156
0.00305905
0.10139
0.00439032
0.00558848
0
0
0.0109824
0.00266191
0.00289498
0.00423763
0.00585408
0.0256636
0.0142887
0.00278406
0.00437045
0.0312717
0.0168194
0.00281134
0.0188601
0.00519708
0.00778237
0.0267966
0.00507852
0.00810084
0.00297493
0.00398709
0.0173657
0.0107626
0.0218798
0.00270051
0.00778237
0.0115208
0.00280639
0.0396935
0.0401489
0.010673
0.0787946
0.978377
0.884504
0.0198811
0.0190876
0.0052444
0.00285514
0.00525399
0.0108796
0.0541975
0.08072
0.00574915
0.0257963
0
0.298452
0.0109283
0.00266073
0.00260866
0.00253936
0
0
0
0.164302
0.0026252
0.00270555
0.0324023
0.00794697
0
0
0.00276303
0.00285546
0
0.0233874
0.00396157
0.0410796
0
0.174531
0.0110451
0.00852636
0.00264899
0.00258081
0.00769733
0.00437045
0.0112078
0.0157817
0.159637
0.0113719
0
0.00530527
0.00253334
0.00519687
0.0128315
0.0078884
0.124676
0.0136013
0.0854855
0.0203068
0.00277582
0.00257197
0.00862509
0.00275878
0.00545568
0.00272153
0.0038934
0.0495977
0.0059133
0.0278863
0.0246234
0.850959
0.00268623
0.00266956
0.00247513
0.0953202
0.00917983
0.00571185
0.00277703
0.0110602
0.00268699
0.00275446
0.00258178
0.00905896
0.00825995
0
0.0124456
0.00259115
0.0113482
0.00573888
0.00599296
0.0145413
0
0.00537212
0.0213351
0
0.00270504
0.00511231
0.00730537
0.0235838
0.0109457
0
0.00265237
0
0
0
0.0240485
0.0025558
0.0860484
1.23669
0.362368
1
0.100373
0.00274948
0
0.035375
0.0315478
0.00546012
0.0128815
0.0027598
0.0461553
0.010902
0
0.0105894
0
0.00297207
0.00525797
0.0178494
0.00278918
0.00273718
0.00734233
0
0.002688
0.00510538
0
0
0
0.00308383
0.00637335
0.00973982
0.00270446
0.0239754
0
0.0623435
0.00564995
0.00859354
0.00268144
0
0.00276179
0
0.0135738
0.0186166
0.00583434
0.00278406
0.00247513
0.00702068
0
0
0.00802772
0.0654785
0.0106326
0.109417
0.0056158
0.00546461
0.00515786
0.0172564
0.00256949
0.00498501
0.00816043
0
0.0258211
0.00301088
0.080884
0.0157208
0.804006
0
0.00403705
0.00788463
0
0.00526599
0
0.00265828
0
0.0136071
0.00261664
0
0
0
0.00731653
0
0
0.00269264
0
0.0055988
0.00271673
0.0122897
0.00808502
0.0248471
0.528135
1.02356
0.724067
0.00263583
0.00258194
0.00268273
0.0026056
0.013378
0.0115316
0.00271686
0.0215204
0.0410769
0.00526467
0
0
0.0027961
0.0137256
0.00680905
0.00533172
0
0.0113528
0.0177297
0.00453937
0.0234812
0.00540635
0.00273545
0.0034552
0.0193663
0
0.00555
0.0025553
0
0
0.00803059
0.0225804
0.0136308
0.0206724
0.0227026
0
0.00268273
0.00292919
0.00322156
1
0.0111009
0.0131545
1
0.00527014
0.00271869
0.00283138
0.00263016
0.00266541
0.00268129
0.0037073
0
0.00270603
0.00525103
0.00264467
0.00284328
0.00253034
0.00557761
0.00262013
0.0103937
0.0503988
0.13687
0.00270504
0
0.00561017
0.0272362
0
0.00272362
0.00280108
0.00655347
0.0583048
0.00279732
0.00820309
0.0284469
0.00262685
0.00263795
0.00257783
0.00265828
0.0053962
0.00280805
0.064337
0.0108594
0.0026309
0.00262466
0.00257783
0.00528918
0.999878
0.00264518
0.0230789
0
0
0
0
0.00309947
0.00548366
0.00523415
0.00265237
0.00268859
0.00265237
0
0.00409062
0.00281096
0.0467489
0.027058
0.0202222
0
0.0189711
0.00265636
0.0398298
0.00281343
0
0.00266696
0.0502574
0.0253234
0.00266454
0
0.00267663
0.00280957
0.00963265
0.00278747
0.0080024
0
0.850992
0.00246041
0.00550901
1.0201
0.0771313
0
0
0
0
0.00792784
0.00656231
0.0161141
0.0114434
0.00279068
0.00795832
0.010013
0.00266598
0.00333766
0.00246041
0.00246041
0.00267967
0.00246041
0.965823
0.312866
1
0
0
0
0
0
0
0
0.00543005
0
0
0.00369136
1.00132
0.346717
0.0160884
0.990582
1
0.00291353
0.00274964
0
0.0138773
0.00559061
0
0.00293813
0.00281677
0
0
0.00282953
0
0.00561436
0
0.0053445
0.00287933
0.0111713
0.00259145
0.0028036
0
0
0
0.0111027
0.00294383
0
0
0.00874395
0.0143281
0.0798005
0.0111196
1
0.59607
0.902929
1.00226
0.0126905
0.799676
1
0.00666599
0.00256124
0.00261507
0.00294837
0.00285375
0.0026333
0.00286022
0.00270752
0.00880062
0.00273577
0.00282279
0.00263404
0.00250075
0.00545131
0.00267469
0.00281677
0.0045012
0.00267467
0.00281677
0.00285873
0.00296391
0
0.00251286
0.00298201
0.00368647
0.00563039
0.00400554
0.00243806
0
0.00258768
0.00291833
0
0.00260983
0.0262078
0
0.00272598
0.00309372
0.00592588
0.00671506
0.00930827
0.014651
0.00270957
0.00258768
0.00548205
0.00999377
0.00934586
0.00285168
0.0506375
0.00282492
0.00245096
0.00280376
0.0927509
0.00819459
0.0172261
0.0766303
0.0295374
0.307082
1
0.00580846
0.00767973
0.00555856
0.441875
0.191191
0.765406
0.981742
0.00255798
0.0141144
0
0.00302041
0.0146034
0
0.00280376
0.00289296
0.0163988
0
0
0.00565021
0
0
0.0118446
0
0.00559457
0
0.00285873
0.00295856
0.00285873
0.0117873
0.00255816
0.00573365
0.00569495
0.00283323
0.0244768
0.00274676
0
0
0
0.00285873
0.00280594
0.00836906
0
0.00741369
0
0
0.00296888
0.0038635
0.00286853
0
0.00591745
0.00634704
0.00304712
0.0103423
0.0311756
0
0.00292737
0.00565867
0.0146322
0
0
0.0509584
0.0082745
0
0.00266968
0.00291435
0.00275173
0.00273313
0.00296534
0.0120569
0.00579931
0.0148946
0.00521821
0
0.00296534
0.0364189
0.0281301
0.0254851
0.0268619
0.0296845
0.00248244
1
0.998444
0.0029995
0
0.00873727
0.033403
0
0.00279003
0
0.0109699
0
0.00259525
0.0253705
0
0
0.00272896
0.00299134
0.00827477
0
0
0.00549747
0.00552846
0
0.00569937
0
0.00299371
0.00268542
0.0025584
0.00300034
0.00589624
0.00268484
0.00294302
0
0
0.0199977
0.00818189
0.020106
0
0.0102544
0.00247534
0.00616632
0.00253882
0
0
0.00292737
0.00284914
0.0025584
0.00409138
0.0027204
0.0113311
0.00998764
0.00263501
0.00565007
0
0.00284856
0.019782
0
0.00272313
0
0
0
0
0.00523541
0
0.0135556
0.012631
0.00294724
0
0.00860994
0.00624028
0.00804776
0.0422146
0.0229204
0.0734727
0.0111308
0
0.00294724
0.967857
1.01043
0
0
0
0.00645066
0.00346481
0.0223378
0.0689653
0.00284582
0
0.00305019
0.00617698
0.00723581
0
0
0.00294378
0.00294383
0.00816695
0
0.00294378
0.00276831
0.0052909
0.00285253
0.0064558
0.0283798
0
0.00560278
0
0.0114247
0
0.00517869
0.00300034
0
0.00543592
0
0.00294341
0
0.00552034
0.0143804
0.00298396
0.0027117
0.0086274
0.0087061
0.0084137
0.0288821
0.00298396
0.00312441
0.00564297
0
0
0
0.00268088
0.00375051
0.0350073
0.0288397
0
0.00590531
0
0.00275037
0.0038635
0.00252273
0.00876141
0.0197322
0.0081895
0.00313205
0.0144104
0.0083878
0.00682458
0.00264826
0.00533865
0.0925954
0.00263648
0.0085076
0.0122705
0.00613934
0.00555396
0.00854497
0.00290656
0.00256349
0.00266515
0
0.00416096
0.0110578
0
0.00895004
0.0329835
0.0963687
0
0.00550727
0.00277094
0.00808942
0.00302589
0
0.00724754
0.00281436
0.00261996
0
0.00292654
0
0.0140653
0.00423859
0.00516887
0
0
0.00268542
0.00834842
0.00248554
0
0.0056226
0.00546632
0.00271364
0.00823877
0.00507339
0
0.00586988
0.00268542
0.0028263
0.00810496
0.0030315
0
0.0103874
0
0.00283676
0.00565995
0.00825158
0
0.00270581
0.00286816
0.00309616
0
0.0115699
0.00300275
0.0211695
0
0.00270581
0.00544552
0.00270581
0
0.00536548
0.00296308
0.00527082
0
0
0.00825839
0.0193751
0
0.00555005
0.00298396
0.00478777
0.00605642
0.0191327
0.00413655
0.00293994
0.0362489
0
0
0
0.00249812
0.00306808
0.0138383
0.00372584
0.0059122
0.105908
0
0.0029902
0.00561831
0
0
0.0150006
0.00305701
0.0442144
0.00571361
0.0056882
0.00299286
0.00272512
0.00639546
0
0.00275216
0.00264866
0.00532892
0.00582
0
0.00270657
0
0.00278169
0.0157198
0
0
0.00271364
0.0028263
0.00248236
0
0
0.00271364
0.00268542
0.00295965
0.00253156
0
0.00849552
0
0.00272952
0.00281753
0
0.00239649
0.00275962
0.00293914
0.00283348
0
0.00272952
0.00290365
0
0.00293127
1.00135
0
0
0
0
0.00298937
0.00556764
0.0135941
0.0153028
0
0
0.00529913
0.0111689
0
0.00336333
0.00288613
0.00263203
0.0982099
0
0
0.00296756
0.00296534
0.00303985
0.00279
0.00468945
0.00849794
0.00820093
0.0187145
0
0.00246858
0
0.00281367
0.00427002
0.00568819
0.00308986
0.0142746
0.00767531
0.00269916
0.00280872
0
0.00568042
0.0142056
0
0.00326818
0.0110558
0.0206836
0
0.00825356
0
0.00285253
0.00309216
0.00282015
0.00689412
0.0115588
0
0.00799881
0.0190265
0
0.00299371
0.00294837
0.0080623
0.0138655
0.00585551
0.00281367
0.00553331
0
0.0164743
0.00268542
0
0
0.00290057
0.00299164
0.00585813
0.00857938
0.00274862
0.00307681
0.00291157
0.005631
0
0.00811836
0.0043363
0.00293131
0.00383632
0.0827079
0.00593078
0.0168031
0.0112174
0
0.31607
0.00281692
0.0157079
0
1.00006
0
0.0167473
0.00564456
0.00248254
0.00595418
0.0029449
0
0.00607121
0.0514203
0.00634363
0
0
0.00258056
0.0419229
0.0042763
0
0.00561805
0.00299438
0.0057137
0.0100536
0.0143104
0.00280877
0.328098
0.00290792
0.00277852
0.00281297
0.0295222
0.0511907
0.00484222
0.00579314
0.0184753
0.148928
0.00823795
0.0293681
0.00530684
0
0.0449248
0.026527
0.00648461
0.0266333
0.00379132
0.00257509
0
0.00269488
0.00791204
0.0169405
0.00298442
0.00264186
0.00570347
0.00384924
0.00265468
0
0.00823149
0
0.00775053
0.0131842
0.0451332
0.00262005
0.0029135
0.00783343
0.00563914
0
0.00804149
0
0.00851201
0.00300146
0.0162342
0.00290365
0.052838
0
0.0265273
0.0108643
0
0.00262038
0.00458471
1.00704
0.0113592
0.00290792
0
0.0179422
0.0691865
0.00404876
0.00873129
0.00290792
0.0246104
0
0.00799049
0
0.0116552
0.00263726
0.193724
0
0
0.00261928
0
0.014214
0.0641661
0
0
0
0.00767253
0.0210223
0.0249394
0.00264186
0.0266691
0.0026758
0.0423806
0.00719503
0.0158273
0.00936794
0.0110222
0.00255798
0.00434218
0.00688682
0.00299209
0.00556978
0.00625956
0.00570772
0
0.00308229
0.00296496
0
0
0
0.00304933
0.0130037
0.00294837
0
0.478768
0.971343
0
0.0030544
0.0107047
0.036402
0.00280561
0.00253188
0.0036349
0
0.136987
0
0.027247
0.0372828
0.0026196
0.013836
0
0
0.00246585
0.0428151
0.00283839
0
0.00321131
0.00270791
0.0123292
0
0.00256384
0
0
0.00525284
0.00271325
0.00275395
0.00267068
0.00480584
0.00792411
0
0.00275473
0
0
0.0025587
0.00311132
0
0.00267068
0.0025587
0.00318094
0
0.0027083
0
0
0.0422646
0.00268146
0
0
0.0127238
0.156318
1
0
0.0134998
0
0
0
0.0202999
0.0532713
0
0.00525095
0.017498
0
0.00281164
0.00525095
0
0.00405167
0.020743
0
0.00787418
0
0.200754
0.00768935
0.00256312
0
0.00256312
0.00249812
0.00245262
0.00380964
0.357391
0.381338
0.00259302
0.0199101
0.00284791
0.0054634
0.00293543
0.00275103
0.00259302
0.0054634
0.00256312
0.0081951
0.0153787
0.00280872
0.00245676
0
0
0.00249741
0
0.00264287
0.00249812
0.00879651
0.00249812
0.336737
0.0423644
0.00281753
0.0199101
0.00268498
0.00277607
0.00788495
0.00571768
0.00595183
0.0083409
0.00745784
0.00571768
