0.187439
0.964138
0.0027004
0
0.00262903
0.00240627
0.00265701
0.0105432
0.00246008
0
0.00262903
0.0032088
0.00246008
0
0.00246008
0
0.00797479
0.00244811
0.00506805
0.00511909
0.0106592
0
0.00783559
0.00313397
0
0.00247012
0.00248207
0.00279357
0.00317907
0.0503565
0.00261164
0
0.00277571
0.0030917
0.00542133
0.0105862
0.00278689
0.00564724
0.00272834
0.00668103
0.00234757
0.0217217
0.0227319
0.0416728
0.141633
1
1.00753
0
0.00264997
0.00264089
0
0.00564022
0
0
0.00302277
0.00246077
0
0.00559665
0
0.00240653
0
0.00289843
0
0.0132461
0.00270519
0.0029797
0
0.00259392
0.0101673
0.00274103
0.00273337
0
0.00250095
0
0.00787218
0
0.0299177
0.00553989
0.00803239
0
0.00289067
0.00245947
0.0111168
0.014022
0.00291225
0.00461334
0.00813917
0.00301381
0.00278681
0.0118959
0.00273082
0.00518684
0.00963555
0.0195834
0.0055023
0
0.0139187
0.00631306
0.0179123
0.0212905
0
0.02168
0
0.00461334
0.00245996
0.00289067
0.00275329
0.00731927
0.00662898
0.00276576
0
0
0.0055844
0.0613591
0.0253145
0
0.00866467
0.00306165
0.0096247
0.00264946
0.00247256
0.00290119
0.0055844
0
0.0210159
0.0172694
0.0174226
0.144373
0.12466
0.0472862
0.900465
0.0051898
0.00519667
0.00546275
0
0.00809305
0.00275924
0.00335874
0.0080931
0.0117723
0
0.00808953
0.00283672
0.00276002
0.00551377
0.0134947
0.00284146
0
0.00377801
0.00518834
0.0027539
0.00257252
0.0234007
0
0.00308064
0.00854812
0.00246582
0.00275561
0.00557505
0
0.00548557
0
0.00693062
0.0355579
0.0108515
0.00284512
0.0139696
0.0108603
0.00246582
0.0025998
0.00278681
0.00357773
0
0.0031111
0.00541621
0.0218018
0
0.00267102
0.0101101
0.00598171
0
0.0223608
0.0110132
0.0214238
0.00305533
0.0190642
0.00554958
0
0.00549119
0.00342224
0.026726
0.00558521
0.00246008
0.00514929
0.00599222
0.00778438
0.00554411
0.00319909
0.328
0.00529835
0
0.00525534
0.0270673
0.0307562
0.00293387
0.0159712
0.0162996
0.00309847
0.00266302
0.0168659
0.0107207
0
0.00285367
0.0113794
0.00783986
0.00537327
0.00524529
0.011461
0.0162235
0.00271365
0.00232061
0
0.0195515
0
0
0.0195897
0.0388478
0.0452426
0.325954
0.388458
0.963697
0.00246943
0.0028077
0.00557931
0.00296185
0.00531007
0.0179655
0.0236571
0.0317574
0.0030338
0.00247012
0
0.00507135
0.00271106
0.00534008
0.0110528
0
0
0
0.00919814
0.0132138
0.00272548
0.00257458
0.0139191
0
0.00277745
0
0.00769196
0.00246582
0.0106518
0
0.00278681
0.00654071
0.00285367
0.00261922
0.00298464
0.0109922
0.00516637
0.00258066
0
0
0.0167517
0.00306149
0.00588233
0.0158484
0.0024608
0.00257795
0.00516916
0.00247012
0.00554497
0.00598451
0
0
0.011718
0.00543829
0
0.0355912
0.00252415
0.00271106
0.00524991
0.00569085
0.0106261
0.00272571
0.00263677
0.0117388
0.00878702
0.00526364
0
0.00807794
0.00558076
0.00373755
0
0
0.00806478
0.091785
0
0.00541267
0
0.00266089
0
0.00261628
0.0145471
0.00546147
0.00905136
0.0372136
0.0104606
0.00520908
0.0050742
0.00521988
0.00806274
0.0108495
0
0.00582754
0.00579131
0.0174125
0
0
0.0165068
0.00258877
0
0.00278215
0.007686
0.00275671
0.00257458
0.00294963
0.0218781
0.0244961
0.027821
0.0425222
0.082299
0.0542724
0.0414655
0.990904
1.00864
0
0
0.00410212
0
0.0121293
0.00848379
0.00685574
0.207326
0.00550655
0.00261038
0
0
0.0028077
0.0030798
0.0055945
0.00879302
0.00536806
0.0137165
0.00529543
0.00279492
0.00596701
0
0.00811052
0
0.00310329
0.00403911
0.00561154
0.00526454
0.0269177
0.0400998
0.042989
0
0.00250154
0.00418022
0.00279357
0.00574177
0.00869489
0.00270351
0.00524926
0.00290663
0.00301621
0.00250154
0
0.0082698
0.00282814
0.0150389
0
0.00913206
0.00625593
0.0115796
0
0.00546495
0.0190897
0.00301833
0
0.00285417
0.0110546
0.00862952
0.0105103
0.00277535
0.00531091
0.00928876
0
0.0199613
0.00253249
0.00288276
0.0105854
0.0127922
0
0.00532952
0.00293517
0.00291711
0.00866061
0.0118753
0.00333358
0.0832363
0.00304582
0.00574823
0
0
0.00239542
0.00271324
0.00440276
0
0.0059352
0.0239698
0
0
0.00296242
0.00275671
0.00246789
0
0
0.0737188
0.00517171
0
0.0089871
0.00810505
0.00285547
0.00826671
0.002435
0
0.00297696
0.0026453
0
0.00269453
0.00836304
0.00278796
0.016381
0.0118036
0.0394218
0.0281364
0.0139686
1.07124
1.04006
0.00506911
0
0.00270452
0
0.0125778
0.00347747
0.00563061
0.00551697
0.00277274
0
0.00800579
0
0.00255015
0.00393895
0.00299903
0
0.00263471
0.00735419
0.0373468
0.00827469
0.00856044
0.00469443
0.00268672
0.0125598
0.00314519
0.00258066
0
0
0.00339036
0.00595381
0.00285643
0.0327057
0.00592469
0.0135741
0.00280612
0.00261664
0.00258066
0
0.00298621
0.0025053
0.00301625
0
0.0642096
0.00547727
0
0.0061543
0.00555593
0.0054419
0.00845848
0.00296759
0.00538189
0.00249453
0.0030402
0.0251137
0.0108562
0
0.0161387
0
0.0326088
0.00509601
0.00307639
0.00298013
0.0230255
0.00595728
0.00267432
0.0246994
0.0055578
0.00809282
0
0.00625187
0.00554836
0.0100277
0
0.00778652
0.126211
0
0.00784885
0.00251631
0.0025092
0.0118463
0.00914245
0.0594887
0.0102314
0.0165154
0.00566127
0.0120729
0.00247433
0.0111976
0.00292373
0.0104969
0.0125978
0.00267871
0.0114727
0.0028248
0
0.00514277
0
0.00613003
0.00247433
0.0070308
0
0.077747
0.010957
0.0106012
0.101779
0.0739154
0
0.00275322
0
0.00527995
0.00554515
0.00845571
0.0299595
0.0092875
0.0146517
0
0.00260183
0
0.00268091
0.00298013
0.00288306
0.00549902
0.00425024
0.00578074
0.0195005
0.00535768
0
0.00874613
0.0156849
0.00292618
0
0.00872451
0
0.0223264
0.00298013
0.00562431
0.00426219
0.0110086
0.00846551
0.00285918
0.00292193
0.00312155
0
0.00296185
0.00581672
0.00533997
0
0.00781206
0.0716127
0.00822553
0.0283363
0.0140483
0.00537486
0.0104297
0.00285019
0.00511318
0.0027093
0.00530894
0
0
0.0210719
0.00268527
0.00267116
0.0165611
0.00242585
0.00548776
0.0027093
0.00294644
0.00287973
0.0818527
0.00532028
0.00577934
0.0032254
0.0346653
0.0025053
0.00266089
0.00256493
0.00614229
0.00561911
0.0147665
0
0.00663522
0.0335454
0
0.00247846
0.0171598
0.00554049
0.0050928
0.0133582
0.00393756
0.00289271
0.0208801
0.0315843
0.00294067
0.00564984
0.00258877
0
0.00563777
0.00282089
0.0135905
0.00698591
0.0119646
0.00313039
0.00266596
0.00778756
0.00269098
0.00230576
0.00269453
0.00280036
0.00284979
0.00714
0.0114066
0.00832142
0.0109847
0.0216627
0.264767
0
0.00279252
0.00527291
0
0.00338019
0.0228461
0.0108369
0.00945398
0.0030374
0.00279094
0
0
0
0.0025998
0
0.00527527
0
0.00283662
0
0.00561302
0.00256496
0.00262802
0.00853206
0.00790858
0.00289652
0
0.00698047
0.00272444
0.00809021
0
0.00251146
0.00283659
0.0110706
0.0086996
0.00308281
0.00546858
0.0141524
0
0.00272624
0.00271858
0.00262204
0.00551169
0
0
0.0318598
0.148232
0.0298109
0.0669089
0.0585963
0.011132
0.00556687
0
0.00574845
0.0109698
0.00533506
0.00297656
0
0.0116196
0.0111121
0.0247323
0.00275217
0.0111456
0.00847062
0.0368692
0
0.00293886
0.0344509
0
0
0.0160146
0
0
0.019461
0.00592799
0.00840521
0.0112231
0.00609697
0.00421306
0.0132838
0.00266057
0
0.0450864
0.00261137
0
0
0.00279281
0.00993134
0.00544582
0.00275545
0.00959075
0.0115433
0.00640774
0.0265613
0.00854449
0
0
0.00798071
0.00813065
0.00806808
0.00799717
0.0140108
0.00886698
0.0137096
0.00275536
0.00251377
0.00754723
0.00936803
0.00248328
0.00556236
0.00560822
0.00521829
0.00445404
0.00818931
0.0027475
0.0159536
0
0.851578
0
0.00549568
0.00815009
0.00287851
0.0168368
0.00310902
0.0485391
0.0122799
0.0139554
0.00871773
0.00285436
0.00521573
0.00269453
0
0.00573379
0.010601
0.0028781
0.00554104
0.0213298
0.0226879
0.0218551
0.00547856
0.0214171
0.00826574
0.0223721
0.0114027
0
0.00697863
0.00262204
0.00259197
0
0.00283659
0.00293659
0.00257216
0.00466522
0.00816783
0.00557889
0.00289373
0.0147245
0.00276428
0.00582169
0.00283659
0.00263906
0.00283659
0.00542528
0.0205997
0.0622727
0.0327123
0.0315722
0.990924
0.0663846
0.0244244
0.0115255
0
0.00259313
0.0108319
0.00271276
0.0407538
0.0123796
0.00854155
0.0194035
0.0743185
0.0189184
0.00286215
0.00814519
0.0137187
0.00523943
0
0.00259313
0.0108336
0.0112214
0.00261205
0.0155915
0.0181003
0.00270895
0.00478261
0.00584282
0
0.0112555
0.00265979
0.00966793
0.00584031
0.0272403
0.0156815
0.0248047
0.00266923
0.0336312
0
0.00294325
0.00378087
0.00524738
0.00541288
0.0103811
0.00891992
0.0225411
0.0315383
0.008296
0.00506446
0.00334536
0.00547745
0
0.011806
0.00248441
0.00285367
0.0235733
0.0112429
0.0204709
0.0118033
0.00284602
0.00254133
0.00264828
0
0.00265912
0.00248441
0.00536288
0.00586861
0.00248441
0.0104071
0.00279407
0.00291403
0.0168948
0.0190853
0.228041
0.95331
0.00271386
0.0536778
0.00643815
0
0.0165211
0.0113756
0.0569537
0.0034726
0.0530379
0.00585573
0.00287757
0.0082642
0.00249356
0.00568202
0
0.00807245
0.00706034
0.00825035
0.0138904
0.00271162
0.014236
0.00883331
0.00696605
0.00826016
0.00265429
0.0160856
0.0188252
0.00539147
0.0213336
0.00538665
0.0129631
0.00444567
0.00298499
0.00273617
0
0.0521672
0.00291786
0.00291709
0
0.0160988
0
0.00302688
0.0233995
0.0660771
0.0103502
0.0161969
1.06656
1.04173
0.0556408
0.043469
0.00508828
0
0.00269377
0.0109213
0.0109343
0.0464343
0.0154412
0.0175533
0.0053443
0.219856
0.0184487
0.00247469
0.0214336
0.00251146
0.0048189
0.00605804
0
0.111973
0.00576958
0
0.0369798
0
0.00278898
0.0122992
0.00511267
0.00811134
0.00851855
0.0058525
0.0032967
0.0708424
0.0598361
0.0691497
0.0110906
0.0137054
0.00524499
0.00245528
0.00252747
0.0103208
0.0173871
0.0106286
0.0459836
0.0227129
0.00285189
0.00537824
0
0.0028248
0.0701477
0.00248328
0.0937366
0.00531122
0.0048912
0.0057143
0.0026683
0.00863771
0.00279826
0.00275372
0.0167778
0.00305426
0.0406702
0
0
0.0503247
0.00666668
0.376328
0.0027773
0
0.00498027
0
0.00277808
0.00534648
0.00299188
0.0222297
0.0168558
0.00761676
0.00292384
0.0025924
0.00277808
0
0.00277886
0.00271309
0
0.00801699
0.0044097
0.00544285
0.0224843
0
0.00250458
0.00291109
0
0.0404337
0.0194595
0.0029651
0
0.0384116
0.00260684
0.00290376
0
0.00618779
0.0067588
0.00258456
0.0170487
0.00271964
0
0.00295212
0
0.0141889
0.0255881
0.0653953
0.0287054
0.0268143
0.951587
0.972815
0.0621993
0.019639
0.00534023
0.00256532
0.00856357
0.00800749
0.00260662
0.0894779
0.0777605
0.0110894
0.00716373
0.0145754
0.297317
0.00785187
0.00256414
0.0221889
0.00507392
0.0051937
0.00541287
0.0027194
0.418376
0.00287949
0.0375062
0
0.00235749
0.00274776
0.00276572
0.00281132
0.00378232
0.00798267
0.00699855
0.0603297
0
0.653703
0.00802343
0.0418743
0.00252106
0.00263917
0.00368622
0.00369717
0.0144083
0.0391838
0.168433
0.0371321
0.00263267
0.00287867
0.00274776
0.00249356
0.0124588
0.00260791
0.00508669
0.0996201
0.0159624
0.0261303
0.0472726
0.00850503
0.00808381
0.0162932
0
0.00249356
0.00734805
0.0225264
0.0112619
0.0110529
0.04569
0.016026
0.518304
0.00248023
0.00239505
0.00768031
0.00792767
0.0415863
0.109658
0.0288623
0.00983507
0
0.00259028
0.00579357
0.00250387
0.00260684
0.00257908
0.0134779
0.00901164
0.0114471
0.0238927
0
0.00292372
0.0163026
0.00262607
0.0135323
0.00741318
0.00519843
0
0.115485
0
0.0191703
0.00544715
0
0.0343516
0.00561457
0
0
0
0.00945579
0.00272327
0.0414543
0.0166863
0.0330179
0.0204129
0.0641957
0.935959
0.843599
1.03473
0.0388066
0.0268416
0.00290854
0.00261387
0.00269377
0.00246582
0.00760641
0.0664374
0.0149101
0.0108195
0.0264696
0.010751
0.255101
0.0111649
0.00543845
0.00543009
0
0.00260149
0.00269377
0.0907037
0.0030703
0.00309417
0.0158176
0.02637
0.00817418
0.00236504
0.00839157
0.00266667
0.00257489
0.00782591
0.0128975
0.00519397
0.00530205
0.058186
0.015498
0.312975
0.0137659
0.0374712
0.00266667
0.00249323
0.00265693
0.0054834
0.018656
0.0438533
0.00902601
0.049734
0.0217977
0
0.00260684
0.013515
0
0.00253551
0.013296
0.0642978
0.013692
0.0734472
0.0484396
0
0.00552053
0.0511628
0
0
0.00250458
0.00284827
0.00525293
0.0226421
0.00268123
0.0283673
0.0493868
0.97357
0.00507782
0
0.00507615
0.00263412
0.00883471
0.00243045
0.00371054
0.00749108
0
0.00254399
0.00264521
0.00247369
0.00768042
0
0.00268589
0.0025447
0.00261078
0.0137535
0.0130342
0.00296847
0.00262875
0.0238622
0.00766675
0.00250008
0
0.00779473
0
0.00528358
0.00504855
0
0.0203633
0
0.00514222
0.0241611
0.0128639
0.0267459
0.326675
0.622586
0.986579
0.00532871
0.00252106
0
0.00262708
0.00793277
0.0134542
0.0336898
0.00273054
0.00785296
0.00257577
0.118613
0.00799383
0.00248166
0.00263836
0
0.00269174
0.00477262
0.00235256
0.00797703
0.00268727
0.0326054
0.00552531
0.00436721
0.0664494
0.00264265
0.00250008
0.0025122
0
0.00997109
0.0107807
0
0.0217994
0.0192237
0.00238133
0.00779282
0.00580111
0
0.00507529
0.0166542
0.00256035
0.0402903
0
0
0.00765542
0.0123976
0.00381552
0.00678616
0.00266479
0
0.00336254
0.963276
0
0.00266127
0.0232243
0.0125004
1.0024
0.0053103
0.00517061
0
0.00254753
0.0027154
0
0
0.00525388
0.00513165
0.00250277
0
0.0207274
0
0.00516816
0
0.0152865
0
0.00247369
0
0.00960163
0.0105622
0
0
0.00246804
0.0474091
0.00748828
0
0.0130733
0.00264289
0.00513884
0.0237932
0.192331
0.0056004
0.00765866
0.00272303
0.00547885
0.0103978
0.0500916
0.00573815
0.0156145
0.0027101
0.00295212
0.00254099
0.00246652
0.00518497
0.00274796
0.157579
0.0104779
0.0106555
0.00263029
0.00256861
0.00324298
0.038327
0.0025837
0.00516172
0.0070022
0
0.0137685
0.00249703
0.00268464
0
0.0104251
0.00605347
0.00525736
0.0671734
0.0108847
0.00249703
0.00715433
0.00240159
0.00512803
1.00803
0.0326817
0
0.00261442
0.00423498
0.00934896
0
0.0248214
0.00256918
0.00258241
0
0.0050162
0
0
0.00421598
0.00832342
0.00252024
0
0
0
0.00400263
0.025303
0.00526162
0.0668106
0.00254099
0.00317196
0.0372469
0.0212274
0.00520902
0.00258218
0.00828991
0.0262106
0.00252959
0.0400001
0.0242845
0.00261498
0.00537545
0.00260508
0.00252959
0.00727235
0.00261444
0
0.00523293
0.0760145
0.0194879
0.00260987
0.00769395
0
0.00259202
0.0102468
0
0.00522751
0.61291
0
0.00241633
0.00777379
0.985493
0
0
0.00256549
0
0.00249089
0
0.00261811
0
0
0.0025793
0.00510313
0.00258895
0
0.0127717
0.00261153
0.00328148
0
0
0.00793263
0.00259078
0
0.0024916
0.0025599
0.0102121
0.00234672
0.0024916
0.00989385
0.00267311
0.00943155
0.00247624
0.00262033
0.0127524
0.0078859
0.00262033
0.00256914
0
0.00259202
1.05016
0.00629975
0.00248668
0.0033695
0.00247097
0.319493
0.0398519
1.02118
0.00275833
0.00419431
0
0
0.00261165
0
0.00395692
0
0.00250605
0.00290167
0.00261165
0.00683468
0
0.991331
0.373666
0.0349616
1.01631
1
0
0.00642064
0.00308246
0.00252279
0.00255287
0.00292801
0.00278228
0
0.00256608
0
0.00256608
0.00256608
0
0.00283819
0.00256608
0.00255224
0.0762406
0
0.00286049
0
0
0.0026554
0
0.00565222
0.00278228
0.00523378
0
0
0
0
0
0
0.00307227
0
0.00265124
0
0.0103893
0.010702
0.0027422
0
0.00265124
0.00527142
0.00264354
0
0.00306723
0.00264964
0.00953007
0.0121011
0.00349365
0.00499375
0
0.00626689
0.00266912
0.00588724
0.0185756
0.00252088
0.00292145
0.00252279
0.00278165
0.00506414
0.0223608
0.0255349
0.0387184
0.0232699
1.0253
0.600884
0.90089
0.002636
0.00557269
1
0.0668563
0.950822
1
0.0113477
0.0025235
0.021411
0.00872851
0.0145995
0.00537521
0.00278228
0.00252207
0
0.00292349
0.0142422
0
0
0.00496686
0.0190818
0.00270365
0.00530276
0
0.00254048
0.00292145
0
0
0
0.00287908
0.00249073
0
0
0.07864
0.0081887
0.00304943
0.00554706
0.00287908
0
0.00536471
0.00249073
0.0829548
0.00563898
0.00274704
0.00288631
0.0164483
0.00254187
0.0131872
0.00848127
0.00525543
0.00860883
0.00328251
0.00298377
0.0196614
0.0135896
0.0158543
0
0.00269515
0.0136598
0
0.00280772
0.00748902
0.00913775
0.0110408
0
0.00258973
0.00268449
0.00497702
0
0.00936463
0.0149118
0.00331405
0.025775
0.0225517
0.00271662
0.00250605
0.00393367
0.00746115
0.00275194
0.0088976
0.00560152
0.0131124
0.00411507
0
0.00282198
0.00837413
0.0140229
0.00267408
0.00250605
0
0.00537213
0
0.0624456
0.00834043
0.0086392
0.00550893
0.0303895
0.00278207
0.00234042
0
0.00250605
0.00254072
0
0.0921155
0.0421511
0.0194207
0.0737551
0.0405416
0.313334
0.993366
0.00376467
0.00277998
0.438944
0.739338
0.978526
1.00173
0.00292901
0.00291269
0.0200682
0.0126679
0.00273137
0.00290409
0.00266884
0.00277998
0
0.00820887
0.00769934
0
0.00254391
0
0.00256353
0.00297916
0.00263102
0.00273018
0
0
0
0.0223647
0.00293366
0
0
0
0.00256718
0.0114088
0
0
0.00259644
0
0
0
0
0.00594619
0.0106859
0.00277601
0.0101358
0.00259644
0.0026279
0
0
0
0.00308111
0.00255377
0
0
0.0053376
0.00275815
0
0
0.0228777
0.046237
0.00309046
0.00290409
0.00263355
0.00596422
0.00665512
0.00304857
0.00540554
0.00274586
0.0478662
0.00285386
0.00255963
0
0.00571185
0.00277943
0.00497278
0.00262148
0.00269404
0
0.0970386
0
0.00252606
0
0.0343426
0.0282179
0.0257675
0.051994
0.00573665
0
0
0.84717
0.874038
0.00254776
0
0.00286623
0.010006
0.0306878
0.0109378
0.00580811
0
0.00536429
0.0027072
0.00288631
0.00565795
0.00569776
0.0204005
0.0025724
0.0270203
0.00790786
0.00553769
0
0.00536429
0.00286282
0.00531043
0.00783866
0.0052159
0
0
0.00269612
0.00287486
0.00525921
0.00256718
0
0.00559069
0
0.00254848
0.00278521
0.00287486
0.002536
0.00274262
0
0.00275397
0.00309128
0.0104277
0
0.0109849
0
0
0.00277268
0.00897336
0.0109849
0
0
0.00999999
0.00265018
0
0
0
0.0521192
0.0138475
0.00899604
0.00617748
0
0.00356652
0.0111923
0
0.00290606
0
0
0.00870376
0.029995
0
0
0.0170639
0.00257179
0.00848243
0.00804218
0.00530194
0
0.0192649
0.00294585
0.0348059
0
0.00574511
0.0081589
0.218048
0
0
0.00275194
0.00247135
0.0136429
0.0141359
0.0247806
0.00884642
0.0111302
0.166136
0.0552576
0.00256711
0.00528161
1.16293
0.993418
0.00807106
0.00536174
0
0.010599
0.11756
0.0622341
0.00571603
0.00254357
0.0025326
0.00272545
0.00295022
0.00840386
0.00580721
0.00681757
0.0027898
0.0123209
0.00811448
0.00856131
0
0.00826797
0.00284839
0.00250058
0.00832345
0.0141552
0.0072466
0
0.00285344
0
0
0.00563493
0.023176
0.00306579
0
0.00547529
0.00296896
0.00277523
0.0055011
0.00602604
0.00937485
0
0.00296122
0
0.00300425
0.00262498
0
0.00406765
0.0142784
0.00249073
0
0
0
0.00269743
0
0
0
0.00241088
0.00289148
0.00264817
0.0119097
0
0.0042334
0.0439066
0
0.00824756
0
0.0028416
0.00256608
0
0
0.00570767
0.00931
0
0.0110995
0.00762035
0.00298093
0.00269031
0.00352941
0.0138671
0.00260621
0.0548229
0.00293
0.0207746
0.00267323
0.0140802
0.0255662
0.0107703
0.00246765
0.00260621
0.00284086
0.00864632
0.0185572
0.00263929
0.00864793
0.0397402
0.0122157
0.00837663
0
0.0132502
0
0.00274584
0.00867977
0.0146211
0.00575738
0.00806424
0
0.00309134
0.0026415
0.00285438
0.00288342
0.00258922
0.00862333
0.00856165
0.0220374
0.0108964
0.0141801
0.00295022
0.00833138
0.0029579
0.00288734
0.0367745
0
0
0.019585
0.00305187
0.0026183
0.00276195
0
0.00288734
0
0
0.0026719
0.00512644
0
0
0
0
0.00685173
0.00614853
0.00259469
0.0375523
0.00289557
0.00327133
0.002627
0.00295954
0.00297638
0.00278616
0.00894437
0
0.00394892
0.00855428
0
0.00523675
0.0112657
0
0
0.00522529
0.00483475
0.00903164
0.00303462
0.00631936
0
0.00280828
0.00290676
0.00878733
0
0
0.00592095
0.00290409
0.00301536
0.00380747
0.00993748
0.00583204
0
0.0257433
0.0110797
0.00494363
0.00290409
0
0.00303181
0.0055928
0.0025212
0.0101593
0
0.0278216
0.00899042
0
0.00555527
0.0083917
0.00252949
0.016221
0.0333771
0
0.00504797
0
0.00570281
0.00253189
0.00294325
0.00581575
0.00278283
0.00351492
0.00567987
0
0
0.00794329
0
0.00837425
0.00530137
0
0.0026695
0.00265717
0
0.00257618
0.00251842
0.00290409
0.00289667
0.0027908
0.00272824
0
0.00515783
0.00276615
0.00263586
0.00550008
0.00265018
0.00261355
0.00266534
0
0.00243552
0.00307828
0.0072662
0
0.00304594
0.00261355
0.00265018
0
0.00544125
0
0.692613
0.00542048
0.00762058
0.00276317
0.00513448
0.00537011
0.00272927
0.00648412
0.0317143
0
0
0.00798677
0.00765732
0.00297638
0.00469885
0.00282503
0.00580601
0.00331938
0.00271871
0.00543144
0.0153183
0.00256628
0.00575615
0.00266461
0.00286316
0.00266205
0.00536475
0.00477193
0.00894105
0
0.017493
0.00522965
0.00508791
0.00273268
0.00286316
0.0133907
0.00594801
0.0028413
0.0133938
0.00352359
0
0
0.00801853
0.00417448
0.00503978
0.00731918
0.00563573
0.0320427
0.0225435
0.0112644
0.0169749
0.00798744
0
0.00417508
0.0025054
0
0.00588173
0.00741369
0.0255711
0.0225586
0.00253017
0.0345344
0.00619185
0.00250576
0.0109513
0.00713351
0.00269612
0.00553784
0.00257179
0.0214903
0.00820692
0.00296896
0.0055188
0.00625214
0.00260955
0
0.00282761
0.00269612
0.0224432
0.00546348
0.00528126
0.00274344
0.0112576
0.00250525
0.00806437
0.00544869
0.00277324
0.0135407
0.00528274
0.00456605
0.00281716
0
0.0455026
0.00545876
0
0.00541409
0.0164522
0.00785411
0.0107035
0.158318
0
0.00252038
0.00359512
0.00819052
0.748064
0.368621
0.0110982
0.01361
0.00277309
0.00265265
0.00767482
0.0102172
0
0.0308559
0.0164831
0.0166163
0
0.00564873
0.0378312
0.0388247
0.0220238
0.0053255
0.00548119
0.00262877
0.00540081
0.00356169
0.00775512
0.0081706
0.179941
0.00276938
0
0
0.0378931
0.0480013
0.00524724
0.00876431
0.00737946
0
0.00302235
0
0.0109825
0.0027884
0.0109101
0.0484458
0.00271622
0.00289905
0.0450757
0.00558561
0.00559831
0.0137072
0.0083196
0
0.039567
0.0025087
0.0184995
0.00292107
0
0.0156453
0
0.00526058
0.00838152
0.00775415
0.00253332
0.0341586
0
0.00546294
0.0240274
0
0.0025054
0.00584409
0.00254805
0
0.00292873
0.0128916
0.00508735
0.00246651
0.00782729
0
0.00270947
0.0109129
0.00283053
0.0128663
0.0132427
0.00542637
0.00246651
0.0127914
0.00246651
0
0.00270947
0.00807302
0.00833315
0.00592312
0.0217023
0.00288255
0.00253325
0.0025586
0.0108652
0.0360563
0.00289958
0.00835021
0.0218989
0.0160957
0
0.0025586
0.00401729
0.478501
0
0.00577574
0.00276938
0.00563997
0.00418389
0.0466271
0.0298418
0.0149418
0
0
0.00276938
0.0246252
0.012016
0
0.00591925
0.0121206
0.00863088
0.00987073
0.0111546
0.0194582
0
0.120667
0
0.00577954
0.00265497
0.0295887
0.0317278
0.00686553
0.00296918
0.0117206
0
0.00537439
0.01363
0.0214107
0.0216658
0.00265262
0.00547084
0.0213373
0.00406533
0
0.0121586
0.0112145
0.0186635
0.00293874
0.0194398
0.00252798
0
0.00301969
0
0.00513304
0.0138258
0.0104442
0.0118886
0.0201729
0
0
0.00249073
0.00511502
0.00767655
0.0103501
0.00274653
0.0437659
0.00291807
0.014133
0.00258849
0
0.00275194
0.0219375
0.00292829
0.0246873
0.0056498
0.00553898
0.0105616
0.00300065
0.00260955
0.030136
0.00269407
0.198331
0.0179264
0.00292611
0.0109477
0.0487614
0.00291265
0.0132437
0.016813
0.00782551
0
0.100548
0.00816951
0.849256
0.98457
0.00550974
0.00895203
0.0105279
0.0606449
0.045045
0.010636
0
0.00303253
0.0107634
0.00895203
0
0.007606
0.00389105
0.00872445
0.00693716
0.0286581
0
0.211697
0.00298125
0.00519109
0.0134108
0.0630531
0.00814923
0.00253958
0.0149403
0.00239622
0.0237705
0.00519438
0.00271029
0.00270947
0.0350685
0
0.0223056
0.00373507
0.00304666
0.00751113
0.0124536
0.00257308
0
0
0
0.00295954
0
0
0
0
0.0130093
0.00802483
0
0.00571258
0.00826939
0.00815429
0
0.00599836
0.00535193
0
0.00270947
0.00271304
0.00267473
0.010994
0.00548326
0.0171531
0.00597345
0.00259929
0.00543583
0.0076018
0.0164902
0.00250576
0.00268625
0.0107794
0.0165538
0.18271
0
0.00811375
0.00266977
0
0.0381291
0.00522234
0.0109719
0.010364
0
0.0570315
0.517929
0.980241
0.00245932
0.0105489
0.0025586
0.00639651
0
0.0192036
0
0.0295504
0.0106297
0
0.00426434
0.0109811
0.00590089
0.0801908
0.00568256
0.00791032
0.0374182
0.00829272
0.00280769
0.0346601
0.00264004
0
0.00825112
0.0324217
0.00303065
0.00863812
0.00331709
0.00300606
0.00515148
0
0.00331115
0.0678549
0
0
0.00298805
0.00518935
0
0
0.00298805
0.00388002
0.00297638
0.00545389
0.00273443
0.00300311
0.0027304
0.00297638
0.00595763
0.00611323
0.00303815
0.00357757
0.00256258
0.00308945
0.00293957
0.00809615
0.022424
0.00786759
0.00276877
0.00542672
0.104578
0.401129
0.73375
0.00878861
0.0260639
0
0.0140685
0
0
0
0.00553775
0.0218158
0
0.0127418
0
0.0142754
0
0
0
0
0.00376564
0
0.00293858
0.00248932
0.00596761
0.00297638
0.00298125
0
0.00295287
0
0.00307785
0.00297638
0.00544143
0.00245305
0.00298805
0.00249434
0.00586498
0.0267169
0.00287975
0.00249434
0.00596443
0
0
0.0837074
1.0848
0.131295
0
0
0.0138519
0.00292251
0
0
0
0.00612356
0.00278493
0
0.0034553
0
0.00290792
0.00310406
0.00447187
0
0
0.00572468
0.00274344
0.00305396
0.00274344
0.00274344
0.0233632
0
0
0.00290114
0
0
0.00813067
0
0.00996018
0.0030325
0.00298805
0.00408104
0
0.0499737
0.0118527
0.00308614
0.00614648
0.0149403
0.00288105
