0.194411
1
0
0
0
0.00253364
0
0.0321308
0.00271142
0.0026165
0
0.00555771
0.00264344
0.00649845
0
0.00262883
0.00868357
0.0337125
0.0778097
0.981997
0.511074
0
0.00257952
0
0.00273578
0
0.00551991
0.0029554
0.00548904
0
0.0029554
0.0029554
0.0124346
0.0136747
0.00253364
0
0
0
0.0124346
0.00865194
0.00250472
0
0
0
0.0141615
0.00843455
0
0
0.00996878
0
0
0.0111959
0
0.0141478
0.00849157
0.02736
0.0139351
0.0126642
0
0
0.0142219
0.00308112
0.083639
0.161065
0.0345107
0.327028
0.00253914
0
0.00808292
0.0029998
0
0.0028894
0.00833433
0.00251998
0
0.00286678
0.00394562
0
0.00280958
0
0
0.0224022
0
0.00298256
0.00284634
0.00269681
0.00244926
0.00330048
0.00308672
0.00269681
0.00291999
0.00276659
0.00696152
0.0170943
0
0.00804089
0.00286027
0
0.00299425
0
0.00305439
0.00873075
0.00558495
0.00280333
0.00257584
0.00284905
0.00826079
0
0.00956262
0.0136747
0.00297894
0.00247757
0.00543785
0.0116817
0.0103829
0
0.325561
0
0.0123878
0.00274104
0.00539363
0
0.0212698
0.0029284
0.00907589
0.00554105
0.00277693
0.0111876
0.0116111
0.00564609
0.0168105
0.0101079
0.00284272
0.00294246
0.011981
0.0318475
0.419674
0.128711
0.689558
0
0.0053828
0.00298627
0.00526165
0.0275507
0.0113651
0.0173155
0
0.00542916
0
0
0.0134044
0
0.0028269
0.0853558
0.0238989
0.00293092
0.00284432
0.00924178
0.0138995
0.00272652
0
0.0108712
0
0.00296029
0.00528447
0.00258661
0.00578103
0.0138627
0.0052201
0
0.0054161
0.00296029
0.00262555
0.00881459
0.024203
0.00904335
0.0140044
0.01643
0.0029846
0.00302824
0.0234721
0.00540741
0
0.0108567
0.00575427
0.0357851
0.00609659
0
0.0028673
0.00296029
0.0240632
0.00264711
0.00309965
0.0084082
0.00255371
0.00272387
0.00554105
0
0.00548919
0.00839324
0.00389125
0.00958942
0.00351306
0.107564
0.0030968
0.00278236
0
0
0.00278568
0.00272387
0.00391576
0.00865748
0.00887863
0.0452343
0
0.00597252
0.00259591
0.00548576
0.00250729
0.0165099
0.00787389
0.00811083
0.0271305
0.00593811
0.0117085
0.005316
0
0
0
0.00285234
0.00267359
0.0164896
0.0247809
0.0236006
0.119757
0.109478
0.188469
0.459746
0.985019
0.0028517
0.00841577
0.0107832
0.00371335
0
0.0218718
0
0.00715187
0.0379168
0.00299716
0.00260567
0
0.00285686
0.00854733
0.00309396
0.00563878
0.0124626
0.00611052
0.00781667
0.00265185
0.00284005
0.00313798
0.00439683
0.00822385
0.00283924
0.00895277
0.0157054
0.00289022
0.0396386
0.0858387
0.11963
0.00835333
0.00299888
0
0.00782827
0.00588967
0
0.00858521
0.00555981
0.0026467
0.00557724
0.0118136
0.00297546
0.00288701
0.00293122
0
0.00256499
0.0152203
0.0372697
0.00570399
0.00291519
0.0455465
0
0.00545243
0.0081718
0.00589461
0.00251653
0.00590376
0.00977274
0.0028704
0.00288605
0.0195625
0.0080425
0.00271584
0.00274664
0.00834219
0
0
0
0.00728014
0.0122833
0
0.00286611
0
0.00286637
0.00255286
0.012842
0.0625162
0.00274785
0.00286611
0.00274034
0
0.00822899
0.00541059
0.00272906
0.0307574
0
0.00838657
0.00295921
0
0.00245914
0.0273061
0.00792889
0.00262361
0.209717
0.00519334
0.0161894
0
0.00300138
0.00841545
0.00546127
0.00269849
0.00481028
0.00293092
0.00534936
0.00272809
0.00772121
0.00803045
0.00258796
0.0160333
0.0108186
0.0645675
0.0206275
0.100226
1.00595
1.07309
0
0
0.00268615
0
0
0.0130702
0.00652331
0.0070158
0.00723889
0.0102596
0.00263021
0
0
0
0.00568208
0.00530852
0.00352879
0
0.0204507
0.00262235
0
0
0.0189167
0.0106181
0.00298114
0
0.00284272
0.00506154
0.0238527
0.00631395
0.00256811
0.0169441
0.00342111
0.00577296
0.0228237
0
0.00258767
0
0.00284272
0.00256811
0.00295845
0.00550797
0.00261022
0.0241623
0.0402139
0.0203995
0.0209773
0.00680986
0.00844235
0.00290866
0.00271584
0.00274263
0.00281891
0.00890759
0.0586932
0.00287458
0.00554145
0.00799205
0
0.0313844
0.00824644
0.0026861
0.0108246
0.0117541
0.00289577
0.00295721
0.00422291
0.0163093
0.005431
0.00273494
0
0.00606684
0.00256519
0
0
0
0.00422984
0.0941381
0.00587469
0.00844582
0
0.0026222
0.00293122
0.00387768
0
0
0.0820649
0
0.00564904
0.00860776
0.00293092
0.0108827
0.00542059
0.00285234
0.0116287
0.0147608
0.0248626
0.00269766
0
0.00527913
0.00250314
0.00255539
0.00287198
0.00255025
0.00259314
0.00559309
0.00747282
0.00529878
0.0116149
0.0199916
0.0345696
0.0587156
0.304113
0
0
0.00514454
0.00792112
0.0119085
0
0
0
0.00543146
0.00271421
0.00251998
0.00284472
0.00250472
0
0.00281464
0.00714216
0.00293122
0.00270659
0.00407395
0.00866736
0.00273547
0
0.00501899
0.0401903
0.00300467
0.0165455
0.00242569
0
0.00269319
0.00314726
0.00271584
0.00502782
0.0138336
0.011629
0.0453913
0.0230538
0.0178035
0.00678492
0.0112488
0.0164811
0.00256811
0
0
0
0.0439414
0.00309935
0.0027882
0
0.010677
0.0027631
0
0.002857
0.00651632
0
0.00271584
0.00552839
0
0.00285348
0
0.019017
0.0106839
0.00662174
0.0499261
0.00269019
0.00289981
0.00278635
0.00610754
0.0651068
0
0.00594256
0
0.00265185
0.00525692
0
0.0112155
0
0.0139935
0.0181347
0.011615
0.00273749
0.00301831
0.00283258
0.00768257
0
0.00263456
0.00301705
0.00289728
0
0
0.00546344
0
0
0.392178
0.00261515
0.00811668
0.00258946
0.00299168
0.00595093
0.0108927
0.0109895
0.0185896
0
0.011692
0.0027733
0.0110711
0.00280055
0
0.00299253
0.00862987
0.00261355
0.0136199
0
0.00570897
0.0101754
0.00554664
0.00562392
0.00284107
0.0128279
0.00794902
0
0.00563951
0
0.00849004
0.00263456
0.00689658
0.00504034
0.00836147
0.00283677
0.00874767
0.0027381
0.00267024
0.00561889
0.00785552
0.00291464
0.00587624
0
0.0054156
0.00504547
0.0111278
0.00833279
0.00359251
0.120491
0.013846
0.0262557
0.0344048
0
0.0027381
0.00294721
0
0.010917
0.0214396
0.00303336
0.0112524
0.00578491
0
0.0116985
0.0135402
0.0028974
0
0.00804995
0
0.00560759
0.00825809
0.0236746
0.00269601
0.00284796
0.0161455
0.0378652
0.00533075
0.00293803
0.00316222
0.00543551
0.0228522
0.00435053
0.0274684
0.00387898
0.0625115
0.0112702
0.00264992
0.0083326
0.0111845
0.0271251
0.0107198
0
0.00430563
0
0.0342686
0.0347225
0.00866164
0.00271345
0.00526046
0.00670628
0.00534297
0.00265113
0.00666742
0.0116998
0.017389
0.0312691
0.00567604
0.00278008
0.00261589
0.0101639
0.00863477
0.00271345
0
0.00314485
0.00536824
0.0042844
0.00559553
0.00589889
0.00714475
0.0410615
0.304911
0.00299084
0.00548387
0.00256213
0.00563398
0.00289935
0.0132394
0.0319266
0
0
0.0026445
0
0.00592798
0.00267582
0.00271865
0.00520933
0.00273724
0.00296029
0
0.0061763
0.00701953
0
0.0246789
0
0
0.0231813
0.0166286
0.00886296
0.00654419
0.0109121
0.00766847
0.0803987
0
0.0106227
0.0053412
0.018599
0.00806545
0.0232224
0
0.0380887
0.00833063
0.00893145
0.00279007
0.00768146
0.0126305
0.00273494
0.00292425
0.0254474
0.052664
0.0489293
0.0140973
0.0198168
0.993806
0.0343819
0.00522637
0.00266073
0.00256025
0.00272019
0.0329829
0.0083185
0.0407139
0.0233076
0.00275404
0.005804
0.0564126
0
0.00292847
0.00548011
0.00821793
0.00253054
0.00606299
0
0.092105
0.0081972
0.00308715
0.0153404
0
0.00279515
0.00569308
0.00521607
0.0138483
0.0028139
0.0240611
0.019414
0.0038112
0.0405113
0.00877122
0.0123765
0.0367013
0.00300464
0
0.00538634
0.00297289
0.0199514
0.023014
0.00622857
0.0328215
0.0171041
0
0.00379552
0.00261589
0
0.046355
0.00275501
0.0160388
0.0343753
0.0112014
0.020563
0.0060356
0.00282858
0
0.00585369
0.00266913
0.00825279
0.0143734
0.0027381
0.0503022
0.00289395
0.00814341
0.0400633
0.0431596
0.236585
0.850732
0.00551547
0.00558166
0.0394135
0.00624917
0.00822981
0.00293122
0
0.03259
0.0105903
0
0
0.00306429
0.00269585
0.00289728
0.00521948
0.00556381
0.00305243
0.00273287
0
0.00592
0.0148644
0.00269661
0.00262622
0.00420465
0.0145432
0.0196376
0.00300021
0.0422438
0
0
0
0.0115282
0.00547255
0.00252381
0.00243666
0.00865484
0
0.0146632
0.0159859
0
0.00275653
0.00266947
0
0
0.00516984
0.0172217
0.0811864
0.00280207
0.00849851
0.917216
0.756368
0.0239673
0.00814774
0.00273761
0.00273869
0.0104532
0.00837826
0.104195
0.0346263
0.00842199
0.00562202
0.12149
0.0106334
0.00268044
0.00564426
0.00248863
0
0
0.00273869
0.338507
0.00893391
0
0.0135392
0
0
0.00270962
0.00270244
0.00299168
0.0118918
0.00874393
0.00352492
0.0569597
0.0335149
0
0.00720489
0.00292822
0
0.00589725
0
0
0.00270244
0.00766658
0.00537417
0.033614
0.0306094
0.0280962
0.0029511
0.00815269
0
0.00263259
0
0.00531636
0.00542008
0.0380858
0.0114522
0.0156153
0.0118065
0.00560656
0.00553816
0.00653972
0.00584711
0.00559223
0
0.00560561
0
0.030611
0
0.0179601
0.308098
0
0.00255096
0.00507779
0.00281662
0.00525341
0.00329483
0.0414288
0.00460206
0
0
0.002619
0
0
0.00260248
0.00583227
0
0.00541275
0
0.00557853
0.019014
0.00790169
0
0
0.0582374
0.00553414
0.0119811
0.00808242
0
0.0266692
0.00282547
0.00558395
0
0
0.00309664
0.00751657
0
0.0297578
0.00574707
0.00294773
0.00273494
0.0029161
0
0.00571681
0.00291521
0.0385824
0.0679444
0.0270703
0.0195652
1.02621
0.446941
0.0405821
0.0109526
0.0135597
0.00802588
0.019167
0.0664521
0.707143
0.00266026
0.0153265
0
0.233142
0.0138166
0.00540333
0
0.00271736
0.00255555
0.00284746
0.00264668
0.843973
0
0.0121353
0.0161494
0.00513725
0
0.00296028
0.00869672
0.00355263
0.0421814
0.00784595
0.329033
0.00296114
0.0161972
0.00549369
0.00261269
0
0.00416324
0.00573596
0.00847457
0.333667
0.00844239
0.00271417
0.00272019
0
0.0127735
0
0.00273494
0.0397704
0.00840376
0.0174683
0.0072866
0.00269228
0.00541775
0
0.00271788
0.00881127
0.0112198
0.00257028
0.0233503
0.00301316
0
0.019716
0.0162532
0.564232
0.00257093
0.00273888
0.00784364
0.0214186
0.0286183
0.180274
0
0
0.0120289
0.00587742
0.00282043
0.0105921
0
0.00260041
0.00255096
0.0193396
0
0.0141566
0.00826065
0.0215652
0.00260369
0.00828084
0.003331
0.0223522
0.0227952
0
0.0219999
0.00523892
0.105974
0.0132967
0.00282486
0.0791113
0.0135996
0.00282584
0.00525877
0.00727269
0.0105679
0.00279289
0.00510003
0
0.0083201
0.0167208
0.0112421
0.00277103
0
0.0109442
0.0105969
0.008561
0.0214495
0.0243487
0.113983
0.0107854
0.057956
1.08818
0.442398
1.00309
0.0495693
0
0.0107853
0.0106143
0.00264668
0.00296223
0.013254
0.0733957
0.0312637
0.0114407
0.0237844
0.0136352
0.0692284
0.0240867
0.010675
0.00550595
0
0.0098995
0.00843601
0.0102394
0.103191
0.00554822
0
0.0154832
0.035643
0
0.00788339
0.0109288
0.00589051
0
0.00929023
0.00266139
0.0331691
0.00780323
0.256983
0.0110117
0.00905095
0.00807968
0.00769329
0.00288142
0.0244855
0.0280617
0.0139141
0.0976462
0.0222882
0.00515272
0
0.00273287
0.0223907
0.0190991
0
0.0108558
0.0375561
0.005584
0.0907644
0.0298643
0.00272574
0.0027277
0.00793258
0.0163211
0
0
0.00273287
0
0.00590411
0.00555011
0.0154258
0.00273674
0.00590921
0.0510948
0.0319425
0.994895
0.00260443
0.00266651
0.00425093
0.0026315
0.0139671
0
0.00245018
0.00581314
0
0.00282565
0.00815792
0.00271448
0
0.00838114
0.00854438
0
0
0.0399697
0.00841903
0.00303186
0.0184953
0.00804632
0
0.0149713
0
0.00574053
0.00258531
0.0416448
0.0210789
0.0136528
0.00573789
0.0026315
0.00691496
0
0.00259683
0.0128609
0.0201937
0.00791244
0.0361782
0.372167
0.311419
0.279616
0.00807525
0.00258661
0.00249377
0.00258661
0.00825861
0.0027987
0.0657596
0
0.00839795
0.00837961
0
0.0193996
0.00276175
0.00258661
0.00234662
0.0056998
0.00268755
0.0854475
0.005465
0.0029304
0.0135998
0
0.00291752
0.00238587
0.00770382
0.0028133
0.00291791
0
0.0124892
0.0025886
0.00575531
0.00469437
0.0230881
0.00836273
0
0.0026551
0
0.00787621
0.00253548
0.00679417
0
0.0226082
0
0.00541012
0.00507867
0.00257246
0.00816729
0.0060772
0.0106126
0.00870339
0.0137467
0.0352903
0.0114031
0.00259043
0.0144864
0.00686985
0.00276026
0.00556343
0.00300604
0.00277107
1.01014
0.00302927
0.0234754
0.986422
0.00512808
0.00276175
0.00253685
0.00362825
0
0.00568975
0.00247957
0
0.00282622
0
0
0.005705
0.00270831
0.00248027
0.00268286
0.0108529
0.00507217
0.00663693
0
0
0.00795778
0.00276175
0.00503051
0.00526764
0.0270455
0.0844718
0.00269085
0
0.00260369
0.0028151
0
0.00829437
0.00275535
0.00291414
0
0.00485282
0
0
0.00273966
0.00360034
0
0.00253548
0.00262455
0.00696482
0.00299299
0
0.0809354
0.00849222
0.0231726
0.0040034
0.0141341
0.0220337
0.021856
0.0140171
0.00280757
0.0162129
0
0.00293337
0.0826774
0.0117831
0.00258923
0.00272005
0.994668
0.002771
0.0693026
0.00676436
0.00252171
0.00246964
0.00250681
0.00642915
0.00247034
0
0.0123371
0.00267971
0.00283732
0.00523139
0.0082884
0
0.00268404
0.00250336
0.0185945
0.0126999
0.00926115
0.00541192
0
0.00494894
0.00259871
0.0035055
0
0.019045
0.0197813
0.0050992
0.00513036
0.00254721
0.00264597
0.00268755
0.0412484
0
0.00287533
0.00275535
0.0268755
0.00281571
0
0
0.0111159
0.794577
0.00821648
1.0009
0.0413158
0.00273963
0.00266072
0.00262756
0.00266147
0.00270025
0.00929276
0.00253315
0.00512335
0.00514358
0.00398261
0.0082762
0.00546227
0.0035091
0.00546757
0.00372845
0
0.00265398
0.00257166
0.00260369
0.0102806
0.0193889
0.00976385
0.00267404
0.00324838
0.0130845
0.00257166
0.00276175
1.00213
0.00268777
0.312866
1
0.00272439
0.00704028
0.00701648
1
0.332473
1.00012
1.01865
0.00252992
0.00263802
0.00258144
0
0.00254067
0
0.0028643
0
0.00385404
0.00293425
0
0.0029154
0.00265401
0
0.00274409
0
0.0085756
0.00830443
0.0129247
0.00752076
0.964686
0.525404
0.90089
1
0.0148659
0.603813
1
0.0025285
0.00290464
0.00275096
0.00263802
0
0.00890247
0.00512401
0.00249028
0
0.00275577
0.0423945
0
0
0.00262125
0
0.0413366
0.00294818
0
0
0
0.00380905
0
0.00283854
0
0.0168313
0.0080705
0
0.00686409
0
0.00262646
0
0.0181381
0.00278389
0
0.0196023
0.00248787
0.00253246
0
0.0178746
0.00819332
0.0242928
0.0408132
0.0104352
0.371353
1.02625
0.00411805
0.002486
0.453476
0.0673173
0.282591
1
0
0.0032826
0.00608845
0.00528498
0
0
0
0
0.00547306
0
0.00520288
0.00282428
0
0
0.0116455
0
0
0.00274488
0
0.00572006
0.00385404
0.00286391
0
0
0.00378693
0.0027866
0.00455917
0.0195691
0.064453
0
0.00259705
0.00254984
0.00563574
0.00694271
0.00277135
0.0318897
0.00557821
0.00562558
0.00276188
0
0.00825988
0.0151425
0.0145264
0.0112184
0.0415575
0.0194656
0.0595013
0.00252375
0.773269
1
0
0.00271805
0.0155921
0
0.0086374
0.00529723
0.00270065
0.00272452
0.00279522
0.00280639
0.0125367
0
0.00270065
0
0.0027355
0.00526566
0.0084208
0.00263802
0.0027355
0
0.0102799
0
0
0.00321566
0.00271704
0.00831913
0
0
0.00524603
0.00356095
0.00823264
0.0195257
0.0180729
0.00258197
0.00557821
0.00274129
0.00789633
0.0204027
0
0.00544459
0.0183792
0.0103359
0.00311736
0.00269298
0.00285424
0.00564963
0.0208209
0.00837721
0.00288631
0.0128617
0.00252375
0.0133663
0.0164901
0.0141215
0.0578107
0.0883981
1.01951
0.936502
0.0158221
0
0.0112444
0.0313639
0
0
0.00522003
0
0
0
0
0.0107185
0.00282845
0.0052569
0.00265494
0.00295918
0.00516374
0.00249871
0.00276695
0.0253494
0
0
0.00249399
0
0.00595089
0.00316874
0
0
0.00840328
0.00251793
0
0.00284215
0.00284199
0
0
0.00263077
0.0028599
0
0.00299315
0.00930864
0.0220579
0
0.00499216
0.00264554
0
0.00589933
0.0218045
0.00596556
0.00552082
0.0292835
0.00830267
0.00864475
0.0268966
0.00310751
0.0084331
0.00258637
0.00792198
0.0381345
0.00292177
0.00261903
0.00580305
0.00861415
0
0.00579109
0.0118613
0.0241704
0.0365139
0
0.00258216
0
0.00519649
0
0.00708904
0.0028418
0.00282845
0
0.00308933
0
0.00407595
0
0
0.00858715
0
0.0102865
0.0384529
0.00784126
0
0
0.00534255
0.00288907
0
0
0
0.0052215
0.00257
0.00590716
0.0027317
0.0141315
0
0.00511873
0.0133902
0
0.00266163
0.00284199
0.00272241
0
0.00284199
0.00230871
0
0
0.0102609
0.00652223
0.0148206
0.00789774
0.0174125
0.00989893
0.00555028
0.00558889
0.00284199
0.00474374
0.00296202
0.00407861
0.00561649
0.00926215
0.00539767
0.00245767
0.00580246
0.0166631
0.00290051
0.00367422
0.0058454
0
0.161868
0.00265432
0.0024597
0.00247011
0.00307706
0.00803324
0.00407861
0.00557193
0.00306465
0.0275284
0.00614817
0.00547364
0.00246284
0.00355102
0.0354353
0.00287475
0.00584544
0.00584826
0.00257977
0.00273577
0
0.0177551
0.00543294
0.00314604
0.00848829
0.00282652
0
0.00249399
0.00249413
0.00288907
0
0.00248883
0.00875688
0.0061242
0.00246353
0.0029148
0
0.00245956
0.00266163
0.0026552
0
0
0.0027355
0.00247121
0.0026552
0
0
1.0295
0.00288625
0.00235093
0.00297213
0
0
0.0106305
0.003134
0.0151923
0.00548493
0.00273873
0
0
0.0471473
0
0.00542782
0.00288378
0.00276188
0.00779999
0.002611
0.00463108
0
0.00270161
0
0
0.00288907
0.00276188
0.00420624
0.00265525
0.00632102
0.00783939
0.00565121
0.00951742
0.00288989
0.0208875
0
0.00792013
0.00259931
0.00545604
0.00559865
0.00305991
0.00324261
0
0.00262369
0.0210924
0
0.00270065
0.00268344
0.00722116
0
0.00510786
0.00273482
0
0.0103793
0
0.00277865
0.00601161
0.0129896
0.00292546
0
0
0.00596556
0.00292168
0.00853889
0.00794637
0.00288625
0.00525067
0.027879
0.00274727
0.00562888
0
0.013536
0.0158581
0.00546879
0
0
0.00374146
0.00269358
0.771868
0.149375
0.00295364
0.00540098
0.00249801
0.0026453
0.00284404
0
0.0193286
0.00960628
0
0.0219093
0.00891007
0.005391
0.00565339
0.111405
0.00815838
0.00281169
0.0410377
0.0581766
0.0168055
0.00834666
0.22537
0.00290185
0.0131842
0.0386454
0.00291415
0.0026994
0.0638676
0.036325
0.00321248
0.00282943
0.0470172
0.00288707
0
0.00270031
0.0125416
0.00281173
0.00259743
0.00385699
0.00279444
0.0120692
0.0167614
0.00534992
0.0167611
0.00297965
0.00270918
0.00961876
0.00554139
0.00267199
0.0027342
0.0206747
0.00276386
0.00273921
0.0026994
0.00298046
0.00791274
0.00276386
0.00530933
0.00546451
0.00547499
0.0293576
0.00291469
0
0.0142091
0.00845627
0.00509533
0.00494522
0.0126556
0.428511
0.00244153
0.00282845
0.00525269
0.00261688
0.00877216
0.0302051
0.00385698
0.00805516
0.00519718
0.0194615
0.00776289
0.00526946
0.00355548
0.00296693
0
0.00378906
0.00270285
0.130529
0.00307009
0.00267121
0.00530696
0.0133771
0.0173153
0.00281473
0.00594375
0.00545346
0.0325933
0.0239042
0.00536639
0.0255156
0.0106014
0.027928
0
0.0161599
0
0.00302627
0.00297881
0
0.0048019
0.00585001
0.00275577
0.00271382
0.002735
0.00295672
0.00242083
0.002904
0
0.002735
0.0133697
0
0.00512531
0.0530035
0.00298835
0.0216204
0.00782671
0.00246353
0.00272004
0.0153492
0.575657
0.982761
0.00832799
0.0199143
0.0281182
0.0036785
0.0142439
0.00274463
0
0.00358742
0.0027587
0.00342573
0.00863205
0.156386
0
0.00272963
0.00270941
0.0109575
0.0374672
0.00565328
0.0085468
0.0267934
0.00272071
0.0074299
0.00284032
0.0139722
0.00563149
0.00482242
0.00262168
0.00268451
0
0.00300007
0.00563808
0.00308884
0.00300007
0.00680176
0.00822907
0
0.010801
0.00573508
0.0126318
0.209049
1
0.00257196
0.00297736
0.00744339
0.0138667
0.0108968
0.00297736
0.00257196
0.00496226
0
0.0100489
0.00300301
0.00269607
0.0250099
0.00298431
0.00296254
0.0173316
0.00450011
0
0
0.00300007
0.00822689
0.00286115
0
0.0243389
0.00275577
0.00275499
0.00275577
0.00528617
0.00268092
0.00246353
0.0128654
0.0054428
0
0.197405
0.132756
0.00284449
0.00311732
0.0114957
0.00263141
0.00275012
0.00534082
0.00394712
0.00290993
0
0.00410589
0.0246353
0.134096
0.0198229
0
0.00290993
0.0030291
0.00290993
0.00379556
