0.00506451
0.00383753
0.00449418
0.00774791
0.00693123
0.00693123
0.00393684
0.00393684
0.00393684
0.00774791
0.0137676
0.0137676
0.0137676
0.0137676
0.0137676
0.0137676
0.0137676
0.00972593
0.00972593
0.00972593
0.00864001
0.00518555
0.00323898
0.00632446
0.00508615
0.00508615
0.00432001
0.00259277
0.00161949
0.00232
0.00232
0.00232
0.00432001
0.00432001
0.00164601
0.0019991
0.0019991
0.0019991
0.00671795
0.00671795
0.00671795
0.00671795
0.00671795
0.00671795
0.00671795
0.00671795
0.00671795
0.0057104
0.0057104
0.0057104
0.0057104
0.00660441
0.00859874
0.00859874
0.00818002
0.00818002
0.00818002
0.00818002
0.0144018
0.00703594
0.00703594
0.00703594
0.00703594
0.00703594
0.00703594
0.00703594
0.00703594
0.00578953
0.00730712
0.00642429
0.00346913
0.00594304
0.00704721
0.00630439
0.00518009
0.00366308
0.00694835
0.0090645
0.00781072
0.00781072
0.00781072
0.00643116
0.0117955
0.00707298
0.00677525
0.00677525
0.0162641
0.0162641
0.0162641
0.00777887
0.00929765
0.00929765
0.00695892
0.00394626
0.00394626
0.00370351
0.0133819
0.0133819
0.0133819
0.0133819
0.0133819
0.0133819
0.0133819
0.0108584
0.0115932
0.0115932
0.0115932
0.0115932
0.0112937
0.0112937
0.0133224
0.0133224
0.0133224
0.0131463
0.0047816
0.0047816
0.0047816
0.0047816
0.00671515
0.00925825
0.0149731
0.0157164
0.0157164
0.0157164
0.0157164
0.0157164
0.00351319
0.00351319
0.00351319
0.00351319
0.00681714
0.0139557
0.0139557
0.0139557
0.0139557
0.0139557
0.0139557
0.0139557
0.0139557
0.0139557
0.00712496
0.00712496
0.00712496
0.00712496
0.00712496
0.00712496
0.00712496
0.00712496
0.00515012
0.0068706
0.0039024
0.00443777
0.00443777
0.00443777
0.00443777
0.00365395
0.00457015
0.00701977
0.00443777
0.00443777
0.00443777
0.00443777
0.00443777
0.00365395
0.00996736
0.00379777
0.004056
0.00996736
0.00996736
0.00996736
0.004056
0.00886026
0.00501483
0.00579934
0.00443888
0.00983011
0.0143887
0.0143887
0.0143887
0.0143887
0.0143887
0.0143887
0.0143887
0.00710742
0.00347323
0.00347323
0.00900104
0.00900104
0.00347323
0.00347323
0.00347323
0.00416527
0.00651293
0.00459188
0.00429583
0.00429583
0.00482736
0.00482736
0.00482736
0.00482736
0.00651293
0.0144312
0.0144312
0.0144312
0.0108175
0.0120893
0.0201429
0.012851
0.0084291
0.0084291
0.00694031
0.00694031
0.00694031
0.00694031
0.00694031
0.00694031
0.00149108
0.0132869
0.0132869
0.00396282
0.00396282
0.00396282
0.00396282
0.00865672
0.0168396
0.0168396
0.0113949
0.011176
0.011176
0.011176
0.011176
0.0065636
0.00372803
0.0065636
0.00372803
0.00814381
0.00689416
0.00689416
0.00689416
0.0073941
0.00460418
0.0077612
0.00332668
0.00873097
0.00546233
0.00546233
0.00327307
0.00327307
0.00327307
0.00332668
0.00389345
0.00598594
0.00766252
0.0151464
0.0101568
0.0137851
0.0137851
0.0109221
0.0136155
0.0136155
0.0136155
0.0107058
0.0107058
0.00922498
0.00759561
0.00759561
0.00746619
0.00746619
0.00379369
0.00379369
0.00379369
0.00355812
0.00355812
0.00355216
0.00746619
0.0176158
0.00946031
0.00946031
0.00405976
0.00185845
0.00211341
0.00232987
0.00330459
0.00211341
0.00327201
0.00182113
0.00437165
0.00405976
0.00405976
0.00240837
0.00240837
0.00240837
0.00405976
0.00171209
0.00360622
0.00360622
0.00360622
0.00211341
0.00405976
0.00160558
0.0016329
0.00126744
0.00211368
0.00211368
0.00117485
0.00117485
0.0011414
0.000802791
0.00081645
0.000725485
0.00081645
0.00081645
0.00081645
0.000913678
0.00109067
0.013476
0.013476
0.013476
0.013476
0.013476
0.013476
0.013476
0.013476
0.013476
0.00351032
0.00351032
0.00351032
0.00351032
0.00380804
0.00380804
0.00380804
0.00380804
0.00706438
0.00835058
0.00401247
0.00401247
0.00789675
0.00832369
0.00807072
0.00807072
0.00807072
0.0114253
0.0140435
0.0140435
0.010409
0.00727589
0.00789296
0.00748916
0.00888553
0.00888553
0.00888553
0.00888553
0.00888553
0.00888553
0.00888553
0.0118539
0.00528856
0.00528856
0.00375959
0.00375959
0.0038698
0.0026131
0.0026131
0.00204135
0.00204135
0.00204135
0.00196266
0.00196266
0.00155724
0.00233766
0.0026131
0.0026131
0.00175228
0.00175228
0.00175228
0.00233766
0.00233766
0.00175228
0.00132776
0.0026131
0.0026131
0.00175228
0.00175228
0.00175228
0.00233766
0.00233766
0.00175228
0.00132776
0.00674487
0.00674487
0.00674487
0.00674487
0.00674487
0.00674487
0.00674487
0.00674487
0.0161929
0.00842965
0.00842965
0.00842965
0.0156401
0.0168417
0.012879
0.012879
0.012879
0.00229701
0.00487843
0.00421664
0.00487843
0.00369946
0.00487843
0.0134303
0.0134303
0.0134303
0.0134303
0.0134303
0.0134303
0.0134303
0.0134303
0.00406984
0.00406984
0.00625712
0.00625712
0.0100014
0.00719319
0.00482358
0.00539072
0.00539072
0.00539072
0.0149528
0.00759302
0.00759302
0.0134996
0.0134996
0.0134996
0.0134996
0.0134996
0.0134996
0.0134996
0.0134996
0.00778996
0.0074215
0.0062784
0.0062784
0.00896739
0.0119631
0.00679064
0.00679064
0.00982964
0.00982964
0.00636225
0.00636225
0.00636225
0.014341
0.016952
0.016952
0.016952
0.00798188
0.00833264
0.0138962
0.0138962
0.00411215
0.00361606
0.00789923
0.00411215
0.00411215
0.00411215
0.0034874
0.00284396
0.00355556
0.00355556
0.00228596
0.00228596
0.00228596
0.0017437
0.00214329
0.00151111
0.00133756
0.0017475
0.0017475
0.00151111
0.00285387
0.0027149
0.0027149
0.00358294
0.00526811
0.00250109
0.00250109
0.00285387
0.0027149
0.0027149
0.00358294
0.00271321
0.00271321
0.00308735
0.00142693
0.00135745
0.00135745
0.00135745
0.0013566
0.0013566
0.00127102
0.00942247
0.00942247
0.00512718
0.00954719
0.00954719
0.00954719
0.00565808
0.00627842
0.00627842
0.00348975
0.00348975
0.00543771
0.00543771
0.00415737
0.0044975
0.0044975
0.0044975
0.0044975
0.0044975
0.00521944
0.00415737
0.00863946
0.00863946
0.00863946
0.00863946
0.00863946
0.00863946
0.00874616
0.00874616
0.00729719
0.0068038
0.0068038
0.0068038
0.0068038
0.00790675
0.00707333
0.00530208
0.00502218
0.00502218
0.00550509
0.0136521
0.00812863
0.0199756
0.0199756
0.0199756
0.0199756
0.0199756
0.0144778
0.0144778
0.0144778
0.0144778
0.0144778
0.0144778
0.0144778
0.0148584
0.0116074
0.0116074
0.0111599
0.00695523
0.00884167
0.00722711
0.00722711
0.00821859
0.0106593
0.00846375
0.00846375
0.0128508
0.0177602
0.0133382
0.0133382
0.0133382
0.0133382
0.0133382
0.0133382
0.0133382
0.0133382
0.0133382
0.0193552
0.0193552
0.0193552
0.0193552
0.0193552
0.0193552
0.0193552
0.00746859
0.00746859
0.0181657
0.00692149
0.00692149
0.0109026
0.00975561
0.00785022
0.00702275
0.00702275
0.00702275
0.0112739
0.0112739
0.0112739
0.0112739
0.0112739
0.0112739
0.00835682
0.00402136
0.00402136
0.00940101
0.00336969
0.00336969
0.00359881
0.00359881
0.0071371
0.00572332
0.00557548
0.0120244
0.00776667
0.00776667
0.00639488
0.00663077
0.00663077
0.00663077
0.00663077
0.00663077
0.00663077
0.00663077
0.00663077
0.00663077
0.00694007
0.0151605
0.0109529
0.0109529
0.00734199
0.00920519
0.00794266
0.00794266
0.00492786
0.004411
0.0055147
0.0055147
0.0037367
0.0037367
0.00540899
0.00492786
0.004411
0.00382494
0.00637879
0.00918843
0.00735861
0.00540899
0.00480704
0.00526926
0.00526926
0.00341054
0.00341054
0.00341054
0.00341054
0.00480704
0.00895106
0.00895106
0.00716852
0.00335558
0.00335558
0.00335558
0.00579174
0.00533562
0.00683262
0.0083785
0.00193058
0.00180767
0.0018107
0.00474428
0.00279892
0.00180767
0.0108231
0.0108231
0.0108231
0.0108231
0.0103791
0.0103791
0.0103791
0.0103791
0.0103791
0.00534406
0.00534406
0.00404683
0.00404683
0.00404683
0.00404683
0.00404683
0.00728411
0.00534406
0.00534406
0.00534406
0.00712932
0.00842734
0.00842734
0.00712932
0.00460488
0.00701352
0.00701352
0.00701352
0.00701352
0.00701352
0.00701352
0.00701352
0.00701352
0.00467539
0.00375996
0.00239443
0.00239443
0.00376816
0.00376816
0.00288419
0.00243773
0.00467539
0.00375996
0.00375996
0.00457603
0.00457603
0.00343014
0.00343014
0.00457603
0.00467539
0.00259751
0.00259912
0.00259912
0.00259912
0.00567773
0.00567773
0.00567773
0.00726907
0.00369353
0.00907661
0.0143716
0.0143716
0.00973382
0.000682882
0.00179225
0.00179225
0.00179225
0.00179225
0.00179225
0.000682882
0.00814169
0.00814169
0.00814169
0.00814169
0.00601461
0.00601461
0.00601461
0.00920244
0.00411235
0.00920244
0.00411235
0.0085459
0.0085459
0.0085459
0.0085459
0.00922725
0.00922725
0.00345912
0.00345912
0.00661078
0.00820235
0.00394703
0.00532406
0.00661078
0.00538198
0.00538198
0.00538198
0.00549935
0.00549935
0.00669231
0.00986902
0.0145108
0.0118019
0.0118019
0.0163357
0.0163357
0.0163357
0.00747806
0.00284511
0.00486867
0.00276876
0.00276876
0.00270657
0.0047652
0.0047652
0.0047652
0.00266334
0.00266334
0.00135328
0.00135328
0.00135328
0.0023826
0.0023826
0.0023826
0.00945395
0.00945395
0.00945395
0.00945395
0.00360819
0.00719438
0.00719438
0.00719438
0.00719438
0.00719438
0.00719438
0.00719438
0.00719438
0.00719438
0.00774461
0.00447502
0.00447502
0.00447502
0.00580397
0.00393271
0.00489918
0.00382723
0.00382723
0.0029196
0.0029109
0.0029109
0.0029109
0.00774828
0.00774828
0.00693156
0.00580672
0.00967499
0.00967499
0.00967499
0.00967499
0.00833829
0.00672033
0.00672033
0.00797951
0.00843809
0.00713841
0.00348138
0.00348138
0.00348722
0.00527198
0.00527198
0.0087461
0.0154519
0.0130719
0.0130719
0.0069636
0.0069636
0.00695194
0.0182456
0.0149512
0.0149512
0.0149512
0.0149512
0.0149512
0.0116514
0.00874679
0.00874679
0.00874679
0.0114276
0.0114276
0.0114276
0.0114276
0.00988169
0.00898028
0.00898028
0.00739414
0.00739414
0.00739414
0.00739414
0.0145655
0.0107602
0.0107602
0.0107602
0.0135807
0.0135807
0.0135807
0.0135807
0.0134439
0.0134439
0.0134439
0.00666196
0.00426058
0.00552585
0.00552585
0.00552585
0.00552585
0.00659627
0.00659627
0.00439413
0.00469695
0.00469695
0.00351394
0.00543173
0.00351394
0.00659627
0.00659627
0.00350205
0.00350205
0.00335464
0.00335464
0.00335464
0.00335464
0.00335464
0.00335464
0.00335464
0.00747834
0.00673742
0.00350205
0.00400917
0.00495238
0.00451796
0.00342339
0.00321081
0.00321081
0.00321081
0.00608727
0.00342339
0.00342339
0.0151376
0.0111827
0.014114
0.0134072
0.0134072
0.0134072
0.0134072
0.00383321
0.00383321
0.00342011
0.00707796
0.0111616
0.0111616
0.0111616
0.0111616
0.0111616
0.00775853
0.00254282
0.00527752
0.00527752
0.0045748
0.00274321
0.00395508
0.00247041
0.00254282
0.00254282
0.00773357
0.00402591
0.00402591
0.00629502
0.00629502
0.00629502
0.00713589
0.00713589
0.00714786
0.00714786
0.00714786
0.00815304
0.00445499
0.00445499
0.00445499
0.00445499
0.00815304
0.00367428
0.00360903
0.00360903
0.00360903
0.00760179
0.00760179
0.00760179
0.00391511
0.00999029
0.00962658
0.00962658
0.004911
0.00689687
0.00689687
0.00689687
0.00728111
0.00728111
0.00728111
0.00728111
0.00728111
0.00728111
0.00728111
0.00728111
0.00670936
0.00670936
0.0025564
0.00273023
0.00480686
0.00480686
0.00143499
0.00298207
0.00298207
0.00298207
0.00298207
0.00891552
0.0166014
0.0166014
0.0166014
0.00632545
0.00398821
0.00398821
0.00398821
0.00398821
0.00702167
0.00830009
0.00830009
0.00370626
0.00370626
0.00910789
0.00347029
0.00347029
0.00370626
0.00370626
0.00569814
0.00569814
0.00569814
0.0144724
0.0144724
0.0144724
0.0144724
0.0144724
0.0144724
0.0144724
0.0144724
0.0144724
0.0134562
0.0134562
0.0134562
0.0134562
0.0134562
0.0134562
0.0134562
0.0134562
0.0134562
0.00747469
0.00747469
0.00747469
0.00747469
0.00747469
0.00747469
0.00747469
0.00747469
0.00747469
0.00747469
0.0142204
0.0105401
0.00943461
0.00943461
0.0122954
0.0157392
0.00830858
0.00830858
0.00830858
0.0152971
0.0152971
0.0152971
0.0152971
0.0152971
0.00700264
0.0172085
0.0139172
0.00815612
0.00815612
0.00815612
0.00672681
0.00671555
0.00671555
0.00575683
0.00575683
0.00294731
0.00294731
0.00294731
0.0135356
0.0135356
0.0135356
0.0135356
0.0135356
0.0135356
0.0090093
0.0104568
0.0104568
0.0104568
0.0104568
0.0104568
0.0114623
0.00809667
0.00809667
0.00809667
0.00809667
0.00809667
0.0168205
0.0168205
0.00640897
0.00903323
0.00903323
0.00370441
0.00809221
0.00809221
0.00809221
0.0133869
0.00637945
0.00637945
0.00637945
0.00362344
0.00362344
0.00754095
0.00754095
0.00754095
0.00754095
0.00754095
0.00925142
0.00925142
0.00925142
0.0140803
0.00736758
0.00736758
0.00736758
0.00736758
0.0155185
0.0155185
0.0155185
0.00751596
0.00751596
0.00381898
0.00381898
0.00381898
0.00381898
0.00381898
0.00351822
0.00751596
0.0129825
0.00952472
0.00952472
0.0125445
0.00712509
0.0165311
0.0165311
0.00887782
0.00414718
0.00414718
0.00414718
0.00223949
0.00285108
0.00111974
0.00142554
0.00111974
0.00142554
0.00113999
0.00216127
0.00216127
0.0103211
0.0103211
0.0103211
0.0137691
0.00782064
0.00782064
0.00889355
0.00900447
0.00688582
0.00391589
0.00391589
0.0068066
0.00435308
0.00382793
0.00836205
0.0136483
0.0136483
0.0136483
0.00182109
0.00323816
0.00323816
0.00320623
0.00320623
0.00167768
0.00182109
0.00323816
0.00323816
0.00320623
0.00207093
0.00167768
0.0144372
0.0144372
0.0144372
0.0144372
0.0144372
0.0144372
0.0144372
0.0144372
0.0144372
0.0102532
0.0119446
0.0182754
0.0182754
0.00776432
0.00909854
0.0134012
0.0133192
0.0133192
0.0104049
0.0161775
0.0130385
0.00729929
0.00548239
0.00719689
0.00434352
0.00652989
0.00370889
0.0110827
0.0110827
0.0132002
0.0132002
0.00428107
0.00937041
0.00937041
0.00852113
0.00682428
0.0143198
0.0178806
0.0178806
0.0178806
0.0121757
0.0121757
0.0121757
0.0121757
0.0121757
0.0053554
0.0053554
0.00370199
0.00808692
0.00808692
0.00748508
0.0100218
0.0100218
0.0115896
0.0115896
0.00798906
0.0122128
0.01245
0.01245
0.0157134
0.00898602
0.0117401
0.0117401
0.010152
0.010152
0.010152
0.00211812
0.00211812
0.00211812
0.00211812
0.00260428
0.00198387
0.00198387
0.00198387
0.00211812
0.0014108
0.00315704
0.00315704
0.0014108
0.0014108
0.0014108
0.00315704
0.00315704
0.00315704
0.00264134
0.00264134
0.00264134
0.00329814
0.0013421
0.0013421
0.0029318
0.0029318
0.0029318
0.00638745
0.00638745
0.00638745
0.00638745
0.00638745
0.00638745
0.00638745
0.00638745
0.00191346
0.00176471
0.00127317
0.00212325
0.00212325
0.00127317
0.00130828
0.00130828
0.00130828
0.00130828
0.00191346
0.00176471
0.00164029
0.00156027
0.00221303
0.00221303
0.00116534
0.00116534
0.00116534
0.00116534
0.00191346
0.00196419
0.00127317
0.00212325
0.00212325
0.00127317
0.00130828
0.00130828
0.00130828
0.00130828
0.0061837
0.0061837
0.00791567
0.00786671
0.00614545
0.00614545
0.00693315
0.00693315
0.00693315
0.00693315
0.00693315
0.00693315
0.00693315
0.00794798
0.00640576
0.00640576
0.0137636
0.0137636
0.0137636
0.0137636
0.0137636
0.0137636
0.0137636
0.00241459
0.00226227
0.00318859
0.00318859
0.00318859
0.00241459
0.00226227
0.0059374
0.0104352
0.00625287
0.00625287
0.00625287
0.00625287
0.00634607
0.009826
0.009826
0.009826
0.00677336
0.0070962
0.0070962
0.0070962
0.0070962
0.0070962
0.0070962
0.0070962
0.0070962
0.0100624
0.0100624
0.0187369
0.0187369
0.0187369
0.00713915
0.00713915
0.00638723
0.00638723
0.00638723
0.00638723
0.00638723
0.00638723
0.00638723
0.00638723
0.00638723
0.00607078
0.00607078
0.00389441
0.00605733
0.00410438
0.00825051
0.00825051
0.0138087
0.0138087
0.0138087
0.00730583
0.00730583
0.00730583
0.00730583
0.00730583
0.00730583
0.00730583
0.00730583
0.00639446
0.00639446
0.00639446
0.00681359
0.00681359
0.0100556
0.0134179
0.0134179
0.0134179
0.0151723
0.00603377
0.00603377
0.00495773
0.00452284
0.00603377
0.00603377
0.00603377
0.00603377
0.00335826
0.00335826
0.00335826
0.00806157
0.00806157
0.00806157
0.00806157
0.0125699
0.00713951
0.00713951
0.00895053
0.00668496
0.00668496
0.0143793
0.0143793
0.0143793
0.0143793
0.0143793
0.0143793
0.0143793
0.0143793
0.0143793
0.0128542
0.00730102
0.00730102
0.00730102
0.00830263
0.00683618
0.00683618
0.00683618
0.00408714
0.00464785
0.00408714
0.0100439
0.00464785
0.00382692
0.00882878
0.00882878
0.00882878
0.0163482
0.013176
0.00987661
0.020143
0.020143
0.020143
0.020143
0.020143
0.020143
0.0161317
0.0101827
0.0101827
0.00762347
0.00762347
0.00762347
0.00762347
0.00762347
0.00762347
0.00762347
0.00762347
0.00794802
0.00716057
0.00716057
0.00716057
0.00559382
0.00559382
0.00574214
0.00706011
0.00559382
0.00237271
0.00288169
0.00237271
0.00237271
0.00288169
0.00253247
0.00253247
0.00334426
0.00622725
0.00126702
0.00126702
0.00223073
0.00167213
0.00311363
0.00126702
0.00276779
0.00276779
0.00311363
0.0136448
0.0136448
0.00863378
0.00699078
0.00699078
0.00955377
0.00955377
0.00955377
0.00737229
0.0134524
0.0149317
0.00777309
0.00777309
0.00777309
0.0103274
0.0103274
0.0103274
0.0103274
0.0040805
0.00538124
0.00478873
0.00803564
0.00647029
0.00647029
0.00647029
0.00647029
0.00647029
0.00647029
0.00647029
0.00647029
0.00499123
0.00430086
0.00430086
0.00377966
0.00557809
0.00557809
0.00557809
0.00557809
0.0074432
0.00499123
0.00665863
0.00645212
0.00386891
0.00557809
0.00557809
0.00557809
0.00557809
0.0074432
0.00475208
0.00598478
0.00598478
0.0110063
0.0110063
0.0071203
0.0071203
0.0071203
0.0119007
0.0119007
0.0119007
0.00892064
0.00977839
0.00675523
0.00198015
0.00198015
0.00198015
0.00172915
0.00245688
0.00773886
0.00773886
0.00393224
0.00297048
0.00297048
0.00297048
0.00396282
0.00236604
0.00331974
0.00331974
0.00207356
0.00332711
0.00297048
0.00297048
0.00297048
0.00396282
0.00355226
0.00355226
0.00355226
0.00400228
0.00296647
0.00400228
0.00297048
0.00297048
0.00297048
0.00396282
0.00236604
0.00331974
0.00331974
0.00207356
0.00296647
0.00400228
0.0139301
0.0139301
0.0139301
0.0139301
0.0139301
0.0139301
0.0139301
0.0139301
0.0139301
0.013993
0.0044156
0.0044156
0.0044156
0.0044156
0.00329792
0.00329792
0.00329792
0.00329792
0.00633579
0.00633579
0.00633579
0.00633579
0.00633579
0.00412485
0.00509526
0.00509526
0.00509526
0.00785134
0.00938325
0.0144127
0.0188473
0.0175026
0.00801226
0.00801226
0.0141064
0.0141064
0.00931011
0.0140477
0.007202
0.007202
0.007202
0.007202
0.007202
0.007202
0.007202
0.007202
0.00403719
0.00403719
0.00881918
0.00424385
0.00424385
0.00403719
0.00378016
0.00717869
0.00717869
0.00726225
0.00403468
0.0037865
0.0037865
0.00378016
0.00394477
0.00394477
0.00394477
0.00701435
0.00701435
0.00701435
0.00394232
0.00394232
0.00776352
0.010188
0.010188
0.0111677
0.0111677
0.00722829
0.00722829
0.00722829
0.00722829
0.00902243
0.00902243
0.00564578
0.00564578
0.00564578
0.00442848
0.00685621
0.00810451
0.00700508
0.00552172
0.00552172
0.00820928
0.003758
0.003758
0.003758
0.00782099
0.00820928
0.00820928
0.0059309
0.0059309
0.00668225
0.00559531
0.00448104
0.00448104
0.00388438
0.00232921
0.00223116
0.00258925
0.00404863
0.00227547
0.0021355
0.00227547
0.00409575
0.00258925
0.00404863
0.00404863
0.00300083
0.00227547
0.00409575
0.0045739
0.00346579
0.00346579
0.00546972
0.00346579
0.00346579
0.00324513
0.00324513
0.0045739
0.0045739
0.00406479
0.00406479
0.00406479
0.00406479
0.00324513
0.00324513
0.00562028
0.00562028
0.00562028
0.00562028
0.00350191
0.00350191
0.00350191
0.00350191
0.0104343
0.0104343
0.0104343
0.0104343
0.0141346
0.0141346
0.0141346
0.0141346
0.0141346
0.0141346
0.0141346
0.00815023
0.00815023
0.00815023
0.00764889
0.00764889
0.00764889
0.00764889
0.0127347
0.0127347
0.0127347
0.00724117
0.00724117
0.00395673
0.00395673
0.00325787
0.00325787
0.00724117
0.00320538
0.00320538
0.00320538
0.00855038
0.00347939
0.0101993
0.0101993
0.0101993
0.0101993
0.0101993
0.01118
0.00768995
0.00609284
0.00609284
0.00545985
0.00403342
0.00403342
0.00403342
0.00403342
0.00403342
0.00545985
0.00387794
0.00403342
0.00403342
0.00403342
0.00403342
0.00471918
0.00275776
0.0061712
0.00275776
0.00275776
0.00573091
0.00573091
0.00573091
0.00250804
0.00250804
0.00547877
0.00521963
0.00521963
0.00362821
0.00362821
0.00250804
0.00250804
0.00547877
0.00521963
0.00521963
0.00325018
0.00362821
0.00250804
0.00250804
0.00547877
0.00521963
0.00521963
0.00362821
0.00362821
0.00958995
0.00852477
0.00852477
0.00342211
0.00342211
0.00537372
0.00435027
0.00489572
0.00371465
0.00371465
0.00654004
0.00490233
0.00386539
0.00285552
0.00274545
0.00173907
0.00244786
0.00211213
0.00211213
0.00211213
0.00185617
0.00386539
0.00285552
0.00274545
0.00173907
0.00244786
0.00211213
0.00268686
0.00217513
0.0031686
0.00890774
0.00890774
0.00890774
0.00635619
0.00635619
0.00635619
0.00635619
0.00635619
0.00635619
0.00635619
0.00635619
0.0133828
0.0133828
0.0133828
0.0133828
0.0133828
0.00945762
0.00945762
0.00945762
0.0158555
0.0102916
0.008254
0.008254
0.00551291
0.00483311
0.00365463
0.00381523
0.00670881
0.00656625
0.00656625
0.00733993
0.0149284
0.0156696
0.0156696
0.00717313
0.0126291
0.0126291
0.00681994
0.00681994
0.00681994
0.00681994
0.00681994
0.00681994
0.00681994
0.00681994
0.00681994
0.0141777
0.0141777
0.0141777
0.0141777
0.0141777
0.0141777
0.0141777
0.0141777
0.0141777
0.0142107
0.0142107
0.0142107
0.0142107
0.0142107
0.0142107
0.0142107
0.0142107
0.00971301
0.00971301
0.00971301
0.00971301
0.00971301
0.0116153
0.0116153
0.0130317
0.0130317
0.00675167
0.00675167
0.00675167
0.0112677
0.0144236
0.0144236
0.00746077
0.00560367
0.0073561
0.0073561
0.0073561
0.00289264
0.00434287
0.00423069
0.00356604
0.00356604
0.00356604
0.00533967
0.00533967
0.00128829
0.00130469
0.00234727
0.0014075
0.00161132
0.0024224
0.0024224
0.00144632
0.00323651
0.00144632
0.0014075
0.002475
0.00134826
0.00266984
0.00266984
0.00128829
0.00130469
0.00162316
0.0015268
0.00162316
0.0024224
0.0024224
0.00744627
0.00744627
0.0105582
0.00729671
0.00964963
0.00964963
0.00782743
0.0162662
0.0162662
0.017553
0.00731217
0.00731217
0.00967007
0.00967007
0.0146857
0.00731982
0.00731982
0.00731982
0.00731982
0.00731982
0.00731982
0.00731982
0.00731982
0.00731982
0.00794042
0.00893258
0.00893258
0.00893258
0.00893258
0.00893258
0.00794042
0.00536115
0.00536115
0.00536115
0.00536115
0.00536115
0.00761174
0.0100662
0.0100662
0.0100662
0.0100662
0.0169685
0.0169685
0.00776945
0.00776945
0.00862386
0.00862386
0.00970142
0.00394533
0.00970142
0.00781608
0.00867562
0.00867562
0.00934213
0.00587054
0.014129
0.014129
0.014129
0.014129
0.014129
0.014129
0.014129
0.0140324
0.00740159
0.00740159
0.0114411
0.00989342
0.00989342
0.00750337
0.00750337
0.00634766
0.00475813
0.00475813
0.00750337
0.00554305
0.00554305
0.00532939
0.00422851
0.00532939
0.013603
0.013603
0.00659237
0.00659237
0.00659237
0.00659237
0.00659237
0.00659237
0.00659237
0.0145279
0.0145279
0.0152491
0.0152491
0.0152491
0.0152491
0.00511563
0.00318541
0.00318541
0.00318541
0.00318541
0.00318541
0.00318541
0.00318541
0.00483761
0.00511563
0.00578213
0.00578213
0.00578213
0.00578213
0.0024087
0.0024087
0.0024087
0.0024087
0.00251455
0.00251455
0.00251455
0.0024087
0.0024087
0.0024087
0.0024087
0.0024087
0.0024087
0.00292522
0.00355978
0.00355978
0.00202441
0.00202441
0.00261167
0.00261167
0.00286279
0.00182309
0.00202441
0.00202441
0.017894
0.017894
0.00681796
0.00681796
0.00960969
0.0173104
0.00801045
0.00801045
0.00801045
0.00770778
0.0060213
0.0060213
0.00459334
0.0101534
0.0101534
0.00874897
0.00874897
0.00874897
0.00720368
0.00720368
0.00720368
0.00463949
0.00463949
0.0050856
0.00518499
0.00518499
0.00518499
0.00518499
0.00518499
0.00463949
0.00463949
0.0050856
0.00632377
0.00632377
0.00632377
0.00369543
0.00369543
0.00922165
0.00922165
0.00922165
0.00759287
0.00759287
0.00759287
0.0135545
0.000346505
0.00888782
0.0165498
0.0165498
0.013254
0.0062042
0.0062042
0.010354
0.00995488
0.00995488
0.00789853
0.00846251
0.00846251
0.00846251
0.00762409
0.00510217
0.00510217
0.00439645
0.00439645
0.00439645
0.00439645
0.00439645
0.00439645
0.00510217
0.00510217
0.00680663
0.00610146
0.00501005
0.00378842
0.00501005
0.00594385
0.00913836
0.00913836
0.00913836
0.00913836
0.00388385
0.00388385
0.0084842
0.00954431
0.0070316
0.00333833
0.00524216
0.00478232
0.00791592
0.00791592
0.00791592
0.00713165
0.00251384
0.00251384
0.00251384
0.00251384
0.00263864
0.00263864
0.00263864
0.00237722
0.00234387
0.00178549
0.00234387
0.00178549
0.00185708
0.00263864
0.00263864
0.00237722
0.00185708
0.00190632
0.00156532
0.00156532
0.00156532
0.00263864
0.00263864
0.00237722
0.0156971
0.0156971
0.0156971
0.0156971
0.00734779
0.0122625
0.00753576
0.00753576
0.00753576
0.00753576
0.00753576
0.00753576
0.00753576
0.00753576
0.0150871
0.00710378
0.00741595
0.00741595
0.0170528
0.0170528
0.0170528
0.0170528
0.0138783
0.0138783
0.0138783
0.0138783
0.0138783
0.0138783
0.0138783
0.0138783
0.0100669
0.0100669
0.0100669
0.0035999
0.00360594
0.00360594
0.00360594
0.00567052
0.00676897
0.00676897
0.00676897
0.00676897
0.00694756
0.00694756
0.00394612
0.00862022
0.00862022
0.00862022
0.00394612
0.00394612
0.00694756
0.00363535
0.0046553
0.00437892
0.00437892
0.00370108
0.00370108
0.00370108
0.00665841
0.00665841
0.00665841
0.00665841
0.00665841
0.00665841
0.00665841
0.00711948
0.00711948
0.00711948
0.00711948
0.00711948
0.00711948
0.00711948
0.00711948
0.0133804
0.0133804
0.0133804
0.0133804
0.0134099
0.00876704
0.00876704
0.015061
0.00724747
0.00724747
0.0162181
0.0162181
0.0124021
0.00807428
0.00761581
0.00845332
0.00845332
0.00845332
0.0100024
0.0086189
0.0086189
0.0086189
0.00709659
0.0150383
0.0150383
0.0100844
0.00803484
0.00803484
0.00803484
0.00408263
0.00408263
0.00408263
0.00718791
0.00718791
0.00845799
0.00845799
0.00845799
0.00681681
0.00681681
0.0091055
0.0091055
0.00737049
0.00737049
0.00773641
0.00623524
0.0141355
0.0141355
0.0141355
0.0141355
0.0148373
0.00548525
0.00604705
0.00683938
0.00683938
0.00636575
0.00592675
0.00302353
0.00341969
0.00341969
0.00467989
0.00754155
0.00754155
0.0109125
0.0101568
0.0101568
0.0101568
0.00709003
0.00709003
0.00709003
0.00661813
0.00661813
0.00661813
0.00661813
0.00661813
0.00661813
0.00661813
0.00912188
0.00912188
0.00912188
0.00999899
0.0130916
0.0133758
0.00870817
0.00981327
0.00981327
0.00718223
0.00718223
0.00718223
0.0149254
0.00776983
0.00682824
0.0167904
0.0155624
0.0155624
0.0155624
0.0155624
0.0155624
0.0155624
0.0155624
0.0131654
0.00412882
0.00362846
0.00362846
0.00362846
0.00362846
0.00892227
0.00892227
0.00639228
0.00639228
0.00334479
0.00334479
0.00704521
0.00704521
0.00573003
0.00570742
0.00481077
0.00481077
0.00481077
0.00810943
0.0176781
0.0176781
0.0106336
0.00949379
0.012903
0.012903
0.0115662
0.0115662
0.0115662
0.0115662
0.00570722
0.00570722
0.00570722
0.00796437
0.00712487
0.00712487
0.00235437
0.0016732
0.00258638
0.00252955
0.0018753
0.00235437
0.0016732
0.00258638
0.0016704
0.0016704
0.00438401
0.00235437
0.0016732
0.00258638
0.0016704
0.0016704
0.00438401
0.00371274
0.00419646
0.00174815
0.00304347
0.0016704
0.00438401
0.0056058
0.0056058
0.0056058
0.00373383
0.00373383
0.00373383
0.0028029
0.0028029
0.00302987
0.00302987
0.00166572
0.00256922
0.00234385
0.00261943
0.00261943
0.00261943
0.00166572
0.00256922
0.00569305
0.00569305
0.005844
0.005844
0.00468024
0.00468024
0.00468024
0.00468024
0.00468024
0.00468024
0.00468024
0.00468024
0.00468024
0.00697943
0.00871496
0.00545231
0.00372789
0.00372789
0.00354636
0.0110555
0.00969224
0.00969224
0.00732893
0.0106049
0.0106049
0.00786199
0.00786199
0.00389053
0.00456295
0.00598146
0.00765678
0.00765678
0.00765678
0.00765678
0.00765678
0.00358414
0.00358414
0.00513445
0.00513445
0.0068497
0.0068497
0.0068497
0.0068497
0.0144283
0.00699927
0.00699927
0.00699927
0.00699927
0.00699927
0.00699927
0.00699927
0.00699927
0.00713584
0.00713584
0.0081148
0.0081148
0.00669273
0.00668152
0.00668152
0.0091124
0.00800811
0.00800811
0.00889196
0.011362
0.00819721
0.00759842
0.00759842
0.0126463
0.00700921
0.00700921
0.00372767
0.00372767
0.00372767
0.00372767
0.010144
0.0135328
0.0135328
0.0135328
0.0121308
0.00753205
0.00623789
0.00623789
0.00623789
0.00681057
0.00681057
0.00681057
0.00681057
0.00681057
0.00681057
0.00681057
0.00681057
0.00681057
0.00748916
0.00748916
0.00380536
0.00380536
0.00748916
0.0127176
0.00953297
0.00514339
0.00729276
0.00443373
0.00384465
0.00384465
0.00532898
0.00346232
0.00729276
0.00739653
0.0129498
0.00843084
0.00948794
0.00948794
0.00948794
0.00844324
0.0106178
0.00950075
0.0146623
0.0146623
0.0146623
0.0146623
0.0146623
0.0146623
0.0146623
0.00715655
0.00648625
0.00648625
0.00648625
0.00648625
0.00648625
0.00648625
0.00648625
0.00701079
0.00701079
0.00701079
0.00701079
0.00701079
0.00701079
0.00701079
0.00701079
0.00646906
0.00646906
0.00646906
0.00646906
0.00646906
0.00646906
0.00646906
0.00646906
0.0136275
0.0136275
0.0136275
0.00358459
0.00182139
0.00320675
0.00358459
0.00170829
0.00323868
0.0098286
0.0098286
0.0098286
0.0098286
0.0098286
0.0098286
0.0098286
0.00779381
0.00779381
0.00522634
0.00675604
0.00675604
0.00675604
0.00388062
0.00513198
0.00416287
0.00664594
0.00664594
0.00664594
0.00664594
0.00664594
0.00664594
0.00664594
0.01025
0.01025
0.01025
0.0136741
0.0136741
0.0136741
0.00776671
0.00727223
0.00709651
0.00554377
0.00554377
0.00569077
0.00964748
0.00964748
0.00964748
0.00749853
0.00390355
0.00585608
0.00402591
0.00321409
0.00843548
0.00843548
0.00843548
0.00843548
0.00238128
0.0010541
0.00134985
0.00134197
0.00107136
0.00281183
0.00281183
0.00281183
0.00281183
0.00249951
0.00107136
0.00126971
0.00134197
0.00107136
0.00281183
0.00281183
0.00281183
0.00281183
0.00238128
0.00238128
0.00238128
0.0016224
0.0016224
0.0011705
0.0011705
0.001085
0.0132596
0.00934804
0.00582855
0.0059831
0.0059831
0.00491287
0.0066746
0.00379108
0.00379108
0.00828154
0.00947667
0.00947667
0.00947667
0.00947667
0.0126425
0.00653362
0.00653362
0.004346
0.003711
0.0137479
0.0137479
0.0137479
0.0137479
1.47818e-05
1.47818e-05
1.47818e-05
1.47818e-05
0.00468928
0.00358594
0.00358594
0.00358594
0.00358594
0.00358594
0.00358594
0.00358594
0.00435472
0.00468928
0.00358594
0.00358594
0.00358594
0.00358594
0.00358594
0.0028266
0.0028266
0.0028266
0.00913109
0.0105246
0.0100112
0.0115774
0.0115774
0.00748972
0.00748972
0.00747718
0.0196241
0.00735671
0.00576918
0.00490378
0.00567092
0.00567092
0.00366868
0.00516222
0.00516222
0.00516222
0.00875263
0.00875263
0.00821849
0.00821849
0.00821849
0.00394654
0.00582438
0.00521162
0.00334536
0.00928926
0.00386969
0.00394654
0.00582438
0.00521162
0.0143205
0.0143205
0.0143205
0.0143205
0.0143205
0.0143205
0.0143205
0.0143205
0.0143205
0.0143205
0.00929967
0.00929967
0.00892215
0.00892215
0.00633204
0.00633204
0.00633204
0.0134614
0.00386466
0.00386466
0.00386466
0.00386466
0.00580222
0.00565234
0.00713398
0.00713398
0.00713398
0.00367647
0.00338693
0.00338693
0.00338693
0.00338693
0.00338693
0.00338693
0.00338693
0.00338693
0.00225155
0.00225155
0.00413317
0.00211674
0.00303234
0.00404534
0.00404534
0.00404534
0.00404534
0.00229769
0.00261291
0.00261291
0.00261291
0.00261291
0.00501927
0.00404534
0.00404534
0.00225155
0.00225155
0.00241531
0.00211674
0.00303234
0.00404534
0.00404534
0.00404534
0.00404534
0.00900994
0.00500299
0.00500299
0.00667432
0.00667432
0.00667432
0.00431099
0.00379092
0.00828119
0.00828119
0.00828119
0.0166341
0.0155095
0.00757911
0.00942916
0.00942916
0.00937415
0.00748386
0.0196416
0.0196416
0.0196416
0.00764172
0.00764172
0.00764172
0.00764172
0.00764172
0.00764172
0.00764172
0.00764172
0.00455323
0.00455323
0.00455323
0.00731228
0.00731228
0.00463696
0.00328545
0.00328545
0.00328545
0.00328545
0.00350079
0.00520028
0.0073216
0.00344738
0.00344738
0.00344738
0.0073216
0.0073216
0.00619389
0.00656652
0.00656652
0.00656652
0.00656652
0.00656652
0.00656652
0.00656652
0.00731914
0.00731914
0.00571769
0.00721646
0.00721646
0.00721646
0.00731914
0.00385082
0.00385082
0.00385082
0.00317067
0.00317067
0.00317067
0.00317067
0.00317067
0.00596187
0.00338626
0.00338626
0.00520617
0.00520617
0.00666435
0.00317067
0.00317067
0.0151736
0.0151736
0.0151736
0.00884209
0.00884209
0.00884209
0.0135815
0.0157131
0.0157131
0.00715945
0.0185541
0.0185541
0.0107535
0.0107535
0.0107535
0.0105469
0.00682307
0.00681165
0.0178774
0.0107298
0.0199796
0.0199796
0.00761264
0.00761264
0.00802048
0.00480774
0.00452231
0.00452231
0.00386444
0.00802048
0.011613
0.011613
0.0111654
0.00946952
0.00707259
0.00707259
0.00807246
0.00807246
0.0157907
0.0157907
0.0119745
0.0119745
0.0119745
0.014723
0.0109762
0.00822832
0.00822832
0.00822832
0.0074131
0.00679486
0.00679486
0.00679486
0.00679486
0.00679486
0.00679486
0.00679486
0.0102125
0.00724562
0.00724562
0.00724562
0.00724562
0.0142179
0.0142179
0.0142179
0.0142179
0.0142179
0.0142179
0.0142179
0.0142179
0.00978301
0.00675842
0.0099742
0.0099742
0.0099742
0.00623004
0.0101669
0.0101669
0.0111445
0.0111445
0.0111445
0.0111445
0.00716873
0.00702475
0.00733345
0.00839539
0.0101647
0.00753569
0.01566
0.01566
0.00435892
0.00435892
0.00435892
0.00292299
0.00292299
0.00292299
0.00292299
0.00221484
0.00435892
0.0013607
0.000729761
0.000525055
0.000944629
0.000944629
0.000944629
0.000648455
0.000648455
0.00108973
0.0013607
0.000729761
0.000525055
0.000944629
0.000944629
0.000801011
0.000510102
0.000553709
0.00108973
0.0013607
0.000729761
0.000525055
0.000944629
0.000944629
0.000944629
0.000648455
0.000648455
0.00108973
0.00754054
0.00754054
0.00754054
0.00754054
0.00754054
0.00995767
0.00767079
0.00767079
0.00374854
0.00438668
0.00466355
0.00374854
0.00767079
0.00451801
0.00524324
0.00524324
0.00524324
0.00838418
0.00838418
0.00471806
0.00471806
0.00471806
0.00724697
0.00377853
0.00584073
0.00584073
0.00584073
0.00584073
0.00505062
0.00716359
0.00716359
0.00716359
0.00530963
0.00530963
0.00530963
0.00584073
0.00584073
0.00584073
0.00505062
0.00672253
0.00672253
0.00448979
0.00448979
0.00448979
0.00318545
0.00448979
0.00448979
0.00448979
0.0147652
0.00749774
0.0108532
0.0108532
0.0108532
0.0123351
0.0123351
0.00917204
0.0136845
0.0136845
0.0136845
0.00808753
0.00758533
0.0117252
0.00897457
0.00897457
0.00897457
0.00629655
0.00629655
0.00629655
0.00629655
0.00629655
0.00629655
0.00629655
0.00651952
0.00651952
0.00651952
0.00494003
0.00561775
0.00325976
0.00325976
0.00421386
0.00247002
0.00280888
0.00574735
0.00530057
0.00344386
0.00637748
0.00664714
0.00664714
0.00350613
0.00414827
0.00441009
0.0073571
0.00529562
0.00382222
0.00382222
0.00326619
0.00326619
0.00317318
0.00317318
0.00317318
0.00317318
0.00358421
0.00358421
0.00303215
0.00172222
0.00172222
0.00423225
0.00423225
0.00158659
0.0016331
0.0016331
0.00249684
0.00161257
0.0025401
0.00158659
0.00772675
0.00772675
0.00772675
0.00772675
0.00772675
0.00772675
0.0088191
0.0088191
0.0088191
0.0088191
0.00358651
0.00783954
0.00643642
0.00643642
0.00643642
0.00643642
0.00643642
0.00643642
0.00643642
0.00643642
0.00643642
0.00679221
0.00679221
0.00679221
0.00679221
0.00679221
0.00679221
0.00679221
0.0151169
0.015332
0.015332
0.015332
0.0119773
0.0119773
0.0119773
0.0115156
0.00913688
0.00999718
0.00999718
0.00999718
0.00238673
0.00224504
0.00237281
0.00237281
0.00237281
0.00237281
0.00237281
0.00398165
0.00238673
0.00392579
0.00392579
0.00392579
0.00319293
0.00392579
0.00191845
0.00398165
0.00670694
0.00670694
0.00670694
0.00670694
0.00670694
0.00670694
0.00670694
0.00670694
0.00348357
0.00348357
0.00348357
0.00348357
0.00348357
0.0076098
0.00685586
0.00503943
0.00594298
0.00407965
0.0033033
0.00326178
0.00326178
0.00685586
0.00374158
0.00374158
0.00374158
0.00374158
0.00980345
0.00367513
0.00736561
0.00542593
0.00344784
0.00344784
0.00344784
0.0136961
0.0136961
0.0136961
0.0136961
0.0136961
0.0136961
0.0136961
0.0136961
0.00691787
0.00691787
0.00463896
0.00863808
0.00632305
0.00498412
0.00498412
0.00826854
0.00547776
0.0028031
0.00329258
0.00329258
0.00329258
0.0137147
0.0150966
0.0150966
0.0150966
0.0150966
0.0150966
0.0127714
0.0103405
0.0103405
0.0137949
0.0137949
0.0137949
0.0137949
0.00911115
0.0131938
0.0131938
0.0163702
0.0163702
0.00701676
0.00701676
0.00701676
0.00701676
0.0106124
0.0139312
0.0103859
0.00947488
0.00947488
0.00947488
0.00652528
0.00652528
0.00652528
0.00673973
0.00505203
0.00505203
0.00505203
0.00627786
0.00529159
0.00350309
0.00350309
0.00313384
0.00177998
0.00370442
0.00370442
0.0130691
0.00683845
0.00683845
0.00683845
0.00683845
0.00683845
0.00683845
0.00683845
0.00683845
0.00683845
0.0126967
0.00934547
0.00737726
0.00737726
0.00720707
0.0104324
0.00675242
0.00675242
0.0107811
0.00964685
0.00376439
0.00369108
0.00369108
0.00369108
0.00369108
0.00369108
0.00369108
0.00369108
0.00488131
0.00488131
0.00444368
0.00444368
0.00444368
0.00444368
0.00444368
0.00444368
0.00417986
0.00417986
0.00756365
0.00756365
0.00478989
0.00340296
0.00340296
0.00340296
0.00340296
0.00340296
0.00756365
0.005269
0.005269
0.00340296
0.00340296
0.00340296
0.00340296
0.00340296
0.0176775
0.0176775
0.0104063
0.0104063
0.00949343
0.00196596
0.00909986
0.00909986
0.00997485
0.00645624
0.00645624
0.00999137
0.00999137
0.00287337
0.00287337
0.00754126
0.00754126
0.00603947
0.00603947
0.00287337
0.00287337
0.00166333
0.00166333
0.00166333
0.00166333
0.00166333
0.00166333
0.00166333
0.00166333
0.00698603
0.00775428
0.00775428
0.00698603
0.0184075
0.00645459
0.00864208
0.00999403
0.00764955
0.0101898
0.00523914
0.00451447
0.00451447
0.00451447
0.0037171
0.0037171
0.00523914
0.00626524
0.00626524
0.00626524
0.00417306
0.00396985
0.00393435
0.00393435
0.00393435
0.00393435
0.00393435
0.00726161
0.00726161
0.00656087
0.00656087
0.00656087
0.00656087
0.0048629
0.00523177
0.00582317
0.0134587
0.0134587
0.0134587
0.0134587
0.0134587
0.0134587
0.0134587
0.00646853
0.00646853
0.00892072
0.0100351
0.0100351
0.0100351
0.0100351
0.0133874
0.0133874
0.0133874
0.0133874
0.00324499
0.00502441
0.00406461
0.00324499
0.00324499
0.00324499
0.0133598
0.0133598
0.0133598
0.0133598
0.0133598
0.0133598
0.0133598
0.0133598
0.00496025
0.00427416
0.00427416
0.00427416
0.00351924
0.00351924
0.00351924
0.00923635
0.00739699
0.00577851
0.00346253
0.00346253
0.00346253
0.00346253
0.0121834
0.00793186
0.00635235
0.00635235
0.00676872
0.00893845
0.00893845
0.00893845
0.0093082
0.0093082
0.0093082
0.0143639
0.0143639
0.00757644
0.00757644
0.00757644
0.00946031
0.00946031
0.00365067
0.00365067
0.0049891
0.00946089
0.00508084
0.00354671
0.00508084
0.00508084
0.00508084
0.00508084
0.0138714
0.00801521
0.00801521
0.00988426
0.00354056
0.00354056
0.00354056
0.00676642
0.00384323
0.00384323
0.0048181
0.00359854
0.00384323
0.00839546
0.00839546
0.00568097
0.00745757
0.00354056
0.00354056
0.00942114
0.0101221
0.0101221
0.0101221
0.0101221
0.0101221
0.0139176
0.0139176
0.0139176
0.0113195
0.0113195
0.0113195
0.0168716
0.0129019
0.0103758
0.0136597
0.0136597
0.0136597
0.00947967
0.00947967
0.00360062
0.00884829
0.00884829
0.00337654
0.00337654
0.00399495
0.00475116
0.00890082
0.00664388
0.00664388
0.00664388
0.00664388
0.00664388
0.00664388
0.00664388
0.00664388
0.00664388
0.0135089
0.0135089
0.0135089
0.0135089
0.00739006
0.00577309
0.00577309
0.00577309
0.00577309
0.004821
0.00360674
0.00360674
0.0036007
0.0036007
0.0036007
0.00463597
0.00463597
0.00691341
0.00540074
0.00540074
0.00328916
0.00463597
0.00463597
0.00681642
0.00681642
0.00681642
0.00333103
0.00699367
0.00699367
0.00699367
0.00699367
0.00699367
0.00699367
0.00699367
0.00699367
0.00645292
0.00924412
0.00924412
0.00662705
0.00467234
0.00540328
0.00349553
0.00349553
0.00349553
0.00349553
0.0142024
0.0142024
0.0142024
0.0142024
0.0142024
0.0142024
0.0142024
0.0142024
0.0142024
0.0089791
0.012098
0.012098
0.00638125
0.00638125
0.00638125
0.0067995
0.00626792
0.00852957
0.0016722
0.00223517
0.00209106
0.00209106
0.00234979
0.00258483
0.0016694
0.0016694
0.00292093
0.00233925
0.00292093
0.00233925
0.00118861
0.00111293
0.00111293
0.00111293
0.0011148
0.00149011
0.00139404
0.00139404
0.00156653
0.00139404
0.00131897
0.00131897
0.00131897
0.00156864
0.00233925
0.00292093
0.00233925
0.00118861
0.00111293
0.00111293
0.00111293
0.0005574
0.000745055
0.00069702
0.00069702
0.000783264
0.00105675
0.000556466
0.000556466
0.000675836
0.000675836
0.000675836
0.000675836
0.000594304
0.000556466
0.000556466
0.000556466
0.0005574
0.000745055
0.00069702
0.00069702
0.000783264
0.00069702
0.000659487
0.000659487
0.000659487
0.00104634
0.0005574
0.000745055
0.00069702
0.00069702
0.000783264
0.000556466
0.000556466
0.000556466
0.00657799
0.00657799
0.00566814
0.00813689
0.00669971
0.00669971
0.00669971
0.00669971
0.00796333
0.00712394
0.00712394
0.0138839
0.0104072
0.0114079
0.00739619
0.00739619
0.0073838
0.0073838
0.0073838
0.019379
0.006595
0.006595
0.006595
0.006595
0.006595
0.006595
0.006595
0.006595
0.013419
0.013419
0.013419
0.013419
0.013419
0.013419
0.013419
0.013419
0.013419
0.00692397
0.00692397
0.00540899
0.00540899
0.00540899
0.00540899
0.00730422
0.00730422
0.00390137
0.00390137
0.00390137
0.00526247
0.00893649
0.00893649
0.00893649
0.00893649
0.0189539
0.00789574
0.00789574
0.00789574
0.00789574
0.00943632
0.00742301
0.0076406
0.0076406
0.0136618
0.00694178
0.017059
0.00649982
0.00722547
0.00462097
0.00722547
0.00722547
0.00398189
0.00536273
0.00933144
0.00933144
0.00880095
0.00709322
0.0116392
0.0111906
0.0111906
0.00757051
0.0186041
0.0075775
0.00756481
0.0198541
0.0198541
0.0198541
0.00807919
0.00807919
0.00650495
0.00650495
0.00650495
0.00674435
0.0104901
0.0104901
0.00832943
0.00832943
0.010289
0.00804566
0.00408813
0.00408813
0.00408813
0.00631331
0.00631331
0.00631331
0.00631331
0.00631331
0.00631331
0.00631331
0.00631331
0.00625842
0.00625842
0.00625842
0.00625842
0.00625842
0.00625842
0.00801131
0.00801131
0.00801131
0.0103299
0.0103299
0.0103299
0.0103299
0.0103299
0.0103299
0.010744
0.0168051
0.0168051
0.00743893
0.00743893
0.00743893
0.00743893
0.00743893
0.00743893
0.00743893
0.0147461
0.0127456
0.0120879
0.0120879
0.0104358
0.0194323
0.0194323
0.0194323
0.00740409
0.014405
0.00928949
0.00928949
0.00928949
0.00659078
0.0145286
0.0145286
0.0145286
0.0145286
0.0145286
0.010131
0.010131
0.00604639
0.00486252
0.00486252
0.00486252
0.00486252
0.00443599
0.00495756
0.00495756
0.00604639
0.00486252
0.00486252
0.00486252
0.00309657
0.00487312
0.00487312
0.00487312
0.0042139
0.0122163
0.0122163
0.0122163
0.0122163
0.0109507
0.0100377
0.0171098
0.0130841
0.00744077
0.00744077
0.00851824
0.00681055
0.00681055
0.0178745
0.00508222
0.00439471
0.00508222
0.00508222
0.00328783
0.00328232
0.00328232
0.0135104
0.0118015
0.0118015
0.00872912
0.0188634
0.0188634
0.0068136
0.0068136
0.0068136
0.0068136
0.0068136
0.0068136
0.0068136
0.0068136
0.0068136
0.00700722
0.00700722
0.00700722
0.00700722
0.00700722
0.00700722
0.00700722
0.00700722
0.00700722
0.0129382
0.00961495
0.0118854
0.0118854
0.0118854
0.00767611
0.0201462
0.0018167
0.0018167
0.0018167
0.0029085
0.0029085
0.00484606
0.003881
0.001972
0.00484606
0.00484606
0.00484606
0.003881
0.010039
0.0051214
0.0051214
0.00726398
0.0046456
0.00408262
0.00539131
0.00772693
0.00603625
0.00603625
0.00772693
0.0141356
0.0141356
0.0141356
0.0141356
0.0141356
0.0141356
0.0141356
0.0138681
0.0138681
0.0138681
0.0138681
0.0138681
0.0138681
0.0138681
0.0138681
0.0134495
0.00352249
0.00352249
0.00352249
0.00352249
0.00329822
0.00400574
0.0136154
0.0136154
0.0136154
0.0136154
0.0136154
0.0136154
0.0136154
0.0136154
0.0101439
0.00900154
0.0138264
0.0138264
0.0138264
0.00807977
0.00807977
0.0087408
0.0087408
0.00946106
0.0126217
0.0126217
0.0126217
0.00716893
0.00716893
0.00671251
0.00360122
0.00360122
0.00682743
0.00383726
0.00353726
0.00745062
0.00902446
0.0120392
0.0120392
0.0120392
0.0120392
0.00683811
0.00749316
0.00749316
0.00749316
0.00749316
0.00749316
0.00749316
0.00749316
0.00749316
0.00761671
0.00761671
0.00761671
0.00761671
0.00761671
0.00761671
0.00761671
0.00761671
0.00632507
0.00632507
0.00632507
0.00632507
0.00632507
0.00632507
0.00632507
0.0090239
0.00460354
0.00532371
0.00532371
0.00366979
0.0090239
0.014059
0.014059
0.014059
0.014059
0.014059
0.014059
0.014059
0.014059
0.014059
0.0106071
0.0106071
0.0106071
0.0106071
0.0106071
0.00797909
0.00623324
0.00623324
0.00623324
0.00483931
0.00346708
0.0038756
0.0030276
0.00186734
0.00186734
0.00370082
0.00370082
0.00494675
0.00369462
0.00694708
0.014868
0.014868
0.014868
0.0156062
0.0156062
0.0156062
0.00359853
0.00786092
0.00786092
0.00786092
0.00786092
0.00786092
0.0040922
0.0040922
0.0040922
0.0040922
0.00474268
0.00474268
0.00731453
0.00768895
0.0130063
0.00686033
0.0104095
0.0104095
0.0138869
0.0124482
0.0124482
0.00738541
0.00738541
0.0166048
0.00891735
0.00891735
0.00687883
0.00687883
0.00687883
0.00687883
0.00687883
0.00687883
0.00687883
0.00687883
0.015569
0.00940583
0.00940583
0.0074808
0.00669227
0.00669227
0.0104834
0.0104834
0.0154141
0.0154141
0.0154141
0.0125366
0.0125366
0.0079436
0.00903338
0.0150299
0.0150299
0.0157761
0.0157761
0.0157761
0.0157761
0.0105499
0.0105499
0.0105499
0.0105499
0.00748503
0.00748503
0.0137385
0.0137385
0.0137385
0.0137385
0.0137385
0.0137385
0.0137385
0.0137385
0.018893
0.00844282
0.00844282
0.0113883
0.0113883
0.00753296
0.00752034
0.00723063
0.00966067
0.00605726
0.00410434
0.00410434
0.00731121
0.00586294
0.00586294
0.00720864
0.0063377
0.00435061
0.00537414
0.00716342
0.00716342
0.00363758
0.00765164
0.00368202
0.00823948
0.00616692
0.00616692
0.0132361
0.0132361
0.0132361
0.0132361
0.0132361
0.0132361
0.00609583
0.00378493
0.00453008
0.00362266
0.00386251
0.00509747
0.00609583
0.00609583
0.00453008
0.00362266
0.00386251
0.00509747
0.00682328
0.00412409
0.00440831
0.003298
0.003298
0.003298
0.00692037
0.00692037
0.00564697
0.00252349
0.00235239
0.00245577
0.00316816
0.00340388
0.00524409
0.00378865
0.00266139
0.00266139
0.00266139
0.00266139
0.00266139
0.00282348
0.00215915
0.00173639
0.00141602
0.00232912
0.00141174
0.00107957
0.000868197
0.00070801
0.000792039
0.00085097
0.00131102
0.000947163
0.00141174
0.000630873
0.00085097
0.000790971
0.000790971
0.00085097
0.00131102
0.000947163
0.00141174
0.00107957
0.000868197
0.00070801
0.000792039
0.00147484
0.00147484
0.0131083
0.00823812
0.00864712
0.00864712
0.00395843
0.00371263
0.00371263
0.00371263
0.00370641
0.00823812
0.00864712
0.00864712
0.00395843
0.00572638
0.00463576
0.00521702
0.00370641
0.0073672
0.00350506
0.00726384
0.00726384
0.00645844
0.00645844
0.00645844
0.00645844
0.0136036
0.0136036
0.0136036
0.0103628
0.00863976
0.00802336
0.0136507
0.0136507
0.0136507
0.0136507
0.0136507
0.0136507
0.0136507
0.00298107
0.00262144
0.00345959
0.00572648
0.00572648
0.00572648
0.00572648
0.00572648
0.00515913
0.00120749
0.00189612
0.0017298
0.00272781
0.00193318
0.00193318
0.00193318
0.00193318
0.00254338
0.00720242
0.00720242
0.00562651
0.00562651
0.00903734
0.00497464
0.00497464
0.00202432
0.00202432
0.00202432
0.00202432
0.00189544
0.00189544
0.00202306
0.00262332
0.00262332
0.00319479
0.00212794
0.00476182
0.00364142
0.00287033
0.00191956
0.00659017
0.00659017
0.00731489
0.00731489
0.00731489
0.00731489
0.00659017
0.00659017
0.0011722
0.0011722
0.0011722
0.00146369
0.00146369
0.00146369
0.0011722
0.0011722
0.0108204
0.0144351
0.0144351
0.0144351
0.0144351
0.0170633
0.00767694
0.00363568
0.00755533
0.00510114
0.00318626
0.00318626
0.00318626
0.00408021
0.00408021
0.00671129
0.00511247
0.00363568
0.00363568
0.00353811
0.00622151
0.00353811
0.00327965
0.00327965
0.00327965
0.00327965
0.00511247
0.00972065
0.00972065
0.00753104
0.00753104
0.00753104
0.00753104
0.00753104
0.00753104
0.00753104
0.00753104
0.0139272
0.0139272
0.00345625
0.0019971
0.0019971
0.00175508
0.00175508
0.00345625
0.0019971
0.0019971
0.00164436
0.00164436
0.00587878
0.00773438
0.00773438
0.00773438
0.00773438
0.00377961
0.00470221
0.00577865
0.00499694
0.00516917
0.00516917
0.00516917
0.00566621
0.00566621
0.00445418
0.00555378
0.0051622
0.0051622
0.00696468
0.00209675
0.00209675
0.00264263
0.00164697
0.00182884
0.00420537
0.00314755
0.00314755
0.0182781
0.0182781
0.00696434
0.00981601
0.00981601
0.00981601
0.0124418
0.0124418
0.0124418
0.0124418
0.0125657
0.0125657
0.0104983
0.0140054
0.0140054
0.0140054
0.0140054
0.0140054
0.0165554
0.0165554
0.0165554
0.0187123
0.0114205
0.0140418
0.00803005
0.0104911
0.00907195
0.00907195
0.0161975
0.0161975
0.0161975
0.00961584
0.00961584
0.0128282
0.0128282
0.0128282
0.0128282
0.0128282
0.0132342
0.0132342
0.0132342
0.00361274
0.00361274
0.00361274
0.00361274
0.00361274
0.00361274
0.00569383
0.0136696
0.0136696
0.00649546
0.00649546
0.00866537
0.00866537
0.00866537
0.00492181
0.0107516
0.0107516
0.00324773
0.00356001
0.00356001
0.00241148
0.0057888
0.00241148
0.00318909
0.00251745
0.0140486
0.00765296
0.00765296
0.0101208
0.00780982
0.00780982
0.00731259
0.00773011
0.00402411
0.00629221
0.00629221
0.00402411
0.00466657
0.00375097
0.00375097
0.00624286
0.0060816
0.0060816
0.0093408
0.00355904
0.00355904
0.00766024
0.00766024
0.00766024
0.00766024
0.00766024
0.00766024
0.00766024
0.00766024
0.0144972
0.0144972
0.0122643
0.00696592
0.00696592
0.00696592
0.00631977
0.00777032
0.00777032
0.00683152
0.00409641
0.00472406
0.00472406
0.00615652
0.0107261
0.0143093
0.0143093
0.0143093
0.0143093
0.0169146
0.0177543
0.00721199
0.00900534
0.0166101
0.0166101
0.00798119
0.00907612
0.00747305
0.00747305
0.00795775
0.00444099
0.0117715
0.00399728
0.00399728
0.00703764
0.00831897
0.00831897
0.00831897
0.00831897
0.00831897
0.00831897
0.00774506
0.00774506
0.00774506
0.00967096
0.00967096
0.00774506
0.00306685
0.00272149
0.00413212
0.00413212
0.00396449
0.00396449
0.00396449
0.00214084
0.00264265
0.00217955
0.00217955
0.00217955
0.00217955
0.00217955
0.00217955
0.00217955
0.00571071
0.00306685
0.00272149
0.00274148
0.00274148
0.00274148
0.00274148
0.00396449
0.00220359
0.00910506
0.016229
0.0124105
0.0124105
0.0124105
0.00998055
0.00696113
0.00696113
0.00696113
0.00696113
0.00696113
0.00696113
0.00696113
0.00696113
0.00346376
0.00384467
0.00384467
0.00384467
0.00346376
0.00346376
0.00366282
0.00366282
0.00366282
0.00309866
0.00175999
0.0144076
0.0144076
0.00753884
0.00753884
0.0158792
0.0158792
0.0158792
0.0158792
0.0158792
0.0125813
0.00961222
0.00961222
0.00961222
0.0138867
0.0138867
0.0138867
0.0138867
0.0138867
0.0138867
0.0138867
0.0138867
0.0138867
0.0101959
0.0101959
0.0101959
0.013602
0.013602
0.013602
0.013602
0.0160785
0.0037133
0.00371953
0.0037133
0.00574953
0.00574953
0.00574953
0.00574953
0.00574953
0.00574953
0.00574953
0.00574356
0.00574356
0.00363819
0.00364429
0.00388557
0.00388557
0.00388557
0.00764702
0.00455044
0.00357957
0.00431174
0.00458388
0.00441863
0.00441863
0.00764702
0.00627147
0.00627147
0.00627147
0.00470102
0.00328157
0.00328157
0.00328157
0.00333531
0.00333531
0.00333531
0.00333531
0.00333531
0.00333531
0.00328157
0.0143877
0.0143877
0.0143877
0.0134149
0.0134149
0.00636887
0.010001
0.0132804
0.0132804
0.0107945
0.0107945
0.0144005
0.0144005
0.0144005
0.0123856
0.00648084
0.00648084
0.00780644
0.0108157
0.0108157
0.0108157
0.0108157
0.0108157
0.0134152
0.0134152
0.0134152
0.0134152
0.0134152
0.0134152
0.0134152
0.0134152
0.00731555
0.00731555
0.00731555
0.00731555
0.00731555
0.00731555
0.00731555
0.00731555
0.0094517
0.00568426
0.00583499
0.00568426
0.00568426
0.00568426
0.00988734
0.00988734
0.0131904
0.0131904
0.0131904
0.0131904
0.0087739
0.0133217
0.00652017
0.00652017
0.00652017
0.00652017
0.00808993
0.00808993
0.00421142
0.00652017
0.00652017
0.00652017
0.00652017
0.00808993
0.00666174
0.00871145
0.00871145
0.00361642
0.00361642
0.00401577
0.00401577
0.00669703
0.00372242
0.00372242
0.00361642
0.0100117
0.0100117
0.00381466
0.00381466
0.00381466
0.00381466
0.00381466
0.00381466
0.00724384
0.0130324
0.0130324
0.0130324
0.0130324
0.00781469
0.0158983
0.00984481
0.00984481
0.0132285
0.00639392
0.00639392
0.006813
0.0052205
0.0052205
0.0052205
0.00397683
0.00397683
0.0052205
0.00529479
0.00293853
0.00293853
0.00293853
0.00293853
0.00293853
0.00293853
0.00264739
0.0107459
0.010956
0.0182545
0.0182545
0.00695533
0.00949118
0.0110569
0.0101974
0.0101974
0.0101974
0.0101974
0.0101974
0.00717929
0.00717929
0.00862965
0.00767113
0.00767113
0.00767113
0.00691112
0.00498908
0.00607592
0.0074705
0.00289434
0.00289434
0.00289434
0.00334713
0.00289434
0.00289434
0.00289434
0.00410521
0.00262544
0.00415299
0.00410521
0.00410521
0.00410521
0.00410521
0.00410521
0.00410521
0.00410521
0.00262544
0.00341269
0.00334713
0.00334713
0.00334713
0.00289434
0.00289434
0.00289434
0.00410521
0.00262544
0.00966826
0.00815375
0.0067136
0.0067136
0.00672486
0.00716564
0.00716564
0.00716564
0.0134791
0.0134791
0.0121473
0.0121473
0.0121473
0.0121473
0.0121473
0.0155496
0.0137454
0.0137454
0.0107379
0.00789651
0.00706416
0.00456279
0.00375689
0.00375689
0.00375689
0.00375689
0.00376319
0.0073243
0.014988
0.016873
0.00878366
0.00732422
0.00349046
0.00349046
0.00349046
0.00349046
0.00349046
0.00539544
0.00539544
0.00539544
0.00914548
0.00914548
0.00935776
0.0124839
0.0124839
0.0124839
0.0124839
0.0124839
0.0124839
0.0124839
0.00830396
0.00707923
0.00707923
0.00707923
0.00598885
0.00340158
0.00598885
0.00707923
0.0031337
0.00401291
0.00401291
0.00377467
0.00426443
0.00932994
0.00932994
0.00932994
0.00932994
0.00932994
0.00603882
0.00648458
0.00648458
0.00648458
0.00648458
0.00648458
0.00648458
0.00648458
0.00648458
0.00648458
0.00342148
0.00179031
0.00179031
0.00179031
0.00182268
0.00404443
0.00424522
0.00342148
0.00179031
0.00179031
0.00179031
0.00182268
0.00342148
0.00286625
0.0107901
0.0132667
0.0132667
0.0132667
0.0132667
0.0132667
0.0132667
0.00740496
0.00977256
0.00977256
0.00977256
0.00806856
0.00806856
0.00383874
0.00383874
0.00383874
0.00647404
0.00647404
0.00647404
0.00647404
0.00647404
0.00647404
0.00647404
0.00647404
0.00799989
0.00998917
0.00380608
0.00380608
0.00380608
0.00380608
0.00380608
0.00380608
0.00799989
0.013344
0.0141109
0.00414107
0.00414107
0.00440063
0.00328674
0.00440063
0.00862615
0.00943909
0.00590535
0.00590535
0.00590535
0.014039
0.00734599
0.00734599
0.00734599
0.00734599
0.00734599
0.00734599
0.00734599
0.00734599
0.00943817
0.00943817
0.0164783
0.0164783
0.0091329
0.0121839
0.0121839
0.0121839
0.0121839
0.0136195
0.0136195
0.00878236
0.00518121
0.00635469
0.00448032
0.00448032
0.00878236
0.00878236
0.00744893
0.0098367
0.00780126
0.00780126
0.00780126
0.00974114
0.0148303
0.0148303
0.00856932
0.0101928
0.00878293
0.00772337
0.0135978
0.0135978
0.0135978
0.0135978
0.00732369
0.00714324
0.00755376
0.0047036
0.00572825
0.0138682
0.0138682
0.0138682
0.0138682
0.0138682
0.0138682
0.0138682
0.0138682
0.0134342
0.0134342
0.00776261
0.00636145
0.00636145
0.00636145
0.00930433
0.00725534
0.00725534
0.00725534
0.00725534
0.00725534
0.00725534
0.00725534
0.00632568
0.00632568
0.00632568
0.00632568
0.00632568
0.00632568
0.00632568
0.00632568
0.0132895
0.0132895
0.0132895
0.0132895
0.007254
0.0086703
0.00361184
0.00522628
0.00387454
0.00638834
0.00638834
0.00638834
0.00638834
0.00638834
0.00638834
0.00638834
0.00638834
0.00335459
0.00331243
0.00331243
0.00353546
0.00869358
0.0137533
0.0101939
0.0101939
0.0101939
0.00969662
0.00482623
0.00482623
0.00587759
0.00587759
0.00587759
0.00813549
0.0071437
0.00301266
0.00385792
0.00362888
0.00310097
0.00310097
0.00310097
0.00516105
0.00502774
0.00357185
0.0016351
0.001531
0.00204986
0.00204986
0.00290744
0.00290744
0.00290744
0.00231845
0.00357185
0.00258053
0.0019177
0.00181444
0.00155049
0.00155049
0.00155049
0.00258053
0.00251387
0.00340291
0.00258053
0.0019177
0.00181444
0.0019177
0.00185942
0.001531
0.00163408
0.00163408
0.00737366
0.00737366
0.00737366
0.00838525
0.00838525
0.0069042
0.0069042
0.00717931
0.00717931
0.00811468
0.00362625
0.00362625
0.00392293
0.00432472
0.00500127
0.00406964
0.00382803
0.00323004
0.00383698
0.00690209
0.00449353
0.00449353
0.00942914
0.00359269
0.00359269
0.00436337
0.00749386
0.00702852
0.00988988
0.00988988
0.00988988
0.00988988
0.00709245
0.00709245
0.00709245
0.00709245
0.00709245
0.00709245
0.00709245
0.00419206
0.00786546
0.00786546
0.00614447
0.00614447
0.00614447
0.0079571
0.0079571
0.0079571
0.00377772
0.00377772
0.00377772
0.00807032
0.00205033
0.00447891
0.00360983
0.00360983
0.00360983
0.00205033
0.00426706
0.00296606
0.00397855
0.00397855
0.00397855
0.00397855
0.00360983
0.00205033
0.00426706
0.00296606
0.00618098
0.00618098
0.00949349
0.0126649
0.0126649
0.0126649
0.0126649
0.0149708
0.0149708
0.0169213
0.0169213
0.00456751
0.00456751
0.00456751
0.00456751
0.00456751
0.00456751
0.00609336
0.00720276
0.00456751
0.00456751
0.00850504
0.00850504
0.00850504
0.00532098
0.00532098
0.00850504
0.00560051
0.00560051
0.00560051
0.00560051
0.00582505
0.00597951
0.00349042
0.00349042
0.00349042
0.00349042
0.0055881
0.0055881
0.0055881
0.0055881
0.00889296
0.0130756
0.0130756
0.0130756
0.0130756
0.00673847
0.0107198
0.0107198
0.0107198
0.0107198
0.0107198
0.0106156
0.00802717
0.00802717
0.0192694
0.0192694
0.0192694
0.0192694
0.0192694
0.0113163
0.0116163
0.003798
0.003798
0.00549429
0.00444788
0.00445442
0.00355619
0.003798
0.00893405
0.00893405
0.00399241
0.00583919
0.00561411
0.013563
0.013563
0.013563
0.013563
0.013563
0.013563
0.013563
0.013563
0.013563
0.012595
0.00944105
0.0143953
0.0143953
0.0106344
0.0106344
0.0106344
0.0106344
0.00772559
0.00548722
0.00720323
0.00526356
0.00526356
0.00772559
0.00465378
0.00720323
0.00526356
0.00526356
0.0136843
0.0136843
0.0136843
0.0131902
0.0121085
0.0121085
0.0121085
0.0121085
0.00997079
0.00997079
0.00997079
0.00997079
0.0135278
0.0135278
0.0135278
0.0135278
0.0135278
0.00708834
0.00708834
0.00523645
0.00523645
0.00523645
0.00523645
0.00708834
0.00708834
0.00503461
0.0032297
0.00426992
0.00493789
0.00963989
0.00963989
0.0128602
0.0128602
0.0128602
0.0128602
0.0152017
0.0112301
0.00736296
0.00736296
0.0034466
0.0034466
0.0034466
0.00551796
0.00551796
0.0034466
0.00736296
0.00657399
0.00657399
0.00657399
0.00657399
0.00657399
0.00657399
0.00657399
0.00657399
0.00794946
0.00794946
0.00794946
0.0099262
0.00378843
0.00378843
0.00378843
0.00378208
0.00378208
0.00698793
0.00698793
0.00698793
0.00698793
0.00698793
0.00698793
0.00698793
0.00698793
0.0100077
0.0100077
0.0147146
0.0147146
0.0147146
0.00710034
0.0149668
0.0149668
0.0149668
0.0149668
0.0149668
0.0126615
0.00918675
0.00918675
0.00918675
0.00354489
0.00354489
0.00637763
0.00373602
0.00879373
0.00344394
0.005408
0.0066473
0.00425121
0.00658176
0.00658176
0.00589988
0.00373835
0.00350034
0.00350034
0.00721958
0.00528957
0.00375795
0.00401098
0.00401098
0.00376426
0.00376426
0.00445367
0.00617048
0.00617048
0.00472047
0.00472047
0.00472047
0.00472047
0.00472047
0.00472047
0.00472047
0.00260054
0.00308524
0.00308524
0.00360979
0.00196643
0.00196643
0.00196643
0.00196643
0.00196643
0.00205285
0.00260054
0.00308524
0.00308524
0.00534689
0.00417573
0.00288756
0.00225491
0.00161513
0.00215469
0.00215469
0.0030075
0.00505044
0.00514914
0.0035714
0.0035714
0.00595596
0.00595596
0.00677444
0.00677444
0.00326891
0.0049786
0.00322781
0.00403633
0.0043145
0.00498945
0.00498945
0.00322241
0.00322241
0.00322241
7.18389e-05
4.96286e-05
5.82423e-05
6.22562e-05
7.19954e-05
7.19954e-05
4.64978e-05
4.64978e-05
4.64978e-05
3.59194e-05
2.32879e-05
2.32489e-05
2.32489e-05
2.32489e-05
2.32489e-05
2.32489e-05
2.32489e-05
2.32489e-05
3.27686e-05
2.82361e-05
2.32879e-05
2.32879e-05
2.32489e-05
2.32489e-05
2.32489e-05
3.67028e-05
2.91212e-05
3.11281e-05
3.59977e-05
3.59977e-05
2.32489e-05
2.32489e-05
2.32489e-05
0.0134737
0.0134737
0.0134737
0.00340064
0.00435475
0.00478363
0.00478363
0.00649902
0.00649902
0.00649902
0.00639285
0.00639285
0.00639285
0.00639285
0.00639285
0.00639285
0.00639285
0.0159195
0.0170739
0.0170739
0.0170739
0.0170739
0.00768172
0.00399292
0.00399292
0.00454071
0.00454071
0.00454071
0.00454071
0.00454071
0.00454071
0.00742842
0.00742842
0.00742842
0.00742842
0.00580306
0.00580306
0.00580306
0.00580306
0.00580306
0.00997131
0.0133024
0.0133024
0.0133024
0.0133024
0.00794232
0.0185673
0.0142204
0.0142204
0.0142204
0.0149264
0.00683293
0.00683293
0.00712502
0.00506066
0.00401529
0.00540312
0.00540312
0.00540312
0.00315396
0.00315396
0.00451821
0.00712502
0.00389326
0.00321099
0.00496344
0.00429201
0.00429201
0.00429201
0.00320561
0.00841324
0.00647125
0.00647125
0.00647125
0.00647125
0.00647125
0.00647125
0.00647125
0.00393413
0.00368366
0.00368984
0.00368984
0.00705008
0.0180547
0.0180547
0.00687921
0.00687921
0.0092106
0.0092106
0.0151341
0.00682365
0.016066
0.00717949
0.00968426
0.00968426
0.00900145
0.016784
0.0100734
0.00792049
0.00792049
0.00644191
0.00603361
0.00478726
0.00478726
0.0059177
0.00359322
0.00359322
0.00359322
0.00188017
0.00396024
0.00193528
0.00193528
0.00188017
0.00348177
0.00348177
0.00239012
0.00396024
0.00193528
0.00193528
0.00188017
0.0141155
0.0141155
0.0141155
0.0141155
0.0141155
0.0141155
0.0141155
0.00651379
0.00651379
0.00651379
0.00737702
0.00737702
0.00737702
0.00737702
0.00737702
0.00737702
0.00737702
0.00363278
0.00243605
0.00243605
0.00243605
0.00403227
0.00453611
0.00363278
0.00243605
0.00243605
0.00217761
0.0017005
0.00324986
0.0072903
0.0072903
0.0072903
0.0072903
0.0072903
0.0072903
0.0072903
0.0113768
0.0113768
0.0186914
0.00835271
0.00835271
0.00835271
0.0173578
0.00201776
0.00358785
0.00185885
0.00266289
0.00266289
0.00386954
0.00181133
0.00181133
0.00284433
0.00181133
0.002306
0.0069545
0.0069545
0.0069545
0.0069545
0.0069545
0.0069545
0.0069545
0.0137021
0.0137021
0.0137021
0.0137021
0.0137021
0.0137021
0.0137021
0.0137021
0.00233038
0.0041926
0.0041926
0.00226401
0.00226401
0.00603929
0.00603929
0.00603929
0.00603929
0.00603929
0.00476875
0.00483661
0.00483661
0.00226401
0.00226401
0.00899268
0.00899268
0.00703464
0.00703464
0.00703464
0.00703464
0.00703464
0.00703464
0.00703464
0.00703464
0.00914249
0.00490984
0.00490984
0.00490984
0.00482119
0.00774261
0.00490984
0.00490984
0.0115248
0.0115248
0.0115248
0.0115248
0.0115248
0.0115248
0.0115248
0.0115248
0.00148766
0.00148766
0.00148766
0.00148766
0.00185759
0.00185759
0.00148766
0.00148766
0.0136963
0.00918441
0.00918441
0.00795647
0.00621558
0.00621558
0.00621558
0.00795647
0.0164594
0.018516
0.00994375
0.00987575
0.0131749
0.0131749
0.0131749
0.00700672
0.00634225
0.00634225
0.00634225
0.00634225
0.00634225
0.00634225
0.00634225
0.0132616
0.0132616
0.0132616
0.0132616
0.0132616
0.00353109
0.00353109
0.00401552
0.00401552
0.00627877
0.00330628
0.00867744
0.00176555
0.00165314
0.00165314
0.00165314
0.00165314
0.00165314
0.00433872
0.00176555
0.00176555
0.00176555
0.00260401
0.00260401
0.00208285
0.00342595
0.00342595
0.00167418
0.00987322
0.0145169
0.0145169
0.0145169
0.0131715
0.00876137
0.00876137
0.0143293
0.0143293
0.0143293
0.0143293
0.0143293
0.0143293
0.0143293
0.0143293
0.00326134
0.0067705
0.0067705
0.0067705
0.0067705
0.0067705
0.0067705
0.0067705
0.0067705
0.00994142
0.0132625
0.0132625
0.0132625
0.0132625
0.0156772
0.00856635
0.00856635
0.0107416
0.01433
0.01433
0.01433
0.01433
0.016939
0.016939
0.016939
0.0144726
0.00889607
0.00889607
0.00428085
0.00428085
0.00957952
0.00816113
0.00816113
0.00816113
0.00816113
0.00816113
0.00816113
0.0149356
0.0149356
0.0149356
0.00671967
0.00752284
0.00650231
0.00650231
0.00616675
0.00522918
0.00752284
0.00650231
0.00369779
0.00369779
0.0070499
0.0070499
0.0070499
0.0070499
0.00374931
0.00777001
0.00777001
0.00777001
0.00777001
0.00777001
0.00631952
0.00374931
0.00403907
0.00403907
0.00403907
0.00739186
0.00739186
0.00835493
0.00513814
0.0063156
0.0063156
0.0046811
0.0046811
0.0046811
0.00699014
0.00699014
0.00546068
0.00546068
0.00691166
0.00691166
0.00691166
0.00691166
0.00691166
0.00691166
0.00691166
0.00691166
0.00714919
0.00793539
0.00639562
0.00639562
0.00699576
0.00699576
0.00699576
0.00699576
0.00699576
0.00699576
0.00699576
0.00798968
0.00798968
0.00749355
0.00749355
0.0115833
0.0137652
0.0137652
0.00923059
0.00559383
0.00559383
0.00370011
0.00519943
0.00494579
0.00369391
0.00520645
0.00520645
0.00821034
0.00821034
0.00559383
0.00394263
0.0147159
0.0102515
0.0102515
0.0102515
0.0102515
0.0102515
0.00886468
0.00886468
0.00886468
0.00886468
0.0128828
0.0128828
0.00995359
0.00995359
0.00995359
0.00404788
0.00379888
0.00379888
0.00379888
0.00449464
0.00507782
0.0054591
0.00535445
0.00488476
0.00488476
0.00488476
0.00651659
0.00651659
0.00370133
0.00370133
0.0069769
0.0124136
0.007939
0.00921337
0.00921337
0.00924327
0.00924327
0.00697612
0.00697612
0.00697612
0.00697612
0.00697612
0.00697612
0.00697612
0.00697612
0.00741202
0.0035323
0.0035323
0.0035323
0.0035323
0.00741202
0.0084221
0.00372813
0.00372813
0.00372813
0.00372813
0.00372813
0.00372813
0.00596868
0.00712488
0.00949434
0.0081811
0.0081811
0.0081811
0.0149722
0.0075624
0.0075624
0.00948153
0.0104073
0.0135907
0.0135907
0.00936802
0.00936802
0.00807226
0.00709843
0.0155064
0.00746179
0.00746179
0.00486939
0.00533761
0.00432104
0.00663714
0.00432104
0.00368739
0.00345478
0.00715963
0.00715963
0.00726151
0.00726151
0.00377447
0.00545401
0.00545401
0.0143347
0.0143347
0.0143347
0.00961254
0.00695214
0.00695214
0.00695214
0.011594
0.0167007
0.0167007
0.00679598
0.00772832
0.00645238
0.00645238
0.00645238
0.00645238
0.00645238
0.00645238
0.00645238
0.0158895
0.0158895
0.0158895
0.0158895
0.0158895
0.0158895
0.0134421
0.0144741
0.0144741
0.0144741
0.0065385
0.0065385
0.00418163
0.00803269
0.00803269
0.00803269
0.00347576
0.00417471
0.00901685
0.00901685
0.000169389
0.000169389
0.000169389
0.0111292
0.0111292
0.0111292
0.0106993
0.0149775
0.0149775
0.0149775
0.0149775
0.0169289
0.0169289
0.00366804
0.0088052
0.00779023
0.00494004
0.00344843
0.00552088
0.00541505
0.00494004
0.00645358
0.00645358
0.00793484
0.00793484
0.00793484
0.00697617
0.00579816
0.00804775
0.00479594
0.00512645
0.00512645
0.00592843
0.00383526
0.00383526
0.00383526
0.00804775
0.00594573
0.00594573
0.00594573
0.00476168
0.00357643
0.00357643
0.00357643
0.00594573
0.00594573
0.00594573
0.00594573
0.00469488
0.00469488
0.00229428
0.00229428
0.00229428
0.00229428
0.00268485
0.00268485
0.00268485
0.00268485
0.00285431
0.00357643
0.00357643
0.00499554
0.00499554
0.00666437
0.00787774
0.00787774
0.00536722
0.00536722
0.0049888
0.0049888
0.0049888
0.00787774
0.00787774
0.00536722
0.00536722
0.0150308
0.0187683
0.00827614
0.00582475
0.00582475
0.00564268
0.00300869
0.00666289
0.00666289
0.00254295
0.0025387
0.00564268
0.00300869
0.00393082
0.00393082
0.00254295
0.0025387
0.00564268
0.00300869
0.00477357
0.00271132
0.00477357
0.00477357
0.00477357
0.013649
0.013649
0.013649
0.013649
0.013649
0.013649
0.013649
0.013649
0.0122926
0.0122926
0.00800297
0.00900642
0.00968961
0.00968961
0.00718346
0.00876233
0.00699789
0.00873801
0.00873801
0.00699789
0.0110432
0.00984622
0.0108075
0.00985951
0.00985951
0.00985951
0.00172933
0.00261879
0.00184692
0.0021003
0.00261879
0.00184692
0.00703707
0.00878693
0.00878693
0.00878693
0.00878693
0.0138886
0.0138886
0.0138886
0.0138886
0.0138886
0.0138886
0.0138886
0.0121429
0.0138115
0.00938081
0.00938081
0.0137833
0.0137833
0.0137833
0.0137833
0.0137833
0.0137833
0.0137833
0.0134252
0.0134252
0.0134252
0.011357
0.00738695
0.00738695
0.00738695
0.00974878
0.00404477
0.00883572
0.00951453
0.00727587
0.00727587
0.00404225
0.00473687
0.00378725
0.00378725
0.00404477
0.00883572
0.00951453
0.0041377
0.00596563
0.00383545
0.00383545
0.00378725
0.00378725
0.0092417
0.0092417
0.00760939
0.00760939
0.00760939
0.00733431
0.00349526
0.00662655
0.00733431
0.00504248
0.00504248
0.00504248
0.00504248
0.00504248
0.00504248
0.00480398
0.00415228
0.00410451
0.00274228
0.00245322
0.00245322
0.00289987
0.00289987
0.00289987
0.00250648
0.00247765
0.00471957
0.0063675
0.00407226
0.00407226
0.00407226
0.00407226
0.00880006
0.00471957
0.0063675
0.00407226
0.00335863
0.00335863
0.00335863
0.003353
