0.0194769
0.664066
0.00518402
0
0.0624717
0.540242
0.0344238
0.11602
0.00580914
0.00745274
0.00270814
0.0029913
0.00366504
0.00279094
0.00257624
0.00279094
0
0.00279094
0
0.00305845
0.00583898
0.00279583
0.00276824
0.0026609
0.0811802
0.00530093
0.00287892
0.00255679
0.00249762
0.00577759
0.00262642
0.00289536
0.00280713
0.00590546
0.00502672
0.00255679
0
0.0190891
0.014456
0.036555
0.514417
0.665504
0.989337
0.125135
0.440984
0.00952187
0.011739
0.0322731
0.00834057
0.00251869
0
0
0.00309821
0.00282754
0
0
0.00862102
0
0
0.0292934
0.0051903
0.00981043
0.0026423
0.00501285
0.0223935
0.00536635
0.00291155
0.0079761
0.00248398
0.0251553
0.0303533
0.039393
0.554403
0.145822
0.347279
0.990527
0.998941
0.956293
0.996668
0.00373445
0.00865975
0.128201
0.00273224
0.00511942
0.00807629
0
0.00253095
0
0.00282547
0
0
0.00276855
0.0154291
0.99379
0.0355734
0.00282754
0.00282754
0.00831769
0.0112146
0.00544057
0.00282754
0
0.00260073
0
0.0785365
0.00278347
0
0.00548546
0.665479
0.0190067
0.00262841
0.00829081
0.00310107
0.00292122
0.0137214
0
0.00444528
0.0137591
0.057707
0.0739867
0.314067
0.0929443
0.752445
0.919579
1.01542
1.04122
1
0
0.00772908
0.0109203
0
0.00531892
0.00591989
0.00268351
0.00950361
0.00259793
0
0
0.0232121
0.00666743
0.00306452
0
0.996641
0.0344887
0.00254655
0.00261303
0.00551272
0.0410412
0.0248615
0
0.012118
0.0483903
0.00329602
0.0496822
0.0412077
0.00651789
0.00588156
0.0220956
0
0.00524119
0.00279083
0.00281677
0.098938
0.0286086
0.0110895
0.00270183
0.00548546
0.00301099
0.00349462
0.00591936
0.0572049
0.0639156
0.564771
0.0395339
1
0.984468
0.0179571
0.00588117
0.00270183
0.00817998
0.00432445
0.0028736
0.037461
0
0.039889
0
0.00559586
0.00253095
1.00012
0.00296131
0.00279094
0.00252695
0.00252395
0.0153222
0
0.00848848
0.00261303
0.0189521
0.0641719
0.00246229
0.00276178
0.0917001
0
0.0651511
0.21099
0.00244081
0.00587343
0.00531014
0.0397316
0.00545907
0.123251
0.00575076
0.00665144
0.012631
0.0188576
0.00281636
0.00545907
0.00254286
0.0255626
0.00546781
0.0286953
0.422892
0.00345759
0.00280179
0.00253556
0.0036334
0.00567648
0.00722855
0.00721045
0.00418495
0.00277993
0.0736997
0.947704
0.0805393
0.00279465
0.0238097
0.00779528
0.00279094
0.0112993
0.00261303
0.00536262
0.0357909
0.0177162
0.00261303
0.00311907
0.00903246
0.00542341
0.00564846
0.00281636
0.0286793
0.00441667
0.00808326
0.00281636
0.00848357
0.00259632
0.00532444
0.078049
0.0105411
0.00263812
0.00417761
0.00286517
0
0.00263738
0.00537113
0.00430289
0.0110524
0.0162574
0
0.00559764
0.00295331
0
0
0.999502
0.986763
0.0176595
0.00279094
0.0124527
0.0487634
0.00294407
0.00790876
0.0862319
0.00418088
0
0.00540157
0.00566254
0.00287509
0.00358931
0.0101868
0.0113299
0.00279722
0.0103815
0.124977
0.00553745
0.00287537
0.00263738
0.00526519
0.0103815
0.00309687
0.00544155
0.00966032
0.00271847
0.010933
0.128414
0.0197803
0.0201373
0
0.00531466
0.00366602
0
0.00293282
0.0118157
0.00294702
0.00812306
0.0127618
0
0.970804
0.801128
0.0026143
0.156729
0.0026143
0.0278569
0.0388473
0.0137405
0.00766854
0
0
0.0897895
0
0.00628461
0.00253655
0.00275536
0
0
0.0147746
0.00302299
0.00283399
0.0596831
0.0131106
1
0.120612
0.00272024
0
0.0131127
0.00253095
0.00550594
0.00559764
0.0026165
0.00745549
0
0.00313889
0.0381295
0.330112
0.592354
0
0.00559764
0.00253095
0.00984384
0.00362461
0
0.0430063
0
0.00559764
0.00244468
0.0759284
0.00399674
0.0026143
0.00784291
0.00367877
0.0135244
0.00392146
0.0784291
0.00556588
0.00820441
0.025337
0.0043146
0.00281052
0.00556588
0.00731304
0.0095098
0.00288327
0.019647
1
0.737204
0
0.284233
0.0111004
0
0
0.00537244
0
0.00279722
0.00276402
0.00279722
0
0.00312491
0.635215
1
0.468633
0.00578852
0.0363059
0.00279722
0
0.00251475
0.00587581
0.00401198
0.00297554
0.990229
1.00005
0.0110296
0.00243753
0.0028379
0.0713716
1.00007
0.0354818
0.0024809
0.0600344
0.00274926
0.00253678
0.0215171
0.0233623
0.00271537
0.0027226
0.026831
0.0147485
0.00304519
0.00851931
0
0.00259807
0.0116358
0.999567
1.00028
0.0105663
0.00254597
0.00264252
0.00592088
0.00295209
0.00270421
1
0.00280254
0.0131937
0.0103229
0.00296287
0.00290883
0.00298484
0.0494819
0.0104787
0.00521817
0.00295296
0.0105653
0.0105757
0.00287969
0
0.00268357
0.982126
0
0.0617614
0.0222624
0.0271482
0.00274938
0.00262868
0.00685999
0.00275316
0.00276712
0.158016
0
0.261768
0.00389595
0.00576736
0.0588719
0.00702394
0.0142054
0.00250891
0.00544554
0.0140892
0.0632022
0.00340801
1.00165
0.0137169
0.00350371
0.00808537
0.00273007
0.00541981
0.0163283
0.237481
0.0626754
0.0125946
0.0125981
0.983522
0.0818468
0
0.00257618
0.00856972
0.00269129
0.0184925
0.0369958
0.00291062
0.0105782
0.217428
0.0157944
0.035361
0.258821
0.388965
0.166575
0.998394
0.00274136
0.00548466
0.0164778
0.00274214
0.00274291
0.00271519
0.00266087
0.00257806
0
0
0.0028103
0.00534084
0.015823
0
0.00304739
1
0.00292831
0.0283485
0.0093325
0.0160328
0.0026447
0.00729576
0.00521684
0.00286281
0
0.0587955
0.00292831
0.00281259
0.00589889
0.103293
0.00572825
0.0333243
0.0568862
0.0778444
0.0737922
0.00572825
0.546932
0.741946
1.01539
0.942154
0.00295297
0.00977408
0.0323197
0.0199255
0.00290641
0.0029538
0.00569915
0.00538662
0
0.00767069
0.00947291
0.00281901
0.00821403
0
0.00305066
0.00563716
0.0337201
0.00307146
0.00299067
0
0.00299255
0.976987
0.998695
0.00837968
0.0112423
0.00931633
0.00259382
0.00266975
0
0
0.00275406
0.00291005
0.00287066
0.00824612
0.142609
0.00534902
0
0.00291726
0.0136675
0.0229048
0.00287066
0.00290481
0.0104091
0.0784945
0.0786414
0.638514
0.0269538
0.00287066
0.0703767
1.00216
0.991068
1
1
0.00729641
0.0805776
0.00277629
0.00559549
0.00302112
0.0118984
0.00274845
0.0283409
0.00291426
0.00666558
0.0052593
0.00535887
0.0152467
0.00297866
0.00294424
0.0838033
0.00264649
0.995499
0.197347
0.00284974
0.043518
0.0123981
0.0029086
0.0102233
0.00399509
0.00518686
0
0.0368008
0.00346085
0.00537391
0.0981396
0.117257
0.00866527
0.0056881
0.00835243
0.00537391
0
0.00806458
0.0166887
0.0418868
0.054245
0.346149
0.011803
0.00287665
0.00537391
0.75105
1.02011
0.997065
0.038588
0.00687771
0.0028076
0.0246146
0.00842504
0.0202344
0.00264292
0.00269509
0.00852972
0.00256507
0.00283453
0
0.0150929
0
0.00299067
0.0132529
0.00585149
0.00279227
0.0309
0.0394059
0
0.00373834
0.991046
0.0693902
0.0112209
0.0175942
0.0114355
0.00277785
0.00421435
0.0025549
0.00548429
0.16825
0
0.0136368
0.136559
0.00291329
0.0263138
0.0508485
0.0110587
0.0198955
0.0107721
0.0294991
0.028806
0.480352
0.00308867
0.00264836
0
0.00831657
1.02494
0.00947148
0.00256302
0.00274845
0.00770677
0.00299902
0.0153401
0.0105457
0.00288984
0.00257687
0
0.0027455
0.00293948
0.00263128
0.011215
0.00543727
0.00549517
0.00263128
0
0.00281422
0.180418
0
0.0301208
0.0106466
0
0.00635251
0.0030084
0.0946804
0.00588136
0.0264442
0.00268108
0.00554835
0.00975854
0.00588136
0.0184687
0.0423909
0.00427548
0.00840609
0.00292756
0.00349386
0.0056096
0.0208648
0.00709453
0
0.00815599
0
0.0189509
0.0189281
0
1.0218
0.998376
0.0434711
0.0033499
0.0160718
0
0.00281651
0.0160328
0.00281869
0.0379414
0.00446508
0.0230364
0.0026732
0.0413481
0.00274493
0.00976252
0.00296578
0.00829089
0.0277441
0.00257687
0.00761341
0.0299069
0.00280797
0.0289652
1.00419
0.599235
0.0335852
0.00271519
0.00292826
0.00269702
0.0405146
0.00274493
0.0950088
0.0029519
0.00539099
0.0112231
0.00274493
0.00374309
0.00276063
0.0822761
0.00394557
0.0101885
0.00267393
0.00274767
0.00274845
0.00267882
0
0.00972768
0.0528159
0
1
0.968334
0.242682
0
0.0109436
0.023961
0.0068352
0.00266968
0.00397951
0.00883387
0.00292252
0.00263022
0.0371382
0.00263022
0.00415298
0.011153
0.00305154
0.00257671
0.00263022
0.0171184
0.00275922
0.00547074
0.00559033
0.00299284
0.00436797
0.00299284
0.00547733
0.00267863
0.0028204
0.0123177
0.0417088
0.021858
0.00263651
0.00297028
0.0200356
1
1.00111
0.0282244
0.0028204
0.0415672
0.0213887
0.0028204
0.0107399
0.00285073
0.10823
0.00292939
0.0507454
0.00463865
0.0107534
0.0152467
0.72485
0.326896
0.00299199
0.00275803
0.00360793
0.00270258
0.00252368
1.00753
0.433322
0.0927503
0.0194585
0.0193265
0.00257687
0.0200191
0.0026704
0.00386531
0.00568222
0.0161548
1
0.00290309
0.00802977
0.0045437
0.00276275
0.00420614
0.00591597
0.222277
0.00540561
0.00305972
0.00296706
0.0074129
0.00561079
0.0029311
0.00290227
0.0029739
0.00282698
0.0343798
0.00265428
0.0131585
0.00698874
0.00260653
0.0232161
0.00582913
0.00267141
0.0056255
0.0397722
0.00323263
0.00291347
0.0441636
0.473958
0.0190676
0.650112
0
0
0
0
0
0
0
0
0.0149006
0
0.0145229
0
0
0
0.0124482
0.00268524
0.00302917
0.00268775
0.00505074
0
0.00651833
0
0.00960718
0
0
0.00750074
0.00274637
0.0593946
0.0624466
0.946361
0.0684346
0.0956985
0.00563855
0.00367505
0.00567003
0
0.00546331
0
0
0
0
0
0.00916228
0.00544528
0
0.0220556
0.00528816
0.00282136
0.00295233
0.00272036
0
0.0058815
0.00264855
0.139053
0.005907
0
0.00250647
0.00288817
0
0.00295233
0.00837115
0.00273102
0.00249436
0.00602651
0.036181
0.02794
0.045955
0.402112
0.563885
1.01487
0.158715
0.621254
0.00248219
0.0043351
0.0467364
0.00274533
0.00249366
0.00578178
0.00463213
0.117155
0
0.00263534
0.00300224
0.00263534
0.00446098
0.0241968
0.00306265
0.00305521
0.00801684
0.00261686
0.0031107
0.0149601
0.0263165
0.00268132
0.00261686
0.00878445
0
0.00247743
0.00413316
0.082754
0
0.00263534
0
0.0116664
0.00539802
0.00259028
0.014173
0.00259477
0.00288817
0.0113947
0.00254471
0.013376
0
0
0.00280428
0.0167655
0.00513417
0.0055235
0
0.00290458
0.00456027
0.0191837
0.0804644
0.0587581
0.575644
0.258599
0.246998
0.982555
0.991883
0.762722
1
0.00526862
0.00271894
0.0394815
0.00839586
0.240804
0.00305952
0
0.00253373
0.00287885
0.00288996
0.00266182
0.00282722
0.00547431
0.00744554
0
0.0394864
0.00252354
0.0059262
0
0.00378724
0.0366857
0
0.00582764
0.999897
0.0431067
0.0738188
0.00255791
0.00272652
0.00295848
0.0108883
0
0.00876453
0.0109381
0.016276
0.00265837
0.00516587
0.00247766
0.00555766
0.00303453
0.0035223
0.0123995
0.00543513
0.00759297
0.00267119
0
0.104419
0.00308843
0.00278094
0.00379649
0.0027033
0.0218683
0
0.00530991
0.00826279
0
0.00248786
0.651515
0.0164918
0.0164953
0.00761524
0.00577957
0.0141
0.00543786
0.00774193
0.00272144
0.00582315
0.00269207
0.00248786
0.00430046
0.0361405
0.0462408
0.0618798
0.477405
0.101573
1.01229
0.983761
0.997935
1.04154
1
0.00292656
0.00290458
0.00691475
0.0154159
0.00981804
0.0171058
0.0026174
0
0.00305576
0.0112121
0.0118038
0.00261814
0.00598759
0.00303241
0.0029701
0.0274763
0.00260484
0.0029328
0.0116324
0.00266182
0.0234187
0
0.00277928
0.994932
0.0196192
0.00832426
0.00275433
0.00287538
0.00263534
0.00279286
0.00322683
0.0123231
0.00274277
0.00603224
0.0797265
0.00256017
0.00829781
0.00558528
0.0112151
0.00600414
0.0445619
0.00302212
0.00293042
0.00275433
0
0.047023
0.00420833
0
0.00669134
0.016558
0.00294075
0.00378801
0.00665011
0.0150009
0.0116138
0.0312155
0.00265978
0.00302031
0.0085325
0.0123947
0.00271355
0.090546
0.00860038
0.00350267
0
0.00836676
0.01677
0.0143371
0.00287354
0.00271355
0
0.00353941
0.00829678
0.0633184
0.0453764
0.347959
0.0628333
1
1.01213
0
0
0.0182971
0.0209557
0.00577048
0.00252787
0.00260592
0.00552044
0
0.0114322
0.0138591
0.015936
0.00821988
0.00273672
0.00840387
0.00248786
0.0317602
0.00248786
0.00276482
0.969675
0.0371259
0.00265713
0.00277928
0.00565065
0.00277928
0.0114027
0
0.0554344
0.00568675
0.00277928
0.0208446
0.00280183
0.0578605
0.0514212
0.00294075
0.00305118
0.0891672
0.00320017
0.0492127
0.0637356
0.00293016
0.0028405
0.114085
0.00552005
0.00293911
0.00847544
0.106897
0.0076837
0.0128523
0.00274078
0.0333697
0.00285401
0.00988193
0.0028884
0.00575475
0.00268538
0.00764339
0.00551443
0.020565
0.435321
0.0211671
0.00277756
0.00246987
0.00972224
0.0028532
0.00292399
0.00402168
0.00310587
0
0.00249793
0.00247902
0.00601019
0
0.0080879
0.00754441
0.00805068
0.0026682
0.00424007
0
0.00710456
0.00307606
0.00292574
0.00292232
0
0.0892994
1.21249
0.0684871
0.011207
0.00283245
0.0137148
0.00311966
0.00268286
0.0355585
0.0188997
0
0.00281138
0.00293016
0.0237381
0.0109908
0
0.0400084
0.00268538
0.0159522
0
0.0168862
0.00274497
0.0173611
0.00564588
0.00522682
0.00531402
0.00986244
0.00294776
0
0.00268538
0.00285401
0.013669
0.00301377
0
0.00280555
0.00288102
0.00285401
0.00295285
0.00881044
0.00576317
0.00551014
0.0135192
0
0
0.00293197
0.00769404
0
0.00295285
0.00292574
0.00306817
0.0178798
0.0153553
0.00910265
0.00303022
0.0025918
0.00578815
0.00293363
0.00507373
0.00255791
0
0.0174526
0.00701301
0.00563029
0
0.0153868
0.00557359
0.0030807
0.0239238
0.00521974
0.00262392
0.00242976
0.0042791
0.0221198
0.00575652
0.00533002
0.00269597
0.00448137
0
0.0242168
1.00949
1.0039
0
0.00864858
0.00550703
0.0139096
0.00299729
0.028362
0.0116147
0.00313378
0
0.168602
0.00550703
0.0057732
0.0083555
0.00239573
0.00284272
0.0251184
0.00301225
0.0162555
0.00888278
0.00263687
0.00257529
0.00285868
0.00308237
0.00267636
0.00627891
0.0691769
0.0256007
0.00898345
0.00285868
0
0
0.00536003
0.00555583
0.0178847
0.0178532
0
0.00340443
0.00855804
0.0497949
0.00591416
0.122013
0.00278451
0.015813
0.00269727
0.00550922
0.00278901
0
0
0.00296348
0.00571363
0.00837619
0
0.00308123
0.0171404
0.057034
0.059407
0
0.00259333
0.0192802
0.00288611
0.00509291
0.00435284
0.0177066
0.00270046
0.00525792
0
0
0.00554545
0.00290832
0
0.0025926
0.0030528
0.00613527
0.00876677
0.00293798
0
0.0114008
0.00272652
0
0.016182
0
0
0.0252838
0
0
0.975375
0.931001
0.00575172
0.00296348
0.00296348
0.00300869
0.0248744
0
0.00296119
0.176339
0
0.0028345
0.00296348
0.0157435
0.0130377
0.0248428
0.0441761
0.00749344
0.00313268
0.00643821
0.00576222
0
0.0077964
0.00283207
0
0.00545581
0.0924152
0
0
0.00568222
0.00313543
0.0260766
0.0405143
1
0.120023
0.00500214
0
0.00297752
0.00260229
0.0107244
0
0.00270241
0
0.0144535
0
0.00272652
0
0
0
0
0.278957
0.538565
0
0.00295285
0.0165372
0
0.0521689
0.0028345
0.00276127
0.241838
0.00404255
0.00790137
0.00871242
0.00342731
0.016248
0.0794671
0.00252971
0.00277573
0.0882974
0
0.00551445
0.0112747
0.0262473
0
0.00267395
0.00827875
0.00354769
0.00964831
0.00580634
0.0135717
0.00790137
1
0.55226
0
0.00254113
0
0.00763701
0.289068
0.00254185
0.00261814
0
0
0
0
0
0
0.00736733
0
0
0
0
0.00787053
0.00378521
0.0128502
0.00595268
0.00302808
0.613354
1
0.513002
0
0
0
0.00290955
0.00299715
0
0
0.0027099
0
0
0
0
0
0.00295333
0
0.0165973
0
0
0
0
0.00286749
0.00721585
0.0208361
0
0.00592755
0.00377211
0
0.0079864
0.00282294
0.0104282
1.00337
0.94837
0.00525451
0.0084465
0.00407228
0
0.00271485
0.00547483
0.00814456
0
0.00553544
0.00271358
0.00282633
0.00276621
0.00292232
0.0141316
0.00276621
0.00301448
0.025765
0.989452
0.0500961
0.00544273
0.00300331
0.0122761
0.00271409
0.0432362
0.00271485
0.00453177
0.00270069
0.00275172
0.00803993
0.023103
0.011125
0.00861973
0.0029328
0.0317771
0.00324715
0
0.014664
0.00263379
0.00285345
0
0.00278871
0.0125692
1.01464
1
0
0.00273684
0.00565839
0.00274068
0
0.00385281
0
0.00254795
0.00565839
0
0.00537317
0.00871334
0.00614286
0.00268702
0.00276623
0
0
0
0.00273607
0
0.549364
0.0028345
0
0.0172088
0.0113554
0
0.00707954
0.00282034
0.0344801
0.1054
0
0.00266483
0.00285627
0.0208446
0.0113869
0
0
0.0365173
0.0107048
0
0.00872911
0
0
0.00279994
0.00561901
0
0.0357847
0.00249864
0
0.004986
0.00249793
0.00299317
0
0.00324449
0.0049202
0.0087793
0
0.00280555
0.00307615
0
0.00266976
0.00284386
0.954786
0.0027099
0.0403641
0
0.0058206
0.0506473
0.0221409
0
0
0.00295285
0.00355006
0
0.0263453
0
0.00983389
0.0295285
0.00583711
0.00987671
0.00308037
0.00248523
0.00254113
0.00268879
0.00248948
0.00355006
0.0140423
0
0
0.00248948
0.00272214
0.00248948
0.0885856
0
0.00249018
0.00820932
0.00799011
0.0107713
0
0
0.00271009
0.00271009
0.00549009
0
0.900639
0.00529503
0.00700104
0
0
0.0348408
0
0
0
0.00254113
0
0
0.00254113
0.00264043
0
0.00266483
0.015989
0.00271313
0.059369
0.00287541
0.00276244
0.00262657
0.0156225
0.00262657
0.00276166
0.00258877
0.00375224
0.00276166
0.0117453
0.00262657
0.00358169
0.00271869
0.00408814
0.0178315
0.00289043
0.00271869
0.0112424
0.00379038
0.0475324
0.284068
0.00276166
0
0.00299797
0.0136564
0.00271996
0.00734611
0
0.00424273
0
0
0.00308006
0.0121134
0.00282645
0.00652906
0.00555952
0.036643
0.00752625
0.00282645
0.0516569
0.0703312
1
0
0.00257433
0.00522498
0
0.00298458
0
0
0
0.00522498
0.00267265
0.00266491
0.00279786
0
0.00308198
0
0.00254564
0.00297112
0
0.00270391
0
0.00270391
0.00268933
0
0
0.00279851
0.00270391
0.0401287
0.00565899
0.00270391
0
0
0
0
0.00556087
0.0039264
0.0105591
0.002829
0.00290536
0.0166777
0
0.00264286
0
0
0.0027177
0
0.0337817
0.0141476
0.00338005
0
0.00836835
0.00552621
0.00715945
0.0106472
0.00282525
0.0460228
0.00297112
0
0.00622866
0.0197601
0.0200905
0.243522
0.0454464
0.00268986
0.00279379
0.00297112
0.197138
0.917869
0.164996
0.201349
1
0.0055549
0.00663976
0.0188582
0.00262208
0.00589923
0.00552432
0
0
0.00545211
0.00696472
0.00269687
0
0.00272492
0.0025861
0
0.00268238
0.00284787
0.00262054
0.0027586
0.00302833
0.00275566
0
0.00545057
0
0
0.0028328
0
0.00266095
0.00269082
0.00275713
0
0
0
0
0.00271996
0.00536853
0
0.00243312
0
0.00822165
0.00279597
0.0811039
0.00781212
0
0
0.00536853
0.00311293
0
0.0028545
0.00264982
0.00996062
0.0055155
0.01828
0.00684184
0
0.00376264
0
0.00285839
0.00292485
0.00289696
0.00373301
0
0.00572235
0.00442209
0.0147726
0
0
0.0028545
0.014411
0.00280259
0.00951758
0.00876302
0.00524321
0.00859595
0.0402158
0.00268441
0.00270368
0.005624
0
0.090479
0.0366073
0.0261714
0.183996
0.0328615
0.00553283
0
0.00528946
0.526292
0.196754
0.365197
0.556857
0.234384
0.988737
0.00270315
0.00280019
0.00556871
0.00837778
0.0131061
0.00252031
0.0057915
0.00268094
0.0025047
0.00262914
0.0053233
0.00263758
0.00543174
0.00835554
0.00302084
0
0.0025254
0.00842371
0.00290912
0.00272492
0.0078984
0.00545828
0.00864793
0.00791861
0
0.00299797
0.00542742
0.00282983
0.0115413
0.0121278
0.00559938
0.00296102
0.00279786
0.00290515
0
0.00283953
0.00282983
0.0219323
0.00299591
0.0027039
0
0.00247362
0.00528765
0
0.00282983
0
0.00378984
0.010623
0.0114328
0.0109157
0.0301486
0
0.00247362
0.00290215
0
0
0
0.599169
0
0.00265139
0.00265703
0.00561847
0
0.0043758
0.024974
0.0495138
0.0333434
0.00569603
0.0024926
0.0144745
0.0114712
0.0272091
0.00277904
0
0.049228
0
0
0.00254564
0.0026056
0.0278197
0.00809734
0.00266976
0.00550579
0.00590804
0.0671273
0.00251615
0.00250211
0
0
0
0.026982
0.0415477
0.126867
0.0517465
0.00586559
0.0025254
0.237743
0.314347
0.707185
0.48367
0.55947
0.00288227
0.0109731
0
0.0195515
0.0162822
0.0583432
0.0111558
0.00272492
0.00527573
0
0.00553513
0.00264775
0.00466975
0.00300329
0.0908106
0.0316785
0.00517716
0.00841391
0.00549324
0.00804139
0.0025982
0.00542928
0.00801874
0.00772677
0.00536993
0.00287443
0.00498846
0.00526025
0.00525283
0.00267541
0.0157014
0.0214248
0.00547241
0.00307662
0.00798643
0.00516808
0
0.00247362
0.00540687
0.00255823
0.0210711
0.00277321
0.00289373
0.0210236
0.00256548
0.0155729
0.00542962
0.0106973
0.00250251
0.00556571
0
0.0323154
0.00257302
0.00547245
0.0218716
0.0269272
0
0.0222079
0
0.00792951
0.00538806
0.0029524
0
0.0159479
0.00292392
0.00264603
0.975432
0.473005
0
0.00270895
0.0056322
0
0
0.0144754
0.0500678
0.0179454
0.00288896
0.00834099
0.00257433
0
0.00719573
0.0110065
0.00559792
0.0400956
0.00732526
0.0114191
0.00806032
0.0705515
0.0113271
0
0.00557293
0.00284787
0.00517963
0.0102582
0.0503864
0.0081714
0.0553976
0.0139743
0.0138845
0.0587307
0.00285703
0.00260755
0.00815143
0.00556251
0.00806456
0.00651768
0.0311462
0.0436457
0.0677456
0.380678
0.0736729
0.00275913
0.0137664
0.21986
0.797831
0.70464
0.999999
0.799929
0.00279687
0.00758615
0.00668943
0.0148958
0.0232149
0.270805
0.0337513
0.002481
0.00295321
0.00561519
0.0107277
0.00262054
0.00566515
0.00566787
0.0144241
0.00276026
0.067102
0.00804029
0.0029778
0.0029706
0
0.0053791
0.0105208
0.0157693
0.013781
0.121014
0.0146261
0.00550004
0.0025736
0
0
0.00539682
0.00538914
0.0232643
0.00817145
0.00261688
0.00841656
0.00820395
0.00776595
0.0106474
0.00515645
0
0.0109111
0.0163932
0.00543214
0.00965524
0.0335514
0.0135729
0.0186501
0.00249268
0.00255817
0.00789654
0.00799308
0.0127444
0.0220442
0.0119128
0.00790068
0.188509
0.00255817
0.0157421
0.00560141
0
0.0123083
0.00506686
0.780961
0.277395
0.00541681
0.00497225
0.00790087
0.0161001
0.00248965
0.00699152
0
0.0553142
0.0686615
0.0517083
0
0.00552323
0.00244844
0.00544797
0.010877
0.0108451
0.0170392
0.0291757
0.0210362
0.013619
0.0196214
0.103093
0.0026961
0.0113702
0.019982
0.0082628
0.0165904
0.117887
0.0564638
0.0186837
0.00795193
0.0112849
0.0248891
0.079548
0.00531109
0.00991873
0.0222659
0.00284191
0.0113776
0.0111069
0.0165432
0.0820502
0.0537984
0.0730362
0.32467
0.066406
0.00257069
0.0245129
0.426784
1.04257
0.988306
0
0.00288008
0.00571567
0.00570577
0.0481973
0.0284618
0.024906
0.00299797
0.00255764
0
0.00807256
0.00555341
0.0029207
0.00523328
0.00390571
0.017908
0.00723343
0.00509778
0.0100695
0.00557551
0.00268094
0.00545814
0
0.00284403
0.0081609
0.00295554
0.00808371
0.0776801
0.00529023
0.00290515
0.0117491
0.0150439
0.0137953
0.0146561
0.00278778
0.00835558
0.00255823
0.00284226
0.0137312
0.00277691
0.0102049
0.00534351
0.00510339
0.0164809
0.00546831
0.00548653
0
0.0128711
0.00269126
0.00260625
0.00686027
0.0402931
0.00267992
0.00869593
0.00809972
0.0443881
0
0
0.00536089
0.00304466
0.00255823
0.0129908
0.011469
0.00264894
0.365049
0.113424
0
0.0137552
0.00800857
0.00854162
0.00831426
0.00454336
0.0310506
0.0274455
0.0538136
0.00886841
0.0047706
0.0082512
0.00576567
0.00488352
0
0.0194793
0.0442931
0.00564328
0.0189847
0.00738872
0.0244503
0.00566131
0.117128
0.00537736
0.00572082
0.0110867
0.0160464
0.0571275
0.016989
0.0187734
0.00573181
0.016358
0
0.171289
0.00537304
0.00515207
0.0195898
0.00568176
0.00810975
0.0084928
0.027171
0.00787994
0.00498031
0.011399
0.0716636
0.00315972
0.00587093
0
0.00844767
0.583938
0.00541504
0.00764783
0.00802891
0.0164928
0.0321423
0.0118817
0.00536617
0.00808296
0.00525172
0
0
0.00567214
0.00836908
0.0127158
0.0141513
0.0179878
0.00540615
0.00819294
0
0.0057391
0.00270596
0.00811398
0.00533139
0.00785478
0
0.00804371
0
0.00537598
0.00826006
0.00822304
0.0079555
0.0135036
0.0108437
0
0.00534381
0.00533139
0
0.00804371
0
0.00817095
0.0108015
0.0144051
0.00558569
0
0.0158431
0.00262609
0.0026256
0.00494207
0.00251863
0.00253525
0.00581443
0.00371661
0.0506065
0.00860433
0.00563369
0.00515313
0.0143129
0.00520583
0.00530609
0.00546063
0.00520718
0.0187103
0.00789196
0
0.148101
0.158082
0.00582801
0.0134018
0.00263093
0.0108994
0.00521349
0.019921
0.017303
0.0222265
0.060575
0.0165369
0
0
0.00525535
0.0112556
0.00490152
0.00282243
0.0202179
0.017004
0.033287
0
0.029704
0.0110401
0.210478
0
0.00271472
0.00816936
0.00296143
0.0277915
0.0192567
0.00527686
0.0174023
0.00857331
0.0160996
0.00363046
0.0375797
0.00277203
0.0105371
0.0167128
0.00254132
0.0083116
0.00509719
0.0274427
0
0.00798346
0.0591943
0.00796743
0.00284937
0.0167165
0.0250703
0.00438445
0
0.0273025
0.00816343
0.0276516
0
0.00263977
0.0105849
0
0
0.00472098
0.00776324
0.00576779
0.0110807
0.00357971
0.0251389
0.0446303
0
0.00249654
0
0.00787487
0.00554708
0.00760613
0.00634941
0.0057245
0.00789282
0.00804257
0.00279766
0.0051337
0.00272492
0.0055826
0.00582819
0.00273875
0.0190124
0.0142017
0.0053821
0.00549959
0.00279766
0
0.00820032
0.0027562
0.0335318
0.00259635
0.00813272
0.0161666
0.00792277
0.0110952
0.00498879
0.0130771
0.00283027
0.00426464
0.133561
0.00283234
0.00292621
0.00281875
0.0533795
0.00289487
0.0184853
0.00807038
0.0717505
0.0029534
0.00574145
0.0269955
0.223566
0.801608
0.93088
0.729754
0.0710157
0.00520997
0.00546859
0.00288274
0.00567131
0.0144075
0.00472243
0.0178748
0.0413568
0.00615566
0.0307821
0.00554476
0.00520435
0.019521
0.00406697
0.0026354
0.0206292
0.0169366
0.00603327
0.018766
0.0162073
0
0.0809936
0
0
0.00257295
0.00284758
0.0111021
0.0760819
0.0164183
0.00411343
0.00297235
0.0058773
0
0.00264284
0.00779234
0
0.00296143
0.00548476
0.0025736
0.0405773
0
0.0137301
0.0036027
0.0248358
0
0.07254
0.00396919
0.00257432
0.027726
0.0054942
0.0197284
0.00794101
0.00275897
0.00290875
0.00262417
0
0.00367553
0.00277922
0.0054335
0.00294451
0.0146208
0.00808831
0.0333262
0.00775465
0.00269443
0.0356184
0.00847904
0.00822393
0
0.00546537
0.00276098
0.00249074
0.00250318
0
0.00556293
0.00832882
0.00308711
0
0.00541719
0.00823221
0.00259676
0.00279766
0.00563434
0
0.00562885
0.0139268
0.00296554
0.008401
0.0133526
0.00524438
0.00834892
0.0132219
0.00553069
0.171318
0.00562407
0
0.00524438
0.0296653
0.00279439
0.00566827
0.00780127
0.00249247
0.00262573
0
0.0123792
0.159669
1.0008
0.395379
0.00530321
0.00531141
0
0.011418
0
0.00409801
0.0177227
0.0496378
0
0.00580781
0.00548332
0.0116564
0.00286861
0.00406797
0.0261954
0.00873172
0.0141823
0.00562189
0.0714914
0
0.00304363
0.00259537
0.00255689
0.00573545
0.0804663
0.0193804
0.0113661
0.00311983
0.00269283
0.00247888
0.00573545
0.0055542
0.0117882
0
0.0263096
0.00313478
0.0206109
0.00566205
0
0.0199178
0.124397
0.00254102
0.0058542
0.00447064
0.00635331
0.00278034
0
0
0.00543621
0.00291433
0.0025887
0.0135477
0.0133235
0
0
0.00564763
0.00539886
0.00528517
0.00292133
0.00248453
0.00531629
0.00538626
0.00248085
0.0143523
0.00565289
0.00286861
0.00528517
0.00248453
0.00263143
0.00544567
0.00248453
0.0173141
0.00262927
0.0248
0
0.00271134
0.00531898
0.00251863
0.190105
0.00293371
0.0539171
0.0191966
0.00263143
0.00278308
0.00526601
0.0151299
0.00271134
0.7784
0.990019
0.988669
0.299459
0.00752524
0
0
0.0025792
0.0105766
0.0577976
0.0127066
0.00266763
0.00255764
0.00237696
0.00509766
0
0.0115642
0.0172281
0.00260304
0.00266934
0.0548978
0.00513035
0
0.00286861
0.00287125
0.0542274
0.00277401
0.00273256
0
0.00533166
0.00286861
0.00309533
0.0173853
0.00303328
0.00549819
0.00305534
0.00246858
0.00246042
0.112051
0.00774144
0.00292874
0.00551977
0
0
0.00553788
0.00544859
0.00527101
0.00411193
0
0.00254132
0
0.00280058
0.00281485
0.00289048
0.00255689
0.0026486
0
0.00277567
0.00445835
0.00290575
0
0.0026486
0.00255689
0.00283779
0.0110151
0
0.0056088
0
0.00264243
0
0.0052918
0
0
0.246389
0.00295063
0.00415914
0.00261273
0.00297982
0.0131715
0.00265798
0.00266763
0
0
0.0228165
0.00572308
0.993317
0.976811
0.111556
0.00249371
0.00298524
0.00289386
0
0.00722303
0.0165466
0
0
0
0
0.00281553
0.00460106
0.00573802
0.0105583
0.00581969
0
0.0503391
0.0110706
0.0144214
0.00295675
0.00757997
0
0
0.00291433
0.0129598
0.0124966
0.00547754
0
0
0.00286861
0.815944
0.0441516
0
0.00271004
0.00255617
0
0.00268543
0
0.00259321
0
0
0
0
0.00292427
0.00265628
0
0
0
0.0111813
0.00288518
0
0.00591809
0
0.0283798
0
0.011037
0.00274752
0
1.07627
0.327173
0.0493959
0.00275014
0.0135231
0
0.0086064
0.0385024
0.00298524
0
0.00865905
0.0216691
0.00270162
0
0.0062136
0.0236695
0
0.00254499
0.0265409
0
0
0
0.00557865
0
0
0.00274166
0
0.688938
0.00255315
0.00286335
0.00281079
0.015745
0
0.00811445
0
0.00460106
0.00297421
0
0
0.296297
0.0677663
0
0.00826742
0
0
0
0.00833964
0
0
0.00663995
0.00569055
0.00870575
0.00299572
0.0058277
0.00299656
0
0
0.00263255
0
0.00541166
0
0
0
0.0111006
0.00281553
0
0.114467
0.588304
0.00265752
0
0
0.0028598
0
0
0.00269925
0
0
0
0.0029115
0.00445288
0.0029097
0.00251167
0.00254132
0.00246272
0.00246202
0.00254132
0.00246272
0
0.0112464
0
0
0.062508
0
0
0
0.00290387
0.00245979
0.00350111
0.00264319
0
0
0
0
0
0.0027867
0.00262793
0.0752794
0.00264026
0.00344544
0.00254132
0
0
0
0.00262175
0
0
0
0
0
0
0
0.00264674
0
0.00265798
0.0052556
0.0132899
0.00265798
0
0.0132899
0
0.00265798
0.00284374
0.0381198
0.00284374
0
0.197462
0.00282369
0
0.00284374
0.0386748
1.31862
0.00263593
0.00291279
0.00266328
0.00671442
0
0.0127203
0.0108717
0.092375
0
0.464735
0.0296404
0.270031
0.00260807
0.0109678
0.00393703
0.00251417
0.00258839
0.00542687
0.0026076
0.00258839
0.00506822
0
0.00789872
0.0052625
0.00312814
0
0.00303424
0.00562781
0.00695188
0.137124
0.00568772
0.0112115
0.00267138
0.00551804
0.00841399
0.0157694
0.0196688
0.0248221
0.0737653
0.453896
0.660192
0.991318
0.130875
0.240406
0.00276298
0.0272641
0.0230837
0.0519026
0.00294062
0.00276142
0
0.00285507
0.00289108
0.0838518
0.0027622
0.00271937
0.00301988
0.00479359
0
0.0027622
0.00719038
0
0.0027622
0.00278488
0.00839749
0.00885655
0.00249519
0.00263409
0.00298829
0.00825925
0.00260986
0
0
0.00878441
0.0055924
0.00251568
0.00510895
0.00275841
0.00813534
0.00413984
0.040344
0.00254399
0.00304253
0.00911979
0.00999788
0.00281053
0.00524
0.000107841
0.00830148
0.00838619
0.017985
0.0027959
0.00846706
0.0133075
0
0.00241127
0
0.00897578
0.0585703
0.0473727
0.0544515
0.440792
0.300381
0.355449
0.977861
0.993826
0.991801
0.975476
0
0.00266713
0.00270316
0.00363981
0.0122879
0.00898521
0.0298903
0.209782
0
0.00270392
0
0.00270316
0
0.00291458
0.0029383
0.0081521
0.00263273
0.0127385
0.0440419
0.00254399
0.00867223
0
0.984338
0.0465169
0.0416181
0.00276731
0.00257303
0.00279605
0.210264
0.0113277
0.00249915
0.00257303
0.00615087
0.00322446
0.0118843
0.00270316
0.0052696
0.0194882
0.0138229
0.0995561
0.00288915
0.00381598
0
0.00831592
0
0.00250267
0.0105414
0
0.594154
0.0297474
0.00515643
0.0127342
0.0201765
0.0106429
0.00270998
0.00253311
0
0.00295308
0.00307131
0
0.0247821
0.0601548
0.0481111
0.383362
0.231521
1
0.937053
1.00801
1
1.05586
0.00470424
0.00292126
0.00684049
0.00831205
0.00270645
0.00283507
0
0.00568598
0
0.00625941
0.00257739
0.00283507
0.00276633
0.00295851
0.00512182
0.0152187
0
0.00296106
0.00263273
0.00254399
0.0029754
0.955016
0.0128792
0.0110721
0.00263273
0
0
0.00329091
0
0.00296106
0.304784
0.0050411
0.00552381
0.0112831
0.00537601
0.0286452
0.00831509
0.00536223
0.00256214
0.00258974
0.038944
0.00378769
0.0203892
0.00811936
0.0027717
0
0.00586098
0.0026718
0.0115002
0.0194201
0.00270475
0
0.00287028
0.00257166
0.0676032
0.00268513
0.00337724
0.00585045
0.00838207
0.00779963
0.00239394
0.00287028
0.00270428
0.136183
0.00871609
0.253285
0.119887
0.988131
0.91985
0.00252584
0.00266466
0.0104354
0.00732171
0.00458306
0.00674646
0.0141879
0.00515327
0.00543607
0.00268897
0.0249497
0.0132256
0.0026296
0.00825223
0.0136175
0.0124411
0.00519025
0.00289348
0.0793649
0.00252513
0
0
0.00575463
0.0313538
0.00545108
0
0
0.00252513
0.00251196
0.00521715
0.968568
0
0.00274113
0.00867781
0.00268897
0.00244293
0.0494302
0
0.00839413
0.0985694
0.00247397
0
0.00521811
0
0.0583047
0
0.0677844
0.0159145
0.00272516
0.00288915
0
0.00291232
0.00365914
0.0108343
0.0839765
0.00324774
0.0325655
0.0660878
0.00265241
0
0.00256496
0.00743358
0.00854684
0
0.0152921
0.0083281
0.00260042
0.0130101
0.00249961
0.0238784
0.0726913
0.00812234
0
0.0057635
0.0274251
0.00798369
0.015744
0.00551069
0.0278889
0.0026504
0.031768
0.231938
0.0108772
0.0053777
0
0.00354888
0.010788
0.00313935
0
0.00550604
0.00687238
0.0105726
0.00401184
0
0.0058508
0
0.00718034
0.0029169
0
0.0180233
0.00254083
0.00588699
0
0
0
0.00832448
0.00254083
0.00580901
0
0.100898
0.927485
0
0.00532912
0
0.00296035
0.00252513
0.00501707
0.00260808
0.00678046
0
0.0453074
0
0
0.00300481
0.00587805
0.00307106
0
0.0115603
0.00995172
0.00869841
0.0184826
0
0
0
0.0055366
0.0029978
0.00440302
0.016194
0.00786578
0.00832975
0.00271314
0.00822498
0
0.00264181
0.00872051
0.0272509
0.00887036
0.0025588
0.00277098
0.00824958
0
0.00287028
0.0174568
0.00272487
0.00409525
0.00844291
0.00830636
0.0132465
0
0.00257166
0.00259366
0.0133848
0.00557021
0.0228417
0.00257738
0.00261538
0.00291676
0.00835837
0.00651314
0
0.0170107
0.0140547
0.00267469
0.00530945
0
0.00542996
0.00545934
0.012883
0.0112972
0.00277301
0.0459712
0.00875195
0
0.00525551
0.0114972
0.0052242
0
0.00268337
0.00574813
0.00287387
0.0224988
0.00299068
0.00281381
0.00268337
0
0.00268153
0.0117278
1
0.839484
0
0.002701
0
0.00287558
0.00449517
0
0.0301985
0.002701
0.00258517
0.00566519
0.00265292
0.0127517
0
0.00534632
0.0306677
0
0.00545447
0.0025986
0.00533668
0.0108985
0.0503449
0.0248072
0.00844337
0.00545447
0.00736343
0.00263408
0.00292766
0.0102271
0.00294875
0
0.0052993
0.00561394
0.00257166
0.0134641
0
0.00527703
0.00811648
0.0720822
0
0.0148228
0.0190782
0.00532675
0.0131742
0
0.00269953
0.00542188
0.0115826
0.0418797
0.0210209
0
0.00610969
0.00520864
0.015524
0.0137732
0.00594502
0.00287598
0.00260097
0
0.00259776
0.00602896
0.0561469
0.00513263
0
0.0223477
0.0138345
0.00386001
0.00252915
0.0245272
0.00265241
0.00272133
0.0132017
0.00399339
0
0
0.00252915
0.00254083
0.00788008
0
0.0149268
0.490018
0.731218
0.0164663
0.00289789
0
0.00550388
0.00290853
0.0322841
0
0.0499363
0
0.00839538
0.00741186
0.0817031
0
0.0366729
0
0.00773592
0.00290186
0.00541518
0
0.0225037
0.0147724
0.0132608
0.00290186
0.00337616
0.00299245
0.0232441
0.00555865
0.00260816
0
0.00521642
0
0.0164667
0.0258345
0.00559038
0.00515445
0.00865963
0.00266435
0.00280978
0.0136062
0
0.0162062
0.00842039
0.0113871
1
0.0432065
0.00295313
0
0.00254083
0.0215778
0.00916169
0.0026154
0.00277301
0.00261991
0.00308004
0.00288716
0.0112118
0.0111469
0.0233875
0
0.0255103
0.00285404
0.00623504
0.0134232
0
0.0030951
0
0.0243866
0.00559502
0.00619517
0.0374847
0.981175
0.477158
0.0192622
0.0030849
0.002701
0.00863308
0.00361343
0.00304368
0.00345545
0.00288603
0.165185
0.00552036
0.002701
0
0.256461
0.0231728
0.00257534
0.00292766
0.00266466
0
0.00855947
0.038421
0.320419
0.023024
0
0.00281196
0.00304766
0.00798748
0.0871384
0.00556424
0.00491235
0.00292766
0.00538437
0.019304
0.00475526
0.00302539
0.00261087
0.00828326
0.0115511
0.0174982
0.00275828
0.0202518
1.01568
0.896475
0.0105616
0.067737
0.00937705
0.0025584
0.016138
0.00262036
0.00256952
0.00372466
0.0135948
0.0149151
0.0029523
0.00257666
0.00249401
0.00336086
0.00601602
0.0126527
0.00551983
0.00302829
0.00538466
0.0029523
0.00510062
0.00298403
0.00966246
0.00282097
0.280165
1
0.539944
0
0.00524529
0.00294951
0.0359741
0.00255264
0.0358262
0
0.00252397
0.0493336
0.00261638
0.00361985
0
0.00561987
0.0146977
0.0106899
0.0149745
0.00844633
0
0.0192201
0.00303788
0.0110219
0.00264626
0.0150598
0.00548821
0.0316161
0.00760464
0.00264626
0.00525767
0.00271115
0.00844057
0.00374534
0.00263368
0
1
1
0.00259439
0.00298403
0.00773367
0.00281483
0.00557769
0.00587018
0.0142692
0.0106514
0.00262593
0.00298403
0.00297589
0.00294385
0.00307814
0.238091
1.01123
0.1503
0.00300481
0.00300481
0.0025416
0.0702901
0.00282998
0.00261249
0.0437883
0.00300481
0
0.0373141
0
0.0221383
0.00252397
0.00277005
0.00329213
0
0.0440158
0.0224593
0
0.00524779
0.00290216
0.00252397
0.00583585
0.022175
0.00259351
0.00252397
0
0.00267223
0.0404666
0.00355802
0.0025416
0.00294431
0.00529832
0.00706433
0.00822251
0.0361373
0.988044
1
0
0.00294839
0.00301305
0.989909
0.0971493
0
0.00380465
0.00255417
0.00738184
0.0227399
0
0
0.0203001
0.00270914
0.0029169
0.00592983
0.0029169
0.00298551
0.0284528
0.0137029
0.00292472
0.00283177
0.0029169
0.00298551
0.0254094
0
0.0167451
0.0469307
1
0.0392227
0.0110768
0.0418751
0.00352499
0.00256572
0.00283264
0.624643
0.0142771
0.010575
0.00282553
0.00282553
0.00277033
0.00579239
0.00282553
0.0029122
0.00303226
0
0.0109208
0
0
0.0597381
0.00294273
0.00294273
0.00297023
0.00289765
0.00837735
0.00732563
0.00677415
0.036831
0.017972
0.976895
0
0.0030252
0.0873662
0.00294273
0
0
0
0
0
0.00280964
0.00295288
0.00371992
0.0105362
0.00280964
0.00283763
0.0168579
0.00256788
0.00667086
0.00882378
0.00247662
0.00273609
0.0141466
0.244298
0.0918078
0.0241492
0.1369
0.0709072
0.070324
1.00455
0
0
0.0028651
0.00264713
0
0
0
0
0.00286004
0.00295298
0
0.328616
0.00540077
0.00742109
0
0.0029812
0
0.00269951
0.00549572
0.0104937
0.00857682
0.0270612
0
0
0
0.00812159
0.0568696
0.0173223
0.0142469
0.0858277
0.0117499
0.00276129
0
0.0523523
0.098976
0.216069
0.128634
1.02035
0
0.00296857
0
0.00653029
0.00265519
0.00263276
0.0029308
0.00563203
0
0.00351696
0.0028478
0.00271557
0.00256201
0
0.00286004
0.0122573
0
0.00286004
0.00303183
0
0.00263171
0
0.00350661
0.00298655
0.0027455
0.0458058
0.00263171
0.00258033
1.01861
0.0024981
0.00532824
0.0277108
0.0201052
0.0490763
0.00534092
0.00266744
0.00293397
0.00558059
0.0201942
0
0.00852161
0.00269378
0
0.00256201
0
0.00824174
0.0056904
0.00282586
0.177028
0.00255262
0.002518
0.00549494
0
0.0377886
0.0377526
0.0800842
0.156545
0.00305118
0.00551602
0.0389745
0.525836
0.997507
0.938788
0.925581
0.00505706
0
0.0480819
0.0174411
0.0409333
0.00260608
0
0.00258688
0.00505991
0
0.0113885
0.024976
0.0168082
0
0.00565642
0.00788978
0.00253187
0.00246959
0
0.00276218
0.00299104
0.0142981
0.00269555
0.00261489
0
0.00286004
0
0
0.00287488
0.00281098
0.0136598
0.00811286
0.00269378
0.00299507
0
0.0166058
0
0.00263747
0.00871842
0.0817908
0.012837
0.00329234
0.0109817
0.00562461
0
0.00297577
0
1.04737
1.00359
0.00266822
0.00269378
0
0.00288167
0.00793914
0
0.074924
0.0282202
0.00975912
0.00292773
0.00256761
0
0.00273678
0.0199007
0.00378162
0.00575595
0.187334
0.00292773
0.00280082
0.00504061
0.00555668
0.00795891
0.039422
0.0155993
0.00692971
0.00596827
0.0611623
0.0680309
0.00267754
0.00782031
0
0.0138917
0.0346893
0.054672
0.0735485
0.430495
0.0637006
0.01098
0.00782031
0.110274
0.962172
0.954149
1
0.963198
0.00289512
0.00292189
0
0.0064914
0.0141433
0.0337809
0.0854646
0.00573644
0
0.00263134
0.00289594
0.00807427
0.0106704
0.00858817
0.00537853
0.0027691
0.00263208
0.0055247
0.00525742
0.00827963
0.027033
0.0341287
0.0027455
0.0028165
0.00557254
0.00280964
0.0112505
0.00277979
0
0
0.00525026
0.00292107
0.00557254
0.00280964
0.00602067
0.0028699
0.0136314
0
0.0144453
0.00562484
0.00289594
0.0081929
0.0028165
0
0.0173385
0.0109272
0.424941
0.00554096
0.00856758
0.00287473
0.00247008
0
0.002663
0.00285399
0.823631
0.173223
0.00256852
0.00261309
0.00539637
0.00769287
0
0.0363297
0.0126726
0.0146657
0.00261309
0.0105977
0.00527271
0.0027455
0.00571725
0.050887
0.016708
0.00259624
0.0443651
0.00282899
0.0136447
0
0.00782322
0.186364
0.0766824
0.0193444
0.00856871
0.00866643
0.0457108
0.0025988
0.00240781
0.0137655
0
0.00285306
0
0.00781461
0.0275868
0.104807
0.0255406
0.45847
0.0207352
0.00861442
0
0.0186998
0.792116
1.05821
1
0.00298647
0
0.0027258
0.0299353
0.00771383
0.0138876
0
0.00569909
0.00253115
0
0.00578475
0.00540325
0.0169629
0.00722234
0.0055933
0.00994318
0
0.00291786
0.00297772
0.00522928
0.00556864
0
0.00255374
0.0430195
0.00508325
0
0
0
0.01089
0.00266019
0.00259442
0.00280133
0.0115083
0.0108889
0.00281384
0
0.0277196
0.00276136
0.0115578
0.0602538
0.00297772
0.00281384
0.00286004
0.00351961
0.00565527
0.993424
0.00262548
0.00273644
0.00453797
0.0193372
0.120197
0.0156834
0
0.00262548
0.0029939
0.00247172
0.0046332
0
0.00576417
0.0123996
0.00847913
0.00542877
0.352394
0.00271289
0.00296272
0.0139368
0.0377121
0.00543788
0.00787094
0.0115078
0.0895404
0.136863
0
0.00243785
0.0140186
0.00292773
0.00592776
0.0157969
0.00287346
0.0730088
0.0137234
0.164739
0.00304231
0
0.00832896
0.907251
0.00252778
0.00323254
0.0159766
0.00555785
0
0.00270376
0.00272952
0
0.00317403
0.00590835
0
0.00273029
0
0.00251664
0.00278962
0.00296697
0
0.00298731
0.0051986
0.00296591
0
0
0.00573653
0.00251664
0.00286961
0.00275881
0.0053258
0.00494796
0.0634795
0.00284297
0
0.016758
0.00485474
0.00275881
0.00275881
0.0111664
0.245912
0.0351908
0.00260828
0.00250534
0.00302424
0.0144135
0.0117781
0.0494372
0.00634906
0.0176547
0
0
0.0026877
0.00290684
0.00515981
0.0103059
0.00889849
0.00530015
0.00333152
0.00833002
0.213682
0.0026877
0.0030313
0.00251616
0.0026877
0.0284469
0.00281984
0.0041936
0
0.0201503
0.0187319
0.00246168
0.0026877
0
0.00531474
0.0136337
0.00532262
0.0031377
0.0210589
0.0122035
0.00301614
0.00874835
0.00429293
0.00513286
0
0.00500311
0.00664258
0.0113358
0.0053258
0
0
0.00509408
0.00593072
0
0.00263937
0.0053258
0.0397592
0.00279859
0.00298656
0.00251205
0.00255122
0
0.00294666
0.00281384
0.00282719
0
0.00538354
0.00263368
0.00514496
0.00261309
0.00562222
0.0619994
0.00263987
0.00307372
0.00269378
0.0189349
0
0.00520139
0.00803174
0
0.00290737
0.0586435
0
1.02097
1.02137
0.0721332
0.00257152
0.0027455
0.00252575
0.00571677
0
0.0168397
0.0416399
0.00640176
0.00257152
0.00601296
0.00262548
0.0100383
0.00858622
0.00630585
0.00331804
0.00264568
0.0153721
0.00279789
0.00280964
0.00298731
0.073016
0.00821299
0.0616422
0.00559151
0
0
0
0.00280964
0.00974026
0.0229004
0.0529251
0.00734268
0.00879351
0.00293178
0.00939719
0.0125512
0.0029455
0.00299454
0.00571158
0.00286677
0
0
0.0145173
0.00842893
0.00562979
0.00798574
0.00279314
0.00538067
0.00841478
0.00521079
0.00249538
0.00302588
0.00249417
0.00516438
0.00518102
0.00253691
0
0.0363116
0
0.0403033
0
0.00813847
0.0535143
1.01124
0.582992
0
0.0576123
0
0
0.0133956
0.00398361
0
0.00579002
0.00536605
0.0815212
0.00274137
0.0107535
0.0713364
0.00287719
0.0037705
0.00293855
0.00303979
0.00549773
0.0108915
0.0030514
0.00791308
0.0289374
0.00255822
0.015487
0
0.00838575
0.00292856
0.0027253
0.00314538
0.00288679
0.00288388
0.00292691
0.00885179
0.00748634
0
0.00292773
0.00553542
0
0.00554622
0.00281384
0.00257309
0.00310172
0.00566757
0.00254509
0.00864918
0
0.00825587
0.00273029
0.005051
0.0804924
0.00603844
0.00284715
0.0325012
0.00566757
0.00273029
0.00722047
0.00254509
0.0451461
0.989956
0.969594
0.205052
0
0
0.00926279
0.0138292
0.0128804
0.0147137
0.00286116
0
0.00829614
0.00706725
0.0108493
0
0.0413127
0.00294273
0
0.00288802
0.0587551
0.00416196
0.00813691
0.00262279
0.00288802
0.0136141
0.00290948
0.00718884
0.0101276
0.00557988
0.00276152
0.014142
0.00271742
0.0343623
0.00492277
0
0.00262548
0
0.00268924
0.00264577
0
0.00299113
0.00415741
0.00562602
0.00549049
0.00262548
0
0.00263705
0.00277412
0.00254783
0
0.00270314
0
0.00253291
0
0.00263591
0
0.00257649
0
0
0.0055354
0.00283251
0.00509265
0.0120593
0.226062
0.0102292
0.00257649
0
0.00290798
1.01479
1.01187
0.0646926
0.00277599
0.00418837
0.0220923
0
0.0056736
0
0.00662048
0.00290988
0.218896
0
0.00261168
0.00560421
0.0385942
0.00385689
0.0080261
0.0334475
0.00551227
0.00275126
0.0178236
0
0.0338205
0.0056622
0.00262428
0.951279
0.32676
0.0190288
0.032793
0.0247444
0.00264819
0
0.0164482
0
0.00275113
0.00837107
0
0
0
0.0112359
0
0.00296684
0
0.0164947
1.00618
0.591012
0.106426
0.00274137
0.00703461
0.00801543
0.00274137
0.00276968
0
0.0585042
0
0.00342147
0
0.019182
0
0
0.00259781
0
0.00262318
1
0
0.00276189
0.00456895
0.00289166
0.258095
0.0192384
0.0222175
0.00873518
0.00307751
0.00345416
0.0112966
0
0.00284276
0.0218982
0
0
0.00390041
0
0
0
0
0.00283973
0
0.00284806
0.00341286
0.0677749
0.0385745
1.3152
0
0
0
0
0.030017
0
0.150055
0.0326476
0
0.00251083
0.00269803
0
0
0.00290884
0.0251777
0
0.00274213
0
0
0.00555267
0.00274213
0.00274213
0.00831633
0.010817
0.0257769
0.260158
0.663539
1.01579
0.169664
0.599511
0.0123706
0.00260909
0
0
0.00272692
0
0
0
0.00259982
0.00390364
0.0083485
0.00250597
0.0112107
0.0304731
0.0222306
0.00828519
0.050433
0.0209118
0.0163161
0.00296007
0.00866121
0
0.0112279
0.0139774
0.040733
0.711575
0.227717
0.155244
0.994289
0.990911
0.988755
1
0.00263821
0.00812044
0.0076022
0.164351
0.00309764
0.00274327
0.00263821
0
0
0.00739432
0.0268473
0.0413288
0
0.00755331
0.00298753
0.00263821
1.00065
0.0251313
0
0.00538874
0
0
0.0124361
0.00795965
0.00266817
0
0.0108337
0.00423253
0.00817613
0.0038023
0.109964
0.00543833
0.00596012
0.0347252
0.00265151
0.00280301
0.00274213
0.325585
0.0162827
0.0276827
0.0118506
0.00263794
0.00843417
0.00834817
0
0
0
0.0117273
0.0222973
0.0447624
0.045798
0.444858
0.243653
0.996951
1.00764
0.999722
1
1.01562
0
0.00660839
0.00408626
0.0103928
0
0.00299659
0
0.0122728
0.0053959
0.00270605
0.0115973
0
0.00261586
1.0273
0.0409599
0.00511321
0
0.0101613
0
0.00293759
0.0275232
0.0166816
0.00260238
0.0323031
0
0.0249914
0.0253005
0.0296747
0
0.0150708
0.00271357
0
0.00579246
0.0120463
0.00297406
0.00283083
0.00278173
0
0.125921
0.00584052
0.00696577
0.00304552
0.0200569
0.00261821
0.0197268
0.00278173
0
0
0.00304573
0.0693513
0.00543172
0.614186
0.0857667
1.00404
0.995004
0
0.00466942
0.00871683
0.00309966
0.00262582
0.0168471
0.00295101
0.0221795
0.00295101
0.00260662
0.00295101
0
0.969019
0.00702932
0.00289612
0.00282169
0
0.0118724
0.00965373
0.010419
0.0211627
0.0888564
0.0109578
0.0786727
0.0152845
0.102178
0.00278747
0.0030644
0
0.0325011
0.00514008
0.00278173
0.00579267
0.1448
0.00268424
0.00704216
0.00591054
0.0440112
0.00574276
0.00283083
0.00268055
0.020894
0.00562618
0.00273911
0.573301
0.0309534
0.0114868
0.014642
0.0135501
0.00349571
0.0606652
1.04913
0.134089
0.00268055
0.00531763
0.00531233
0.00300845
0.0220432
0.0287255
0.00274072
0.0106524
0.00784061
0.00299055
0
0.00551313
0.00456786
0.00581275
0.00543975
0.0149118
0.00263821
0.0276948
0.0027783
0.00436729
0.00288998
0.00550569
0.00557007
0.00553436
0.00271844
0
0.00314113
0.0734597
0
0.00309657
0.00431146
0.00547262
0.0103732
0.00269865
0.00678829
0.00258158
0.00278747
0
0.00719512
0.00263841
0.00270708
1
1.0095
0.00517592
0
0.0163342
0.047241
0.00257691
0.0167106
0.00587296
0.0428495
0.00887009
0
0.00748169
0.00838142
0.0034288
0.00284854
0.0113958
0.00558561
0.123034
0.00963151
0.00261363
0.0118641
0.0027394
0.00275974
0.00280301
0.00553283
0.0157238
0.0635571
0.0198932
0.00420957
0.00285824
0.00265971
0.00292829
0.00295101
0.0170126
1.00126
0.880572
0.00771228
0.00249559
0.017553
0.0223979
0.0085741
0.0126472
0.0333411
0.00622924
0.00261844
0.00384915
0.00311645
0.0155627
0.0132803
0.0228725
0.00803994
0.00261821
0.0943553
0.00997781
0.0027036
0.0105752
0.0207517
0.00261821
0.00779859
0.0150053
0.00580304
0.14405
0.0198068
1
0.0851644
0.00306073
0.00284059
0.0138475
0.0029635
0.120752
0.316215
0.566863
0
0.00300829
0.00665612
0.0130296
0
0.0165834
0.00283105
0.0225117
0.0041828
0.174995
0.0158315
0.0813986
0
0.00506863
0.00278637
0.0276597
0.00484184
0.00256286
0.00261061
0.00612562
0.0405544
0.00768857
1
0.988684
0.0212026
0.296848
0
0.0870525
0.0208884
0.00538253
0.00544719
0.618507
1
0.481139
0.00544719
0.0233451
0.00544719
0.00308442
0.00659465
0.00543437
0.00387612
0.00285768
0.0102938
0.0157855
0
0.00281259
0.00824712
0.00563329
0
0
0
0.00763495
1.00415
1
0.00271767
0.00273675
0.00271844
0.00284228
0.00685669
0
1
0.0354627
0.0065552
0
0.00282825
0.00463622
0.00273224
0
0.00285768
0.0122472
0.00582491
0
0.00372741
0.00299118
0.0113483
0.00864727
0.00265243
0.0121515
0.00296311
0.0620587
0.00297291
0.00360861
0.00553859
0.00265243
0.00571739
0.00259884
0
0.00313956
0.0118569
0.999031
1
0
0.00370696
0.002792
1
0
0.0286085
0.00510162
0
0.0110549
0
0
0.0195193
0
0.00280848
0.00550182
0.00550182
0.0146286
0.0142246
0.00849812
0.00550182
0.00550182
0.0169711
0.0110265
0.0467381
0.0525275
1
0
0
0.0485341
0.0198932
0
0
0.0223161
0.00298514
0.00306224
0.00343945
0.0296099
0.0031716
0.00553661
0.0858256
0.703393
0.00676511
0.00277218
0.00331554
0.00277218
0.0026327
0.0026327
0.00530671
0.0026327
0.0026327
0.00273557
0.0026327
0.00583187
0.0282515
0.00354613
1
0.00266796
0.00664705
0.0386096
0.0114225
0.132799
0.0505707
0.00886418
0.286938
0.0139041
0.0139343
1.00256
0.00291425
0.0381821
0.00899075
0.00874789
0.00534078
0.0184103
0
0.00262149
0.101
0.00516904
0.00258474
0.00592688
0.129517
0.022033
0.00303993
0.00516904
0.0907954
0.118514
0.331115
0.208046
1.0291
0
0.00531358
0.00275829
0.00266579
0.0160242
0.00254547
0.00269899
0
0.0168537
0.00535239
0.0337755
0.00269899
0.00266353
1.00576
0.00298135
0.00255944
0.00418418
0.0364649
0.0294183
0.0177491
0.0028906
0.00570184
0.0198467
0.0050244
0.0307292
0.00544677
0.00837101
0.0172009
0.19285
0.00255774
0.00280747
0
0.0162314
0.0512262
0.112923
0.0745024
0.0027753
0.00255774
0.0392876
0.450438
0.793798
1.00182
0.986983
0.017373
0.00958829
0.00258164
0.0028955
0.00248163
0.0150897
0.0028955
0.0026947
0
0.00254547
0
0.00285531
0.00271981
0.00256229
0.00818256
0.00640136
0
1.00339
0.989623
0
0.0028214
0.0222469
0.00415915
0.00251051
0.0112962
0.0101871
0.00541678
0.0465197
0
0.00276533
0.00265852
0.0211774
0.00273105
0.181089
0.0109459
0.0132228
0.0194525
0.0357982
0.00265338
0.0238465
0.00277217
0.0667381
0.0217723
0.0164297
0.0478081
0.774528
0.0611142
0.00268168
0.0321651
0.122866
0.856579
1
1
0.982933
0.00359363
0.0470974
0.00295221
0.00275589
0.00263209
0.00261995
0.013941
0.00254547
0.00282603
0.00281775
0.00587007
0.00254547
0.00269899
0.00793098
0.00293985
0.00534135
0.0835111
0.00273108
0.998592
0.210898
0.0101871
0.0224961
0.0205781
0.0152284
0
0.00384736
0.00792832
0.00583672
0.0435239
0.0134171
0.119029
0.149419
0.00870103
0
0.00303299
0.0030939
0.00405865
0.0611852
0.010748
0.00275045
0.0240684
0.00845667
0.0166861
0.0474374
0.591385
0.0152205
0.0131963
0.753596
1.0078
0.991128
0.00274192
0.0289574
0.00301097
0.0183448
0.00287976
0.00969353
0.00571009
0.00499158
0.00463586
0.00254547
0.00275081
0.00264069
0.00544759
0.0541064
0
0.0131789
0
0.987233
0.0145933
0.0079954
0
0.00622844
0.0170271
0.010892
0.00492379
0.0031101
0.004103
0.0453897
0.00277217
0.0225379
0.21892
0.0086353
0.00758931
0.00268424
0.0818096
0.00747299
0.0225379
0.00537972
0.0283938
0.0103812
0.00931042
0.0202555
0.664137
1.89244e-05
0.00265476
0.00797312
0.971133
0.00256508
0.015918
0.00256922
0.0025685
0.0160985
0.00297032
0.00256922
0.00249091
0.00533273
0.00256922
0.00263478
0.010323
0
0.00268636
0.0082271
0.00285531
0.0028922
0.148504
0.00604585
0.0348343
0.0307548
0.00558039
0.00690534
0.00275248
0
0.117848
0.00275045
0.0335568
0.00303858
0.00314465
0.00275045
0.00458409
0.00269039
0.00302408
0.0263968
0.00428392
0.00297098
0.00952527
0.00275045
0.00673185
0.00529632
0
0.00312565
0.0328623
0.0026756
0.00259376
0.00278268
0
0.00259376
0.00285746
0.00261913
0.00268621
0.00795332
0.00266346
0.0273802
0.00282111
0.00522343
0.0734284
0.0285858
1.04773
0.980924
0.00263478
0.0496916
0.0032359
0.00263478
0.00274824
0.0105728
0.0139943
0
0.0167206
0.00796912
0.00272648
0.0692126
0.00293437
0.045565
0.00272648
0.0089927
0.0395168
0
0.00272648
0.00873182
0.00253914
0.00597572
0
0.0084804
0.0262645
0.00294462
0.00529062
0
0.0456544
0
0.0115732
0
0.00402742
0.0397284
1
0.817227
0.00251051
0
0.0678865
0.00380015
0.00290768
0.00364814
0
0.00282861
0.00286218
0.0417933
0.0217204
0.121181
0.00289774
0.00355851
0.00584891
0.00261054
0.0217204
0.0297208
0
0.133758
0.00347864
0.0189736
0.00254233
0.00444706
0.0028839
0.00279378
0.00667059
0.00273883
0.00530298
0.0027931
0.00254698
0.0180959
0.0105114
0.0241591
1
0.972065
0.191625
0.00934092
0.0303266
0.00357198
0.00287648
0.0028202
0.0101862
0.00294437
0.0568049
0.00260958
0.0103606
0.0383821
0.00574023
0.0270734
0.00494179
0.00504714
0.00260958
0.0203379
0.00679904
0.0035956
0.00276232
0.00277631
0.0104207
0.149093
0.0103614
0.00273806
0
0.00243626
0.00527906
0.00249732
0.00285869
0.010415
0.0387982
0.0206952
0.996398
1
0.0194144
0.0193917
0.00263086
0.053009
0.010867
0.052999
0.00384528
0.00538422
0.00835651
0.00819154
0.0164261
0.0247685
0.809432
0.271509
0.00270918
0.00270842
0.00270918
0.00269442
0.00368757
0
1
0.61493
0.0565876
0.00286976
0.0315184
0.00399458
0.0396842
1
0.00269442
0.00287552
0.00475692
0.230431
0.00857906
0.00268519
0.00269442
0.00269442
0.00269442
0.0323669
0.00259072
0.00276693
0.00262077
0.00259072
0.00690052
0.00309896
0.0381351
1.30022
0
0
0
0.0195364
0.108371
0
0
0.0151888
0
0.00263393
0.0176841
0
0
0.0689018
0.00248908
0.00276567
0.00253043
0.00248908
0
0.00278898
0.00253415
0.00248908
0.00952525
0
0.0124454
0
0
0
0
0.0051483
0.0083949
0
0
0
0.00507436
0.0095735
0.0108619
0.00263931
0.00724776
0.00289652
0.00283949
0.00868955
0.00933404
0.00288305
0.00289652
0.00679726
0.0110907
0.00601431
0.0912354
0.0606995
1.10051
0.0681137
0.16052
0.00252664
0.00831065
0.00257509
0.00287205
0.00365713
0.00290196
0.00260808
0.00278898
0
0.002683
0.00278898
0.00279996
0.00337589
0.0029722
0
0.00556485
0.00287205
0.00278898
0.00260197
0
0
0.00553684
0.0166781
0.00789328
0.00275311
0.00278898
0
0.00335016
0.0274667
0.00258486
0
0.00282634
0.00250937
0
0.00310436
0.154349
0.00255956
0.00299621
0
0.00268073
0.00539032
0.00499905
0.00253426
0.0052165
0.0025548
0.00299621
0.00260793
0.00249908
0.00569093
0.00848524
0.0138343
0.010234
0.00299621
0
0.00261533
0.0132299
0.016472
0.0389345
0.475624
0.478575
1.00254
0.133028
0.51865
0
0.00283025
0.0181428
0.0229609
0.0347951
0.00838522
0
0
0.00292542
0.00283025
0.00445063
0.00263174
0.0821455
0.0128076
0.00297246
0.00801117
0.00560382
0.00445063
0.00624982
0.00291226
0.00257263
0.00258825
0.00266868
0
0.00496005
0.00279313
0.0193205
0.00498156
0
0
0
0
0.00877385
0.00292064
0.0155034
0.00271648
0.00789328
0
0.00267038
0.00570922
0
0.00297009
0.0105703
0
0.0381518
0.00251333
0.00267038
0.00268434
0.0218658
0.0267426
0.00280441
0.00556992
0.00369041
0.00823184
0.00403141
0.14116
0.00312831
0.00285291
0.00823743
0.00280441
0.00246347
0.0040063
0.00539575
0.0198403
0.0266633
0.00926082
0.00538727
0
0
0.0081292
0.0160998
0.0265855
0.0426919
0.0201578
0.0419447
0.0158568
0.0024822
0.00272296
0.00287205
0.00567115
0.0110739
0.00473086
0.0514505
0.0586093
0.0695696
0.831833
0.468271
0.474537
1.01738
1.01415
0.591341
0.991191
0.0029733
0.00526205
0
0
0.038195
0
0.0390626
0.0293674
0.321767
0.0110642
0
0.00297162
0
0.00309084
0.00543125
0.00463641
0.00832462
0.0226896
0.00259189
0.00536357
0
0.00819932
0.0157823
0.00277867
0.00312613
0.00383456
0.0108938
0.00525669
0.0265889
0.117007
0.0378643
0
0
0.00246585
0.0324234
0.00270926
0.00571358
0
0.00541496
0
0.00716948
0
0.00294613
0.00603453
1.01241
0.0126071
0.204312
0.00819696
0.00538993
0
0.00258329
0.00287347
0.00240672
0
0.00997117
0.00293677
0.00861877
0.0220528
0.0250578
0.0024445
0.00545127
0.00570063
0
0
0.0143919
0.0278685
0.0348815
0.00577471
0.00498231
0.00570262
0.00294495
0.00879418
0.00868955
0.00530868
0.0135052
0.162528
0.00309624
0.00271951
0.00819497
0.00298943
0.00434478
0.00838331
0.0111834
0.0250867
0.0782354
0.00542335
0.00500587
0.0261206
0.00566605
0.00252908
0.686314
0.0111783
0.0135621
0.0204114
0
0.0117515
0.0202818
0
0
0.00488834
0.00527324
0
0.00271843
0.0037429
0.0469555
0.0363899
0.0640112
0.289642
0.228541
0.839417
0.919763
0.979584
0.938665
1
0.002505
0
0.0054914
0.00469626
0.00293834
0.00639107
0.0228369
0.0307992
0.025718
0.00259116
0
0.00283025
0.0054959
0.00508998
0.0113141
0.00835665
0.011093
0.00785478
0.00680959
0.00855603
0
0.0109246
0.00596276
0.00423297
0.00839515
0.00276938
0.0227204
0.00310352
0.00252664
0
0
0.00277937
0.00297527
0.0358279
0.00559153
0.0198325
0.00305151
0.00295603
0.00823451
0
0.00283869
0
0.725433
0.0201744
0.0166301
0.00541952
0.00288524
0
0.00282716
0
0.00290592
0.0132936
0.045478
0
0.00272932
0.119495
0.0137281
0.014581
0
0
0.0228286
0.00855581
0.0119508
0.0660731
0.0423452
0.00256114
0.00298943
0.0137194
0.00266458
0.00705995
0.0114967
0.0444465
0.0164767
0.128875
0.00258837
0.00680327
0
0.00555769
0.00821771
0.0053943
0.00323933
0.0125892
0.00791419
0.0345003
0.0317331
0.0135883
0
0.00264995
0.00254423
0.0352939
0.00283869
0.00831418
0.0336546
0.0135439
0.0171054
0.014143
0.014573
0.00510522
0
0.00529943
0
0.00881603
0.00804519
0.025394
0.0333834
0.0757582
0.027662
0.16957
0.247982
0.988031
1.01504
0
0.00256171
0.00541779
0.00818197
0.0290476
0.0402144
0.00719106
0.0171028
0
0.00541868
0.00276938
0.0219859
0.0132086
0.0145
0.00252269
0.0082242
0.00301627
0.00383552
0.0153349
0.0145167
0.0128963
0.00787586
0
0.0442579
0.00526285
0.00265266
0.0168045
0.00268685
0.00268156
0.0239559
0
0.00819204
0.00554292
0.00252664
0
0.00284091
0.0028357
0.901901
0.0441796
0.0162015
0.00284091
0.00289848
0.00824482
0.00257242
0.0029014
0.0553106
0.019974
0.00301049
0.00586572
0.0801429
0.00284091
0.00264701
0.00800865
0.00570841
0.0113545
0.0026632
0.101522
0.0055275
0.00827978
0.0718715
0.00569274
0.00289652
0.00527076
0.005692
0.00880067
0.0106134
0.074757
0.00304618
0.0688092
0.00494554
0.0834102
0.00547864
0.0024575
0.0108061
0.00386068
0.0147913
0.0416157
0.0646635
0.016257
0.00299693
0
0.00515312
0.0401664
0.00290598
0.00514492
0.0658823
0.00884607
0.00383177
0
0.00313504
0.0368193
0.00544864
0.00250379
0.0023709
0.00283297
0.00524137
0.00267836
0.00262657
0.0237135
0.0109386
0.0196053
0.137061
0.0308917
0.00252171
0.00507567
0
0.00267909
0.00548744
0.0038347
0.0461774
0.0263388
0.0607614
0.0030442
0.0104185
0
0
0.00252313
0.00256099
0.0052891
0.0143537
0.0034787
0.0145146
0.0102621
0.00571254
0.00252586
0.0113847
0.00876387
0.00768382
0.00831216
0
0.0167923
0.00266868
0.00254235
0.0382088
0
0.0053277
0.0147433
0.00254235
0.00265006
0.00266653
0.00527891
0.00275122
0.17469
1.3194
0.0125832
0.00541626
0
0.00833957
0.00273721
0.00510687
0
0.0322852
0.00566927
0.00293511
0.0464869
0.00260782
0.00277937
0
0.0187226
0.00263472
0.0363396
0
0.00556234
0.0264646
0.00934319
0.0359381
0.0137571
0.00830093
0.00281822
0.00269784
0.0142358
0.0190136
0.00826372
0.0355079
0.00260569
0.0267885
0.00573497
0
0.00530553
0.00263472
0.0110736
0.0296597
0.00848502
0.00260567
0
0.010641
0.0140728
0
0.00297246
0.0190592
0.0139644
0.0132961
0.00678839
0.00262655
0.00807233
0.0305887
0
0.00507373
0.00898008
0.00266754
0.00308119
0.0167106
0
0.00816278
0.0457305
0.0385811
0.00791501
0.0054656
0.00359425
0
0.0260388
0.0145838
0.0087965
0.00521405
0
0.00799663
0.0052229
0.00521552
0.00805658
0.00441855
0.0118458
0.0150609
0.00777153
0.0104386
0.0228364
0.00254038
0
0.00985336
0.00266754
0.00548936
0.0125989
0
0.00242966
0
0.00241976
0.00801188
0.00554475
0.00575157
0.00263245
0.00250429
0.00249285
0
0.078542
0.943557
0.464372
0.0481923
0.01848
0
0.00816784
0.0277615
0
0.132945
0.00255314
0
0.0105381
0
0
0
0.00830147
0.0348769
0.0290874
0
0.00233257
0.00562922
0
0
0.00621505
0.0757526
0.023263
0.0232837
0.0278965
0.00546947
0.00365894
0
0.0110471
0.00615142
0.0159418
0.00862873
0.00586395
0.0137406
0
0.00791605
0.0113509
0.00252119
0.0143542
0.0652544
0
0.00543817
0.00562049
0.027549
0.00288777
0.00482145
0.00268685
0.00541894
0.0156819
0.0110639
0.0082881
0.0172608
0.0987039
0.0076843
0.00538829
0.041046
0.00587555
0.00246504
0.00816261
0.023712
0.0096845
0
0.00837437
0.00570696
0.00299352
0.0138822
0.00246573
0.00520768
0.00263373
0.00702636
0.0193419
0.012614
0.00578785
0.00304712
0
0.00676966
0.00295594
0.020754
0.0162816
0.00264924
0
0.00293393
0.00287819
0.00294988
0.0151353
0.00282861
0.00259825
0.0029965
0.00287819
0.00391301
0
0.00301883
0.0607117
0.965323
0.979928
0.024012
0.0214739
0
0.0236587
0
0.00314567
0.00284347
0.290817
0.00273612
0.0166159
0.0168795
0.0509066
0.00749993
0
0.0131706
0
0.00582253
0
0.0674687
0.00499995
0.0371276
0.0136324
0.00872766
0
0.00285603
0.00246504
0
0.0221144
0.0194212
0
0.00245254
0.00546769
0
0.0106256
0.00552659
0.00279842
0.109208
0
0.0051722
0
0.0138361
0
0
0.00280669
0.00252242
0.0078182
0.00303594
0.0200667
0.00305851
0.0117271
1
0.128304
0.00522005
0.00491026
0.00269726
0
0.0201066
0.0045884
0.00740858
0.00580219
0.00287147
0.00857901
0.0026718
0.00397663
0.00787574
0.00299352
0
0.00881307
0.00828382
0.00314391
0.00249712
0.0142664
0.00530593
0.00304368
0.0157669
0.00289646
0
0.00251611
0.0072678
0.0147143
0.00604968
0.00924292
0.160213
0.293331
0.663242
0.0214598
0.00551261
0.00293639
0
0.0106177
0
0.0695913
0.00587925
0.0083908
0
0.00274587
0
0.166615
0.0030453
0.0238088
0.00871382
0.00290461
0.00532032
0.00827552
0.0329217
0.00370906
0
0.00312013
0.00739511
0.00558369
0.00397474
0
0
0
0.00494083
0.00567898
0.00298943
0
0.00287066
0.0320331
0.00262047
0
0.00740518
0.00302603
0.00295029
0.00247946
0.00298943
0.00597894
0.0114951
0.0143023
0
0.00282064
0
0.00888622
1.00129
0.493713
0.00257919
0.00268024
0
0.00277173
0.00289472
0
0.20486
0.0529744
0.00631411
0.0058418
0.00271571
0
0
0.00253576
0
0.00255554
0.00510834
0
0.00545012
0.00266847
0.00571579
0
0.0291888
0.00292321
0
0
0.0127391
0
0.0396653
0
0.0125801
0
0.0123201
0.402751
1
0.577223
0.00832811
0
0
0.0103978
0.00311179
0.0114326
0.0593989
0
0
0.0149827
0.00824236
0.00272742
0.00267659
0.00267909
0.0047278
0
0.00582968
0.0035438
0.0515746
0
0.00294434
0.00618251
0.00878696
0
0
0.00247946
0
0
0.0611164
0
0.00298943
0.00851654
0
0.0108154
0.00250719
0
0.00241093
0
0.00569493
0.0116314
0.0029738
1
0.949669
0
0
0
0
0.0105198
0.00272328
0.00434209
0.00257919
0
0.00277173
0.00547432
0.0059669
0
0.00286076
0
0.0025343
0
0
0.00865995
0
0
1.0049
0.0629175
0.00291126
0.00298425
0.0324399
0.00588007
0.00273174
0.00266476
0.0200557
0.00288975
0.00285371
0
0.00301166
0.0222252
0.00293639
0.00294434
0.00294785
0.0190976
0.0106314
0.0215353
0
0.00280113
0.0364924
0.00308889
0.00260616
0
0
0.0207463
0.00300427
0.00552681
0.00273612
0.0148104
0
0
0
0.00259189
0.0115208
0.0106129
0.0126946
0.665125
1.01537
0.00843373
0.0201652
0.00383046
0.00288968
0.00858266
0.00843136
0
0
0.00288501
0.00279199
0
0
0
0
0
0.01423
0
0
0.699559
0.0184167
0.00562352
0.00579657
0
0.00302932
0.0172634
0.00291299
0
0
0.0182478
0.00275068
0.00743598
0.0227288
0.0201882
0.00430504
0.00545617
0.0217637
0.00850648
0.00286559
0.00300417
0.0164398
0.00259189
0.0428759
0.00274772
0.003785
0.00842973
0.00267449
0.0158114
0.00300417
0
0.00870067
0.0142535
0.0222092
0
0.00772971
0.0137831
0
0.00247201
0
0.00772753
0.00269176
0.00298177
0.00302437
0
0
0
1.00423
0.00260133
0.00291299
0.0168524
0.00280486
0.0628354
0.00562789
0.00353982
0.00582233
0.0834447
0.00268275
0.00233721
0.0294434
0.00274921
0.0100941
0.00246848
0
0.0171681
0.00254793
0.17355
0.0223318
0.00299997
0.00852339
0.00360376
0.00555483
0.00253437
0.00253437
0.00658484
0.521279
0.00436059
0.00253437
0.00330625
0.0108616
0.0111016
0.00312767
0.0038533
0.016767
0.00579556
0.00250099
0.00446172
0.0139733
0.01132
0.0144259
0.0175147
0.0164857
1
0
0.00265881
0.00485219
0.00289083
0
0.00258707
0.00269209
0
0.00259755
0.0025898
0
0
0.00259806
0.00779236
0.00274957
0.00270313
0.00287997
0
0.030712
0.00284292
0
0.0028129
0.0170575
0.00284292
0.00262484
0.00342525
0.00285705
0.018805
0.00284292
0
0.00355365
0.0163471
0.0144429
0.130995
0.0615041
0.00564151
0.0508101
0.867004
0.0655761
1
0
0.00792078
0.00254718
0.00271123
0.00298193
0.00529326
0
0.00286586
0
0
0.00258634
0
0.0447289
0
0.00258388
0.00298193
0
0.00793459
0.00532771
0.00262532
0
0.0080037
0.00274297
0.00398775
0.00245133
0.0106232
0
0
0
0.00585039
0.0131443
0.00282576
0.0025006
0.00569681
0.00557411
0.00658169
0.00398998
0.00390185
0.014697
0.00529829
0.00536541
0.00303934
0.0029283
0.0524034
0
0.00862353
0.0056494
0.109981
0.00281172
0
0.0027402
0.0439435
0.0167819
0.0147288
0.232253
0.0338059
0.00540992
0.103255
0.550132
0.230044
0.367353
0.970336
0
0.00275782
0.00309602
0.00553402
0.00552156
0.00288368
0.00541571
0.00293153
0
0.00259042
0
0
0.00311383
0.00265455
0
0
0.00280832
0
0.00273316
0
0.00260142
0.0055276
0.00548699
0.00523024
0
0.00270074
0.00829884
0.0112834
0.00845226
0.00280316
0.00310092
0.00352682
0.00263432
0
0
0.995425
0.00266667
0.0115574
0.0116729
0
0.0193108
0.0339411
0
0.00863173
0.0059039
0.0568354
0.00528071
0.0161446
0.00255328
0.00265455
0.00284793
0.0211402
0.0193367
0.00581036
0
0.00559995
0.0465411
0
0.00564151
0.00282674
0.00265455
0.0133096
0.0395212
0.0678951
0.0355988
0
0
0.367459
0.995676
0.977021
0.701401
0.00259664
0.00274097
0.00497184
0.0656963
0.0199574
0.0139596
0.00246778
0
0.00294984
0.00273942
0
0.00813311
0.014458
0.00279632
0.0154801
0.00820739
0.00290881
0.00286571
0
0.00253574
0.00547331
0.00277695
0.00271811
0.00272444
0.00334137
0.00274586
0.00765603
0.00258212
0.0027661
0.00272444
0.00280332
0.00260978
0.0152043
0
0.0416589
0.00262628
0.0109431
0.0027263
0.00280332
0.00291194
0.00350337
0.00274557
0.00571489
0.0138287
0.0204606
0.0256035
0.00649692
0
0.00280332
0.00287163
0.00336398
0.0175704
0
0.974464
0.842959
0.00262628
0.0027263
0.00288579
0.0192141
0.00357723
0.0242802
0.0315293
0.00918648
0.00259998
0.00525218
0.0025986
0.00265188
0.102663
0.00264557
0.00562475
0.0446499
0
0.00249459
0.00282674
0.0162596
0.0107162
0.107449
0.0319607
0.00633934
0.00260297
0.0169429
0.0706053
0.0125068
0.0106181
0.00282576
0.00253574
0.0337455
0.0243738
0.0276471
0.0404301
0.638506
0.0209205
0.0025634
0
0.0213186
0.158871
1
0.405208
1.03437
1
0.00586907
0.0165356
0.0107752
0
0.0614317
0.00275683
0
0.00281431
0.00290821
0.00577769
0.00574913
0.00821284
0
0.00524171
0.00565017
0.00534005
0
0.0535714
0.0151585
0
0
0.00277159
0.00266688
0.00269761
0
0.00822987
0.00255307
0.00269677
0.00265233
0.0134007
0.0174239
0.010597
0
0.00295419
0.00547349
0.00862758
0.022215
0.00301941
0.0141119
0.117718
0
0.00288368
0.00291948
0.00917925
0.00262059
1.00351
0.225696
0.00527299
0.0028398
0.0027725
0.00254411
0.00350697
0.00971176
0.0418477
0.025708
0.0231013
0.00285656
0.00527299
0.00251077
0
0.00262149
0.0140058
0.0193746
0.0130878
0.00265735
0.00291118
0.0873742
0
0.0164671
0.0928127
0.123226
0.00858914
0.00852126
0.0165793
0.00852913
0.00524174
0.0192814
0
0
0.0284979
0.0107753
0.0472147
0.0274147
0.420423
0.0118503
0
0.0188393
0.695498
0.9754
0.681675
0.00255378
0.00539949
0.0257806
0.0080021
0.00282982
0.00255328
0.00269842
0.0135297
0.00426187
0.00440408
0.003075
0.00250947
0.00529239
0.00269918
0.00271072
0.0421781
0.00296957
0.00269918
0.0104452
0.00960051
0
0.00281789
0
0.00566245
0.00550189
0.00306844
0.0135926
0.00253574
0.0054631
0.00355328
0.0406405
0
0.00281789
0.0345637
0
0.00268668
0.00306902
0.00253574
0.0133092
0.929696
0.0429752
0.00542493
0.00576817
0.00296144
0
0.0367005
0.0035804
0.0083715
0.00791389
0.00272959
0.00453843
0
0.00576117
0.00676181
0.00767554
0.00585306
0.00293741
0.0627914
0.00278905
0.0109148
0.157758
0.00813323
0.0122243
0
0.00307334
0.0532547
0.00255328
0.00302836
0.00269164
0.0275975
0.0134696
0.0198579
0.0396332
0.564356
0.00610837
0
0.0025872
1
0.00262099
0.0254293
0.0153184
0.00577981
0.0134441
0.00633523
0.00276974
0
0.00252886
0.00269164
0
0.00274297
0
0.0106605
0.00307088
0.00555459
0
0.00556362
0.00250628
0
0.00841551
0.0059905
0.00284216
0.00284263
0.00270619
0.00550751
0
0.010527
0.00285493
0
0.00293725
0.00253574
0
0.00747777
0.00289897
0.0856385
0.0528699
0.010698
0.00834012
0.0130849
0
0.00255307
0.00550821
0.00262822
0.00954994
0.00286941
0.00263817
0.0977408
0.00297076
0.00268671
0.0109357
0.0205658
0.00525713
0
0.00278069
0.0280669
0.0109357
0
0
0.0140334
0.014043
0.00548565
0.0430131
0.00776919
0.011309
0.00627375
0.00278484
0
0.0119869
0.00464036
0.00557449
0.00274025
0.00274297
0.002785
0.0051901
0.00594829
0.00292082
0.00274297
0.00782392
0.0144292
0.00245974
0.00532074
0.00262523
0.00265233
0.00286295
0.085434
0
0.0209519
0.00557181
0.00262523
0
0.00269443
0
0.0203618
0.00299732
0.0507157
0.0490714
0.930791
1.01485
0
0.00274806
0.0026291
0.0123604
0.0225229
0.00308237
0.0302849
0.00279695
0.00637286
0.00525592
0.0194537
0.0108036
0.00650048
0.00299732
0.00289781
0
0
0
0.0789466
0.00528651
0
0.00266713
0.00285879
0.012155
0.0025872
0.00945283
0.00919189
0.0467653
0.00331647
0.00567692
0.00543096
0
0.00573465
0.00291646
0.0120068
0
0.00251216
0.00569397
0.00741569
0
0.00563002
0.00860305
0.00515894
0.0027771
0
0.00762149
0.00275376
0.00515894
0.00298113
0.00291241
0
0.00293012
0.00262523
0.00284263
0.00790794
0.00522344
0.00291948
0.00269626
0
0.00284263
0.175869
0.00529057
0.0442799
0.00257178
0.00284263
0.0215906
0.0056158
0.0536245
0.978648
0.808633
0.00298887
0.00269336
0.0180946
0.0533981
0.0105887
0
0
0.00523123
0
0
0.00870718
0.00874134
0.0111885
0.00549632
0.0931101
0
0.00264668
0.00262523
0.0112487
0.137008
0.00293385
0.00357986
0.0109815
0.00579587
0.00263078
0.0112487
0
0.00262523
0.0306542
0.00582525
0.0118083
0.176715
0.00390694
0.00821683
0.00904174
0.00688986
0.0026119
0.00261117
0.00542657
0.00271642
0.0026119
0.00262711
0.00286738
0.00262711
0.00267864
0.0025017
0.0027771
0.00251347
0.00266509
0.0710838
0.0132514
0
0.00818226
0.00251347
0.00380727
0.0909167
0.975245
0.972677
0.208296
0
0.00927389
0.0323116
0.00650586
0.00258632
0.00259269
0.0030913
0.0132558
0.00267071
0.0527115
0.005172
0.0473142
0.00556488
0.00823963
0
0.0397787
0.00258479
0.00262523
0.00816631
0.00259028
0.043415
0.0133324
0.00249625
0.00258479
0.0885183
0.00512802
0.00523007
0.00590627
0.00291144
0.0059056
0.00292389
0
0.00291505
0.00790039
0.00251347
0.144594
0.0190097
0
0
0.00259756
1.02468
1
0
0.00258632
0.00628368
0.00473477
0.019243
0.00258632
0
0.0112904
0.0822069
0.0083492
0.0349334
0
0.00540987
0.0133353
0.00417696
0.0061919
0.0075793
0
0
0.00540987
0.827582
0.266454
0.00411268
0.00299093
0.0027701
0
0
0
0.00598124
0
0
0
0.955535
0.582214
0.0494449
0
0.0168883
0
0.0286765
0
0.00284131
0.008679
1
0.18511
0.00259499
0.0468685
0.011341
0.00563472
0.0165386
0.00297612
