0.127454
0.0467249
0.171945
0.328847
0.26516
0.26516
0.26516
0.26516
0.26516
0.00722121
0.00840172
0.396471
0.0147824
0.0174323
0.0126358
0.0211292
0.0839345
0.00722121
0.00840172
0.785261
0.149314
0.011038
0.034201
0.0157742
0.158556
0.00722121
0.00840172
0.591581
0.159752
0.00793604
0.00794665
0.0689011
0.290652
0.0106836
0.0160633
0.413957
0.0160716
0.191639
0.00793604
0.022184
0.0809611
0.479662
0.0136277
0.00739606
0.0238474
0.139527
0.0160716
0.219743
0.00793604
0.0340393
0.0403196
0.597141
0.01346
0.010706
0.01116
0.20706
0.0160716
0.163776
0.00793604
0.0113087
0.0117817
0.0134131
0.375546
0.0546198
0.0160716
0.212582
0.0546198
0.0546198
0.0546198
0.0546198
0.0546198
0.0546198
0.0546198
0.0546198
0.00770684
0.063458
0.0316742
0.0220541
0.14314
0.0471758
0.111415
0.0141305
0.0327407
0.256771
0.00664793
0.00628455
0.0138121
0.0173759
0.131458
