0.201323
0.0245165
0.0145534
0.217159
0.0145534
0.392079
0.0145534
0.392079
0.0145534
0.392079
0.0145534
0.392079
0.0145534
0.392079
0.0145534
0.251436
0.0145534
0.103798
0.323542
0.65958
0.0164078
0
0.758837
0.00846506
0.0693543
0
0.663094
0.0156014
0.622327
0.0601479
0.0425006
0.0352528
0.0320766
0.688211
0.0688278
0
0.0420799
0.0112183
0.0107883
0.0438717
0.0667564
0.263681
0
0.54099
0.00667502
0.0688278
0
0.00898173
0.0112183
0.0201076
0.0520432
0
0.0176687
0.232408
0
0.118568
0.00810476
0.0613234
0.00810476
0.00810476
0.00810476
0.0125938
0.016473
0.00757131
0.00640589
0.0079846
0.0251937
0.0134428
0.0100247
0.0161254
0.0591373
0
0.00757131
0.00640589
0.0681102
0.293347
0.0433834
0.0134428
0.00941052
0.0177886
0.281188
0.00757131
0.016164
0.226781
0.0620516
0.0433834
0.00941052
0.131328
0.27692
0.0248513
0.0898985
0.00850556
0.0337828
0.127689
0.0248513
0.0248513
0.00848095
0.0159292
0.00962565
0.00848095
0.0159292
0.00962565
0.00848095
0.0159292
0.00962565
0.00848095
0.0159292
0.00962565
0.00848095
0.104128
0
0.0116949
0
0.0469393
0.185935
0.0249759
0
0.00841237
0
0.00916144
0.0168113
0.033592
0.00917714
0.015468
0.0990675
0.0063094
0.634118
0.0584772
0
0.00778339
0
0
0.0186189
0.0168113
0.0336286
0.00917714
0.0496113
0.273521
0.0063094
0.994085
0.0658355
0.0129384
0.0253835
0
0.0374457
0.0142918
0.0168113
0.0111049
0.0254912
0.142705
0.957436
0.0501012
0.0146706
0.00652109
0.0129384
0.00866584
0.0282842
0.0168113
0.0111049
0.0605314
0.109384
0.0173768
0.00712351
1
0.0250058
0.00652109
0.0129384
0.114091
0.0189456
0.0168113
0.00943236
0.0176326
0.106578
0.014422
0.984264
0
0.0952956
0
0.0752452
0.00652109
0.0682519
0.129545
0.00945749
0.0151677
0.0112081
0.0190964
0.04143
0.382873
0.0169432
0.887527
0.00754211
0.124592
0.0136978
0
0.0752452
0.0114178
0.00652109
0.0682519
0.0165983
0.0151677
0.0190964
0.0165663
0.443709
0.355063
0.00754211
0.0155404
0.0114178
0.012699
0.0229328
0.00941211
0.00719697
0.128362
0.00754211
0.0146474
0.00937131
0.00908457
0.00754211
0.0128234
0.00754211
0.0789895
