0.0631621
0.0114663
0.0116039
0.0886707
0.217103
0.0364375
0.0369113
0.170712
0.402571
0.0153168
0.0111092
0.0202573
0.01509
0.011282
0.0205616
0.163058
0.00381744
0.005536
0.0028717
0.0228297
0.117174
0.00799055
0.0359041
0.00543988
0.121882
0.015169
0.762569
0.991769
0.0245059
0.00544639
0.00263327
0.13093
0.00422097
0.00523606
0.00713171
0.00285478
0.00489106
0.00731519
0.133304
0.997133
0.708061
0.0197499
0.00448034
0.0189676
0.00466512
1
0.0965108
0.0116202
0.266363
1.01157
0.993366
0.987021
0.00568237
0.0078332
0.0547401
0.00561496
0.00780904
0.0553973
0.985779
1.00364
0.00551469
0.0185729
0.103612
0.00544924
0.0186316
0.104856
0.733236
0.990823
0.00525716
0.00254903
0.00518951
0.00257306
0.0334057
1
0.280272
1.02913
1.01678
0.0182159
0.0189669
0.0535323
0.0557391
0.995652
0.353721
0.979219
0.385072
1
0.988943
0.00445237
0.00273921
0.00255663
0.00284924
0.00692561
0.15917
0.0357096
0.165563
0.737492
0.982259
1
0.0155434
0.016168
0
0.0651254
0
0.0677423
0
0.11461
0.988786
0.395609
0.0988739
0.226717
