0.194955
0.0567063
0.025508
0.0146095
0.0221861
0.137911
0.0490167
0.137911
0.0524921
0.135381
0.0684836
0.145588
0.0135247
0.0684836
0.393415
0.0135247
0.0684836
0.0068151
0.239285
0.0102552
0.00897751
0.0202364
0
0.0753146
0.00693007
0.0068151
0.279901
0.0124038
0.03039
0
0
0
0.0135247
0.110522
0.0754075
0.010281
0.0189139
0.112041
0.07457
0.126094
0.0157672
0.0146555
0.226114
0.00867105
0.24027
0.0532305
0.217007
0.0173354
0.111065
0.196043
0.0445095
0.111065
0
0.182183
0.0445095
0.141275
0
0.182183
0.0445095
0.141275
0
0.146094
0.0359495
0.234331
0
0.0956761
0.0263836
0.360312
0
0.114314
0.420994
0
0.00904821
0.286995
0.00904821
0.178049
0.0107433
0
0.0304245
0.622351
0.0107433
0.00903091
0
0.0405823
0.986274
0.00798189
0
0.00903091
0
0.0100563
0.228675
0.00798189
0
0.0159296
