0.247059
0.362812
0.657991
0.540554
0.540554
0.540554
0.540554
0.540554
0
0.346085
0
0
0.890033
0.00791527
0
0
0.0191836
0.050473
0.992312
0
0.0191836
0.0336574
0.850216
0
0
0.415143
0
0.0522921
0.0115875
0.0129301
0.302341
0.0243803
0.043158
0.129429
0.0115875
0.0129301
0.704101
0.0665687
0.0328104
0.226832
0.0115875
0.0129301
0.718978
0.0490472
0.0438202
0.353612
0.0106847
0.0129301
0.0169315
0.0110237
0.0364842
0.487025
0.0926338
0.016621
0.0219741
0.560567
0.0102472
0.0129301
0.0119766
0.0211427
0.263901
0.106723
0.016621
0.0219741
0.672396
0.0102472
0.0129257
0.0211427
0.245707
0.115215
0.0585234
0.0170248
0.364002
0.0793545
0.211693
0.0325206
0.0325206
0.0325206
0.0325206
0.0325206
0.0325206
0.0325206
0.00920465
0.0419687
0.0335576
0.186193
0.0138374
0.044964
0.083874
0.0508207
0.0112945
0.59445
0.0138374
0.0335987
0
0.0124435
0.0418599
0.0269709
0.263144
0.0213975
0.0829965
0.0344167
1.01039
0.0262192
0.0335987
0.0143575
0.0124435
0.0944427
0.131736
0.387166
0
0.0211487
0.179783
0.104504
1.00106
0.0556489
0.0124435
0.00849552
0.033259
0.162581
0
0.0119108
0.0509924
0.0462661
0.994469
0.0124435
0.0415483
0.0116653
0.695366
0.0212092
0.0116653
0.247064
