0.438
0.407398
0.451203
0.00519892
0.216382
0.00528049
0.0144973
0.0738268
0.457187
0.255938
0.0855793
0.411727
0.202998
0.0117019
0.0222699
0.0119429
0.0453745
0.719598
0.0822973
0.017114
0.742226
0.00593874
0.045941
0.0203643
0.844747
0.0271919
0.00618114
0.00263055
0.00959186
0.00408207
0.0107885
0.016271
0.00557968
0.0026508
0.00340946
0.0368446
0.0116758
0.0106231
0.0157811
1.00974
0.0405745
1.01108
0.00266433
0.00265878
0
0.010978
0.00268366
0.00722599
0.00547145
0.00264766
0.0299142
0.131103
0.0116062
0.00543127
0
0.00970418
0.994341
0.00264953
0.00858516
0
0.00264953
0.00552461
0.00267101
0.00834521
0
0.0171599
0.165626
0.00283532
0.00867584
0
0.0115102
0.00287089
0.148129
0.00268501
0
0.981131
0.00264766
0.00272169
0.0388536
0.00293989
1.00127
0.00278174
0.00809952
0.0054294
0
0
0.0406175
0.00294731
0.00611338
0
0.002794
0.0462883
1.00718
0.0272636
1.07534
0.00274009
0.00556256
0.00533817
0.0219539
0.46596
0.0331829
0.0286006
0.0026073
0.565676
0.0134014
0.93255
0.00906163
0.0448737
0.00815143
0.0315825
0
0.00528908
0
0
0.0138738
0.0244384
0.0192712
0.0300773
0
0
0.0992933
0.0106241
0
0
0
0
0
0
0
0.0664095
0
1
0
0
0
0.289339
0.26445
0.00570826
0.00309555
0
0.019194
0.0245427
0.399535
1
0.688857
0.0075804
0.00297366
0.0100378
1.05268
0.98541
0.975442
0.526182
0.954971
0.00308607
0.0128387
1.00227
0
0.00298654
0.0112365
0.281183
0.00649749
0
0.0180144
