0.0482379
0.0365859
0.125024
0.037019
0.532034
0.0599296
0.49594
1
1
0.530111
1
0
1.00169
1
0.0257578
0.0133477
1
0.0982416
0.0161647
0.00255523
0.379285
0.105983
0.00585204
0.00248338
0.00246464
0.0593345
0.00277453
0.00333216
0.0525978
0.0980739
0.00528049
0
0
1.00163
1
0.680142
0.815714
0
0.217463
0.0140243
0.0790546
0
0.0766568
0.00255942
0.0141257
0.433958
0.0256519
1
0.494266
1.00969
0.941699
1
0.0373455
0.00251782
0.00523748
0.133362
0.0133642
0.0350609
0.0313916
0.0135109
0
0.108284
0.00755533
1
0.254231
0.989744
1.01103
1
0.0213763
0.990096
0.976522
0.0218617
0.0218596
0.00369254
0.00820092
0.0101677
0.032869
0.00275545
0.00494729
0.00263208
0.00756008
0.00263208
0.0157925
0.13771
0.00542113
0.0271057
0.339325
0.00272839
0.0592671
0.0613831
0.0709009
0.0287816
0.00568853
0.00274995
0.00283289
0.0124274
0.00277946
0.00301331
0.0628424
1.02579
1.00976
0.00264318
0.056263
0.00266951
0.00543671
0.145328
0.00824881
0.0167838
0.00574108
0.00822917
0.206566
1.00926
0.011612
0.995335
0.0109402
0.00400059
0.0147282
0.00579824
0.0235683
0.0635884
0.0798631
0.00263208
1
0.0105923
0.0197776
0.00283742
0.00542213
0.00285199
0.989628
0.00260867
0.00274951
0.00482524
0.00410469
0.00311213
0.048838
0.00310671
0.00258151
0
0
0.00895331
0.0528459
0
0.00612647
0.0097194
0.240172
0.0164704
0.00379344
0.00252896
0.00252896
0.00327278
0.00588657
0.0642925
0.0105269
0.0146737
0.00236486
0.00344858
0.028203
0.00246681
0.00264687
0
0.010572
0.00529392
0.00300478
0.00409742
0.0106031
0.00300478
0.00300478
0.00303164
0.00385566
0.00286558
0
0.921682
0.898926
0.00301277
0
0.0151842
0.00569752
0.00619274
0.00713899
0.0164556
0.0126542
0.00244992
0.00411849
0.0142777
0.0207352
0.00790581
0.0161916
0.00260837
0.0147925
0.00711375
0.221199
0.0230436
0.0422221
0.0481974
0.00284796
0.00264119
0.00599222
0.0112146
0.0108198
0.00280595
0.00499577
0.00437887
0.0930193
0
0.0108384
0.00499577
0.00280595
0.0137138
0.00280595
0.00399309
0
0.00296501
0.0159653
0.0228834
0.987503
0
0.00252896
1.00993
0.987198
0.00574666
0.00279664
0.00893978
0.00291274
0.00289168
0.00281053
0.00296492
0.00273335
0.00431581
0
0.0027689
0.0156338
0.00298084
0.0682399
0.00273335
0.00273335
0.0055055
0.00745459
0.840304
0.0542057
0.0667019
0
0.0627693
0.0279712
0.0168357
0.00295237
0.014472
0.00275872
0.0111214
0.0171779
0.00533697
0.00258924
0.00357755
0.376121
0.0218787
0.0098706
0
0.00839359
0.00628227
1
1.02698
1.00637
0.00282026
0.00872246
1.01674
0.990695
0.150873
0.00280917
0.0194382
0
0.00275719
0.00281606
0
0
0
0.0266444
0.00832288
0
0.000700268
0
0.030302
0.0124299
0.720723
0.0560452
0.11901
0.00369046
0.0143574
0.0509514
0.00424754
0.00471405
0.00263905
0.00276525
0.00294231
0.00850534
0.0175775
0.283187
0.00276525
0.00527324
0.00811391
1.03828
0.991777
1.01917
1
0
1.00648
1.00563
0.00263164
0.0287672
0.00291147
0.00343557
0.00291147
0.00304915
0.0029008
0.00275641
0.00600913
0.00555536
0.00302859
0.000450167
0.0555791
0
0.162969
0.0788162
0.0316992
0.00250799
0.00652094
0.0480289
0.0996697
0.00293699
0.00250799
0.00434729
0.0199069
0.00270254
0.0143653
0.00250799
0.00291147
0.00268175
0.0439781
0.0174018
0.00236679
0.00291147
1
0.602752
0.992338
0.0177671
0.0029003
1
1
0.00298501
0.0161422
0.0030175
0
0.00310155
0.00298585
0.00281359
0.00298585
0.00271168
0
0.00275641
0.0211395
0.0029917
0.0367662
0.0415009
0.0137371
0.0508774
0.0226284
0.00260517
0.00561845
0.257123
0.0403427
0.0029003
0.00258924
0.0140461
1
0.116298
0.947009
0.0367654
0.997204
1
0.00707677
0.00904165
0
0.011826
0.0175977
0.00296492
0.00309133
0.00466164
0.0029003
0.0501132
0.0117604
0.0131311
0.921112
1.3971
0.659943
0.0186467
1
