0.0287739
0.00601399
0.649493
0.405337
0.00252371
0.0219378
0.0872134
0.0185416
0.0392064
0.017655
0.0813174
0
0.179813
0.00304231
0.00898545
0
0.21885
0.912802
0.938894
0.00478939
0
0.00296217
0.00718409
0.104834
0.0403931
0.962314
0.00299153
0.00301875
0.00362546
0.00601125
0.204255
0.971895
0
0.0143682
0
0.00453732
0.589322
0.0147677
0.00780736
0.03551
0.00344197
0.00789306
0.260688
0.0491455
0.00273338
0.0108937
0.455462
1.02006
0.089481
0.0357926
0.00989565
0.00268211
0.134706
1.01281
0.207938
0.0756511
0.00572533
0.00282486
0.00750333
0.238289
0.00273987
0.0586629
0.171957
0.00599703
0.0657615
0.00592501
0.00529708
0.0140642
0.0603075
0.00291051
0.00869277
0.00517878
0.00295891
0.00529708
0.0325979
1.05051
0.00296616
0
0.00296616
0.00336789
0.0244643
0.0053975
0.117068
0.0673096
0.921857
0.0111789
0.00403749
0
0
0
0.00786467
0.979863
0.92902
0.00588527
0.5918
1.01669
0.00783455
0.00865634
0.00381808
0.0111846
0
0.0097977
0
0.003713
0
0
0.0503905
0.0179886
0.00273389
0
0
0.0049887
0
1
1.00287
0
0.00589692
0
0
0
0
0.0240799
0
0.00295092
0.00278065
1.07133
0.999008
0.4025
0.0034061
0
0.00489885
0.00293897
0
0.00575347
0.066268
0.0049646
0.00302377
0.00590172
0.996888
0
0
0
0
0.0146652
0.00312473
0.735439
1
0.0263606
0
0
0
0.0109297
0.0441403
0.00496963
0.00841397
0.00529708
0.00470809
0.00278803
0.0213467
0.451341
0
0
0.0149987
0.224273
0.00267007
0.0239153
0.00307943
0.00885063
0.0229742
0.0319699
0.0124465
0.676289
0.216953
0.0120981
0.00270041
0.00566256
0.00278525
0.00295092
0.0146339
0.0176929
0.0150968
0.0308782
0.212885
0
0.0319408
0.00293399
0.0276759
0.346644
0.0724597
0
0.00858118
0.00384903
0
1.00151
0.0371166
0.00287661
0.0621302
0.00290418
0
0.002731
0.0172197
0.270069
0.00269863
0.00811452
0.0114759
0.00278213
0.641956
0.00285215
0.00556476
0.00694175
0.00790651
0.00796471
0.00295831
0
0.0086693
0.0682205
0
0.00866369
0.0222063
0.00295241
0.0372633
0.987452
0.00288273
0.00563058
0.00591029
0.00270515
0.0259389
0.994698
0.00819313
0.00290418
0.00861226
0.00566807
0
0
0.00585659
0.011726
0.00299628
0.00976098
0.0140449
0.00287326
0.01863
0.785439
0.0570027
0.00810642
0.0112822
0.0432326
0.00355141
0.00862531
0.0084546
0.00791648
0.424526
0.00828559
0.0147989
0.54708
1
0.0105792
0.0232404
0.00859316
0.00762019
0.0319139
0.123173
1
0.967454
0.00574316
0
0.023213
0.947421
1
0.0180759
1
0.00287611
0.00698517
0.00749092
0.90861
1
0.976331
0.0032699
0.749681
0.00799628
0.0230396
0.0208001
0.485873
1
0.0026848
0.123461
0.00271309
0.354331
1.00007
0.823636
0.0285484
0.390402
1
0.126361
1
1
1.02082
0.651346
1
1
1
0.6021
0.816094
0.196113
0.0850886
