0.00603396
0.115345
0.0396002
0.0366561
0.122408
0.0366561
0.122408
0.0366561
0.122408
0.0199199
0.135012
0.0199199
0.122408
0.0199199
0.122408
0.0199199
0.122408
0.193417
0
0.41028
0.0159539
0.0293949
0
0.0987702
0.940966
0.0159539
0.039063
0
0.193397
0.00723322
1.00936
0.0159539
0.039063
0
0.193397
0.00723322
1.00936
0
0.00966805
0
0.0747562
0.00723322
0.56352
0.00966805
0
0.0747562
0.164957
0.0117307
0.0386845
0.0186294
0.037226
0.0117307
0.0386845
0.102882
0.00966805
0.0182804
0.037226
0.013087
0.169324
0.0156363
0.0235329
0.0386845
0.818548
0.00636709
0.0148553
0
0.00978983
0.0187031
0.0144251
0.12438
0.0180931
0.00669708
0.0274253
0.013087
0.175738
0.0156363
0.0235329
0.0113204
0.0309146
1.00537
0.0221581
0.0312039
0.046158
0
0.0144251
0
0.49577
0.0180931
0.00669708
0.0421283
0.013087
0.175738
0
0.0235329
0.0113204
0.0309146
0.997495
0.00738571
0.015431
0.0101815
0.0181025
0
0.0282359
0.311998
0.0849295
0
0.175738
0
0
0.0123288
0.0113204
0.0231845
0.555522
0.015431
0.0280842
0
0.0140309
0.105332
0.0389494
0.0146418
0.00666473
0.0561843
0
0.175738
0.0113204
0.0231845
0.323609
0.015431
0.0371196
0.00735076
0
0.0199626
0.0345708
0.013383
0.00725796
0
0.0231909
0.231945
0.0693227
0.0158753
0.0181404
0.0215979
0
0.00725796
0.0231909
0.72419
0.108469
0.0158753
0.00989456
0.0910989
0.0141702
0.0231909
0.581495
0.0142943
0.108469
0
0.00989456
0.0135603
0.242458
0.0474003
0.0119162
0.0102994
0.475882
0.0142943
0.115391
0
0.00989456
0.0135603
0.207373
0.108038
0.391222
0.0142943
0.108764
0
0.00989456
0.0135603
0.233874
0.141304
0.372304
0.0142943
0.0851269
0
0
0.00989456
0.0567773
0.197143
0.175647
0
0.193473
0.00708828
0.00783108
0
0
0.00989456
0.0567773
0.150565
0.348069
0.014208
0.156974
0.00708828
0.00741671
0.00783108
0
0
0.00989456
0.043217
0.103189
0.28468
0.014208
0.103864
0.00741671
0.0746713
0.0474278
0.0513164
0.0746713
0.0473905
0.0513164
0.0649416
0.0544113
0.0223903
0.0649416
0.33874
0.027776
0.779426
0.0414775
0.00696004
0.06522
0.997873
0.0276486
0.0138213
0.00696004
0.0281442
0.997444
0.00933174
0.486725
0.18153
0.0187582
0.275118
0.806812
0.867942
0.40451
0.100856
0.01031
