0.0261569
0.0138552
0.026249
0.0261569
0.0138552
0.026249
0.0261569
0.0138552
0.026249
0.00388423
0.0239824
0.0444459
0.00388423
0.0138753
0.0625027
0.00388423
0.0138753
0.0444459
0.00388423
0.0101273
0.0511419
0.00388423
0.0101273
0.0511419
0.00388423
0.0101273
0.0511419
0.00388423
0.00660659
0.0574317
0.00516838
0.476867
0.633043
0.633043
0.264565
0.118833
0.00392173
0.0220267
0.416608
0.826914
0.719774
0.373821
0.102063
0.0512414
0.0823038
0.0189207
0.0195042
0.0869404
0.0442933
0.0904353
0.0727271
0.051131
0.1194
0.057471
0.0037802
0.0718431
0.1194
0.057471
0.0037802
0.0718431
0.1194
0.0303465
0.0037802
0.0475543
0.231604
0.0113932
0.0130138
0.0901791
0.0113932
0.0130138
0.0801841
0.0113932
0.0130138
0.0801841
0.0113932
0.0130138
0.0801841
0
0.00389685
0.00733852
0
0.0199918
0.0906781
0.0069175
0
0.00381478
0.00812226
0
0
0
0.0141625
0.00853565
0.381515
0.00666477
0.0069175
0
0
0.00812226
0.00716407
0
0
0.00842741
0.0779225
0.00853565
1.00292
0.00666477
0.0069175
0
0.00812226
0.00716407
0
0.0084306
0.0283835
0.939152
0
0.00812226
0
0
0.00419246
0.0140686
0.0989995
0
0.00812226
0
0.00419246
0.00698573
0.0297248
0.00783877
0.0383871
0.249521
0.297608
0.0564178
0.00740566
