0.00572241
0.0109247
0.00572241
0.00526685
0.00520226
0.00520226
0.00584815
0.0218432
0.0195085
0.0110102
0
0.0165669
0.00526685
0
1.29276
0.566293
0.00520226
0.0222954
0
0.00563257
0
0.00572241
0.00492071
0.00517296
0.0780369
0.00855818
0.0244519
0.0327455
0.00572241
0.00572241
0.00709121
0.00543637
0
0
0.0282354
0.00564707
0.0285273
0.00650282
0.00585724
0.00583051
0.00625638
0.0340378
0.133293
0.163255
0.00895731
0.00675227
0.00570545
0.00570545
0.00546692
0
0.00589089
0
0.695769
0
0
0
0.00564707
0
0.0213354
0.00568945
0
0.00599248
0.00517859
0
0.00687359
0.16064
0
0
0
0.0859199
0.895125
0.722859
0
0
0
0
0
0
0
0
0
0.00564707
0.00564707
0
0
0.00576826
0
0
0.00592286
0.014084
0
0.120164
1.06997
0
0.00570838
0
0
0.00568945
0
0.00568945
0
0.00568701
0.00580322
0.00568945
0.0142363
0
0
0
0
0
0
0
0
0
0
0
0.0338016
0
0
0
0.0112941
0
0
0
0.9762
0.00563664
0.0113196
0.00596859
0.0176382
0
0.0055119
0.00574571
0.00567456
0.00616928
0.0108891
0
0
0.011214
0
0
0.00577082
0.00556671
0.0050051
0
0.00572251
0
0
0
0
0.0277658
0
0.00586372
0
0
0.0158169
0.0168544
0.0450887
0.0743201
0.0317745
0
0.0102783
0.0101455
0
0.0896452
0
0.00616928
0.00561812
0.00573128
0.00509628
0.00529106
0
0.010639
0.0103627
0.00512591
0
0
0.0114629
0
0.0203639
0
0
0.0227505
0.0190182
0.0152398
0.018596
0.0290697
0.0110229
0.00980154
0.016286
0.010992
0.0274659
0
0.00575231
0.00596835
0
0.0111399
0
0
0.0381627
0.0173567
0.111569
0.0115296
0
0.0107247
0.0055885
0.00529106
0.0114792
0
0.0109926
0.011354
0.00607208
0
0
0.0814478
1.0504
1.02112
0.00568784
0.0277751
0.00492073
0.0113866
0.0165866
0.00696431
0.0846696
0.023718
0
0.0150568
0.165618
0.0162517
0.00605527
0.0111508
0.00563823
0.0118265
0.0106796
0.00558033
0
0
0.0251207
0.00588789
0.0111539
0.0110372
0.0118196
0.0521694
0.0173007
0.0486396
0.0049774
0.0166817
0.0806244
0.242864
0.0165242
0
0
0
0
0
0.0175922
0.034302
0.0103326
0.0113899
0.0111018
0.00570838
0.0119351
0.00494283
0
0.00755158
0.0679052
0.073148
0.115787
0.0687007
0.00559916
0.011147
0.00500399
0.0212811
0
0.0345393
0.101728
0.00513811
0.0105457
0.00583948
0.0108141
0.00998793
0.00556671
0
0.0212528
0
0.00538825
0.00582125
0.02002
0.0241638
0.0112957
0.020569
0.00521652
0.0057929
0.0105498
0.0163337
0
0
0.252348
0.0485156
0.00569836
0.0232291
0.00563823
0.0149078
0.00556671
0.0075011
0.021967
0.0527829
0.0394877
0.00586213
0
0.0112562
0.0269368
0.30192
0.0216426
0.00570838
0.0834369
0.0340144
0.085429
0.130416
0.0173563
0.0232418
0.0109403
0.0213354
0.0163919
0.0295144
0.0109926
0.0107054
0.0124307
0.0501632
0.00856257
0.0112711
0.0272172
0.0173656
0.147723
1.00016
1
1.00286
0.0112801
0
0.0112134
0.0167431
0.0279621
0
0.0139305
0
0
0
0
0
0
0.00616302
0.0113898
0.0106738
0.00592508
0.00559916
0.00766107
0.0114394
0
0
0
0
0.0075659
0.0441182
0
0.00614963
0.00957312
0.00580053
0
0.0931916
0
0
0
0.0339494
0
0
0.0248594
0.00531685
0.0115116
0
0
0.00494283
0.00587302
0
0.00562527
0
0.014285
0.139572
0.039693
0.0501217
0.0146119
0.00500074
0
0.00571751
0.00536986
0
0.00476893
0.00596099
0
0.00592925
0.0171042
0
0.038412
0
0.0112429
0.00558033
0
0.0112339
0
0.00569517
0.00588584
0.0174449
0.0159505
0.0108481
0
0.00562527
0.0151972
0.00557575
0.00596024
0.0073788
0.0240141
0.00737657
0.0424303
0.0129425
0
0
0.0109639
0.00540973
0.00565708
0
0
0.0470311
0
0
0.0116118
0.00542589
0
0
0.0218385
0.017364
0.00749652
0.20405
0
0.0116703
0.0113729
0
0.005222
0.00565708
0
0.0112562
0
0.0294745
0
0.0132021
0
0.0495877
0.0832904
1.01718
0.208835
0.94652
0.00541858
0
0.00583323
0.00531381
0
0.0173926
0.0157667
0.0359918
0.0125377
0
0.00596479
0
0.0113011
0.00531531
0
0
0.00579049
0.00951389
0.00515108
0.00536775
0
0.0173116
0.0170687
0.00582009
0.00896976
0.0110322
0
0.040138
0.00596859
0
0
0.0118375
0.032077
0.00568957
0.00562468
0.00599982
0.00567297
0.0050051
0.0109027
0.00608955
0.0165261
0.0557351
0.011309
0.0302912
0.0300394
0.00579049
0.0167937
0.00553961
0.0114308
0
0.0119132
0.0851022
0
0.0120127
0.0217237
0.00553961
0.0164194
0
0.00590688
0.0123502
0
0.0645154
0
0.00578955
0.00526235
0.0110821
0
0.0425511
0.0341537
0
0.0178081
0
0.0325553
0.00578955
0
0
0.00725781
0.00582811
0.0221053
0.138828
0
0.00614437
0.0167625
0
0.011036
0
0.012074
0.0149458
0.0254606
0.00569017
0.00547538
0
0.0401485
0
0.00555999
0
0
0.00567598
0
0.0216232
0.00607049
0.025634
0
0.305867
0
0
0
0
0.0114589
0.020595
0
0.0158503
0.0807939
0.00629296
0.0114709
0
0.00558439
0
0
0.0121677
0.00576011
0.0221826
0.0114674
0.0209415
0.0263914
0.00556671
0.0173625
0
0.0119009
0
0.0222917
0.0139482
0
0.005728
0
0.0181185
0.0317626
0.0162718
0
0.00602807
0
0
0.005728
0
0.00555742
0.00586524
0.0143835
0.0480582
0.0115744
0.0576046
0.0746694
0.774813
0.0658057
0.0105268
0.00569447
0.0061116
0.00596632
0.005728
0.021904
0
0.0247324
0
0.0116596
0.0164662
0
0.00579049
0.0812552
0.00618348
0.0112291
0.0461054
0.0116692
0.00594857
0.0075955
0
0
0.0125103
0.00612319
0.0111864
0
0
0
0.00553628
0.00540162
0
0.00965208
0.0115645
0
0.00838324
0.00613609
0.0145578
0
0
0
0
0.00511468
0.0114985
0
0.0159354
0.0058068
0
0.00514934
0.01184
0
0
0
0.00540422
0
0.015861
0.0209415
0.669865
1.0306
0.00531231
0.00529255
0.016074
0.00673215
0.0975515
0.026657
0
0.00587174
0.00586508
0.0105891
0.00552083
0.0214938
0
0.0118066
0.0111482
0.0229327
0.00922126
0.0176565
0
0
0
0
0.0223365
0.00619758
0.0194582
0.00576011
0
0.0451181
0.00596647
0
0.00487823
0
0.0116047
0.00608439
0.00545533
0.0288914
0
0.00601047
0.00625651
0.00529106
0
0.00596647
0
0
0
0
0.579736
1.04702
0
0.0272774
0
0
0.00556671
0.0429138
0
0
0.00545834
0.0329691
0
0.0106811
0
0
0.00586408
0
0
0.0171627
0.0230965
0.0199486
0.00528025
0.00555742
0.00596647
0.0118676
0
0.0126316
0.0172392
0
0
0.00516843
0
0.0882736
0.00568957
0.00755986
0.0113915
0.00555742
0.010617
0.011733
0
0.0118138
0
0.0201631
0.00598459
0.00542011
0.0239006
0
0
0.0232034
0.00551731
0.020348
0.0225596
0
0.00571232
0.0890818
0.00495524
0.00564707
0.00569447
0.00557825
0.0208447
0.0169497
0.0114164
0.0120388
1.00953
0.982431
0
0.075134
0.00620851
0.0119329
0
0
0
0.0246365
0.0054665
0.0114237
0
0
0
0
0
0.0202615
0.0301349
0
0.00516661
0
0
0.0117227
0
0
0.00527776
0.0218656
0
0
0
0.0180439
0.00587868
0.00519979
0.00581894
0
0
0
0.00527776
0
0.0115023
0.0122115
0.00674984
0.999248
1
0.58257
0
0
0.00604438
0.0176378
0
0.0657396
0.011502
0.0115183
0.170777
0.00592963
0
0.00568957
0
0
0.135111
0.00605943
0.00833456
0
0
0.00530588
0
0.00615833
0
0
0.0328884
0.00999696
0.0134808
0
0
0
0.00574498
0.0076488
0.00518304
0
0
0.0110752
0.00511468
0.00527776
0
0.00511468
0
0.0358129
0
0.0116009
0.00593183
0
0.00587542
0.0105348
0
0.0108422
0
0.0174929
0.0126278
0.0141427
1.0131
0.00487707
0
0
0.0170004
0.00612011
0.00580226
0
0.00560501
0
0.0163895
0.0148543
0.0153069
0.00552083
0.00592793
0
0.0115889
0
0.00575348
0.0265401
0.00527776
0
0
0
0.0172803
0
0.00534037
0
0.00545616
0.0073593
0.0278936
0.0152537
0.0053891
1.01196
1.02624
0.856342
0
0.044611
0
0.00527776
0
0.0470301
0.00542264
0.00769777
0.0113247
0.408502
0.0162491
0
0
0
0
0.158333
0.00575488
0.00567995
0.0242402
0.034749
0
0.0151948
0
0
0.0161124
0.0349487
0
0.0340955
0
0
0
0
0
0
0.0108891
0.00592793
0.0155246
0
0.0230178
0
0
0.0166096
0.00561254
0.0102581
0.0577542
0.0058483
0
0.0140632
0.00588127
0.0106954
0
0.0484841
0.0111895
0.00721708
0.0264723
0.0177575
0.0279565
0.679938
0
0.013839
0.0888162
0
0
0.0109986
0
0
0.0314578
0.0299908
0.00512156
0.00512156
0.0281722
0.0431393
0.00542368
0.0277222
0.884089
0.320436
0
0.00594878
0.0073788
0
0
0.0694729
0
0.00850545
0.00606524
0
0.0111236
0.0330636
0.0297388
0.00533487
0.0199939
0.00534141
0.00517487
0.00513795
0.00552083
0.0410018
0.005883
0.0114546
0.0239042
0.0216004
0.00599817
0.00552083
0.023436
0
0.0111884
0.0400237
0.96271
0
0
0
0.0118624
0
0
0.00618211
0
0.00587302
0.00892365
0
0
0
0.00620734
0.00512156
0
0.00576095
0.00605824
0
0.151415
0.0822081
0.0226253
0.0291023
0
0.356818
0
0.00517487
0.0159294
0
0.0951798
0.00584241
0.0219847
0.00613672
0
0.00501197
0
0.00517487
0
0
0
0
0.00486952
0.02557
0.006008
0.00943683
0
0
0.00622012
0.02557
0
0
0.00599817
0.00558482
0.0138062
0
0.0120509
0.00618211
0.00669106
0.0714924
0
0.0299909
0.0145325
0.00596632
0
0.00728455
0.00610561
0.0512026
1.01894
0.0739962
0
0
0.00597591
0.0277743
0.0110116
0.010953
0.011335
0.0456225
0.0113944
0.0057851
0.00621047
0.0113944
0.00555486
0.00535673
0.0517487
0.00554231
0.0239088
0
0.00581221
0
0.0120667
0.00727658
0.0399157
0
0.0152206
0
0.00581221
0.0205475
0.0467313
0.00514806
0.498934
0.010894
0.00479047
0
0.00523743
0
0.0098124
0.011923
0.00506978
0
0
0
0
0.0588909
0
0
0
0.0139522
0.00603074
0.00582572
0
0
0.0184928
0
0.00527302
0
0
0.0209545
0.00557871
0
0.160474
0
0
0
0
0
0
0.00605133
0
0.0053318
0.00707375
0.024426
0.0277112
0
0.00595354
0.00569941
0.00587367
0.00624575
0
0
0.0141221
0.0051313
0
0.0128169
0
0.00624575
0.00585776
0.00739368
0.005883
0.00619559
0
0.00517879
0.0109046
0
0
0.00499685
0
0.0175401
0.00897431
0.0109046
0
0
0
0
0
0.00583959
0
0
0
0
0.00496608
0.00493616
0.0219496
0
0.0187329
0.0113121
0
0
0.00782782
0
0
0.0051313
0.00642183
0.00582377
0
0.00578651
0.0527292
0.00517267
0
0.0169863
0.0051313
0.00570102
0.00649149
0.00581002
0.00761232
0.0160129
0
0.00578848
0
0.00569941
0.00496608
0
0.00738185
0
0.0318005
0.0105926
0.0114265
0
0.00480835
0.00539817
0
0.00571703
0.0108692
0.00539817
0.00547464
0
0
0.00581949
0
0.00582377
0.00558135
0
0.00605222
0
0
0.00480213
0.0464899
0.00605498
0.00505347
0.00555486
0.00597894
0
0.00533764
0.012099
0.00995217
0.00596197
0.00495954
0.0051313
0.015838
0
0.00496094
0.00501197
0
0.0058844
0.0051313
0
0.00515326
0.00522557
0.00572709
0.00569941
0.00580271
0.0190308
0.0113171
0.00681303
0.00590916
0
0.00569941
0
0.00518753
0.0318133
0.00516688
0
0.0192059
0
0.0139938
0.0054849
0.0444213
0.01047
0.00583877
0.0139679
0.00537946
0
0.00569941
0.00593398
0
0.00541856
0.00620878
0
0.0149164
0.0169498
0
0.00531883
0.00521439
0
0.0051292
0
0.0159508
0.00576727
0
0.00557871
0
0.0409837
0.00557871
0.00576255
0.923268
0.011974
0.126097
0
0.0054953
0
0
0
0
0.00591494
0.00577642
0.00524377
0.00510022
0.00569941
0.00566734
0.00539817
0.00565996
0.00599097
0
0.00480622
0.00576055
0.0108174
0.00579014
0.00560375
0.00496608
0.00557137
0
0.0165972
0.00579014
0.00480622
0
0.0249934
0.00617515
0.00523964
0
0.0113597
0.00601648
0.00532173
0
0.011249
0.0059495
0.00949902
0
0.0106949
0.0112111
0.00540638
0
0.0358865
0.0518677
0.00499544
0
0.0106949
0.00585638
0
0.526078
0
0.0061162
0.164179
0.0651408
0.00593947
0.0109676
0
0.00591494
0.0056605
0.0056621
0.0112476
0.0056621
0.012092
0.0106554
0.0122058
0.0115451
0.005883
0.00525315
0.00943619
0.00572709
0.0441176
0.005883
0.0105693
0.0060409
0.00542292
0.00557137
0.00557137
0
0.00575903
0.00511994
0.0113892
0.00557137
0.00603319
0
0.0187329
0
0.005883
0.0228387
0.171205
0.00496608
0.010565
0.00524023
0
0
0.0165072
0.005883
0.0115384
0.0152435
0
0.00524023
0.010881
0.0226732
0.00556927
0.031942
0.0327777
0.02445
0.00591494
0.00495954
0.016764
0.00605614
0
0.00843063
0.344904
0.00543772
0.0309698
0.011531
0.0697896
0.0119534
0.0104802
0.00549375
0.00591222
0.00856666
0.0137552
0.00543063
0.00529778
0.0054953
0.0105794
0.00591056
0
0.0114059
0.00557137
0
0.0120393
0
0.0057804
0.00541126
0.00932373
0.00543063
0.00557137
0.0117007
0.00536679
0
0.00529191
0.00573396
0.0051488
0
0.0208086
0.00585332
0
0.0116061
0.0182944
0.0101984
0.00573259
0.0117007
0.0169799
0.0051488
0.0164905
0.033801
0.0774361
0.0165065
0.00541126
0.00518677
0.035685
0.0057501
0.0051488
0.0340316
0.0633543
0.0237252
0.0337818
0
0.0110594
0.0115901
0.00572709
0.00707762
0.0531374
0.00561224
0.00529825
0.0110594
0.0110594
0.0174716
0
0.0208114
0.239519
0.00590513
0.00529715
0.0106275
0.228743
0.00608818
0.00623976
0.00556886
0.065394
0
0
0.00582541
0.011667
0
0.0058916
0.00517297
0.00554643
0.00504958
0.0113951
0.00601085
0.00530549
0.00552543
0
0.00686032
0.00504958
0.00582377
0.00546607
0.0239181
0.0206892
0.00495414
0.00518677
0.00520175
0.0250309
0.00601085
0.0271146
0.0275839
0.0112423
0.0194304
0
0.0813868
0.00521524
0.201688
0.00518677
0.00530549
0.0357582
0.018656
0.0264349
0
0.00484267
0.00547868
0.00556715
0.00794151
0.0349742
0.167525
0.00538138
0.0298766
0.00618958
0.0473866
0.0117299
0.00835329
0.0282071
0.0054114
0.0237868
0.0116189
0.00610529
0.0176981
0.028533
0.161633
0
0
0.00569718
0.615598
0
0.00532173
0
0.00566522
0.00539342
0.00558089
0
0
0.00558089
0.00720907
0
0
0.00553149
0.00540008
0
0.00505625
0
0.0111509
0.0239431
0
0.0110438
0
0.00540008
0
0.0493579
0.005783
0.0116092
0.0113176
0.0110501
0.00622985
0
0.00596282
0.0239385
0.00557137
0.0223457
0
0
0
0.0171714
0.0223091
0.0233183
0.0218768
0.0210133
0.00546173
0.00532173
0
0.0471697
0.0115349
0.103302
0.0303734
0.211107
0.966796
0
0.0056609
0.0199565
0.904057
0
0.020545
0
0
0.00539314
0.00616455
0
0.00514867
0.00536575
0.0150655
0
0.0138495
0
0.0208927
0.00571377
0.00591238
0.00539314
0.0058109
0.00576681
0.00561196
0.0333414
0.00691932
0.0331149
0.00555691
0
0
0
0.00547868
0
0
0.0149418
0.0135789
0.00547868
0.0303983
0.0110377
0.0120231
0.1626
0
0
0.0292956
0.00574024
0.00540008
0.0179844
0.0276618
0.0480802
0.00545054
0.00540008
0.0116632
0.00568562
0.00560818
0.0135598
0.0213211
0.012047
0
0.00557137
0.00534264
0.00877406
0.00578183
0.0113088
0.021346
0.0456873
0.00557137
0.00690135
0.00557137
0.010998
0.0162251
0.0607222
0.0765781
0.248645
0.0115062
0.0238773
0.981792
1.16387
0
0
0.00569896
0
0
0
0
0.00572722
0
0
0
0.00557062
0.163693
0.00551405
0.00551666
0
0.0822911
0.0110851
0
0.0115009
0.00751577
0.041085
0
0.00568792
0
0.0050003
0
0
0.0110645
0.00564908
0.0206684
0
0.00573227
0
0.00574121
0.0139407
0.0556882
0
0.00572454
0.0312306
0
0.00540461
0
0
0
0.963213
0.963515
0
0.054222
0.86775
0.00536575
0
0
0.00546752
0.0907171
0.0112338
0
0.0134106
0
0.0117098
0.00550866
0
0
0
0.00536437
0.0111151
0
0
0
0.00569852
0.0106676
0
0.0408428
0
0.00724814
0.496124
0
0
0
0
0
0.00553126
0
0
0
0.0356554
0.0294327
0
0
0.00522304
0.00539314
0.00556693
0.0172622
0.0186224
0.040662
0.0884395
0.00547632
0.0191599
0.519276
1.04315
0.0197521
1
0
0.0450214
0.0113599
0
0
0.00564367
0.00553256
0.00569505
0.00540461
0.00540461
0.0194084
0.00580271
0.00589085
0
0.0116608
0.00540461
0.00542313
0
0.0344558
0.00538817
0.00540461
0.00900768
0
0.0308967
0.0169605
0.00554432
0
0.00540461
0.00570056
0.0054045
0
0
0.0325436
0.00536097
0.00542266
0.00595547
0
0.0197632
0.00555691
0
0.268719
1.07805
0
0
0
0.00561435
0
0.00554113
0
0
0
0
0
0
0
0.00123749
0
0
0.00303816
0.00535241
0.0180639
0.00560212
0.0111184
0.00770449
0.0182623
0
0.084619
0
0
0
0.0139668
0
0.062122
0.94225
0
0.829183
0.0388399
0
0
0
0.00547728
0.0143121
0
0
0.0142665
0.0708625
0.0165006
0.107347
0
0.0106067
0
0.00529326
0
0.00895017
0.289171
0.927816
1
0.823578
0.257311
0
0
0
0.0105254
0
0.00567413
0.00588526
0.00586305
0.0283707
0.0236803
0.0486114
0
0
0.00824088
0
0
0
0.00599617
0.0249646
0.0773036
0
0
0.0182265
1.006
0.00613578
0
0
0
0
0
0
0.00596678
0.0118616
0
0.00605582
0.00616432
0
0.00594572
0.0240161
0
0.00702466
0.035601
0
0.00604928
0.00599482
0.0350464
0
0
0
0.00626562
0.00595683
0
0
0
0
0.923046
0
0.00732205
0.00561515
0.00595198
0
0.00580767
0.0185995
0.00557526
0
0.126515
1.01997
0
0.0120291
0
0.0121289
0
0
0.0117373
0
0.0140339
0.00574568
0.00602023
0.0145407
1.01041
1.02206
0.00561515
0.0178005
0
0.00588708
0.0059335
0
0
0
0
0.00612295
0
0
0.00627624
0.0171346
0
0.651346
1.02383
0
0.0238722
0.00796508
0.0214069
0
0.00815905
0.0120609
0.00623876
0
0
0.018427
0
0
0
0
0
0.0121793
0
0
0
1
0
0
0.00595506
0
0.00797122
0
0.00574931
0.998892
0.902678
0.0118205
0.00731736
0
0.00582047
0.0120233
0.00603167
0
0.0285425
0.81519
0
0.0059335
0
0.00570191
0.00576331
0.00585928
0.042556
0.00621817
0
0
0.782754
0.0117971
0
0.0116439
0.00621817
0.0222506
0.0119003
0.0305792
0.00685021
0.0059335
0.00939562
0.00895017
0
0.0521652
0.034251
0.00583157
0.0244755
0.91285
0.0139496
0.00564495
0.0418489
0
0.00576861
0.00602885
0.00865292
