0.0141636
0.0330005
0.0138247
0.184277
0.092994
0.0645445
0.200529
0.0787763
0.0645445
0.23112
0.0520157
0.0645445
0.23112
0.0520157
0.0645445
0.23112
0.0520157
0.0645445
0.23112
0.0520157
0.0645445
0.0155179
0.010682
0.23112
0.0520157
0.0645445
0
0.0126273
0.0587861
0.0182418
0.0103067
0.457282
0.010682
0.23112
0.0141636
0.112004
0
0.0247447
0.0780228
0
0.0174448
0.182213
0.0206497
0.992445
0.010682
0
0.27439
0.0141636
0.0645445
0
0.0126273
0.0135682
0.0586113
0.00649661
0.0178729
0.0723947
0.0103067
0.689936
0.00894632
0.0321061
0
0.0129344
0.00649661
0.00866282
0.0554951
0
0.140648
0.00949352
0.0163533
0.0129344
0.0181505
0.00949352
0.00886807
0.00906183
0.00733887
0.0129344
0.0132914
0.0361789
0.0171924
0.395558
0
0.00949352
0.00906183
0.0121704
0.0141705
0.0129344
0.0254873
0.0141395
0
0.0361789
0.480653
0.0076988
0
0
0.0175675
0.00906183
0.00683163
0
0.00684406
0.0129344
0.0153781
0.0254873
0.0141395
0.0540222
0.00978144
0.420421
0
0
0.0142608
0.0175675
0
0.0121704
0.00683163
0
0.0250253
0.0386966
0.0141395
0.0128051
0.110311
0.00978144
0.345287
0
0
0.0142608
0
0.0300448
0.0121704
0
0.0250253
0.0104839
0.0108055
0.0386966
0.0140814
0.0128051
0.11886
0.00978144
0.33112
0
0
0
0.0144529
0.28019
0.0241605
0
0.0170012
0.0250253
0.0104839
0.0108055
0.0386966
0.00715411
0.0128051
0.166547
0.00978144
0.30092
0.0144529
0
1.00403
0
0.0813903
0.0250253
0
0.0104839
0.0108055
0.179629
0.00715411
0.0128051
0.00644337
0.241904
0.0165438
0.021981
0.287454
0.0314565
0
0
1.00403
0.00698627
0.0495944
0.0120909
0.0101431
0.205487
0.00694135
0.0129317
0.36316
0.0165438
0.0221253
0.226876
0.0101124
0.0388366
0
0
0
0.01597
1
0.0138962
0.0209615
0.0343599
0
0.0111686
0.191635
0.33565
0.0210778
0.134782
0.0101124
0.0388366
0
0
0.01597
0.0147072
1
0.0267765
0.0450279
0.0173587
0.0121665
0.0331676
0.100355
0
0.300705
0.132319
0.150041
0.0127699
0.0994988
0.0869314
1.00601
0.0522086
0.0174232
0
0.154517
0.0357372
0.00658595
0.0322899
0.267581
0.268821
0.0612616
0.0127699
0.0577587
0.128221
0.317916
0.0663996
0.186937
0.04866
0.0137427
0.0390417
0.159311
0.399912
0.0306305
0.00625729
0.0285387
0.0299254
0.0432716
0.0523484
0.21907
0.0872957
0.279399
0.0285387
0.0147072
0.13738
0.0230146
0.0213119
0.150886
0.348621
0.023284
0.142936
0.273556
0.023284
0.20831
0.213747
0.023284
0.246455
0.0108787
0.213747
0.00776802
0.273566
0
0.00716619
0.213747
0.00776802
0.273566
0
0.00716619
0
0.121511
0.0165122
0.182015
0.0235839
0.273566
0
0.0150255
0.00716619
0
0.818167
0.0165122
0.136966
0.0528859
0.273566
0
0.0150255
0.00648427
0.0397369
0.0160991
1
0.0328464
0.0159425
0.106459
0.0387896
0.286375
0.00648427
0.0298937
0.518104
0.0328464
0.010472
0.154067
0.0135822
0
0.0604538
0.0165122
0.0099698
0
0
0
0.0135446
0.00737061
0
0
0
0.00820959
0.445262
0.0288915
0
0.0142236
0.0158218
0
1
0.0472303
0.0576117
0
0.0142236
0.659487
0.0236664
0.0147094
0.0437511
0.0142236
0.0771242
0.0236664
0
0
0.0117369
0
0
