0.00726593
0.020155
0
0.0696759
0.258712
0.020155
0.0696759
0.241326
0.0390943
0.0830924
0.207323
0.0390943
0.090571
0.188369
0.0390943
0.0196442
0.090571
0.188369
0.0390943
0.0384562
0.00771072
0.0974309
0.154328
0.0572374
0
0.0120749
0
0.00914897
0.130385
0.00936939
0.00698171
0.022674
0.104904
0.190262
0.077999
0.0441934
0.0117119
0.0366896
0.0901315
0.0244676
0
0.0772634
0.47741
0.00698171
0.022674
0.0974309
0.172201
0.137816
0.0585269
0.0343206
0.0547586
0.0879311
0.104477
0.0665856
0.0772634
1.00257
0
0.0301465
0.0142676
0.104557
0.11926
0.114525
0.0441934
0.0115444
0.073607
0.0621036
0.106015
0.0188518
0.0571438
0.794455
0.0222887
0.0142676
0
0
0.020235
0.0441934
0
0.073607
0.0118191
0.0823192
0.00863246
0.0479949
0.230671
0.0222887
0.0142676
0
0.0388458
0
0.0441934
0.073607
0
0.0700569
0.00863246
0.00811839
0.0479949
0.051357
0
0.0222887
0.0123124
0.0142676
0.0959182
0.0290549
0.0547872
0
0.00639774
0.093096
0.016023
0.0479949
0.359579
0
0.0069568
0.00771072
0.0123124
0.027794
0.112997
0
0.0290549
0.0105876
0.0367182
0.0121635
0.00605287
0.116124
0.00811839
0.0479949
0.460822
0.0069568
0.0100504
0.0211167
0.0123124
0.0424725
0.0959182
0
0.0144396
0.0201938
0.00779838
0.0367182
0.0121635
0.00605287
0.0824799
0.00811839
0.0479949
0.44579
0.0069568
0.0100504
0.0211167
0.0123124
0.0550386
0.0366916
0.00684525
0.149788
0
0.0144396
0.0306444
0.00779838
0.0367182
0.116014
0.0292166
0.377742
0.0134912
0.0287655
0.0123124
0.0415122
0.0433569
0.0169373
0.00684525
0.131338
0.00945697
0.0144396
0.0306444
0.00779838
0.0367182
0.105434
0.00811839
0.0193305
0.377742
0.0205505
0.010238
0
0.0211787
0.0132682
0.0415122
0.457639
0.0228525
0.131338
0.00945697
0.0144396
0.00824897
0.0821241
0.0537834
0.139726
0.00886596
0.0373791
0.292691
0.0355737
0.010238
0.0138136
0.00673398
0.0289461
0.925899
0
0.0298209
0.185821
0.011892
0.00824897
0
0.102931
0.0543055
0.241579
0.00886596
0.0283264
0.223722
0.0355737
0.010238
0.0159923
0.0111681
0.0138136
0.00673398
0.0142676
0.991552
0.0159653
0.0800211
0.225705
0.011892
0.00824897
0
0.12405
0.0188484
0.242934
0.00886596
0.0272035
0.205781
0.028112
0.010238
0.0159923
0.0111681
0.0138136
0.00673398
0.0142676
1.001
0.094277
0.222141
0.00824897
0
0.0937231
0
0.00622547
0.244008
0
0.136813
0.028112
0.0159923
0.0210379
0.0743634
0.0130572
0.772986
0.0784783
0.185996
0.0349526
0.0817462
0.0338988
0.00622547
0.22844
0.00870358
0.0629875
0.0346393
0.00594209
0.0134046
0.273597
0.123652
0.508415
0.0848035
0.0368547
0.0349526
0.0598427
0.0175403
0.0887973
0.165777
0.00870358
0.0715863
0.0338104
0
0.0134046
0.260536
0.0126836
0.135513
0.107059
0.0178767
0.104197
0.0598427
0.0701966
0.248169
0.344009
0.0167925
0
0
0.01052
0.0136883
0.219284
0.0247175
0.0841133
0.0567026
0.0127246
0
0.138226
0.00998817
0.072381
0.00712437
0.161635
0.127353
0.0336994
0.0662545
0.0153033
0.131316
0.0854801
0.0122748
0.210603
0.072288
0.0197708
0.0721616
0.0373568
0.0981299
0
0.0351153
0.00712437
0.0629776
0.0634448
0.0167925
0.0309626
0.10558
0.131316
0.412764
0.0654645
0.0197708
0.121555
0.0541358
0.0981299
0
0.0177786
0.00712437
0.108865
0.00899852
0.0330149
0.0309626
0.226338
0.117628
0.28474
0.0881021
0.0366158
0.20421
0.0713736
0.0871501
0
0.00712437
0.120518
0.00868526
0
0.0189139
0.0167925
0.017404
0.0309626
0.24081
0.117628
0
0.25002
0.0184723
0.0817529
0.0186543
0.238984
0.0137429
0.0538355
0.0765189
0
0.0209832
0.12014
0.00868526
0.0189139
0.0167925
0.017404
0.0309626
0.255783
0.117628
0
0.243529
0.0184723
0.0752823
0.27448
0.0137429
0.0538355
0.0765189
0
0.0604199
0.0862247
0.1009
0.0167925
0.017404
0.0309626
0.255783
0.0104542
0.117628
0.216016
0.0917224
0.0103652
0.32248
0.0137429
0.0358172
0.0659855
0
0.0327745
0.0536382
0.0604199
0.0744578
0.332714
0.0551702
0.017404
0.0309626
0.255783
0.0215906
0.145524
0.0143541
0
0.209635
0
0.0752347
0.00962771
0.333891
0.0137429
0.00827388
0.0358172
0.0549355
0.111967
0
0.07922
0.0853627
0.00928248
0.00875184
0.829078
0.166717
0.017404
0.00780494
0.320006
0.0215906
0.131707
0.0128654
0.189091
0.10668
0.00962771
0.369799
0.0137429
0.00827388
0.0332571
0.0450932
0.0739399
0.0123743
0.10455
0.130191
0.00875184
1.01811
0.14756
0.0153807
0.348724
0.0111365
0.103555
0.0131363
0.107424
0.0997907
0.00962771
0.525713
0.0137429
0.0164722
0.0450932
0.00782193
0.0921886
0.0726961
0.106578
0.0175157
0.618041
0.1113
0.411224
0
0.0743161
0.0268779
0.0656605
0.0849271
0.00962771
0.346249
0.0137429
0
0.0448378
0.0921886
0.0467293
0.0968855
0.00875184
0.361642
0.1113
0.0073875
0
0.0473428
0.0118417
0.0601717
0.0178284
0.0268335
0.0307958
0.00962771
0.182856
0.0185157
0.0114195
0.0734189
0
0.0920175
0.00875184
0.118648
0.0350299
0.0154285
0.0268335
0.0163052
0.0126416
0.0194534
0.00808268
0.136834
0.0147436
0
0.00798221
0.173893
0.0147436
0
0.0158541
0
0.588646
0.130737
0.0168373
0.0700085
0.0102443
0
0.0460221
0.0311584
0.995718
0.185533
0.0168373
0.123502
0.0102443
0.0382323
0.0311584
0.71161
0.166937
0.0828231
0
0.0206374
0.0225952
0.0229641
0.388292
0.131916
0.0418489
0.0147233
0.0155161
0.0864827
0.0578674
0.0355743
0
0
0
0.0384724
0.00725331
0
0.0384724
0.00725331
