0.00246688
0.00252038
0.00246618
0.00253549
0.00246618
0.00255064
0.00246618
0.0024968
0.00252038
0.00246618
0.0025692
0.00233004
0.00257386
0.00246618
0.00256894
0.0126733
0.64791
0.124672
0.0922895
0.102893
0.0423768
1
1
0.980197
0.876355
0.0663968
0.0987031
0.0914536
0.108573
0.207328
1
0
0.0056651
1
0.00465536
0.994034
0.0786196
0.309485
0.00817631
0.00858416
0.00855613
0.0102175
0.0222927
0.00800331
0.008571
0.00855613
0.008174
0.0350314
0.00293577
1
0.105059
0.00855613
0.00762277
0.00842532
0.00833065
0.008174
0.00858416
0.00811108
0.008174
0.00544767
0.008174
0.00909963
0.457135
0.0588092
0.708458
0.00283883
0.00774009
0.0028813
0.00296083
0.00388364
0.00283803
0.0085141
0.00279154
0.00297391
0.00296083
0.00283803
0.00351876
0.0141902
0.00554631
0.697783
0.41537
0.00385214
0.00296083
0.0026539
0.00293396
0.00283803
0.00297409
0.00297391
0.00388364
0.00283803
0.00419917
0.00272545
0.00293396
0.762298
0.358209
0.0110043
0.0198743
0.105317
0.0194248
0.0110074
0.0110105
0.00920551
0.0114278
0.0254017
0.0254605
0.0217979
0.275178
0.0110074
0.0226304
0.0198743
0.159004
0.0273394
0.00515985
0.00612165
0.467948
0.630654
0.0110074
0.0211983
0.0110074
0.0108768
0.016051
0.0112874
0.0115767
0.767996
0.572923
0.0160075
0.00265154
0.00374483
0.0377569
0.024018
0.00746563
0.00275787
0.00513788
0.016012
0.0160165
0.0251651
0.00261426
0.016517
0.00270288
0.0480359
0.00248854
0.150468
0.016012
0.016012
0.00772373
0.00540218
0.0252235
0.016012
0.00778106
0.0351173
0.0779192
0.0198809
0.00284801
0.673682
0.31132
0.016012
0.0198351
0.00273439
0.016012
0.015894
0.00732192
0.00536918
0.00662697
0.00263252
0.00261426
0.0051668
0.00537552
0.00266563
0.00537346
0.00653565
0.00252488
0.00526834
0.0026693
0.00261426
0.0576812
0.00383335
0.00261426
0.0051028
0.960406
0.00534063
0.997772
0.624001
0.00534917
0.0112655
0.0117605
0.00547405
0.00534917
0.0112655
0.0563276
0.00282621
0.484546
0.0146995
0.0117325
0.00356126
0.461626
0.0249738
0.00271073
0.043479
0.00532541
0.0284604
0.0135439
0.237398
0.65195
0.0282761
0.0382313
0.118728
0.00266963
0.0274539
0.00810664
0.0546162
0.0356185
0.00268383
0.0248546
0.00260698
0.00260698
0.00372425
0.0278814
0.00260698
0.0391047
0.0366249
0.0425246
0.0111905
0.0107697
0.0403865
0.0081569
0.0111985
0.00768262
0.00260698
1
0.261416
0.186989
0.206293
0.141808
1
0.420724
0.484704
0.223448
0.242205
0.171641
0.127582
0.34604
0.967324
0.0162897
0.601615
