0
0
0
0
0
0
0
0
0
0
0
0
0
0
0
0
0
0
0
0
0
0
0
0
0
0
0
0
0
0
0
0
0
0
0
0
0
0
0
0
0
0
0
0
0
0
0
0
0.150174
0
0
0
0
0
0
0
0
0
0
0
0
0
0
0
0
0
0
0
0
0
0
0
0
0
0
0
0
0
0
0
0
0
0
0
0
0
0
0
0
0
0
0
0
0
0
0
0
0
0
0
0
0
0
0
0
0
0
0
0
0
0
0
0
0
0
0
0
0.150174
0
0
0
0
0
0
0
0
0
0
0
0
0
0
0
0
0
0
0
0
0
0
0
0
0
0
0
0
0
0
0
0
0
0
0
0
0
0
0
0
0
0
0
0
0
0
0
0
0
0
0
0
0
0
0
0
0
0
0
0
0
0
0
0
0
0
0
0
0.150174
0
0
0
0
0
0
0
0
0
0
0
0
0
0
0
0
0
0
0
0
0
0
0
0
0
0
0
0
0
0
0
0
0
0
0
0
0
0
0
0
0
0
0
0
0
0
0
0
0
0
0
0
0
0
0
0
0
0
0
0
0
0
0
0
0
0
0
0
0.218138
0
0
0
0
0
0
0
0
0
0
0
0
0
0
0
0
0
0
0
0
0
0
0
0
0
0
0
0
0
0
0
0
0
0
0
0
0
0
0
0
0
0
0
0
0
0
0
0
0
0
0
0
0
0
0
0
0
0
0
0
0
0
0
0
0
0
0
0
0.218138
0
0
0
0
0
0
0
0
0
0
0
0
0
0
0
0
0
0
0
0
0
0
0
0
0
0
0
0
0
0
0
0
0
0
0
0
0
0
0
0
0
0
0
0
0
0
0
0
0
0
0
0
0
0
0
0
0
0
0
0
0
0
0
0
0
0
0
0
0.0679635
0
0
0
0
0
0
0
0
0
0
0
0
0
0
0
0
0
0
0
0
0
0
0
0
0
0
0
0
0
0
0
0
0
0
0
0
0
0
0
0
0
0
0
0
0
0
0
0
0
0
0
0
0
0
0
0
0
0
0
0
0
0
0
0
0
0
0
0
0.0679635
0
0
0
0
0
0
0
0
0
0
0
0
0
0
0
0
0
0
0
0
0
0
0
0
0
0
0
0
0
0
0
0
0
0
0
0
0
0
0
0
0
0
0
0
0
0
0
0
0
0
0
0
0
0
0
0
0
0
0
0
0
0
0
0
0
0
0
0
0.0679635
0
0
0
0
0
0
0
0
0
0
0
0
0
0
0
0
0
0
0
0
0
0
0
0
0
0
0
0
0
0
0
0
0
0
0
0
0
0
0
0
0
0
0
0
0
0
0
0
0
0
0
0
0
0
0
0
0
0
0
0
0
0
0
0
0
0
0
0
0.0679635
0
0
0
0
0
0
0
0
0
0
0
0
0
0
0
0
0
0
0
0
0
0
0
0
0
0
0
0
0
0
0
0
0
0
0
0
0
0
0
0
0
0
0
0
0
0
0
0
0
0
0
0
0
0
0
0
0
0
0
0
0
0
0
0
0
0
0
0
0.0679635
0
0
0
0
0
0
0
0
0
0
0
0
0
0
0
0
0
0
0
0
0
0
0
0
0
0
0
0
0
0
0
0
0
0
0
0
0
0
0
0
0
0
0
0
0
0
0.0122779
0
0
0
0
0
0
0
0
0
0
0
0.0076335
0
0
0
0
0
0
0
0
0
0.0772408
0
0
0
0
0
0
0
0
0
0
0
0
0
0
0
0
0
0
0
0
0
0
0
0
0
0
0
0
0
0
0
0
0
0
0
0
0
0
0
0
0
0
0
0
0
0
0.0122779
0
0.0154626
0
0
0
0
0
0
0
0
0
0.0076335
0
0
0
0
0
0
0.018587
0
0.00735635
0.102805
0
0
0
0
0
0
0
0
0
0
0
0
0
0
0
0
0
0
0
0
0
0
0.0361449
0
0
0
0
0
0
0
0
0
0
0
0
0
0
0
0
0
0
0
0
0
0
0
0.0122779
0
0.0154626
0
0
0
0.00642213
0
0
0.00840986
0
0
0.0411897
0.00709665
0
0.00683159
0
0.0130974
0.43614
0.155522
0
0.0067231
0.135182
0
0
0
0
0
0
0
0
0
0
0
0
0
0
0
0
0
0
0
0
0
0
0.0273353
0
0
0
0
0
0
0
0
0
0
0
0
0
0
0
0
0
0
0
0
0.0192015
0
0
0.0122779
0
0.235922
0
0
0.0970145
0.0202567
0
0.0160022
0.00840986
0
0
0.147336
0.0139194
0
0.00683159
0
0.0130974
0.190681
0.257448
0
0.0135724
0.399064
0
0
0
0
0
0
0
0
0
0
0
0
0
0
0
0
0
0
0
0
0
0
0.0351728
0
0
0.0131876
0
0
0
0
0
0
0
0
0
0
0
0
0
0
0
0
0
0
0
0
0.0252774
0
0.385229
0
0
0.0970145
0.0132583
0.0111413
0.0160022
0.0163813
0.00760964
0
0.0418292
0.00682276
0
0.00683159
0.0101223
0.0130974
0.115541
0.265917
0
0.0133376
0.411343
0
0
0
0
0
0
0
0
0
0
0
0
0
0
0
0
0
0
0
0
0
0
0.0183984
0
0
0.0131876
0.00741511
0
0
0
0
0
0
0
0
0
0
0
0
0
0
0
0
0.037191
0
0
0.0122779
0
0.154256
0
0
0.0819964
0.01388
0.0111413
0
0.0241699
0
0
0.0770787
0.0139432
0.0166474
0
0
0.0130974
0.149924
0.0771806
0.020014
0.0361937
0.112052
0
0
0
0
0
0
0
0
0
0
0
0
0
0
0
0
0
0
0
0
0
0.0115105
0
0
0
0
0.00741511
0
0
0
0
0
0
0
0
0
0
0
0
0
0
0
0
0
0
0
0
0
0.0700953
0
0
0.06735
0
0.0111413
0
0
0
0
0.0251792
0
0
0
0
0
0.072439
0
0
0
0.00908364
0
0
0
0
0
0
0
0
0
0
0
0
0
0
0
0
0
0
0
0
0
0
0
0
0
0
0
0
0
0
0
0
0
0
0
0
0
0
0
0
0
0
0
0
0
0
0
0
0.0166022
0.0105039
0
0.0504737
0
0
0
0
0
0
0
0
0
0
0
0
0.0285499
0
0
0
0
0
0
0
0
0
0
0
0
0
0
0
0
0
0
0
0
0
0
0
0
0
0
0
0
0
0
0
0
0
0
0
0
0
0
0
0
0
0
0
0
0
0
0
0
0
0
0
0
0
0
0
0
0
0
0
0
0
0
0
0
0
0
0
0
0.0285499
0
0
0
0
0
0
0
0
0
0
0
0
0
0
0
0
0
0
0
0
0
0
0
0
0
0
0
0
0
0
0
0
0
0
0
0
0
0
0
0
0
0
0
0
0
0
0
0
0
0
0
0
0
0
0
0
0
0
0
0
0
0
0
0
0
0
0
0
0
0
0
0
0
0
0
0
0
0
0
0
0
0
0
0
0
0
0
0
0
0
0
0
0
0
0
0
0
0
0
0
0
0
0
0
0
0
0
0
0
0
0
0
0
0
0
0
0
0
0
0
0
0.37808
0
0
0.0154858
0
0
0.0157974
0
0
0.0135811
0.007814
0
0
0
0
0
0.0602163
0
0
0.00696454
0
0
0
0
0
0
0
0
0
0
0
0
0
0
0
0
0
0
0
0
0
0
0
0.0175802
0
0
0
0
0
0
0
0
0
0
0
0
0
0
0
0
0
0
0.0067949
0.0187865
0
0
0
0
0
1.00664
0.0105557
0
0.0445188
0.0143874
0
0.0157974
0
0
0.0414615
0.0494986
0
0
0.0131943
0
0.0111052
0.337725
0
0.0174591
0.0306378
0.0177716
0
0
0
0
0
0
0
0
0
0
0
0
0
0
0
0
0
0
0
0
0
0
0
0
0
0.0132802
0
0
0
0
0
0
0
0
0
0
0
0
0
0
0
0.0067949
0.0187865
0
0
0.0211633
0
0
1.00664
0
0
0.142498
0
0
0.0157974
0.00792991
0
0.140666
0.115268
0
0
0.0135949
0.0184907
0.0351649
0.545456
0
0.0174591
0.214423
0.026452
0
0
0
0
0
0
0
0
0
0
0
0
0
0
0
0
0
0
0
0
0
0
0
0
0
0
0
0
0
0
0
0
0
0
0
0
0
0
0
0
0
0
0
0
0.0136335
0.0211633
0
0
0.545951
0
0
0.252885
0
0
0
0
0
0.277599
0.0730953
0
0
0.00755362
0.0184907
0.0345204
0.53992
0
0
0.284901
0.0178502
0
0
0
0
0
0
0
0
0
0
0
0
0
0
0
0
0
0
0
0
0
0
0
0
0
0
0
0
0
0
0
0
0
0
0
0
0
0
0
0
0
0.0210929
0
0
0
0.0211633
0
0
0.83449
0
0
0.100591
0
0
0.016233
0
0
0.290293
0.0417003
0
0
0
0.0174712
0.012156
0.51709
0
0
0.222568
0.0261735
0
0
0
0
0
0
0
0
0
0
0
0
0
0
0
0
0
0
0
0
0
0
0
0
0
0
0
0
0
0
0
0
0
0
0
0
0
0
0
0
0
0.0210929
0
0
0
0.0133191
0
0
0.552357
0
0
0.0671207
0
0
0.016233
0
0
0.0142225
0.0244954
0
0
0.0144213
0
0.0240737
0.57664
0
0
0.16812
0
0
0
0
0
0
0
0
0
0
0
0
0
0
0
0
0
0
0
0
0
0
0
0
0
0
0
0
0
0
0
0
0
0
0
0
0
0
0
0
0
0
0.00648869
0
0
0
0
0
0
0.534897
0
0
0.0144873
0
0
0.016233
0
0
0
0.0156129
0
0
0.00719998
0
0
0.565066
0
0
0.121436
0
0
0
0
0
0
0
0
0
0
0
0
0
0
0
0
0
0
0
0
0
0
0
0
0
0
0
0
0
0
0
0
0
0
0
0
0
0
0
0
0
0
0.00648869
0
0
0
0
0
0
0.500825
0
0
0.0144873
0
0
0.016233
0
0
0
0.0156129
0
0
0
0
0
0.552354
0
0
0.147963
0
0
0
0
0
0
0
0
0
0
0
0
0
0
0
0
0
0
0
0
0
0
0
0
0
0
0
0
0
0
0
0
0
0
0
0
0
0
0
0
0
0
0
0
0
0
0
0
0
0.0664372
0
0
0.0946923
0
0
0
0
0
0.0153834
0.0234207
0
0
0
0
0
0.81351
0
0
0.17341
0
0
0
0
0
0
0
0
0
0
0
0
0
0
0
0
0
0
0
0
0
0
0
0
0
0
0
0
0
0
0
0
0
0
0
0
0
0
0
0
0
0
0
0
0
0
0
0
0
0.0488249
0
0
0.0168433
0
0
0
0.00720204
0
0
0.0156129
0
0
0
0
0
0.107366
0
0
0.432861
0
0
0
0
0
0
0
0
0
0
0
0
0
0
0
0
0
0
0
0
0
0
0
0
0
0
0
0
0
0
0
0
0
0
0
0
0
0
0
0
0
0
0
0
0
0
0
0
0
0.0154924
0
0
0.0168433
0
0
0
0
0
0
0
0
0
0
0
0
0.0139201
0
0
0.102097
0
0
0
0
0
0
0
0
0
0
0
0
0
0
0
0
0
0
0
0
0
0
0
0
0
0
0
0
0
0
0
0
0
0
0
0
0
0
0
0
0
0
0
0
0
0
0
0
0
0
0
0
0
0
0
0
0
0
0
0
0
0
0
0
0
0
0
0
0.0137891
0
0
0
0
0
0
0
0
0
0
0
0
0
0
0
0
0
0
0
0
0
0
0
0
0
0
0
0
0
0
0
0
0
0
0
0
0
0
0
0
0
0
0
0
0
0
0
0
0
0
0
0
0
0
0
0
0
0
0
0
0
0
0
0
0
0
0
0
0.0137891
0
0
0
0
0
0
0
0
0
0
0
0
0
0
0
0
0
0
0
0
0
0
0
0
0
0
0
0
0
0
0
0
0
0
0
0
0
0
0
0
0
0
0
0
0
0
0
0
0
0
0
0
0
0
0
0
0
0
0
0
0
0
0
0
0
0
0
0
0.0137891
0
0
0
0
0
0
0
0
0
0
0
0
0
0
0
0
0
0
0
0
0
0
0
0
0
0
0
0
0
0
0
0
0
0
0
0
0
0
0
0
0
0
0
0
0
0
0
0
0
0
0
0
0
0
0
0
0
0
0
0
0
0
0
0
0
0
0
0
0.0137891
0
0
0
0
0
0
0
0
0
0
0
0
0
0
0
0
0
0
0
0
0
0
0
0
0
0
0
0
0
0
0
0
0
0
0
0
0
0
0
0
0
0
0
0
0
0
0
0
0
0
0
0
0
0
0
0
0
0
0
0
0
0
0
0
0
0
0
0
0.0137891
0
0
0
0
0
0
0
0
0
0
0
0
0
0
0
0
0
0
0
0
0
0
0.0109381
0
0
0
0
0
0
0
0
0
0
0
0
0
0
0
0
0
0
0
0
0
0
0
0
0
0
0
0
0
0
0
0
0
0
0
0
0
0
0.0169051
0
0
0
0.072587
0
0
0.0200152
0
0
0
0
0
0
0
0
0
0
0
0
0
0
0
0
0
0
0
0
0
0
0.0224427
0
0
0
0
0
0
0
0
0
0
0
0
0
0
0
0
0
0
0
0
0
0
0
0
0
0
0
0
0.100681
0
0
0
0
0
0
0
0
0
0.0169051
0
0.00842961
0.488505
0.296276
0
0
0.0545669
0
0
0
0
0
0
0
0
0
0
0
0
0
0
0
0
0
0
0
0
0
0
0.0224427
0
0.0096302
0
0.0522441
0
0
0
0
0
0
0
0
0
0
0
0
0
0
0
0
0
0
0.0136502
0
0
0.00742782
0
0
0.100681
0.0168197
0
0.0120432
0.316665
0
0.00771953
0
0.00829134
0
0
0.00669771
0.0178258
0.134523
0.340537
0
0
0.286297
0
0
0
0
0
0
0
0
0
0
0
0
0
0
0
0
0
0
0
0
0
0
0.0563844
0
0.0096302
0
0
0
0
0
0
0
0
0
0
0
0
0
0
0
0
0
0
0
0
0.0136502
0
0
0.00742782
0
0
0.100681
0.0168197
0
0.0120432
0.326324
0
0.00771953
0.0137096
0.00829134
0
0.0171663
0
0.0178258
0.109315
0.239735
0
0
0.171235
0.0499612
0
0
0
0
0
0
0
0
0
0
0
0
0
0
0
0
0
0
0
0
0.00997284
0
0
0
0
0
0
0
0
0
0
0
0
0
0
0
0
0
0
0
0
0
0
0
0
0
0
0.00742782
0
0
0.100681
0
0.00751845
0.0120432
0.102563
0
0.00771953
0.0137096
0.00829134
0
0
0
0
0.0488362
0.0411519
0
0
0.0218463
0.00864808
0
0
0
0
0
0
0
0
0
0
0
0
0
0
0
0
0
0
0
0
0
0
0
0
0
0
0
0
0
0
0
0
0
0
0
0
0
0
0
0
0
0
0
0
0
0
0
0
0
0
0
0
0
0
0
0
0
0
0
0
0
0.00705895
0
0.0241454
0
0
0
0.00749328
0
0
0
0
0
0
0
0
0
0
0
0
0
0
0
0
0
0
0
0
0
0
0
0
0
0
0
0
0
0
0
0
0
0
0
0
0
0
0
0
0
0
0
0
0
0
0
0
0
0
0
0
0
0
0
0
0
0
0.0139846
0
0
0
0
0
0.0123575
0
0
0
0.000725271
0
0
0
0
0
0
0
0
0
0
0
0
0
0
0
0
0
0
0
0
0
0
0
0
0
0
0
0
0
0
0
0
0
0
0
0
0
0
0
0
0
0
0
0
0
0
0
0
0
0
0
0
0
0
0
0
0
0
0
0
0
0
0
0
0
0
0
0
0
0
0
0
0
0
0
0
0
0
0
0
0
0
0
0
0
0
0
0
0
0
0
0
0
0
0
0
0
0
0
0
0
0
0
0
0
0
0
0
0
0
0
0
0
0
0
0
0
0
0
0
0
0
0
0
0
0
0
0
0
0
0
0
0
0
0
0
0
0
0
0
0
0
0
0
0
0
0
0
0
0
0
0
0
0
0
0
0
0
0
0
0
0
0
0
0
0
0
0
0
0
0
0
0
0
0
0
0
0
0
0
0
0
0
0
0
0
0
0
0
0
0
0
0
0
0
0
0
0
0
0
0
0
0
0
0
0
0
0
0
0
0
0
0
0
0
0
0
0
0
0
0
0
0
0
0
0
0
0
0
0
0
0
0
0
0
0
0
0
0
0
0
0
0
0
0
0
0
0
0
0
0
0
0
0
0
0
0
0
0
0
0
0
0
0
0
0
0
0
0
0
0
0
0
0
0
0
0
0
0
0
0
0
0
0
0
0
0
0
0
0
0
0
0
0
0
0
0
0
0
0
0
0
0
0
0
0
0
0
0
0
0
0
0
0
0
0
0
0
0
0
0
0
0
0
0
0
0
0
0
0
0
0
0
0
0
0
0
0
0
0
0
0
0
0
0
0
0
0
0
0
0
0
0
0
0
0
0
0
0
0
0
0
0
0
0
0
0
0
0
0
0
0
0
0
0
0
0
0
0
0
0
0
0
0
0
0
0
0
0
0
0
0
0
0
0
0
0
0
0
0
0
0
0
0
0
0
0
0
0
0
0
0
0
0
0
0
0
0
0
0
0
0
0
0
0
0
0
0
0
0
0
0
0
0
0
0
0
0
0
0
0
0
0
0
0
0
0
0
0
0
0
0
0
0
0
0
0
0
0
0
0
0
0
0
0
0
0
0
0
0
0
0
0
0
0
0
0
0
0
0
0
0
0
0
0
0
0
0
0
0
0
0
0
0
0
0
0
0
0
0
0
0
0
0
0
0
0
0
0
0
0
0
0
0
0
0
0
0
0
0
0
0
0
0
0
0
0
0
0
0
0
0
0
0
0
0
0
0
0
0
0
0
0
0
0
0
0
0
0
0
0
0
0
0
0
0
0
0
0
0
0
0
0
0
0
0
0
0
0
0
0
0
0
0
0
0
0
0
0
0
0
0
0
0
0
0
0
0
0
0
0
0
0
0
0
0
0
0
0
0
0
0
0
0
0
0
0
0
0
0
0
0
0
0
0
0
0
0
0
0
0
0
0
0
0
0
0
0
0
0
0
0
0
0
0
0
0
0
0
0
0
0
0
0
0
0
0
0
0
0
0
0
0
0
0
0
0
0
0
0
0
0
0
0
0
0
0
0
0
0
0
0
0
0
0
0
0
0
0
0
0
0
0
0
0
0
0
0
0
0
0
0
0
0
0
0
0
0
0
0
0
0
0
0
0
0
0
0
0
0
0
0
0
0
0
0
0
0
0
0
0
0
0
0
0
0
0
0
0
0
0
0
0
0
0
0
0
0
0
0
0
0
0
0
0
0
0
0
0
0
0
0
0
0
0
0
0
0
0
0
0
0
0
0
0
0
0
0
0
0
0
0
0
0
0
0
0
0
0
0
0
0
0
0
0
0
0
0
0
0
0
0
0
0
0
0
0
0
0
0
0
0
0
0
0
0
0
0
0
0
0
0
0
0
0
0
0
0
0
0
0
0
0
0
0
0
0
0
0
0
0
0
0
0
0
0
0
0
0
0
0
0
0
0
0
0
0
0
0
0
0
0
0
0
0
0
0
0
0
0
0
0
0
0
0
0
0
0
0
0
0
0
0
0
0
0
0
0
0
0
0
0
0
0
0
0
0
0
0
0
0
0
0
0
0
0
0
0
0
0
0
0
0
0
0
0
0
0
0
0
0
0
0
0
0
0
0
0
0
0
0
0
0
0
0
0
0
0
0
0
0
0
0
0
0
0
0
0
0
0
0
0
0
0
0
0
0
0
0
0
0
0
0
0
0
0
0
0
0
0
0
0
0
0
0
0
0
0
0
0
0
0
0
0
0
0
0
0
0
0
0
0
0
0
0
0
0
0
0
0
0
0
0
0
0
0
0
0
0
0
0
0
0
0
0
0
0
0
0
0
0
0
0
0
0
0
0
0
0
0
0
0
0
0
0
0
0
0
0
0
0
0
0
0
0
0
0
0
0
0
0
0
0
0
0
0
0
0
0
0
0
0
0
0
0
0
0
0
0
0
0
0
0
0
0
0
0
0
0
0
0
0
0
0
0
0
0
0
0
0
0
0
0
0
0
0
0
0
0
0
0
0
0
0
0
0
0
0
0
0
0
0
0
0
0
0
0
0
0
0
0
0
0
0
0
0
0
0
0
0
0
0
0
0
0
0
0
0
0
0
0
0
0
0
0
0
0
0
0
0
0
0
0
0
0
0
0
0
0
0
0
0
0
0
0
0
0
0
0
0
0
0
0
0
0
0
0
0
0
0
0
0
0
0
0
0
0
0
0
0
0
0
0
0
0
0
0
0
0
0
0
0
0
0
0
0
0
0
0
0
0
0
0
0
0
0
0
0
0
0
0
0
0
0
0
0
0
0
0
0
0
0
0
0.125379
0
0
0
0
0
0
0
0
0
0
0
0
0
0
0
0
0
0
0
0
0
0
0
0
0
0
0
0
0
0
0
0
0
0
0
0
0
0
0
0
0
0
0
0
0
0
0
0
0
0
0
0
0
0
0
0
0
0
0
0
0
0
0
0
0
0
0
0
0.0310454
0
0
0.0690632
0
0
0
0
0
0
0
0
0
0
0
0
0
0
0
0
0
0
0
0
0
0
0
0
0
0
0
0
0
0
0
0
0
0
0
0
0
0
0
0
0
0
0
0
0
0
0
0
0
0
0
0
0
0
0
0
0
0
0
0
0
0
0
0
0.0207847
0.0310454
0
0
0.0479255
0
0
0
0
0
0
0
0
0
0
0
0
0
0
0
0
0
0
0
0
0
0
0
0
0
0
0
0
0
0
0
0
0
0
0
0
0
0
0
0
0
0
0
0
0
0
0
0
0
0
0
0
0
0
0
0
0
0
0
0
0
0
0
0
0.0207847
0.0310454
0
0
0.0479255
0
0
0
0
0
0
0
0
0
0
0
0
0
0
0
0
0
0
0
0
0
0
0
0
0
0
0
0
0
0
0
0
0
0
0
0
0
0
0
0
0
0
0
0
0
0
0
0
0
0
0
0
0
0
0
0
0
0
0
0
0
0
0
0
0.0275826
0.0310454
0
0
0.0410121
0
0
0
0
0
0
0
0
0
0
0
0
0
0
0
0
0
0
0
0
0
0
0
0
0
0
0
0
0
0
0
0
0
0
0
0
0
0
0
0
0
0
0
0
0
0
0
0
0
0
0
0
0
0
0
0
0
0
0
0
0
0
0
0
0.0343578
0.0310454
0
0
0.0341218
0
0
0
0
0
0
0
0
0
0
0
0.00965548
0
0
0
0.00907854
0
0
0
0
0
0
0
0
0
0
0
0
0
0
0
0
0
0
0
0
0
0
0
0
0
0
0
0
0
0
0
0
0
0
0
0
0
0
0
0
0
0
0
0
0
0
0
0
0.0480773
0.0310454
0
0
0.0268634
0
0
0
0
0
0
0
0
0
0
0
0.0293905
0.0121335
0
0
0.0283498
0
0
0
0
0
0
0
0
0
0
0
0
0
0
0
0
0
0
0
0
0
0
0
0
0
0
0
0
0
0
0
0
0
0
0
0
0
0
0
0
0
0
0
0
0
0
0
0
0.0551805
0.0310454
0
0
0.0196396
0
0
0
0
0
0
0
0
0
0
0
0.0387906
0.0121335
0
0
0.084703
0
0
0
0
0
0
0
0
0
0
0
0
0
0
0
0
0
0
0
0
0
0
0
0
0
0
0
0
0
0
0
0
0
0
0
0
0
0
0
0
0
0
0
0
0
0
0
0
0.0748754
0.0310454
0
0
0.0131896
0
0
0
0
0
0
0
0
0
0.0110069
0
0.0291351
0.0351185
0
0
0.113902
0
0
0
0
0
0
0
0
0
0
0
0
0
0
0
0
0
0
0
0
0
0
0
0
0
0
0
0
0
0
0
0
0
0
0
0
0
0
0
0
0
0
0
0
0
0
0
0
0.116664
0.0204296
0
0
0
0
0
0.0140165
0.0178006
0
0
0
0
0
0
0
0.0503012
0
0.0114723
0
0.76593
0
0
0
0
0
0
0
0
0
0
0
0
0
0
0
0
0
0
0
0
0
0
0
0
0
0
0
0
0
0
0
0
0
0
0
0
0
0
0
0
0
0
0
0
0
0
0
0
0.0864331
0
0
0
0.00692227
0
0
0
0
0
0.02153
0
0
0
0
0.0267442
0.16387
0.0122989
0
0
0.999263
0
0
0
0
0
0
0
0
0
0
0
0
0
0
0
0
0
0
0
0
0
0
0
0
0
0
0
0
0
0
0
0
0
0
0
0
0
0
0
0
0
0
0
0
0
0
0
0
0.110644
0
0
0
0.0141396
0
0
0
0
0
0.0113976
0
0
0
0
0
0.123326
0.0244174
0
0
0.930191
0
0
0
0
0
0
0
0
0
0
0
0
0
0
0
0
0
0
0
0
0
0
0
0
0
0
0
0
0
0
0
0
0
0
0
0
0
0
0
0
0
0
0
0
0
0
0
0
0.109101
0
0
0
0.0141239
0
0
0.014291
0
0
0.0218618
0
0
0
0
0
0.135441
0
0
0
0.833898
0
0
0
0
0
0
0
0
0
0
0
0
0
0
0
0
0
0
0
0
0
0
0
0
0
0
0
0
0
0
0
0
0
0
0
0
0
0
0
0
0
0
0
0
0
0
0
0
0.0913417
0
0
0
0.0211712
0
0
0.014291
0
0
0.00988959
0
0
0
0
0
0.0384167
0
0
0
0.889454
0
0
0
0
0
0
0
0
0
0
0
0
0
0
0
0
0
0
0
0
0
0
0
0
0
0
0
0
0
0
0
0
0
0
0
0
0
0
0
0
0
0
0
0
0
0
0
0
0.0133115
0
0
0.0726836
0.0153834
0
0
0
0
0
0.01048
0
0
0
0
0
0.059661
0
0
0
0.878334
0
0
0
0
0
0
0
0
0
0
0
0
0
0
0
0
0
0
0
0
0
0
0
0
0
0
0
0
0
0
0
0
0
0
0
0
0
0
0
0
0
0
0
0
0
0
0
0
0.0719326
0
0
0.141978
0.00714322
0
0
0
0
0
0.043465
0
0
0
0
0
0.110646
0
0
0
0.720136
0
0
0
0
0
0
0
0
0
0
0
0
0
0
0
0
0
0
0
0
0
0
0
0
0
0
0
0
0
0
0
0
0
0
0
0
0
0
0
0
0
0
0
0
0
0
0
0
0.0937185
0
0
0.185056
0.021932
0
0
0
0
0
0.0535056
0
0
0
0
0
0.16957
0
0
0
0.648505
0
0
0
0
0
0
0
0
0
0
0
0
0
0
0
0
0
0
0
0
0
0
0
0
0
0
0
0
0
0
0
0
0
0
0
0
0
0
0
0
0
0
0
0
0
0
0
0
0.238609
0
0
0.270926
0.021932
0
0
0
0
0
0.0419679
0
0
0
0
0
0.370083
0
0
0
0.630802
0
0
0
0
0
0
0
0
0
0
0
0
0
0
0
0
0
0
0
0
0
0
0
0
0
0
0
0
0
0
0
0
0
0
0
0
0
0
0
0
0
0
0
0
0
0
0
0
0.295279
0
0
0.270926
0.021932
0
0
0
0
0
0.0419679
0
0
0
0
0
0.390518
0
0
0
0.571205
0
0
0
0
0
0
0
0
0
0
0
0
0
0
0
0
0
0
0
0
0
0
0
0
0
0
0
0
0
0
0
0
0
0
0
0
0
0
0
0
0
0
0
0
0
0
0
0
0.409724
0
0
0.28624
0.0190457
0
0
0
0
0
0.0419679
0
0
0.00821205
0
0
0.35085
0
0
0.0213426
0.571205
0
0
0
0
0
0
0
0
0
0
0
0
0
0
0
0
0
0
0
0
0
0
0
0
0
0
0
0
0
0
0
0
0
0
0
0
0
0
0
0
0
0
0
0
0
0
0
0
0.365624
0
0
0.28624
0.0117864
0
0
0
0
0
0.0309301
0
0
0.00821205
0
0
0.341554
0
0
0.0280227
0.472079
0
0
0
0
0
0
0
0
0
0
0
0
0
0
0
0
0
0
0
0
0
0
0
0
0
0
0
0
0
0
0
0
0
0
0
0
0
0
0
0
0
0
0
0
0
0
0
0
0.345182
0
0
0.28624
0.00464318
0
0
0
0
0
0.0197756
0
0
0.00821205
0
0
0.330365
0
0
0.0490442
0.252585
0
0
0
0
0
0
0
0
0
0
0
0
0
0
0
0
0
0
0
0
0
0
0
0
0
0
0
0
0
0
0
0
0
0
0
0
0
0
0
0
0
0
0
0
0
0
0
0
0.2434
0
0
0.28624
0.00464318
0
0
0
0
0
0.0197756
0
0
0.00821205
0
0
0.26222
0
0
0.0771681
0.0099807
0
0
0
0
0
0
0
0
0
0
0
0
0
0
0
0
0
0
0
0
0
0
0
0
0
0
0
0
0
0
0
0
0
0
0
0
0
0
0
0
0
0
0
0
0
0
0
0
0.196099
0
0
0.172682
0
0
0
0
0
0
0
0
0
0.00821205
0
0
0.205505
0
0
0.0952463
0
0
0
0
0
0
0
0
0
0
0
0
0
0
0
0
0
0
0
0
0
0
0
0
0
0
0
0
0
0
0
0
0
0
0
0
0
0
0
0
0
0
0
0
0
0
0
0
0
0.224839
0
0
0.10236
0
0
0
0
0
0
0
0
0
0.0171184
0
0
0.114084
0
0
0.0663819
0
0
0
0
0
0
0
0
0
0
0
0
0
0
0
0
0
0
0
0
0
0
0
0.0187585
0
0
0
0
0
0
0
0
0
0
0
0
0
0
0
0
0
0
0
0
0
0
0
0
0
0.204802
0
0
0.0153138
0
0
0
0
0
0
0
0
0
0
0
0
0
0
0
0.0273886
0
0
0
0
0
0
0
0
0
0
0
0
0
0
0
0
0
0
0
0
0
0
0
0
0
0
0
0
0
0
0
0
0
0
0
0
0
0
0
0
0
0
0
0
0
0
0
0
0
0.0775341
0
0
0
0
0
0
0
0
0
0
0
0
0
0
0
0
0
0
0
0
0
0
0
0
0
0
0
0
0
0
0
0
0
0
0
0
0
0
0
0
0
0
0
0
0
0
0
0
0
0
0
0
0
0
0
0
0
0
0
0
0
0
0
0
0
0
0
0
0.0775341
0
0
0
0
0
0
0
0
0
0
0
0
0
0
0
0
0
0
0
0
0
0
0
0
0
0
0
0
0
0
0
0
0
0
0
0
0
0
0
0
0
0
0
0
0
0
0
0
0
0
0
0
0
0
0
0
0
0
0
0
0
0
0
0
0
0
0
0
0.0775341
0
0
0
0
0
0
0
0
0
0
0
0
0
0
0
0
0
0
0
0
0
0
0
0
0
0
0
0
0
0
0
0
0
0
0
0
0
0
0
0
0
0
0
0
0
0
0
0
0
0
0
0
0
0
0
0
0
0
0
0
0
0
0
0
0
0
0
0
0.0775341
0
0
0
0
0
0
0
0
0.0119591
0
0
0
0
0
0
0
0
0
0.013779
0
0
0
0
0
0
0
0
0
0
0
0
0
0
0
0
0
0
0
0
0
0
0
0
0
0
0
0
0
0
0
0
0
0
0
0
0
0
0
0
0
0
0
0
0
0
0
0
0
0.0775341
0
0
0
0
0
0.0134703
0
0
0
0
0
0
0
0
0
0
0
0
0.028092
0
0
0
0
0
0
0
0
0
0
0
0
0
0
0
0
0
0
0
0
0
0
0
0
0
0
0
0
0
0
0
0
0
0
0
0
0
0
0
0
0
0
0
0
0
0
0
0
0
0.0775341
0
0
0
0
0
0.0134703
0
0
0
0
0
0
0
0
0
0
0
0
0.0497334
0
0
0
0
0
0
0
0
0
0
0
0
0
0
0
0
0
0
0
0
0
0
0
0
0
0
0
0
0
0
0
0
0
0
0
0
0
0
0
0
0
0
0
0
0
0
0
0
0
0.0775341
0
0
0
0
0
0.0134703
0
0
0
0
0
0
0
0
0
0
0
0
0.0782464
0
0
0
0
0
0
0
0
0
0
0
0
0
0
0
0
0
0
0
0
0
0
0
0
0
0
0
0
0
0
0
0
0
0
0
0
0
0
0
0
0
0
0
0
0
0
0
0
0
0.0775341
0
0
0
0
0
0.0530312
0
0
0
0
0
0
0
0
0
0
0
0
0.549066
0
0
0
0
0
0
0
0
0
0
0
0
0
0
0
0
0
0
0
0
0
0
0
0
0
0
0
0
0
0
0
0
0
0
0
0
0
0
0
0
0
0
0
0
0
0
0
0
0
0.0357551
0
0
0
0
0
0.0788036
0
0
0
0
0
0
0
0
0.0481342
0.00938538
0
0
0.842683
0
0
0
0
0
0
0
0
0
0
0
0
0
0
0
0
0
0
0
0
0
0
0
0
0
0
0
0
0
0
0
0
0
0
0
0
0
0
0
0
0
0
0
0
0
0
0
0
0
0
0
0
0
0
0
0.105868
0
0
0.0120572
0
0
0
0
0
0.0972887
0.00938538
0
0
0.833575
0
0
0
0
0
0
0
0
0
0
0
0
0
0
0
0
0
0
0
0
0
0
0
0
0
0
0
0
0
0
0
0
0
0
0
0
0
0
0
0
0
0
0
0
0
0
0
0
0
0
0
0
0.0588601
0
0
0.198788
0
0
0.0234447
0
0
0
0
0
0.113689
0.00938538
0
0
0.605445
0
0
0
0
0
0
0
0
0
0
0
0
0
0
0
0
0
0
0
0
0
0
0
0
0
0
0
0
0
0
0
0
0
0
0
0
0
0
0
0
0
0
0
0
0
0
0
0
0
0
0
0
0.0156663
0
0
0.120659
0
0
0.0220262
0
0
0
0
0
0.0752324
0
0
0
0.392224
0
0
0
0
0
0
0
0
0
0
0
0
0
0
0
0
0
0
0
0
0
0
0
0
0
0
0
0
0
0
0
0
0
0
0
0
0
0
0
0
0
0
0
0
0
0
0
0
0
0
0
0
0.0156663
0
0
0
0
0
0
0
0
0
0
0
0
0
0
0
0.119323
0
0
0
0
0
0
0
0
0
0
0
0
0
0
0
0
0
0
0
0
0
0
0
0
0
0
0
0
0
0
0
0
0
0
0
0
0
0
0
0
0
0
0
0
0
0
0
0
0
0
0
0
0
0
0
0
0
0
0
0
0
0
0
0
0
0
0
0
0
0
0
0
0
0
0
0
0
0
0
0
0
0
0
0
0
0
0
0
0
0
0
0
0
0
0
0
0
0
0
0
0
0
0
0
0
0
0
0
0
0
0
0
0
0
0
0
0
0
0
0
0
0
0
0
0
0
0
0
0
0
0
0
0
0
0
0
0
0
0
0
0
0
0
0
0
0
0
0
0
0
0
0
0
0
0
0
0
0
0
0
0
0
0
0
0
0
0
0
0
0
0
0
0
0
0
0
0
0
0
0
0
0
0
0
0
0
0
0
0
0
0
0
0
0
0
0
0
0
0
0
0
0
0
0
0
0
0
0
0
0
0
0
0
0
0
0
0
0
0
0
0
0
0
0
0
0
0
0
0
0
0
0
0
0
0
0
0
0
0
0
0
0
0
0
0
0
0
0
0
0
0
0
0
0
0
0
0
0
0
0
0
0
0
0
0
0
0
0
0
0
0
0
0
0
0
0
0
0
0
0
0
0
0
0
0
0
0
0
0
0
0
0
0
0
0
0
0
0
0
0
0
0
0
0
0
0
0
0
0
0
0
0
0
0
0
0
0
0
0
0
0
0
0
0
0
0
0
0
0
0
0
0
0
0
0
0
0
0
0
0
0
0
0
0
0
0
0
0
0
0
0
0
0
0
0
0
0
0
0
0
0
0
0
0
0
0
0
0
0
0
0
0
0
0
0
0
0
0
0
0
0
0
0
0
0
0
0
0
0
0
0
0
0
0
0
0
0
0
0
0
0
0
0
0
0
0
0
0
0
0
0
0
0
0
0
0
0
0
0
0
0
0
0
0
0
0
0
0
0
0
0
0
0
0
0
0
0
0
0
0
0
0
0
0
0
0
0
0
0
0
0
0
0
0
0
0
0
0
0
0
0
0
0
0
0
0
0
0
0
0
0
0
0
0
0
0
0
0
0
0
0
0
0
0
0
0
0
0
0
0
0
0
0
0
0
0
0
0
0
0
0
0
0
0
0
0
0
0
0
0
0
0
0
0
0
0
0
0
0
0
0
0
0
0
0
0
0
0
0
0
0
0
0
0
0
0
0
0
0
0
0
0
0
0
0
0
0
0
0
0
0
0
0
0
0
0
0
0
0
0
0
0
0
0
0
0
0
0
0
0
0
0
0
0
0
0
0
0
0
0
0
0
0
0
0
0
0
0
0
0
0
0
0
0
0
0
0
0
0
0
0
0
0
0
0
0
0
0
0
0
0
0
0
0
0
0
0
0
0
0
0
0
0
0
0
0
0
0
0
0
0
0
0
0
0
0
0
0
0
0
0
0
0
0
0
0
0
0
0
0
0
0
0
0
0
0
0
0
0
0
0
0
0
0
0
0
0
0
0
0
0
0
0
0
0
0
0
0
0
0
0
0
0
0
0
0
0
0
0
0
0
0
0
0
0
0
0
0
0
0
0
0
0
0
0
0
0
0
0
0
0
0
0
0
0
0
0
0
0
0
0
0
0
0
0
0
0
0
0
0
0
0
0
0
0
0
0
0
0
0
0
0
0
0
0
0
0
0
0
0
0
0
0
0
0
0
0
0
0
0
0
0
0
0
0
0
0
0
0
0
0
0
0
0
0
0
0
0
0
0
0
0
0
0
0
0
0
0
0
0
0
0
0
0
0
0
0
0
0
0
0
0
0
0
0
0
0
0
0
0
0
0
0
0
0
0
0
0
0
0
0
0
0
0
0
0
0
0
0
0
0
0
0
0
0
0
0
0
0
0
0
0
0
0
0
0
0
0
0
0
0
0
0
0
0
0
0
0
0
0
0
0
0
0
0
0
0
0
0
0
0
0
0
0
0
0
0
0
0
0
0
0
0
0
0
0
0
0
0
0
0
0
0
0
0
0
0
0
0
0
0
0
0
0
0
0
0
0
0
0
0
0
0
0
0
0
0
0
0
0
0
0
0
0
0
0
0
0
0
0
0
0
0
0
0
0
0
0
0
0
0
0
0
0
0
0
0
0
0
0
0
0
0
0
0
0
0
0
0
0
0
0
0
0
0
0
0
0
0
0
0
0
0
0
0
0
0
0
0
0
0
0
0
0
0
0
0
0
0
0
0
0
0
0
0
0
0
0
0
0
0
0
0
0
0
0
0
0
0
0
0
0
0
0
0
0
0
0
0
0
0
0
0
0
0
0
0
0
0
0
0
0
0
0
0
0
0
0
0
0
0
0
0
0
0
0
0
0
0
0
0
0
0
0
0
0
0
0
0
0
0
0
0
0
0
0
0
0
0
0
0
0
0
0
0
0
0
0
0
0
0
0
0
0
0
0
0
0
0
0
0
0
0
0
0
0
0
0
0
0
0
0
0
0
0
0
0
0
0
0
0
0
0
0
0
0
0
0
0
0
0
0
0
0
0
0
0
0
0
0
0
0
0
0
0
0
0
0
0
0
0
0
0
0
0
0
0
0
0
0
0
0
0
0
0
0
0
0
0
0
0
0
0
0
0
0
0
0
0
0
0
0
0
0
0
0
0
0
0
0
0
0
0
0
0
0
0
0
0
0
0
0
0
0
0
0
0
0
0
0
0
0
0
0
0
0
0
0
0
0
0
0
0
0
0
0
0
0
0
0
0
0
0
0
0
0
0
0
0
0
0
0
0
0
0
0
0
0
0
0
0
0
0
0
0
0
0
0
0
0
0
0
0
0
0
0
0
0
0
0
0
0
0
0
0
0
0
0
0
0
0
0
0
0
0
0
0
0
0
0
0
0
0
0
0
0
0
0
0
0
0
0
0
0
0
0
0
0
0
0
0
0
0
0
0
0
0
0
0
0
0
0
0
0
0
0
0
0
0
0
0
0
0
0
0
0
0
0
0
0
0
0
0
0
0
0
0
0
0
0
0
0
0
0
0
0
0
0
0
0
0
0
0
0
0
0
0
0
0
0
0
0
0
0
0
0
0
0
0
0
0
0
0
0
0
0
0
0
0
0
0
0
0
0
0
0
0
0
0
0
0
0
0
0
0
0
0
0
0
0
0
0
0
0
0
0
0
0
0
0
0
0
0
0
0
0
0
0
0
0
0
0
0
0
0
0
0
0
0
0
0
0
0
0
0
0
0
0
0
0
0
0
0
0
0
0
0
0
0
0
0
0
0
0
0
0
0
0
0
0
0
0
0
0
0
0
0
0
0
0
0
0
0
0
0
0
0
0
0
0
0
0
0
0
0
0
0
0
0
0
0
0
0
0
0
0
0
0
0
0
0
0
0
0
0
0
0
0
0
0
0
0
0
0
0
0
0
0
0
0
0
0
0
0
0
0
0
0
0
0
0
0
0
0
0
0
0
0
0
0
0
0
0
0
0
0
0
0
0
0
0
0
0
0
0
0
0
0
0
0
0
0
0
0
0
0
0
0
0
0
0
0
0
0
0
0
0
0
0
0
0
0
0
0
0
0
0
0
0
0
0
0
0
0
0
0
0
0
0
0
0
0
0
0
0
0
0
0
0
0
0
0
0
0
0
0
0
0
0
0
0
0
0
0
0
0
0
0
0
0
0
0
0
0
0
0
0
0
0
0
0
0
0
0
0
0
0
0
0
0
0
0
0
0
0
0
0.0367799
0
0
0
0
0
0
0
0
0
0
0
0
0
0
0
0
0
0
0
0
0
0
0
0
0
0
0
0
0
0
0
0
0
0
0
0
0
0
0
0
0
0
0
0
0
0
0
0
0
0
0
0
0
0
0
0
0
0
0
0
0
0
0
0
0
0
0
0
0.0367799
0
0
0
0
0
0
0
0
0
0
0
0
0
0
0
0
0
0
0
0
0
0
0
0
0
0
0
0
0
0
0
0
0
0
0
0
0
0
0
0
0
0
0
0
0
0
0
0
0
0
0
0
0
0
0
0
0
0
0
0
0
0
0
0
0
0
0
0
0.0367799
0
0
0
0
0
0
0
0
0
0
0
0
0
0
0
0
0
0
0
0
0
0
0
0
0
0
0
0
0
0
0
0
0
0
0
0
0
0
0
0
0
0
0
0
0
0
0
0
0
0
0
0
0
0
0
0
0
0
0
0
0
0
0
0
0
0
0
0
0.0438145
0
0
0
0
0
0
0
0
0
0
0
0
0
0
0
0
0
0
0
0
0
0
0
0
0
0
0
0
0
0
0
0
0
0
0
0
0
0
0
0
0
0
0
0
0
0
0
0
0
0
0
0
0
0
0
0
0
0
0
0
0
0
0
0
0
0
0
0
0.0503137
0
0
0
0
0
0
0
0
0
0
0
0
0
0
0
0
0
0
0
0
0
0
0
0
0
0
0
0
0
0
0
0
0
0
0
0
0
0
0
0
0
0
0
0
0
0
0
0
0
0
0
0
0
0
0
0
0
0
0
0
0
0
0
0
0
0
0
0
0.124856
0
0
0
0
0
0
0
0
0
0
0
0
0
0
0
0
0
0
0
0
0
0
0.00668276
0
0
0
0
0
0
0
0
0
0
0
0
0
0
0
0
0
0
0
0
0
0.00766754
0
0
0
0
0
0
0
0
0
0
0
0
0
0
0
0
0
0
0
0
0
0
0
0.515999
0
0
0
0
0
0
0
0
0
0
0
0
0
0
0
0
0
0
0
0
0
0
0.00668276
0.0142415
0
0
0.00728053
0
0
0
0
0
0
0
0
0
0
0
0
0
0
0
0
0
0.00766754
0
0
0
0
0
0
0
0.0282651
0
0.00676829
0
0
0.00935977
0.031955
0
0
0
0.0114643
0
0.0172157
0.0492848
0
0.00702784
0.904427
0
0
0
0
0
0
0
0
0
0
0
0
0
0
0
0
0
0
0
0
0.0180588
0
0.0206675
0.0295183
0.0106194
0.00756771
0.0149928
0
0
0
0
0
0
0
0
0
0
0
0
0
0
0
0
0
0.00766754
0
0
0
0.0187356
0
0.0085032
0
0.0745086
0
0
0.0387304
0.00785882
0.00935977
0.135607
0
0
0
0.0313293
0
0.19156
0.0662314
0
0.00702784
0.997922
0
0
0
0
0
0
0
0
0
0
0
0
0
0
0
0
0
0
0
0
0
0.0176255
0.0286188
0.0579281
0.0106194
0.0148239
0.0221229
0
0
0
0
0
0
0
0
0
0
0
0
0
0
0
0
0
0.00766754
0.00710518
0.0174197
0
0.0187356
0
0
0
0.120348
0
0
0.0493846
0
0.00935977
0.146109
0.021478
0.0116011
0.00993409
0.0215145
0.00728161
0.250124
0.19138
0.0230637
0.0140672
0.890247
0
0
0
0
0
0
0
0
0
0
0
0
0
0
0
0
0
0
0
0
0.0386808
0
0.0285265
0.0710068
0.0116687
0.0220212
0.0230184
0
0
0
0
0
0
0
0
0
0
0
0
0
0
0.00750038
0
0
0
0.021085
0
0.0103017
0.0743736
0.013356
0.00852502
0.0171511
0.0831852
0
0
0.0846171
0
0.00935977
0.135356
0.0111776
0.0116011
0.00989668
0.020189
0.00728161
0.224629
0.094705
0.0236646
0.00678684
0.74991
0
0
0
0
0
0
0
0
0
0
0
0
0
0
0
0
0
0
0
0
0.0396824
0.0358265
0.0143518
0.0425927
0.0116687
0.0146768
0
0
0
0
0
0
0
0
0
0
0
0
0
0
0
0.00826606
0
0
0
0.00660739
0
0
0.472413
0.0202071
0
0.0171511
0.00956813
0.00906704
0.00682918
0.0373781
0.0173623
0
0.0619977
0.0216751
0.0355747
0.0289858
0.0103945
0.00696886
0.0691856
0.0484074
0.0249284
0.013109
0.365022
0
0
0
0
0
0
0
0
0
0
0
0
0
0
0
0
0
0
0
0
0.0186183
0.0356644
0.0143518
0.027316
0.0234491
0.0074489
0.00830146
0
0
0
0
0
0
0
0
0
0
0
0
0
0
0.00826606
0
0
0
0.00660739
0.0168742
0
0.147741
0.00715512
0
0.0171511
0.00956813
0.00904466
0.00682918
0.0497549
0
0
0.0619977
0.0327502
0.0116011
0.00996971
0.0103945
0.00696886
0.0448568
0.0321966
0.0481344
0.0262727
0.0308715
0
0
0
0
0
0
0
0
0
0
0
0
0
0
0
0
0
0
0
0
0.0186183
0
0
0
0.0116687
0.0216692
0.00830146
0
0
0
0
0
0
0
0
0
0
0
0
0
0
0.00840562
0
0
0
0
0
0
0.0577529
0.0137367
0
0.0171511
0.00956813
0
0.00682918
0.03718
0
0
0.0411646
0.0216751
0.0116011
0
0.00998511
0.00696886
0.0353948
0
0.0359543
0.0201035
0.0131595
0
0
0
0
0
0
0
0
0
0
0
0
0
0
0
0
0
0
0
0
0.0367934
0.019309
0.00691772
0
0
0
0.0159399
0
0
0
0
0
0
0
0
0
0
0
0
0
0
0
0
0
0
0
0
0
0.109177
0.0137367
0
0.0327209
0.0274937
0
0
0.0371472
0
0
0.0306251
0.0104975
0.0116011
0
0
0.0142108
0.0443414
0
0.0125174
0.0130854
0.0131595
0
0
0
0
0
0
0
0
0
0
0
0
0
0
0
0
0
0
0
0
0.0181751
0.019309
0
0
0
0
0.0159399
0
0
0
0
0
0
0
0
0
0
0
0
0
0
0
0
0
0
0.0071196
0
0
0.568434
0.00658153
0
0.0171511
0.0185922
0
0
0.0124667
0
0
0.0111692
0.0211072
0.0116011
0
0
0.0138021
0.0444487
0
0.0125174
0.0131971
0.0131595
0
0
0
0
0
0
0
0
0
0
0
0
0
0
0
0
0
0
0
0
0.0184861
0
0.00728797
0.013118
0
0
0.00830146
0
0
0
0
0
0
0
0
0
0
0
0
0
0
0
0.0096861
0
0
0
0
0
0.988958
0.00658153
0
0.0171511
0.0284539
0
0
0.0124667
0
0.0103596
0.0111692
0.0104975
0.0116011
0
0
0.00696886
0.0428859
0
0
0.00629857
0.00660919
0
0
0
0
0
0
0
0
0
0
0
0
0
0
0
0
0
0
0
0
0
0.0179271
0
0
0
0
0
0
0
0
0
0
0
0
0
0
0
0
0
0
0
0
0.00887087
0
0.00790748
0
0
0
0.997371
0
0
0
0.0196885
0
0
0
0
0
0.0515997
0.0104975
0
0.00998151
0
0
0.0348288
0
0
0.00300674
0.013471
0
0
0
0
0
0
0
0
0
0
0
0
0
0
0
0
0
0
0
0
0
0
0
0
0
0.00685512
0
0
0
0
0
0
0
0
0
0
0
0
0
0
0
0.00803843
0.00899289
0
0
0
0
0
1.00175
0.0129853
0.00937219
0.0712305
0.0179282
0
0
0
0
0
0.00965884
0
0
0
0.0106647
0
0.086274
0
0
0.00300674
0.0069839
0
0
0
0
0
0
0
0
0
0
0
0
0
0
0
0
0
0
0
0
0
0
0
0
0
0.00773873
0
0
0
0
0
0
0
0
0
0
0
0
0
0
0
0.00809299
0
0
0
0.00690952
0
0
0.994825
0.00651704
0
0.106333
0.0277357
0.0087714
0.00729283
0
0
0
0.0192654
0.0115257
0
0
0.0106647
0.00678475
0.110896
0
0
0.0232654
0.0137223
0
0
0
0
0
0
0
0
0
0
0
0
0
0
0
0
0
0
0
0
0
0
0
0
0.0234286
0
0
0
0
0
0
0
0
0
0
0
0
0
0
0
0
0.00809299
0
0
0
0.00690952
0
0
0.951012
0.00651704
0
0.147876
0.0277357
0
0.00729283
0.0257385
0.00789498
0
0.0297612
0
0
0.0099934
0.0106647
0
0.127904
0
0
0.0433003
0.00673838
0
0
0
0
0
0
0
0
0
0
0
0
0
0
0
0
0
0
0
0
0
0
0
0
0.0117825
0
0
0
0
0
0
0
0
0
0
0
0
0
0
0
0
0.00809299
0
0
0
0.00690952
0.0173859
0
0.480026
0.00651704
0
0.224697
0.0186463
0
0.00729283
0.0128216
0.00789498
0
0.0403172
0
0
0.019421
0.0106647
0
0.136686
0
0
0.0626865
0.00741775
0
0
0
0
0
0
0
0
0
0
0
0
0
0
0
0
0
0
0
0
0
0
0
0
0.0117825
0
0
0
0
0
0
0
0
0
0
0
0
0
0
0
0
0.00809299
0
0
0
0.00690952
0.0173859
0
0.237821
0.00651704
0.0091622
0.20795
0.0186463
0
0.0073458
0.0128216
0.00789498
0
0.0403172
0
0
0.019421
0.0106647
0
0.128085
0
0
0.0693082
0.00741775
0
0
0
0
0
0
0
0
0
0
0
0
0
0
0
0
0
0
0
0
0
0
0
0
0
0.00699087
0
0
0
0
0
0
0
0
0
0
0
0
0
0
0
0
0
0
0.00827336
0.00690952
0.0173859
0
0.154314
0.00651704
0
0.224226
0.00980748
0
0
0.0128216
0.00789498
0.00999524
0.0403172
0
0
0.0099934
0
0
0.0939426
0
0.0121737
0.129586
0
0
0
0
0
0
0
0
0
0
0
0
0
0
0
0
0
0
0
0
0
0
0
0
0
0
0.00773334
0
0
0
0
0
0
0
0
0
0
0
0
0
0
0
0
0
0
0
0
0.0173859
0
0.0806486
0
0
0.0321596
0.00980748
0.00883761
0.00708146
0.0128216
0.00789498
0
0.0403172
0
0
0
0
0
0.110721
0
0.0121737
0.254659
0
0
0
0
0
0
0
0
0
0
0
0
0
0
0
0
0
0
0
0
0
0
0
0
0
0.0116453
0.00707919
0
0
0
0
0
0
0
0
0
0
0
0
0
0
0
0
0
0
0
0
0
0
0.0460249
0
0
0.0307681
0
0.00963105
0
0
0.00789498
0
0.0308875
0.0114408
0
0.00966078
0
0
0.041812
0
0
0.241539
0
0
0
0
0
0
0
0
0
0
0
0
0
0
0
0
0
0
0
0
0
0
0.0192703
0
0
0
0
0
0
0
0
0
0
0
0
0
0
0
0
0
0
0
0
0
0
0
0
0
0
0
0
0.00848915
0
0.00928009
0.00963105
0
0
0
0
0.00997578
0.0114408
0
0
0
0
0.0173304
0
0
0.0329586
0
0
0
0
0
0
0
0
0
0
0
0
0
0
0
0
0
0
0
0
0
0
0
0
0
0
0.00771431
0
0
0
0
0
0
0
0
0
0
0
0
0
0
0
0
0
0
0
0
0
0
0
0
0
0
0
0.00916307
0
0
0
0
0
0
0.012717
0
0
0.0077902
0.00843145
0
0
0.0628118
0
0
0
0
0
0
0
0
0
0
0
0
0
0
0
0
0
0
0
0
0
0
0
0
0
0
0
0
0
0
0
0
0
0
0
0
0
0
0
0
0
0
0
0
0
0
0
0
0
0
0
0
0
0
0
0
0
0
0
0
0
0.012717
0
0.0114966
0
0.0174557
0
0
0.242649
0
0
0
0
0
0
0
0
0
0
0
0
0
0
0
0
0
0
0
0
0
0
0
0
0
0
0
0
0
0
0
0
0
0
0
0
0
0
0
0
0
0
0.00904711
0
0
0
0
0
0
0.0105038
0
0
0
0.0104182
0
0
0
0
0.0101686
0
0
0
0
0
0
0.00843145
0
0
0.649782
0
0
0
0
0
0
0
0
0
0
0
0
0
0
0
0
0
0
0
0
0
0
0.0207859
0
0
0
0
0
0
0
0
0
0
0
0
0
0
0
0
0
0
0
0
0
0
0
0
0
0
0.0103909
0
0
0
0.0104182
0
0
0
0
0.0108346
0
0
0
0
0
0
0
0
0
0.996247
0
0
0
0
0
0
0
0
0
0
0
0
0
0
0
0
0
0
0
0
0
0
0.0207859
0
0
0
0
0
0
0
0
0
0
0
0
0
0
0
0
0
0
0
0
0
0
0
0
0
0
0.0415507
0
0
0.051164
0
0
0
0
0
0
0.0106826
0.011138
0.0135499
0
0.0102232
0
0.00886688
0.0160033
0.0123096
0.813575
0
0
0
0
0
0
0
0
0
0
0
0
0
0
0
0
0
0
0
0
0
0
0
0
0
0.0118331
0
0
0
0
0
0
0
0
0
0
0
0
0
0
0
0
0
0.0095523
0
0.00913705
0
0
0.00904235
0.0402719
0.00693565
0
0.151236
0.0283761
0
0.00673592
0
0
0.039428
0
0.0113337
0.036177
0.0298037
0.0102232
0.0427749
0.0540259
0.0321218
0.0625355
1.00469
0.0357555
0
0
0
0
0
0
0
0
0
0
0
0
0
0
0
0
0
0
0
0
0.0194961
0.058186
0.00698524
0
0.0582915
0.0296676
0.00734737
0
0
0
0
0
0
0
0
0
0
0
0
0
0
0.0173443
0.00988175
0.00858417
0.017574
0.0147482
0
0.0186215
0.019753
0.0143355
0.0181968
0.297
0.00978474
0.0089395
0.0277298
0.0725436
0.00795627
0.118309
0.0333975
0.0219664
0.0238103
0.0840567
0.0107837
0.130182
0.0893148
0.0328176
0.0368011
0.995341
0.0302027
0
0
0
0
0
0
0
0
0
0
0
0
0
0
0
0
0
0
0
0
0.0572305
0.0380284
0.021696
0
0.0710596
0.0386774
0.00734737
0
0
0
0
0
0
0
0
0
0
0
0
0
0
0.0168239
0
0.00858417
0.025172
0
0.0362962
0.00957913
0.0273975
0.0143355
0.016917
0.0815277
0.0181251
0
0.0636698
0.0847619
0.00774279
0.0781389
0.0522925
0.0427558
0.0614201
0.0841743
0.0107837
0.115654
0.0174399
0.0173347
0.0382886
0.905678
0.0380283
0
0
0
0
0
0
0
0
0
0
0
0
0
0
0
0
0
0
0
0
0.0199016
0.0364925
0.0368306
0
0.0476939
0.0151066
0.00734737
0
0
0
0
0
0
0
0
0
0
0
0
0
0
0.0248972
0.00988175
0.00858417
0.0172845
0
0
0.0203659
0.00944585
0.0207219
0.0266323
0.0664731
0.0182673
0.00860232
0.249572
0.0592747
0.0085041
0.0875698
0.0433179
0.0315671
0.0620536
0.0569233
0.0100659
0.145512
0.00807824
0.032517
0.0129495
0.569746
0.0375427
0
0
0
0
0
0
0
0
0
0
0
0
0
0
0
0
0
0
0
0
0.0199016
0.0175583
0.0293453
0
0.0115728
0.0221031
0.00734737
0
0
0
0
0
0
0
0
0
0
0
0
0
0
0.00795653
0.00988175
0
0
0
0
0.0203659
0
0.0143355
0.0191974
0.0673233
0.0376984
0.00947352
0.207115
0.0489176
0
0.0778797
0.0201808
0.0634232
0.0749982
0.0581338
0
0.116982
0.0161429
0.0506777
0.023558
0.290526
0.0310036
0
0
0
0
0
0
0
0
0
0
0
0
0
0
0
0
0
0
0
0
0.0193997
0.0523359
0
0
0.0228445
0.0151403
0.00732112
0
0
0
0
0
0
0
0
0
0
0
0
0
0
0
0
0
0.00784431
0.00740341
0
0.00958343
0.017852
0.00676221
0.0187593
0.0337311
0.0376984
0
0.0371604
0.0357812
0.024265
0.0504014
0
0.0107481
0.0612134
0.0293983
0
0.0657349
0
0
0.0125592
0.00631184
0
0
0
0
0
0
0
0
0
0
0
0
0
0
0
0
0
0
0
0
0
0
0.0548267
0
0
0.0215516
0.00687511
0.00732112
0
0
0
0
0
0
0
0
0
0
0
0
0
0
0
0.0101118
0
0.00784431
0
0
0
0.00918038
0.0068887
0.0363046
0.0326557
0
0
0.0299694
0
0
0
0.0115826
0
0.0131917
0.0286385
0
0.0363474
0
0
0
0
0
0
0
0
0
0
0
0
0
0
0
0
0
0
0
0
0
0
0
0
0
0.0176953
0.0195758
0
0
0
0
0
0
0
0
0
0
0
0
0
0
0
0
0
0
0
0
0
0
0
0
0
0
0
0
0.0277019
0.0162405
0
0
0.0584283
0
0
0
0
0
0
0.0181594
0
0.0285198
0
0.0149194
0.0131632
0
0
0
0
0
0
0
0
0
0
0
0
0
0
0
0
0
0
0
0
0
0
0
0
0
0
0
0
0
0
0
0
0
0
0
0
0
0
0
0
0
0
0
0
0
0
0
0
0
0
0
0
0
0.0162405
0
0
0.0153941
0
0
0
0
0
0
0
0
0
0
0
0
0
0
0
0
0
0
0
0
0
0
0
0
0
0
0
0
0
0
0
0
0
0
0
0
0
0
0
0
0
0
0
0
0
0
0
0
0
0
0
0
0
0
0
0
0
0
0
0
0
0
0
0
0
0.0162405
0
0
0.103238
0
0
0
0
0
0
0
0
0
0
0
0
0
0
0
0
0
0
0
0
0
0
0
0
0
0
0
0
0
0
0
0
0
0
0
0
0
0
0
0
0
0
0
0
0
0
0
0
0
0
0
0
0
0
0
0
0
0
0
0
0
0
0
0
0
0
0
0
0.12388
0
0
0
0
0
0
0
0
0
0
0
0
0
0
0
0
0
0
0
0
0
0
0
0
0
0
0
0
0
0
0
0
0
0
0
0
0
0
0
0
0
0
0
0
0
0
0
0
0
0
0
0
0
0
0
0
0
0
0
0
0
0
0
0
0
0
0
0
0.138538
0
0
0
0
0
0
0
0
0
0
0
0
0
0
0
0
0
0
0
0
0
0
0
0
0
0
0
0
0
0
0
0
0
0
0
0
0
0
0
0
0
0
0
0
0
0
0
0
0
0
0
0
0
0
0
0
0
0
0
0
0
0
0
0
0
0
0
0
0.0787859
0
0
0
0
0
0
0
0
0
0
0
0
0
0
0
0
0
0
0
0
0
0
0
0
0
0
0
0
0
0
0
0
0
0
0
0
0
0
0
0
0
0
0
0
0
0
0
0
0
0
0
0
0
0
0
0
0
0
0
0
0
0
0
0
0
0
0
0
0
0
0
0
0
0
0
0
0
0
0
0
0
0
0
0
0
0
0
0
0
0
0
0
0
0
0
0
0
0
0
0
0
0
0
0
0
0
0
0
0
0
0
0
0
0
0
0
0
0
0
0
0
0
0
0
0
0
0
0
0
0
0
0
0
0
0
0
0
0
0
0
0
0
0
0
0
0
0
0
0
0
0
0
0
0
0
0
0
0
0
0
0
0
0
0
0
0
0
0
0
0
0
0
0
0
0
0
0
0
0
0
0
0
0
0
0
0
0
0
0
0
0
0
0
0
0
0
0
0
0
0
0
0
0
0
0
0
0
0
0
0
0
0
0
0
0
0
0
0
0
0
0
0
0
0
0
0
0
0
0
0
0
0
0
0
0
0
0
0
0
0
0
0
0
0
0
0
0
0
0
0
0
0
0
0
0
0
0
0
0
0
0
0
0
0
0
0
0
0
0
0
0
0
0
0
0
0
0
0
0
0
0
0
0
0
0
0
0
0
0
0
0
0
0
0
0
0
0
0
0
0
0
0
0
0
0
0
0
0
0
0
0
0
0
0
0
0
0
0
0
0
0
0
0
0
0
0
0
0
0
0
0
0
0
0
0
0
0
0
0
0
0
0
0
0
0
0
0
0
0
0
0
0
0
0
0
0
0
0
0
0
0
0
0
0
0
0
0
0
0
0
0
0
0
0
0
0
0
0
0
0
0
0
0
0
0
0
0
0
0
0
0
0
0
0
0
0
0
0
0
0
0
0
0
0
0
0
0
0
0
0
0
0
0
0
0
0
0
0
0
0
0
0
0
0
0
0
0
0
0
0
0
0
0
0
0
0
0
0
0
0
0
0
0
0
0
0
0
0
0
0
0
0
0
0
0
0
0
0
0
0
0
0
0
0
0
0
0
0
0
0
0
0
0
0
0
0
0
0
0
0
0
0
0
0
0
0
0
0
0
0
0
0
0
0
0
0
0
0
0
0
0
0
0
0
0
0
0
0
0
0
0
0
0
0
0
0
0
0
0
0
0
0
0
0
0
0
0
0
0
0
0
0
0
0
0
0
0
0
0
0
0
0
0
0
0
0
0
0
0
0
0
0
0
0
0
0
0
0
0
0
0
0
0
0
0
0
0
0
0
0
0
0
0
0
0
0
0
0
0
0
0
0
0
0
0
0
0
0
0
0
0
0
0
0
0
0
0
0
0
0
0
0
0
0
0
0
0
0
0
0
0
0
0
0
0
0
0
0
0
0
0
0
0
0
0
0
0
0
0
0
0
0
0
0
0
0
0
0
0
0
0
0
0
0
0
0
0
0
0
0
0
0
0
0
0
0
0
0
0
0
0
0
0
0
0
0
0
0
0
0
0
0
0
0
0
0
0
0
0
0
0
0
0
0
0
0
0
0
0
0
0
0
0
0
0
0
0
0
0
0
0
0
0
0
0
0
0
0
0
0
0
0
0
0
0
0
0
0
0
0
0
0
0
0
0
0
0
0
0
0
0
0
0
0
0
0
0
0
0
0
0
0
0
0
0
0
0
0
0
0
0
0
0
0
0
0
0
0
0
0
0
0
0
0
0
0
0
0
0
0
0
0
0
0
0
0
0
0
0
0
0
0
0
0
0
0
0
0
0
0
0
0
0
0
0
0
0
0
0
0
0
0
0
0
0
0
0
0
0
0
0
0
0
0
0
0
0
0
0
0
0
0
0
0
0
0
0
0
0
0
0
0
0
0
0
0
0
0
0
0
0
0
0
0
0
0
0
0
0
0
0
0
0
0
0
0
0
0
0
0
0
0
0
0
0
0
0
0
0
0
0
0
0
0
0
0
0
0
0
0
0
0
0
0
0
0
0
0
0
0
0
0
0
0
0
0
0
0
0
0
0
0
0
0
0
0
0
0
0
0
0
0
0
0
0
0
0
0
0
0
0
0
0
0
0
0
0
0
0
0
0
0
0
0
0
0
0
0
0
0
0
0
0
0
0
0
0
0
0
0
0
0
0
0
0
0
0
0
0
0
0
0
0
0
0
0
0
0
0
0
0
0
0
0
0
0
0
0
0
0
0
0
0
0
0
0
0
0
0
0
0
0
0
0
0
0
0
0
0
0
0
0
0
0
0
0
0
0
0
0
0
0
0
0
0
0
0
0
0
0
0
0
0
0
0
0
0
0
0
0
0
0
0
0
0
0
0
0
0
0
0
0
0
0
0
0
0
0
0.11763
0
0
0
0
0
0
0
0
0
0
0
0
0
0
0
0
0
0
0
0
0
0
0
0
0
0
0
0
0
0
0
0
0
0
0
0
0
0
0
0
0
0
0
0
0
0
0
0
0
0
0
0
0
0
0
0
0
0
0
0
0
0
0
0
0
0
0
0
0.542179
0
0
0
0
0
0
0
0
0
0
0
0
0
0
0
0
0
0
0
0
0
0
0
0
0
0
0
0
0
0
0
0
0
0
0
0
0
0
0
0
0
0
0
0
0
0
0
0
0
0
0
0
0
0
0
0
0
0
0
0
0
0
0
0
0
0
0
0
0.657979
0
0
0
0
0
0
0
0
0
0
0
0
0
0
0
0
0
0
0
0
0
0
0
0
0
0
0
0
0
0
0
0
0
0
0
0
0
0
0
0
0
0
0
0
0
0
0
0
0
0
0
0
0
0
0
0
0
0
0
0
0
0
0
0
0
0
0
0
0.657979
0
0
0
0
0
0
0
0
0
0
0
0
0
0
0
0
0
0
0
0
0
0
0
0
0
0
0
0
0
0
0
0
0
0
0
0
0
0
0
0
0
0
0
0
0
0
0
0
0
0
0
0
0
0
0
0
0
0
0
0
0
0
0
0
0
0
0
0
0.657979
0
0
0
0
0
0
0
0
0
0
0
0
0
0
0
0
0
0
0
0
0
0
0
0
0
0
0
0
0
0
0
0
0
0
0
0
0
0
0
0
0
0
0
0
0
0
0
0
0
0
0
0
0
0
0
0
0
0
0
0
0
0
0
0
0
0
0
0
0.657979
0
0
0
0
0
0
0
0
0
0
0
0
0
0
0
0
0
0
0
0
0
0
0
0
0
0
0
0
0
0
0
0
0
0
0
0
0
0
0
0
0
0
0
0
0
0
0
0
0
0
0
0
0
0
0
0
0
0
0
0
0
0
0
0
0
0
0
0
0.452581
0
0
0
0
0
0
0
0
0
0
0
0
0
0
0
0
0
0
0
0
0
0
0
0
0
0
0
0
0
0
0
0
0
0
0
0
0
0
0
0
0
0
0
0
0
0
0
0
0
0
0
0.00801908
0
0
0
0
0
0
0
0
0
0
0
0
0
0
0
0
0.0485858
0
0
0
0
0
0
0
0
0
0
0
0
0
0
0
0
0
0
0
0
0
0
0
0
0
0
0
0
0
0
0
0
0
0
0
0
0
0
0
0
0
0
0
0
0
0
0
0
0
0
0
0.00801908
0
0
0
0
0
0
0
0
0
0
0
0
0
0
0
0
0.0229407
0
0
0
0
0
0
0
0
0
0
0
0
0
0
0
0
0
0
0
0
0
0
0
0
0
0
0
0
0
0
0
0
0
0
0
0
0
0
0
0
0
0
0
0
0
0
0
0
0
0
0
0.00801908
0
0
0
0
0
0
0
0
0
0
0
0
0
0
0
0
0.0229407
0
0
0
0
0
0
0
0
0
0
0
0
0
0
0
0
0
0
0
0
0
0
0
0
0
0
0
0
0
0
0
0
0
0
0
0
0
0
0
0
0
0
0
0
0
0
0
0
0
0
0
0.00801908
0
0
0
0
0
0
0
0
0
0
0
0
0
0
0
0
0.0229407
0
0
0
0
0
0
0
0
0
0
0
0
0
0
0
0
0
0
0
0
0
0
0
0
0
0
0
0
0
0
0
0
0
0
0
0
0
0
0
0
0
0
0
0
0
0
0
0
0.00869315
0
0
0.00801908
0
0
0
0
0
0
0
0
0
0
0
0
0
0
0
0
0.0356864
0
0
0
0
0
0
0
0
0
0
0
0
0
0
0
0
0
0
0
0
0
0
0
0
0
0
0
0
0
0
0
0
0
0
0
0
0
0
0
0
0
0
0
0
0
0
0
0
0.0178599
0
0
0.00801908
0
0
0
0
0
0
0.0455977
0
0
0
0
0
0.00807106
0
0
0
0.118444
0
0
0
0
0
0
0
0
0
0
0
0
0
0
0
0
0
0
0
0
0
0
0.0163879
0
0
0
0
0
0
0
0
0
0
0
0
0
0
0
0
0
0
0
0
0
0
0
0
0
0.117283
0.0157322
0
0.0455455
0.00650643
0
0
0
0
0.0178831
0
0
0
0.00722672
0
0
0.0980783
0
0
0
0.533291
0
0
0
0
0
0
0
0
0
0
0
0
0
0
0
0
0
0
0
0
0
0
0
0
0
0
0
0
0
0
0
0
0
0
0
0
0
0
0
0
0
0
0
0
0
0
0
0
0.168396
0.028131
0
0.0538796
0.0198932
0
0
0.00780607
0
0.0178831
0.159916
0
0
0.00722672
0
0
0.139635
0
0
0.241647
0.418701
0
0
0
0
0
0
0
0
0
0
0
0
0
0
0
0
0
0
0
0
0
0.00875082
0
0
0
0
0
0
0
0
0
0
0
0
0
0
0
0
0
0
0
0
0
0
0
0
0
0
0.169067
0
0
0.0538796
0.0255816
0
0
0
0
0.0178831
0.0727884
0
0
0.00722672
0
0.0163496
0.131669
0
0
0.410768
0.443629
0
0
0
0
0
0
0
0
0
0
0
0
0
0
0
0
0
0
0
0
0
0.00875082
0
0
0
0
0
0
0
0
0
0
0
0
0
0
0
0
0
0
0
0
0
0
0
0
0
0
0.630383
0
0
0.0538796
0.0255816
0
0
0
0
0.0178831
0.0727884
0
0
0.00722672
0
0
0.15684
0
0
0.442648
0.443629
0
0
0
0
0
0
0
0
0
0
0
0
0
0
0
0
0
0
0
0
0
0.00875082
0
0
0
0
0
0
0
0
0
0
0
0
0
0
0
0
0
0
0
0
0
0
0
0
0
0
0.995589
0
0
0.0538796
0.0329241
0
0
0
0
0.0178831
0.0883009
0
0
0.00722672
0
0
0.269704
0
0
0.442648
0.40838
0
0
0
0
0
0
0
0
0
0
0
0
0
0
0
0
0
0
0
0
0
0.00875082
0
0
0
0
0
0
0
0
0
0
0
0
0
0
0
0
0
0
0
0
0
0
0
0
0
0
0.842702
0
0
0.0458605
0.026596
0
0
0
0
0.0178831
0.0727884
0
0
0.00722672
0
0
0.244885
0
0
0.460381
0.397706
0
0
0
0
0
0
0
0
0
0
0
0
0
0
0
0
0
0
0
0
0
0.00875082
0
0
0
0
0
0
0
0
0
0
0
0
0
0
0
0
0
0
0
0
0
0
0
0
0
0
0.294021
0
0
0.0458605
0.026596
0
0
0
0
0.0178831
0.0727884
0
0
0.00722672
0
0
0.244885
0
0
0.460381
0.397706
0
0
0
0
0
0
0
0
0
0
0
0
0
0
0
0
0
0
0
0
0
0.00875082
0.0188551
0
0
0
0
0
0
0
0
0
0
0
0
0
0
0
0
0
0
0
0
0
0
0
0
0
0.126683
0
0
0.0528735
0.026596
0
0
0
0
0.0178831
0.044905
0
0
0.00722672
0
0
0.402678
0
0
0.461427
0.0926741
0
0
0
0
0
0
0
0
0
0
0
0
0
0
0
0
0
0
0
0
0
0
0
0
0
0
0
0
0
0
0
0
0
0
0
0
0
0
0
0
0
0
0
0
0
0
0
0
0.0621848
0
0
0.0458605
0.00666553
0
0
0
0
0.0178831
0.0286525
0
0
0.00841669
0
0
0.176109
0
0
0.480251
0.0120732
0
0
0
0
0
0
0
0
0
0
0
0
0
0
0
0
0
0
0
0
0
0
0
0
0
0
0
0
0
0
0
0
0
0
0
0
0
0
0
0
0
0
0
0
0
0
0
0
0
0
0
0
0
0
0
0
0
0.0178831
0
0
0
0
0
0
0.0244973
0
0
0.465735
0
0
0
0
0
0
0
0
0
0
0
0
0
0
0
0
0
0
0
0
0
0
0
0
0
0
0
0
0
0
0
0
0
0
0
0
0
0
0
0
0
0
0
0
0
0
0
0
0
0
0
0
0
0
0
0
0
0
0.0178831
0
0
0
0
0
0
0
0
0
0.143637
0
0
0
0
0
0
0
0
0
0
0
0
0
0
0
0
0
0
0
0
0
0
0
0
0
0
0
0
0
0
0
0
0
0
0
0
0
0
0
0
0
0
0
0
0
0
0
0
0
0
0
0
0
0
0
0
0
0
0
0
0
0
0
0
0
0.0423146
0
0
0.767569
0
0
0
0
0
0
0
0
0
0
0
0
0
0
0
0
0
0
0
0
0
0
0
0
0
0
0
0
0
0
0
0
0
0
0
0
0
0
0
0
0
0
0
0
0
0
0.0218492
0
0
0
0
0
0.00798541
0
0
0
0
0
0.0350725
0
0
0
0
0
0.0459517
0.025474
0
0
0.998643
0
0
0
0
0
0
0
0
0
0
0
0
0
0
0
0
0
0
0
0
0
0
0
0
0
0
0
0
0
0
0
0
0
0
0
0
0
0
0
0
0
0
0
0
0
0
0.0218492
0
0
0
0
0
0.00798541
0
0
0
0
0
0.0350725
0
0
0
0
0
0.0459517
0.025474
0
0
0.998643
0
0
0
0
0
0
0
0
0
0
0
0
0
0
0
0
0
0
0
0
0
0
0
0
0
0
0
0
0
0
0
0
0
0
0
0
0
0
0
0
0
0
0
0
0
0
0.0218492
0
0
0
0
0
0.00798541
0
0
0
0
0
0.0350725
0
0
0
0
0
0.0459517
0.025474
0
0
0.998643
0
0
0
0
0
0
0
0
0
0
0
0
0
0
0
0
0
0
0
0
0
0
0
0
0
0
0
0
0
0
0
0
0
0
0
0
0
0
0
0
0
0
0
0
0
0
0.0218492
0
0
0
0
0
0.00798541
0
0
0
0
0
0.0350725
0
0
0
0
0
0.0459517
0.025474
0
0
0.998643
0
0
0
0
0
0
0
0
0
0
0
0
0
0
0
0
0
0
0
0
0
0
0
0
0
0
0
0
0
0
0
0
0
0
0
0
0
0
0
0
0
0
0
0
0
0
0.0218492
0
0
0
0
0
0.00798541
0
0
0
0
0
0.0350725
0
0
0
0
0
0.0459517
0.025474
0
0
0.998643
0
0
0
0
0
0
0
0
0
0
0
0
0
0
0
0
0
0
0
0
0
0
0
0
0
0
0
0
0
0
0
0
0
0
0
0
0
0
0
0
0
0
0
0
0
0
0.0218492
0
0
0
0
0
0.00798541
0
0
0
0
0
0.0176197
0
0
0
0
0
0.00922924
0.0168664
0
0
0.826143
0
0
0
0
0
0
0
0
0
0
0
0
0
0
0
0
0
0
0
0
0
0
0
0
0
0
0
0
0
0
0
0
0
0
0
0
0
0
0
0
0
0
0
0
0
0
0
0
0
0
0
0
0.00798541
0
0
0
0
0
0
0
0
0
0
0
0
0.0168664
0
0
0.0905781
0
0
0
0
0
0
0
0
0
0
0
0
0
0
0
0
0
0
0
0
0
0
0
0
0
0
0
0
0
0
0
0
0
0
0
0
0
0
0
0
0
0
0
0
0
0
0
0
0
0
0
0
0
0
0
0
0
0
0
0
0
0
0
0
0
0
0
0
0
0
0
0
0
0
0
0
0
0
0
0
0
0
0
0
0
0
0
0
0
0
0
0
0
0
0
0
0
0
0
0
0
0
0
0
0
0
0
0
0
0
0
0
0
0
0
0
0
0
0
0
0
0
0
0
0
0
0
0
0
0
0
0
0
0
0
0
0
0
0
0
0
0
0
0
0
0
0
0
0
0
0
0
0
0
0
0
0
0
0
0
0
0
0
0
0
0
0
0
0
0
0
0
0
0
0
0
0
0
0
0
0
0
0
0
0
0
0
0
0
0
0
0
0
0
0
0
0
0
0
0
0
0
0
0
0
0
0
0
0
0
0
0
0
0
0
0
0
0
0
0
0
0
0
0
0
0
0
0
0
0
0
0
0
0
0
0
0
0
0
0
0
0
0
0
0
0
0
0
0
0
0
0
0
0
0
0
0
0
0
0
0
0
0
0
0
0
0
0
0
0
0
0
0
0
0
0
0
0
0
0
0
0
0
0
0
0
0
0
0
0
0
0
0
0
0
0
0
0
0
0
0
0
0
0
0
0
0
0
0
0
0
0
0
0
0
0
0
0
0
0
0
0
0
0
0
0
0
0
0
0
0
0
0
0
0
0
0
0
0
0
0
0
0
0
0.0167543
0
0
0
0
0
0
0
0
0
0
0
0
0
0
0
0
0
0
0
0
0
0
0
0
0
0
0
0
0
0
0
0
0
0
0
0
0
0
0
0
0
0
0
0
0
0
0
0
0
0
0
0
0
0
0
0
0
0
0.0663309
0
0
0
0
0
0
0
0
0
0.359494
0
0
0
0
0
0
0
0
0
0
0
0
0
0
0
0
0
0
0
0
0
0
0
0
0
0
0
0
0
0
0
0
0
0
0
0
0
0
0
0
0
0
0
0
0
0
0
0
0
0
0
0
0.00777492
0
0
0
0
0
0.0784779
0
0
0.00699169
0
0
0.157732
0
0
0.0290531
0.60286
0
0
0
0
0
0
0
0
0
0
0
0
0
0
0
0
0
0
0
0
0
0
0
0
0
0
0
0
0
0
0
0
0
0
0
0
0
0
0
0
0
0
0.0386943
0
0
0
0
0
0.0124834
0
0
0
0.00777492
0
0
0.0263192
0
0
0.0957124
0
0
0.0134997
0
0
0.190462
0
0
0.0152795
0.422407
0
0
0
0
0
0
0
0
0
0
0
0
0
0
0
0
0
0
0
0
0
0
0
0
0
0
0
0
0
0
0
0
0
0
0
0
0
0
0
0
0
0
0.0386943
0
0
0
0
0
0.0124834
0
0
0
0.00777492
0
0
0.497899
0
0
0.0957124
0
0
0.0134997
0
0
0.190462
0
0
0.0152795
0.440673
0
0
0
0
0
0
0
0
0
0
0
0
0
0
0
0
0
0
0
0
0
0
0
0
0
0
0
0
0
0
0
0
0
0
0
0
0
0
0
0
0
0
0.0386943
0
0
0
0
0
0.0124834
0
0
0
0.00777492
0
0
0.968155
0
0
0.113595
0
0
0.0134997
0
0
0.190723
0
0
0.0446324
0.422407
0
0
0
0
0
0
0
0
0
0
0
0
0
0
0
0
0
0
0
0
0
0.0388984
0
0
0
0
0
0
0
0
0
0
0
0
0
0
0
0
0
0
0
0
0.0149926
0
0
0
0
0
0
0
0
0.00853375
0.00777492
0
0
1.00214
0
0
0.113595
0
0
0.0134997
0
0.0162796
0.210137
0
0
0.0152795
0.422407
0
0
0
0
0
0
0
0
0
0
0
0
0
0
0
0
0
0
0
0
0
0.0757854
0
0
0
0
0
0
0
0
0
0
0
0
0
0
0
0
0
0
0
0
0
0
0
0
0
0
0
0
0
0.00853375
0.0161832
0
0
0.619269
0
0
0.0987713
0
0
0.0134997
0
0
0.276798
0
0
0.0152795
0.220484
0
0
0
0
0
0
0
0
0
0
0
0
0
0
0
0
0
0
0
0
0
0.0757854
0
0
0
0
0
0
0
0
0
0
0
0
0
0
0
0
0
0
0
0
0
0
0
0
0
0
0
0
0
0
0.0161832
0
0
0.218952
0
0
0.04867
0
0
0.00699169
0
0
0.268661
0
0
0.0152795
0.0936923
0
0
0
0
0
0
0
0
0
0
0
0
0
0
0
0
0
0
0
0
0
0.0757854
0
0
0
0
0
0
0
0
0
0
0
0
0
0
0
0
0
0
0
0
0
0
0
0
0
0
0
0
0
0
0.00840824
0
0
0.0367787
0
0
0
0
0
0.00699169
0
0
0.0329846
0
0
0.0152795
0.0364297
0
0
0
0
0
0
0
0
0
0
0
0
0
0
0
0
0
0
0
0
0
0
0
0
0
0
0
0
0
0
0
0
0
0
0
0
0
0
0
0
0
0
0
0
0
0
0
0
0
0
0
0
0
0
0
0
0
0
0
0
0
0.00699169
0
0
0
0
0
0
0.0364297
0
0
0
0
0
0
0
0
0
0
0
0
0
0
0
0
0
0
0
0
0
0
0
0
0
0
0
0
0
0
0
0
0
0
0
0
0
0
0
0
0
0
0
0
0
0
0
0
0
0
0
0
0
0
0
0
0
0
0
0
0
0
0
0
0
0
0
0
0.0364297
0
0
0
0
0
0
0
0
0
0
0
0
0
0
0
0
0
0
0
0
0
0
0
0
0
0
0
0
0
0
0
0
0
0
0
0
0
0
0
0
0
0
0
0
0
0
0
0
0
0
0
0
0
0
0
0
0
0
0
0
0
0
0
0
0
0
0
0
0
0
0
0
0
0
0
0
0
0
0
0
0
0
0
0
0
0
0
0
0
0
0
0
0
0
0
0
0
0
0
0
0
0
0
0
0
0
0
0
0
0
0
0
0
0
0
0
0
0
0
0
0
0
0
0
0
0
0
0
0
0
0
0
0
0
0
0
0
0
0
0
0
0
0
0
0
0
0
0
0
0
0
0
0
0
0
0
0
0
0
0
0
0
0
0
0
0
0
0
0
0
0
0
0
0
0
0
0
0
0
0
0
0
0
0
0
0
0
0
0
0
0
0
0
0
0
0
0
0
0
0
0
0
0
0
0
0
0
0
0
0
0
0
0
0
0
0
0
0
0
0
0
0
0
0
0
0
0
0
0
0
0
0
0
0
0
0
0
0
0
0
0
0
0
0
0
0
0
0
0
0
0
0
0
0
0
0
0
0
0
0
0
0
0
0
0
0
0
0
0
0
0
0
0
0
0
0
0
0
0
0
0
0
0
0
0
0
0
0
0
0
0
0
0
0
0
0
0
0
0
0
0
0
0
0
0
0
0
0
0
0
0
0
0
0
0
0
0
0
0
0
0
0
0
0
0
0
0
0
0
0
0
0
0
0
0
0
0
0
0
0
0
0
0
0
0
0
0
0
0
0
0
0
0
0
0
0
0
0
0
0
0
0
0
0
0
0
0
0
0
0
0
0
0
0
0
0
0
0
0
0
0
0
0
0
0
0
0
0
0
0
0
0
0
0
0
0
0
0
0
0
0
0
0
0
0
0
0
0
0
0
0
0
0
0
0
0
0
0
0
0
0
0
0
0
0
0
0
0
0
0
0
0
0
0
0
0
0
0
0
0
0
0
0
0
0
0
0
0
0
0
0
0
0
0
0
0
0
0
0
0
0
0
0
0
0
0
0
0
0
0
0
0
0
0
0
0
0
0
0
0
0
0
0
0
0
0
0
0
0
0
0
0
0
0
0
0
0
0
0
0
0
0
0
0
0
0
0
0
0
0
0
0
0
0
0
0
0
0
0
0
0
0
0
0
0
0
0
0
0
0
0
0
0
0
0
0
0
0
0
0
0
0
0
0
0
0
0
0
0
0
0
0
0
0
0
0
0
0
0
0
0
0
0
0
0
0
0
0
0
0
0
0
0
0
0
0
0
0
0
0
0
0
0
0
0
0
0
0
0
0
0
0
0
0
0
0
0
0
0
0
0
0
0
0
0
0
0
0
0
0
0
0
0
0
0
0
0
0
0
0
0
0
0
0
0
0
0
0
0
0
0
0
0
0
0
0
0
0
0
0
0
0
0
0
0
0
0
0
0
0
0
0
0
0
0
0
0
0
0
0
0
0
0
0
0
0
0
0
0
0
0
0
0
0
0
0
0
0
0
0
0
0
0
0
0
0
0
0
0
0
0
0
0
0
0
0
0
0
0
0
0
0
0
0
0
0
0
0
0
0
0
0
0
0
0
0
0
0
0
0
0
0
0
0
0
0
0
0
0
0
0
0
0
0
0
0
0
0
0
0
0
0
0
0
0
0
0
0
0
0
0
0
0
0
0
0
0
0
0
0
0
0
0
0
0
0
0
0
0
0
0
0
0
0
0
0
0
0
0
0
0
0
0
0
0
0
0
0
0
0
0
0
0
0
0
0
0
0
0
0
0
0
0
0
0
0
0
0
0
0
0
0
0
0
0
0
0
0
0
0
0
0
0
0
0
0
0
0
0
0
0
0
0
0
0
0
0
0
0
0
0
0
0
0
0
0
0
0
0
0
0
0
0
0
0
0
0
0
0
0
0
0
0
0
0
0
0
0
0
0
0
0
0
0
0
0
0
0
0
0
0
0
0
0
0
0
0
0
0
0
0
0
0
0
0
0
0
0
0
0
0
0
0
0
0
0
0
0
0
0
0
0
0
0
0
0
0
0
0
0
0
0
0
0
0
0
0
0
0
0
0
0
0
0
0
0
0
0
0
0
0
0
0
0
0
0
0
0
0
0
0
0
0
0
0
0
0
0
0
0
0
0
0
0
0
0
0
0
0
0
0
0
0
0
0
0
0
0
0
0
0
0
0
0
0
0
0
0
0
0
0
0
0
0
0
0
0
0
0
0
0
0
0
0
0
0
0
0
0
0
0
0
0
0
0
0
0
0
0
0
0
0
0
0
0
0
0
0
0
0
0
0
0
0
0
0
0
0
0
0
0
0
0
0
0
0
0
0
0
0
0
0
0
0
0
0
0
0
0
0
0
0
0
0
0
0
0
0
0
0
0
0
0
0
0
0
0
0
0
0
0
0
0
0
0
0
0
0
0
0
0
0
0
0
0
0
0
0
0
0
0
0
0
0
0
0
0
0
0
0
0
0
0
0
0
0
0
0
0
0
0
0
0
0
0
0
0
0
0
0
0
0
0
0
0
0
0
0
0
0
0
0
0
0
0
0
0
0
0
0
0
0
0
0
0
0
0
0
0
0
0
0
0
0
0
0
0
0
0
0
0
0
0
0
0
0
0
0
0
0
0
0
0
0
0
0
0
0
0
0
0
0
0
0
0
0
0
0
0
0
0
0
0
0
0
0
0
0
0
0
0
0
0
0
0
0
0
0
0
0
0
0
0
0
0
0
0
0
0
0
0
0
0
0
0
0
0
0
0
0
0
0
0
0
0
0
0
0
0
0
0
0
0
0
0
0
0
0
0
0
0
0
0
0
0
0
0
0
0
0
0
0
0
0
0
0
0
0
0
0
0
0
0
0
0
0
0
0
0
0
0
0
0
0
0
0
0
0
0
0
0
0
0
0
0
0
0
0
0
0
0
0
0
0
0
0
0
0
0
0
0
0
0
0
0
0
0
0
0
0
0
0
0
0
0
0
0
0
0
0
0
0
0
0
0
0
0
0
0
0
0
0
0
0
0
0
0
0
0
0
0
0
0
0
0
0
0
0
0
0
0
0
0
0
0
0
0
0
0
0
0
0
0
0
0
0
0
0
0
0
0
0
0
0
0
0
0
0
0
0
0
0
0
0
0
0
0
0
0
0
0
0
0
0
0
0
0
0
0
0
0
0
0
0
0
0
0
0
0
0
0
0
0
0
0
0
0
0
0
0
0
0
0
0
0
0
0
0
0
0
0
0
0
0
0
0
0
0
0
0
0
0
0
0
0
0
0
0
0
0
0
0
0
0
0
0
0
0
0
0
0
0
0
0
0
0
0
0
0
0
0
0
0
0
0
0
0
0
0
0
0
0
0
0
0
0
0
0
0
0
0
0
0
0
0
0
0
0
0
0
0
0
0
0
0
0
0
0
0
0
0
0
0
0
0
0
0
0
0
0
0
0
0
0
0
0
0
0
0
0
0
0
0
0
0
0
0
0
0
0
0
0
0
0
0
0
0
0
0
0
0
0
0
0
0
0
0
0
0
0
0
0
0
0
0
0
0
0
0
0
0
0
0
0
0
0
0
0
0
0
0
0
0
0
0
0
0
0
0
0.00630843
0.0123084
0
0
0
0
0
0
0
0
0
0
0
0
0
0
0
0
0
0
0
0
0
0
0
0
0
0.06167
0
0
0
0
0
0
0
0
0
0
0
0
0
0
0
0
0.0149541
0.0193354
0
0.0611518
0
0
0
0
0
0
0
0
0
0
0
0
0
0
0
0
0
0
0
0
0
0.00630843
0.0127224
0
0
0.0297224
0.0164361
0
0
0
0
0
0
0
0
0
0
0
0
0
0
0
0
0
0
0.0148203
0
0
0.266174
0
0
0.0141025
0.0520539
0
0.0196999
0.00657815
0
0
0.0623782
0
0
0
0
0
0
0.131984
0
0
0.198286
0
0
0
0
0
0
0
0
0
0
0
0
0
0
0
0
0
0
0
0
0
0.00630843
0.0257531
0
0
0.0149262
0
0
0
0
0
0
0
0
0
0
0
0
0
0
0
0
0.00984821
0
0
0
0
0
0.791378
0.0259834
0
0.0555371
0.0654407
0
0.036574
0.0335789
0.00882932
0
0.00856109
0
0
0
0
0.00840844
0.0346692
0.131073
0.0192191
0.0125701
0.154512
0
0
0
0
0
0
0
0
0
0
0
0
0
0
0
0
0
0
0
0
0
0.0065265
0.0256485
0
0
0.0298173
0
0
0
0
0
0
0
0
0
0
0
0
0
0
0
0
0.0395263
0
0
0.00727021
0
0
1.00125
0.00912434
0
0.0209478
0.0526919
0.0302798
0.036574
0.0272931
0
0
0.0161216
0
0
0.00686726
0
0.0081414
0.0429647
0.0725879
0
0.0129547
0.0671352
0
0
0
0
0
0
0
0
0
0
0
0
0
0
0
0
0
0
0
0
0
0.00651535
0.0256485
0
0
0.0307028
0
0
0
0
0
0
0
0
0
0
0
0
0
0
0
0
0.0193968
0
0
0.0076264
0.0108083
0
1.00125
0.00912434
0
0.00693796
0.0786896
0.0302798
0.0532119
0.00695778
0
0
0.00856109
0.00835461
0
0.006929
0
0.0081414
0.0517155
0.0284151
0
0
0.0538009
0
0
0
0
0
0
0
0
0
0
0
0
0
0
0
0
0
0
0
0
0
0
0.0256485
0
0
0.0149262
0
0
0
0
0
0
0
0
0
0
0
0
0
0
0
0
0.0197876
0
0
0.0076264
0.0216289
0
1.00125
0.00884607
0.0180438
0.0218882
0.0786896
0.0201668
0
0
0
0
0.00856109
0.00835461
0
0
0.00656801
0.0081414
0.0513543
0
0.018057
0
0.0538009
0
0
0
0
0
0
0
0
0
0
0
0
0
0
0
0
0
0
0
0
0.00690402
0.00645678
0.0193141
0
0
0.0149262
0
0
0
0
0
0
0
0
0
0
0
0
0
0
0
0
0
0
0
0.0152345
0.0108206
0
1.00197
0
0.0180438
0.0137832
0.0397681
0.0100965
0
0
0.00835766
0
0
0.00835461
0
0
0.0066015
0
0.0681935
0
0.018057
0.0060641
0.0268017
0
0
0
0
0
0
0
0
0
0
0
0
0
0
0
0
0
0
0
0
0
0
0.0193141
0
0
0.0149262
0
0
0
0
0
0
0
0
0
0
0
0
0
0
0
0
0
0
0
0
0.0108206
0
0.660829
0
0.0180438
0
0.0264023
0
0
0.00660323
0
0
0.0074567
0
0
0.00688236
0.0130848
0.00811117
0.00844758
0.0144961
0.0185821
0.0129356
0.00650589
0
0
0
0
0
0
0
0
0
0
0
0
0
0
0
0
0
0
0
0
0
0
0
0.00640017
0
0
0
0
0
0
0
0
0
0
0
0
0
0
0
0
0
0
0
0
0
0
0
0
0.169848
0
0.0180438
0
0
0.0101961
0
0.0065861
0
0
0
0
0
0.00683384
0
0
0.00883399
0.0144961
0.0185821
0
0.00650589
0
0
0
0
0
0
0
0
0
0
0
0
0
0
0
0
0
0
0
0
0
0
0
0.00640017
0
0
0
0
0
0
0
0
0
0
0
0
0
0
0
0
0
0
0
0
0
0
0
0
0.048519
0
0
0
0.0129904
0
0
0.0065861
0
0
0
0
0
0
0
0
0
0
0
0
0
0
0
0
0
0
0
0
0
0
0
0
0
0
0
0
0
0
0
0
0
0
0
0
0
0
0
0
0
0
0
0
0
0
0
0
0
0
0
0
0
0
0
0.00991528
0
0
0
0
0
0.0326248
0
0
0
0.0129904
0
0
0.0065861
0
0
0
0
0
0
0
0
0
0
0
0
0
0
0
0
0
0
0
0
0
0
0
0
0
0
0
0
0
0
0
0
0
0
0
0
0
0
0
0
0
0
0
0
0
0
0
0
0
0
0
0
0
0
0
0
0
0
0
0
0
0.15924
0
0
0
0
0
0
0
0
0
0
0
0
0
0
0
0
0
0
0
0
0
0
0
0
0
0
0
0
0
0
0
0
0
0
0
0
0
0
0
0
0
0
0
0
0
0
0
0
0
0
0
0
0
0
0
0
0
0
0
0
0
0
0
0
0
0
0
0
0.175888
0
0
0
0
0
0
0
0
0
0
0
0
0
0
0
0
0
0
0
0
0
0
0
0
0
0
0
0
0
0
0
0
0
0
0
0
0
0
0
0
0
0
0
0
0
0
0
0
0
0
0
0
0
0
0
0
0
0
0
0
0
0
0
0
0
0
0
0
0.100887
0
0
0
0
0
0
0
0
0
0
0
0
0
0
0
0
0
0
0
0
0
0
0
0
0
0
0
0
0
0
0
0
0
0
0
0
0
0
0
0
0
0
0
0
0
0
0
0
0
0
0
0
0
0
0
0
0
0
0
0
0
0
0
0
0
0
0
0
0
0
0
0
0
0
0
0
0
0
0
0
0
0
0
0
0
0
0
0
0
0
0
0
0
0
0
0
0
0
0
0
0
0
0
0
0
0
0
0
0
0
0
0
0
0
0
0
0
0
0
0
0
0
0
0
0
0
0
0
0
0
0
0
0
0
0
0
0
0
0
0
0
0
0
0
0
0
0
0
0
0
0
0
0
0
0
0
0
0
0
0
0
0
0
0
0
0
0
0
0
0
0
0
0
0
0
0
0
0
0
0
0
0
0
0
0
0
0
0
0
0
0
0
0
0
0
0
0
0
0
0
0
0
0
0
0
0
0
0
0
0
0
0
0
0
0
0
0
0
0
0
0
0
0
0
0
0
0
0
0
0
0
0
0
0
0
0
0
0
0
0
0
0
0
0
0
0
0
0
0
0
0
0
0
0
0
0
0
0
0
0
0
0
0
0
0
0
0
0
0
0
0
0
0
0
0
0
0
0
0
0
0
0
0
0
0
0
0
0
0
0
0
0
0
0
0
0
0
0
0
0
0
0
0
0
0
0
0
0
0
0
0
0
0
0
0
0
0
0
0
0
0
0
0
0
0
0
0
0
0
0
0
0
0
0
0
0
0
0
0
0
0
0
0
0
0
0
0
0
0
0
0
0
0
0
0
0
0
0
0
0
0
0
0
0
0
0
0
0
0
0
0
0
0
0
0
0
0
0
0
0
0
0
0
0
0
0
0
0
0
0
0
0
0
0
0
0
0
0
0
0
0
0
0
0
0
0
0
0
0
0
0
0
0
0
0
0
0
0
0
0
0
0
0
0
0
0
0
0
0
0
0
0
0
0
0
0
0
0
0
0
0
0
0
0
0
0
0
0
0
0
0
0
0
0
0
0
0
0
0
0
0
0
0
0
0
0
0
0
0
0
0
0
0
0
0
0
0
0
0
0
0
0
0
0
0
0
0
0
0
0
0
0
0
0
0
0
0
0
0
0
0
0
0
0
0
0
0
0
0
0
0
0
0
0
0
0
0
0
0
0
0
0
0
0
0
0
0
0
0
0
0
0
0
0
0
0
0
0
0
0
0
0
0
0
0
0
0
0
0
0
0
0
0
0
0
0
0
0
0
0
0
0
0
0
0
0
0
0
0
0
0
0
0
0
0
0
0
0
0
0
0
0
0
0
0
0
0
0
0
0
0
0
0
0
0
0
0
0
0
0
0
0
0
0
0
0
0
0
0
0
0
0
0
0
0
0
0
0
0
0
0
0
0
0
0
0
0.0502913
0
0
0.00671834
0
0
0
0
0
0.0081535
0
0
0
0.00650038
0
0
0
0
0
0
0
0
0
0
0
0
0
0
0
0
0
0
0
0
0
0
0
0
0
0
0
0
0
0
0
0
0
0
0
0
0
0
0
0
0
0
0
0
0
0.00730697
0
0
0
0
0
0
0
0
0
0.0170006
0
0
0
0
0
0
0
0
0.0104016
0
0
0
0.155166
0
0
0
0
0
0
0
0
0
0
0
0
0
0
0
0
0
0
0
0
0
0.00733734
0.0140131
0
0
0
0
0
0
0
0
0
0
0
0
0
0
0
0
0
0
0
0.0153366
0
0
0.0139081
0.00748008
0
0
0.00812379
0
0.0200847
0.0221712
0
0
0.0695432
0
0
0
0
0
0.00861295
0.00707499
0.0133207
0.0346568
0.00844455
0.0154542
0
0.566331
0
0
0
0
0
0
0
0
0
0
0
0
0
0
0
0
0
0
0
0
0
0.0220749
0.0350957
0.00706273
0.00632465
0
0.0159146
0
0
0
0
0
0
0
0
0
0
0
0
0
0
0
0.0314711
0.0198491
0
0.0215137
0
0.0117374
0
0.0165425
0
0.0387935
0.0365552
0.0143096
0.0102385
0.311298
0
0.00894154
0.0149571
0.00844534
0
0.0262114
0.0148948
0.0210783
0.128044
0.00923181
0
0.0585703
0.745807
0.00650531
0
0
0
0
0
0
0
0
0
0
0
0
0
0
0
0
0
0
0
0
0.0070294
0.0270308
0.00682212
0.0202281
0.0555827
0.0334051
0
0
0
0
0
0
0
0
0
0
0
0
0
0
0
0.0153366
0.0299134
0.00760475
0.0215137
0
0.0117374
0
0.0335245
0.0181612
0.113408
0.0440746
0.0558964
0.0435252
1.01063
0.0070259
0.027363
0.0583298
0.0153183
0
0.060434
0.0235746
0.0282128
0.144215
0.0169729
0.0140462
0.0414629
0.461378
0.00724723
0
0
0
0
0
0
0
0
0
0
0
0
0
0
0
0
0
0
0
0
0.0147897
0.0202782
0
0.0134608
0.0393639
0.0165121
0.0153957
0
0
0
0
0
0
0
0
0
0
0
0
0
0
0.081144
0.0404459
0
0.0206904
0
0
0.0145181
0.0334599
0.019078
0.232841
0.086723
0.0144588
0.0531971
1.00732
0
0.0363893
0.146629
0.0153183
0
0.0442959
0.0297117
0.0271372
0.249578
0.0365031
0.0151751
0.0598237
0.248829
0.00671736
0
0
0
0
0
0
0
0
0
0
0
0
0
0
0
0
0
0
0
0
0.0228467
0.0137023
0.013241
0
0.0763996
0
0.0153957
0
0
0
0
0
0
0
0
0
0
0
0
0
0
0.0653575
0.0294293
0.00730443
0.0274547
0.00778171
0.0114336
0.00716345
0.048446
0.00980428
0.156482
0.0437039
0.0144588
0.0655869
1.00732
0
0.0447134
0.110366
0.0157857
0
0.0619837
0.0297349
0.0205015
0.189083
0.0090666
0
0.0583535
0.148042
0.0141365
0
0
0
0
0
0
0
0
0
0
0
0
0
0
0
0
0
0
0
0
0.0228467
0.00650351
0.013241
0.00708345
0.0380447
0.0163187
0
0
0
0
0
0
0
0
0
0
0
0
0
0
0
0.0485568
0.00958022
0.0167353
0.0200367
0.0151889
0
0.0139079
0.0317064
0.00980428
0.156968
0.0725739
0.0142277
0
1.00732
0
0.0274589
0.101903
0.00792948
0.00943199
0.0705471
0.0299712
0.0205015
0.144871
0
0.0142654
0.0770302
0.109058
0.0211525
0
0
0
0
0
0
0
0
0
0
0
0
0
0
0
0
0
0
0
0
0.0150864
0.00664488
0.00615476
0.0137615
0.0547952
0.0164333
0
0
0
0
0
0
0
0
0
0
0
0
0
0
0
0.0491511
0.00958022
0.00851558
0.0129016
0.0304322
0.0121851
0
0.0318604
0
0.118017
0.0743193
0.0142277
0
1.00732
0
0.00898579
0.109532
0.0155346
0.00943199
0.0452801
0.0154482
0.00681506
0.178311
0.0371383
0.0442669
0
0.0694831
0.0217875
0
0
0
0
0
0
0
0
0
0
0
0
0
0
0
0
0
0
0
0
0.0362038
0
0.0193951
0.0145146
0.0529595
0.016719
0
0
0
0
0
0
0
0
0
0
0
0
0
0
0
0.0172862
0.00958022
0.0159603
0
0.00777944
0
0
0.0157523
0
0.0406393
0.0518655
0
0
1.01211
0.00699738
0.00898579
0.0708606
0.00803471
0.00943199
0.0446855
0.0222312
0
0.108709
0.0260873
0.0318693
0
0.0448062
0.051726
0
0
0
0
0
0
0
0
0
0
0
0
0
0
0
0
0
0
0
0
0.0288548
0
0.00615476
0.00743114
0.0529595
0.0651823
0.0353082
0
0
0
0
0
0
0
0
0
0
0
0
0
0
0
0
0.00759709
0
0
0
0.00673552
0.00878533
0
0.0402538
0.0280948
0
0.0221033
0.80854
0
0
0.0138984
0.0084183
0
0.0179382
0
0
0.035799
0.00903299
0.0316749
0.0194877
0.019416
0.0287622
0
0
0
0
0
0
0
0
0
0
0
0
0
0
0
0
0
0
0
0
0.0366162
0.0131873
0
0
0.0354305
0.016719
0.0353082
0
0
0
0
0
0
0
0
0
0
0
0
0
0
0
0
0
0
0
0
0
0
0
0.0402538
0
0
0
0.240985
0
0
0
0.0084183
0
0.00916864
0
0.00677787
0
0
0.0336212
0
0
0.0144399
0
0
0
0
0
0
0
0
0
0
0
0
0
0
0
0
0
0
0
0
0.0288548
0
0
0
0.017529
0
0.0353082
0
0
0
0
0
0
0
0
0
0
0
0
0
0
0
0
0
0
0
0
0
0
0
0
0
0
0
0.0183058
0
0.00951843
0
0
0
0
0
0
0
0
0
0
0
0
0
0
0
0
0
0
0
0
0
0
0
0
0
0
0
0
0
0
0
0
0
0
0
0
0
0
0
0
0
0
0
0
0
0
0
0
0
0
0
0
0
0
0
0
0
0
0
0
0
0
0
0
0
0
0
0
0
0
0
0
0
0
0
0
0
0
0
0
0
0
0
0
0
0
0
0
0
0
0
0
0
0
0
0
0
0
0
0
0
0
0
0
0
0
0
0
0
0
0
0
0
0
0
0
0
0
0
0
0
0
0
0
0
0
0
0
0
0
0
0
0
0
0
0
0
0
0
0
0
0
0
0
0
0
0
0
0
0
0
0
0
0
0
0
0
0
0
0
0
0
0
0
0
0
0
0
0
0
0
0
0
0
0
0
0
0
0
0
0
0
0
0
0
0
0
0
0
0
0
0
0
0
0
0
0
0
0
0
0
0
0
0
0
0
0
0
0
0
0
0
0
0
0
0
0
0
0
0
0
0
0
0
0
0
0
0
0
0
0
0
0
0
0
0
0
0
0
0
0
0
0
0
0
0
0
0
0
0
0
0
0
0
0
0
0
0
0
0
0
0
0
0
0
0
0
0
0
0
0
0
0
0
0
0
0
0
0
0
0
0
0
0
0
0
0
0
0
0
0
0
0
0
0
0
0
0
0
0
0
0
0
0
0
0
0
0
0
0
0
0
0
0
0
0
0
0
0
0
0
0
0
0
0
0
0
0
0
0
0
0
0
0
0
0
0
0
0
0
0
0
0
0
0
0
0
0
0
0
0
0
0
0
0
0
0
0
0
0
0
0
0
0
0
0
0
0
0
0
0
0
0
0
0
0
0
0
0
0
0
0
0
0
0
0
0
0
0
0
0
0
0
0
0
0
0
0
0
0
0
0
0
0
0
0
0
0
0
0
0
0
0
0
0
0
0
0
0
0
0
0
0
0
0
0
0
0
0
0
0
0
0
0
0
0
0
0
0
0
0
0
0
0
0
0
0
0
0
0
0
0
0
0
0
0
0
0
0
0
0
0
0
0
0
0
0
0
0
0
0
0
0
0
0
0
0
0
0
0
0
0
0
0
0
0
0
0
0
0
0
0
0
0
0
0
0
0
0
0
0
0
0
0
0
0
0
0
0
0
0
0
0
0
0
0
0
0
0
0
0
0
0
0
0
0
0
0
0
0
0
0
0
0
0
0
0
0
0
0
0
0
0
0
0
0
0
0
0
0
0
0
0
0
0
0
0
0
0
0
0
0
0
0
0
0
0
0
0
0
0
0
0
0
0
0
0
0
0
0
0
0
0
0
0
0
0
0
0
0
0
0
0
0
0
0
0
0
0
0
0
0
0
0
0
0
0
0
0
0
0
0
0
0
0
0
0
0
0
0
0
0
0
0
0
0
0
0
0
0
0
0
0
0
0
0
0
0
0
0
0
0
0
0
0
0
0
0
0
0
0
0
0
0
0
0
0
0
0
0
0
0
0
0
0
0
0
0
0
0
0
0
0
0
0
0
0
0
0
0
0
0
0
0
0
0
0
0
0
0
0
0
0
0
0
0
0
0
0
0
0
0
0
0
0
0
0
0
0
0
0
0
0
0
0
0
0
0
0
0
0
0
0
0
0
0
0
0
0
0
0
0
0
0
0
0
0
0
0
0
0
0
0
0
0
0
0
0
0
0
0
0
0
0
0
0
0
0
0
0
0
0
0
0
0
0
0
0
0
0
0
0
0
0
0
0
0
0
0
0
0
0
0
0
0
0
0
0
0
0
0
0
0
0
0
0
0
0
0
0
0
0
0
0
0
0
0
0
0
0
0
0
0
0
0
0
0
0
0
0
0
0
0
0
0
0
0
0
0
0
0
0
0
0
0
0
0
0
0
0
0
0
0
0
0
0
0
0
0
0
0
0
0
0
0
0
0
0
0
0
0
0
0
0
0
0
0
0
0
0
0
0
0
0
0
0
0
0
0
0
0
0
0
0
0
0
0
0
0
0
0
0
0
0
0
0
0
0
0
0
0
0
0
0
0
0
0
0
0
0
0
0
0
0
0
0
0
0
0
0
0
0
0
0
0
0
0
0
0
0.0127732
0.0072276
0.0222329
0.009561
0.154648
0.0125098
0.0891806
0
0.0401149
0.009561
0.625676
0.0255481
0.00696848
0.05259
0.0891806
0
0.325113
0
0.0187653
0.735782
0.0255481
0.066115
0.162482
0
0.00770989
0.461258
0.00889395
0.00920431
0.0133038
0.46934
0.0064833
0
0.135723
0
0
0.402557
0.386824
0.00889395
0.00920431
0
0.0133038
0.160348
0
0.0410787
0.00688802
0
0.149838
0
0.54304
0.0136756
0.0147061
0.420663
0.00627018
0.00920431
0.0110421
0
0.0133038
0.0098849
0.26697
0.0410787
0.00688802
0
0.16594
0
0.00617945
0.0238655
0.437109
0.0136756
0.0151763
0.227833
0.0124942
0.0221039
0
0.0133038
0.0098849
0.277148
0.05356
0.00688802
0
0.166598
0.00871052
0
0.0364651
0.347167
0.0129285
0.198301
0.0189674
0.0110618
0
0.327676
0.0132978
0.00700088
0.0558196
0.222964
0.0130838
0
0.0374677
0.00625336
0.00889268
0.0110618
0.0103059
0.226669
0.0132978
0.013999
0.027536
0.0645622
0
0.029474
0.035366
0.0334446
0.0213576
0.0490147
0.00825788
0.0137632
0.0663743
0.00825788
0.0137632
0.0663743
0.00825788
0.0137632
0.0341281
0.0244441
0.006445
0.0341281
0.0328411
0.0173596
0.00825788
0.00825788
0
0.0195793
0.0316227
0.0262283
0.00668286
0.0156927
0.0569747
0.0107112
0.0140569
0
0.0516266
0.211591
0.00690788
0.00607485
0.0109252
0
0.0580399
0.0316227
0.0262283
0.00668286
0.0329406
0.0133539
0.657243
0.165361
0.0140569
0.0199645
0
0.303016
0.322396
0.00607485
0.0155373
0.0580399
0.020615
0.0129807
0.00668286
0.0417894
0.0262226
0.0133539
1.00003
0.194701
0.0140569
0.0199645
0
0.317199
0.0153397
0.0140798
0.386142
0.00718059
0.00607485
0.00886674
0.0148276
0.0775166
0.020615
0
0.00668286
0.0334927
0.0258175
0.00735939
0.660645
0.193395
0.0140569
0.0293685
0
0.416364
0.0487691
0.0140798
0.29691
0.00718059
0
0.00810603
0.0148276
0
0.020615
0
0
0.0240825
0.0154528
0.0144594
0.29179
0.154794
0.0140569
0.0183908
0.00894502
0.337987
0.0315298
0.0140798
0.00939158
0.0926068
0.0155149
0
0.00867956
0
0
0
0
0.0399866
0.0154528
0.0273413
0.201215
0.00707557
0.183594
0
0.298699
0.0470738
0.0140798
0.0696453
0.0155149
0.00867956
0
0
0
0.0462884
0.0154528
0.417264
0.00708507
0.070046
0.0194773
0.00672974
0.14015
0.0317341
0.0615123
0.0151178
0.00609244
0
0.0110707
0.00733147
0
0.0308278
0.360542
0.0398378
0.0132378
0.00871602
0.084766
0.0161901
0
0.0615123
0.0151178
0.00609244
0
0
0.0534664
0
0.0132378
0.0249182
0.0161901
0.0296923
0.00735211
0.00609244
0
0
0
0.0221335
0.00609244
0.0147019
0.0315524
0.104159
0.0171472
0.0315524
0.142246
0.133814
0.0315524
0.142246
0.133814
0.0315524
0.142246
0.133814
0.0209674
0.00822218
0.142246
0.133814
0.0209674
0.00822218
0.142246
0.133814
0.0209674
0.00822218
0.142246
0.133814
0.0209674
0.00822218
0.142246
0.15946
0.0209674
0.00822218
0.150266
0.531149
0
0.0461073
0.554605
0
0
0.00801967
0.94511
0.0155055
0
0
0.0459533
0.00801967
0.0164111
1.00406
0.0228136
0.00707087
0
0
0.0915337
0.0149921
0.00821683
1.00406
0.0174086
0.0205695
0.0228702
0.00707087
0
0.0369518
0.0756698
0.00697238
0.798042
0.0844922
0.0160352
0.0341621
0.00705861
0.0205695
0.0298973
0.00790157
0.00862402
0.00707087
0
0.0195677
0.106294
0.756877
0.0938323
0.0341621
0.0073638
0.0175491
0.162812
0.00929525
0
0.0298973
0.00790157
0.00862402
0.00707087
0.0298029
0.00863689
0.302549
0.248125
0.0938323
0.0341621
0.0073638
0.0175491
0.171939
0.00929525
0
0.0298973
0.00790157
0.00862402
0.00707087
0.0298029
0.00863689
0.303198
0.239875
0.0938323
0.0341621
0.0073638
0.182578
0.00929525
0
0.0298973
0.00927875
0.00790157
0.00862402
0.00707087
0.0298029
0.00863689
0.34706
0.20563
0.0938323
0.0341621
0.0073638
0.212209
0.00929525
0
0.0298973
0.00927875
0.00790157
0.00862402
0.00707087
0.0298029
0.00863689
0.363546
0.0144796
0.171593
0.0938323
0.0184415
0.014435
0.0165045
0.0073638
0
0.484493
0.0193231
0.0165822
0.00736465
0.00927875
0.00862402
0.0519305
0.0179582
0.0139363
0.381056
0.199686
0.0366415
0.101729
0.00907684
0.015751
0
0.0073638
0
1.0117
0.0100278
0.00826664
0.0163973
0.0228851
0.0668066
0.0179582
0.411236
0.0976804
0.0366415
0.101729
0.00819614
0.0073638
0.997412
0.0100278
0.00868578
0.0243257
0.0572249
0.0179582
0.00777895
0.385547
0.0269412
0
0.00819614
0.728386
0
0
0.0226175
0.196608
0.00808222
0.00942251
0
0.00819614
0.115884
0
0
0.0113597
0.114511
0.00808222
0.00942251
0
0.00819614
0.040116
0
0.0817169
0.00920993
0.00819614
0.0163705
0.169479
0.0249511
0
0.0765054
0.0319013
0.0186948
0.00922849
0.0163705
0.342433
0.0413648
0.0161258
0.0765054
0.277583
0.113792
0.00922849
0.00712567
0.313726
0.0413648
0.0161258
0.0663758
0.0176409
0.276134
0.169668
0.00922849
0.303152
0.0413648
0.0161258
0.0663758
0.306569
0.187498
0.00922849
0.260011
0.0600417
0.0161258
0.0663758
0.200891
0.356964
0.00922849
0.188474
0.108956
0.0161258
0.0548074
0.00925045
0.18715
0.408939
0.00943552
0.00922849
0.179136
0.0997388
0.0161258
0.019632
0.0329693
0.00810796
0.219869
0.540628
0.00922849
0.00773297
0.0394105
0.0338854
0.00798577
0.0355346
0.0115458
0
0.493314
0.973181
0.0253221
0.00758647
0.00867131
0.0355346
0
0.414505
0.577525
0.00887524
0.0448158
0.00758647
0.0273133
0
0.0234083
0.0539979
0.0105472
0
0.0389571
0.38408
0.00782048
0.915253
0.0266761
0.0448158
0.0273133
0
0.0234083
0.0899564
0.117246
0.567552
0.00782048
0
1.02123
0.0266761
0.0448158
0.0273133
0
0.0317915
0.0713459
0.0784406
0.469708
0.00782048
0
0.952161
0.0178009
0.0358242
0.0273133
0
0.0317915
0.0355346
0
0.020376
0.154502
0.00782048
0
0.90762
0.0178009
0.0358242
0.0273133
0.0234083
0
0.020376
0.0450962
0.213936
0.0177689
0.0395317
0.280568
0.57362
0.270714
0.0313885
0.316255
0.0529834
0.647766
0.0161861
0.0644392
0
0.429334
0.0161861
0
0.0644392
0.0210704
0.021811
0.132578
0.0161861
0.011118
0.00737601
0.0644392
0.042131
0.021811
0.610409
0.0161861
0.011118
0.00809142
0.00737601
0.0644392
0.0632673
0.0422322
1.00096
0.0161861
0.011118
0
0.0759871
0.0633365
0.0204212
0.752659
0
0.0161861
0.00737489
0.0759871
0.0204212
0.39565
0.0209316
0
0.0161861
0.00999673
0.0529834
0.084735
0.0209316
0.0617398
0.0161861
0.00999673
0.0529834
0.0103115
0.00821709
0.320567
0.0161861
0.00766413
0.0755591
0.0204212
0
0.99787
0.011386
0.0323455
0.0390385
0.221813
0
0
1.00058
0.0161593
0.0390385
0.00945609
0.146694
0
0
0
0.3124
0
0
0.0234584
0.0786887
0
0
0
0.0446519
0
0.0156404
0.0673661
0
0
0.0154504
0.00797627
0.0330466
0.087485
0.0298621
0.0418495
0.0140951
0.0533006
0.0140951
0.0533006
0.00871659
0.0140951
0
0
0.0755535
0.0189385
0.0400301
0.00792581
0.00871659
0
0.00698196
0
0.0101744
0.0389072
0.00930604
0
0.0979466
0.0189385
0.867554
0.162759
0
0.00698196
0
0.0213664
0.0195758
0.0389072
0.00930604
0.0519643
0.237981
0.0189385
0.993005
0.170528
0
0.0101744
0.0195758
0.0195084
0.0188849
0.0552957
0.0588787
0.99926
0.155072
0
0.0101744
0.0195084
0.0095789
0.142335
0.0399402
0.305906
0.0230099
0.0975092
0
0
0.0197129
0.0218441
0.0201874
0
0
0.0195084
0.0095789
0.00913952
0.0327548
0.0191262
0.0399402
0.634589
0.0528201
0.0975092
0
0.0532368
0.0108864
0.161569
0.0161291
0.0341892
0.300174
0.388391
0.0191262
1.00243
0.00780242
0.0180768
0.00671423
0
0.00611018
0.0641265
0
0.315777
0.0161291
0.00865254
0.360195
0.345402
0.0191262
1.02116
0.00796803
0.00836868
0.00904757
0
0
0.00611018
0.0314285
0
0
0.233436
0.0329032
0.018249
0.340992
0.170478
0.018474
0.435215
0.0071166
0.00836868
0.00904757
0
0
0.00611018
0.0314285
0.0279728
0
0.233436
0.0329032
0.0360736
0.00644593
0.371803
0.104455
0.0188774
0.217115
0.0071166
0.00836868
0.0162474
0.0123926
0.0314285
0.119307
0.233436
0.0339032
0.0360736
0.00644593
0.362047
0.0512291
0.0188774
0.114961
0.0071166
0.00836868
0.0071846
0.0162474
0.0123926
0.0314285
0.441826
0.233436
0.0177741
0.0360736
0.00644593
0.3709
0.0415335
0.0188774
0.136147
0.0139466
0.0167157
0.0162474
0.0196329
0.043365
0.986914
0.317733
0
0.0273581
0.520761
0.0103204
0.0359399
0.0770463
0.0071166
0.0256141
0.0170522
0.00724037
0.0100152
0
0.833394
0.179353
0.0178635
0.00861735
0.345903
0.0103204
0
0.0427527
0.0071166
0.0256141
0.0112579
0.00849909
0.0120171
0.00724037
0.0100152
0
0.0785646
0.0799086
0.0596418
0
0.00728248
0.0256141
0.0112579
0
0.0264667
0.0107057
0.0338734
0
0.0266412
0.0872614
0.0328868
0.0535107
0.184641
0.0665295
0.0535107
0.184641
0.364859
0.448868
0.448868
0.448868
0.448868
0.448868
0.462792
0
0.00826135
0.666177
0
0.00826135
0.0100534
0.0085208
0.0412114
0.00907505
0.0177419
0.963555
0
0.00921217
0.0100534
0.0085208
0.0412114
0.0433439
0.0177419
1.00096
0
0.00921217
0.0100534
0.0085208
0.0412114
0.0433439
0.0177419
1.00096
0
0.00888751
0.0181884
0.0567358
0
0
0
0.00815691
0.00708408
0.0412114
0.011618
0.0172934
0
0.0343583
0.952631
0.0666384
0.0168098
0.037241
0.00763237
0.100547
0.0118929
0
0.00815691
0.0606475
0.011618
0.047468
0.0485949
0.0166164
0.774502
0.00793457
0.0666384
0.0170017
0.326838
0
0.0155593
0.00763237
0.100547
0.0163231
0.0118929
0
0.0234328
0
0.0593241
0.047709
0.0319866
0.0166164
0.724298
0.0321531
0.0866273
0.0170156
0.326838
0
0.00763237
0.214603
0.0579347
0.0376336
0.0125093
0.134617
0.0319866
0.0166164
0.630152
0.0321531
0.100161
0.0170156
0.00673295
0.289704
0
0.00763237
0.226372
0.00860139
0.0460418
0.0376336
0.133306
0.0319866
0.0166164
0.622147
0.0321531
0.126989
0.00843997
0.00673295
0.173541
0.0149114
0
0.00763237
0.237189
0.0258302
0.0345411
0.0376336
0.118396
0.0319866
0.0166164
0.622147
0.0321531
0.15416
0.154474
0.0080945
0.0108343
0.156343
0.0300679
0.0125047
0
0.0223577
0.0597322
0.0319866
0.0166164
0.430105
0.195703
0.117388
0.123412
0.0300679
0.0223577
0.0744494
0.261596
0.201796
0.00752874
0.0799435
0.276668
0.031006
0.011131
0.00708679
0.0153523
0
0.0113214
0.0752865
0.115805
0.304215
0.0746493
0.0150279
0.615234
0.00848752
0.377358
0.0448444
0.011131
0.00764021
0.00712312
0.00695647
0.0377081
0.0113214
0.0629479
0.00727105
0.398031
0.0171249
0.0132839
0.0150279
0.0209346
0.540317
0.00848752
0.0573608
0.353772
0.0758291
0.0123357
0.00764021
0.0159647
0.0189346
0.0117301
0.0297063
0.00727105
0.748908
0.0171249
0.0150279
0.00707628
0.332355
0.00848752
0.100692
0.193826
0.0758291
0.0123357
0.00895329
0.0236271
0.0474818
0.00641667
0.00744491
0.0196314
0.0237529
0.0958231
0.0071549
0.611176
0.0479739
0.0261105
0.0116114
0.204103
0.132756
0.0312224
0.24336
0.0600757
0.0123357
0.0144948
0.0166668
0.212715
0.0136083
0.0126336
0.04704
0.0174515
0.902959
0.061156
0.04681
0.0116114
0.196652
0.0173537
0.0312224
0.36893
0.015665
0.105604
0.0841577
0.019936
0.0166668
0.214677
0.0136083
0.0305451
0.0207471
0.0381524
0.206768
0.00840027
1.0108
0.0694291
0.039841
0.0116114
0
0.141722
0.0447419
0.137067
0.015665
0.220946
0.0718994
0.013629
0.00892919
0.0080893
0.0670829
0.207247
0.0226634
0.0207471
0.0744525
0.174566
0.0243308
0.00747695
1.0108
0.0699626
0.0165442
0.0199756
0.0116114
0
0.0868271
0.0470927
0.0810261
0.0604063
0.00896098
0.00690334
0.0588307
0.0390555
0.0141063
0.015728
0.0981194
0.127992
0.0343501
1.0108
0.105733
0.00897686
0.0471316
0.0314549
0.0444674
0.0137486
0.00690334
0.00894556
0.0252538
0.0636735
0.0180336
1.0108
0.0441112
0.0154335
0.0198384
0.0326141
0.0137486
0.00894556
0.0252538
0.0456412
0.0265981
1.0108
0.0172971
0.0154335
0.0104838
0.00894556
0.0365463
0.0456412
0.0180336
1.0108
0.0091214
0.0154335
0.0202196
0
0.687608
0.0091214
0
0.0154335
0.0200627
0
0.112513
0.00910575
0.0989443
0.0154335
0.0076577
0
0.0398438
0
0.0645503
0.799544
0.0989443
0.0086121
0.0150412
0
0.0151635
0.0398438
0.0368398
0.214273
0.996183
0.106002
0
0
0.0151635
0.0247834
0.132923
0.015056
0.924979
0
0.0769474
0.0404026
0
0.0114894
0.0601356
0.00760068
0.00837105
0.00752068
0.0151635
0.0153469
0.0378945
0.144954
0.109823
0
0.569512
0.0251168
0.0451487
0.00609697
0.0283703
0.0644254
0
0.00862826
0.0118068
0.0619957
0.0239633
0.050573
0.0565463
0.0151746
0.04365
0.00745761
0.08413
0.301804
0.0165431
0
0.752659
0.0242331
0.0451487
0.0124094
0.0283703
0.122589
0.0333638
0.0075522
0.00862826
0.0591566
0.0789404
0.0239633
0.0842474
0.0739738
0.0151746
0.0455028
0.022772
0.0206153
0.169045
0.280533
0.00796813
0.00692717
0.989538
0.0159775
0.256472
0.0253237
0.0155634
0.0130662
0.114869
0.0724526
0.0075522
0.0342117
0
0.00840384
0.00731297
0.109355
0.0242843
0.17907
0.00914389
0.0817996
0.0228721
0.014957
0
0.253583
0.489347
0.00796813
0.623813
0.0159775
0.256472
0.0127688
0.0162284
0.0102105
0.0130662
0.113791
0.0662217
0.0075522
0.0251236
0.0120819
0.00731297
0.107957
0.0242843
0.17907
0.00931702
0.00914389
0.0817996
0.0228721
0
0.014957
0
0.255226
0.427686
0.0163381
0.0067962
0.575534
0.0741622
0.280025
0.0127688
0.0174851
0.0102105
0.105118
0.0662217
0.0075522
0.0251236
0
0
0.00731297
0.0778912
0.0242843
0.192715
0.00931702
0.00914389
0.0650117
0.0228721
0
0.0224637
0
0.265895
0.41189
0.0163381
0.0141144
0.51361
0.0824935
0.332917
0.0127688
0.0161609
0.0102105
0.0253135
0.00689439
0.00786471
0.0150511
0
0.0616035
0.1732
0.0484688
0.0301836
0.014181
0.0370604
0.232052
0.0459773
0.0132729
0.416649
0.110202
0.340715
0.0161609
0.0102105
0
0.0457847
0.165599
0.00970166
0.015722
0.196068
0
0.0135376
0.290195
0.0167167
0.340715
0.0211071
0.0321499
0.15262
0.015722
0.0155304
0.173061
0.0067962
0.290195
0.00821379
0.340715
0.0211071
0.0162998
0.0702847
0.015722
0.0372974
0.0478648
0.0162998
0.00770886
0.0254737
0.0314302
0.0162998
0.0127935
0.0314302
0.0150449
0.0598912
0.0150449
0.417969
0.109191
0.390538
0.0157816
0.405006
0.0292053
0.0499854
0.00801324
0.430362
0.213535
0.0311503
0.518675
0.0295856
0.00703335
0.0248724
0.0686009
0
0.0630592
0.445048
0.014921
0.0164272
0.0153596
0.0137937
0.178165
0.00781834
0.0435865
0.00673065
0
0.0552888
0.0637296
0.566556
0.0493921
0.014921
0.0164272
0.0230742
0.0203695
0.0909171
0.00803823
0.069005
0.00673065
0
0.220062
0.0637296
0.00850218
0.94203
0.0493921
0.0453093
0.0203695
0.145333
0.0159834
0.0782433
0
0.433367
0.021534
0.00850218
0.754186
0.0493921
0.00657589
0.220733
0.00794512
0.0346337
0.00757108
0.406128
0.0919609
0.403014
0.0659111
0.339065
0.00794512
0.0346337
0.00757108
0.43269
0.0919609
0.375685
0.0659111
0.0152798
0.0177416
0.992246
0.0260066
0.00757108
0.514617
0.0919609
0.293055
0.00804019
0.0986962
0.855595
0.0178259
0.379736
0.107769
0.278788
0.00804019
0.0986962
0.340872
0.0178259
0.313941
0.116249
0.136242
0.0511094
0.250809
0.248097
0.0216159
0.0404347
0.198536
0.0216159
0.0404347
0.0218165
0.282862
0.0112967
0.670181
0
0.0849106
0.64676
0
0.0102967
0.0386736
0.144038
0.0102168
0.019178
0.050871
0.01504
0.0111384
0.64676
0.00741216
0
0.00840431
0.0247952
0.0159405
0.0138681
0.0386736
0.444498
0.00730242
0.0555639
0.00816044
0.0193966
0.0464326
0.0370998
0.677027
0.0150127
0
0.00840431
0.0129753
0.0169579
0.0519112
0.00617984
0.391486
0.0736157
0.0102786
0.0193966
0.0694919
0.0147814
0.580806
0.00768409
0
0.00844314
0.0641378
0.0132063
0.00736661
0.103073
0.0370406
0.0102786
0.00675797
0.0756477
0.145084
0.0134669
0.346281
0.00755668
0.00844314
0.0137159
0.00736661
0.3756
0.0207787
0.0204428
0.010032
0.00675797
0.0193966
0.0124278
0.111387
0.0242645
0.410355
0.0148409
0.0159893
0.0074733
0.350317
0.0207787
0.00712719
0.0401972
0.00803021
0.0180163
0.0380637
0.0706342
0.673454
0.021506
0.0159893
0.0163958
0.0154044
0.157825
0.00614565
0.0586703
0.0190909
0.0133882
0.0656043
0.0706342
0.375358
0.021506
0.0358332
0.00614565
0.0204724
0.00640065
0.00614565
0.0120399
0.00609803
0.0372294
