0.0080122
0.0633927
0.0875825
0.0635055
0.107418
0.0578372
0.00958142
0
0.00817999
0.0259681
0
0.0337887
0.0151925
0.0323823
0.00936076
0.0160994
0.0083356
0.0679166
0.167851
0.00780577
0.0186922
0.013301
0.00817999
0.0350714
0.0453483
0
0
0.132631
0.00798389
0.0743328
0
0.0104091
0.0160994
0.228761
0.133445
0.00766626
0.219537
0.0115637
0.0160372
0.0186922
0.0173391
0.217692
0.0153619
0.0520455
0.0579976
0.0343349
0.0679465
0
0.0117868
0.00725723
0.00888803
0.0893541
0
0.0295361
0.0332888
0.109059
0.106553
0.00766626
0.440546
0.0468217
0.0186922
0.00767522
0.0173391
0.19226
0.0153619
0.065286
0.0579976
0.0180099
0.179647
0
0.0117868
0.0176051
0.164255
0.00913888
0.0332888
0.00833135
0.293619
0.44075
0.142008
0.0546764
0.0186922
0.00714978
0.0173391
0.168829
0.00801511
0.0780596
0.14313
0.0180099
0.179647
0
0.0117868
0.00725753
0.0176051
0.0732174
0.0183925
0.0644623
0
0.281968
0.415014
0.00739729
0.00766626
0.0923449
0.155858
0.00958142
0.180061
0.0309341
0.038596
0.163394
0.00956082
0.0310056
0.0155343
0
0.0218652
0.0176051
0.044538
0.0283131
0.0608817
0.0404459
0.186375
0.401583
0.00658292
0.0584308
0.0221946
0.163142
0.0258361
0.00780593
0.205666
0.0260141
0.0844349
0.0204136
0.0155343
0.0286737
0.00871708
0.0771175
0.0091637
0.139568
0
0.0777555
0.0401352
0.00725064
0.0366151
0.0221946
0.163142
0.0385429
0.194434
0.0127736
0.324398
0.236299
0.0210941
0.0223062
0.241248
0.00972434
0.0102932
0.030182
0.00713857
0.214035
0.00972434
0.0142444
0.0337588
0.0371973
0.00713857
0.173866
0.0306459
0.0664125
0.0440944
0.0139572
0.159218
0.0209572
0.0903751
0.0509053
0.0139572
0.13213
0.0209572
0.0893438
0.0805387
0.0139572
0.105962
0.0209572
0.0873257
0.109834
0.0139572
0.0795607
0.0414222
0.0873257
0.123673
0.0139572
0.0731818
0.0112329
0.0305015
0.013078
0.195594
0.0660611
0.0201847
0.17674
0.100467
0
0.0436506
0.050229
0.0284994
0.00971771
0.0105086
0.0286345
0.0521439
0.00705071
0.00718966
0.00965332
0.0524021
0.00785072
0.104678
0.0205156
0.0331598
0
0.00711128
0.0117733
0.0209938
0.00718966
0.0142698
0.00837719
0.00953032
0
0.00961572
0.0143734
0.0122146
0
0.0142975
0.00804269
0.0219271
0.268059
0.0359654
0.0948883
0.00711128
0.0532563
0.0158057
0.0142698
0.00837719
0.00632275
0.00953032
0.0741127
0.0157452
0.0263619
0.0122146
0.00748183
0.0860868
0
0.0289881
0.0112101
0.102092
0.0557669
0
0.362047
0.0139313
0.0169209
0.00711128
0.0881325
0.0175849
0.0431589
0.0158057
0.0142698
0.0135591
0
0.123423
0.0263619
0.0245393
0.285005
0
0.363896
0.0121319
0.0134825
0.00661702
0.248041
0.0288397
0.0169209
0.015255
0.0881325
0.0175849
0.0431589
0.0158057
0.0142698
0.0135591
0
0.0206335
0.134478
0.0263619
0.40536
0.136937
0.0143228
0.00931215
0.211882
0.0121319
0.0136423
0.23251
0.0288397
0.0581158
0.00843385
0.00814368
0.0881325
0.0175849
0
0.0158057
0.00853029
0.0586884
0.134478
0.0564379
0.40536
0.155174
0.00931215
0.295945
0.0121319
0.0070253
0.146657
0.0288397
0.117027
0.00843385
0.00814368
0.0881325
0.0422365
0
0.0158057
0.00853029
0.0795941
0.0294715
0.0134078
0.457613
0.0157638
0.121044
0
0.221792
0.0121319
0.130983
0.0444802
0.159484
0.00820691
0.0259849
0.00814368
0.026998
0.0158057
0.00838494
0.097865
0.00989824
0.304228
0.0799362
0.0751253
0.0897168
0.0121319
0.00714099
0.0780412
0.015539
0.14699
0.0259849
0.028127
0.00814368
0.0136171
0.0316381
0.00714751
0.0410718
0.118349
0
0.0144078
0.0223873
0.0170113
0.0352871
0
0.136724
0.0865519
0.506254
0.00757918
0
0.0123837
0
0.668557
0
0.00757918
0
0.0123099
0.0110355
0.00687908
0.0132201
0.0149502
0
0.0278455
0
0.735746
0
0
0
0.0168877
0.00757918
0.0113556
0.0110355
0
0.0251347
0.0149502
0.0278455
0
0.718179
0
0
0
0
0
0.007792
0
0.0218
0
0.0251347
0
0.0301742
0.0278455
0.718179
0
0
0.00840237
0
0
0
0.0113556
0.0120886
0.0110355
0.00707259
0.0508276
0.0068396
0
0.036896
0.717829
0
0.00840237
0
0
0
0
0
0.0120886
0.0110355
0.0176804
0.00721612
0.0177254
0.0377451
0
0.0451285
0
0.0111494
0.0461924
0.736631
0
0
0.0140758
0.00840237
0
0.016304
0
0.0117625
0.0101913
0.0120886
0.0112523
0
0.0139483
0.0516151
0
0.0068396
0.0304307
0
0
0.00960741
0.054988
0.012807
0.769548
0
0
0.0280897
0
0.014293
0.00944323
0.00689736
0.0100999
0
0.0240257
0
0.0248595
0
0.0176295
0.0283335
0.0363804
0
0.0258305
0.0131784
0.0146368
0.0111186
0
0.0647481
0
0.83827
0.0088478
0
0.0835855
0.0083513
0
0.0441372
0.00867064
0.0142659
0
0
0.0354819
0.0200327
0.0160009
0.0120886
0.0429683
0.0170863
0
0.0281885
0.0360221
0
0.0897592
0
0.0142768
0.0760889
0.0111186
0
0.0307613
0.0928503
0
0.0506612
1.01124
0.0088478
0.140322
0.0083513
0.0145108
0.00867064
0.0100974
0.012369
0.0354819
0.0101282
0.00773628
0.0239731
0.0861701
0
0.0148807
0.0070418
0.0372893
0.00946425
0.05653
0
0.0603604
0.0111186
0
0.0294265
0.0752878
0
0.0386621
1.0061
0.0088478
0.114154
0
0.022047
0
0.0468424
0.0101282
0.00773628
0.0120335
0.0431407
0
0.0139186
0.0188006
0.00966291
0.0565326
0
0.0148622
0
0.0405391
0.0463775
0.0265172
0.0131731
1.0133
0.0088478
0.0424925
0
0.00738623
0.0184011
0.0143165
0.0100974
0.0123243
0.0568799
0.0100038
0
0.0551517
0.0282363
0.102845
0.014326
0.014882
0.0330985
0
0.0299063
0.0647257
0.0131731
0.912553
0.0822625
0.024492
0.0100075
0.00748137
0.00895691
0.00721702
0.0191315
0.037494
0.0334255
0
0.00810317
0.0756662
0.0275001
0.0904009
0.072065
0
0
0.128032
0.0647877
0.0126132
0.648551
0.00864789
0.0157439
0.0813505
0.0150182
0.0100075
0.0148646
0.026857
0.0650198
0.0167506
0.0634683
0.0566995
0.0300114
0.00810317
0.0116994
0.0644096
0.0136296
0.0985775
0.0143111
0.131001
0
0
0.0893422
0.136268
0
0.0368676
0.854899
0.00864789
0.03209
0.0142881
0.030724
0.0145866
0.0271753
0.00706489
0.0560527
0.0153015
0.0634683
0.0466696
0.0294947
0.00810317
0.0219147
0.0209368
0.0129777
0.00710073
0.13092
0
0.01064
0.0197983
0.110893
0.0368663
0.51386
0.016346
0.0142946
0.0143222
0.0100655
0.00758761
0.0352478
0
0.0123657
0
0.00731082
0.00970894
0
0.0138348
0.0142754
0
0.0202225
0.0188607
0.0134737
0.0127959
0.0887887
0.0162786
0.0140656
0.00936023
0.00975913
0
0
0.047026
0.0202615
0.0123756
0.0354651
0.0133731
0.0187999
0.0128455
0.00718361
0.0108762
0.0201212
0.0180852
0.0140572
0.00983082
0.0186062
0.0160212
0.0251588
0.0109279
0.00750214
0.0249553
0.0112273
0
0.0501366
0.0142929
0.00718361
0.0138562
0.0108762
0
0
0.012583
0.0180852
0.00841069
0.0140572
0.00832852
0
0.00924595
0.00659046
0.00991531
0.0160212
0.012316
0.0561305
0.00750214
0.0250648
0.0104916
0.0178992
0.0416149
0.0359311
0.0247853
0.0213309
0.0200183
0.012583
0
0.016955
0.0153701
0.0140572
0.0100576
0
0.0142463
0.0193042
0
0.0155011
0.012316
0
0.138554
0.0160217
0.0115628
0.0327895
0.0182526
0.0553976
0.017174
0.00918242
0.0118128
0.0138756
0
0
0.0213309
0.0894358
0.00936681
0.0123442
0.122239
0
0.0164279
0.0140572
0.00984983
0.022659
0.0139411
0.0200679
0.0297477
0.079848
0.0152482
0.281886
0.00795022
0.0836725
0.0210346
0.0526319
0.0685047
0
0.0660942
0.0484784
0
0.0447461
0.0108148
0.138907
0.018308
0.0379581
0.246222
0.0181732
0.0167279
0.00984983
0.0293247
0.0490201
0.00994496
0
0.0077297
0.0172739
0.0156554
0.228932
0
0.109166
0.0324634
0.111042
0.00650118
0.0564449
0.0365694
0.0132572
0.0151504
0.0331471
0.12646
0
0.0246527
0.415503
0.0368018
0.0318976
0
0.00939701
0.0214471
0.0508109
0.0127069
0.0154003
0.0572541
0.119755
0
0.0142793
0.0139992
0.0564449
0.0118799
0.0603271
0.0589646
0.0132632
0.30786
0.0359273
0.00784856
0
0.00733973
0.033537
0.00776521
0.0222579
0.072751
0.0186606
0.00957221
0.0127899
0.014342
0.0110557
0.0286537
0.098582
0.0187648
0.0129567
0.011802
0.0100076
0.186271
0.0129567
0.011802
0.0204872
0.172975
0.0129567
0.011802
0.0204872
0.172975
0.0264809
0.0150042
0
0.023444
0.0204872
0.0143397
0.159967
0
0.0264809
0
0
0.0124284
0
0.023444
0.0204872
0.0143397
0.159967
0
0
0.0079229
0
0.00779273
0.0264809
0.0124284
0.0155697
0.023444
0.0204872
0.0143397
0.185631
0.0675449
0
0.00733393
0
0
0.0121915
0.0079229
0.0184595
0.00779273
0.00835196
0.0255482
0.00722309
0
0
0.0322952
0
0.023444
0.0416872
0.00977149
0.258194
0.0174222
0.0356197
0.00857577
0.0210277
0
0
0.0120311
0
0.0376306
0
0
0.0102328
0.0127834
0
0.031668
0.047555
0.0515944
0.00977149
0.0130761
0.376676
0.0382349
0.00904208
0.0866793
0.00857577
0.0108635
0.00734004
0
0.00975381
0
0
0
0
0.00849329
0.0624294
0.0114049
0.0151098
0.0196131
0.0500562
0.025638
0.0154556
0.0115563
0.0478349
0.168468
0.0103496
0.0130761
0.897416
0.0187167
0.00904208
0.0851883
0
0
0.0109187
0
0.00963812
0
0.00795052
0
0
0.0105324
0.0166957
0.0745493
0
0
0
0
0.100618
0.0269727
0.015336
0
0.0626096
0.0822871
0.253239
0
0.0130761
1.00116
0.0186437
0.00904208
0.0822108
0.0155365
0
0
0.00721073
0
0
0.0131118
0.0107904
0
0.08879
0.0301815
0
0.0795485
0.0269628
0.015336
0.00760723
0.0300346
0.0103282
0.0356063
0.134697
0
0.0244066
0.882809
0
0.00904208
0.146627
0.0155365
0.019565
0.0153976
0.00860142
0
0.0128174
0.00718809
0.00762466
0
0.0202347
0.00744611
0.0779778
0
0.0292575
0.0070756
0.0598794
0.0124157
0.0282847
0.0432847
0.0444856
0
0.0574002
0.0926499
0.00996133
0.0258352
0.976018
0.0200799
0.160562
0
0.0086837
0.0316363
0.0147766
0.00860142
0.00693874
0.011525
0.00799204
0
0
0.0242748
0.0369986
0.0106536
0
0.112408
0.0138725
0.020126
0.0481746
0
0.0267994
0.0220866
0.0615572
0.0696617
0.207993
0.0255151
0.828887
0.0573132
0.00812431
0.0968228
0
0.0256937
0.0226631
0
0.00753425
0.0108962
0.0117131
0.00767368
0.00849549
0.012977
0
0.0161469
0.0112748
0
0.0555916
0.220733
0.00685721
0.0382775
0.0304291
0.0258384
0.0129487
0.0197008
0.0744211
0.0322211
0.0578272
0.167319
0.00930633
0.934908
0.0556582
0
0.0980968
0.0133661
0.0086837
0.0297165
0.0219979
0
0.00753425
0.0103914
0
0.0185933
0
0.0126259
0.0157722
0.0112748
0
0.0555916
0.286318
0
0.0382775
0.0206914
0.0136188
0.0129487
0.00656587
0.0447496
0.0438714
0.0559204
0.218089
0.0190748
0.795624
0.0177107
0.0157303
0.00854689
0.019597
0.0357777
0.0153763
0.0103914
0.0134726
0
0.0101866
0
0.0245339
0.0119687
0.0579057
0.125838
0
0.0181768
0.0100141
0.0119969
0.0129487
0.0130087
0.0936365
0.0458923
0
0.0474535
0.0261647
0.265384
0.0358997
0.00854689
0.00676582
0.0230122
0.0119295
0.011053
0.0579057
0
0.0264645
0.0135533
0.0300807
0.0215181
0
0.0776948
0.00676582
0.00753425
0
0.0174393
0.0384217
0.0133209
0
0.0129487
0.00656587
0.0107474
0
0.0518583
0.0129163
0.00748014
0
0.0129487
0.0107474
0.0394192
0.564743
0
0.98318
0
0.98318
0
0.98318
0
0.98318
0
0.98318
0
0.999947
0
0
0
1.00321
0
0
0
0.00812368
0
0.0120048
0.00759563
0
0
0
0.00894168
0
1.00321
0.00754716
0
0.0112165
0
0
0.00769047
0
0.00959113
0.04999
0.0152181
0
0.0148193
0.0158093
0
0.0246935
0.0726707
0.0122673
0
0.035671
0.016244
0.0134029
0.957359
0.00764405
0
0.0103483
0.0138829
0.0307658
0.0144448
0.00687942
0
0.00959113
0.0640374
0.0133659
0.0571581
0.00833052
0.0147866
0.0120371
0
0.0376262
0.0564608
0.00654249
0.0253021
0
0.0145113
0.0871399
0
0.492098
0.0130955
0
0
0
0.0304764
0.00721142
0.0379595
0.0155194
0
0
0.00939281
0.0726979
0.00656477
0.0882699
0.0170523
0.0279299
0.0198582
0.0124695
0.00929232
0.0117068
0.0583248
0
0.0491526
0
0
0.0264821
0.0158783
0.0140536
0.260837
0.0156078
0.00787781
0.0120448
0.0103483
0.00721142
0.0233371
0.00845408
0.00736734
0
0.00939281
0.322234
0.0214912
0.0448841
0
0.0137508
0.00974043
0.012491
0
0
0.0310183
0.0071875
0.0246631
0.070735
0.0158783
0
0.0332669
0.99986
0.0126452
0.0311519
0.0133509
0.0209273
0.0145227
0
0.00845408
0.00736734
0
0
0.00939281
0.519975
0
0.0214912
0.0760608
0.00839392
0.0277384
0.0302814
0.0115791
0
0.0162314
0
0.0234446
0.254094
0.0476176
0
0.0140536
1
0.0122397
0.0126452
0
0.0103483
0.0145227
0.0079566
0.0182746
0.0208018
0.0144786
0.00806085
0.00939281
0.646172
0.013346
0.0419158
0.0465872
0.0241899
0.028541
0.0198242
0.0115791
0
0.0126132
0.00780525
0
0.0360671
0.25743
0.0471262
0
0.00738035
0.558551
0.0122397
0.00696266
0
0.0103483
0.0079566
0.00845408
0.0387074
0.0144596
0.0155166
0.0193222
0.660691
0.0765353
0.0465872
0.00842609
0.0277577
0.0299588
0
0.00780525
0
0.0101287
0.0117532
0.00959051
0.214716
0
0
0.0336905
0.0166932
0.0122397
0.00696266
0
0.0079566
0.00845408
0.0179744
0.0154754
0.00745572
0
0.815133
0.0139897
0.0896138
0.0607757
0.00838508
0.0297831
0.0301366
0.0114695
0.00780525
0
0.0101287
0.0117532
0.00959051
0.214716
0
0
0.0336905
0.0166932
0.0126081
0
0.00853195
0
0.0079566
0.00845408
0.0179744
0
0.00745572
0.0110059
1.01586
0.0139897
0.104309
0.075304
0.00838508
0
0.0195801
0
0.0245284
0.00780525
0
0.0117532
0.00959051
0.195857
0
0.00964537
0.0336905
0.0166932
0.00853195
0
0.00695261
0.0079566
0.00765773
0.00745572
0.0145931
0.0110059
0.879219
0
0.0632036
0.0868971
0
0.0261735
0.0108965
0
0.0114559
0
0
0.0354876
0.00686114
0.195857
0.0410569
0.0166932
0
0.00795015
0.0145924
0.00745572
0.020561
0.863116
0.0209821
0.0892007
0.01324
0.0414215
0
0.0114559
0
0
0.0237673
0.186895
0.0543523
0.0166932
0
0.014454
0.0207878
0.743938
0.0209821
0.0742799
0.01324
0.0110044
0.0114559
0.0073589
0
0.0117532
0.221494
0.0175946
0.067737
0.035009
0
0
0.0076418
0.0207878
0.495695
0.0211199
0.117244
0.0146812
0
0.0153352
0.0147877
0
0.0119356
0
0.254946
0.0175946
0.1766
0.0329118
0.0102684
0.0104444
0.00800914
0.0186474
0.0078584
0.0164921
0.0110059
0.286289
0
0.0866068
0.0279212
0
0.00772992
0.0073589
0.00819092
0.12129
0.194289
0.0166932
0.012907
0
0.0201763
0.00800914
0.00846709
0.0151396
0.0110059
0.207694
0.00742117
0.0570946
0
0
0.00790773
0.0073589
0
0.148471
0.113782
0.0166932
0.013102
0
0.0104444
0.00800914
0.164504
0.100398
0.0129844
0.0155477
0.0100564
0.0068717
0.149143
0.127236
0.013102
0.0104444
0.00800914
0.150146
0.100398
0.00963069
0.0129844
0.0155477
0.0100564
0
0.158393
0.127104
0.013102
0.0104444
0.00787177
0.150146
0.114175
0.0155477
0
0.00773105
0.113704
0
0.161529
0.0181435
0.013102
0.0124674
0.0104444
0.00787177
0.0855764
0.0149253
0.0286799
0.00790773
0.0437445
0.0154261
0
0.309077
0.0163014
0.0719451
0.00733065
0.0303077
0.00790773
0.00829417
0.0154261
0
0.260739
0.0163014
0.0503181
0
0.224217
0
0.00748799
0.00703324
0.00844244
0.02449
0
0.00951603
0.0129426
0.0186385
0.296971
0.00754794
0
0.00773303
0.00758201
0.00714257
0
0.0628893
0.0121565
0.0374059
0.00951603
0.0129426
0.0479049
0.0186385
0.131243
0.0139806
0.0206286
0.00778215
0.00753295
0
0
0
0.0931735
0.00939551
0.0369923
0.00941153
0.0123011
0.0101371
0.0125626
0
0.00893726
0.251374
0.0139335
0
0
0.00753295
0.00714257
0.0141438
0.301855
0.059762
0.0217601
0.0161991
0.556414
0.0179177
0
0.00753295
0
0.00704917
0.462325
0.0123806
0.0643504
0.596305
0.0177834
0.520562
0
0.522824
0.520562
0
0.176848
0.355112
0
0.0698412
0.010272
0.275785
0.00441499
0.00362588
0.0088195
0
0.251426
0
0.0427092
0.0367538
0
0.523084
0
0.0101505
0.121062
0.017697
0.0575547
0.0137563
0.0656204
0
0.536464
0
0.0101505
0.121062
0.0575547
0.0137563
0.0656204
0.00703543
0
0.536464
0.00781799
0.0101505
0.121062
0.0575547
0.0137563
0.0642859
0.00703543
0
0.523893
0
0.00781799
0.0101505
0.136798
0.043035
0.0137563
0.0819126
0.00703543
0.511662
0
0.015395
0.00781799
0
0.136798
0.00685851
0.0363008
0.028669
0.00912351
0.118604
0.00703543
0.498739
0
0
0.00781799
0
0.0101464
0.0093204
0.136798
0.00685851
0.0250563
0.0184766
0.028669
0.0115906
0.127969
0.00703543
0
0.284808
0
0.0163556
0
0
0.0112399
0.0093204
0.144914
0.00685851
0
0
0
0.012757
0.0184766
0.028669
0.0233718
0.164853
0.0201955
0.0113343
0
0.412876
0.00987438
0.00783338
0
0.00936268
0.011043
0
0.0151975
0
0.00890528
0.160756
0
0
0
0
0.0213747
0.0184766
0.028669
0.0414223
0.0091593
0.0231136
0.146091
0
0.0122127
0
0.762558
0.00718044
0.00987438
0.0160288
0
0.0187451
0.0141831
0
0.0101182
0
0.136949
0
0
0.00766606
0.0517152
0
0.0103025
0.0125479
0.0362492
0.0291595
0
0.0146147
0.00941105
0
0.0555274
0
0.0122127
0.0138085
0.909698
0
0
0.0239817
0
0.0190837
0
0.0141831
0
0
0.0230111
0
0.015409
0.0677592
0.0181412
0.0202614
0.0247769
0.0291595
0
0
0.0273831
0.0185703
0
0.0559549
0
0.0122127
0
1.00386
0.0158917
0
0.00938244
0
0.00761403
0.0106645
0
0.0188132
0.0239092
0.0068456
0
0.0147695
0.0829141
0.0181412
0
0
0.0583176
0
0.00866666
0.027112
0
0.00906788
0.0202667
0
0.965049
0.00671913
0.0665533
0.015747
0
0
0.0104235
0.0311285
0.00752995
0.00921173
0.0108574
0.0318023
0
0
0
0.100973
0
0
0
0.0177975
0.0294712
0.0395621
0
0.022865
0.00949028
0.0531091
0.0226331
0.0145164
0.828157
0.00725188
0.0665533
0.0386666
0
0
0.0378722
0.0105864
0.0296765
0.0137471
0.0113196
0
0.0294528
0.0339619
0.0186711
0.0392191
0.0130242
0
0.00795155
0.0327369
0.0188579
0.0093127
0.029087
0.0247446
0.0875603
0.00885646
0.0123206
0.0189329
0.0329754
0.0541218
0.0727242
0.0120631
0.0282684
0.383239
0.00725188
0.0867875
0.0607704
0.0212219
0.0151245
0.03764
0.0428153
0.0591857
0
0
0.0151629
0.0291207
0.0553606
0.0780106
0.00700025
0.00727079
0.00795155
0.0338885
0.00874938
0.0390161
0.0120896
0
0.146612
0.0166937
0.00885646
0.0256358
0.009806
0.0113614
0.0634142
0.0529863
0.0106471
0.0282684
0.247002
0.0442869
0.0670954
0.0610351
0.0268655
0.0158763
0.0379752
0.0226027
0.0758883
0.020451
0
0.0285263
0.0336263
0.102767
0
0.0071247
0.0494304
0.00913452
0.0390161
0.0246595
0.187353
0.00839339
0.0174297
0
0.00985524
0.0812424
0.0396065
0
0.0672368
0.14286
0.0513147
0.0572999
0.0390683
0.027955
0.0467696
0.0544856
0.0607553
0.00668089
0.0214931
0.0190227
0.0219742
0.1177
0
0
0.0217697
0.0838467
0.0188706
0.00913452
0.0388501
0.0125698
0.21725
0.00801844
0.00857322
0.025993
0.0219348
0.0806549
0.0132111
0.0412156
0.130639
0.0365764
0.132579
0.0244284
0.0347413
0.0153722
0.00974442
0.021041
0.0306398
0
0.010579
0.00908747
0.0107957
0.148696
0.00614918
0.0299462
0.0995927
0.0188706
0.00913452
0.0129723
0.232613
0.00801844
0.00857322
0
0
0.0107031
0.0714019
0.0127883
0.0412156
0.118373
0.141781
0.00831294
0.00738041
0.0153722
0.00974442
0.0327195
0.0306398
0
0.00908747
0.0546802
0.0125859
0.00763246
0.0177306
0.0171658
0.0200157
0
0.0729062
0.0167317
0.0127934
0.0225478
0.0288513
0.00668035
0.0142012
0.05213
0.142163
0.00831294
0.00657279
0.00908747
0.244711
0.0162344
0.00928921
0.0183986
0.0142816
0.00860386
0.0139768
0.0219567
0.00962897
0.0129802
0.00810203
0.132309
0
0.0109068
0.644445
0.00787859
0.00967001
0.0117077
0.0183986
0
0.00860386
0.0139768
0.00873444
0.00877411
0.00629983
0.0138756
0
0
0.00673935
0.0163312
0.0154554
0.00956882
0.645478
0.009688
0.0200317
0.0117077
0.00860386
0.0131379
0.0200849
0.00690916
0.0128392
0.0263119
0.00702089
0.0106717
0
0.032418
0.00999667
0.0249097
0.225639
0.0128684
0.0157649
0.0171173
0.0197708
0.0130363
0.0157928
0.00803117
0.00890215
0.028048
0.0127944
0.0287127
0.0131884
0.0672011
0.0137015
0.00729426
0.00911685
0
0.0101985
0.0105269
0.064235
0.0297092
0.0100834
0.0157372
0.0104765
0.237845
0.00736954
0.0236881
0.0676071
0.0367434
0.039487
0.016893
0.046026
0.00803117
0.0262591
0.0283395
0.0645521
0.0071293
0.24065
0.028332
0.015069
0.0484426
0
0.0101985
0.0804695
0.0220185
0.0100834
0.0477848
0
0.198458
0.0199852
0.0225967
0.0231613
0.0172013
0.0170199
0.00970072
0.031801
0.0121088
0.0351922
0.0304721
0.014786
0.00877391
0.0645521
0.25582
0.028332
0.00729426
0.0290379
0.00800425
0.00746296
0.0804695
0.0150736
0.065375
0.0320476
0.0189571
0.189818
0.0149819
0.0310607
0.0330187
0.0170199
0.031801
0.0121088
0.0157928
0.0171173
0.014786
0.0107357
0.0856083
0.269675
0.0144554
0.019134
0.00800425
0
0.0107451
0.0947037
0.0440217
0.0320476
0.0305809
0
0.018078
0.174288
0.0147015
0.0310607
0.0158173
0
0.031801
0.0356292
0.0157928
0.0173733
0.014786
0.09411
0.0123205
0.32516
0.0144554
0.019134
0
0.018505
0.0107451
0.0779371
0.0440217
0.0320476
0.0205842
0
0.00923163
0.166759
0.00787205
0.0313472
0.0158173
0.031801
0.0117358
0.0356292
0.0157928
0.0254069
0.0297679
0.0238519
0.0841054
0.339399
0.0144554
0.0100097
0.0076671
0.0274693
0.09264
0.0440217
0
0.0102057
0.0119868
0.166759
0.00787205
0.0238752
0.0158173
0.031801
0.0117358
0.0752628
0.0157928
0.0080336
0.00952553
0.0487431
0.0547568
0.0120586
0.44034
0.0141152
0.0100097
0.0377803
0.0240586
0.063703
0.0325098
0
0.0102057
0.0100997
0.175569
0.00690211
0.00787205
0.0238752
0.0158173
0.00910655
0.0209586
0.0124907
0.0752628
0.0296138
0.00778376
0
0.0713974
0.04451
0.0235827
0.4798
0.0140793
0.0332354
0.0101552
0.0235361
0.0801236
0.0325098
0.015131
0.0161928
0.0379802
0.0158173
0.0182621
0.0209586
0.0258065
0.0363051
0.0296138
0.0087034
0.0184056
0.0134749
0.0796663
0.0555268
0.00663871
0.0120586
0.662446
0.0431633
0
0.0103364
0.0332354
0
0.0235361
0.0315873
0.0312023
0.0110237
0
0.00882809
0.00723936
0.00798912
0.101976
0.0182621
0
0.0087034
0.0177029
0.0498645
0.0101258
0.00663871
0
0.462602
0.0292982
0
0
0.0143743
0.0166731
0.0204566
0.0117531
0.015642
0.00799502
0
0.0312002
0.0104469
0
0.0133048
0.00723936
0.0647456
0.0720896
0.0546147
0
0.0107348
0
0.0394692
0.0087034
0
0.0141703
0
0.0607493
0.0101258
0.020797
0
0.584659
0.0146822
0
0.0104581
0
0.0152144
0.0938407
0.0395854
0.0226724
0.015642
0
0.0212412
0.0121029
0.00944749
0.00787499
0
0
0.0648409
0.0537011
0.0182621
0
0
0
0.114358
0.01595
0.0087034
0.028708
0
0.0487249
0.0298008
0.0215814
0
0.793574
0.0271466
0
0.021057
0
0.00759698
0.0151965
0.0200865
0.0237992
0.00712657
0
0
0
0.0187874
0.00862188
0.0142792
0
0.111275
0.0371407
0
0.0196668
0
0.0131224
0.114606
0.0154851
0.00888173
0.0582391
0.0102999
0.0724472
0.0963817
0.012138
1.00119
0.0278672
0
0.0315979
0.0147705
0.0155736
0.0289008
0.0117339
0.0144775
0.0161859
0
0.0113916
0
0.0234918
0.0139378
0
0.0723589
0.0371407
0.0395459
0.0131224
0.093747
0
0.0174212
0.029501
0
0.0624418
0.0484234
0.00688063
0.0220126
0.844221
0.0265554
0
0.0527475
0
0.0136916
0.0144026
0.00998611
0.0232691
0.0466118
0.00713887
0
0
0.0224534
0
0.0167643
0.00720567
0
0.0642733
0.0527693
0.0189244
0.0228881
0
0.012445
0.129955
0.0135571
0.0254243
0
0
0.0923756
0.048369
0.0068608
0.0121437
0.712153
0.0275232
0
0.0271251
0.0080074
0.0139624
0.0144026
0.0206249
0.0117339
0.0143827
0.0148432
0.0299642
0.0196386
0.0224534
0.0101159
0.0173012
0.054527
0.0149986
0.095001
0.0185808
0
0.00287126
0.0195746
0.0253751
0.131025
0.0135571
0.00825414
0.0168584
0.0143236
0
0.0821255
0.0281785
0.0068608
0.0121437
0.731475
0.0542421
0
0.0282684
0
0.0198374
0.0299572
0.00881532
0.0117339
0.0309027
0.0228267
0.0106687
0.0438702
0
0.0691649
0.0291463
0.0173236
0.0336411
0
0.0696853
0.036422
0.0195738
0.0372526
0.00989883
0.0380641
0.128161
0.0425904
0.00825414
0.00953366
0.0395792
0
0.10302
0.0369205
0.0132669
0
0.837403
0.0686664
0.0225928
0.0763931
0.00732803
0.0198907
0.0157814
0.0266552
0.0225033
0.0911994
0.0149765
0.0220384
0.0290348
0.0105615
0.0349396
0.0275228
0.0245845
0.0267175
0.0290667
0.060564
0.0712817
0.0738264
0.0639997
0
0.0506886
0.272478
0.0303639
0.0079896
0.0180672
0.0408664
0
0.104984
0.0746429
0.00650883
0.0333216
0.385403
0.0557292
0.00695012
0.0754166
0.00859184
0.0132193
0.0466162
0.0376791
0.0327732
0.0895887
0.0153641
0.0216913
0.0438291
0.0102143
0.0349207
0.0104262
0.0245988
0.0268559
0.0295821
0.068732
0.0181903
0.0922223
0.131182
0.0109637
0.0390034
0.32734
0.0719019
0.0165428
0.0267812
0.0125175
0.0190698
0.0893842
0.0556923
0.00650883
0.0232262
0.248584
0.0541973
0.0139313
0.0471339
0.0235738
0.0457811
0.0469525
0.0327732
0.0462994
0.00765983
0.0113697
0.0576203
0.049419
0.0367486
0
0.0396243
0.0334403
0.0156715
0.0549134
0.0679327
0.0732727
0.204271
0.0418974
0.0399736
0.293494
0.086487
0.00855317
0.0434658
0.0259543
0
0.0540381
0.0376644
0
0.0351296
0.165176
0.080377
0.014388
0.0763763
0.00859184
0.0472742
0.046885
0.0417209
0.0441073
0.0148136
0.0223015
0.0137474
0.0399138
0.0367486
0.062326
0.0469197
0.00788064
0.0320515
0.106129
0.0381406
0.196949
0.0303616
0.0399736
0.163132
0.0731807
0.0173472
0.0529861
0.0267477
0
0.0318305
0.0277012
0.00718702
0.0343848
0.109657
0.0796178
0.0150651
0.0772766
0.0157411
0
0.0181172
0.0321222
0.136821
0.0145252
0.0220859
0
0.020078
0.0240984
0.00970758
0.0237218
0.0333116
0.00764464
0.0380748
0.036068
0.076591
0.186308
0.0307387
0.077858
0.148669
0.0577644
0.00875568
0.043595
0.0287282
0.0106029
0.0185604
0.010576
0.096883
0.0529705
0.0153594
0.0189526
0.0165447
0.0579126
0
0
0.0154979
0.00676836
0
0.0145271
0
0
0.0200112
0.00849404
0.0137505
0.0146989
0.0315523
0
0.0723952
0.00949523
0.01162
0.114747
0.0279483
0.0173957
0.00807182
0.0289008
0.0266383
0.0443322
0.0268956
0.018739
0.0362789
0.0142542
0.0123207
0.0292629
0
0.0162528
0
0
0.00679468
0.00812588
0
0.00949523
0.0121596
0.0134589
0
0
0.0115003
0
0.025124
0.484467
0.995079
0
0.024461
0
0
0
0.0131447
0.992451
0.0117243
0
0.00637211
0
0
0
0
0.0126439
0.992451
0
0.0117243
0.00637211
0
0
0
0
0.0126439
0.992451
0
0.0117243
0.00637211
0
0
0
0
0.0126439
0.992451
0
0.0117243
0.00637211
0
0
0
0
0.0126439
0.992451
0.0117243
0.00650182
0
0
0
0.0126439
0.992451
0.0117243
0.00650182
0
0
0
0.0126439
0.992451
0.0117243
0
0.0126439
0.515708
0
0
0.208242
0.299504
0.686574
0.924342
0.757356
0.32135
0.156308
0.156308
0.156308
0.00709783
0.0276092
0
0.0551985
0.0142634
0
0
0.0135059
0.00720291
0.0181971
0.281083
0
0.0142634
0.0165175
0.0253459
0.013481
0
0.0482062
0.0074326
0.011213
0.0514267
0.0162906
0.0991552
0.027426
0
0.0179887
0.608995
0
0.0118905
0.0308633
0.0142634
0.0177488
0.016592
0
0.033547
0.0158378
0.0181441
0
0.017035
0.0277912
0.00742034
0.0335955
0.0620123
0.0217798
0.0101021
0.080887
0.0166026
0.0419657
0
0.155542
0.0578986
0.0373957
1.00008
0.0120088
0.0118905
0.0302827
0.0161705
0.0501473
0.0506739
0.0337324
0.0332344
0.00906723
0.0128505
0.00877066
0.0280093
0.0223068
0
0.135524
0.0108409
0
0.112142
0.01099
0.0240054
0.094786
0.0274183
0.0159232
0.0675748
0.047029
0.0144714
0.239176
0.0669676
0.0952137
1.00008
0.0105357
0.0673017
0.173013
0.0164489
0.0295345
0.117244
0.08365
0
0.0169815
0
0.020387
0
0.0421519
0.0838818
0.029634
0.0330409
0.0346999
0.210681
0.0312329
0.0127466
0.0303768
0.0409004
0.0215619
0.190781
0.0356845
0.00817319
0.0616234
0
0.00668806
0.498824
0.0365594
0.0500408
0.0365986
0.996354
0.0105357
0.0662527
0.171774
0.0436429
0.102281
0.0426173
0
0.0248795
0.0188564
0.0102243
0.024546
0.0265747
0.0759646
0.128428
0.0216495
0.0413296
0.0356333
0.157604
0.0312086
0.0384147
0.0218978
0.040482
0.0338324
0.2428
0.0280613
0.0253278
0.0595341
0.0165576
0.00708393
0.409868
0.050084
0.0505377
0.0576145
0.973247
0.0100725
0.0913877
0.174686
0.0154714
0.0300675
0.120882
0.0588349
0.0168068
0.0486498
0.0674248
0.0215774
0.0333035
0.0538158
0.0745293
0.176328
0.0221653
0.0413444
0.0980342
0.169223
0.0202363
0
0.0298972
0.0306117
0.0327567
0.321637
0.0413122
0.0258933
0.0534774
0
0.0145554
0.555553
0.0225725
0.0482245
0.0552327
0.674679
0.0221082
0.181582
0.155354
0
0.103153
0.0505154
0.0509251
0.0987211
0.082324
0.0333076
0.0264723
0.0524423
0.0254973
0.248019
0.00702536
0.0323476
0.0642808
0.159683
0.0422587
0.0514568
0.0300749
0.0389406
0.0446123
0.357961
0.0357354
0.0175136
0.0701392
0.0153838
0.0152795
0.489865
0.0437488
0.046694
0.0932308
0.303333
0.0221082
0.241123
0.0954182
0.0632794
0
0.0994811
0.0422701
0.0342231
0.0735053
0.0687372
0.011414
0.0256316
0.0758567
0.0254973
0.319581
0.00702536
0.0215207
0.0972545
0.168169
0
0.0514568
0.0374926
0.0212279
0.0342721
0.382199
0.014752
0.0175136
0.0446704
0.0290637
0.0145934
0.554869
0.0370212
0.0831585
0.111713
0.235787
0.073758
0.205644
0.0795848
0.0687628
0
0.133238
0.0245172
0.0544192
0.0810958
0.0176795
0.0105361
0.0418906
0.0496235
0.0336652
0.433736
0
0.0107573
0.162504
0.146316
0.0205618
0.0532501
0.0375626
0.0218382
0.0236761
0.304066
0.0219592
0
0.061421
0.0165034
0.0220587
0.602763
0.0296702
0.0354777
0.135355
0.145056
0.0757987
0.218341
0.108983
0.0621516
0
0.0655892
0.0173665
0.0372862
0.0486078
0.0162107
0.0257807
0.0372403
0
0.82625
0
0.0107573
0.131881
0.136887
0.0418685
0.0258659
0.0220888
0.0108154
0.0210234
0.267238
0.0146768
0.00902432
0.0351309
0.0163986
0.0220401
0.627124
0.0225984
0.025111
0.171158
0.118209
0.0750128
0.195799
0.0637558
0.0317233
0.0134148
0.0666945
0.0159391
0.0348254
0.00851006
0
0.00926269
0.0372403
0.00847433
0.914186
0.00739988
0.0215038
0.116231
0.102106
0.00977767
0.0128451
0.0221145
0.020936
0.132319
0.00742638
0.00828864
0.0443794
0.014762
0.0151584
0.362046
0.0151596
0.0256396
0.209559
0.0911995
0.0741516
0.194282
0.0312245
0.0169764
0.0522312
0.00802753
0.0326807
0
0.0508555
0.00810222
0.719268
0.015731
0
0.0513649
0.0300551
0.00977767
0.0130079
0.00769613
0.010444
0.0113073
0.106123
0.00763484
0.0271077
0.0148145
0.13188
0.0124525
0.190091
0.0558311
0.0621099
0.181449
0.0153369
0
0.00771151
0.00809423
0
0.0105441
0.0372403
0.202514
0.0147576
0.0506677
0.0104202
0
0
0.0217267
0.0272264
0.00943378
0.00779628
0.0403215
0.134532
0.00710369
0.0341281
0
0.0157986
0
0.0105441
0.0773861
0.0477546
0.0107817
0.0123014
0.00851068
0.0160511
0.0265649
0.0987661
0.0137687
0.0352618
0.0166995
0.0150037
0.0160312
0.0694346
0.00900881
0.33344
0.00773912
0.0107465
0.149316
0.132652
0.0107238
0.0107962
0.0264209
0.00667562
0.11449
0.149409
0.0279323
0.0474114
0.0856242
0
0.0557212
0.450891
0.00692969
0.100024
0.0416612
0.0107817
0.132652
0.00792945
0.0417838
0.0401315
0.00667562
0.00848439
0.00675523
0.355494
0.00701923
0.245567
0.0287514
0.0474114
0.0151243
0.0498981
0
0.0744974
0
0.384395
0.0222399
0.132787
0.030417
0.185663
0.00792945
0.0417838
0.06904
0.00667562
0.0159549
0.0148055
0.384019
0
0.263854
0.0146245
0.0231089
0.0844458
0.0744974
0
0
0.319533
0.0227234
0.0845466
0.0404016
0.00965402
0.212395
0.00792945
0.0318121
0.107844
0.00667562
0.0257988
0.0159549
0.0148055
0.384849
0.320955
0.0217908
0.0153179
0.0501834
0.0373445
0.00986662
0
0.211573
0.0223636
0
0.0523672
0.0211132
0.212395
0.0401354
0.00667562
0.0169318
0
0.00797459
0.331228
0.00751201
0.600592
0.0793537
0.011595
0.0223714
0.00766342
0.0333361
0.0382765
0.0111457
0.0401354
0.428391
0.00751201
0.410234
0.0789308
0.0155289
0.0515443
0.0786294
0.0957513
0
0
0.0155289
0.0390251
0.0139957
0
0
0.00787548
0.0177642
0.0390251
0.0178611
0.00667977
0.0118512
0
0.0111969
0
0.0126489
0.0166541
0.0156758
0.0115018
0.034387
0.0101258
0
0.078476
0.0117574
0.00750656
0
0
0.014636
0
0.00768667
0.205057
0.00667977
0.0446939
0.0237145
0
0.0297215
0.0181516
0.0366532
0
0.0335261
0.0109417
0
0.0128046
0.0246074
0.0228275
0.0144226
0.0668338
0.0518959
0.0109478
0
0.311293
0.0105845
0.022728
0.00748341
0.0241994
0.0254271
0
0.0372414
0.148695
0.0149876
0.0135437
0.537633
0.0779235
0.0437238
0.0481043
0.0318376
0.0158552
0.0447737
0.0181516
0
0.0353156
0
0.0163057
0.0113836
0.00867589
0
0.0324108
0.0432627
0.0144226
0.0774158
0.0686078
0.0109478
0.0103437
0.871551
0.00737633
0.0208039
0.0317868
0.0271721
0.00748341
0.0593171
0.0864642
0.0318609
0.0723677
0.165071
0.0227191
0.0118489
1.10899
0.121455
0.0703637
0.0168884
0.0555333
0
0
0.0511902
0.00889594
0.0113836
0.0163015
0
0.0239486
0.0363475
0.0141245
0.0859393
0.185227
0.0217146
0.0104605
0.812444
0.015908
0.0101629
0.109532
0.0257566
0.01369
0.057033
0.0948374
0.0620578
0.181167
0.373748
0.00773152
0.0743826
1.00553
0.136621
0.0204361
0.11502
0.0163142
0
0.0839752
0.0509176
0.0363503
0.0174273
0
0.0530217
0.00826985
0
0.0162208
0.0432926
0.0211693
0.0644179
0.334303
0.0383134
0.604102
0.0157544
0
0.354119
0.0144232
0.00679236
0.0747877
0.0767912
0.0466336
0.422308
0.488623
0.0230425
0.0615074
1.00254
0.171315
0.0209229
0.126376
0.0147206
0.0467766
0.0841691
0.0692563
0.0173201
0.141843
0.0508428
0.0161249
0.0545781
0.0254395
0.0273746
0.0239365
0.0466315
0.0208083
0.0942632
0.452831
0.0513292
0.0215809
0.410107
0.0156076
0.0200912
0.341942
0.0516398
0.0296342
0.117763
0.0849876
0.01548
0.401693
0.404403
0.0372372
0.0885506
1.00198
0.0866995
0.031895
0.0785493
0.0300403
0.0432182
0.051243
0.00787798
0.160847
0.0584715
0.0505224
0.0952617
0.043948
0.0400789
0
0.0262285
0.0593424
0.105484
0.315708
0.0287078
0.00950028
0.330906
0.023626
0.03177
0.408044
0.0932631
0.0442775
0.127441
0.0517553
0.0463637
0.293892
0.270544
0.0148627
0.0873981
1.03053
0.0778244
0.078995
0.0894243
0.015285
0.0150512
0.0584131
0.0520888
0.00795423
0.172429
0.0596521
0.0504302
0.0628841
0.0420146
0.0527538
0.0405228
0.0407721
0.0426301
0.106526
0.284642
0.029036
0.0819989
0.0897266
0.0311508
0.0441454
0.400789
0.0534128
0.0218753
0.101921
0.0693754
0.0481914
0.312034
0.133749
0.0287736
0.111692
0.883133
0.0644022
0.0570172
0.11249
0.015285
0.0304779
0.0690573
0.0361226
0.0158244
0.0868656
0.0421052
0.0181749
0.0403981
0.0164365
0.0516592
0.0652257
0.0763324
0.0647619
0.160074
0.316996
0.0223868
0.0614822
0.102258
0.031955
0.0323116
0.444574
0.0524468
0.0213179
0.127426
0.0600402
0.137919
0.333507
0.175385
0.0437666
0.0896017
0.614077
0.0359637
0.101504
0.123908
0.0166776
0.0608018
0.084409
0.0530804
0.00795423
0.0868656
0.02468
0.0187238
0.0114945
0.0245113
0.0389154
0.0409401
0.0623001
0.0663998
0.181741
0.316996
0.0102262
0.0615808
0.254788
0.0317111
0.042472
0.43527
0.0524468
0.0213498
0.150641
0.0689764
0.0934457
0.399163
0.131817
0.0584335
0.0484364
0.483358
0.0356237
0.0993685
0.101856
0
0.029675
0.124807
0.0178583
0.0173244
0.0710197
0.0169981
0.0735737
0.0114945
0.00810133
0.052571
0.0484087
0.0627882
0.0381825
0.186344
0.298384
0.0102262
0.0506845
0.801504
0.0226442
0.0419839
0.457202
0.0522065
0.0294579
0.158274
0.0951004
0.0949984
0.391581
0.0925244
0.0295155
0.108767
0.406144
0.0419759
0.154924
0.0917871
0
0.0150363
0.126218
0.0161108
0.00917009
0.0733728
0.0545453
0.0114945
0.00810133
0.0392793
0.0484752
0.035288
0.0315116
0.208336
0.359505
0.020029
0.0733233
0.861838
0.0307966
0
0.444116
0.0260651
0.022045
0.133407
0.0866777
0.449
0.0936959
0.0228959
0.0735698
0.347562
0.0419759
0.109946
0.0905284
0.014594
0.0150363
0.100134
0
0.0173174
0.0188661
0
0.0184187
0.0114945
0.00812013
0.0406749
0.0241048
0.0427466
0.0152063
0.105762
0.211476
0.0211902
0.0540202
0.987676
0.00821422
0.0319543
0.386308
0.0268744
0.0218893
0.0935625
0.0418425
0.0327233
0.363115
0.0819045
0.0299534
0.0751205
0.235948
0.0359338
0.0886944
0.034501
0
0.0155657
0.116472
0
0
0.0171985
0.0112191
0
0
0.0487685
0.0561902
0.00747009
0.0846482
0.109993
0.0210931
0.0109014
0.985762
0.0146681
0.259901
0.027515
0.014096
0.076481
0.0245975
0.0467682
0.225233
0.026829
0.0226312
0.0767045
0.0985861
0.0289368
0.0993821
0.034501
0.0155484
0.0130545
0.0184817
0.0328526
0.00814225
0.00740222
0
0.00994452
0.0323269
0
0.00989985
0.372514
0.0908906
0.00714173
0
0
0.032948
0.0298756
0.00684275
0.0614449
0.0153386
0.0111907
0
0.0173705
0.021803
0.0155363
0.133062
0.0110081
0
0.00787473
0.014507
0.0136866
0.0614449
0.00768816
0.0173705
0.0660869
0
0
0.0199273
0
0.0537378
0
0.0111511
0.0456301
0.0574865
0
0.00677635
0.0456301
0.242671
0.00868073
0
0.0456301
0.242671
0.0112953
0.0161242
0
0.007799
0
0.0111511
0.0373271
0.0205924
0.242671
0.0112953
0.00746719
0.0161242
0
0.0153908
0
0.00726217
0
0
0
0
0.00756159
0.0373271
0.0407799
0.242671
0
0.00746719
0.0318486
0.00755868
0.0396529
0.0145285
0
0.0241441
0.00719262
0.0706992
0.0140834
0.0109506
0.019755
0.0171334
0.00666529
0.0275352
0
0
0.00709997
0.00721322
0.0516745
0
0.0103655
0.0394001
0.0471395
0.0318297
0.0297992
0.728585
0
0.00814635
0
0.00697722
0.0227342
0.0624978
0
0.0775304
0.0230073
0
0.0208698
0.0361147
0
0.0276276
0.196659
0.0423529
0.0306877
0.0677525
0.0432107
0.0133372
0.0342529
0.0280501
0.0355948
0.00948947
0.0367657
0
0.0294963
0.117299
0.0293298
0.041428
0.0708096
0.116929
0.0434915
0.112637
1.03027
0
0.0084797
0.0442192
0.00697722
0.0592099
0.0301012
0.00820037
0.103151
0.0159717
0
0.0318765
0.0505366
0.0147978
0.028113
0.593982
0.0412455
0.0837202
0.134241
0.0258538
0
0.0770184
0.0549574
0.111133
0
0.0366977
0.0148239
0.0281409
0.0508598
0
0.0300161
0.166642
0.0900402
0.0286507
0.0708224
0.98618
0
0.0084797
0.0219636
0.00697722
0.0524218
0
0.110995
0.0150153
0.00844036
0.0318765
0.0481773
0.00706102
0.00929748
0.614993
0.025675
0.0938407
0.108067
0.0858831
0
0.0707608
0.0542961
0.0745253
0.112642
0.0072483
0.0422468
0.0509405
0
0.0291826
0.185716
0.134803
0.0286507
0.0511902
1.00399
0.0163972
0.00817813
0.0219636
0.00697722
0.014804
0.0145866
0.0083843
0.0230387
0.00736202
0
0
0.173795
0.264624
0.0124735
0.0206969
0.246802
0.0933419
0.0274832
0.0426995
0.0637481
0.0255356
0.063565
0.0674963
0.0139689
0.00704516
0.0608859
0
0.0710702
0.1735
0.108499
0.0428826
0.0510781
1.00399
0.0322677
0.0453307
0.00697722
0.00746719
0
0.0149938
0.00736202
0
0.0128848
0.262151
0.068287
0
0.0626824
0.074929
0.0138824
0.0278402
0.0442408
0
0.00895896
0.0533764
0
0.00704516
0.049775
0
0.020006
0.140126
0.0977411
0.0286507
0
1.00399
0.0166007
0.0670684
0.0143848
0.00746719
0.0311554
0.0230978
0.0076709
0.00736202
0
0
0.101867
0.0404835
0
0.0786817
0.0904513
0
0.0210886
0.0357931
0.0110819
0.129015
0
0.0141378
0.0379707
0.0572617
0.0288659
0.132801
0.0981622
0
0.010718
1.0494
0.00834819
0.0888198
0.00746719
0.0160163
0.0396872
0.0153497
0
0
0.0167633
0.156277
0.0284112
0
0.0683372
0.0386208
0.00726016
0.0120369
0.00919843
0.135632
0.0213954
0
0.044013
0.00897371
0.16175
0.0966523
0.0291109
0.010511
0.986776
0.00834819
0.0438731
0.0154758
0
0
0.00997122
0.00827797
0.148187
0.0285374
0.0379925
0.0230785
0.0115012
0.0903129
0.00729999
0.0287116
0
0.0842754
0
0.153412
0.0707466
0.015272
0.0212765
0.425529
0.00834819
0.0543438
0.0154758
0.0079896
0
0
0
0.00827797
0.183735
0.0285374
0.0283813
0.0230785
0.0072333
0.00872144
0
0
0.0900893
0
0.0282738
0.0117614
0.142133
0
0.138486
0.0175784
0.0299767
0.0212765
0.370673
0.0162592
0.0216667
0.00707676
0.0149663
0.0154758
0.0079896
0
0
0.312001
0.0270459
0.0283813
0.00794665
0.0072333
0.017952
0.0117063
0
0.0666794
0.0282738
0
0.114772
0
0.0683841
0.00873543
0.0575749
0.010511
0.33687
0.0162592
0.0216667
0.0212751
0.00759287
0.0149663
0.0238473
0
0
0
0
0.385328
0.0270459
0.0192385
0
0
0
0.0593111
0.0139124
0
0.100457
0.0244618
0.00873543
0.0871959
0.010511
0.33687
0.0457747
0.0239677
0.0140376
0.0163009
0.00838776
0.00779891
0.00749939
0.251955
0.0192495
0.00777133
0
0
0.0294718
0.00689561
0.00665484
0.013662
0
0.0405977
0.0145037
0.0510218
0.035334
0.0449553
0.0239677
0.014337
0.00838776
0.00779891
0.00749939
0.0679642
0
0.01081
0.0168482
0.0449553
0.0239677
0.00707676
0.00779891
0.00749939
0.0234028
0
0.00820941
0.00749939
0.160084
0
0
0
0.0618624
0
0.00770954
0.02309
0
0.0199271
0.00832429
0.00693597
0.0441087
0.0218845
0.00816374
0.0068167
0.00782339
0
0
0.00982078
0.017473
0.00684125
0
0.0157313
0.0241116
0.0306866
0.0138535
0.24932
0
0.00832429
0.020638
0.00764634
0
0.0227942
0.00729838
0
0.013227
0.0068167
0.00884947
0.00782339
0.0269181
0
0
0.00921514
0
0.00802178
0.0063971
0.0118242
0.00941016
0.0309531
0
0.0138535
0.24932
0
0
0.00832429
0.0105489
0.00764634
0.0157682
0.0158546
0.0220941
0
0
0.0068167
0.00782339
0.0279349
0
0
0
0.0111585
0.00638359
0.0118242
0.0138261
0.0194337
0.0149806
0
0.0157374
0.24932
0.0384201
0.0160967
0.0110318
0.00726089
0.00764634
0.0308769
0.00748089
0.0223142
0
0.0100854
0.0122356
0.0139968
0
0.0143172
0.0200502
0.00894717
0.0124907
0.0076114
0.00849636
0.0111349
0.066548
0.00802178
0
0.00771948
0.0128914
0.0153018
0.0194337
0.0159587
0
0.0298066
0.239028
0.0357007
0.0660794
0.0156709
0
0.00726089
0
0.0605285
0.0223593
0.00725223
0.0299278
0.0512866
0.00696172
0
0.0153233
0.0388972
0
0.0352495
0.00719264
0.0362667
0.00849636
0.0229584
0.06112
0.00772291
0.0215125
0.0204843
0.0132005
0.0152597
0.0585549
0.0243059
0.00828798
0.131725
0.461636
0.0184935
0.0778446
0.00840313
0.0222432
0.021654
0.0484915
0.0232537
0.0306544
0.0297191
0.0421044
0.0636948
0.00777676
0.00873664
0.0233452
0.0146657
0.0206274
0.0396671
0.0343016
0.0401744
0.0652648
0.00849636
0.0257475
0.0421537
0
0.0364531
0.0422607
0.0384323
0.115052
0.0677061
0.0789322
0
0.115971
0.853652
0.0377545
0.0949807
0.0260927
0.0118903
0.00722016
0.0670025
0.0327027
0.00774269
0.0303937
0.0318985
0.0439608
0.0298756
0.0627465
0.0212018
0.0448092
0.00783758
0
0.0394395
0.0957186
0.0507855
0.0211102
0.0941854
0.0272265
0.0387366
0.0795485
0.0368023
0.0143811
0.0212655
0.0892941
0.101658
0.300273
0.0651294
0.0270715
0.119093
0.987307
0.0567637
0.0629622
0.0165128
0.0231976
0.0216272
0.102912
0.0796452
0.0156783
0.0723622
0.0305806
0.0367086
0.0305935
0.0860848
0.0224439
0.0531558
0.015405
0.0277525
0.0603654
0.128184
0
0.0139176
0.431236
0.04517
0.0371003
0.13353
0.0302626
0.0140793
0.021744
0.0743299
0.0586956
0.116206
0.0650799
0.0456078
0.0891985
1.0119
0.0958927
0.0467854
0.0573123
0.0231976
0.0358089
0.0799658
0.0505349
0.0486509
0.00824979
0.0146715
0.0842319
0.0474196
0.0150443
0.0443289
0.0149194
0.0147033
0.0804164
0.151912
0.00761839
0.0338286
0.634149
0.0461538
0.0245587
0.133833
0.00735913
0.021038
0.050879
0.175604
0.0588472
0.204709
0.0498023
0.0273746
0.181645
0.993671
0.130793
0
0.0573125
0.0238846
0.00722254
0.0216388
0.0829349
0.00759443
0.03946
0.00824979
0.0155682
0.117757
0.00758451
0.0369824
0.0150385
0
0.117576
0.24207
0.0089701
0.0130732
0.504924
0.0447085
0.0126131
0.137091
0.0157545
0.014916
0.00691202
0.113582
0.0871519
0.292348
0.0897271
0.00940605
0.088529
0.993671
0.0770457
0
0.0895364
0.0342611
0.00678289
0.0173648
0.0464267
0
0.00763813
0.0640787
0
0
0.0187406
0.00750645
0.0140089
0.0493162
0.135134
0.0089701
0.0133753
0.28948
0.0177436
0.0545327
0.0156171
0.0073059
0.042492
0.0514706
0
0.183669
0.042034
0.0094039
0.0456113
0.966005
0.0385972
0.0147536
0.032777
0.0238846
0
0.0144015
0.0291078
0.00780728
0
0.0251724
0
0.0184336
0.0155367
0
0.0103931
0.0791514
0.0089701
0.00638312
0.110631
0.00856453
0.0127924
0.0274732
0.00792892
0.0073059
0.0212327
0.0758525
0.0145068
0.175656
0.0409651
0.0299026
0.937571
0.0368929
0.0409729
0.0119943
0.016692
0.030289
0
0.0214007
0.0120171
0.00722314
0.0181512
0.00784344
0.0124014
0.0414245
0.0378197
0.00916339
0.0204407
0.103169
0.0246089
0.0436755
0.00792892
0.00701929
0.0351605
0.0358296
0.0876873
0.0155529
0.0454107
0.797892
0.0947479
0.03137
0
0.00706304
0.00851138
0.0103079
0.0113651
0.0606638
0.0392818
0.0200177
0.039891
0
0.0272249
0.195212
0.0362788
0.00677427
0.0138547
0.0246106
0.0557499
0.0155529
0.0159133
0.568279
0.0556448
0.0146659
0
0.0221854
0.00642838
0.00706304
0.0323316
0.00801362
0.0230408
0.0128504
0.0516761
0.0268804
0.0301316
0.0193459
0.034399
0.201807
0.0698772
0.00793909
0.0131392
0
0.0485655
0.044073
0.0481996
0.0232585
0.0159133
0.516095
0.0176622
0
0.00866846
0.0221854
0
0.0458995
0.00772523
0.00722648
0.00955114
0.0243619
0.0173306
0.00677507
0.0136764
0.0610923
0.0199524
0.00805241
0.0134094
0.313574
0.0122644
0.0952929
0.00793909
0.00699022
0.0734922
0.0306561
0.0837267
0.00858184
0.00824554
0.0740488
0.240307
0.0531295
0.0144201
0
0.0340488
0.00649051
0.00774901
0.0470897
0.00772523
0.00722648
0.0151172
0.0129968
0
0.0138161
0.0136764
0.0399333
0.0065154
0.397396
0.00881885
0.113734
0
0.0073764
0.0140867
0.0242339
0.0159387
0.114447
0
0.0591152
0.176682
0.0531295
0.017296
0.0164076
0.0234141
0.00774901
0.0323711
0.00778345
0.00722648
0
0.00769771
0.0114717
0.0244717
0.00949764
0.00677507
0.0404015
0.0394553
0.00924194
0
0.404289
0.0683852
0
0.013937
0.0120771
0.106133
0
0.0305956
0.12712
0.0707974
0.0321301
0.00774901
0
0.00722648
0.0143895
0.00769771
0.0114717
0.0122299
0.00799006
0.0136764
0.0194944
0.00889287
0.0134154
0.293287
0.045071
0.00711249
0
0.0592953
0.0636851
0.0373583
0.0168885
0
0
0.0238037
0.0505829
0.0177212
0.00793605
0.0543823
0.00954589
0.00711249
0.00964656
0.0203248
0.0373583
0.0168885
0.0105368
0.00691749
0
0.00754978
0
0.0404364
0.00910839
0.00954589
0.0117042
0.0203248
0.0557118
0.165788
0.0106694
0.165788
0.165788
0
0.0418623
0
0.0112653
0.0104706
0
0.016664
0
0
0.0112653
0.0161639
0.00652491
0
0.0203906
0
0.00991271
0
0
0
0.126828
0
0.00928067
0.00983623
0
0.0208177
0.00886973
0.00652491
0
0
0.00991997
0.0148656
0
0.0148122
0.0165483
0.0217352
0.364561
0
0.00936143
0.0100761
0
0
0
0.0161203
0
0.0076106
0.00797904
0.0154651
0.00991997
0.0295891
0.0142925
0
0.0137758
0
0.00714886
0.0410593
0.0111932
0.0123946
0.594334
0
0.00936143
0.0119071
0
0
0
0
0
0.0326027
0.0076106
0
0.00793975
0.0156864
0
0.0194203
0.0171177
0
0.0430677
0
0.0107924
0.0272949
0.0119909
0.0149915
0.0148122
0
0.0152248
0.0811069
0.0125179
0
0.778565
0.0158371
0.0284978
0.0119071
0
0.0100301
0.0112164
0.0218575
0.0076106
0
0.00793975
0.00847289
0
0
0.0716608
0.0171177
0
0.0281735
0.0107924
0.13241
0.00731286
0
0
0.0154171
0.155448
0.0125179
0
1.01763
0.00959071
0.0158371
0.0187809
0.0119071
0
0.0116205
0.0211892
0
0
0.00793975
0.0157831
0.0110258
0
0.124422
0.0171177
0
0.0148656
0.0107924
0.195131
0.0291311
0.0334176
0
0.0398899
0.283063
0
0
1.00343
0.0158371
0.0187809
0
0.00983052
0.0116205
0
0.011048
0.0164013
0.00790189
0.0239176
0
0
0.0837147
0.0171177
0.0148656
0.0107924
0.117371
0.0147252
0.0168524
0.00871573
0.0163969
0.136244
0
0.98206
0
0
0
0.0116205
0.011048
0.0164013
0.0148471
0.0321135
0.0115133
0.0730491
0.0145994
0.0107924
0.102259
0
0.0435955
0.094055
0.0129408
0.94601
0
0
0.00875815
0.0116205
0.0210354
0.162293
0.0403053
0
0.0134311
0.0219733
0.209746
0
0
0.0529039
0.0106426
0.518177
0.0171213
0.00875815
0.00999358
0.655287
0
0.0145451
0.00997681
0
0
0
0
0.0291715
0.0108861
0.376296
0.0180496
0
0.0101234
0.880852
0
0
0
0.0581429
0.00929147
0
0.0146888
0
0.858625
0
0.0296224
0.00929147
0.858625
0
0
0.0149169
0.85124
0.00842011
0.0159002
0.0146331
0.00716211
0.873731
0.0107674
0.061361
0.0477354
0.0151027
0
0.0286046
0.0071456
0.0234493
0.0121427
0.00753719
0.0296389
0.00840293
0.0159002
0.0177218
0.0101624
0.00953878
0.0214849
0.736002
0.0111512
0.0136919
0.0465158
0.0381912
0.0451792
0.026514
0
0.0299924
0.055824
0.011352
0.0208676
0
0.0230994
0.00988794
0.0230187
0.00848327
0.0291654
0.0320213
0.0918929
0.0205293
0
0.029093
0.00754415
0.0204577
0.0207505
0.00679317
0.53036
0
0.0137606
0.0299477
0.0186309
0.0312781
0.0731336
0
0.0585373
0.0681822
0
0.0115645
0.0468714
0.0148394
0
0.0775623
0.162739
0.053721
0.0185171
0.0449441
0.00846028
0.0112973
0.0159002
0.0910604
0.0420391
0.0407227
0.0293897
0.00755149
0.0204577
0.0199764
0.00704591
0.207221
0.0111935
0.006897
0.118193
0.0101708
0.0486981
0.046441
0.0135437
0.0178357
0.117115
0.0705038
0.0133601
0.0215066
0.0615259
0.0148394
0.00925554
0.112681
0.00961618
0.314171
0.037948
0.0601073
0.0258472
0.0107777
0.0179265
0.0655638
0.070139
0.00967598
0.0147808
0.01656
0.0568569
0.0199273
0
0.480168
0.0110733
0.0142383
0.0891477
0.0305378
0.0812091
0.0283583
0.054945
0.0379307
0.144025
0.142088
0.0430956
0.0226535
0.0410948
0.062236
0.0355644
0.147762
0.0194922
0.0112137
0.550466
0.023279
0.0614006
0.00865868
0.0228587
0.0160866
0.0843917
0.0195369
0.0106854
0.0155227
0.00769792
0.0205624
0.0202552
0.00785111
0.548328
0.033316
0.00732437
0.134847
0.0402456
0.032365
0.0450995
0.0419619
0.0393615
0.154363
0.101423
0.0439077
0.0225931
0.0136401
0.0306006
0.0266272
0.143887
0.0223045
0.0335662
0.412653
0.0153315
0.00959156
0.0945809
0.0107777
0.0284484
0
0.0290219
0.0203424
0.045875
0.0207312
0.0108042
0.00810541
0.349423
0.0654183
0.199771
0.0415798
0
0.0277368
0.0696164
0.0215257
0.051747
0.0717168
0.0565315
0
0.0212901
0.0158524
0.0187626
0.164772
0.0111442
0.0112137
0.317625
0.0153315
0.0187993
0.0778759
0.00899823
0.0107777
0
0.0190257
0.00982108
0.0207473
0.0300964
0.00837003
0.0277886
0.0108042
0.00810541
0.287334
0.0332893
0.201434
0.0415987
0.0156452
0.0193092
0.0559953
0.0215257
0.0420438
0.0433402
0.0702834
0
0
0.0158524
0
0.180788
0.0106711
0.0127304
0.238926
0.0235256
0.0187581
0.0323027
0.00847925
0.0503417
0.0279741
0
0.030483
0.0100122
0.0162182
0
0
0.0203691
0.00810541
0.142006
0.0538652
0
0.217927
0.020868
0
0.0193092
0.0849342
0.0324891
0.0284806
0.0839494
0
0.0168464
0.0178783
0.104587
0.423286
0.0387486
0.0473078
0
0.0151319
0.00894837
0.0407533
0.0100122
0.00841816
0
0.0116066
0
0.0560906
0.0222768
0.0319154
0.0385179
0.0144573
0.00984168
0.0140335
0.0198864
0.0110485
0.0301302
0.0287758
0.0226075
0.00716086
0.0160147
0.046196
0.102398
0.0112253
0.0117934
0.310217
0.0454475
0
0.0175943
0
0.0197966
0.0114577
0
0
0.00686935
0.0166568
0.0116677
0.0318117
0.0305491
0.00937758
0.0140335
0.0767549
0.0141795
0.0281493
0.04642
0.00743973
0.0951038
0.00960215
0.0244106
0
0
0.110317
0
0.0621192
0.0179295
0.0100445
0.0104871
0
0.00769661
0.0075483
0
0.0159177
0.0101524
0
0
0.0198864
0.0395887
0
0.0139259
0.0245513
0.00743973
0
0.00893719
0
0.0107014
0.011071
0.106349
0.0083026
0
0.031301
0
0
0.0100445
0.0104871
0.01038
0.0146147
0.0220145
0
0
0.00778292
0.0624782
0.0207571
0
0
0.0144291
0.0199575
0.0105617
0
0.0362797
0.0212313
0
0.0173159
0.0746974
0
0
0.300956
0.0235494
0.018144
0.0309001
0
0.0115319
0
0.0191695
0.032544
0.0104871
0.0312799
0
0.029658
0.0115802
0.00732904
0
0.0115668
0.00778292
0.109813
0.0101524
0
0.00942463
0
0
0.0421823
0.029268
0.0469741
0.0072732
0
0.0272311
0.129789
0.0106048
0
0.795621
0.0237882
0.0271408
0.0329587
0.00909979
0.0114087
0.0164429
0.0662533
0.0112826
0
0.0114317
0.0171489
0.0294417
0
0.00814426
0.00797762
0.0138319
0.188696
0.0101524
0
0.0191875
0.0425072
0.0209824
0.0942376
0
0.0477359
0.0144342
0
0.0287593
0.187835
0.0100537
0.0117096
1.01095
0.0473249
0.0183481
0.0788617
0
0.0229405
0.0161627
0.0761978
0.0104146
0.0100386
0
0.00790484
0.0371359
0.0237305
0.0109861
0.0283788
0.218169
0.0201798
0
0.0287293
0.0425072
0.0209824
0.188927
0
0.01458
0
0.0296516
0
0.0470722
0.252103
0.0117096
1.00153
0.0322084
0
0.125872
0.00868454
0.0115319
0.0675936
0.0275721
0
0.0105389
0.0107165
0.014287
0.0236168
0.00845338
0.0115072
0
0.200308
0.0101524
0.0280689
0.0142618
0.0410127
0.199782
0.0457077
0
0.0293214
0.0150881
0.0642094
0.227193
0.0110965
0.0117096
1
0.0314099
0.00915554
0.094579
0.0173111
0
0.034801
0.0193056
0.0105389
0
0.0149497
0.0232692
0.0228699
0.0103354
0.0143082
0.18287
0.0205234
0.0168489
0.0562973
0.0142618
0.0413626
0.155759
0.0299997
0.0364213
0.0363241
0.0160892
0.127278
0.172708
0.0102413
0.0109726
0.925742
0.0234876
0.017099
0.0446891
0.00889243
0.0165335
0
0.0101651
0.00956922
0.00824619
0.00745602
0.0111278
0.0676386
0.0081755
0.0104923
0.0142104
0.134227
0.050319
0.0320697
0.129152
0.0131634
0
0.0800526
0.0147174
0.0354211
0.0337087
0.0305024
0.112575
0.0891996
0.0102172
0.0351002
0.54455
0.00715179
0.00865056
0
0
0.0328254
0.0086919
0
0.00933733
0.0101834
0.0158113
0.0401142
0.00745602
0.0111278
0.0294796
0.0163569
0
0.0370707
0.124027
0.0288582
0.0930656
0.282205
0.0137708
0.0368768
0.118098
0.0146953
0
0.0439336
0.034259
0.0306095
0.0356247
0.062817
0
0
0.406701
0
0.00865056
0.031941
0.0109467
0.0172046
0
0.00953559
0.0308954
0.0639702
0.00745602
0.0111278
0.0359273
0
0
0.0353208
0.0156125
0
0.0152195
0.290499
0.0401123
0.0806375
0.0145336
0
0.0435541
0.0279084
0.0145203
0.0536033
0.0541053
0.0102782
0.0219801
0.317656
0
0.0319544
0.00925089
0.0166148
0.00978091
0.0105131
0.016014
0.0110642
0.0078162
0.00733065
0
0.0210122
0.0160106
0.111486
0.0585563
0.0598177
0
0.013359
0.0662504
0.00696664
0.0295352
0.0437271
0.0308697
0.00967532
0.0218482
0.0833186
0
0.00924398
0.0446881
0.00930878
0.00782372
0.0071615
0.00710161
0.0157375
0.0165964
0.0278352
0
0.0206658
0.0302372
0.00696664
0.0295352
0.0173151
0.00967532
0.0119279
0.0226394
0
0.0130956
0.00666842
0.057916
0.0130956
0.0063463
0.00666842
0.0440925
0.0130956
0.0063463
0.0133282
0.029556
0.00892298
0.0130956
0.0063463
0.00665977
0.029556
0.00892298
0.0297368
0.0130956
0.00890344
0.0063463
0.0592233
0.029556
0.00963683
0.00892298
0.0130956
0.00890344
0.0063463
0.0186996
0.0831554
0.221383
0.00892298
0.600035
0.0241507
0
0.0420809
0.00890344
0.0196819
0.0920751
0.19286
0.580198
0
0.00892298
0.00719389
0.860148
0.0746594
0.0873772
0.0404147
0.00890344
0.0196819
0.236582
0.390255
0.906499
0.00806071
0.00952451
0
0.00892298
0.0103219
0.991238
0.1955
0.205009
0
0.00890344
0.0400771
0
0.308196
0.568354
0.995668
0.0159058
0.00952451
0
0
0.0192059
1.03921
0.0785984
0.2425
0.133488
0
0.01835
0.0731911
0.0129245
0
0.4929
0.568354
0.80534
0.0563166
0.00952451
0
0.0208059
0.0103219
1.0053
0.0292585
0.271211
0.230025
0
0.0183616
0.132862
0.0705277
0.593739
0.568354
0.611765
0.0563166
0.00966102
0.0103219
0.997858
0.0292585
0.249944
0.162693
0
0.00944659
0.0884044
0
0.325146
0.552313
0.489485
0.0563166
0.00966102
0.734548
0.0292585
0.0502391
0.0947989
0.00878229
0.0135576
0.137509
0.552313
0.434634
0.0644617
0.63718
0.0394429
0.012643
0.117622
0.00878229
0.00650726
0.0576984
0.536132
0.354119
0.105038
0.276835
0.0360628
0.0556958
0.00658284
0.0576984
0.585063
0.211838
0.0121119
0.413364
0.0430016
0.11148
0.0310492
0.0310492
0.0310492
0.0310492
0.0310492
0.0216717
0.0694612
0.0172776
0.0313638
0.022587
0.285776
0.0833787
0.00856847
0.0182504
0.38881
0.00823877
0.015461
0.0620358
0.0825543
0.623375
0.100445
0.646792
0.0410629
0.0063813
0.00667697
0.015461
0.136922
0.0112127
0.828585
0.0873914
0.0258232
0.011422
0.939936
0.0139571
0.0255537
0.00642317
0.015461
0.172215
0.0721343
0.0125414
1.00164
0.00924081
0.0891972
0.0142266
0.0533705
0.011422
0.729409
0.00823877
0.015461
0.212477
0.0735343
0.9898
0.110557
0.0311273
0.0632068
0.011422
0.593846
0.0123173
0.015461
0.165009
0.0873539
0.994927
0.214769
0.0752374
0.0794293
0.011422
0.250197
0.113962
0.0393251
0.75574
0.145896
0.0169007
0.0705916
0.0172638
0.011422
0.191989
0.0272217
0.0129576
0.495348
0.0380201
0
0
0.177343
0.0136166
0
0.0601298
0.0735758
0.0070041
0.0136267
0.0102382
0
0.00727135
0.0084291
0.0178593
0.00722711
0.0121834
0.0388608
0.0184049
0.01425
0
0.015841
0.0106156
0.0070041
0.0129026
0
0.0271887
0.0075775
0.0100415
0.0143205
0.0209797
0
0.0220859
0
0.00742661
0.0239581
0.0339529
0.0151107
0
0.0146734
0.0267318
0.0534393
0
0.0256665
0.030864
0.0134791
0.015841
0
0.00699078
0.0374385
0.0528913
0.0234153
0.0488275
0.00764445
0.0137914
0.0102023
0
0.0213331
0.125822
0.0110555
0
0.01245
0.0176191
0.0212187
0.0169135
0.0199638
0.0171619
0.0484722
0.0106011
0.0133239
0.07462
0.0392688
0.00991546
0.014039
0.0738048
0.0102689
0.218925
0.0134791
0.0430732
0.0197585
0
0.00699078
0.0596109
0.0524554
0.0234153
0.0763548
0.0421727
0.0209662
0.0339552
0.0271397
0.0421225
0.485326
0.055522
0.0100112
0.0954761
0.0688395
0.00961495
0.035007
0.0238497
0
0.01636
0.0667099
0.0105582
0.012735
0.082487
0.0261413
0.01128
0.0542961
0.104709
0.0258171
0.0285153
0.46976
0.012755
0.133758
0.0293123
0.00741595
0.0283874
0.0343739
0.0517573
0.0221759
0.0839966
0.0263966
0.00672486
0.0110517
0.0174499
0.078768
0.825237
0.0673396
0.0378201
0.135578
0.125918
0.00824819
0.0200655
0.0311573
0.0184944
0.0489264
0.144842
0.0109125
0.027705
0.0615032
0.0412684
0.0310839
0.120106
0.0535575
0.0166283
0.0396333
0.358274
0.011886
0.11874
0.0485922
0.0380535
0.0142848
0.0460998
0.0443474
0.0290987
0.0834323
0.0434953
0.0437553
0.0110517
0.0338684
0.0565551
0.865737
0.0658544
0.082765
0.1155
0.124939
0.00957453
0.034119
0.0155349
0.00948794
0.10956
0.193271
0.0421242
0.0132943
0.101363
0.02596
0.0425912
0.172075
0.0722491
0.00846375
0.0498845
0.180711
0.0135121
0.0765244
0.0683464
0.0315013
0.0220007
0.0351847
0.0363581
0.0139487
0.0831389
0.0253553
0.079603
0.0343139
0.0338399
0.131325
1.03044
0.0103299
0.0379586
0.167941
0.182278
0.0176262
0.0556891
0.0163954
0.00948794
0.102879
0.292533
0.0518942
0.0939345
0.0981665
0.0130046
0.0413389
0.135694
0.0536687
0.0339423
0.0791997
0.181085
0.0653659
0.131791
0.00963349
0.0155268
0.014205
0.0374295
0.0208302
0.0143387
0.0833226
0.0166241
0.143249
0.0464319
0.0491623
0.090371
0.993461
0.0319
0.0555059
0.149015
0.254936
0.0178174
0.098294
0.0308563
0.0187929
0.0506602
0.343999
0.0312967
0.081521
0.136708
0
0.0312306
0.128552
0.089913
0.0179546
0.108735
0.182565
0.0390361
0.102424
0.0300138
0
0.0226025
0.0356349
0.0291229
0.0522131
0.0709009
0.0235019
0.0719904
0.0557259
0.00822454
0.0537247
1.003
0.0205197
0.0376518
0.494707
0.26791
0
0.170091
0.0308668
0
0.0594161
0.342274
0.0221403
0.0140287
0.0979585
0.0140102
0.0317947
0.242323
0.0887568
0
0.0807756
0.0615057
0.0243353
0.0719467
0
0.0154238
0.0295036
0.0718145
0.0149874
0.0543074
0.0631238
0
0.0289096
0.0645673
0.0270534
0.0438489
1.01649
0.0539516
0.0275455
0.441691
0.219136
0
0.0955217
0.0233311
0
0.026605
0.245396
0.0425151
0.0531933
0
0
0.236756
0.0170528
0.00870122
0.0616565
0.092852
0.0124417
0.12835
0.010264
0.00809764
0.0288771
0.0118861
0.00722616
0.0456758
0.111639
0
0.0210568
0.0672858
0.00882878
0.0442302
0.899683
0.0111906
0.0280872
0.231899
0.0907101
0.0260016
0.119757
0.02278
0.00984622
0.00908142
0.225108
0.0215684
0.0132088
0.0369227
0.0127456
0.0211545
0.185052
0.0174922
0
0.0497488
0.0332381
0.0366724
0.0282165
0
0.00730135
0.0113768
0
0.0297044
0.0131711
0
0.0215248
0.0434422
0.0179389
0.0198748
0.434212
0.0332118
0.0371681
0.1111
0.0116074
0
0.042948
0.00832574
0.00920519
0.0493216
0.0489484
0.0205507
0.0254199
0.0149029
0.0654586
0.0423637
0.117934
0
0
0.390101
0.014405
0.0120879
0.0275966
0.0099782
0.0223296
0.0151336
0.00625287
0.0271552
0.0109026
0.009826
0.366793
0.0111599
0.0092106
0.0376318
0.0113163
0.00812922
0
0.0811275
0.065897
0.0309265
0.0670633
0.0436186
0.089762
0.0260247
0.36727
0.0438839
0.0137851
0.0225692
0.00759302
0.0132081
0.0135418
0.009826
0.0993332
0.0092106
0.0734482
0.0323255
0.00938081
0.0983041
0.0164783
0.00996823
0
0.00738695
0
0.0216172
0.0262573
0.0263049
0.242224
0.015642
0.014114
0.0135864
0.00625287
0.00714786
0.0144741
0.0109221
0.00649982
0.00938081
0
0.0211422
0.0165371
0.00884167
0.106165
0.00816113
0.0102087
0.0258905
0.0431002
0.0117955
0.0151169
0.00934547
0
0.00724649
0.0104082
0
0
0.0193552
0.00747469
0.0241933
0.0102226
0.0385319
0.270961
0.0284284
0.0286214
0
0.00752878
0.00639446
0
0.015332
0.00968611
0.0556308
0
0.041192
0.00985571
0.0543059
0.0163702
0.0251238
0.0223221
0.0126716
0.043074
0.0373499
0.00943612
0.223763
0
0.0595396
0.0215484
0.00724384
0.0118019
0.0141574
0.00679064
0
0.00639446
0.010956
0.00882199
0.0110063
0.015332
0.00918376
0.110323
0.00906162
0.352233
0
0.110457
0.0496818
0
0.0664047
0.0596626
0.0126716
0.0209027
0.0650899
0.016229
0.0182782
0.522967
0.0250715
0.0866268
0.014602
0
0.0685122
0.0213919
0.0283835
0
0.0127757
0
0
0.0110063
0.0453661
0
0.163806
0.0110569
0.0176533
0.529714
0.0101939
0.0855909
0.0465813
0.0101221
0.0696919
0.0607196
0.0250821
0.0418485
0.339347
0.0358707
0.0449412
0.391682
0.0170739
0.0494231
0.0859759
0.0100201
0.00827541
0.00708978
0.0340973
0.00738215
0.0216657
0.00671117
0
0.049204
0.0111562
0
0
0.0295239
0.164865
0.0353182
0.00859166
0.544718
0.0143457
0.0413258
0.101735
0.0816388
0.0203195
0.0130317
0.0216671
0.080321
0.0617984
0.410976
0.0336307
0.0174842
0.208844
0.0821612
0.0130324
0.100596
0
0.00708978
0.0581609
0.0221935
0.0217338
0.0207387
0
0.0435302
0.043021
0.00943461
0
0.057556
0.108584
0.0341751
0
0.651056
0.0307594
0.0198486
0.0503251
0.0320575
0.0203195
0
0.0214811
0.0912908
0.0432951
0.397435
0.0345395
0.128749
0.143111
0.0257877
0.0547505
0.0287958
0
0.00767091
0.0594859
0.00738215
0.0227861
0.019667
0
0.0146967
0.0411453
0.00943461
0.0347059
0.0304143
0.0107294
0.0186471
0.0914868
0.0341751
0.669994
0.0309795
0.00965472
0.0345554
0.0320575
0.0315071
0
0.00716893
0.0516403
0.0424564
0.451022
0.0507576
0.0257875
0.0906945
0.127615
0.0279814
0
0.0153671
0.0226287
0.0356181
0.015364
0.0385901
0.0327923
0
0
0.0211304
0.0216523
0.0270373
0.022245
0.00989342
0.0178806
0.0241831
0.00890884
0.636415
0.0234897
0.0191363
0.00887553
0.0474241
0.0310539
0.0125657
0.0591159
0.0126475
0.0545
0.0935497
0.0497996
0.0352995
0.0293883
0.174642
0.0132667
0.00833264
0.0219517
0.0149142
0.00809367
0.00623004
0
0
0.0216523
0.057663
0.0207108
0.018423
0.0364479
0.0451143
0.00913688
0.601526
0.0229383
0.00965472
0.0251702
0.0177543
0.0209318
0.0258874
0.023531
0.0386275
0.0741209
0.0132361
0.0175875
0.0273202
0.0191891
0.0981741
0.0138962
0.0132667
0.00976263
0
0.00688787
0
0.0216523
0.0278414
0.00995488
0.0185541
0
0.478328
0.00739087
0.0441096
0.0130259
0
0.0145682
0.0440683
0
0.0343442
0.00807428
0.0334944
0.0138962
0.00976263
0
0.00997079
0.0144236
0.00995488
0.0101012
0.0185541
0
0.0934746
0.0087408
0.0144726
0.0343442
0.0165554
0
0.00789853
0.0133487
0.0187123
