0.0124838
0.174224
0.769111
0.813293
0.348943
0.436351
0.115745
0.0134489
0.0089372
0.0165524
0.0111689
0.0267695
0.009048
0.0110042
0.0190985
0.0130157
0.444847
0.0134489
0.00916013
0.0089372
0.0116819
0.0158529
0
0.0111689
0.0748124
0.00717696
0.0066417
0.0705632
0.0301824
0.034716
0
0.0190985
0
0
0.164348
0.0364164
0.0090247
0.625926
0.0267833
0.00916013
0.00712021
0.0107337
0.077464
0.0116819
0.0158529
0.0111689
0.151305
0.0399057
0.00668422
0.0066417
0.109633
0.0728584
0.00815975
0.0591501
0
0
0
0
0.166062
0.0635108
0.00929133
0.736475
0.0264309
0.00712021
0.00681019
0.0107337
0.0949181
0.0158529
0.0111689
0.151305
0.0137365
0.00668422
0.0206998
0.177588
0.0580889
0.00872734
0.120122
0
0
0.0697839
0.0124868
0.415029
0.0120984
0.00931635
0.386046
0.0243361
0.0252431
0.0283582
0.0206516
0.0134507
0.0206448
0.10376
0.0158529
0.0111689
0.475685
0.0673013
0.00668422
0.00740548
0.0670484
0.0713351
0.0338452
0.0073705
0.00865552
0.0358897
0.0206856
0.0120513
0.123432
0.0134199
0.00794464
0.0269248
0.157071
0.0243361
0.091334
0.01317
0.0207361
0.0203788
0.0099111
0.0446214
0.0105933
0.0146942
0.0153699
0.492825
0.040432
0.00668422
0.037215
0.0541124
0.0277177
0.0171027
0.0073705
0
0.0358897
0.0156119
0.0185108
0.0163989
0.0357518
0.0541408
0.013585
0.0166831
0.036114
0.157071
0.0403354
0.115748
0.00947586
0.0135686
0.0349307
0.0119927
0.0146942
0.0157934
0.248021
0.0135388
0.0147854
0.04192
0.0294231
0
0.00837535
0.0147824
0.0352386
0.0163989
0.0120116
0.0444806
0.013585
0.00873846
0.0365555
0.105016
0.0563888
0.116701
0.00947586
0.0261072
0.0336731
0.00734852
0.0141288
0.0188981
0.00859246
0
0.0400486
0.116701
0.0514996
0.0336731
0.00659882
0.0081606
0.266848
0.0468353
0.258156
0.00678521
0.0565354
0.0185193
0.217909
0.00678521
0.0147298
0.0632502
0.055222
0.210406
0.00678521
0.0147298
0.053554
0.0747471
0.177482
0.0147298
0.0972958
0.0832121
0.130237
0.008393
0.151726
0.0914916
0.0902078
0.0071476
0.00779361
0.160458
0.12671
0.0624049
0.0293987
0.00952128
0.0819681
0.213561
0.0213697
0.0224908
0.00952128
0.0471709
0.310862
0.0146582
0.00783495
0.0137012
0.0387123
0.261215
0
0
0.0233345
0.0137012
0.0292952
0.460252
0.0127129
0
0
0.0196817
0.584477
0
0.0196817
0
0.222535
0
0.0196817
0
0.355611
0.0422719
0.00837361
0.0185003
0.0196817
0.181974
0.0840526
0.00832051
0.00671328
0.223839
0.00838627
0.0722734
0.0254323
0.0125483
0.00728263
0.0144919
0
0.0150507
0.0157797
0.021892
0.00701704
0.0125936
0.0067295
0.00698293
0.0126704
0.0599561
0.117555
0.017817
0.00750931
0.0185827
0.049462
0.0173967
0
0.357093
0.0254323
0.0498619
0.0141945
0.00744732
0.0855364
0.00788187
0.0223048
0
0.0178668
0.0332617
0.0328831
0.00701704
0.0127137
0.0153642
0.00789325
0.116931
0.133942
0.00782621
0.0373226
0.0432953
0.0148137
0.0185827
0.0366979
0.0515908
0.584843
0.0249433
0.0498619
0.0148351
0.00691186
0.00744732
0.0956009
0.00931883
0.0223048
0.0332721
0.0491891
0.0227105
0.0223767
0.0287522
0.116931
0.177997
0.00782621
0.0734896
0.0432953
0.00697772
0.160481
0.133353
0.713971
0.0385737
0.0249433
0.0117379
0.0285599
0.00980197
0.00863767
0.0402359
0.0149595
0.063565
0.00931883
0.0223048
0.0352192
0.0332617
0.0227105
0.0291452
0.0442385
0.116931
0.568902
0
0.10073
0.0159962
0.0272806
0
0
0.242199
0.0525072
0.00796738
0.318458
0.165538
0.0337641
0.0285599
0.0202545
0.0469262
0.00744732
0.063565
0.00931883
0.0328889
0
0.0352192
0.033602
0.011784
0.00746478
0.0498382
0.0353481
0.0606583
0.962357
0.00853982
0.0353522
0.0135989
0.0193766
0.157069
0.0171597
0.0119126
0.0161036
0.198826
0.219104
0.0583205
0.0285599
0.0210342
0.0534987
0.0150595
0.0427652
0.00931883
0
0.0506638
0.011784
0.00731378
0.0139545
0.0219285
0.00675556
0.0902702
0.982928
0.00909157
0.00853982
0.0191509
0
0.0143642
0.0827567
0.0171597
0.049019
0
0.190271
0.204775
0.0586456
0.0273237
0.0105817
0.00929473
0.00657249
0.0423247
0.0318961
0.0160792
0.0352192
0.011784
0.00634824
0.0286904
0.00675556
0.0148371
0.0456228
0.655817
0.00909157
0.00853982
0.00950701
0.11409
0.0707375
0.0119126
0.0157125
0.143864
0.12847
0.0586456
0.0412548
0.0200722
0.0419552
0.0100106
0.0160792
0.033494
0.011784
0.0145622
0.293326
0.00909157
0.00950701
0.00689435
0.0386384
0.0354284
0.00879026
0.0119048
0.023518
0.0736269
0.0642132
0.0500494
0.0412548
0.0148536
0.0173524
0.0115222
0
0.257225
0.00830447
0.00750762
0.360565
0.0116624
0.00830447
0
0.0142495
0.594287
0.00830447
0
0.01048
0.0211752
0.0299379
0.0160793
0.65397
0.00706651
0.0134573
0.00830447
0
0.0142495
0.0161115
0.00930979
0.0100344
0.0236547
0.0103618
0.616506
0.0180021
0.0145912
0.00803614
0.0119085
0.00980424
0
0
0.00674184
0.0136275
0.00756968
0.0187915
0.0559266
0
0.541212
0.0155916
0.0125896
0.0160261
0
0
0.0119992
0.0131325
0.0081054
0.0204109
0.0156294
0.0187915
0
0.0559266
0
0.541212
0
0
0.0251759
0.0154574
0
0.00786999
0.00788969
0.0131466
0.0119992
0.00729174
0.00902606
0.0135675
0.0156294
0.00930979
0.0206083
0.0559266
0
0.527103
0
0
0.00700167
0.00841025
0.0257861
0.0154574
0.00995352
0
0
0.00804428
0
0.0107548
0.0132666
0.0119992
0.00729174
0.00902606
0.0135675
0.0233866
0.0107827
0.0559266
0.575956
0
0.00814761
0.00707994
0
0.0257861
0.0152494
0
0.0251778
0.00980173
0.0449042
0
0.0283927
0.0137076
0.00756968
0.0107827
0.0720519
0
0.69746
0.0154005
0
0.0160488
0.00731009
0.014957
0.00876397
0.0131965
0.0113107
0
0
0.00752209
0.0156158
0.0252485
0.011155
0.098962
0
0
0
0.0635166
0.016929
0.00678341
0
0.0586959
0.055661
0
0.010432
1.00085
0.00804786
0.0253499
0.0236703
0
0.00876397
0
0
0.0235055
0.0252485
0.011155
0.0764533
0
0
0.0276992
0.013416
0.00764061
0
0.0192604
0.0479181
0
0
0.981266
0
0.01283
0.0230661
0.0161027
0
0.00876397
0
0
0.00807517
0.00842531
0
0.0331188
0.00837769
0.0109987
0
0.0143396
0.00819816
0.0132236
0
0
0.00963673
0.0318192
0
0.888607
0
0
0.0374914
0
0
0.0235093
0
0.0430554
0.0136852
0.0214344
0.0104978
0.0822086
0.00663261
0.00974982
0
0
0.778839
0.0125979
0.0677685
0
0.0143041
0.00800664
0.0118779
0.140268
0.00861321
0.0202959
0.0322121
0.0432451
0.00974528
0.0561346
0
0.0194779
0.00754771
0.00915098
0.055623
0.465511
0.0127824
0.0225347
0.00708777
0.0279451
0.0655684
0
0.0288568
0.190951
0.02468
0.0440426
0.00858031
0.054094
0.0629953
0.0329773
0
0
0.0576042
0.0633167
0.0142404
0.0204331
0.666579
0.0245618
0.0375421
0.042458
0.0572556
0
0.0287783
0.0934448
0.0167551
0.0109441
0
0.0548869
0
0.0324506
0.0121236
0.0493716
0.0325298
0.00775624
0.00982765
0.0672331
0.0398127
0.010628
0.390968
0.0127484
0.00757753
0.0170671
0.0147526
0.00876803
0.011435
0
0.0427044
0.0236355
0.00792492
0.0215523
0.00821926
0.0109153
0.012457
0.0350651
0.00758805
0.00650414
0.0286059
0.00824874
0.050847
0
0.00777426
0.0170671
0.0435135
0
0.0126517
0.014933
0.00824124
0.0464705
0.00790292
0.0102605
0.0326113
0
0
0.0143372
0.0168074
0.00824551
0.00648129
0.00941207
0.0297113
0.00757263
0.0131507
0.0170671
0.0275239
0
0.0138937
0.0236817
0.0297251
0.0308693
0.0112603
0.0305048
0
0.0217529
0
0.0105585
0.0217752
0
0.00757598
0.0128396
0.0389417
0.00791558
0.0144567
0.0102857
0.0257032
0.00757263
0.0376578
0
0.0170671
0.0418598
0.0138937
0.0116186
0.0147921
0.0551768
0
0.0112603
0.0717461
0.0113933
0
0.011339
0
0.0285397
0
0.00757598
0.0125538
0.00992902
0.0379232
0.0155066
0.0144567
0.0208048
0.00757263
0.0514569
0.0694714
0.0138937
0.0457245
0.0100838
0.0436481
0
0.117845
0.0713455
0
0.0138608
0.0165115
0.0107646
0.0212975
0.0447655
0
0.00992902
0.0477245
0.00791558
0
0.0409782
0
0
0.0144791
0.0427042
0.00876069
0.0920383
0.0226196
0.0164578
0.0100838
0.0719249
0.133113
0.0238436
0.0111231
0.0814146
0.0271398
0.00823901
0.0328773
0.0312176
0.0343453
0.00799718
0.0450632
0.0385934
0.151333
0.00772215
0.0144634
0.257431
0.0369848
0.0154241
0.0280597
0
0.0521462
0.0229105
0.101493
0.00800893
0.109677
0.00802316
0.0222137
0.154024
0
0.00823901
0
0.0117364
0.0312176
0.0282402
0.00767162
0.0397412
0.0474203
0.162559
0.0287875
0.358181
0.0125326
0.0132481
0
0.00736244
0.0268828
0.0411822
0.0438904
0.0312207
0
0.0225547
0.0304469
0.0209773
0
0.0719128
0.0144498
0.00814669
0.00826399
0.0330314
0.00732346
0.0374256
0.0474312
0
0.283367
0.0127301
0.0132481
0.0127696
0.0108625
0
0.00812543
0.00779273
0.0106798
0.0105312
0.0106
0.0159168
0.00732346
0.0287755
0.0191767
0.110665
0.0128372
0
0.0114064
0.0106687
0.166251
0.0162964
0
0
0
0.0114064
0.0106687
0.00966221
0.144046
0.0162964
0
0
0
0.0114064
0.0129656
0
0.0148967
0.144046
0.0162964
0.0291411
0
0
0
0.0114064
0.0138212
0
0
0
0
0.00796187
0.0205286
0.00998861
0
0.155549
0
0.0323902
0.0144061
0
0.011195
0.0167548
0.00924074
0
0.0330579
0.0138212
0.00904192
0.0128952
0.0212431
0.00882688
0.00796187
0.030797
0.00998861
0.00862551
0.0486351
0.173779
0.0258023
0.0182969
0
0.0474228
0.0183644
0.0134296
0
0
0.011195
0.0158573
0.0421736
0.00924074
0.0123146
0.0114064
0.0121166
0.0281297
0.0183123
0
0.0393138
0.0214871
0.00742261
0
0.0168738
0.00846137
0.00999281
0.0530187
0.0486277
0.248565
0
0.0166428
0.0258023
0.00809182
0.0182969
0
0.110263
0.0183644
0.0421122
0.012416
0
0.0226747
0.0310264
0
0.00993721
0.0250608
0.0170366
0.0211978
0.0350581
0.0143085
0.0185488
0
0.0264187
0.0324915
0
0.0181529
0.00818416
0.0173735
0.0403148
0.04376
0.00866419
0.0647199
0.516174
0.0135629
0.0168331
0.0129165
0.0164423
0.0184346
0.022853
0.0955066
0.0368469
0.0283005
0.012416
0
0.0331338
0.0158861
0.00874452
0.0191558
0.0327951
0.0263712
0
0.0444281
0
0.0143085
0.0364377
0
0.0266068
0.0659396
0
0.018644
0.0167391
0.0143937
0.0173024
0.0201348
0.0315113
0.00866419
0.0628518
0.832383
0.0135629
0.0329607
0.0143467
0
0.052835
0.0234543
0.0469854
0.0177482
0.0143704
0.0247738
0
0.0329584
0.0321384
0.0259649
0.0388298
0.0169597
0.0357848
0.0434924
0.044937
0.0439612
0.0360926
0.0121439
0.0138289
0.165036
0.00790004
0.00926101
0.0343486
0.028894
0.0166498
0.0203854
0.0302033
0.00879181
0.0153193
0.901699
0
0.0423154
0.040124
0.00809182
0.0175881
0.0153506
0.0298896
0.0182296
0.0725198
0.0125169
0.035295
0.0225387
0.0153877
0
0.0299627
0.0349706
0.00912058
0.0585101
0.0772863
0.0340529
0.0439612
0.0454239
0.0121439
0.0534115
0.16264
0.00790004
0.0341752
0.0211314
0.024399
0.020218
0.0399984
0.0170865
0
0.998066
0.0262394
0.0508174
0.040124
0
0.0182637
0.0303075
0.015327
0
0.0285868
0.0352139
0.0437509
0.0314462
0
0.0294186
0.00882287
0
0.0231302
0.0556089
0.0215888
0.0280954
0.0453791
0.0121439
0.0127568
0.0651044
0.0224157
0.025834
0.0517398
0.0351275
0
0.0488823
0.0825523
0.00852029
0.0142515
0.928594
0.0128329
0.00803314
0.121641
0
0.0182637
0.065725
0.045374
0.00871068
0.0420435
0
0.0221883
0.0138355
0
0.0271504
0.0333492
0.0438757
0
0.104991
0.0123644
0.0441982
0.0116887
0.0381156
0.0765024
0.00757143
0.0179304
0.0339897
0.0341087
0.0165385
0.0648564
0.0493312
0
0.045694
0.790001
0.00803314
0.105593
0.00774032
0.0159955
0.0586052
0.0583828
0
0.0138858
0
0.0334028
0.030323
0.0159838
0.0185887
0.0331793
0
0.0218774
0.0416302
0.0442124
0
0.107845
0.0257722
0.0631378
0.030358
0.0271387
0.0395561
0.0340306
0.0166213
0.0373042
0.0787073
0
0.0277022
0.754463
0.0080236
0.167831
0.00783321
0
0.00745933
0.0738969
0.016826
0.0537885
0.0231932
0.0167394
0.0208995
0.0150171
0.0081264
0.0090882
0.0330765
0.00806188
0.0438922
0.0517174
0.0449766
0.208725
0.0114271
0
0.134004
0.0151104
0.008629
0.0333712
0.0537166
0.0157692
0.133305
0.0409155
0
0.0273238
0.546985
0.089141
0.0167505
0.0643543
0.00783321
0
0.0356523
0.0736144
0.00824431
0.0955902
0.0119717
0
0.0638693
0.0150171
0.0164152
0.0090882
0.0409164
0.0424111
0.0334973
0.0859523
0.0230426
0.366251
0.0216541
0.113785
0.00757143
0.0349221
0.0578284
0.039978
0.030386
0.104929
0.0595181
0.00744623
0.0422426
0.386323
0.0654834
0
0.0270931
0.0300308
0
0.0360626
0.0575363
0
0.0416131
0.0107389
0.00817885
0.0090882
0.0247408
0.0170956
0.0453667
0.0860528
0
0.0414963
0.174818
0
0.0128818
0.0612418
0.00721791
0.0179548
0.0240024
0.032173
0.00817331
0.0679683
0.0503529
0.0229605
0.0427796
0.133906
0.0533493
0
0.0129087
0.0227337
0
0.014016
0.0153321
0
0.0273933
0
0.00837045
0.0164351
0.0452392
0.0318727
0.0283168
0.0423793
0.0110559
0.0127943
0.0510858
0
0.0165359
0.0129387
0.0378567
0
0.0154508
0.0717518
0.0128224
0
0.0251656
0
0
0.011604
0
0.0352305
0.0105796
0.0334208
0.040327
0
0
0.00836594
0
0
0.00777166
0.0313208
0
0
0.0137526
0.011604
0
0
0.0255461
0.0130956
0.0206546
0
0.00924267
0
0.0313208
0
0.0400297
0.434802
0.680896
0.680896
0.680896
0.680896
0.680896
0.691285
0.751291
0
0
0
0.00800349
0.904448
0.0124367
0.00898512
0.0179558
0.0124996
0.166832
0
0.02161
0.0400187
0.0172904
0.0299564
0
0.0506834
0.0162391
0.0169213
0.0108362
0.976699
0.00964352
0.015151
0.0117115
0.0167662
0.145585
0.0237737
0.034888
0.0172904
0.0351592
0.00977931
0
0.0285024
0.0162672
0.0331584
0.0210516
0.521689
0
0.030077
0.0234616
0.0164429
0.0169059
0.035719
0.0239705
0.0136276
0.0272902
0.0172904
0.0684588
0.00977931
0.0180823
0.0252601
0.0831881
0.371684
0.0122651
0
0.0401724
0.0234616
0.0324362
0.0169776
0.358747
0.0242964
0.0104763
0.0271042
0.0336827
0.00684158
0.0692064
0.0191108
0
0.0332411
0.0497659
0.00994169
0.935137
0.0122651
0.0190857
0.0394593
0.00841512
0.00831739
0.0127688
0.0164429
0.00944743
0.0540635
0.0179523
0.713013
0.0245957
0
0
0.0804677
0
0
0.0159794
0.00826932
0.00886315
0.10784
0.0199068
0.120916
0.120001
0.00914134
0.0539662
0.943244
0.0184565
0.0194929
0.017017
0.0248903
0.0160033
0.0124814
0.0122627
0.0324917
0.00928398
0.00945909
0.073305
0.0182753
0.0144517
1.00546
0
0
0.0813967
0
0
0.00826932
0.00886315
0.157701
0.0104675
0.0191976
0.226037
0.0702352
0.063843
0.512626
0.0122651
0.0170443
0.0101387
0.0171532
0.0126405
0.0160033
0.0112765
0.0480284
0.00941479
0.0202293
0.0548128
0.0182753
1.00455
0.0112264
0
0.01065
0.0751626
0
0
0.0157303
0.00826932
0.0273886
0.1248
0.014298
0.00633586
0.0153574
0
0.218006
0.0517936
0.0198389
0.106136
0.102825
0.0126562
0.0170443
0.0205252
0.0171532
0.0243185
0.0112765
0.0135405
0.0499453
0.00941479
0.00945909
0.0536749
0
0
1.00455
0.0112264
0
0.0748579
0.0172291
0.00712839
0.0149898
0.0173099
0.00886315
0.0910023
0.0298108
0.0144391
0.0269254
0.0153574
0.0177919
0.216952
0.0679523
0.0194784
0.106459
0.0612185
0.0130949
0.0170443
0.0199676
0.0171532
0.0124073
0.0243185
0.0135405
0.0325941
0.0104152
0.0536749
0
1.02772
0.0232227
0
0.0894538
0.0172291
0.0207797
0.014749
0.0255045
0.00886315
0.0905152
0.0105173
0.0340755
0.0298618
0.258103
0.0504562
0.00957321
0.119483
0.0620356
0.0346955
0.0203036
0.0256888
0.0124073
0.0243056
0.0233697
0.0135405
0
0.0363807
0.0186436
0.0139754
1.00061
0.0587226
0
0.09088
0.0904214
0
0.00712839
0.0265553
0
0.0905152
0
0.0199001
0.38026
0.0342975
0
0.118387
0.0520377
0.0170443
0.0172737
0.0124073
0.0465013
0.0119001
0
0.0163326
0.0104152
0.0737543
0.00970566
1.00567
0.046682
0.136835
0.0910793
0.0334637
0.00712839
0
0.00904056
0.00936623
0.145673
0.0134362
0.0272826
0.34573
0.0342975
0.0204038
0.149023
0.0217327
0.0130748
0.0514725
0
0.0124073
0.0234087
0
0.0659164
0.0194031
1.01298
0.17971
0.0424217
0.0137857
0.0468662
0.00904056
0
0.145184
0.0102104
0.0266353
0
0.301846
0.0165419
0
0.191758
0.0208306
0.0374413
0
0.0380338
0.797387
0.108303
0.012781
0.0161291
0.00886315
0.106133
0.0290154
0.0209835
0
0.0539826
0.285586
0.0165419
0
0.439521
0.00991899
0.0164533
0
0.498346
0.0110826
0.0857974
0.0161291
0.00909932
0.0506323
0.0209958
0.170217
0
0.470136
0.0164533
0.407207
0.0110826
0.0857974
0.0173541
0
0.0506323
0.145864
0.229489
0.0349357
0.0118107
0
0
0.389625
0
0.0857974
0.0173541
0.014744
0.0166137
0.00697311
0.0966256
0.261055
0.0168481
0.0247945
0
0
0.351302
0
0.0648234
0.00691479
0.0173541
0.014744
0.0166137
0.00695989
0.0960983
0.282949
0.0103973
0.0177608
0
0.0120941
0.00782495
0.0168503
0.332497
0
0.053891
0.0173541
0.014744
0.00900885
0.0166137
0.0874426
0.315802
0.0103973
0.0121091
0.0177608
0.00794853
0.0236197
0
0.168179
0
0.0173541
0.00900885
0.0175301
0.0478637
0.503784
0.0204725
0.0121091
0.0177608
0.00794853
0.0236197
0
0.150219
0
0
0.016296
0.0172262
0.403162
0.0100752
0.0121091
0.00691682
0.00876799
0.00991218
0.0120941
0.00868481
0.0615449
0.0117489
0
0.0168406
0.516809
0.0139082
0.0203352
0.00803823
0.0172707
0
0.0382191
0.0168406
0.5922
0.0139082
0
0.0238027
0.00888534
0.0113904
0.0522579
0.00652552
0.0712033
0.0434283
0.0162315
0.0129295
0.0133419
0.0861494
0.0081075
0.00932401
0.315672
0.0104043
0.0343061
0.00929501
0.0124497
0.00769311
0.00888534
0
0.0177319
0.0113904
0.0320753
0.0166455
0.176195
0.00867046
0.0527974
0.0404858
0.012827
0.042564
0.112334
0.0155597
0
0.00953679
0.418834
0.0205334
0.0167474
0.00929501
0.0117096
0.0240061
0.00937881
0.0288168
0
0
0.0329511
0.0064827
0.234492
0.0169141
0.0692017
0.0344897
0.0536994
0.0197002
0.0274988
0.0752626
0.0319482
0.0166528
0.010022
0.934615
0.00966979
0
0.0118676
0.00965505
0.0198181
0.0132723
0
0.0393551
0.021993
0
0.0162732
0.39534
0.00824365
0.0514693
0.0178206
0.0141425
0.00679566
0
0.144409
0.0236715
0.00950857
0.995553
0
0
0
0.00965505
0.0198181
0
0.0273018
0.0117541
0.0162942
0.465064
0.00921261
0.0178206
0.00636095
0.0376904
0.833481
0
0
0.0123375
0
0.0109201
0.0129553
0
0.0276986
0.0117541
0.0332869
0.478913
0
0.0178206
0
0.0402803
0.285011
0
0.0123375
0
0
0.0112545
0.0276986
0.0117541
0.0332869
0.409232
0.00957233
0.00884785
0.0178206
0.0155168
0
0.0192639
0
0
0
0
0
0.0123375
0.0104419
0
0.0130547
0
0.0112545
0.0421619
0.0117541
0.0352816
0.373176
0
0.0142228
0.00702664
0
0
0.0260101
0
0.028474
0
0.677384
0.0170054
0
0
0.0142228
0.00702664
0.0141939
0
0.0279729
0
0.369201
0.0170054
0
0.00702664
0
0.292725
0.134107
0.0509048
0.0291574
0.0166433
0.0400356
0.0427871
0.0144601
0.124077
0.0291574
0.0166433
0.0168967
0.0400356
0.00618601
0.0144601
0.36772
0
0.00976269
0.0393038
0.00847723
0.0166433
0.155358
0.123303
0.00618601
0.0144601
0.353473
0
0.00976269
0.218118
0.0166433
0.0420784
0
0.206838
0.00618601
0.014414
0.279923
0
0
0.00976269
0.218118
0.0166433
0.0420784
0.206838
0.00618601
0.014414
0.279923
0.0138582
0.00806942
0.218118
0.0166433
0.0420784
0.235191
0.00618601
0.264826
0.0138582
0.228245
0.0200559
0.0166433
0.0332122
0.290133
0.00618601
0.235571
0.0138582
0.238438
0.0166433
0.0332122
0.290133
0.00618601
0.179112
0.0138582
0.238438
0.0166433
0.0332122
0.290133
0.00618601
0.120756
0.368843
0.0166433
0.0163156
0.301513
0.00618601
0.239885
0.2082
0.0195632
0.0163156
0.0557326
0.662729
0.039711
0.0142989
0.773487
0.0136325
0.0101937
0.00656628
0.00791162
0.0198467
0.0065297
0.00266752
0.0159833
0
0.0168696
0.0128058
0.701916
0.0136325
0.0135748
0
0.00791162
0.0484325
0.0133701
0.0065297
0.0379143
0.0169812
0
0.0335123
0.00808039
0.00638381
0.00654551
0
0.615074
0.0136325
0.00965593
0.015985
0.0212099
0.00774823
0.00709936
0.00791162
0.116513
0.00662781
0.0065297
0.0192687
0.0147082
0.0158627
0
0.0166507
0.00784914
0.0166735
0.0103743
0
0.0106023
0.0265128
0.0132983
0.00677298
0
0.515753
0.0407001
0.015985
0.00710011
0.00812918
0.0121255
0
0.0158179
0.014161
0.134867
0
0.00639954
0.0330669
0
0.0158627
0.00714211
0.0514245
0.0331996
0.0107398
0.0194002
0.0103152
0.384203
0.00687667
0.0134834
0.0136678
0.309845
0.0407001
0.0196039
0.015985
0.0164986
0.0125551
0
0.00854203
0.014161
0.173844
0.0060818
0.0192687
0.0575372
0.0152704
0
0.0143657
0.0514245
0.0331574
0.0204192
0.0128235
0.0102978
0
0.383513
0.0134834
0.0136678
0.239609
0.0655291
0.0196866
0.015985
0.0071013
0.0164315
0.711827
0.012793
0
0.0192687
0.0162766
0.0152315
0
0
0.0166507
0.0243916
0.0216093
0.00677928
0.0203155
0
0.142464
0
0.0130661
0.0413433
0.104625
0.00993428
0.0137772
0.00836944
0.74992
0
0.0477322
0
0
0
0
0.0211929
0.0102978
0.0787349
0.00671041
0.0344207
0.0149858
0.0915541
0.0136897
0
0.0150454
0.311748
0
0.0177902
0.0237971
0.00768418
0.00842606
0.010681
0
0.0114452
0.0396411
0
0.0344207
0.0149858
0.0915541
0.255933
0.0177902
0.0179391
0.0131162
0
0.0131719
0.00675313
0.0149858
0.0915541
0.709885
0.0180814
0.00701618
0.746589
0.0371177
0.00957633
0.00701618
0.467349
0.205504
0.0173012
0.0344695
0.011284
0.155282
0.0147129
0.0139414
0.00957633
0.0211323
0.00828204
0.488302
0.169211
0.0180938
0
0.0366134
0.0171062
0.016853
0.0102699
0.00753353
0.0205848
0.323315
0.136641
0.0139414
0.00957633
0.0153073
0.024485
0.00914832
0.282502
0.00672111
0.15361
0.0171946
0.0148519
0.0086422
0.00882194
0.0102699
0.00753353
0.0108156
0
0.459435
0
0.315565
0.0284883
0.00957633
0.0159397
0.0153073
0
0.0187356
0.254473
0.00672111
0.156021
0.0148519
0.0086422
0.00882194
0.00753353
0.0202665
0.470778
0.341698
0.0284883
0.00957633
0.0187356
0.214979
0.00672111
0.174206
0
0
0.0148519
0.0086422
0.0276174
0.00753353
0.0107614
0.510185
0.369469
0.0145469
0.00957633
0.0187356
0.0150263
0.205078
0.00672111
0.155613
0.0323925
0.0148519
0
0.0276174
0.00753353
0.031464
0.40361
0.465439
0.0164222
0.0284869
0.00957633
0
0.037752
0.0150263
0.184863
0.00672111
0.173348
0.00906006
0.0173297
0.0148519
0
0.00882194
0.0144006
0.0107614
0.417938
0.465439
0.00788637
0.0162683
0.0286601
0
0.0169898
0
0.0278896
0.0150263
0.0496402
0.00672111
0.208601
0.00906006
0.0173297
0.0181201
0.00738758
0
0.00841009
0.0181757
0.0104516
0.0146158
0
0.251647
0.828432
0.0332172
0.0135269
0
0.0169898
0
0.0278896
0.0150263
0.0496402
0.00672111
0
0.0347576
0.0181201
0.00738758
0.0181757
0.00753353
0
0.0261126
0.212405
0.827814
0.0135269
0
0.0169898
0.00815127
0.0137296
0
0.0337021
0.0150263
0.010654
0.00672111
0.0190918
0.0347576
0.0360876
0.0167348
0.0421587
0.0225737
0.00871562
0.120332
0
0.0138174
0.225191
0
0.0427933
0
0.0176929
0.0146806
0.00815127
0
0.00928512
0.0167382
0.0311225
0.00673806
0.00764533
0.0423217
0.0173297
0.0160568
0.0249156
0
0.0111772
0.026057
0.040448
0
0.0151569
0.596936
0.0146128
0
0.0349031
0.00815127
0.00852094
0.00994302
0.0336979
0.0207302
0.00764533
0.103247
0.00884293
0.0503492
0.0509898
0.0184019
0.0317483
0.0231072
0.0615561
0.283545
0.00743813
0.0145437
0.927686
0
0.0150616
0.0107028
0
0.0186437
0.00686571
0.0140496
0.0107782
0.00766715
0.0194921
0.015682
0
0
0.200767
0
0.103886
0.0186373
0.0769728
0.00941883
0.0420757
0.0237865
0.119654
0.413545
0.0139725
0.991393
0
0.0577738
0.0539472
0
0
0.0399812
0.00766715
0.0192701
0.0330413
0.0149251
0.0102579
0.0141697
0.196945
0.0148316
0.0336697
0.0178837
0.0581913
0.0266895
0.0110328
0.0280607
0.0532613
0.01193
0.0523016
0.295491
0.0194834
0.0141898
0.94967
0.00734312
0.0301509
0.0151768
0.016388
0.0077242
0.0510391
0.0097066
0.00836375
0.00980845
0
0.0302868
0.0169345
0.0193123
0.0139342
0.213233
0.00812457
0.0313022
0.048678
0.0145723
0.0376948
0.031379
0.0168291
0.0217395
0.0144965
0.117204
0.0223776
0.132175
0.128815
0.00701756
0.0347887
0.757131
0.00755438
0.0464696
0.0131632
0.0106753
0.0282428
0.016388
0.00647692
0
0.0525229
0.0097066
0.0324445
0.016891
0.0592159
0.0230479
0.0189291
0.00688848
0.00760409
0.213865
0.0158691
0.0148316
0.113218
0.0225237
0.0735582
0.0322044
0.00842091
0.0332228
0.0206691
0.0752038
0.0677562
0.0982254
0.0149108
0.724658
0.0282803
0.0296549
0.0418209
0.0106753
0.0415118
0
0.020272
0
0
0.0200698
0.0404856
0.0182182
0.0461453
0.0452362
0.0317174
0
0.0332118
0.00760409
0.193378
0.00791982
0
0.19735
0.0375952
0.0360817
0.0232294
0.0178115
0.0544552
0.0331909
0.0731287
0.116177
0.0698153
0.00760701
0.883295
0.0148729
0.0448834
0
0.0325658
0.014472
0
0.026873
0.0155324
0.0241831
0.0291985
0.031674
0
0.0312151
0.0452362
0.0338791
0
0.0265727
0.0284758
0.211516
0.0167448
0.0170816
0.261604
0.0293827
0.0360817
0.0559777
0.0176124
0.0224269
0.0470146
0.107315
0.010212
0.115578
0.0659777
0.00760701
0.702389
0.0231466
0.0924653
0.0262958
0.0540705
0.0422493
0.0170347
0.0336207
0.016715
0.0241831
0.0197305
0.00807765
0.00896218
0.0154593
0.0589404
0.0101868
0.0404744
0.0431946
0.210455
0.00791982
0.0313006
0.327886
0.0223376
0.0358302
0.10528
0.00894104
0.0224785
0.0191722
0.0957783
0.121313
0.0800141
0.0146537
0.499788
0.00655823
0.0933692
0.040851
0.0526629
0.035445
0.0411725
0.00791031
0.0383914
0.00912861
0.0156408
0.00854166
0.0666877
0.0342289
0.00924296
0.0131336
0.042968
0.23114
0.0252775
0.0325596
0.568478
0.0304042
0.0353445
0.114481
0.0224785
0.0191722
0.064774
0.0103662
0.114633
0.0805916
0
0
0.371711
0
0.093399
0.0137215
0.0632027
0.0137708
0.0698959
0.0277218
0.0383914
0.00970015
0.0162722
0.0811821
0
0.0189698
0.0131336
0.0638636
0.192937
0.0177283
0.0321926
0.635837
0.0153576
0
0.0911063
0.00818806
0.0211183
0.0328232
0.0551226
0.0976877
0.0535744
0
0.331212
0
0.0926427
0.0137215
0.010916
0.0709166
0.0206267
0.00970015
0.0458986
0.00906151
0.0189698
0.00636654
0.0501081
0.0758647
0
0.0161462
0.74223
0.0234372
0.0167232
0.0504581
0.0179407
0.0110423
0.00690715
0.0314263
0.0759025
0.0262167
0.00734289
0.0943481
0.0140167
0.0926427
0.0146334
0.0173343
0.00660318
0
0.0314043
0.00906151
0.0287663
0.0741259
0.0152711
0.454906
0.0250188
0.0202345
0.0106375
0.0513961
0
0
0.0506934
0
0.0926427
0.0314043
0.0338238
0.0378638
0.202563
0.386433
0.54394
0.475924
0.475924
0.475924
0.475924
0.475924
0.475924
0.290629
0.0860745
0.292261
0.790234
0.912026
0.702334
0.316332
0.0239416
0.158308
0.0159647
0.166208
0.0159647
0.166208
0.022605
0.022605
0.0309961
0
0.0467171
0
0
0.00807699
0
0
0.0119647
0.0172054
0.0100344
0.0200633
0.0143598
0.0159705
0
0.0278829
0.00789481
0.00912983
0.0111072
0.0162359
0
0.0153099
0.0173502
0.0119647
0.0312139
0.0222147
0.0313696
0
0.11721
0.0462557
0
0
0.0193353
0.0159923
0.0112101
0.0149735
0
0.00776725
0.105225
0.0155553
0.0147113
0.00749643
0.0771129
0.0111072
0
0.0162359
0
0.00697822
0.191149
0
0
0.038385
0.130365
0.0738623
0.0425486
0.0405664
0.697136
0.0317621
0
0.0212939
0.018304
0.0150439
0.0567999
0.0159923
0
0.0956519
0.0103749
0
0.0649059
0.0169839
0.157484
0.0590204
0.0132717
0.00716399
0.0956126
0.022381
0.0165895
0.0884277
0.00697822
0.38947
0.0154007
0.0132803
0.0694823
0.0522392
0.0390933
0.353845
0.11
0.043629
0.201127
0.992395
0
0.00974733
0.0753363
0.0495709
0.0760893
0.147719
0.0315927
0.0102188
0.189566
0.0101469
0.0128296
0.033207
0.0284009
0.0667026
0.0367021
0.0451415
0.00716399
0.199798
0.0217832
0.00775868
0.103668
0
0.0366512
0.55485
0.0240571
0.0370225
0.0855932
0.0891794
0.04054
0.747281
0.196716
0.0634061
0.280556
0.999762
0.0323432
0.0376295
0.138034
0.0812027
0.0620237
0.11091
0
0.0534235
0.176837
0.00918571
0.0144354
0.0264899
0.0656507
0.0429603
0.106024
0.0745833
0
0.00775444
0.203177
0.0616567
0
0.112367
0.0668454
0.0143901
0.559369
0.0407408
0.0522445
0.185591
0.0500364
0.0756428
1.04437
0.177977
0.0545638
0.28342
0.999762
0.0495304
0.0458968
0.16933
0.0484264
0.112529
0.124718
0.0618283
0.0208485
0.127551
0.0100559
0.0144246
0.0641146
0.0426852
0.0127063
0.149052
0.0386971
0.0446746
0.0499282
0.210768
0.0402386
0.00806582
0.0704497
0.0991939
0.028087
0.639925
0.031624
0.0655373
0.145159
0.0272034
0.0526261
1.11428
0.153795
0.0967147
0.278364
0.941909
0.0328358
0.0741014
0.210347
0.0835272
0.126646
0.089333
0.107105
0.0530036
0.164363
0.0391859
0.0282349
0.0371783
0.0432545
0.0275888
0.107885
0.0467394
0.0426292
0.0497059
0.311708
0.0312633
0.032229
0.0561686
0.0836867
0.00706228
0.754388
0.0160811
0.05172
0.133657
0.0119567
0.0671957
1.08458
0.125431
0.0616675
0.218901
0.450582
0.0310097
0.0579276
0.139474
0.0165186
0.111865
0.141032
0.166076
0.0101354
0.0962042
0.0415235
0.0215247
0.0760325
0.0162921
0
0.132484
0.0688826
0.09943
0.100271
0.304752
0.0204456
0.0159057
0.0463015
0.114477
0.0369901
0.805157
0.0232922
0.0260896
0.122335
0.0241523
0.0663982
0.707498
0.0658935
0.0100263
0.197347
0.220272
0.0304983
0.0959515
0.0636208
0.0473139
0.0636655
0.178958
0.0746585
0.0646566
0.0815233
0.0400594
0.0343779
0.113404
0.0167736
0.0150608
0.239847
0.0455324
0.0417163
0.0997921
0.35323
0.0313775
0.0252945
0.0705468
0.113391
0.0222445
0.757847
0.0388068
0.0518346
0.148223
0.0127838
0.0471182
0.676289
0.0370067
0.0414622
0.152943
0.118306
0.0303941
0.102913
0.05275
0.06499
0.0661809
0.161112
0.029912
0.0870693
0.0805642
0.0304122
0.0427848
0.0742618
0.0244623
0
0.363489
0.0589239
0.0841168
0.113928
0.347392
0.0423064
0.0318747
0.0769545
0.114121
0.0505826
0.737433
0.0223558
0.0390222
0.150044
0.0126758
0.0198797
0.658347
0.0218226
0.0414432
0.116881
0.0454286
0.0459013
0.139855
0.0735875
0.0315492
0.0166566
0.124694
0.0618959
0.0537083
0.0988692
0.0100958
0.0212211
0.0754194
0.0238214
0.0141491
0.987732
0.038129
0.0135535
0.215779
0.340259
0.0940792
0.0161536
0.053475
0.0650884
0.0424825
0.687703
0.0385156
0.0617545
0.0676285
0
0.0339916
0.591561
0.00674937
0.0432007
0.098562
0.0301476
0.0608843
0.10993
0.0205551
0.0483086
0
0.159411
0.0159084
0.0646897
0.0167145
0
0.0142962
0.0125976
0.0159262
0.0412979
0.991725
0.0746348
0.0273476
0.251548
0.295715
0.0306828
0.00772431
0.0404241
0.0299347
0.0209804
0.521668
0.0385613
0.0377232
0.0845544
0.0141932
0.0282067
0.512349
0.00767043
0.0203703
0.0587235
0.0301476
0.0604687
0.109334
0.020572
0.0315492
0.0157675
0.0936662
0
0.0310036
0.0167145
0.0188355
0.0142933
0.0238912
0
0.979146
0.0302324
0.0130888
0.185434
0.181486
0.0201153
0.00813762
0.0328641
0
0.0282582
0.260039
0
0.00885302
0
0.00637581
0.309353
0.00767043
0.0100816
0.0600701
0.032306
0.0760787
0.108316
0
0.0479446
0.0931423
0.0317328
0.0319322
0
0.0214001
0.0161797
0
0.431782
0.0142552
0.0632738
0.0267435
0.01148
0.0396799
0.00793813
0.0139952
0.130816
0
0
0.00639746
0.112266
0.00778485
0.0186744
0.0162702
0.0156099
0.036301
0.0100858
0.0157331
0.0153168
0.016663
0
0.0161538
0.0276449
0.0249888
0.524217
0.00800715
0.0137964
0.0867153
0.024395
0.01148
0.0486915
0
0.0178469
0.035669
0.127812
0.0078744
0.00817552
0.0137383
0
0.150791
0.0209256
0.0325063
0.0156099
0.0828054
0.0198931
0.0145585
0.0352223
0.0308469
0.0646437
0.0332298
0.0140103
0.0261183
0.00828198
0.012906
0.719637
0.051846
0.0556226
0.24967
0.0365406
0
0.0412211
0.0238243
0.0166578
0.0556034
0.0665343
0.0647265
0.0511421
0.0257936
0.263806
0
0.156558
0.0770491
0.111245
0.0227743
0.0176348
0.0492377
0.1098
0.0155761
0.0872035
0.0643337
0.00930663
0.0144272
0.0387374
0.00828198
0.0134034
0.820229
0.0302797
0.028021
0.213701
0.0728455
0.0527607
0.0573314
0.0149488
0.0160299
0.0479639
0.196929
0.00743109
0.0761973
0.0521438
0.0382366
0.0129699
0.364913
0.0152451
0.00991031
0.271283
0.0484125
0.0150639
0.0817632
0.0227743
0.0167335
0.0649873
0.169818
0.0310063
0.0954492
0.0636676
0.0187833
0.0268239
0.0648552
0.0330071
0
0.53594
0.0528576
0.0299001
0.206044
0.0469759
0.0211065
0.0648243
0.038486
0
0.0570715
0.181479
0.0153929
0.0634116
0.0687527
0.0382366
0.0269269
0.381587
0.00771071
0.021492
0.411315
0.0312451
0
0.0730441
0.0221604
0.0323886
0.111044
0.186843
0.0472387
0.0834599
0.0491421
0.0094767
0.0355465
0.0778162
0.0489021
0.414946
0.0227225
0.0432247
0.175805
0.0451408
0.0326779
0.041467
0.0156792
0.0148412
0.0948932
0.149555
0.0386725
0.0392768
0.0434408
0.0137383
0.0466519
0.379598
0.0146272
0.0421759
0.565017
0.0631183
0.0333918
0.0726439
0.0303657
0.0308597
0.0310976
0.18832
0.0309406
0.0548774
0.066646
0.0502573
0.028533
0.0640662
0.058132
0.294712
0.00709424
0.0299001
0.132679
0.0260522
0.0528971
0.0581751
0.0252214
0
0.052366
0.11649
0.0234064
0.0269323
0.0326427
0.0382316
0.0529935
0.215361
0.00812428
0.0319961
0.989572
0.0781283
0.0479452
0.0745632
0.0438572
0.0152046
0.0318914
0.149046
0.0452926
0.0856557
0.0309726
0.0140859
0.0607684
0.0423202
0.175032
0.00747022
0.0447687
0.0675069
0.0171093
0.0202399
0.057993
0.00846219
0.051254
0.030444
0.0683708
0.0158144
0.0661123
0.0418481
0.0522816
0.0251943
0.222737
0.0223221
0.0221549
0.707803
0.135808
0.0484772
0.0376456
0.0321273
0.0628726
0.0901497
0.0308047
0.0340411
0.0094767
0.0291083
0.0769201
0.0159573
0.0670845
0.0878394
0.0425634
0.0668453
0.0167404
0.0339461
0.0305766
0.0512782
0.0933491
0.0169782
0.0388688
0.0542507
0.158902
0.0141978
0.0837641
0.628149
0.0307839
0.0163351
0.0182847
0.0740734
0.0170712
0.0146223
0
0.0318403
0.0153129
0.0104726
0.0148822
0.011866
0.0149709
0
0.0147882
0.0222808
0.00832637
0.0100881
0.00851439
0.00873776
0.0222858
0.0976951
0.00805005
0.0395693
0.0266655
0.0660784
0.0665611
0.112177
0.00772069
0.0199339
0.337548
0.0298957
0.0163351
0.00892458
0.021333
0.0170712
0.0146223
0
0.052467
0.0104726
0.0430809
0.0153512
0
0.0222808
0.00941385
0.00848289
0
0.0157074
0.00790658
0.0163467
0.0404218
0.00840167
0.11346
0.065074
0
0.299881
0.0470689
0.00937846
0.0113264
0.0340545
0
0.0172052
0.0436331
0.0152342
0.01433
0.0508094
0.0153512
0
0.00676911
0.0292756
0.0150118
0.00941385
0.0109307
0.057165
0
0.0163176
0.02965
0.0167468
0.0395807
0
0.012505
0.0831867
0.0750726
0.00745707
0.0109997
0.415572
0.0320689
0.0175083
0.0107043
0.0344457
0.017349
0.0535066
0.0460041
0.0214895
0
0.0106299
0.0143781
0.112107
0.0152352
0.0430783
0.0254827
0.0151049
0.0425811
0.0365216
0
0.188449
0
0.0371523
0.0175657
0.0078618
0.0646456
0.095337
0.0268127
0.156842
0.0364073
0.0449727
0.0511911
0.974023
0.0776561
0.0326526
0.0737367
0
0.032873
0.0800884
0
0.0614251
0.0310961
0.0159103
0.0100408
0.0513777
0.0754638
0.00774938
0.0265843
0.0284165
0.0217491
0.0569022
0.182057
0
0.0109307
0.402515
0.0155145
0.172727
0.0315748
0.00787439
0.101522
0.0954734
0.0532026
0.131502
0.151382
0.0231627
0.0952886
1.00164
0.0460409
0.0466507
0.0845054
0
0.0498199
0.162282
0.0367355
0.031978
0.0511492
0
0.0090901
0.0998812
0.0367489
0.00809329
0.0405083
0.108245
0.0146752
0.0157552
0.230262
0.0179554
0.0102374
0.425367
0
0.0312537
0.223878
0.0155041
0.00792292
0.100817
0.163267
0.0518253
0.199079
0.178195
0.0372213
0.0754294
0.990055
0.12304
0.0801827
0.177478
0.0101316
0.0317101
0.13171
0.0740059
0.0482843
0.0629255
0
0.0200989
0.0552535
0.036221
0.0238893
0.0275259
0.138151
0.00685998
0.0561605
0.298765
0
0.0109307
0.251573
0.0168118
0.0809563
0.303467
0.031487
0.00804454
0.242476
0.156233
0.0137787
0.340995
0.354676
0.0355527
0.087722
1.01514
0.141464
0.034072
0.170732
0.0316428
0
0.163324
0.0930661
0.0631221
0.0529835
0.0294859
0
0.0631696
0.0489385
0.0244148
0
0.122078
0.0148073
0.028445
0.36082
0.00881814
0.0408124
0.204022
0.0241528
0.0818637
0.357864
0.0482658
0.0150358
0.205051
0.163826
0
0.505677
0.22932
0.0442433
0.0334657
1.03362
0.0945324
0.0477903
0.208326
0.0108241
0.0321639
0.102739
0.0565518
0.0163063
0.0422577
0.0301739
0.0390331
0.0424295
0.0490178
0.0259664
0.0953163
0.016212
0.0845516
0.225558
0.0423948
0.0194597
0.186298
0.0320477
0.099851
0.400672
0.0499937
0.038726
0.177721
0.156036
0.0397709
0.452218
0.211778
0.0371641
0.0870539
1.06379
0.0621223
0.0630171
0.151134
0.00988406
0.0657719
0.0505196
0.0717675
0.122148
0.0643153
0.0494185
0.0568126
0.0238044
0.0404809
0.054275
0.107362
0.00727302
0.100258
0.227479
0.0537107
0.040412
0.103033
0.0394669
0.0660518
0.400337
0.0480219
0.055249
0.225978
0.114151
0.0523593
0.341873
0.133967
0.0451705
0.0552026
0.93192
0.0777961
0.0955373
0.102976
0.0300765
0.0177205
0.0659209
0.0542098
0.0438812
0.0753142
0.0971568
0.0476525
0.0555424
0.0120551
0.0500771
0.0840262
0.0944243
0.00750081
0.225118
0.212431
0.053629
0.0622971
0.121003
0.0405625
0.111908
0.4827
0.0481366
0.00804143
0.17942
0.104085
0.0910991
0.364186
0.150874
0.0445932
0.0675339
0.623207
0.046818
0.142022
0.0840046
0.0416381
0.033487
0.0643322
0.0580558
0.0459381
0.109139
0.0149089
0.0463735
0.0673514
0.0242504
0
0.0720351
0.0692048
0.00714782
0.422911
0.188686
0.0625815
0.0108429
0.343673
0
0.164109
0.457236
0.0471214
0.203657
0.0790321
0.0795286
0.364059
0.164784
0.067114
0.0775564
0.449802
0.0460475
0.174146
0.0661147
0.0434532
0.0643467
0.0978957
0.0545829
0.0290348
0.109361
0.0163222
0.0382556
0.0482171
0.0120624
0.00852057
0.0972784
0.0812706
0.00770722
0.371322
0.158483
0.0364527
0.052255
0.82278
0.0255666
0.0964088
0.52965
0.0637792
0.0163404
0.226912
0.0356893
0.0672935
0.419849
0.0974993
0.0290828
0.063673
0.291564
0.0603131
0.20792
0.0550854
0.0636972
0.0169713
0.0833096
0.0556157
0.0433339
0.0441848
0.015311
0.00914141
0.0286278
0.0132239
0.0172135
0.109688
0.0952787
0.0159078
0.353893
0.16467
0.0365152
0.0212667
0.977728
0.00860057
0.096247
0.472636
0.0645755
0.0391502
0.266335
0.0626989
0.0921691
0.466461
0.0490585
0.0288369
0.0529597
0.153236
0.0151058
0.221191
0.0464078
0.0436912
0.0497577
0.0670301
0.0178314
0.0426536
0.0229774
0.015311
0
0.0143056
0
0.0170778
0.0404236
0.0854484
0.0148667
0.325821
0.159104
0.00867714
0.0200613
0.984934
0.0251109
0.0488949
0.389676
0.0344776
0.015784
0.190459
0.0402874
0.0534228
0.45053
0.0333595
0.00770495
0.0624434
0.113295
0.0151058
0.188723
0.0177742
0.0435301
0.0172059
0.067213
0
0.0283545
0.0229774
0.0177535
0.022398
0
0.0151864
0.0570048
0.00679444
0.169458
0.136056
0.00857962
0.00986657
1.01366
0.0148743
0.235167
0.0359689
0.00806886
0.0645007
0.00841731
0.0131763
0.255742
0.0158671
0.010067
0.0767062
0
0.234632
0.0232608
0.0172059
0
0.0198345
0
0
0.0152666
0.0285059
0.0685356
0.0297806
0
0.310588
0
0.0443687
0.0349996
0.0119259
0.00840194
0.040999
0.0938391
0
0.0117366
0.01795
0
0
0
0
0.0146389
0.0586124
0
0
0.0199564
0
0.0209539
0
0.0148494
0
0.16217
0.16217
0.106478
0.16217
0
0.241919
0.00943254
0.16217
0
0.00832847
0
0.215985
0.00943254
0.0472971
0.16217
0.0420556
0.00642301
0.0134959
0.0497809
0
0.316944
0.00943254
0.00985768
0.00987329
0
0.0965004
0.16217
0.0748642
0.0133981
0.0382186
0.117068
0.0138073
0.821309
0
0.00943254
0.0381302
0.031622
0
0.304976
0.175748
0.151666
0.0491645
0.00906213
0.088469
0.345802
0.0544378
1.0226
0.00963056
0
0.00943254
0.0467168
0.0514191
0
0.44723
0.205779
0.20728
0.0772449
0
0.00906213
0.076307
0.00882473
0.453989
0.0759081
1.00955
0
0
0
0.00943254
0.0276128
0.0158942
0.203665
0.736711
0.262642
0.197959
0.0992862
0
0.00906213
0.0830819
0.753792
0.0906387
0
1.01385
0
0.0141552
0
0.0196088
0.0100712
0.00943254
0.00873196
0.367708
0.587104
0.248456
0.12068
0.0849195
0.00906213
0.108365
0
0.00931608
0.00944065
0.795086
0.0909807
0
0.176732
1.01045
0
0.0141552
0.103078
0.0196088
0.0139714
0.0100712
0.00943254
0
0.0178342
0.518028
0.282993
0.0862864
0.0146013
0.142492
0.0638981
0.0998093
0.018127
0.00944065
0.803979
0.104856
0
1.01045
0
0.0271179
0.0196088
0.00943254
0.0178342
0.222681
0.0862864
0.0146013
0.0431403
0.0567426
0.0989805
0.0115772
0.0169346
0.771846
0.0758702
0
1.01045
0
0.0540867
0.0196088
0.0178342
0.345081
0.0709232
0
0.0761444
0.0351978
0.172238
0.0256782
0.0903473
0.108954
0
1.01242
0
0.0439522
0.0195265
0.00910219
0.317648
0.0637976
0.0281204
0.106636
0.00812367
0.048924
0.0866349
1.01747
0.0928149
0.0261814
0.00977015
0.353075
0.0140322
0.0205776
0.0138651
0.0321923
0.00812367
0.0489869
0.0800303
0.536825
0.17055
0.017561
0.00977015
0.018567
0.371438
0.0140322
0.0319419
0.0138651
0.015733
0.00812367
0.0406067
0.0664138
0.474827
0.17055
0.017561
0.00977015
0.0272099
0.425744
0.0140322
0.0216528
0.0138651
0.015733
0.0159927
0.0328637
0.0536207
0.425588
0.17055
0.00900953
0.00977015
0.0176671
0.503869
0.027173
0.0113642
0.00675741
0.015733
0.00812367
0.0328637
0.054319
0.375656
0.17055
0.00900953
0.00977015
0.0090242
0.286252
0.027173
0.00721763
0.00771204
0.00812367
0.0328637
0.0403818
0.338571
0.17055
0.0198066
0.364269
0.00721795
0.0318877
0.0156943
0.020017
0.314202
0.183475
0.0095112
0.0100365
0.555749
0.0220219
0.00771204
0.00770079
0.020017
0.226543
0.17094
0.590408
0.00694691
0.126738
0.497127
0.0683179
0.0297988
0.014808
0.249083
0.015351
0.0297988
0.261566
0.0102416
0.021408
0.228637
0.0152191
0.00763565
0.261566
0.0102416
0.021408
0.228637
0.0152191
0.00763565
0.261566
0.0102416
0.0193961
0.021408
0.228637
0.0298741
0.0228474
0.024862
0.0225082
0.00514345
0.356212
0.0102416
0
0.157662
0.021408
0.238762
0.0578022
0.0378018
0.0263505
0.0085181
0.0225082
0.0578037
0.0084676
0.816815
0.0134198
0
0.315762
0.021408
0.238762
0.174532
0.0305045
0.173594
0.00948697
0.093028
0.0153944
0.0434209
0.0621857
0.101866
0.0084676
1.02331
0.0134198
0.00936899
0.0100538
0.464307
0.0100876
0.228384
0
0.220306
0.282449
0.0190996
0.133841
0.00887352
0
0.131128
0.220045
0.167698
0.0170628
1.05516
0.0182946
0.0100538
0.678077
0.0100876
0.248262
0
0.438049
0.0109694
0.561142
0.0190996
0.140516
0.00887352
0
0.15532
0.253055
0.220447
0.00818714
1.00533
0.0132996
0.0421058
0.0182946
0.00662769
0
0.0395504
0.882627
0.277019
0.0144755
0.361994
0.587549
0.0190996
0.190001
0.00887352
0.163678
0.264244
0.2496
0.00704345
0.0172459
1.01881
0.109119
0.0182946
0.0213087
0.0393499
0.019913
0.991845
0.0206478
0.192386
0.0144755
0.262626
0.525243
0.00961259
0.133605
0.00887352
0.0720366
0.163853
0.0806994
0.148729
0.00704345
0.0934955
1.01881
0.0117863
0
0.13769
0.00887826
0.00690219
0.0291494
0.0196565
0.991863
0.0311994
0.0777524
0.0137527
0.118317
0.0111827
0.296048
0.0750343
0.00886268
0.0864066
0.104346
0.010219
0.141456
0.122507
0.00704345
0
1.00344
0.136642
0.00887826
0.0194621
0
0.0158279
0.0488215
0.0285801
0.172283
0.0111827
0.829626
0.106848
0.029811
0.0348298
0.110009
0.0688943
1.03493
0.0943749
0.00998815
0.0197927
0.0434826
0.142498
0.583038
0.139099
0.0145345
0.00908445
0.0719168
0.0253834
1.01783
0.0126435
0.0429046
0.0291663
0.00910335
0.57576
0.00992268
0.0654229
0.0145723
0.0471824
0.0253834
0.999538
0.0175235
0.151938
0.0287209
0.634503
0.0488401
0.0565794
0.0253834
0.88818
0.176842
0.0145085
0.649293
0.0488593
0.0134011
0.0806883
0.0253834
0.795479
0.176842
0.0145085
0.692665
0.0330763
0.0408948
0.0650543
0.0176097
0.756713
0.190248
0.0145085
0.624154
0.0334698
0.0267452
0.0565794
0.0176097
0.714815
0.0101131
0.176164
0.437221
0.0420827
0.0134011
0.0321478
0.00884449
0.659464
0.314338
0.0574712
0.0157056
0.468855
0.236896
0.17477
0.123962
0.0149565
0.0200138
0.192572
0.0212072
0.0200138
0.25231
0.0810929
0.192572
0.0318631
0.0179149
0
0
0
0.0179149
0.0131517
0.0199692
0.00952571
0
0
0.0117035
0.00638626
0
0.00672363
0
0.0161156
0
0
0.00879151
0
0.100068
0.0372818
0.0119826
0
0.00963408
0.00638626
0.0190624
0
0.0630085
0
0
0.03209
0.00746902
0.0490361
0.0197891
0
0.0872807
0.124372
0.325526
0.118052
0.0119953
0
0.0244238
0.0114386
0
0.0111856
0
0.0183876
0.00670082
0.0389877
0.00715026
0.0695864
0
0.0160387
0.0147076
0.0663119
0.00948391
0
0.175355
0.277537
0
0.745962
0.144179
0.0119953
0
0.0244238
0.0114386
0
0.00777348
0.0180969
0
0.0389877
0.0996513
0.0161942
0.00723855
0.107427
0.00989583
0
0.234428
0.38589
0
0.0132105
0.999939
0
0.144179
0
0.0124412
0.0224986
0.0106338
0.00777348
0.00934341
0.0263996
0.0186452
0
0.0642644
0.00814589
0.00723855
0.0995616
0
0
0.0890957
0.220031
0.0121151
1.01684
0
0
0.0897594
0
0.0124412
0.0114386
0.0106338
0
0.00866067
0.0188147
0
0.00873777
0.0203031
0.0362319
0.00772288
0.00746978
0.00723855
0.0633933
0
0.00913576
0
0.0681992
0.166086
0.739406
0
0
0.0232241
0.0149908
0.00866067
0.225951
0.0134522
0.0343876
0.00828144
0
0.0917546
0.0260325
0.0826582
0
0.46534
0
0.0168308
0
0.00688343
0.0102367
0
0.0129632
0.00638312
0.723593
0
0.00758355
0.00643778
0.0474512
0.0244201
0.0145488
0.0542278
0.0700135
0.0938728
0.00843138
0.0225548
0.314336
0.00676764
0
0.00648542
0.817674
0.0181499
0
0.025451
0.0484907
0.0529625
0.0536482
0.0170519
0.0112922
0.084271
0.00874394
0.798428
0.0181499
0.0126814
0.0249391
0.017717
0.0270418
0.00843138
0.0280753
0.798428
0.0181499
0.0271829
0.00929988
0.798428
0.00830139
0
0
0.00718231
0.849103
0.0735407
0
0.0250473
0.0349778
0
0.017262
0.00935377
0.0541533
0.0117036
0.00968326
0.00835529
0.00860779
0.00692819
0
0.0518545
0.0104241
0.0153219
0
0.0139234
0.689518
0.0562216
0
0.0443471
0.042224
0.00804987
0.0135669
0.00777559
0.035151
0
0.0173647
0.00880278
0.0944012
0.0086759
0.0590337
0.00968326
0.0256924
0.0168532
0.0212544
0.0596404
0
0.116934
0.0359844
0.0250596
0
0.494299
0.108308
0.0255255
0.071963
0.0141615
0.00753214
0.0163539
0.00773954
0.00700384
0.0343833
0.063057
0.035151
0.0116519
0.0532614
0
0.00880278
0.261702
0
0.165978
0
0.0182521
0.0160347
0.0168532
0.0108424
0.0143262
0.0355161
0.080607
0.0209497
0.0070256
0.0150522
0.0507898
0.00664522
0.0068786
0.375607
0.0361585
0.0155333
0.149288
0.0565911
0.0088745
0.0427448
0.0152207
0.00691158
0.0535159
0.0953333
0.0351754
0.0116519
0.0471527
0.0280777
0.0188148
0.333218
0.0181515
0.375462
0.0394944
0.00839725
0
0.0174068
0.0358682
0.00715387
0.0597446
0.0112368
0.123764
0.0206844
0.0145743
0.0147107
0.02633
0.0133156
0
0.560477
0.0759736
0.0401025
0.235075
0.05576
0.00742619
0.0332649
0.0469618
0.00732758
0.0679399
0.124421
0.037459
0.0345659
0.047764
0.00930209
0.0371028
0.28856
0.0435003
0.0152838
0.58561
0.0586531
0.0178513
0.0171184
0.0179004
0.0115357
0.0371617
0.0580391
0.0223627
0.145427
0.0206999
0.0138571
0.0290041
0.042456
0.0204285
0
0.546298
0.0724609
0.0251096
0.162655
0.0796419
0.0316637
0.033595
0.0394072
0.101658
0.0807036
0.0194698
0.0228351
0.064082
0.0458593
0.392557
0.0442311
0
0.496983
0.0487039
0.00845386
0
0.009135
0.0115357
0.0604055
0.072382
0.0325296
0.0870474
0.0332048
0.0196951
0.0354636
0.0612092
0.0191988
0.0140515
0.339455
0.128632
0.00832
0.202919
0.0345404
0.017796
0.0180131
0.0545968
0.0267
0.106393
0.0194698
0.046789
0.0655811
0.0273196
0.438629
0.00950505
0.0322948
0.343392
0.0797743
0.0177714
0
0.00885716
0.0115357
0.0528779
0.0607318
0.0223627
0.0641263
0.0103416
0.020875
0.0355935
0.0345173
0.0253328
0.0275461
0.2754
0.129064
0.00832
0.143931
0.0545366
0.0254191
0.0175744
0.0228349
0.00686286
0.0195127
0.0837431
0.0752202
0.0117118
0.0839441
0
0.0276293
0.491751
0.0179262
0.0165429
0.367679
0.0414408
0.0361535
0.016011
0.0167317
0.0343836
0.0220202
0.0615673
0.0223627
0.021562
0.021902
0.0145854
0.021689
0.0171565
0.0255351
0.0207081
0.235861
0.110512
0.0327835
0.0859706
0.00726893
0.048417
0.0339364
0.0312739
0.0311317
0.0482248
0.0483756
0.054333
0.0631343
0.0277765
0.227376
0.00950505
0.0152099
0.666524
0.0615266
0.0163853
0.0163873
0.0237798
0.0290532
0.0370094
0.0225801
0.0213336
0.0214487
0.0210816
0.00757005
0.00864444
0.0129954
0
0.184049
0.0719656
0.00778805
0.053845
0
0.0159649
0.017356
0.00783061
0.0528449
0.110362
0.0235772
0.0932913
0.0485555
0.0188902
0.00926009
0.0100022
0.183874
0.00950505
0.0313685
0.400802
0.0814276
0.00780867
0.0109278
0
0.0247065
0.011182
0
0.0105403
0.0201159
0.0157453
0.0256214
0.0190401
0
0.122964
0.0564678
0
0.0600683
0.0078009
0.0327415
0
0.00747215
0.148418
0.0402339
0.0712303
0.121767
0.0184261
0.0182364
0.0193848
0.0816217
0.0188608
0.0476469
0.483371
0.0499767
0
0
0.0119537
0
0.0302685
0.0181667
0.102787
0.0384551
0
0.0540406
0.0146913
0.00782734
0.00830876
0.00725042
0.00682452
0.0645798
0.0322515
0.0523465
0.0962942
0.0379187
0
0.0284779
0.0998775
0
0.09448
0.250672
0.0411732
0
0.0265964
0
0.00705636
0.0254588
0
0.0113186
0.0232413
0
0
0.0411194
0
0.033745
0
0.0183796
0.0655558
0
0.0617788
0.0181416
0
0.010042
0.128984
0
0.0632198
0.567507
0.0397043
0.0177811
0.0257816
0
0.0125285
0
0.0119537
0.0165913
0.00801279
0
0.0422251
0.0189573
0.00828876
0.0550042
0.0360301
0
0.0453924
0.00802945
0
0.0930003
0.016371
0.0375042
0.0381513
0.029927
0.0282815
0.224406
0.0839803
0.78272
0.0418064
0.0177811
0.0430191
0
0.014325
0.0126944
0.0166477
0
0.00801279
0.00930948
0
0
0.041987
0
0.00828876
0.088767
0.0292879
0.00813151
0.0634654
0.00802945
0.00768952
0.145106
0.016371
0
0.0126683
0.056551
0.0403908
0.057082
0.369244
0.00948456
0.0338067
0.979268
0.0634226
0.0177811
0.0526485
0.0176246
0
0.0304857
0.0495298
0
0.0155223
0
0
0.00712857
0.019138
0
0.027761
0
0.00828876
0.164081
0.0223114
0.00813151
0.0992237
0.0155515
0
0.194132
0.00821804
0
0.0248373
0.0480553
0.0403908
0.106071
0.547512
0.0181097
0.0488811
0.999953
0.0731307
0.0177811
0.0964794
0.0189515
0.0124329
0.0154686
0.0358715
0.0106446
0.0229333
0.00716825
0
0.0087762
0.00686353
0
0.013907
0
0.00828876
0.184966
0.0146291
0.00813151
0.0820287
0.00802945
0.00793427
0.215103
0
0.012169
0.0377399
0.0200162
0.0961244
0.532089
0.0182791
0.034404
0.999953
0.0206539
0.00859986
0.130257
0.0184686
0.0219242
0.0371912
0.0106446
0
0.0108454
0.00656044
0.0148908
0
0.0279534
0.012569
0.00819298
0.149799
0.0142058
0.116446
0
0.188619
0.0230108
0
0.0236158
0.0284214
0.00988089
0.174204
0.445464
0.00962691
0.0966745
1.01749
0.0399243
0
0.103755
0.0171108
0.0220124
0.0114248
0.0108303
0.0143326
0.0108206
0.00656044
0.00663908
0.00812563
0.00623147
0.00648017
0.0193338
0.0396746
0.0075393
0.0825854
0.00751271
0.122097
0.00818179
0.125813
0.00740214
0.0187594
0.0613681
0.0171939
0.00923846
0.177695
0.115017
0.00894897
0.0151586
0.956842
0.0109514
0.00798931
0.0590244
0.0140165
0
0.0220624
0.00722396
0.00656044
0.00812563
0.00648017
0.00617891
0.0176496
0.00801442
0.0520344
0.0140515
0.0149472
0.253482
0.0156778
0.00743639
0.0557291
0.00813186
0.0723846
0.0267967
0
0.0450441
0.0279454
0.00894897
0
0.716135
0
0.00803998
0.0247431
0.00879236
0.012517
0.011186
0.00987106
0
0.0264725
0.0316628
0.0186569
0.00761858
0.0451654
0.0142153
0.0155565
0.244216
0.0153391
0.0419071
0
0.0455832
0.00868425
0
0.0695384
0.0423667
0.00894897
0.0160247
0.546034
0
0.0079553
0.0117548
0.00640156
0
0.0266738
0.0369264
0.0240143
0.00629948
0.176246
0.00682739
0.0280882
0.00745218
0.0366449
0.02316
0.0172194
0
0.0351787
0.0290351
0.00894897
0.0158732
0.138085
0.00796948
0.0117548
0.00640156
0.00648017
0
0.0319531
0.00615394
0.0512672
0.0073223
0.0208577
0.0167533
0.0110435
0.00868425
0.00864825
0.0343934
0.0107226
0.0125803
0.140747
0.0125803
0.140747
0.0125803
0.0115247
0.129078
0.0125803
0.0221152
0.00859032
0.107141
0.0129167
0.0235919
0.0117173
0.0337114
0.0727095
0.0252517
0.01247
0.0235919
0.0117173
0.0337114
0.00845107
0.232632
0.0369455
0.222701
0.0512241
0.0684088
0.00669586
0.0091486
0.0232515
0.0117173
0.0665204
0.0167829
0.685466
0.0621208
0.00820515
0.0179921
0.0163315
0.450896
0.0137725
0.077451
0.134529
0.0136239
0
0.0091486
0.0746201
0.0688204
0.0124175
0.0171472
0.140392
0.0169514
0.00746517
0.833821
0.0485265
0.00674728
0
0.0239032
0
0.0675866
0.675272
0.0137725
0.161143
0.216223
0.00691685
0.0858016
0.0566601
0.0382403
0.0171472
0.268786
0
0.00920034
0.0355383
0.925017
0.00911766
0.0251547
0.00674728
0
0.00774213
0
0.101947
0
1.02136
0
0.200873
0.269053
0.00681998
0.129016
0.069846
0.0259979
0.0171472
0.33586
0.00827116
0.0180936
0.056937
0.708971
0.00911766
0.0251547
0
0
0.00674728
0
0.0292539
0.00855432
0.0513058
1
0.278427
0.366206
0
0.013718
0.237777
0.0693741
0.0124175
0.0186392
0.4035
0.0180936
0.070813
0.478572
0.0116938
0
0.00674728
0.0223994
0.00855432
0.0513058
1
0.0126789
0.177375
0.30676
0
0.00690076
0.210208
0.0589901
0.426509
0.0369794
0.0776482
0.301906
0
0
0.0143122
0.0297009
0.00870809
0.0333438
1.00396
0.0126789
0.101248
0.117606
0.0138086
0.0136543
0.0715203
0.0343049
0.0186392
0.334517
0.0161905
0.0271141
0.0864096
0.179507
0
0.00674728
0.0297009
0.0265154
0.0161992
0.596821
0.0608645
0.082561
0.0138086
0.0166301
0.0224003
0.199918
0.0161905
0.0271141
0.109578
0.124444
0.00674728
0.021745
0.0161992
0.338902
0.0242096
0.0344813
0.0138086
0
0.0155636
0.035207
0.0176376
0.14258
0.0161905
0.0271141
0.160651
0.101716
0
0.0144435
0.0161992
0.0130372
0
0
0.0238422
0.0119569
0.0928306
0.00885408
0.0184239
0.102553
0.0338827
0
0.0138936
0.0130372
0.0253907
0
0.0164109
0.00920034
0.0663972
0.0113801
0.0119476
0.0164109
0.014116
0.00698754
0.00901871
0
0.0119402
0.00849427
0.0111688
0.0129149
0.0515314
0.0283231
0
0
0
0.00929817
0.0621302
0.296475
0.0711111
0
0.0111688
0.0384907
0.222512
0.00949107
0.0144129
0.00685533
0
0.0372262
0.160928
0.573048
0.0803565
0.0360374
0.0446158
0.193099
0
0.363262
0
0.0591818
0.0136216
0
0.0846123
0.220786
1.07978
0.151679
0.0356885
0.0442024
0.295891
0.0108019
0.00900285
0.421019
0.00883583
0.0436101
0.00685533
0.0133096
0
0.139022
0.286068
1.04
0.171339
0.0605105
0.0220792
0.43731
0.00901062
0.363804
0.057974
0.00685533
0.204353
0.267442
1.01522
0.203155
0.0718506
0.428288
0
0.194043
0.0171723
0.0438961
0.205826
0.26896
0.987525
0.194517
0.0346537
0.546615
0.0824105
0.0171723
0.0294314
0.121668
0.105075
0
1.04836
0.128848
0.023003
0.225959
0.00877428
0.0274507
0.0294314
0.0186522
0.0400891
0.638933
0.0552078
0.133532
0.00877428
0.0137243
0.0146989
0
0.0136674
0.0869987
0.00848082
0.0114831
0.0658856
0.00680038
0.0160677
0.0134052
0.00736654
0.00740161
0
0
0.00746764
0.091542
0.00703117
0.0081619
0.0200525
0.0426366
0.00670071
0.0207324
0.0357639
0.00821586
0.00890113
0.00723968
0.00824129
0.00905745
0.0218433
0.0115504
0.0114917
0.0116722
0.0815173
0.00733117
0.0112805
0.0155329
0.4661
0.00703117
0.0081619
0.0758382
0.0164474
0.00674524
0.0300133
0.00734369
0.0171079
0.0421753
0.0175613
0.0130607
0.0465784
0.116475
0.0145205
0.0175642
0.00823882
0.00890113
0
0.0206746
0.0167571
0.0260637
0.046093
0.0556537
0.0112946
0.0159613
0.0114917
0
0.0814779
0.0221616
0.0112805
0.0305581
0.903102
0.00703117
0.0423447
0.0753118
0.0329423
0.0137581
0.0747509
0.0300765
0.0376278
0.0844075
0
0.101369
0.0205886
0
0.0789407
0.576927
0.0297781
0.0343793
0.0260722
0.0566175
0
0.00869511
0.0422086
0.0162066
0.0264212
0.0470982
0
0
0.017396
0.0240903
0.011658
0.14897
0.0510259
0.0331535
0.014189
1.01
0.0162034
0.0438478
0.0748372
0.0151637
0.00674524
0.0907103
0.0227659
0.0757047
0.127168
0.0229649
0.0832376
0.0263053
0.0407528
0.10956
0.799649
0.0432585
0.0357473
0.0519392
0.147572
0.00896332
0.0177467
0.0614437
0.00827947
0.0259179
0.0787101
0
0
0.206194
0.0377215
0.0559057
0.131434
0.0649744
0.0331044
0.0420987
0.604567
0.0244466
0.0517347
0.0468906
0.0344373
0.0218379
0.0744098
0.043389
0.113044
0.143449
0.0220655
0.100735
0.0540409
0.0816328
0.0613397
0.847789
0.0731055
0.0509107
0.103604
0.138731
0.00837579
0.0274813
0.0793958
0.0400871
0.0421662
0.172975
0.0205687
0.0105462
0.121489
0.0629283
0.022048
0.103585
0.0426545
0.0438141
0.0575939
0.347917
0.0778421
0.0603899
0.0274752
0.0663629
0
0.117213
0.0452075
0.129036
0.0403027
0
0.0865742
0.0802524
0.0956095
0.0915063
0.960655
0.0652226
0.0515277
0.115432
0.107464
0.0348061
0.0527555
0.0743351
0.0457846
0.0340759
0.149894
0.0328935
0.0214136
0.152731
0.0385875
0.0336179
0.131071
0.0489062
0.0341214
0.0738533
0.31526
0.039693
0.0585816
0.0833992
0.1001
0.0282892
0.103848
0.0138505
0.144073
0.0550306
0.0105188
0.0866883
0.0595011
0.0425382
0.0606117
0.990562
0.0898911
0.00830909
0.194032
0.180274
0.0270158
0.0543609
0.054409
0.0298763
0.0094078
0.235618
0.0224083
0.0414228
0.187166
0.0259471
0.0564933
0.241851
0.0488185
0.0535327
0.0444619
0.211805
0.0549893
0.0428914
0.0467187
0.0985645
0.0207499
0.102489
0.0296449
0.145676
0.188253
0.0108548
0.0367857
0.0460222
0.0430659
0.0299392
0.998838
0.0454626
0.00830909
0.131431
0.227712
0.0457522
0.061781
0.039283
0.00738345
0.0178437
0.221824
0.0323376
0.040257
0.170122
0
0.0115698
0.273391
0.0349583
0.0320942
0.157635
0.152264
0.0232791
0.0482019
0.018819
0.0494177
0.00683351
0.088501
0.0146196
0.148398
0.0991023
0.0108548
0
0.0735072
0.0135277
0.0300743
1.00005
0.0146927
0.0087768
0.102398
0.170999
0
0
0.0669625
0
0.0249865
0.11952
0.0207748
0.0220695
0.100467
0.0117963
0.0208763
0.307045
0.0146308
0.0320942
0.086806
0.091464
0.00771751
0.0325748
0.0270514
0.00707112
0.0145286
0.0935611
0.0292521
0.0334798
0.0177193
0.0261223
0
1.01747
0.0150637
0
0.0585316
0.0576453
0.00864338
0.0180015
0.0265468
0.00766269
0.0256213
0.125598
0.0207529
0
0.100336
0.0129637
0.0224224
0.144091
0.0216662
0.0412135
0.423272
0.0725352
0.0160277
0
0
0.00723132
0.0544367
0
0.0112709
0
0.00641084
0.0152653
0.603732
0.00828045
0.0514912
0.00866079
0.00873641
0.0271044
0.00766269
0.0499138
0.0347822
0.114325
0.0124919
0.0331314
0.0816985
0.0208224
0.869196
0.0281913
0.00736417
0.00837663
0.0163524
0.00672625
0.0181752
0.0112709
0.00668368
0.279954
0.00859648
0.0423353
0.00848238
0.00646205
0.00787857
0.0583797
0.00737557
0.114201
0.0112186
0.0268657
0.00689685
0.0208224
0.779712
0.0286071
0.0181752
0.0136342
0.0130808
0.0495665
0.0586509
0.00897471
0.0172885
0.0190558
0.0826836
0.0076668
0.0495901
0.0107801
0.032026
0.00675773
0.436029
0.0140506
0
0.0194216
0.0135841
0.0167106
0.0248944
0.0076668
0
0.0114567
0.00648354
0.144288
0
0.0165945
0.00830873
0
0.00715653
0
0.0501239
0
0.0173274
0
0.0544096
0.0141248
0.0160147
0
0.0085653
0.00867705
0.025395
0.00889252
0.00812596
0.0117741
0.0332253
0.0135704
0.0211469
0.0196832
0.392028
0.00751324
0.0789962
0.00901902
0.0173644
0.00645087
0.00802046
0.0381338
0.0121478
0.0160147
0.00656892
0.0141101
0.0159887
0.00735073
0
0.0085653
0.0160276
0
0.00956323
0.165087
0.00734399
0.0176955
0.022654
0.0225652
0.0321828
0.0135704
0.134289
0.0333934
0.00717178
0
0.696284
0.0469771
0.103073
0.00901902
0.0329076
0.00645087
0.0156475
0.056724
0.0360459
0.0135016
0.030731
0.00808306
0.0156841
0.00900386
0.0695212
0.00872773
0.00956323
0.694243
0.0073376
0.00867904
0.0685318
0.07116
0.0324219
0.0827541
0.0253671
0.0998027
0.040438
0
0.0212292
1.00641
0
0.0862187
0.10333
0.00901902
0.0341965
0.0205968
0.0445088
0.0156475
0.130006
0.0586197
0.0485479
0.0364425
0
0.0127177
0
0.021524
0
0.0260927
0.105778
0.00852186
0.00956323
0.910274
0
0
0.0948656
0.06373
0.0111144
0.032158
0.0851343
0.0520074
0.166651
0.0545647
0
0.988582
0
0.0778056
0.0949096
0.00901902
0.0157399
0.0346823
0.0304098
0.00802046
0.185448
0.0290318
0.01268
0.0699688
0.0279957
0.0430373
0.0144732
0.0298291
0.0068824
0.03532
0.0514439
0.0426159
0.00918205
0.93729
0.0216959
0.0241735
0.0353545
0.0551441
0.0111144
0.0772241
0.099393
0.0253671
0.124743
0.230481
0.0142924
0.0320973
0.472056
0
0.103207
0.0867218
0.0189503
0.0493699
0.0281944
0.0900036
0.00802046
0.167673
0.0724431
0
0.0698828
0.0349625
0.014872
0.0313827
0.00760737
0.0068824
0.0441627
0.0329188
0.0426159
0.990464
0.0147863
0.0327999
0.0513814
0.0392082
0.0111144
0.064815
0.119215
0.0515283
0.11246
0.202437
0.0280512
0.0202861
0.314869
0.0440895
0.109804
0.0952062
0.0188517
0.0165797
0.0350569
0.119933
0.0310578
0.187938
0.0444084
0
0.0352431
0.0416271
0.014872
0.0151168
0
0.0227001
0.086797
0.0327612
0.0423583
0
1.00142
0.0347069
0.0243207
0.0602989
0.0392082
0
0.0671044
0.0833308
0.0369785
0.123354
0.161204
0.0362454
0.0102334
0.211452
0.0451026
0.109565
0.0434448
0.0282804
0.0165797
0.00696769
0.0145042
0.0225856
0.151158
0
0.0550669
0.0133148
0.014872
0.0462733
0.0072217
0.00787142
0.0259079
0.0322808
0.0256944
0
0.997942
0.0284723
0.00780225
0.0845259
0.0236223
0.0105961
0.0117563
0.187165
0.0489311
0.123178
0.033281
0.0211829
0.0425583
0.129263
0.118384
0.133279
0.0168042
0.00696769
0.0471598
0.0389817
0.0188869
0.014872
0.0150472
0
0
0.0244909
0.00882051
0.918985
0.00706228
0.0166691
0.0250038
0.00753212
0
0.0670596
0.100243
0.0460657
0.0198052
0.0134234
0.0215928
0.0280805
0.060566
0.125981
0
0.0157399
0.0432495
0
0
0.014872
0.0150472
0.00796066
0.782187
0.00706228
0.00802468
0
0.0112
0.0159897
0
0.0117346
0.00699998
0.00695918
0.0336565
0
0.0595703
0.126528
0.00789728
0
0.00679563
0.00796066
0.311319
0.00706228
0
0.0138359
0.0311662
0
0.0153672
0.0362828
0.00706228
0.00835254
0.00687674
0.0158327
