1
0.196281
0.378366
0.216589
0.857585
0.866076
0.602463
1
0.126086
1
0.154136
0.00878994
0.0027501
0.0354854
0.0027501
0.129094
0.0197774
0.121144
1.06693
0.509587
0.0410839
0.016394
0.00564982
0.118203
0.161887
0.00572126
0.00564982
0.00250282
0.00272686
0.00266375
0.00258463
0.00272686
0.00272686
0.00587993
0.138532
0.0817099
0.474637
0.973311
0.641368
0.0118608
0
0
0.0028662
0.663449
0.00257029
0.00257029
0.016254
0.00557443
0.00257029
0.00300195
0
0.0197207
0.00815954
0.0107548
0.00291149
0.00286007
0.0197495
0.095849
0.00561953
0.00285301
0.0113353
0.00537826
0.0110326
0.039605
0.627773
0.0704133
1.00118
0.99914
0.0081931
0.0427425
0.00314592
0.00822353
0.660639
0.0445589
0.00288168
0.00554563
0.00293139
0.00286007
0.00286652
0.00571621
0.00444309
0.00822679
0.00321348
0.102609
0.00270508
0.00564762
0.0333407
0.242792
0.0470324
0
0.00433166
0.00554397
0.00268015
0.00587609
0.00867861
0.0200983
0.225474
0.0990818
1.01842
0.997193
0.00692266
0.00654514
0.00278246
0.00323584
0.00278246
0.00564253
0.00286007
0.0142812
0.00259926
0.00286007
0.0036955
0.00283
0
0.00923876
0.00283
0.00275048
0
0.00298287
0.0102293
0.00291101
0.0027805
0.00288777
0.002951
0.0126672
0.00848809
0.0456527
0.233371
0.945457
0.00438058
0.00463104
0.0056603
0.00259926
0.00287126
0.00259926
0.00282491
0.00406564
0.00301843
0.0182338
0
0.00251066
0.00288216
0.00329682
0
0.022446
0.00677384
0.0168697
0.00385909
0
0.00923876
0.00546794
0
0.0216249
0.0564352
0.0036136
0
0.00304915
0.00565011
0.0225378
0.315015
0
0.0253936
0.00288777
0
0.0457785
0
0.0103472
0
0.00390009
0.00302883
0.00276752
0.0212535
0.00757754
0.981166
1
0.00273668
0.00273668
0.00362399
0.00299977
0.0251189
0.00273668
0
0
0.0119074
0.00263188
0.0027387
0.00289833
0.0028926
0.00866725
0
0.00252597
0.00821859
0.0100798
0.00705077
0.00252465
0.00576921
0.00277424
0.00277862
0.019981
0.00595011
0
0.00267343
0.00548666
0.00277043
0.00432817
0.0198295
0.323787
0.00345652
0.0163565
0.0045843
0.00880128
0.00304453
0.0321273
0.0029777
0
0.00292718
0.00793912
0.00277862
0.988134
1.0048
0.0134097
0.00246367
0.00808962
0.033804
0.0105586
0.00290248
0.0718465
0
0.010876
0.0507918
0.0179525
0.01751
0
0.00563579
0.010564
0.00277043
0.0174398
0.0102105
0.00536675
0.0346225
0.0058407
0.00291369
0.00246558
0.0121209
0.549013
0
0.0086902
0.00325562
0.00300358
0
0.00272625
0.00251623
0.00289326
0.00771818
0.00298327
0.00434587
0.00277862
0.0123194
0.00254498
0.00310592
0.00798321
0.00587081
0.00259926
0.902196
0.986899
0.00550293
0.0221115
0.0930382
0.00259926
0.0519019
0.0402813
0
0.002972
0.00290702
0
0.0121068
0.0334342
0.00616027
0.00293926
0
0.0158604
0.00574582
0.0127398
0.00565592
0.0491448
0.0192057
0.00277424
0.00298002
0.0263156
0.00579752
0.976182
0.302127
0.008173
0.0693511
0.0211307
0.0143019
0.0339589
0.0108723
0.00276752
0.00537101
0.00280972
0.00241641
0.0601395
0.00529852
0.0670399
0.00285314
0.0670463
0
0.00727028
0.00283294
0.173983
0.00285479
0.00581485
0.00285479
0.00389289
0.0101678
0.581845
0
0.00536167
0.00348903
0.987551
0.0162366
0.0171113
0
0.15836
0
0.00579167
0.00271007
0
0.00280913
0.0058141
0.0286782
0.00351007
0.00536194
0
0.234452
0.0154042
0.00812861
0
0.020314
0.00250006
0.00805218
0
0.0257104
0.0270368
0.00271007
0.00271007
0.997276
0.0741618
0.0026275
0
0.999731
0.358405
0
0
0.430337
0.374353
0.616146
0.994801
0.0145942
0.367062
0.053679
0.00558084
0.144216
0.19113
1.00557
0.99681
0.0816318
0.99943
0.0162634
0.00942898
0.183655
0.00262723
0.00564997
0.0190043
0.897605
0.00359199
0.156421
0.93724
0.99908
0.00687295
0.00279158
0.161573
0.998672
0.0667278
0.12552
0.0180147
0.00830821
0.0640205
0.395906
0.988756
0.072716
1
0.00536871
0.00257538
0.00251909
0.00981612
0.00573202
0.182323
1.00992
0.00251048
0.085994
0.00921648
0.00251048
0.00238342
0.00802013
0.0295673
0.00262153
0.0316148
0.00594964
0.062533
0.0940683
0.0125455
0.848198
0.394308
0.0159122
0.00299233
0.00251048
0
0.0149208
0.00279658
0.998419
0.0214969
0
0.0195181
0.0799964
0.0545235
0.0077289
0.00235473
0.0189374
0.00303664
0.0142884
0.173597
0.0181291
0.00250383
0.297657
1
0.114669
0.0155171
0.0126223
0
0
0
0.0027964
0.0027964
0.00250383
0.00938936
0.00341431
0.00269331
0.0256492
0.00306296
0.00260282
0.00445739
0.00308383
0.0268664
0.0285691
0.00255796
0.00310405
0.0410533
0.0201775
1
0.00250977
0.00803237
0.00251048
0.00521137
0.00246741
0.00249846
0.002613
0.0032153
0.00812527
0.00251048
0.475401
0.0527152
0.00983379
0.00411768
0.0099442
0.00304836
0.0362692
0.0029283
0
0.0060444
0.0799665
0.00251048
0
0.00452924
0.0697366
0.150367
0.00616451
0.0937357
0.141516
0.00253171
0.0055033
0.00265945
0.00279658
0.0029821
0.0217236
0.00262322
0.236144
0.00559925
0.00252706
0.00251048
0.0512452
0.0175599
0.00253171
0.0031118
0.00418414
0
0.11559
0.00361672
0.00253171
0.117069
0.00267258
0.0031171
0.00297159
0
0.0616865
0.0025597
0
0.00297159
0.00399511
1
0.179811
0
0
0.010937
0.0133136
0
0.00308669
0.00515405
0.00608218
0.00421951
0.00908254
0
0.00253171
0.00708665
0
0.110308
0.00273496
0.155737
0.0051842
0
0.00297159
0.00755527
0.0043741
0
1
0.351411
0
0.0398047
0.0533975
0
0
0
0.136141
0.0133569
0.0169953
0
0
0
0.0108252
0
0
0.0147617
0.00294857
0
0.0108252
0.292341
0.00585411
0.0051842
0
0.00528588
0.0359568
0.00775406
0.00306184
1.01066
0.688199
0
0.0401666
0.00568148
0.170706
0.00785744
0.02155
0.00866686
0.00271387
0.00785744
0.0164039
0.00281078
0.00680363
0.0032678
0.00264099
0.0106692
1
0
0
0.041954
0.264325
1
0.00742898
0.00847128
0.00311416
0.0264687
0
0.00595492
0.00268847
0
0.0170423
0.0119321
0.00281099
0.00281179
0
0.0802167
0
0
0
0
0
0
0.00336778
0.521894
0
0.233298
0.430534
0.648835
0.267381
0.00256766
0.268607
0.736795
0.0135211
0.0160669
0.303795
0.983452
0.149556
0.0030858
0.00284758
0.0688024
1.27343
0.0419598
0
0.0117224
0.037873
0
0.00968149
0.00272805
0.0036255
0.0152368
0.0197908
0.00433309
0.0027647
0.00434737
0
0.00697971
0.00287425
0
0.00870093
0.0279189
0.0820288
0.165364
0.00711069
0
0.00295257
0.00315598
0.00317504
0.00289008
0.00305926
0
0.00387856
0.0313103
0.0027777
0.0171869
0.00978762
0.00908689
0.0341156
0.00274377
0.00602141
0.0173149
0.0834273
0.64272
1.00499
1.01729
0.00274429
0.0391944
0.00274429
0
0
0.00274917
0.00274429
0.00466501
0.00711896
0.0831224
0.00457382
0.355618
1
0
0
0.0144255
0.00881485
0
0.00297414
0.00897986
0.0093665
0.0108799
0.00286585
0.0205076
0.00720819
0.0260096
0
0
0.00686171
0.00823287
0.0410709
0.164244
0
0.00840764
0.968231
0.0485308
0.00585341
0.00294795
0.00281292
0.00301879
0.00872449
0.00305343
0
0
0.0252782
0.0232991
0.00264014
0.0838785
0.00275333
0.00573375
0.00290059
0.00573375
0.450558
0.00290059
0.0028153
0.00290059
0.00826582
0.058624
0.162465
1.10346
0.0167899
0.986016
0.00301433
0
0.00293512
0.00413365
0
0.00257514
0.0105484
0.00583394
0.0029422
0
0.00863176
0.00274377
0.0423224
0.00268164
0.0703282
0.00274377
0.002799
0.00881648
0.00291732
0.0212252
0.0130566
0.21608
0.0407247
1.03346
0.998899
0.00289663
0.0131508
0.0106025
0.00259382
0.0240552
1.00301
0.0112727
0.0105484
0.00264712
0.00543948
0.0108429
0.0129604
0.00249569
0.00255258
0.00531415
0.0177033
0.256537
0.0026223
0.0123058
0.00260617
0.00525238
0.00265488
0.002799
0.200657
0.0192299
0.0316799
0.0774072
0.00300688
0.00283337
0.00251044
0.00419851
0.00271723
0.00529477
0.0142946
0.0469716
0.100346
1.08315
1.0721
1
0.00265222
0.0100651
0
0
1.00275
0
0.00311088
0
0.026384
0.00250109
0
0
0.0203915
0
0
0.028143
0
0.0306292
0
0
0.00805476
0.00497473
0.00251044
0.119585
0.00336275
0.00544762
0.00540625
0.00246429
0.00251044
0.00269268
0.00327449
0.00304066
0.406794
1.03039
0.0153185
0.00276405
0.00277808
0.0054794
0.00268402
0.0104955
0.00272395
0.00886931
0.00265222
0.0025871
0.019922
0.00249891
0.00793525
0.00547853
0.00265222
0.0025871
0.979263
0.0210223
0.00779711
0.106434
0.0025871
0.0210967
0.0418173
0
0.0388097
0.0636548
0
0.0298926
0.00268402
0.0106127
0.144457
0.00567517
0.0136984
0.00795233
0.00573635
0.0342365
0
0.352154
0
0
0
0.00273078
0.00725555
0.00296969
0.102392
0.00347005
0
0.0158457
0.0113304
0.00908623
0.00279118
0
0.0143753
0.0113856
0.00279032
0.0085413
0.00721665
0.0106337
0.0154502
0
0
0.00365945
0.0140885
0.0109796
0.0447813
0.00281771
0
0.00281771
0
0.238654
0.00299653
0.0324005
0.00277454
0.00590815
0.0136466
0.00994523
0.00277454
0.00714904
0.00832361
0.466544
0.00755001
0.00279413
0
0.00754929
0.0201538
0.00825493
0.151089
0.438341
0.00252945
0.0152095
0.00256461
0.00264282
0.00262774
0.00281771
0.0489819
0.0760742
0.0362246
0.13583
0.0166095
0
0.0166102
1
1.0018
0.00578847
0.0742639
0.0828007
0.80872
0.0223111
0.00568836
0.0245742
0.00266931
0.00461396
0.00295248
0.0120759
0.00367527
0.00300067
0.0586069
0.00565361
0.0168617
0.0741587
0
0.00278771
0.00277454
1.041
0.00299487
0.978882
1
0.00563384
0.00266361
0.00293124
0.040035
1
0.00287206
0.0286306
0.00274654
0.00286675
0.0214828
0.00565355
0
0.0029345
0
0.0859531
0.0124166
0.00289721
0.98144
0
0.00790149
0.733145
0.00569838
0.00283229
0.00460999
0.00841717
0.00282327
0.0836799
0.073841
0.0103814
0.00288469
0.0421955
0.00289721
0.0108528
0.00293525
0.455617
0.00566668
1
0.0199297
0
0.0144654
0.00299233
0.00568467
0.00580074
0.00567175
0
0.988031
0.73489
0.0874638
0.00658901
0
0
0.0221385
0.00635369
0.0244813
0.268485
0
0
0
0
0
0.00304167
0.00884064
0.00406121
0.0091454
0.0442797
0
0
0.055066
0.0280075
0.982205
0
0.00736261
0.00300833
0
0.0152638
1
0.00300337
0
0.00604722
0.0107566
0.00304836
0.0418565
0.00372278
0.0123543
1.08006
0.0491611
0.062139
0
0
0.00730312
0.00807072
0.018581
0
0.0417799
0.994409
0.21373
0.00260452
0
0.00302706
0.0059003
0.00705617
0
0
0.0147004
0.00251377
0.00272077
0.00253822
0
0.00701806
0.00796473
0.00537328
0.0320589
0.0827359
0.452585
0.0176973
0.933011
0.0841868
0
0.00250508
0
0.00250508
0.00506482
0.0124346
0.00300444
0.0089527
0.97402
0.00298152
0.00296748
0.00409076
0.0280142
0.00302485
0.00251377
0.0107383
0
0.00265029
0.00608586
0.0104999
0
0.0525203
0.00276631
0.0052999
0.00386801
0.241066
0.00253822
0.0148253
0.00575657
0.014391
0.0228405
0.366331
0.0127092
0.00542529
1
0.998742
0.011371
0.015073
0.00279734
0.00267937
0.00276966
0
0.00323057
0
0.00253822
0.00250508
0.00683205
0.013664
0.00250508
0.0039554
0
0.00766413
1.00955
0
0
0.0112191
0.00415728
0
0.00266425
0.00265322
0.00718075
0.00277284
0.00514685
0.0129064
0.142993
0.0219958
0.00266985
0.00262998
0.00918369
0.00253822
0
0.00268477
0.00581567
0.415378
0.00757856
0.961216
0.00846074
0.0500313
1.01159
1
0.0055097
0
0.0306176
0.00756717
0.00816293
0
0
0.00296355
0
0.0541281
0.0556517
0.198522
0.00853445
0.0522598
0.00280018
0.0556517
0.0793934
0.00485481
0.00822826
0.431046
0
0.0531636
0.0030545
0.00264516
0.00266552
0.0190439
0
0.00295
0.0325311
0.00782733
0.00801838
0.280573
0.00254988
0.0394331
0.021776
0.00251819
0.146575
0.00564101
0.0237522
0
0.00881719
0.00237688
0.00564101
0.00952885
0.00577083
0.0141441
0.00272503
0.00564101
0.0104408
0.0078995
0.0140724
0.0562089
0.983677
0.267481
0.536073
0.520146
0.566283
0.300843
0.17737
0.0189364
0.219965
0.801378
0.989842
0.344364
0.00655691
0.0748401
0.00305625
0.0323897
0.0026661
0.00292713
0.05605
0.00303543
0.00569869
0.00963118
0.0669996
1
0.261496
1.03419
0.74511
1.00024
0.00330415
0.00282371
0.20781
0.0059925
0.0084979
0.00880483
0.0345562
0.507396
1
0.750589
0.8466
1
1
0.0027925
0.00458668
0.0106531
0.0407414
0.00820303
0.22818
0.00259162
0.00465027
0.00569148
0.00269166
0.00464063
0.00870412
0.00547822
0.00621986
0.00303065
0.00551258
0.00293829
0.00787969
0.82942
0.00273923
0.0217609
0.00972809
0.00262656
0.0106339
1
0.605128
1
0.999784
0.0152874
0.00262152
0.00265073
0
0.18053
0.158937
0.00545996
0.00258324
0.00271931
0.00256375
0.0281881
0.00540356
0.00319955
0.159489
0
0.0255964
0.00288602
0.00256972
0.0807768
0.922722
0.992839
1
0.993878
0.128793
0.0052573
0.00268332
0.0165511
0.00546045
0.12334
0.00561268
0
0.00549996
0
0.00272957
0.618505
0
0.00409899
0.00284208
0.041547
0
0.9885
0.988704
0.991512
1.01696
0.497281
0.00445094
0.012133
0.00278961
0.0279798
0.00285594
0
0
0.00282023
0.0420606
0.080269
0
0.0927586
1
1.0299
1
1.01306
1
0.00294421
0
0
0.0373372
0.118117
0.994658
0.0028357
0.00297422
1
0.041092
1
0.225317
0.00281893
0
0
0.0028357
0.00292692
0.0107604
0.0028357
0.0120724
0.968906
0.387685
1
0.0696188
0.00281893
0.00472617
0.00289004
0
0.0028357
0.00464445
0.00289004
0.0028357
1
1
0.0234004
0.00272904
0.0172174
1.0246
0.811286
0.00344509
0.0140946
0.00281676
0.00301433
0.0231558
0
0
1.00631
1
0.00777019
0.00776945
0.0251432
0.0172674
1
0.403888
0.00277088
0.0371175
0.232235
1.00813
0.99122
0.0120378
0.0108661
0.910962
0.637978
0.0056483
0.0778899
0
1
1.01605
0.0399849
0
0.00277125
0.0450231
0
0.003605
0.0316076
0.0118468
0.468126
0
0.00279746
0.00436846
0.00839182
0.164874
0.043209
0.00288039
0.0205083
0.00256869
0.010366
0.00345532
0.00254236
0.0207319
0.00256794
0.0684758
0.00254236
0.00287562
0.0220072
0.0196302
0.0455127
0.00280341
0.00280333
0.00554357
0.964627
0.0029
0
0.00280333
0.00280333
0.00280333
0.00276425
0.00955652
0.00376944
0.00281436
0.0356671
1.00597
0.00381081
0
0.00276425
0.039777
0.00276425
0.00542965
0
0.00861563
0
0.00276384
0
0
0.00284223
0
0.00818223
0.00921765
0
0.00818223
0.857824
0.0276384
0.00303999
0.011633
1
0.21891
1.00396
0.528117
0.00277667
0.0113699
0.0597282
0.212777
1
0.0851167
0.651798
0.87558
1
0.00571731
0.0149511
0.00867115
0.14436
0.00860024
0.394962
0.406408
0.264488
0.542177
1.0195
1
0.00311709
0.00259758
0.0375303
0.0167893
0.183633
0.00380602
0.0192007
0.00848491
0.00289768
0.00534996
0.00271294
0.00339117
0.883886
0.0111902
0.00271294
0.00271294
0.00348885
0.544065
0.807179
0.251009
0.00904312
0.806778
1.00906
0.00277224
0.00273013
0.00682916
0.0110179
0.00264887
0.00523569
0.00394574
0.0224387
0.289734
0.0302165
0.140573
0.0360861
0.0138246
0.00413587
0.0027957
0.00516216
0.00809907
0.341167
1.05841
1.01929
0.466803
1
1
0.00273839
0.00269449
0.00271418
0.00250556
0.0137959
0.0270517
0.0766361
0.0275489
0.0794965
0.00315191
0.0126209
1.00042
0.572745
0.0165189
1.00037
1
0.00250556
0.00255139
0.00250556
0.0027426
0.038427
0.0054624
0.198907
1
0.740604
1
1
0.998962
0.980671
1
1
0.729972
0.255326
0.0189163
0.461964
0.229465
0.333929
0.320257
0.512676
1
0.050843
1.30095
0.48629
0.0387636
0.00267424
0.0053357
0.0371046
0.403414
0
0.00284164
0.028784
0.0054914
1.00237
0.0116642
0.0267757
0.016674
0.00581041
0.0172386
0.00287763
0.659717
0
0.0247772
0
0.0412262
0.381916
0.684449
0.0269937
0
0.106489
0.985581
0.130877
0.00305873
0.00868326
0.00747285
0.017687
0.980179
0.00274383
0.00274383
0.0230144
0.00278942
0.0057712
0.00962648
0.00267642
0
0.00283098
0.00844598
0.0399402
0.017006
0.986528
0.98279
0.00603659
0.0552573
0.00278285
0.00267064
0.0085923
0.0024829
0.0028185
0.00275687
0.00256591
0
0
0.0255683
0.130142
1
0.99164
0.00924186
0
0.00283609
0.0373757
0.00261083
0
0.00273198
0.00274383
0.0157102
0
0.00287216
0.00261605
0.00267327
0.00241256
0.00561578
0.00256633
0.00286996
0.00917931
0.00256633
0.0133762
0.0221251
0.00276637
0.00819471
0
0.00256633
0.0040521
0.0108627
0.0114231
0.00565641
0.25668
0.0573426
1
0.999532
0.0285317
0
0.00256591
0.00277872
0.00699794
0.00261605
0.00261605
0.00333999
0.0210568
0.00268152
0
0.0034549
0.00413069
0.00274365
0.00329756
0.00268152
0.019205
0
0
0.0748484
0.00271568
0
0.0604083
0
0.0110024
0
0.00372435
0.00515557
0.00560801
0.0414926
0.0413977
0.915123
0.967928
0.960925
0.00948049
0.0111635
0.00342979
0
0
0.0029186
0.00265124
0.00514382
0.00402374
0.00977875
0.0100593
0
0
0.0172515
0.00551771
0
0.0106268
0.13989
0.00632586
0
0.00267664
0.0029186
0.00366723
0.002915
0.00281911
0
0.00276247
0.0111839
0
0.00277277
0.00305175
0.00361665
0.00795854
0.00277277
0.00258163
0.0434579
0.010214
0.0107475
0.00788151
0.00273361
0.00247354
0
0.943996
0
0.00271231
0
0
0.00962318
0.00252813
0.00267015
0.00268249
0
0.00261605
0.0218349
0.00297219
0.00453248
0
0
0.00831975
0.00302837
0.0028687
0.00429424
0.00269773
0.00538893
0.00564875
0.00253463
0.0546961
0.00308567
0.0027426
0.0029186
0
0
0.991571
0.954191
0.002915
0.00874501
0
0.0226548
0.00590098
0.0193768
0.0075932
0.0349434
0.00319639
0.00516336
0.00870792
0.00542998
0.00277437
0.00314744
0.0242821
0.00261605
0.0186882
0.0660891
0.00474575
0.00287379
0.00271224
0.0105551
0.0186882
0.00261605
0.00505623
0.101511
1
0
0.00271147
0.00537472
0
0.0143827
0
1
0.494364
1.00477
0.00687869
0.00436073
0
0.00809324
0.00675788
0.0065411
0
0.00552979
0.0027339
0.0521248
0.00268249
0.00261605
0.00264939
0.0299842
0.00297991
0.0238404
1
0.388132
0.599464
0.00263759
0
1
0.0408987
0.00327007
0.00423159
0.00286407
0.00846317
0.00270957
0.00261605
0.00300819
0.00357988
0.00478429
0.993934
0.615493
0.00899528
0.0105664
0
0.130597
0.00268174
0.0028679
0.0718404
0.00519474
0.996805
0.276826
1
0
0
0
0
1
0.684513
0.00874405
0.0029165
0.0029186
0.00301065
0.00579645
0.0108175
0.985755
0.0256403
0.964783
1.01169
0.186857
0.125792
0.00584772
0.0256196
0.151137
0
0.00671136
0.821764
0.00282395
0.00339508
0.0431545
0.0306338
1
0.00296132
0.00296877
0.00817049
0.00264454
0.490422
0.0055894
0.0515513
0.0366621
0.0119365
0.0201749
0.015549
1.04534
0.00296132
0.00739512
0.00296132
0.00296132
0.00702936
0.00296132
0.495992
0.00866005
0.0183989
0.0072566
0
0.0097087
0.0795328
0.244199
0.00906383
0.00395371
0.00289939
0.00609918
0.043362
0.0356152
0.283191
1.03913
0
0.00294583
0
0.015355
0.984487
0.00289939
0.00612944
0.00395371
0.0148769
0.0209053
0.999342
0.00967547
0.00343245
0.00277856
0
0.00774165
0.00274303
0.00877703
0.00852114
0.0214695
0.023793
0.00282528
0
0.0524549
1.05995
0
0.158046
0.00270072
0
0.00794399
0.00257071
0.00267721
0.00533481
0.00268831
0.0287399
0.00305735
0.00802284
0.00648661
0.00295521
0
0.00266903
0.00775633
0.0054882
0.00530973
0.0139389
0.0149579
0
0.00282729
0.00272949
0
0.00830874
0.0369764
0.00909336
0.357148
0
0.86943
0.00249222
0.00256086
0.00436436
0
0.0026031
0.00519832
0.00253395
0.00263154
0.0124039
0.00514951
0.00564092
0.00257606
0.00294504
0.039391
0.010847
0.00627601
0.0148372
0.00372545
0.0117213
0.00523288
0
0.00292714
0.00821966
0.0895023
0.00356736
0.13335
0
1.29004
1
0.0172495
0
0.00249228
0
0.00249298
0.00278589
0.00268844
0.00251866
0.00693388
0.00520824
0.00246689
0
0
0
0.00263154
0
0
0
0.0522838
0.00401914
0.0149475
0
0.00246146
0
0
0.00258366
0.0394039
0.00379516
0.653204
0
0
0.00249298
0.0339993
0.983106
0.00249228
0
0.00260263
0
0.00271986
0.00289082
0.00267721
0.0263499
0.00573458
0.00334652
0.0115041
0.00822505
0.00289118
0.00272949
0.0331059
0.00386094
0.00263154
0.00267943
0.00389927
0.00501141
0.0199332
0.223744
0.00869817
0.00290555
0.00348568
0.00248841
0.00249298
0.00267127
0.00972991
0.00267175
0
0.00267127
0.00348592
0.00258037
0.0083945
0.00298478
0
0.00250593
0.00532997
0
0.0149239
0.00246752
0.00249298
0
0.0405811
0.00256243
0.00956646
0.0276571
0.00577417
0.00699919
0.00269673
0.00573425
0.0176298
0.0036146
0.960401
0.528854
0.00466372
0.00257327
0.00248732
0
0.00260775
0.0150356
0.0142289
0.0025921
0.00242789
0
1
0.00286957
0.00871421
0
0.00286994
0.00409875
0.0147285
0.00286994
0.0258854
0.00263272
0.0028567
0.00286994
0.0294275
0.00286994
0
0.00248435
1.00958
0.372877
0.00267127
0.0122231
0.0103528
0.00358566
0.035419
0
0
0.00267943
0.0530579
0
0.0099623
0.00259768
0.00342328
0.149368
0.00524372
0.00382402
0.334009
0.00512413
0.00296171
0
0.00290474
0
0
0
0
0.00283219
0
0.534839
0.913425
0.00248732
0
0.00618395
0
0.00240071
0
0.00453867
0.00539206
0.0144292
0
0.00539206
0.00851377
0.00279162
0.00817836
0.00539206
0.469618
0.00273498
0.0027342
0.00273498
0.00241925
0.00255292
0.00247988
0.02027
0.101085
1
0.00281512
0.0277156
0.0051496
0.0053981
0.00281512
0.00265661
0.00427963
0.00772439
0.00332587
0.0786561
0.135833
0.00514549
0.00514694
0.988714
0.00267893
0.00294226
0.00267893
0.00317764
0.0297609
0.207617
0.318768
0.978524
0.0205218
0.988782
0.975149
0.706549
0.404833
0.796882
0.869481
0.495468
0.133231
1
0.365522
1
1
1.02553
0.0374148
0.00300272
0.456589
0.0285257
0.232332
0.0443211
0.0170512
0.00250776
0.00250847
0.00242459
0.00250847
0.00250847
0.00250847
0.00834875
0.00250847
0.00256041
0.00263599
0.0117711
0.0511825
0.0027068
0.00255076
0.00521304
0.00392961
0
0
0
0
0.00283653
0.00303925
0.00338255
0.0175239
0.0163513
0
0.00687643
0.0162362
0.021621
0.0369752
0.0503494
0.00273532
0.0025929
0.016252
0.00684129
0
0.00284644
0
0.00265268
0.00561204
0
0
0.009012
0.00273532
0
0.0141595
0.00270684
0.00358353
0.0369586
0.00705317
0.00259729
0.00278137
0.00836157
0.0335466
0.011293
0.0166593
0.258795
0.0113812
0.697629
0.983156
0.0836411
0.0426675
0
0.0410139
0.0426632
0.98484
0.00270974
0.00317916
0.00880068
0.00358826
0.00260463
0.00260463
0.00821993
0.0103089
0.00271508
0.00260463
0.00260463
0.0852316
0
0.00275289
0.0135914
0.0054658
0.171547
0.0770646
0.855267
1.02102
0.085023
0.0028552
0.00260389
0.00286584
0.00529686
0
0.00521148
0.00260463
0.00277975
0.00287672
0.00260244
0.00298185
0.474138
0.00275597
0.00563842
0.00296734
0.0214549
0.00790534
0.00832156
0.00298185
0.00297644
0.00283088
0.00318674
0.0137259
0.132322
0.00285232
0.0117957
0
0.0348503
0.0406907
0
0
0.0733328
0.00909944
0.00276232
0.00574178
0.0180049
0
0.00557599
0.00271303
0.0365116
0.05622
0.301482
0.242301
1.01621
1
0.75729
0.00260486
0
0
0.00873294
0.00273139
0
0.0132743
0.00276849
0
0.00296532
0
0
0
0.00359589
0.00460188
0.00262718
0.00562881
0.00561204
0.0317803
0.00293189
0.00562939
0.00288092
0.00277677
0.0269909
0.00528713
0.00564674
0.0122698
0.00720873
0.00482584
0.00836032
0.0071638
0.00392853
0.0056828
0
0
0
0.00266632
0.00541607
0.00390404
0.0108034
0
0.00332785
0.0192206
0.00263857
0.00773928
0.00264015
0.00527531
0.0071638
0.00786767
0.00288643
0.0108383
0.0121882
0.0027881
0.0105629
0.0026479
0
0.0422967
0.0166911
0.00858363
0.350947
0.141253
0.386752
0.938978
0.00278706
0.00268389
0.00273139
0
0
0.00279171
0.00278175
0.00268238
0.00278785
0.00275256
0.00269545
0
0.00268313
0.00291173
0
0.00543016
0.00597121
0.00281777
0
0.00268313
0.0220911
0.00277064
0
0.00276582
0.00694425
0.00574513
0.0321828
0.00254656
0.00256219
0
0.0201235
0.00573968
0
0.00639445
0.00279265
0.0026937
0.0112241
0.0161907
0
0.0515409
0.00287118
0.00536627
0.0555337
0.00268458
0
0.00271303
0.00294545
0.00264341
0.00559036
0.0057691
0
0.00821801
0.0109151
0.00284264
0.00280236
0.00825415
0.00579197
0
0
0.00271303
0.00294545
0.00302167
0.00571997
0.0053794
0.00851859
0.0111029
0.266987
1
0.919103
1.01042
0
0
0.00493698
0.032766
0.00845297
0
0
0.00273139
0.00593889
0
0
0
0.00719179
0
0
0
0.00555191
0.0027549
0
0.00299215
0.00279426
0
0.00284753
0
0
0.0027549
0
0.00277064
0
0.0114991
0.0030768
0.0154707
0
0
0.00281516
0.00277064
0.0027934
0.00281402
0.00889343
0.00305077
0.00270127
0.00287733
0.00299678
0
0.019175
0.00279662
0
0.0214073
0.00900423
0
0
0.00958905
0
0.00285091
0.00797491
0
0.00262256
0.0109379
0.0223992
0.00430568
0.00281736
0.020848
0.00524434
0.00283899
0.00262256
0.0122374
0.00840575
0.00577807
0.0118046
0.0939594
0.0125951
1.00949
1
0
0
0.00277975
0
0.00258032
0.00276771
0
0.00280582
0.00393433
0.0137242
0
0.00274847
0.0040247
0.00863015
0.00294545
0
0.024521
0
0.0380037
0
0
0.00287878
0
0
0.00263188
0.00280977
0.0210993
0.0107373
0.0025559
0.00259604
0.00280492
0
0.00248504
0.00277064
0.16886
0.0056831
0.0027254
0.0703464
0.00304305
0.00495254
0
0
0
0.00524662
0
0.00854805
0.0929656
0.0093189
0.984729
1
0.94299
0
0.00740594
0.00960822
0
0
0.00345534
0
0
0.00592577
0.0115375
0.00274847
0.0128828
0.0200451
0.00297671
0
0.00703309
0.00301576
0.00264653
0.0268314
0.0123314
0.00783225
0.00249287
0.00292451
0.0114991
0.00258307
0.00399378
0.0110167
0.013072
0.00266803
0.00375304
0.0062262
0.00272123
0.04181
0.00298609
0.00528458
0.00277064
0.0234366
0.0138427
0.0106336
0.0819187
0
0.0054031
0.00277064
0.0106012
0.0127939
0.00783841
0.127631
0.0207657
1.0178
0.208963
0
0.014291
0.0316032
0.016428
0.00265416
0
0
0.00863015
0.00277236
0
0.00287672
0
0.00818079
0.00287672
0.00287672
0.0052819
0
0
0.00380722
0
0.00844638
0.00279002
0
0
0
0
0.0027419
0.00400608
0
0.0146632
0.00329884
0.0311474
0.00283765
0
0.00279486
0.0110167
0.0332064
0.00253029
0.00284906
0.00284906
0.0201183
0.00262678
0.00371617
0.00302461
0.00284906
0
0.00285634
0.00543829
0.00593363
0.0117561
0.00935301
0
0.00710505
0.00303275
0
0.00253293
0
0.00280823
0.0108155
0
0
0.00287672
0.0043397
0
0
0
0.00294564
0.939588
0
0.00549129
0
0.0029378
0.00523587
0.0142849
0.0030751
0.024308
0.00297421
0
0.00270127
0
0
0.00773086
0
0
0
0.0163138
0.0196316
0
0
0.0064365
0.00894378
0.00301493
0.00258923
0.00284264
0.0230146
0.00836978
0.00569733
0.00292447
0.00249414
0.0027496
0
0.00290598
0.00273568
0.00470359
0.0027416
0.00289831
0.0362169
0.010347
1
0.00559561
0.00276876
0.00869104
0.00813231
0.00276798
0.00276876
0.00296261
0.00262019
0.00897367
0.00786582
0.00276876
0.0234982
0.00749584
0.0027894
0.0103321
0
0
0.00282527
0
1.0112
0.990221
1
0.0339361
0.00273139
0.00287672
0.0204486
0.0488053
0.00268339
0.0249193
0.00313504
0.0116483
0.00961378
0
0
0
0.0141223
0.00425978
0.00822775
0.012007
0.00854064
0
0.00336335
0
0
0.00585401
0.0253536
0.00577423
0.0056057
0.0603009
0
0.00275919
0.00542007
0.00262256
0.00256518
0.0101754
0
0.0175695
1
0.628891
0.00276927
0.00306687
0.00828565
0.00339287
0.00278808
0
0.00275568
0.00276849
0.00569046
0
0
0.0041136
0.0246703
0
0.00274847
0.00293741
0.758029
1.00281
0.00801317
0.00253866
0
0.00726992
0
0.0704909
0.00267744
0
0
0
0.00442477
0.00265376
0.0115769
0.024988
0.00298185
0.0035234
0.0105903
0
0.00278432
0.0129162
0.0342382
0.00260702
0.0158423
0.0897563
0.00254705
0.0152917
0
0.0201739
0.0027549
0.0129822
0
0.00531723
0.00461121
0.129487
0.992113
0.014065
0.00256445
0
0.00470818
0
0
0.00260429
0
0.0118068
0.00813231
0
0.00559028
0.00249458
0.00273568
0.016519
0.00266252
0.257308
0.716289
0.0208024
0.00256518
0.0232952
0.00296055
0
0.0274711
0.0053552
0.15137
0.0116755
0.00302731
0.00239875
0.00298185
0.0025546
0
0.0385512
0.00432327
0.0322966
0.00256518
0
0.00259288
0.00250512
0.00993989
0.00266252
0
0.00809482
0.0408905
0.00426279
0.00312461
0
0
0.00526954
0.00277772
0.0184288
0.013536
0.00309205
0.0221285
0.00971261
0.00270944
0
0.0233998
0.0158278
0.235007
0.0110873
0.00478272
0.00523559
0
0
0.00271021
0.00625432
0.00267405
0.108091
0
0
0
0.0238987
0.00588528
0.00281313
0.0628116
0.35416
0
0.00298777
0.0033361
0
0
0.00352499
0.00979069
0.00249508
0.00831458
0.00292872
0.0051777
0.020128
0.00575712
0.00283724
0.00249508
0.00357621
0.128174
0.00592941
0.00811534
0
0
0.00266252
0.00611641
0
0
0.00266252
0.00274649
0.00592941
0.00861394
0.102294
0
0.024643
0.0622506
0.0248204
0.0510494
0.00276849
0.00276175
0
0.00564686
0
0.0207637
0.00839737
0.00464316
0.0110692
0.00570956
0.00270047
0.0111247
0.0029394
0.00566793
0.0489109
0.0119546
0.00291647
0.013947
0.11789
0.856553
0.00268999
0.00516197
0.0026915
0.00252892
0.00585964
0.00296206
0.00249791
0.00251686
0.00814915
0.00587535
0.118214
0.00551137
0.00279028
0.00263328
0.0037085
0.018826
0.00292336
0.00298412
0.0210024
0.00258185
0.00370011
0.0232978
0
0.00302222
0
0.988494
0.00427536
0
0.00569477
0.00860838
0.0560191
0.0695058
0
0
0.0284399
0.0027532
0.977289
0
0.00585964
0.00528915
0.0210024
0.0315695
0.00834856
0.0444413
0.0276716
0.00264098
0.0106491
0.00287049
0.00559142
0.00585964
0
0.00274422
0.00289554
0.00464153
0.0186446
0.00269673
0
0
0
0
0.00273706
0.0723498
0.00321011
1
0.00593895
0.00264994
0.00375029
0.00257767
0.00288587
0.00275567
0.00601341
0.017251
0.00282643
0
0.0318
0.026264
0
0.0351869
0.00855491
0.0232482
0.00569593
0.00891718
0.00325943
0.0365579
0.0108609
0.00274879
0.0535031
0.0028158
0.00307323
0
0.00562795
0.00852349
1
0.00864904
0.00852349
0.989074
0
0.00573184
0.00838346
0
0.00247122
0.00821261
0.00247122
0.0169335
0.0238337
0.00288218
0
0.00297323
0
0.00278209
0.00525332
0.164663
0.00278209
0.00284319
0.00525332
0.683291
0
0.0668361
0.00278209
0.00290157
0.00305
0.0493873
0.00553205
0.00253911
0.00393359
0.00990386
0.00859551
0.00253911
0.00589945
0.00253911
0.00253911
0.00422514
0.00253911
0.0579056
0.00290199
0.00518973
0.00795883
0.0108391
0.00558471
0.0113134
0.0083231
0.00289675
0.00865666
0.00289675
0.00713321
0.00289675
0.0145121
0.0136274
0.0139439
0.991329
0
0.0117671
0.00727721
0.011256
0
0.0139633
0
0
0.0139633
0
0.0524691
0.00245909
0.00268958
0.00302293
0.0439995
0.00841019
0.0113006
0.00268958
0
0.116465
0.0214639
0.0487686
0.00292597
0.0709362
0.00270504
0.0174199
0.0390622
0.0683434
0.037476
0.00293838
0.0110025
0.262756
0.984054
0.00258522
0.00353379
0.00285644
0.00285644
0.00290347
0.0162415
0.00261701
0.00268295
0.0592688
0.00265522
0.996419
0.00863038
0.00310837
0.00740438
0.00280944
0.00268958
0.0166054
0.00247837
0.00292597
0.145238
0.00702935
0.00266965
0.0106677
0.00558037
0.00790784
0.0172695
0.00258522
0.00398996
0.0112881
0.0146503
0.499538
0.015484
0.00578306
0.00565229
0.997372
1.01607
0.00829809
0.00377605
0.0164308
0.0136642
0.00292303
0.00299713
0.0135694
0.00284782
0.0153681
0.00284472
0.00297652
0.00454942
0.0153926
0.0377596
0.00449167
1.01229
0.00297622
0.00921193
0.0131981
0.0141955
0.012377
0.00267191
0.00578566
0
0.00299014
0.00273064
0
0.00281057
0.00528234
0.00310337
0.134615
0.00397125
0.00582103
0.00608027
0.0216057
0.00651493
0.00406942
0.00875199
0.0227313
0.346333
0.0257517
1
1.01547
0.0874075
0.00296112
0.00305421
0.016995
0.00265782
0.00619875
0.089914
0
0.0853417
0
0.00733697
0.00272687
0.455954
0
0.978447
0.00287414
0.00273064
0.0200675
0.00405797
0.0176464
0.00348267
0.00794799
0.0217914
0.0179524
0.00292303
0.0368432
0.00258194
0.00852513
0.00980357
0.00292303
0.00703509
0.00281825
0.0172466
0.189182
0.00802043
1.03601
0.00295607
0.00823683
0.00292303
0.981572
0.0247644
0.0166393
0.32963
0.00273784
0
0
0.00282242
0.00276771
0.0160312
0.00548945
0.0027691
0.00265522
0.0421416
0.00312638
0.00268612
0.0689835
0.00276771
0.154715
0.00271457
0.00346333
0.417719
0.00616403
0.0054314
0.00449478
0.00469929
0.0361725
0.00729063
0.00243821
0.00280757
0
0.0246295
0.0100148
0.00278851
0.00814122
0.010712
0.00257027
0
0.0180479
0.00528083
0.188753
0.00389526
0.946649
0.0112203
0.00257027
0.0907906
0.996525
1.01491
0
0.00257574
0
0
0.00517366
0.0204608
0
0.0162856
0
0.0033533
0.00289117
0.231096
0.0139272
0.0252473
0.00308027
0.00345756
0
0.0505382
0
0
0.00257027
0.0445221
0.00269141
0.00715384
0
0.00258522
0.00256135
0.0107062
0.0445432
0
0.68947
0.0155113
0.75823
0
0.00299868
0
0.0025158
0.00346075
0.0031011
0
0.0176464
0.00725869
0.0138362
0.00273551
0.00799628
0.509799
0
0
0.00826425
0.00420153
0
0.00307578
0.00271033
0.0251559
0.0230396
0
0
0.0357146
0
0.00701892
0
0.0997524
0.0108696
0.296901
0.00285653
1
1.01612
0.00768532
0
0.0380517
0.0025935
0.116121
0.00268451
0.00274684
0.0025888
0.00408529
0.00262083
0.00270913
0.014562
0.00306418
0.333263
0
0.00251654
0.00285653
0.00525301
0.154223
1.00421
0
0.00535992
0.827046
0.985171
0
0.00284492
0.00339321
0
0.00387796
0
0
0
0.00843482
0
0.00367182
0.00491104
0.00866575
0.225489
0.200615
0.0110277
0.00262584
0
0.0143724
0.00355635
0
0.417362
0.0086245
0
0.0081503
1.04125
1.0712
0.976912
0.0106073
0.00285653
0.0792197
0.00873823
0.0106691
0
0.00252673
0
0.0026049
0.0615903
0.00377604
0.00255635
0.956361
0.596598
0.0182294
0.00259329
1
0.999408
0.0192514
0.00350398
0.00263911
0.00252599
0.0572436
0.00564889
0.00389526
0.00582339
0.0438239
0.00297348
1
0
0.641073
1.01285
0.865158
0.0100669
0.0169571
0.00366069
0.00276603
0.0144748
0.00564889
0.0990364
0.00295175
0.00422434
0.00300408
0.165213
1
0.0225199
0
0.10654
0.530066
0.128375
0.048795
0.00475465
0.00853453
0.00753345
1
0.0337768
0.00248945
0.00248875
0.00248945
0.00345817
0.480935
0.0379374
0.204659
0.00311009
0.00449562
0.00302803
0.0401971
0.0585545
0.00545716
0.332362
0.00517599
0.00538725
0.0764668
1.33571
0.00324517
0.0087347
0.022417
0.00312443
0.147294
0.00298894
0.00298894
0.0059287
0.00370877
0.0086538
0.0147927
0.00312072
0
0.0030841
0
0.077469
0.0133644
0.961284
0.00267289
0.00300338
0.00300338
0.00315734
0.0923027
0.00292138
0.00300338
0
0.00416187
0.0025638
0.00247845
0.0118911
0.0444913
0.00267364
0.00288882
0.00288899
0
0
0
0.00294595
0
0
0
0.00526634
0.00272871
0.0219296
0.00526634
0
0.0028591
0.00340769
0.0147297
0
0.00309571
0
0.0103175
0.00292243
0.0108247
0.00292492
0.00338232
0
0.0120873
0.00800159
0.0230444
0.00583842
0.0161696
0.0824214
0.316234
0
0.00277536
0.00248534
0.00261431
0.00702212
0.00307852
0.00967177
0
0.00511276
0.00402914
0.00248534
0.0127346
0
0.00300338
0.00269924
0
0.00294595
0
0.00570483
0.00282315
0
0.00935411
0.00270145
0.00282315
0.016586
0.00849738
0.00277129
0.00286393
0.0166856
0.00544174
0.00282315
0.0024738
0.00265977
0.00823067
0.00578113
0.0302086
0.00839141
0.0148428
0.0142626
0
0.0089415
0.00258601
0.054835
0
0
0.00284785
0.0058875
0.00526473
0
0.0277017
0.00822618
0.0278401
0.012197
0
0.0029184
0.00345721
0.00282135
0.0163934
0.00826329
0.02655
0.0113644
0.0376716
0.0644381
0.596515
0.00267213
0.00554191
0.00288882
0
0.00276097
0.00300253
0.00265359
0.0079661
0.00352325
0
0.00390589
0.00892905
0.00267446
0.00768466
0.0025849
0.00854148
0.00284211
0.00283093
0.0176255
0.0025849
0.00330246
0.00806166
0.0476399
0.00284211
0
0
0.00879091
0
0
0.00264395
0.00950049
0.00546525
0
0.0350908
0
0.00288488
0
0.00911375
0
0.00253143
0.00883813
0.0024779
0.00284785
0.00871058
0.0613864
0.00258601
0.0085084
0.0148194
0
0.00268646
0
0.00773713
0.00277458
0.00811412
0.0831497
0.00676656
0
0.0114465
0.00561155
0
0.00258601
0.0151816
0.00285971
0.00678376
0.0207073
0.0232331
0.496616
0.0597723
0.997294
0.00302953
0.0107371
0.00472206
0.0028356
0
0.0078522
0
0.00298894
0.00237153
0
0.00968681
0.086523
0.00599759
0.0137653
0.00267377
0
0.0107581
0.00531664
0.00268847
0.00268613
0.00279255
0.0332236
0.00259614
0.0109544
0.00273844
0.00568137
0.00507459
0.0840185
0
0.362841
0
0.00250767
0.00649342
0.00269499
0
0.0253984
0
0.00267708
0.00278473
0
0.00349772
0.0057075
0
0.0110152
0.00295338
0.00284999
0.00574081
0.00304923
0.00273503
0.00285831
0.0166602
0.00285207
0.00283986
0.0730773
0.00309817
0.00859336
0.00333203
0.0367488
0.0027462
0.00519873
0.00526099
0.0170114
0.151332
0.12549
0.669321
0
0
0.00298098
0.00283627
0
0.00415913
0.00284993
0.0024438
0
0.00283708
0.00309667
0.00272013
0.00578471
0.0111234
0
0.00247845
0.00257877
0.0116593
0.0115884
0.00296008
0.00247845
0.993023
0.0027406
0
0.00974079
0
0.0029563
0.00248055
0
0.00262632
0.0092971
0.00340449
0.00304149
0
0.019161
0.00340449
0.0154974
0.00294367
0
0.00299823
0
0.00352938
0.0127908
0.00254906
0.0027462
0.00266893
0.0218136
0.00952961
0.00865265
0.00379747
0
0
0.00562667
0.00431002
0.00256526
0.0110485
0.073361
1.09882
0.00283733
0.00283511
0
0.00820547
0.00747902
0.00283511
0.00649035
0.00298782
0.0134563
0.00300872
0.00277669
0.00556192
0.0149842
0.00287778
0.00252663
0.377016
0.00507882
0
0.00507485
0.0616593
0.00262058
0.0668765
0.00455901
0.00275778
0.00249845
0.00313133
0.00247845
0.0123638
0.00953682
0.0364662
0.00270751
0.00300338
0.00234646
0.0147338
0.00294639
0
0.0143304
0
0.00967638
0.00515219
0.00247845
0.00679415
0
0
0.0034821
0.00932001
0.00645669
0.00797268
0.00569679
0.0248181
0.0130275
0.00584625
0.0411808
0.00284344
0.0110767
0.00579903
0.0159672
0.00259081
0.0040482
0.0852698
0.0420347
0.321058
1
0.00282315
0.0024943
0
0.00251105
0.00580467
0.00337565
0.00273601
0.00354848
0
0.00538525
0.00284139
0.262144
0.00247548
0.0130147
0.00780147
0.0626079
0.0204038
0
0
0
0
0.00510708
0.0197546
0.109618
0
0.00510708
0.0144664
0.0255354
0.00259308
0.00268265
0.0141119
0.00560889
0.00537335
0.00296052
0.0027462
0.0053902
0.00780579
0.0476995
0.193771
0.312151
0.925408
0
0.00509365
0.00266442
0.00311888
0.0029161
0.00294774
0.00500563
0.0026502
0.145067
0
0.00869389
0.016233
0
0.00298398
0.00257963
0.017201
0.00934223
0.00852872
0.0202283
0.0115974
0.00578616
0.0256217
0.00843499
0.00280937
0.00587662
0.00250402
0.00559137
0.00605068
0.0940183
1
0.98728
0.00281016
0.00452277
0.00710613
0.0766516
0.00297849
0.0029161
0.503586
0.0219646
0.00387066
0.0244266
0.00269835
0.00260884
0.00291139
0.00572667
0.00813737
0.00580753
0
0.00277193
0.00291139
0.00436709
0.0027174
0.00845918
0
0.0388717
0.0528309
1.02899
0.956
1.04335
0.00342441
0.0103631
0.0133281
0.0943879
0.00698361
0.0106768
0.00616498
0.00585034
0
0.00266926
0
0.0175854
0.385736
0.00562059
0.00255241
0.00625674
0.00897374
0.120416
0.964173
0.613073
0.00250343
0.0025599
0.00256062
0.00249126
0
0.0228116
0.00837777
0.00261261
0.0191896
0.0114863
0.0173883
0.00295678
0.0221968
0.00301367
0.00268853
0.0899518
0.00527975
0.00249126
0.942217
0.0117208
0.00333733
0.00290375
0.00273516
0.00268853
0.00268853
0.0219368
0.00279044
0.00274717
0.00268853
0.00472286
0.00294594
0.00739359
0.0570164
0.00280937
0
0.00527029
0.00294594
0.00280937
1.01863
0.817643
0.0070777
0.00231757
0.0117904
0.00249126
0.00522988
0.0112069
0.0172462
0.027511
0.00314702
0.00980603
0.00537349
0.00343529
0.0111999
0
0.00829879
0.0689628
0.00281068
0.00829879
0.00309637
0.0150647
0.0938328
0.708226
0.00284701
0.00300942
0.00805318
0.585322
0.338421
0.00570878
0.00740064
0.0259493
0.00570878
0.0134667
0.00260435
0.0111049
0.0134227
0.00279268
0.00294801
0.0282745
0.00526757
0.0029528
0.022449
0.370677
0.4571
0.625342
0.00286241
0.086638
0.0078391
0.183647
0.617412
1
0.53337
1
0.000368673
0.0842375
0
0.00511552
0.641833
0.206338
0.00299621
0
0.00341051
0
0.0030577
0
0.00257602
0
0
0.00257602
0.0162532
0
0.305806
0.00296148
0
0.00443904
0
0.0221985
0.00310442
0.00258001
0.00296148
0.00274897
0
0.00493609
0.00274897
0.00257602
0
0
0.00740413
0.00239793
0.00565733
0.00310639
0.11349
0.00257602
0.00620618
0.00533001
0.00539683
0.00955561
0.00564987
0.167462
0
0
0.00294268
0
0
0.00300095
0
0.00264782
0
0.00296148
0
0.0198564
0.0114897
0.00248221
0.00384544
0.00888496
0.0134358
0.00248221
0.00784676
0.00294034
0.00296994
0.239477
0.00288239
0.0169189
0
0.0109299
0.00281348
0.00523117
0.00683168
0.00303726
0.00594071
0.00615202
0.00277741
0.00280169
0.00307756
0.00877335
0.0122201
0
0.0432189
0.00264782
0.0170476
0.0260721
0.0162413
0.0088881
0
0.00598462
0
0.00294034
0.420881
0.00854631
0.00315393
0.0057138
0.00846901
0.00270001
0.00314174
0
0.00299782
0.00263493
0.00296424
0
0.00299782
0.00574997
0
0.00770685
0.0082469
0.00255403
0.0109142
0.0199792
0.00579574
0.00542165
0.00282814
0
0.0289595
0.0567793
0.00906407
0.0058391
0.00306481
0
0.00291465
0.00530821
0.0136339
0
0.00887085
0.0174879
0.00285196
0.00265467
0.00294034
0.00591962
0.00538824
0.00304336
0.00587748
0.0821739
0.00242444
0.00274506
0.00734274
0
0.0219437
0.0522734
0.0268524
0.0207652
0.00797129
0.979497
0
0.00313799
0.0148067
0
0.00297179
0.00567013
0
0.00302919
0.00271922
0.00576317
0
0.00278211
0.00266125
0.00252554
0.00293311
0.00399472
0.0054187
0.00300409
0
0.010638
0.0158239
0.00295244
0.0113522
0.00264077
0
0.00247049
0.00877049
0.0194603
0.0184202
0.00291107
0.00874885
0.0221431
0.00542752
0.00264077
0.00441701
0.00274506
0
0
0.0316934
0.00544915
0.00291465
0.0306776
0.0110048
0.005579
0.045554
0.00809168
0
0.0418311
0.0121791
0.00274506
0
0
0.238555
0.0157538
0.00295722
0.0177834
0.00711014
0.00276669
0.00264298
0.00292445
0.0240024
0.00557479
0
0.00883267
0.02294
0.0661535
0.0281542
0
0.501289
0.00299867
0.0029081
0.00291239
0.00279296
0.00260227
0.00552291
0.00287393
0
0.00387955
0.0125052
0.0171827
0.00588892
0.00297179
0
0
0.00312782
0
0.0138513
0
0.00293368
0.00351901
0
0.0218252
0.00277352
0.00299803
0.00294034
0
0.00274145
0.00263493
0.0446438
0.007992
0.0584608
0.00252645
0
0.00821604
0.0124913
0.78578
0.00542008
0.00266465
0.0228004
0.0147521
0
0.0117646
0.00246716
0.00515482
0.0025803
0.00278839
0
0.00295357
0
0.0399626
0.00307394
0.00249543
0
0
0.0405472
0.00303755
0.00884105
0.0214984
0.00272652
0
0
0.0200457
0.0293743
0.134181
0.0147574
0.00292556
0.00284406
0.585492
0.0085813
0.00706494
0.00303895
0.00807328
0.00264111
0.00297179
0.00297095
0
0.00338317
0.0307418
0.00323278
0.168902
0.00275444
0.0030695
0.00297179
0
0.00272833
0.00834392
0.00265528
0.0147212
0.00263493
0.0270514
0.0320829
0.00586936
0.00254083
0.00272833
0.013769
0.00282625
0.00441356
0.0212327
0
0.0766661
0.00287912
0.00297179
0.00271922
0
0.985213
0.00278839
0.00554284
0.00529136
0.002507
0.0233967
0.00932516
0.0146946
0.0222306
0.00281445
0.00241953
0.00278839
0.00546026
0.00815729
0.00470078
0.00258453
0.00859855
0.0407723
0.00307901
0.00840176
0.0214053
0
0.00292296
0.00543867
0.0328634
0.00819232
0.00316201
0.0122684
0.00461517
0.0350335
0.00921249
0.0514378
0.0213761
0.00276347
0.00256982
0
0.00819232
1.00375
0.00826679
0.00492869
0.00597817
0.00649978
0.00311597
0
0.00261701
0
0.00271922
0.00289332
0
0.0194147
0.00639385
0
0.00278148
0.00592716
0.00830785
0.00852471
0.00257602
0.00271922
0.0376649
0.00292737
0.00280558
0.118845
0.00261628
0.0169945
0.00282855
0.00903942
0.00292576
0.0374511
0
0.575914
0.00250297
0.0115729
0
0
0.018008
0.00250297
0.00896156
0.00285807
0
0.00341314
0.0415716
0.00274667
0
0.00278839
0.0252501
0.0145546
0.00312201
0.0115635
0.0124626
0.00729421
0.223177
0.889927
0.019803
0.00733655
0.00563922
0
0.00866447
0
0.00306979
0.00279526
0.0723705
0.525683
0.00386977
0.00301902
0.00249934
0.00279526
0.00709991
0.441958
0
0.00329301
0.00355507
0.0138479
0.0045039
0.00818546
0.00316006
0.00293648
0.00370463
0.0178755
0.00897302
0.0287029
0.0200713
0.0098849
0
0.00264891
0.0121383
0.0193735
0.0284432
0.95167
0.114459
0.0758123
0.00335431
0.00581201
0.0029189
0.00277899
0
0.00277899
0.00267793
0.00277899
0.00277899
0.00282019
0.00297386
0.0110751
0.0173829
0.00604451
0.00279526
0
0.157186
0.00293227
0
0.00281371
0.00272591
0
0.00263108
0.033657
0
0.00261044
0.00280378
0.0055176
0
0
0.0969312
0.00544423
0.00267534
0
0.00300652
0.00297457
0.0226618
0.841822
0.00544423
0.527888
0.0044813
0.00300037
0.00565351
0.0242618
0.00282574
0.00264495
0
0.0310095
0.00835607
0
0.0264538
0
0.00509125
0.834285
0.00559199
0.00869078
0.0140547
0.00382868
0.0173875
0.0126683
0.0941312
0.00931752
0.0027878
0.00543884
0
0.0200114
0.0137416
0
0.00897197
0.00290357
0.00383472
0.0114397
0.0152607
0.00543884
0.00268261
0
0.00710349
0.00823875
0.021454
0.104497
0.00348165
0.980532
0.0216659
0.970963
0.995033
0.00341648
0.0244679
0.0067193
0.00272191
0.0026193
0.00344289
0
0.00261376
0.0029098
0.00561279
0.00264484
0.00563554
0.0319033
0.00250164
0.00287218
0.00412699
0.0143531
0.00839883
0.00537236
0.00799503
0.00555837
0.00300437
0.00413574
0.04493
0.0791077
0.0326315
0.0862072
0.00261376
0.0024582
0.00265044
0.0103949
0.0122176
0.0730492
0.0164723
0.00262228
0.00261376
0.00261376
0.00944126
0.025648
0.0108151
0.0197912
0.00262228
0.00812632
0.00278007
0.0267138
0.00292625
0.00529393
0.239225
0.0189217
0.00540235
0.00263617
0.0721377
0.991126
0.0180078
0.998039
1.00651
0.0053346
0
0.00300437
0
0
0.0146435
0.00300437
0
0.00347374
0.013067
0.016978
0.0416028
0.00532155
0.0256057
0.00891451
0.00864476
0.0172201
0.0195808
0.00423795
0.00271894
0.00864527
0.00259358
0.0166638
0.00370512
0.132915
0.00267993
0.00259358
0.00259358
0.0135807
0.0991184
0.00316322
1.0159
0.0259358
0.288009
0.00296371
0.00296371
0.00259178
0.00257387
0.00257387
0.00257387
0.00253472
0
0.00543154
0.00293459
0.0047526
0.00829036
0.059329
0.00286248
0.00293287
0
0.0594862
0
0.00299935
0.00315601
0.00296296
0.00269474
0.00296371
0.00296371
0.00598023
0.00300437
0.00251737
0.0437067
0.00315088
0.00257387
0.0189757
0.98154
0.368443
0.00277877
0.00257692
0
0.00802424
0.00492266
0.00259437
0
0.00296371
0.0253378
0
0.00310824
0.00307215
0.0131274
0.965679
0.00293158
0.00796121
0.00579802
0.00299953
0
0.0387197
0.00299953
0.995861
0.419216
0.00570672
0.00550844
0
0.0313325
0.00307156
0
0.0301743
0.0112557
0.00290994
0
0.079013
0.00300151
0.597735
0.00314573
0
0.0179451
0.00300437
0.35012
0.370519
0.00984532
0.00578338
0.00275309
0.00303405
0.687814
0.0385145
0.260515
0.002499
0.576225
0.0251742
0.00300066
0.00300151
0.16924
0.150247
1
0.115511
0.0029906
0.730599
0.0662412
0.0655899
0.0502405
0.314659
0.249628
0.35271
0.629321
0.0542645
0.0672681
0.0872658
0.345239
0.573341
0.230294
0.0729961
0
0.0383714
0.0249061
0.00300153
0
0.506011
0.0191735
0.953045
0.0283911
0
0.0354046
0.0167982
0
0.0434578
0.269853
0.625154
0
0
0
0
0.0051957
0
0.00339991
0
0.00616553
0.00267974
0.0459457
0.755518
0.997094
0.991031
0
0.00286118
0.00309168
0
0.0121426
0.00486617
0.0208644
0
0.00370656
0.296992
0
1.03259
0.980545
0.0705169
0
0.00513757
0.002913
0
0.00586341
0
0
0.0168466
0
0.00283326
0.0438495
0.341994
0.00283326
0.0172589
0.00288139
0.00280888
0.0581081
0.867
0.975145
0.0227167
0.00287245
0.00301785
0.0177174
0.00306985
0.00603511
0.00313911
0
0
0
0.00839409
0.0294423
0
0.00261379
0.759782
0
0.00302041
0.00824599
0.0305873
1.07242
0.161194
1.00692
0.147512
0
0
0.015896
0.011468
0.129705
1.00167
0.0243913
0.00539055
0.0278038
0
0.011551
0
0
0.00288513
0
0
0.09743
0.00455547
0.563636
0.0128927
0.00285969
0
0.00288513
0.00283028
0.47073
0.977406
0
1.00665
1.01043
0.553287
0.0416382
0.00293618
0.00302363
0.00305311
0
0.0232061
0.00793731
0.165289
0.931681
0.00280722
0.0236328
0
0.00546241
0
0.00255182
0.00527001
0.00706047
0.0197623
0.00544461
0.00266757
0.00263952
0.00263952
0.043551
0.180277
0.446676
0.00263952
0.0202848
0.00263952
0.00832103
0.00263554
0.453015
0.00989821
0.989617
1.15928
1.06354
0.654629
1.02007
0.998417
0
0.0660383
0.00805218
0.0115282
0.0104514
0
0
0.0305463
0
0
0.00438871
0.00817044
0.00269049
0.0596515
0
0.00306657
0.0109953
1.031
0.130342
0.0028207
0
0
0
0.0111427
0.00307395
0
0.00273741
0.0111664
0.00398974
0.00293618
0.00983155
0
0
0
0
0
0
0
0.997867
0
0.012279
0.620598
0.00878753
0.00251154
0.989647
0
0
0.00672087
0.0105614
0.0153979
0.0522643
0.0030524
0.00309068
0.0328654
0
0.00273434
0.0202045
0.0393819
0.0310725
0.101407
0.899094
0.038235
0.00293618
0.0111222
0.0818509
0.00286721
0.014629
0.00512809
0
0.332047
0.0120058
0.058369
0.00576128
0.00288513
0.015441
0.00867163
0.0919122
0.0616533
0.00855687
0.0088484
0.00275163
0.00288513
0.00480856
0.00737366
0.0256706
0.942264
0.00282706
0.0498269
0
0.00262697
0.00300466
0
0.00823757
0.00511505
0
0.00282562
0.00691619
0.0212744
0.0124223
0.0162083
0.101103
0.197274
0.00933149
0.00264227
0.0471466
0.00300922
0.0125836
0.00251463
0.0163702
0.0083821
0.00235855
0.0024803
0.00572377
0.00833116
0.00298591
0.0650455
0.00285516
0.00251463
0.0024803
0.0141015
0.00286476
0.114515
0.0026067
0.011715
0.0104687
0.981779
0.114448
0.00394219
0.00261969
0.00289213
0.00262043
0.0028023
0
0.00275922
0.0138864
0.163825
0.00253838
0.10127
0.276001
0.00294358
0.150996
0.0030019
0.0122706
0.00867783
0.00297527
0.0108033
0.00288947
0.0796078
0.00279559
0.061254
0.0137215
0.0896397
0.0108162
0.013978
0.0767943
1
0.0855533
1
0.994218
0.897927
0.0025484
0.00338223
0.0161514
0.0055802
0.0029046
0.0137185
0.129881
0.945656
0.00599008
0.00343489
0.00248695
0.00749666
0.00524821
0.101971
0.0106299
0.0147101
0.0114052
0.132345
0.10929
0.0224322
0.00264048
0.00676445
0.173593
0.996784
0.0025831
0.00271502
0.00718204
1.01742
1
0.00297219
0.00305808
0.00495365
0.00298193
0.00255981
0.0193992
0.00929381
0.0829137
0.00566995
0.0263772
0.00281988
0
0.0616072
0.00289274
0.00928804
0.00256579
0.00258087
0.00304059
0.565656
0.00281451
1.00321
0.00258087
0.00833313
0.00269009
0.00259422
0.00802129
0.0179855
0.0107195
0.0279822
0
0.00833595
0.00306932
0.00302999
0.00674013
0.00261501
0.00522806
0.00563555
0.00326876
0.00261501
0.00261501
0.979717
0.00261501
0.00407516
0.0277359
0.00286278
0.0112708
0.00572279
0.0118276
0
0.252375
0.0156345
0.00251891
1
0.00530777
0.0178557
0.00274788
0.0821348
0.0135971
0.0218924
0.0334381
0.0123639
0.00282399
0.0333939
0.00297219
0.00294358
0.0353122
0.00849987
0.0176615
0.00251891
0.0138574
0.945905
0.0138574
1.01618
0
0
0.0139873
0.00251553
0.00251553
0.0173437
0.00251553
0.0024238
0.00300261
0.00279632
0.00251553
0.00547699
0.00850994
0.0037733
0.00811313
0.0158174
0.153795
0.00811313
0.0131805
0.745273
0.0703665
0.00532428
0.00296306
0.00311464
0.0131976
0.0123259
0
0
0
0
0.00276736
0
0.337452
0.00284813
0.00265233
0.00284813
0.00284813
0.00293054
0.00284813
0.00406876
0.00295137
0.0029866
0
0.0213554
0.0217625
0.00889281
0.869741
0
0.0684826
0
0.00333528
0.0119543
0.0147528
0
0.00635344
0.0585271
0.00294228
0.36738
0
0
0
0
0.0316606
0.00282068
0.00296414
0.0266863
0.0435252
0.12464
1
1.0932
0.00295883
0.0030706
0
0
0.00294228
0.00294228
0
0
0.00294228
0
0
0.00579828
0.00465573
0.00757193
0.0381896
0
0
0
1.02647
0.00309592
0.0122905
0
1
0.988673
0.00464571
0.00294026
0.00306059
0.00299377
0
0.00306059
0.00281796
0.0138094
0.0434164
0.0334017
0.0093953
0.00281796
0.00352245
0.00519981
0.00601072
0.167203
0.0117186
1.16007
0.991606
0.00919027
0.00563655
0.708467
1
0.0380342
0.00306693
0.00306693
0.00376302
0.00289948
0.00383776
0
0
0.00293856
0.0269635
0.00564501
0.00981345
0.00683169
0
0.0121607
0.0180627
0.00920458
0.0147273
0
0.062642
0.00281859
0.00982876
0.0188364
0.00301291
0.3005
0.0115532
0.631573
0.820121
1.00233
1
0.00337128
0.00259183
0.00284281
0.00291319
0.00296231
0.0263294
0.0230085
0.0672861
0.0344305
0.00298567
0.993397
0.0207863
0.00696437
0.0152444
0.0348908
0
0.00595368
0.00676246
0.0026451
0
0.00291319
0.00261495
0.0954768
0.00565469
0.00290247
0.0191389
0.0681367
0
0
0.00281903
0.0119862
0.0269212
0.0380355
0.550231
0.0984782
0
0.00266275
0.992308
1.00127
0.00281546
0.00281546
0.00286079
0.00281546
0.00290044
0.00281546
0.00791029
0.00290778
0.00259183
0.0274382
0.0082489
0.0202518
0.0112927
0.151309
0.99901
0.0168372
0.0274762
0.00274902
0.0028094
0
0.00860323
0.0105816
0.0184732
0.00856227
0.00290247
0.00281859
0.00569966
0.123505
0.0111334
0.444971
0.00283844
0.0295787
0.0109252
0.00272963
0.00566385
0.0147305
0.00826077
0.00267301
0.355195
0.00914739
1.00722
0.295114
0.0123589
0.964044
1.00047
0.995144
0.0335376
0
0.00300529
0.00564757
0.00254836
0.0419042
0.0193335
0.0957244
0.0196094
0.0868285
0.993055
0.00290247
0.0029496
0.0372004
0.00712355
0.0170811
0.00290247
0
0.0907692
0.00270639
0.00276138
0.0110216
0.0673236
0.249195
0.0057498
0.0314778
0.00373138
0.00906194
0.0110216
0.00276138
0.0127085
0.00276019
0.0053461
0.200517
1.00366
0.00920458
0.0110774
0.637281
1.01014
0.00444546
0.00293928
0.00767852
0.0374445
0.0029157
0.00254836
0.00249125
0.027362
0.00259183
0.252542
0.00598115
0.0206125
0.00457382
0.00305568
0.00370262
0.00994612
0.00271858
0.0176355
0.00296212
0.00308318
0.00271858
0.00804539
0.00935383
0.027926
0.00543927
0
0.063028
0.00536382
0.495431
0.0114948
0.00549133
0.0669472
0.042427
0.00583764
0.00894632
0.0604386
0.00809505
0.986808
0.565407
0.0172019
0.0622846
0.00311165
0.0144492
0.00843
0.0500253
0.0787906
0.00838972
0.00289022
0.214248
0.00518708
0.00517582
0.00518854
0.00515202
0.0853602
0.0221759
0.00518854
0.00519
0.00517437
0.00518854
0.0132685
0.474198
0.0105426
0.00864757
0.0625649
0.00537335
0.0302003
0.00518854
0.0315886
0.0258675
0.0302003
0.00523115
0.00886722
0.00292229
0.00295895
0.36215
0.00518854
0.0155444
0.0385105
0.0285152
0.0222366
0.0304484
0.0223137
0.00518854
0.00486433
0.036866
0.0162202
0.0103629
0.00741221
0.0105438
0.0162202
0.00512873
0.0539511
0.00524814
0.0757671
0.0780978
1.07643
1
0.267883
0.00255993
0.00543954
0.442735
0.00404313
0.792885
0.00536925
0.00256065
0.00256137
0.00510511
0.00258319
0.00384098
0.0977578
0.00264022
0.0427011
0.0351348
0.0394746
0.0338836
0.0351348
0.0124153
0.00310895
0.00619952
0.0538357
0.13815
0.00257535
0.0024661
0.00333998
0.00264579
0.0109323
0.00506165
0.00257535
0.00269689
0.00960244
0.0355695
0.00669714
0.00256065
0.0394191
0.00260721
0.00274739
0.00390981
0.00256065
0.007704
0.000317061
0.0679885
0.00768141
0.0628606
0.297008
1.00478
0.998217
0.0155737
0.0103266
0.0155781
0.0243006
0.0212429
0.0289926
0.00259309
0.0155781
0.0155825
0.0132026
0.0180677
0.0539095
0.0104409
0.0895536
0.00266018
0.00800472
0.00800472
0.0208958
0.00335915
0.00800472
0.0219012
0.0185131
0.0218245
0.00800472
0.00800472
0.0208958
0.0433517
0
0
0.0631371
0.0519881
0.0163811
0.00269925
0.00260024
0.00251908
0.0218579
0.0212385
0.00370902
0.00777716
0.0155781
0.00964599
0.0329015
0.00518382
0.00261139
0.00969157
0
0.0259019
0.0203193
0.00838984
0.00785887
0.00523358
0.0101396
0.0254821
0.0297758
0.0134522
0.0871044
0.0380001
0.130954
1
0.0155327
0.0155371
0.0258952
0.0160004
0.0155415
0.0155371
0.0388428
0.00523338
0.00260864
0.00782591
0.00802384
0.0676657
0.0059379
0.0120993
0.0649524
0.0072598
0
0.00296957
0.0078542
0.0179851
0
0.0328446
0
0.00262754
0.0155371
0.0195346
0.0129285
0.0161665
0
0.0162939
0.00286698
0.0155371
0.0168632
0
0.0662252
0.0582642
0.151055
0.0151112
0.0155271
0.0123368
0.0248026
0.0155315
0.0155271
0.00279147
0.0582266
0.00394155
0.00271961
0.0078004
0.00242203
0.00249632
0.0212738
0.00249632
0.0190009
0.0371351
0.0148775
0.00897107
0.190267
1.05078
0.0112039
0.00249632
0.00266146
0.00266146
0.00322524
0.00293197
0.00266146
0.00249632
0.00266146
0.00272523
0.0035347
0.00665366
0.00257171
0.0025938
0.00272523
0.00286698
0.0212723
0.0077267
0.0162187
0.00292594
0.0162877
0.00294286
0.0155271
0.0122001
0.00262812
0.0280311
0.0582266
0.422186
0.012853
0.029186
0.0134778
0.012853
0.00590519
0.0432288
0.00681257
0.00271541
0.0102529
0.00253418
0.00394412
0.00813451
0.00261937
0.012853
0.0102529
1
0.96143
0.00260009
0.0327363
0.0123903
0
0.0742822
0.00260009
0.0332357
0.00409568
0.0380618
0.00872989
0.0124791
0.0057082
0.00308384
0.0624136
0.00285898
0.013482
0.00468364
0.00546997
0.0215503
0.0963977
1
0.00528479
0.0251614
0.556132
0.0181203
0.0626715
0.00838714
0.0112912
0.00311571
0
0.00758884
0.026494
0.00967867
0.00527669
0
0.0125807
0.0237983
0.0157244
0.00387953
0.0411061
0.467371
0.00717862
0.118597
0.00541337
0.00836598
0.0157939
0.0452167
0.00880299
0.00880547
0.0211486
0.0331579
0.00890392
0.00880795
0.0187895
0.0433604
0.0114854
0.497199
0.030127
0.00890552
0.0125319
0.0125792
0.00890392
0.0293516
0.0084217
0.0026121
0.0196702
0.112737
0.00790529
0.00790753
0.046141
0.0347694
0.00796276
0.00790975
0.0231796
0.0695388
0.0182481
0.857912
0.00667168
0.00534413
0
0.0123903
0.0131792
0.0166998
0.0197688
0.0244501
0.00753193
0.0031016
0.0242356
0.890119
0.00310676
0.115898
0.00526823
0.0190854
0.00796571
0.00663841
0.0381709
0.00531305
0.00531305
0.345348
0.0138803
0.00530081
0.00530231
0.00883718
0.00529325
0.0053038
0.00530231
0.0132558
0.00425824
0.00255495
0.00255495
0.0191621
0.00258983
0.00255495
0.00255495
0.00837206
0.0255566
0.00548515
0.053038
0.00568104
0.00501176
0.00552508
0.139721
0.00568104
0.00285471
0.0433968
0.00267218
0.00269507
0.0132935
0.00548829
0.00267294
0.00267294
0.00531889
0.0027598
0.00267294
0.00264445
0.00267294
0.00264445
0.00531234
0.00267294
0.00275849
0.00805755
0.00267294
0.00264445
0.406959
0.00393644
0.00267294
0.00275649
0.00267294
0.00275322
0.00565257
0.00267294
0.00296993
0.00714653
0.0356946
0.0110748
0.00291705
1.0261
0.00278932
0
0.011015
0.0025655
0.00279011
0.00279011
0.0027909
0
0.00286224
0.00279011
0.0109176
0.00285947
0
0.0629567
0.999656
0.0135763
0.00279011
0.0315973
0.016196
0.0105252
0.0110532
0.967406
0.994019
0.0133756
0.0509647
0.0134121
0.0160311
0.0636555
0.00519629
0.0134159
0.0267738
0.00335009
0.00281063
0.0267738
0.00529133
0.0138558
0.00281063
0.0269803
0.0278112
0.00281063
0
0.0267738
0.110872
0.092363
0.0159217
0.00281063
0
0.0309395
0.307685
0.00283231
0.00571695
0.00780668
0.0054343
0.0105399
0.00267451
0.0185593
0.0160139
0.0263346
0.0217156
0.00853139
0.094015
1
1.0107
0.0338098
0.219969
0.0441122
0.281428
0.0338194
0.0338194
0.0338289
0.0341525
0.0338194
0
0.0370482
0.0370482
0.0374887
0.0547001
0.0440538
0.00247714
0.0370482
0.0711105
0
0.133211
0.038792
0.0163112
0.406302
0.0285809
0.0190774
0.0104532
0.0164312
0.0285809
0.00523842
0.038974
0.0213634
0
0
0.00517463
0.00268864
0
0.082176
0.0244466
0.0112525
0.0463357
0.0037069
0.18965
0.999673
0.0162035
0.0167259
0.0299996
0.00267594
0.016208
0
0.016208
0.0162126
0.00291451
0.0286792
0.016208
0
0.0160949
0
0.0158556
0
0.00456677
0.0135151
0.0274602
0.0186493
0.0133032
0.158551
0.0108732
0.00821833
0
0.016617
0.00334154
0.306498
0.010886
0.00861025
0.00530889
0.0111962
0.00738453
0.010886
0.00532204
0.0192106
0.00270484
0.00589017
0
0.0262481
0.00840697
0.00368701
0.00269442
0.0218955
0.0372893
0.00852053
0.0355874
0.0294399
0.99128
0
0.0378746
0.0160968
0.0330514
0.189373
0.00281333
0
0
0.00284705
0
0.0190961
0.0315622
0
0.493621
0.0187293
0.00274408
0.0160968
0.0132983
0.0330978
0.00276382
0.00273598
0.0219238
0.03225
0.0450888
0.0672492
0.0179347
0.00264488
0.0025842
0.0273749
0.0160764
0.0107639
0.013352
0.00536341
0.155472
0.0104828
0.0133482
0.00279172
0.0444837
0.0132761
0.0107639
0.96985
0.966924
0.299978
0.00780982
0.0917361
0.00293312
0.0380532
0.010355
0.00294929
0.0194112
0.0473176
0.899163
0.00400653
0.00564102
0.0082224
0.0322933
0.00279172
0
0.0183195
0.00279172
1.00731
0.0216711
0.00370579
0.00279111
0.0201188
0.0220596
0.0112914
0.00557999
0.0391765
0.0146788
0.00448155
0.00818445
0.00281545
0.0193812
0.124943
0.00546274
0.96637
0.0185311
0.0389597
0.00837275
0.00812947
0.0108744
0.0096906
0.0245773
0.0136815
0.0280883
0.0157968
0.944151
0.00548901
0.0137367
0.00268348
0.0157294
0.0442779
0.015651
0.010437
0.031302
0.00257978
1
0.00259051
0.0109245
0.0125208
0.190978
0.982341
0.00260886
0.950293
0.272508
0
0.00243668
0.00255617
0
0
0
0
0.00266796
0.00935567
0.0296441
0.00280724
0.00249485
0.00299408
0.00249485
0.00300429
0.00251439
0.00312712
0.00300587
0.0560845
0
0.00598817
0.00262467
0
0
0.00251382
0.00252421
0.00300175
0.0144967
0.164371
0.0124106
0.520987
0
0
0
0.00435728
0.00251439
0.00653593
0.00251439
0.00253504
0
0
0.00847204
0.00816622
0.00288972
0.0323638
0.0026597
0.011998
0.026999
0
0.00257847
0.0164403
0.0086543
0
0.00574397
0.0111647
0
0
0
0
0.00287041
0.00255252
0.0146756
0.150415
0.0268041
0.366531
1.00106
0
0.00724026
0
0.0027643
0.00375837
0
0.00597776
0.00292852
0.00292852
0.00364005
0
0.00262027
0.0410016
0
0.00268761
0.0080022
0
0.121818
0
0.0140737
1.05562
1.00997
0.00485932
0.00620709
0
0.00292852
0.00258966
0.00594172
0.00345413
0.00261437
0
0
0.00261437
0.00922156
0.00249485
0.00305867
0
0
0
0
0.00263983
0
0.0124566
0.00276928
0.0059054
0.0218068
0.0408582
0.0449381
0.00261437
0.00474505
0.00675953
0
0
0.0219301
0.0081773
0
0
0.00305477
0.00428803
0.00299444
0.0209454
0.00299408
0.00309112
0.00299408
0
0
0
0
0.0164859
0
0.00282353
0.0165118
0
0.00544776
0.00292852
0.00274696
0.00367286
0
0.00267848
0.010969
0.00275861
0.0113074
0.269079
0.0106949
0.00680894
0.00249574
0.00536154
0.00283625
0.00764204
0.00271826
0.00268204
0.0027643
0.00737362
0.0364312
0.0122557
0.0604604
0.00249574
0
0
0
0.00553181
0.017391
0
0
0.00288177
0.00249574
0.00573694
0
0.0048375
0.00288224
0
0.00270381
0.0482018
0
0.00752827
0.00270381
0.0104833
0.00511286
0.00281331
0.0822997
0.910497
0.00282725
0
0.00432719
0.00282565
0.00282645
0.00284703
0.00287378
0.0107316
0.00271015
0.00293829
0.00251439
0
0
0.00595578
0.00595139
1.01905
0.0166829
0.00296602
0.00256579
0.00249574
0
0.0127631
0.0237311
0.00278126
0
0.0023869
0.00256428
0.00366541
0.00256579
0
0.00785276
0.00314065
0.00855263
0
0.0059749
0.00268946
0.0028912
0.00248251
0.0322905
0.00585121
0.0100009
0
0.00270393
0.00240512
0.00248251
0.00270254
0.0468446
0.888456
0.077877
0.00387428
0.00260978
0
0.0055546
0.0027837
0
0
0.00815157
0.0219511
0.00853264
0.011338
0.0226035
1.02118
0.848795
0
0.00299408
0.00268557
0.0144149
0.00304817
0.00581426
0.0681103
0.00268557
0.0027643
0
0.0218194
0
0
0.00379171
0.0226458
0.0353401
0
0.0155412
0.013569
0
0.0124585
0.0223379
0.00587366
0.00274917
0.00252421
0.00286812
0.00251439
0.0054884
0.101897
0
0
0.00527822
0.00251439
0.00286812
0.00285131
0.0361086
0.00256148
0.0834076
0.00625948
0.140221
0
0.00429
0
0
0.0251454
0.00247115
0.00395988
0.00247115
0.0208421
0.038302
0.014278
0.0585373
0.914977
0.144542
0
0.0027643
0.00247115
0.00268557
0
0.0103766
0.257104
0.0117639
0.00541379
0.0138215
0.00247115
0.00243067
0.00268557
0.0030323
0.00577539
0.00752728
0
0
0.0228986
0.247039
0.00610803
0
0
0.00279303
0.00843402
0
0.00285111
0
0.00251439
0
0
0.00285131
0.0535377
0.0186683
0.0854428
0.0050947
0.0114543
0
0
0.00480236
0
0.00314355
0.00729971
0.068364
0.846219
0.00244939
0.00236414
0.0143073
0.0445612
0.00256667
0
0.00303518
0.00297869
0.00243927
0.0137055
0
0
0.00258966
0.00762631
0.0146963
0.00293552
0.123117
0.918412
0.0719379
0.897807
0.00917425
0
0.00391516
0.0501318
0.00272261
0.00858143
0.0118
0.00247225
0.0166523
0.00297672
0.00503172
0.00265458
0.00603556
0
0.0238881
0.00565164
0.00770378
0.00258858
0.0333107
0.0168477
0.146135
0.0292848
0.0157485
0
0.00285131
0.00839117
0.00587323
0.011228
1.00942
0
0.00789771
0.00294394
0
0.00275789
0.00267634
0
0.00674251
0
0
0.00671773
0.00674251
0
0
0.0343516
0.829561
0
0.15896
0.00292334
0
0
0.00278683
0
0.00283812
0.00471606
0
0.0115096
0.00288524
0.0236906
0
0.00379171
0.00853509
0.0232286
0.00276981
0.00850755
0.00572084
0.00301925
0.00827608
0.0403127
0.0352812
0
0
0
0.00527331
0
0
0.964398
0
0.00276638
0.0351744
0
0.971936
0
0.00282962
0.00282963
0
0
0.00293836
0.00363372
0.00257473
0.0026597
0.0913037
0.0146541
0
0.00247225
0.0271601
0.00285049
0.0023345
0
0
0
0.00458997
0.00691099
0.00298564
0.00294673
0.00247115
0.00290698
0.101602
0.0232214
0
0.0237517
0.00276061
1.02204
0.00580202
0.0603916
0
0.00266036
0.00259136
0
0.00821762
0.00282264
0.00286118
0.00424182
0.0252252
0.00546773
0.00275789
0.080518
0.0027766
0
0.00570616
0.00548113
0.0250796
0.0431823
0.00259371
0.0304435
0.00548082
0.0289375
0.00573671
0.00550662
0
0.00542829
0.0222465
1.03805
0.0198944
0.00542829
0
0.0113209
1.00863
0.00279292
0.0394487
0.00312968
0.00572613
0
0.00594987
0.00247738
0.00298189
0.0033411
0.00689472
0.00544664
0.00459648
0.0028824
0
0.00247225
0.0191673
0.0315241
0
0.00927096
0.00278701
0.0138875
0.00265258
0.00824121
0.00286163
0.00265258
0.00242288
0.00265258
0.945797
0.00265258
0.304953
0.974706
0.00296245
0.00308957
0.00651571
1
0.373666
1.0039
1
0.00262029
0.00967242
0.00280797
0
0.0191072
1
0.594326
0.90089
1
0.351633
1
0.00296245
0.00355651
0.00284217
0.00281584
0.00430525
0
0.00284217
0.00683933
0.0140949
0.00994761
0.00259301
0
0.00284217
0.0482845
0.0077363
0.318441
0.980914
0
0.433442
0.117975
0.998032
0
0.00280492
0
0.00255193
0.00287384
0
0
0.00824946
0.0131415
0.00248763
0.00309232
0
0.00549224
0.00259829
0
0.00257507
0.0149699
0.00249498
0.0112657
0.0141616
0.0285706
0.0262741
0.00249498
0.597633
0.87027
0.0206604
0.0112168
0.0121026
0.00299265
0.00299265
0.00287492
0.00287492
0.0142043
0.00287492
0.0028971
0.010781
0.00411963
0.00263166
0.0028971
0
0.00298415
0.00558857
0.00661403
0.0110732
0.00264561
0.00292192
0.00861168
0.00565946
0.105442
0.119313
0.00290173
1
1
0.0162231
0.00285499
0.00273189
0.00262517
0.00253967
0.0136594
0.00253967
0.00430525
0.00256987
0.00233198
0.00952377
0.00548789
0.00247347
0
0.014349
0.0115706
0.00568154
0.0194043
0.00538935
0.0467032
0.00380216
0.00311331
0.00457824
0.00781326
0.00290037
0.00452347
0.00246679
0.00310998
0.00282577
0.00314549
0.0139929
0.00299086
0.00283937
0
0.00255648
0.00235198
0.0044407
0.0110047
0.00399796
0.00247347
0.0025164
0.00293296
0.00932858
0.00245436
0.00249498
0.0565341
0.00748295
0.00289175
0.0266151
0.0025164
0
0.00311553
0.0104387
0.00356425
0
0.0537557
0.00316711
0.00266151
0.00283504
0.0027073
0.00517409
0.00285932
1.034
0.00524697
0.00266151
0.00313978
0.00268754
0.00928315
0.00264868
0.00266151
0.00253967
0.00278494
0.00314938
0.00792234
0.0054974
0.00564513
0.00558762
0.0183247
0.00558762
0.00558762
1
0.00258375
0.0780276
0
0.01067
0
0.455934
0.00264495
0.0162392
0.00830563
0
0.0151219
0.0757079
0.011708
0.00248561
0.00833342
0.00263568
0.00266151
0.00469434
0.00654464
0
0
0.00813223
0.00300469
0.0601379
0.00966525
0.00537056
0.0078197
0.00265444
0.00537056
0.00803128
0.00272494
0.0078197
0.0221875
0.00272494
0.00272494
0.00816961
0.00271719
0.652785
0.00247347
0.00881871
0.0524755
0.023093
0.00360765
0.00280043
0.171597
0.00272414
0.00266151
0.0197785
0.0117733
0.0219328
0.0232091
0.992764
0.0054958
0.00253967
0.0269504
0.00245124
0.867232
0.108847
0.181261
0.0385638
0.00258351
0.00741598
