0
0.0271183
0.054493
0
0.140974
0.0199035
0.0105931
0.0215989
0
0.0106868
0.0548584
0.325534
0
0.0271183
0.0223422
0
0.00997052
0.0109839
0.140974
0.0126084
0.0576113
0.0142059
0
0
0.0197293
0.0170138
0.0271953
0.793088
0.0271183
0.030271
0
0.00997052
0.484697
0.0693165
0.00845189
0.020708
0
0.0378235
0
0.184466
0.0283567
0.149698
0.0271183
0
0.0191418
0.206544
0.0568599
0.00845189
0.0065021
0
0.0378235
0
0.184992
0.0283567
0.111692
0.006819
0
0.00931846
0.0321489
0.00635173
0.0211499
0.0425624
0.0065021
0
0
0.0163314
0.0830054
0.0150541
0.120453
0.006819
0.00954063
0.00731225
0.0105344
0.0379753
0.0436104
0.0270414
0.00660084
0.00922117
0.0474432
0.108395
0.0145656
0.442634
0.0203937
0.0546483
0.006819
0.0193963
0.00763765
0.0427095
0.292048
0
0.0774355
0.0682347
0.0620178
0.00922117
0.00984428
0.0337281
0.0832133
0.0111483
0.0192014
0.0287419
0.751664
0.0186572
0.022017
0.00803921
0.0379144
0.00954063
0.0372632
0.00936797
0.0638147
0.748452
0.0153609
0.0884873
0.0663364
0.00995292
0.015469
0.0717592
0.00965481
0.00984428
0.110499
0
0.16585
0.0111536
0.0379955
0.0145656
0.900677
0.0108496
0.0359011
0.0149792
0.022017
0.016565
0.0183162
0.00817569
0.00848424
0.0453991
0.00936797
0.0528432
0.82726
0.0298009
0.0884873
0.10533
0.0229537
0.103983
0.00965481
0.0206995
0.0915759
0
0.0158519
0.395206
0.0111536
0.0192014
0.0300782
0.811689
0.0101319
0.0186572
0.0149792
0.022017
0.016565
0.0183162
0.00817569
0.00848424
0.0138623
0.0453991
0.00936797
0.0528432
0.796445
0
0.0884873
0.131998
0.0182007
0.0229537
0.0174854
0.00737715
0.111434
0.0206995
0.0747889
0
0.4729
0.031545
0.121688
0.659723
0.0101319
0.0186572
0.0149792
0.022017
0.016565
0.0183162
0.00817569
0.00848424
0.0372632
0.00936797
0.0419567
0.758498
0
0.0136781
0.0884873
0.117718
0.00980591
0.0217576
0.00935271
0.017255
0.153505
0.0392061
0.0545816
0.0252428
0.534645
0.0187941
0.106019
0.622093
0.010713
0.0399582
0.0303329
0.022017
0.00908396
0
0.0294887
0.00958587
0.0081303
0.00936797
1
0.0407489
0.100839
0.117474
0.0207427
0.0294609
0.00785558
0.161114
0.0111332
0.0206702
0.058491
0
0.0154833
0.6699
0.011229
0.0189689
0.130806
0.368383
0.0114907
0.081469
0.0303329
0
0.0151287
0.00862121
0.0189759
1
0.133641
0.10573
0.0181728
0.0207464
0.0228949
0
0.0240916
0.151464
0.0111332
0.0108259
0.0192267
0
0.0154833
0.509637
0.0189689
0.184444
0.255493
0.0217716
0.0924001
0.0153537
0.00799419
0.00817569
0.00868972
0.00936797
1.00012
0.0152436
0.00619517
0.10075
0.0400497
0.0154103
0
0.097684
0.0111332
0.00960316
0.0742555
0.330788
0.173137
0.112782
0.0217716
0.0924001
0.0153537
0.00868972
0.633442
0.00619517
0.0992614
0.0413391
0.00960316
0.0742555
0.230447
0.228459
0.0851437
0.437152
0.110099
0.0165468
0.00960316
0.0360953
0.22849
0.456395
0.0288614
0.21973
0.0424049
0
0.0351018
0.0147351
0.129939
0.524396
0.00938317
0
0
0.198913
0.0417043
0.0853163
0.348997
0.00938317
0
0.106618
0.0416645
0
0.0595741
0.469624
0.0184038
0.0782419
0.0108372
0
0.0846563
0.00990657
0.524876
0.00938317
0.0354608
0.0144037
0.0108372
0
0.0168259
0.516454
0.0070274
0.0169532
0.0982178
0.0070274
0.00817364
0.0566102
0.00758181
0.0070274
0.0479201
0.00971734
0.0189715
0.012008
0.263131
0.0206348
0.113921
0.0236245
0.0926583
0.00772717
0.00776446
0.0102242
0.0070274
0.0216176
0.256678
0.00828012
0.0105807
0.00971734
0.0195295
0.0151318
0
0.0729215
0.491509
0.0206348
0.125615
0.0236245
0.105405
0.023274
0.00776446
0.0070274
0.0216176
0.0108945
0.285585
0.00828012
0.0201714
0.0392422
0
0.0729215
0.99454
0
0.104365
0.011669
0.00854221
0.105405
0.00772717
0.0104137
0.00776446
0.00750909
0.0216176
0.0201241
0.542504
0.0322797
0.0295568
0.0195295
0
0.220082
0.0729215
0.201886
0
0.119114
0.00913496
0.0628487
0.00750909
0.00701167
0.0115867
0.0278215
0.485966
0.0166499
0.0192403
0.238508
0.0190252
0.0987928
0
0.0241586
0.00854221
0.0237544
0.0207601
0.105421
0.00890965
0.149774
0.0247196
0.00985491
0.149771
0.0987928
0
0.0121199
0.0131628
0.0118966
0.00867547
0.0735484
0.0291578
0
0.0987928
0.0108503
0.040328
0.0119769
0.0279209
0.0582855
0.00817433
0.0731988
0.147637
0.0343449
0.0108503
0.0119133
0.0164493
0.0319176
0.0765879
0.0145493
0.0377522
0.0377535
0.0248044
0.0165833
0.0120992
0.0890391
0.0366049
0.0206484
0.566737
0.0387413
0.0452918
0.0213653
0
0.0138635
0.0119133
0.0319199
0.00756727
0.0113613
0.0143565
0.0164563
0.0902489
0.0552105
0.037439
0.115019
0.0443839
0.0247484
0.0165833
0.00998283
0.0367472
0.0234517
0.0754704
0.0461262
0.0221176
0.0529896
0.778377
0
0.0452918
0.00933177
0
0.00729719
0.0119133
0.0168175
0.00756727
0.0113613
0.030519
0.0164563
0.0971724
0.0102364
0.0275035
0.0282263
0.0869879
0.0443839
0.0327804
0.0165833
0.00998283
0.00982406
0.0367472
0.0113525
0.135723
0.0221176
0.01818
0.698097
0.0109469
0.00840803
0.00756727
0.0113613
0.030247
0.0151057
0.110348
0.0332772
0.0473578
0.107565
0.0152829
0.00850183
0.0569448
0.00982406
0.019422
0.0229199
0.206697
0
0
0.547766
0.0109469
0.0113613
0.0229228
0.0154613
0.09625
0.0225117
0.0379689
0.454466
0.0223664
0.016989
0.0248001
0.019422
0
0.0451904
0.0363449
0.0988491
0
0.00749452
0
0.0136611
0.00983129
0.386945
0.00757007
0.00984101
0.0116627
0.0306349
0
0.0720259
0.0136611
0.00983129
0.0626722
0.00798405
0
0.0135441
0.0142686
0.00798405
0
0.0135441
0.0135441
0.0181506
0.0104867
0.0881486
0.127094
0.010387
0.0181506
0.320513
0.010387
0.0181506
0.362803
0.010387
0
0
0
0.00701714
0.362803
0.010387
0
0
0
0
0
0.00701714
0.405971
0
0.010387
0
0
0.0140168
0
0
0
0
0.00701714
0.346677
0.010387
0
0
0
0
0.0214068
0
0
0.0150355
0
0.80179
0
0.010387
0
0.0177931
0
0
0
0
0.0214068
0
0
0
0
0
0
0
0
0.00910109
0.805931
0
0.0231555
0
0.0161968
0
0
0
0.0121794
0.0214068
0.014524
0
0
0.0214562
0
0.00805599
0
0.020886
0
0
0
1.00449
0
0.0117449
0
0.0161968
0
0
0
0.0121794
0.0214068
0.0184924
0
0
0
0.0214562
0
0
0.00766746
0.020886
0
0.013905
1.00449
0
0
0
0
0.00734717
0
0.0121794
0.0214068
0.0184924
0
0
0.042683
0
0
0.0105812
0
0.013905
0.00868777
1.00449
0
0
0
0
0.00734717
0.0121794
0.0214068
0
0
0.00893378
0
0.0214562
0
0.00732642
0
0.0199998
0.0156027
0
0.00868777
1.00449
0
0
0.00876734
0
0
0
0
0.0214562
0.00946029
0.00732642
0
0.00941861
0.00720287
0.958852
0
0
0
0.0214562
0.00946029
0.00732642
0
0.00720287
0.00795989
0.316301
0
0.0145494
0.036629
0.00744148
0.00688768
0.0303961
0.00734655
0.0084906
0.200733
0.00744148
0.018895
0.167873
0.0342601
0.332288
0.00835988
0.00744148
0.018895
0
0.145794
0.143884
0.246629
0.00744148
0
0.0438178
0.015437
0.127917
0.167889
0.238914
0
0.00744148
0.387462
0.012947
0.117713
0.176513
0.238914
0.00744148
0.801495
0.0134457
0
0.0206161
0.0968098
0.194178
0.238914
0.00744148
0.586368
0.146276
0.202608
0.225411
0.00744148
0.133941
0.0175726
0.165555
0.31019
0.117978
0.0094174
0.00887988
0.449941
0.102562
0.0126421
0.017315
0.00867673
0.0190399
0.00702718
0.127944
0.31221
0.0589338
0.0094174
0.0184119
0.756444
0.0670901
0.11725
0.0172368
0.0115164
0.00749739
0.0367163
0.00833751
0.00716239
0.00772561
0.119485
0.257984
0.00768564
0.020177
0.0184119
0.0129545
0.559661
0.134293
0.0837697
0.0264919
0.00764965
0.0115164
0.0210984
0.00833751
0
0.0148669
0.130475
0.251967
0
0.012965
0.0184119
0.10878
0.523702
0.0603669
0.0670901
0.0124019
0.0165294
0.0115164
0.00833751
0.0148669
0.15106
0.260086
0.012965
0.00924918
0.10878
0.396655
0.0603669
0.0838128
0.0124019
0.0165294
0.0115164
0.00833751
0.022416
0.142562
0.368083
0.010648
0
0.00924918
0.123093
0.122352
0.0603669
0.0339868
0.0124019
0.0165294
0.0115164
0.00833751
0.022416
0.138755
0.5968
0.00787339
0.010648
0
0.00924918
0.123093
0
0.100472
0.078854
0.0527298
0.0124019
0.0165294
0
0.0075498
0.0215503
0.00833751
0.00702873
0.022416
0.0684512
0
0
0.561223
0
0.010648
0
0
0
0
0.00774715
0
0.0467458
0.018487
0.100803
0.0140664
0
0.0222453
0.0215503
0.00702873
0.00698206
0.0301821
0.0598889
0.026214
0.500996
0.00783905
0
0
0
0
0.0143841
0.00739204
0
0.010118
0.0123953
0.0370534
0.0140664
0.00872988
0
0.0442217
0.084438
0
0
0.00707089
0.00685467
0.0593114
0.0297927
0.00818304
0.027525
0.888713
0.0153631
0.0123837
0
0
0
0.0293723
0
0.0076433
0.0356078
0
0.0375819
0.0142702
0.00846372
0.0176163
0.00871691
0
0.0805731
0.0430065
0
0.00788743
0.021721
0.0154252
0.0545507
0.0610988
0
0.0271118
0.999449
0.0230802
0.0127593
0.0213335
0
0.0142278
0
0.0076433
0.00882088
0
0.011839
0
0.0553811
0.0285315
0.00846372
0.0175833
0
0.0117136
0.0663273
0.0214563
0.00906949
0
0.0288094
0.00769045
0.0846644
0.0412255
0.00848445
0.0135461
0.999449
0.0230802
0
0
0.0160848
0.0292195
0.0190939
0
0
0
0.011839
0.0422037
0.0158469
0.0553811
0.0142613
0.0690965
0
0.0231857
0.0663167
0
0
0.0362964
0.0841035
0.14153
0.00848445
0.0267214
0.999449
0.00771711
0.0310883
0
0
0
0.00978715
0.0073257
0
0.0102532
0.011839
0.0084858
0.198676
0.0285134
0.0507983
0.00918413
0
0.116295
0
0.0091939
0
0.0140876
0
0.0995121
0.293038
0
0.999449
0.00771711
0.0209372
0
0
0.00676479
0.011839
0.0084858
0.0734873
0.0285134
0.0320621
0.00918413
0
0.0730568
0
0.015834
0.00724189
0.0375887
0.120025
0
0.999556
0
0
0.0106512
0
0.0188304
0.0285134
0.123653
0.00918413
0.0210923
0.00782168
0.00634441
0.0470571
0.010774
0
0.611151
0
0.0150038
0
0.012003
0.0490839
0.00897837
0.245101
0.0200899
0.0345619
0
0
0.225009
0.137211
0.0182236
0.00683395
0
0.0173312
0.00624801
0.00205121
0.00205121
0.00205121
0.00205121
0
0.0663057
0.170925
0.0379448
0.19402
0.234016
0.0150372
0.330505
0.0197382
0.00671266
0.0338372
0.0164548
0
0.00858788
0
0.00988497
0.0300883
0.0142716
0.0662818
0.0105794
0.29157
0.00716038
0.0197382
0.00996236
0.00660459
0.00948381
0.0338372
0.0387706
0
0
0.0207639
0.0127654
0.0102783
0.00720039
0.0136152
0.630802
0.0105794
0.0489882
0.52849
0.0148403
0.0205773
0.00772411
0.0195785
0.0102715
0.381467
0.0115338
0.00640301
0.0387706
0.0530767
0.0108043
0
0.0906055
0.148839
0
0
0.0308786
0.00720039
0.00701685
0.550187
0.106612
0.011073
0.0661356
0.999727
0.0104522
0.00767996
0.0302901
0.0691515
0.00948381
0.0102715
0.931256
0.0340159
0.0132992
0.0543262
0.126271
0.0132886
0.175498
0
0.198127
0.0120326
0.0512749
0.0355153
0.00637172
0.79499
0.189686
0.011073
0.0843056
0.998221
0.0216669
0.00767996
0.0162554
0
0.0302901
0.00689497
0.0801032
0.0199264
0.0102715
1.00541
0.0340159
0.00640301
0.0613039
0.133105
0
0.132601
0.013834
0.00798133
0.264597
0.0123494
0
0.0517299
0.042312
0.00637172
1.02279
0.137462
0
0.16874
0.667874
0
0.0330076
0.00767996
0.0340077
0
0.0302901
0.0693043
0.0126267
0.0199264
0.0102715
0.797482
0.0340159
0.00640301
0.0466767
0.102931
0.0139876
0.119991
0
0.207342
0.0124889
0.0604294
0.0410254
0.0215462
0.889072
0.128179
0.0339259
0.116567
0.33657
0
0.0328546
0
0.0340077
0.0185436
0.0168969
0.050587
0.00716322
0.0891203
0.0211407
0.0102715
0.814858
0.0111324
0.00682826
0.037893
0.080141
0.123339
0.00850325
0.108066
0.0124889
0.0604294
0.0410254
0.0282883
0.385305
0.0634756
0.0226078
0.0488264
0.218949
0.0530979
0.0427963
0.0340077
0.00892405
0.0611111
0.00716322
0.0693043
0.00630324
0.0211407
0.0102715
0.898603
0.0313279
0.0305337
0.080141
0
0
0.0842186
0
0.0996229
0.0244483
0.00992686
0.0307327
0.0420108
0.0194985
0.353702
0.0625367
0
0.0658055
0.186898
0.0395465
0.0740281
0.00892405
0.0401542
0.0114742
0.0202059
0.879147
0.0111324
0.0457307
0.0576443
0.0240612
0
0.0950493
0
0.00794309
0.0575212
0.0891239
0.00992686
0.0110359
0
0.00734325
0.203215
0.0104896
0.0223671
0.0484791
0.132165
0.0426079
0.00892405
0.00686045
0.0106549
0
0.00701591
0.0112567
0.0290453
0.752039
0.0220378
0.0382885
0.0208893
0
0.0135087
0.0161478
0.0571228
0.0241624
0.0487974
0.00647047
0.144064
0.0100416
0.0993913
0.0795483
0.0526726
0.00686045
0.020384
0
0.00701591
0.0224818
0.0192709
0.83384
0.00697325
0.045256
0.00789022
0.0404376
0.0207735
0.0116736
0
0.00990672
0.0125466
0.122296
0.0100416
0.0104501
0.0992542
0.0293484
0.0109337
0.0132499
0.0379849
0.00950759
0.454815
0.0672665
0.0140745
0.104709
0.0280134
0
0.0388796
0.00636793
0.019674
0.364031
0.0104501
0.877943
0.00726364
0
0.0382927
0.0110666
0.495086
0.0112185
0.0669237
0.161459
0.0427626
0.00938685
0.00636793
0.0132035
0.321376
0.0104501
0.730697
0
0.0106821
0
0.00938646
0.0110666
0.553859
0.0216909
0.0670265
0.015849
0
0.0146771
0.177298
0.0520371
0.0128539
0.188164
0
0.542818
0.0150108
0.0217062
0.029274
0.00938646
0.388462
0.0104724
0.0595957
0.0236262
0.0116579
0
0.241554
0.0137903
0.013045
0.00662674
0.145521
0.0439581
0.442613
0
0.029274
0.533034
0.0333138
0.00835118
0.00781778
0.0225405
0.0266076
0.00855374
0.206496
0.0137903
0.013045
0.306332
0.0439581
0.420112
0.00726904
0.00877009
0.029274
0.273361
0.0333138
0.00781778
0.0225405
0.0266076
0.0599928
0.154881
0.0137903
0.0197003
0.0066287
0.190168
0.0330553
0.0106846
0.703589
0.0391531
0.00877009
0.101716
0.0219574
0.0152702
0.0266076
0.0677072
0.00719994
0.0142864
0.265956
0.395954
0.0959065
0.00852904
0.0300037
0.0532313
0.00726904
0.0148619
0.036558
0.0148619
0.067709
0.02636
0.236168
0.0227323
0.00952868
0
0.00733454
0.175931
0.00213141
0.00966757
0.0779618
0.0623021
0.0098099
0
0.865271
0.0155145
0
0
0.00849028
0
0.0107844
0.00952868
0.00651398
0.0470593
0.505159
0.0758036
0.00983638
0.0309311
0.00627259
0.26614
0.316905
0.0222665
1.00265
0.014643
0
0.0219316
0
0.00933845
0
0.00849028
0.0107844
0.00952868
0.0130642
0.047477
1.02757
0.11631
0.0411904
0.0512628
0.0194357
0.175301
0.400211
0.209563
1.00306
0
0
0.0111716
0.0207389
0.0189417
0
0.00740215
0
0
0.0221744
0.00937282
0.0208018
0.0556605
0.00772237
1.00355
0.0142334
0.158345
0.0210838
0.0809961
0.0194357
0.313813
0.465559
0.188496
0.994289
0.00778388
0.0102725
0.0207389
0.0189417
0
0.0221744
0
0.00651398
0.0157272
0.00772237
0
0.983587
0.0142334
0.0589311
0.0309202
0.0722848
0.0202562
0.0993972
0.314097
0.154601
0.324396
0.00821425
0.0102725
0.0207389
0.00933845
0.00901921
0.00651398
0.435107
0.0142334
0.0477271
0.0105288
0.0218491
0.0064114
0.0643297
0.212756
0
0.0719797
0.00821425
0.00933845
0.00669084
0.00651398
0.00809959
0.186072
0.0188944
0.01649
0.00728505
0.00651398
0.0406385
0.12689
0.0366248
0.163084
0.0366248
0.154008
0.0366248
0.154008
0.0366248
0.154008
0.0366248
0.154008
0.021031
0.180614
0.0382105
0.0082103
0.0132016
0.0130012
0.0116227
0.00685341
0.0102615
0.0179365
0
0.0399194
0.0156031
0.0930079
0.0082103
0
0.0129825
0.0148395
0.0332445
0.0094754
0.010845
0.00936831
0.01874
0.00800879
0.0200759
0.0921028
0.660599
0
0.00685341
0.0315029
0.0102615
0.149898
0.0534643
0.0297491
0.4951
0
0.0335474
0.030177
0.0129825
0.0435921
0.0122233
0.0332445
0.027476
0.0492816
0.010845
0
0.122203
0.0149831
0.0101842
0.0417007
0.780503
0
0.0210441
0.149898
0.0184012
0.0389196
0.014146
0.55155
0
0
0.0335781
0.030177
0.0510857
0.0292285
0.0122233
0.0094754
0.0568621
0.00936831
0.00972375
0.0277893
0.0101842
0.0307158
1.00586
0
0.0198356
0.126572
0.014146
0.121037
0.101644
0.0114824
0.0383881
0.0122233
0.0443658
0.018056
0
0.0093904
0.0195651
0.160292
0.00810244
0.0101842
0.0189345
0.997737
0
0.021121
0
0.014146
0.124914
0
0.0344455
0.026531
0
0.122484
0.00888885
0
0.0307323
0.00977118
0.642947
0.0537175
0.00959769
0.997737
0.0116578
0.0278437
0.0104946
0.0166493
0.00929602
0
0.014146
0.0344673
0.178987
0.0126745
0.0151586
0.0565091
0.0292019
0.0368579
0
0.42435
0
0.0730034
0.02066
0.0087589
0.603004
0.10541
0.0202988
0.0300112
0.997737
0.0116578
0.0280138
0.0144494
0.0104946
0.00834101
0.0167318
0.0398241
0.014146
0.115849
0.297877
0.0170574
0.0447311
0.0151126
0.0631487
0.0159365
0.0142396
0.488708
0.00986774
0.11207
0.0304571
0.0087589
0.641312
0.0681385
0.0201319
0.0301257
0.985844
0.0116578
0.021448
0.0144494
0.0104946
0.0167318
0.0940482
0.0294677
0.0143042
0.115849
0.290829
0.0135865
0.0328416
0.114038
0.0151126
0.0643039
0.0160365
0.0142396
0.521674
0.00986774
0.102328
0.0200421
0.0374971
0.951651
0.0458292
0.0186535
0.0301257
0.617636
0.0233387
0.0545545
0.0144494
0.0104946
0.0565949
0.0102052
0.0400058
0.0143042
0.0838661
0.272345
0.0784018
0.0419851
0.100559
0.0395631
0.0308961
0.0142396
0.494526
0.0997953
0.0305764
0.0186131
0.916495
0.0522069
0.0186535
0.111595
0.763547
0.0233387
0.0545545
0.0464486
0.0104946
0.0372629
0.0102052
0.0185669
0.0306966
0.0666721
0.359856
0.0795301
0.0339508
0.100559
0.00971091
0.0282472
0.0260147
0.0281593
0.508947
0.00784234
0.0724697
0.0288638
0.0186131
0.982143
0.0530969
0.0186535
0.132187
0.537112
0.0118887
0.0990811
0.020787
0.0464486
0.0104946
0.0169569
0.0183282
0.00929602
0.0607892
0.0501179
1.00096
0.0526333
0.0338238
0.0765023
0.0129525
0.0380047
0.0264476
0.351844
0.0641355
0.0299043
0.0087589
0.687164
0.0307216
0.038043
0.131364
0.139208
0.023057
0.177166
0.0464486
0
0.0104946
0.0395859
0.010174
0.0607892
0.0175545
0.696443
0.025476
0.0416938
0.0438919
0.0129525
0.0380047
0.0784822
0.254243
0
0.0534206
0.018887
0.0087589
0.508363
0.0307216
0.0092433
0.131364
0.136949
0.0114342
0.189144
0.030043
0.0395859
0
0.0123953
0.0303598
0.0175545
0.566099
0.0733728
0.0221477
0.0262207
0.0157958
0.0784822
0.0459406
0.0431729
0.00923272
0
0.540083
0.00761816
0.0092433
0.150023
0.0597136
0.0114342
0.189144
0.030043
0.00944902
0.0195933
0.0196622
0.0472539
0.976188
0.0121898
0.0640608
0.0221477
0
0.0262207
0.0509842
0.0466802
0.0641386
0.00923272
0
0.490846
0.00709139
0.0092433
0.263656
0.07178
0.0144494
0.00944902
0.0164455
0
0.0143042
0.996515
0.0404153
0.043439
0.00983485
0.0262207
0.0150645
0.0761456
0.0628268
0
0.0515642
0.00834799
0.453625
0.0092433
0.482014
0.048155
0.0291303
0
0.933715
0.00651451
0.0159768
0.010514
0.00983485
0.0132682
0.0761456
0.030244
0.00795044
0.0299267
0.00829266
0.20816
0.0092433
0.470607
0.0239895
0.0291303
0
0.610145
0.00685438
0.0159265
0.010514
0
0.0889258
0.00795044
0.178181
0.137683
0.0121516
0.213675
0.00789893
0.122283
0.152594
0.197362
0.00789893
0.122283
0.113618
0.120799
0.0162245
0.27715
0.113618
0.112533
0.0162245
0.279731
0.122918
0.112533
0.0162245
0.261343
0.133587
0.0246478
0.0417939
0.0356953
0.348156
0
0.0161106
0.0177992
0.25337
0
0.0111852
0.00685655
0.00946109
0.0108827
0.00798083
0.0188249
0.0199505
0.0143065
0.0174086
0
0.0200627
0
0.0334598
0.11232
0.015441
0
0.00856246
0.0149204
0.00942803
0.00966531
0.0191631
0.0177992
0.0196203
0.57241
0.102275
0.0118763
0.0226039
0.0663304
0.0108827
0.00798083
0.0188249
0.00918629
0.0125305
0.0839552
0
0.0254813
0.0680622
0.0245717
0.00909524
0.634408
0.0392808
0.0138702
0
0.109022
0.0172141
0.0218878
0.0832959
0.0352667
0.0143282
0.0414027
0.767403
0.0380464
0.0226039
0.0147467
0.0569025
0.0108827
0
0.0286084
0.10047
0
0.0242444
0.0479571
0.033815
0.0191326
0.911446
0.0392808
0.0138702
0.0145851
0
0.0804618
0.0250422
0.04276
0.00951235
0.0851898
0.0758658
0.00737395
0.0515376
1.00884
0.0267137
0.0111852
0.0569025
0
0.0788539
0.0327638
0
0.0935908
0.0175383
0.00909524
0.435884
0.0392808
0.0138702
0.0948051
0.0150459
0.0202159
0.00852168
0.043814
0.0298202
0.172393
0.112643
0.00737395
0.0317462
0.995589
0.0274396
0.0111852
0.0383098
0.0103183
0
0.0178273
0.0194221
0.016515
0
0
0.00697786
0.0341357
0.00909524
0.0818056
0.0125885
0.0138702
0.124578
0.0150459
0.0202159
0.0109952
0.158744
0.182615
0.00779225
0.995589
0.0136144
0.0121359
0.0223103
0
0.0103183
0.00951007
0
0.0112731
0.00711013
0.0336094
0.0409853
0.0138702
0.0962721
0.0150459
0.0103356
0.0245384
0.0311358
0.134525
0.183708
0
0.010049
0.989759
0.0133647
0.0217346
0.021466
0
0.0135776
0.0173652
0
0.0105938
0.0666658
0.0155476
0.0668416
0.0150459
0.0242613
0.0302757
0.116208
0.197842
0.00812009
0.010049
0.924127
0.089005
0.0439928
0.0308984
0.0381572
0
0.0116018
0.00686653
0.0173652
0.0209546
0.0813268
0.012305
0.0263449
0.0150459
0.00811115
0.0398248
0.0960126
0.232467
0.0150257
0.0300757
0.795627
0.0913617
0.0106456
0.0835352
0.00874958
0.206099
0.0100108
0
0.0116018
0.0140875
0.0257745
0.0403551
0.328231
0.0387
0
0.012039
0.0150459
0.00811115
0.0503287
0.0200484
0.117652
0.106068
0.0150257
0.0191667
0.953851
0.152904
0.113482
0.00874958
0.224409
0.0194739
0.00784242
0.0116018
0.00722099
0.0498418
0.0403551
0.505628
0.0387
0.012039
0.0150459
0
0.0698361
0.134439
0.0891267
0.0222147
0.0191667
0.974136
0.165645
0
0.0915233
0.00874958
0.222081
0.00989906
0.014983
0.00784242
0.00670111
0.0172093
0.0401007
0.959016
0.0521355
0.07684
0.0150459
0
0.0302757
0.161853
0.0891267
0.0222147
0.010049
0.62731
0.178979
0.0245694
0.0115205
0.00763871
0.0101773
0.112833
0.00989906
0.0282079
0.0247209
0.016245
0.0307402
0.492078
0.0774452
0.0845515
0.126464
0.0718808
0.00805824
0.0509773
0.298991
0.0894955
0.0869436
0.018693
0.0162979
0.0252769
0.0100883
0.494695
0.0125639
0
0.0112003
0.0728228
0
0
0.0201373
0.122746
0.0133647
0.0869436
0.018693
0.00772014
0.00703103
0
0.959675
0
0.0549066
0
0.0201373
0.073274
0.0133647
0.0869436
0.00772014
0
0.993165
0.0104249
0.0549066
0
0.0201373
0.0326033
0.0133647
0.00721206
0.00827821
0.587232
0.0137546
0.00987266
0
0.0109814
0.0133647
0.0109814
0.0526806
0.0523881
0.01346
0.0892839
0.01346
0.0892839
0.01346
0.00756951
0.01346
0.01346
0.01346
0.01346
0.01346
0.00632819
0.187151
0
0.0132426
0.296673
0
0.0216195
0.0264252
0.00929795
0.0917418
0.580623
0.0316683
0.00749205
0.00931867
0.0205291
0.0102766
0.353013
0.0264252
0.0127969
0.0177201
0.0160099
0.0212966
0.247694
0.0207814
0.647981
0.0631801
0.00896189
0.0152534
0.011729
0.0341138
0.0370836
0.0100495
0.0102766
0
0.999428
0.00754261
0
0.00889325
0.0177201
0.0341364
0.0064147
0.0212966
0.302117
0.0136855
0.00720905
0.0072859
0.719582
0.0947716
0.00896189
0.0226754
0.011729
0.0341138
0.0370836
0.0100495
0.0102766
0
0.999494
0
0.0265693
0
0.0674862
0.0165195
0.0181265
0.0064147
0.0212966
0.616937
0.0296296
0.00720905
0.0229793
0.499608
0.0161126
0.017352
0.0628505
0.011729
0.0341138
0.0370836
0.0100495
0.0102766
0
0.55042
0.0123113
0
0.0264633
0
0.0674862
0.0165195
0.0181265
0.0136944
0.0303851
0.478374
0.0216108
0.00720905
0.0376453
0.426153
0.00727378
0.00773061
0.0701956
0.0464513
0.025874
0.00824196
0.0102766
0.314478
0.0124248
0.0128716
0.0352783
0
0
0.00660686
0.0678407
0.0165195
0.0181265
0.0203313
0.0212966
0.323826
0.00756926
0.0218394
0.036542
0.322139
0.00727378
0.00773061
0.0118882
0.0785821
0.034796
0.025874
0.00824196
0.00950514
0.986589
0.0245805
0.0263484
0.0269998
0
0
0.138309
0
0.0270707
0.0212966
0.502352
0.00756926
0.0218394
0.036542
0.273125
0.0319332
0.0101554
0.0118882
0
0
0.0355051
0.00926129
1.00899
0
0.0397452
0.00906468
0.00686946
0.136785
0.0173694
0.0212966
0.598369
0.0739469
0.136043
0.0236205
0.0101554
0.0118882
0.0235468
0.00840999
0.00926129
0.824438
0
0.0130812
0
0
0.0875965
0
0.0106017
0.487
0.0445299
0.0674032
0.0405891
0.0235468
0.00840999
0.00926129
0.601145
0
0.0257183
0
0
0.0106017
0.240455
0.0581606
0.0674032
0.0117237
0.0105622
0.143412
0.0899139
0.00817338
0
0.0161249
0.0171117
0.0167179
0.0106017
0.223432
0.125152
0.0325332
0
0.0163688
0.0331507
0.464438
0.0120013
0.20241
0.0181233
0.0564769
0.0521122
0.0327892
0.0339592
0.2047
0.130699
0.0192002
0.00744992
0.0163688
0.00919546
0.00996291
0.00967179
0.903422
0.0120013
0.101738
0.0534876
0.0403616
0.0564769
0.0074573
0.0690271
0.0327892
0.0167179
0.0202983
0.257097
0.102135
0.00744992
0.0323986
0.0110675
0.00996291
0.00967179
0.563457
0.0649284
0.1262
0.00867592
0.0403616
0.0639333
0.015628
0.0699444
0.00928302
0.0156775
0.070073
0.00758073
0.00958645
0.454806
0.184503
0.00735327
0.00744992
0.00842421
0.0110675
0.438259
0.0777853
0.0895345
0.0176375
0.0403616
0.0777461
0.015628
0.0349662
0.00928302
0.0322512
0.0167179
0.00958645
0.471578
0.00730574
0.297234
0.0148281
0.00744992
0.0114511
0.0110675
0.393577
0.0902654
0.0898424
0.00867592
0.0403616
0.0777461
0.0231139
0.0349662
0.00928302
0.0165737
0.0167179
0.347222
0.254381
0.0279908
0
0.00744992
0.0110861
0.0110675
0.143491
0.026226
0.0132034
0.0123339
0.0074859
0.0168039
0.0165737
0.0333152
0.497322
0.00685027
0.110494
0.0726586
0.0110675
0.052291
0.0252849
0.0155568
0.0698317
0.0394394
0.0313638
0.0345777
0.00805482
0.0211237
0
0.00805482
0.00718332
0.221218
0.0207556
0.00475905
0.448715
0.0124031
0.165763
0.0152159
0.654395
0.0109676
0.541695
0.0410364
0.00725328
0.506659
0.0109676
0.0118201
0.0392739
0.0186636
0.928517
0.0306995
0.0141888
0.0415829
0.0224713
0.526802
0.0145115
0.0163902
0.0101733
0
0.00889656
0.00859004
0.0643846
0.0230075
0.0265925
0.0255518
0
0.0367666
0.997712
0.0206452
0.0539597
0.0156183
0.0162215
0.165662
0.0227857
0.478886
0.00772097
0.0116743
0
0.00936742
0.00859004
0.054125
0.0230075
0.0265925
0.0232876
0
0.0367666
0.671806
0.0206452
0.0537178
0
0.0162215
0.182933
0.0227857
0.340416
0.00834362
0.00859004
0.054125
0.0230075
0.0126031
0.0232876
0
0.0367666
0.209403
0.0142736
0.0754036
0.0169271
0.0165825
0.240424
0.0227857
0.177476
0.00647785
0.0158076
0.00859004
0.054125
0.0230075
0
0.0232876
0.0085832
0.0367666
0.244104
0.0142736
0.0381796
0.0169271
0.0165825
0.158766
0
0.0234096
0.111931
0.00834362
0
0.0451486
0.0118201
0.0115086
0.277949
0.0142736
0.019274
0.0378878
0.0169271
0.119832
0.0234096
0.0606951
0.00670091
0.0118201
0.00714095
0.0115086
0.090284
0.0146301
0.0483728
0.0228468
0.0452092
0.0100655
0.00909614
0.0853233
0.0128035
0.0328443
0.127135
0.0279934
0.00909614
0.250591
0.0128035
0.153484
0.414591
0.0279934
0.00909614
0.238602
0.0128035
0.0983735
0.756378
0.0190006
0.00909614
0.00632678
0.172906
0.0128035
0.1553
0.251199
0.0501771
0.134017
0.156617
0.0501771
0.134017
0.156617
0.0226314
0.311507
0.0226314
0.147122
0.0131662
0.0185584
0.0190946
0.0177482
0.011207
0.0575869
0.170617
0.00899748
0.0131662
0.0185584
0.0190946
0
0.0177482
0.0462067
0.0465557
0.0148445
0.147979
0
0.0138823
0
0
0.0131662
0.0563676
0
0.0190946
0.0195729
0.0516211
0.0216426
0.0578878
0.0355291
0.0144348
0.0170196
0.219841
0.0145119
0.0138823
0.00836426
0
0
0.0265789
0
0.0104796
0.146038
0.0127871
0.100129
0.0190946
0.00905544
0.0411535
0.038946
0.086592
0.0227506
0.0105705
0.0210945
0.177242
0.0798963
0.0156146
0.0165881
0.653117
0.0189651
0.0138823
0
0.0143825
0
0
0.0130702
0
0.328233
0.0127871
0.0326292
0.214888
0.038098
0.0192007
0.0134795
0.0195729
0.0973588
0.0418567
0.00896041
0.0105705
0.0206095
0.589157
0.13983
0.0578953
0
0.604912
0.0163333
0.0396856
0
0.0138823
0.0157506
0.0143825
0
0.0110729
1.00756
0.0127871
0.214888
0.0366707
0.0206026
0.0683477
0
0.0676823
0.0843624
0.0167506
0.0210707
0.0206095
0.22745
0.0803383
0.0282057
0.0314629
0.58808
0.0163333
0.0142903
0.0487087
0.00897251
0.0138823
0.0151284
0.027478
0
0.0208513
0
0.412288
0
0.0154753
0.183745
0.132637
0.030176
0.112266
0
0.0908193
0.0711822
0.0119579
0.0245944
0.0210707
0.0206095
0.215233
0.102507
0.0282057
0.0164671
0.740681
0.0163333
0.0286624
0.0375109
0
0.0138823
0.0320575
0.0761924
0.0100049
0.0389902
0
0
0.0355103
0
0.214027
0
0.0154753
0.115553
0.203897
0.0505645
0.0406952
0
0.0789869
0.0573523
0.0119579
0.024514
0.0313448
0.0215902
0.253065
0.0586348
0.0282057
0.0581291
0.758953
0.0163333
0.0691783
0.0940281
0
0.064179
0.109962
0.0209715
0.0778874
0
0.0187853
0.0112745
0
0
0.283022
0.0411957
0.031941
0.11218
0.251439
0.030176
0.00989846
0.0272657
0.0371847
0.101695
0.0432798
0.0256234
0.0564953
0.0211165
0.0108241
0.332537
0.0923428
0.0130086
0.0748389
0.653697
0
0.0419309
0.0292936
0.0184703
0.0606511
0.0491243
0.215922
0.0315272
0.0202624
0.0214143
0.01826
0.0236409
0.0111105
0
0.701617
0.0553879
0.147692
0.214664
0.0514006
0.0258832
0.0421155
0.0402695
0.113232
0.0974384
0.0119579
0.119186
0.0309264
0.0715115
0.260901
0.0341568
0.104039
0.451683
0.0315719
0.0795342
0.0768346
0.0559013
0.0462277
0.0157506
0.116142
0.0542115
0.0962598
0.0104381
0.0177333
0.0249711
0.0561407
0
0.997098
0.0700638
0
0.264948
0.260047
0.018056
0.0537206
0.0722803
0.0754396
0.0235891
0.195003
0.014099
0.0256623
0.040994
0.0414851
0.0503352
0.322291
0.0466251
0.0297328
0.0897287
0.317653
0.0315719
0.117948
0.0570667
0.0286469
0.0311075
0.0237854
0.0343293
0.0111685
0.118558
0
0.00817656
0.0486463
0.0332825
0.0199615
0.994144
0.0420523
0
0.268504
0.183126
0.0474809
0.0171803
0.083582
0.0941979
0.0371249
0.214988
0.0710261
0.0250778
0.041193
0.0514691
0.0528554
0.297726
0.0224563
0.0894848
0.230383
0.0334485
0.145877
0.0672672
0.019056
0.0291508
0.0391769
0.0330556
0.0220145
0.0593479
0.0181119
0.0324416
0.010138
1.00933
0.0406157
0.031805
0.243195
0.131924
0.0188857
0.0169254
0.0432091
0.056312
0.0244146
0.0819654
0.0422562
0.0119329
0.0254505
0.0207892
0.0216365
0.235329
0.0217064
0.0143083
0.138252
0.117991
0.0325607
0.158469
0.0379193
0.00992157
0.0293742
0.0558015
0.032897
0
0.0378421
0.0107724
0.0177694
0.0238836
0.0544324
0
0.340636
0.0260441
0.146374
0.0913519
0.0188468
0.00914226
0.0282574
0.0383322
0.024505
0
0.0415155
0.0101019
0.0215999
0.215209
0.0109242
0.0143083
0.0731893
0.0330555
0.0168937
0.0124872
0.00912556
0.0286863
0.0324883
0.0201625
0.00990834
0.0980141
0.0238836
0.0112105
0.641704
0.0512246
0.0144717
0.316177
0.0704474
0.0101165
0
0.0142421
0
0.0245433
0
0.0266089
0.0313321
0.0205038
0.19012
0.0235807
0.0276774
0.344603
0.0342745
0.0144057
0.0097742
0.0136889
0.0167717
0.0332084
0.0337955
0.0594386
0.0356613
0.0112105
0.00916727
0.474537
0.0137126
0.0286139
0.347848
0.0534073
0.0105331
0.0356318
0.0418814
0
0.0365504
0.0439637
0.0131167
0.0479492
0.0412078
0.00996842
0.134918
0.032707
0.0143083
0.288659
0.0235513
0.0144057
0.0359672
0
0.0294125
0.0423484
0.108535
0.0117431
0.0207083
0.0172289
0.0386584
0.0212613
0.00925835
0.883734
0.0662234
0.0143088
0.317956
0.0719998
0.0294839
0.00845436
0.0402188
0.0869013
0.0908834
0.0283044
0.0461007
0.0197834
0.0306212
0.2883
0.0103826
0.01449
0.258151
0.0231608
0.0786337
0.0561046
0.0462045
0.0867013
0.0481872
0.068288
0.0434862
0.0207083
0.0168822
0.0125333
0.0228298
0
0.900347
0.0251121
0.0289647
0.418076
0.108805
0.0293089
0.00825553
0.0417504
0.0191135
0.087751
0.308859
0.0700079
0.0249839
0.0483399
0.0101201
0.0306212
0.290325
0.0578002
0.0280837
0.4117
0.055758
0.0421258
0.0378935
0.0290915
0.113818
0.0809727
0.0404591
0.0636956
0.040325
0.0208629
0.0266718
0.0369093
0
0.953409
0.0381906
0.0579719
0.533193
0.0734533
0.0197397
0.017609
0.0406598
0.0742659
0.31871
0.0588386
0.0645908
0.0797316
0.0582784
0.0508343
0.433014
0.04593
0.043298
0.517783
0.0466621
0.0177953
0.0140599
0.0492656
0.00872227
0.0995036
0.0809624
0.00715388
0.042466
0.0595701
0.045005
0.0711462
0
0.611281
0.0396625
0.0579719
0.569964
0.0196433
0.01854
0.027278
0.0173396
0.0864124
0.237874
0.071059
0.0523786
0.0725831
0.0417706
0.0511544
0.416633
0.0337131
0.0276004
0.840382
0.0571927
0.03341
0.0417184
0.00988697
0.0184724
0.0294991
0.00741582
0.00656506
0.062552
0.0192451
0.0541831
0.0366679
0
0.428515
0.0151348
0.400617
0.0210842
0.0266816
0.0138199
0.0193837
0.140862
0.102648
0.0429662
0.0509943
0.0892474
0.0602706
0.101167
0.405623
0.0218143
0.0601868
0.992059
0.0917842
0.0156147
0.0141825
0.00988697
0.0190905
0.0430293
0.00793851
0.0423553
0.0208095
0.011216
0.0360751
0.0119281
0.323782
0.0299713
0.215726
0.0263515
0.0141099
0.116471
0.0565412
0.0429662
0.0252896
0.0317464
0.0093301
0.0302936
0.295138
0.0324306
0
0.690287
0.0467423
0.0321783
0.0111725
0.00929971
0.0227805
0
0.00960227
0.0877889
0.0151348
0.0668576
0.00858076
0.0195158
0.0384346
0.0455067
0.0151877
0.0119409
0.00782279
0.0116393
0.0227529
0.014918
0.779948
0.0109574
0.0134857
0.0321783
0.0520666
0.0151348
0.0331963
0.00994929
0.00858076
0.0152102
0.0136969
0.0124122
0
0.00795949
0.00996252
0.0116393
0.014918
0.449926
0.0223429
0.0134857
0.0332308
0.0254708
0.0134396
0
0.0143162
0.0167709
0.0254708
0.00944514
0.0167709
0.0254708
0.00944514
0.0175379
0.0789608
0.0332993
0
0.0373001
0.0522172
0
0.030629
0.0155041
0.0881482
0.00956352
0.0330793
0.0255963
0.153542
0.0332993
0.314339
0.130503
0.00749506
0.0110214
0.189695
0.0112023
0.797141
0.0106766
0.00956352
0.0330793
0.0179248
0.139054
0.647322
0.0507543
0.0135578
0.0127919
0.0148808
0.0110214
0.108041
0.17634
0.0106748
0.0149975
0.985534
0.00956352
0.0330793
0.139054
0.0184408
0.0181954
0.747779
0.10463
0.0135578
0.0127919
0.0156473
0.020464
0.0409782
0.165384
0.0149975
0.562504
0.0144107
0.00956352
0.0330793
0.139054
0.0349847
0.0181954
0.310784
0.128511
0.0135578
0.0239888
0
0.120292
0.176828
0.0112848
0.0149975
0.889894
0.04095
0.00819596
0.0116009
0.00914292
0.140543
0.168975
0.0181954
0.0381666
0.100456
0.115052
0
0.0150564
0.0883447
0.0964769
0.0228729
0.0149975
1.00181
0.117903
0.0272226
0.013815
0.00819596
0.0116009
0.00914292
0.0185121
0.0309628
0.0674442
0.0181954
0.341495
0.0271899
0.00751019
0.00998222
0.0307038
0.0727274
0.0144198
1.00879
0.183378
0.0272226
0.0116009
0.00914292
0.0181954
0.675273
0.0138824
0.00751019
0.0623644
0.085421
0.0112848
0.0144198
0.879266
0.0125674
0.20124
0.0105837
0.0181954
0.715044
0.0138824
0.0247823
0.020852
0.0621571
0.0246891
0.342135
0.0115829
0.20124
0.0105837
0.342019
0.0138824
0.042367
0.0115809
0
0.20124
0.116712
0.0138824
0.00998222
0.0319664
0.0115809
0.20124
0.0476278
0.0107064
0.0115809
0.0261832
0.111829
0.331452
0
0.423724
0
0.423724
0
0.423724
0.423724
0.257142
0.0199242
0.0288316
0.0190806
0.012009
0
0.0120688
0.0336891
0.0239897
0.0288316
0.0174235
0.307063
0.0135729
0.0224565
0.00746641
0.0166438
0
0.0110232
0.0336891
0.0160999
0.0701939
0.0362789
0.0362803
0.773587
0.0420728
0.0165353
0.0107417
0.1662
0.0220333
0.0166438
0
0.0345593
0
0.056283
0.0579992
0.00768095
0.104109
0.110737
0.0165803
1.0019
0.0337973
0.0412782
0.0116603
0.0107417
0.146103
0.00746641
0.092079
0.0143031
0.0221365
0.056283
0.0137541
0.0743474
0.0237468
0.00768095
0.104432
0.110737
0.0321748
0.998247
0.00977971
0.0085128
0.0277044
0.129787
0.292211
0
0.117048
0.0349003
0.0137606
0.1433
0.0237468
0.00768095
0.116531
0.0935956
0.0330833
0.840347
0.0085128
0.0399315
0.129787
0.00797127
0.448422
0.117048
0.0349003
0.0151367
0.0904455
0.0727686
0.0147547
0.12954
0.0381186
0.0190477
0.0413804
0.737506
0.0085128
0.0277044
0.149173
0.820573
0.117048
0.0347493
0
0.0343411
0.0497848
0.0230632
0.0225273
0.0122661
0.257202
0.0189736
0.0497093
0.403996
0.0203745
0.0218247
0.0085128
0.0277044
0.110453
0
0.773822
0.00779499
0.128394
0.0127638
0
0.0497848
0.0116847
0.00768095
0.0395739
0.106329
0.0382065
0.017287
0.108356
0.376839
0.032674
0.0085128
0.0322145
0.0105013
0.0933762
1.00471
0.140515
0.0109135
0.00767653
0.0224673
0.0330718
0.0116847
0.015384
0.0116236
0.162221
0.0192329
0.017287
0.149339
0.0453193
0.022047
0.0136799
0.0105013
0.00708833
0
0.976294
0.0822268
0.0109135
0.00767653
0.0448826
0.0223479
0.0114149
0.015384
0.0463399
0.141111
0.0192329
0.508351
0.0352653
0.0115611
0.0390635
0.00708833
0
0.933766
0.0666743
0.0107986
0.0154398
0.06515
0.0157369
0.0237115
0.187617
0.0188249
0.475866
0.0358292
0.0267899
0.00708833
0.476366
0.0664318
0.0107986
0.06515
0.00806675
0.0116403
0
0.0803646
0.689141
0.0272402
0.267586
0.0121009
0.0678984
0
0.0114671
0.0142889
0.0720748
0.871976
0.00905572
0.0904136
0.0451549
0
0.0155264
0.0851991
0.992852
0.0230299
0
0.0341439
0.982368
0.017257
0.011415
0.0063317
0.863397
0.00859868
0.84203
0.84203
0.704105
0.194988
0.0260667
0.0260667
0.0102236
0.092978
0.00957812
0.021773
0.0150114
0.0164768
0.0108853
0.00696832
0.0315963
0.017717
0.226019
0.021773
0.0150114
0.0938785
0.0120403
0.0125634
0.00696832
0.00742941
0.0315963
0.0816181
0.498202
0.00967064
0.021773
0.0150114
0.0957573
0.0232114
0.00696832
0.112896
0.0413118
0.0929801
0.364276
0.0634415
0.0150114
0.0395481
0.00696832
0.184358
0.139199
0.140227
0.0866776
0.0365912
0.0736019
0.0416369
0.0159426
0.0150114
0.0276159
0.00696832
0.238832
0.0102236
0.107584
0.104637
0
0.0495365
0.161708
0.0319662
0.0230133
0.0150114
0.0135375
0.277249
0.00983859
0.100533
0.0072384
0.081811
0.0338686
0.135165
0.0319662
0.0230133
0.0150114
0.239344
0.044571
0.0668467
0
0.081811
0.0338686
0.155299
0.0319662
0.0230133
0.0145563
0.0473107
0.00777685
0.0633855
0
0.0179922
0.00766784
0.00886947
0.00766784
0.0174989
0.224173
0.00873314
0.0153961
0.596345
0
0.00688778
0.0120263
0.0443209
0.00680006
0
0.0145966
0
0.781891
0
0.0204719
0.095925
0.0136688
0.0204037
0.0361201
0.0575898
0.00847623
0.0625965
0.00956007
0
0.128517
0.017767
0.0154504
0.826079
0.00936266
0.00996549
0.127708
0.00839933
0
0.0383744
0.0197651
0
0.00686157
0.0171006
0.0240533
0.00835224
0.356306
0.0190519
0
0.0207093
0.139888
0.00787615
0.00837393
0.0133107
0
0.171556
0.0152534
0
0.01628
0.101514
0.0843975
0.999646
0.00895481
0.0658249
0.150588
0.0151039
0.164689
0.096211
0.0210873
0.0344821
0.0362741
0.00855759
0.829977
0.0332273
0.0378335
0.0125712
0.0855169
0
0.0170392
0.0404875
0.00750975
0.193976
0.022928
0.0559662
0.0365922
0.200922
0.169486
0.0503495
0.791458
0.0449046
0.127548
0.0157236
0.00955717
0.0683462
0.0875307
0
0.0347718
0.0148087
0.0151605
0.0622187
0.048639
0.0168037
0.997708
0.0524279
0.019051
0.0270794
0.102252
0.00731706
0.017912
0.08957
0.0198871
0.0151339
0.115916
0.00807074
0
0.0707341
0.00816222
0.018607
0.131804
0.113865
0.0336591
0.666866
0.0104765
0.0733917
0.126683
0.0083587
0.00955717
0.0497736
0.0483113
0.0103002
0.0141068
0
0.0607954
0.0512971
0.03641
0
0.997708
0.0454916
0.034933
0.00639929
0.102307
0.0082241
0.0194563
0.104725
0.0104567
0.00812635
0.0941811
0.0213085
0
0.0445786
0.00816222
0
0.119969
0.146544
0
0.0673163
0.318071
0.00975211
0.0452954
0.0596188
0.0160938
0.107018
0.0477855
0.0337527
0.0213987
0
0.0155987
0.0259687
0.0260587
0
0.997708
0.0458624
0.019051
0.0145958
0.0773147
0.0156485
0.016953
0.0898868
0.019671
0.0155064
0.0804487
0.0144741
0
0.0696241
0.0260859
0
0.226995
0.0801465
0.00845307
0.0649434
0.227559
0.0182522
0.0807024
0.0237907
0.00865959
0.0301149
0.0796824
0.0188593
0.0439984
0.021165
0
0.0149321
0.0131638
0.0135455
0
0.997708
0.0130045
0.019051
0.0283405
0.0602626
0.0151523
0.00929425
0.0579687
0.0293138
0.0073219
0.0913993
0.0362082
0
0.130223
0
0.0339514
0.214098
0.0977866
0.0160863
0.0492154
0.143477
0.0365117
0
0.0491105
0.00973289
0.0232561
0.0136669
0
0.0117336
0.00845073
0.849921
0.0539768
0.019051
0.0960744
0.0638067
0.0233592
0.0176667
0.0140673
0
0.030466
0.0570444
0.0293161
0
0.0271644
0.00871177
0.0176907
0.09203
0.0477969
0.0238543
0
0.0688973
0.0264479
0.0111119
0.00738757
0
0
0
0.0136669
0
0.562965
0.0279291
0.019051
0.0687357
0.0628208
0.0155524
0.0081809
0.0133781
0.00751931
0.00846498
0.00704785
0
0.0145727
0.0257115
0.015996
0.0885313
0.0313993
0.0345089
0.0264479
0.00738757
0
0.0136669
0.0137959
0
0.122665
0.007574
0.013928
0.0254071
0.00831532
0.0248298
0.00704785
0
0.0145727
0
0.0439128
0.015146
0.00883184
0.00893757
0.0092491
0.0136669
0.00916963
0.00738564
0
0
0
0.0158692
0.0294501
0.0164153
0.0112813
0.0160457
0.0200985
0
0.0288028
0.0360719
0.180324
0.0112478
0.0393935
0.00620371
0.00638998
0
0.0162828
0.191614
0.0116538
0.0071959
0
0
0
0
0
0
0.0306437
0.0183002
0
0.133478
0.0108695
0.0116538
0
0
0.0128216
0
0
0.0071959
0.00701106
0.00930358
0.0155941
0
0.00837218
0.0105327
0
0
0.0314823
0.00901247
0.194543
0.00966469
0
0.0216667
0
0.0116538
0.0073832
0
0
0.0090949
0
0.0214657
0.00823206
0.017591
0
0.00882603
0
0.0308474
0
0.00901247
0.488146
0.0169284
0.00882583
0
0.0436943
0.0110331
0
0
0.0147539
0.0144658
0
0
0.0131714
0.0090949
0
0.0189537
0.0833913
0.00816214
0.0654623
0.0139698
0.00962374
0.098199
0
0
0.0292442
0
0.102442
0.0617535
0
0.00901247
0.969328
0.0334335
0.0475103
0.012345
0
0.0214896
0
0.00916319
0.0220306
0.0073707
0.0157195
0.0170812
0.0244816
0.0131714
0.0084332
0.0171985
0.0141558
0.0187313
0.130936
0
0.154567
0
0.00899325
0.258359
0.00764551
0.00671517
0.0412233
0.0586123
0.0180357
0.273752
0.303919
0
0.0253709
0.990494
0.0338108
0
0.118915
0.0248403
0.00882169
0.0437741
0.00937858
0.00916319
0.0450361
0
0
0.0476023
0.0360076
0.0263301
0.00921027
0.02662
0.00707484
0.0356038
0.243004
0.00873103
0.0234072
0.226818
0
0.0376096
0.30421
0.00788573
0.101732
0.19943
0.00910891
0.342468
0.391355
0.0174738
0.033579
0.990494
0.0422332
0.018944
0.193002
0.0109534
0.00744465
0.0723683
0.0304037
0
0.0779862
0
0.014568
0.0166992
0.0116586
0.0131714
0.00884971
0.0795259
0
0.10205
0.202815
0.0181793
0.0237788
0.729515
0.0142373
0.0289798
0.278033
0.0224073
0.00689896
0.0817804
0.199445
0
0.323453
0.379983
0.0348759
0
0.987477
0.0342939
0.00959188
0.146736
0.0109534
0.00744465
0.0597429
0.0408691
0
0.0690424
0.0135266
0.0484076
0.02629
0.0169746
0.0980977
0.0129242
0.0875517
0.169051
0.0345165
0.0230343
0.9844
0.013713
0.0284437
0.244194
0.0470108
0.0280966
0.0709686
0.138648
0.0174357
0.523509
0.349551
0.0343217
0
0.991733
0.0164584
0.00959188
0.111777
0.0111543
0.0072931
0.0697315
0.0480315
0
0.0342645
0.0137922
0.028863
0.0333831
0
0.0120931
0.0348351
0.0963787
0.00665628
0.168948
0.107419
0.0180737
0.00814696
0.915847
0.0287153
0.019763
0.140084
0.0392654
0
0.0503912
0.0974599
0.382159
0.149483
0.0517764
0
0.57803
0.00767889
0.0196706
0.109414
0.0230804
0.0072931
0.079598
0.0584284
0.0236647
0.00651995
0.0151636
0.0159521
0.011677
0
0.00925756
0.0612873
0
0.136173
0.0610225
0.017043
0.015705
0.907725
0.0429486
0.038222
0.0847355
0.0463754
0.00666862
0.0712423
0.0560247
0.00893963
0.234313
0.0591273
0.0174547
0.00764189
0.226168
0.0330384
0.0198594
0.0820724
0.0465714
0.0072931
0.0908382
0.0483977
0.00933675
0.0118107
0.00644553
0.0151636
0.0159521
0.011677
0.0172827
0
0.0335432
0.0670854
0.00817074
0.0161177
0.906258
0.0722921
0.0293114
0.0632957
0.0153599
0.0213222
0.051645
0.0554815
0.0264846
0.198453
0.07319
0.0174547
0
0.143749
0.00873849
0.0284846
0.0474814
0.0113889
0.0083308
0.0591182
0.0482264
0.0190921
0.0118107
0.0128415
0.0228907
0.0115731
0
0.0174636
0.0072834
0.0843169
0.0408083
0.00939739
0
0.818544
0.0279381
0.032311
0.0160172
0.0146536
0.0402969
0.056687
0
0.133728
0.07319
0.0174547
0.0160166
0.111283
0.00873849
0.0191176
0.0283587
0
0.0798416
0.018689
0.0383057
0.0118107
0.00644553
0.0328068
0.0356641
0.0239256
0.00865921
0.0161124
0.0275305
0.00939739
0
0.466713
0.0275251
0
0.0241644
0.00810933
0.00757061
0.03012
0.0444418
0.00889084
0.099434
0.057976
0.0174547
0.00759972
0.0802949
0.0168476
0.00978066
0.0283587
0
0
0.0603603
0.00941324
0.0187611
0
0.0158938
0.011677
0.0115731
0
0.00865921
0.0128537
0.0351512
0.00716689
0.027016
0.198892
0.0143927
0.0159958
0
0
0.00889084
0.0158292
0.0585007
0.0347289
0.0086247
0.0491628
0
0.00879916
0.0104386
0.00933675
0.00827675
0.00622772
0.0183727
0.00686305
0.00890911
0
0.00798168
0.00742021
0
0.00953967
0
0.0167549
0.0081495
0.304907
0.0723561
0.00114073
0.494264
0.246161
0.0131139
0.00114073
0.409058
0.263642
0.0065013
0.00114073
0.409058
0.319338
0.0065013
0.00114073
0.356066
0.319338
0.0065013
0.00114073
0.356066
0.356963
0.0256308
0.300519
0.339243
0.0244901
0.0201245
0.990244
0.0111872
0.542772
0.0722292
0.0161337
0.0167852
0.0219537
0.0964001
0.0163551
0
0.00802108
0.0322417
0.120463
0.0102794
0
0
0.0213912
0.0133281
0.0408277
0.0104461
0.0965682
0.00950663
0.0326248
0
0
0.0133092
0.00802108
0.0634365
0.711536
0.0102794
0
0.0760458
0.0235403
0.00787371
0
0.061247
0.0104461
0.229253
0.0193663
0.114787
0.0155205
0.0299172
0
0.0133092
0.0164232
0.188328
0.0203927
1.00127
0.0186972
0.017843
0.0237607
0
0.0604318
0.0104461
0
0.338099
0.0139089
0.0179527
0.0492858
0.0141577
0.00789579
0.0297026
0.0107916
0.0272846
0
0.0165951
0.0315916
0.0203927
0.825811
0.0880732
0.0234008
0.0402628
0
0.0263151
0
0.0582775
0.0180575
0.980327
0.0129315
0.0515343
0.0666784
0.00651845
0.0155205
0
0.0223164
0.0107916
0.0529628
0
0.0772449
0.0292962
0.0383358
1.0004
0.00847298
0.142276
0.010328
0.0116649
0.0371674
0.00803503
0.013173
0
0
0.0737713
0.0180575
1.00634
0.0814631
0.0082322
0.121206
0.0801138
0.0122921
0
0.00751114
0.0874669
0
0.0107916
0.0532298
0.00631096
0.00757406
0.256976
0.113942
0.0141719
0.148851
1.01399
0.00847298
0.0709789
0.0154728
0
0.0225583
0.0751039
0.01546
0.013173
0.0247064
0.0126932
0.0708461
0.0109962
0.0180575
1.01358
0.0914471
0.205129
0.110106
0.0122921
0.0292039
0.00751114
0.0141493
0.120851
0.0149334
0.0107916
0.064044
0
0.0146501
0.399726
0.115313
0.00723261
0.0715209
0.627311
0.0182273
0.00847298
0.0863285
0.0148988
0.0099746
0.0236274
0.0379366
0.0223412
0.0232745
0.0386753
0.0126932
0.0191798
0.00943415
0
0.790338
0.039625
0.0268213
0.168481
0.0648019
0.0131969
0.0233375
0.0363672
0.00751114
0.0125604
0.0710942
0.0149547
0.0107916
0.0758014
0.0263733
0.0149663
0.352339
0.0426441
0.00661743
0.0716556
0.509992
0.0267141
0.0170684
0.0234916
0.0373406
0.0302231
0.0114984
0.0123275
0.0125583
0.0184205
0.00942172
0.981309
0.0387186
0.0178508
0.11906
0.0812179
0.0332459
0.0558127
0.021374
0.015945
0.0251905
0.0856436
0.00750154
0.0107916
0.0522546
0.0128693
0.0286361
0.359412
0.0424038
0.0341943
0.12595
0.351676
0
0
0
0.0225017
0
0.0112387
0.0260895
0.0388522
0.766666
0.0521501
0.202488
0.0659983
0
0.0221203
0.00726099
0.00809307
0.0275026
0.0277542
0.00763671
0.0121593
0.0140802
0.291062
0.02759
0.01385
0.142754
0.262091
0
0
0.0116649
0
0.00756023
0.0184205
0.397829
0.0133202
0.050008
0.0324338
0.0127269
0.0112845
0.00726099
0
0.0207463
0
0.0139246
0.0140802
0.266996
0.00723261
0.142754
0.262091
0
0.0116649
0.0369237
0.558226
0.0170925
0.006649
0.00726099
0
0.00751988
0.110426
0.00723261
0.212979
0.245766
0
0
0.0184205
0.0942715
0
0.0169241
0.006649
0.00726099
0
0.0460532
0.00723261
0.321256
0.0538738
0
0.0341162
0.0158177
0.0338986
0.00790222
0.0186146
0.00786829
0.622667
0.01911
0
0.0197451
0.0186146
0.0118511
0
0
0.112701
0.01911
0
0
0.00817939
0.0198443
0.0374224
0
0.0118511
0
0
0.00814107
0.0169884
0.0140844
0
0.350236
0
0
0
0
0
0.0204609
0.0418213
0.0107286
0.0198443
0
0.0555515
0
0.0801476
0.00860083
0.0426405
0
0
0
0
0
0.0481042
0.042222
0.0140844
0.0155316
1.00662
0
0.0194462
0.0174619
0.0111528
0.018659
0.0289034
0.0183234
0
0.0147325
0
0.0726076
0
0.187772
0.0164423
0.057677
0
0.042353
0
0.0785962
0.0671721
0
1.00036
0.0186507
0.00984203
0
0.0214046
0.018659
0.00828098
0
0.0182233
0.0193701
0.0194333
0.0730138
0.0148831
0.00644227
0.472979
0.0568898
0.073927
0.0134341
0
0.0994077
0.0324463
0.0074674
0.951576
0
0
0.0274601
0
0
0.018659
0.0162187
0.011512
0
0.00933176
0.0558629
0.0591124
0.0462921
0.178605
0.064573
0
0.928306
0
0.0167276
0.124713
0.0219186
0
0.0422888
0.0616301
0
0.106906
0.0401163
0
0.0149922
0.881748
0
0.00929521
0.0905387
0.0178445
0
0.0220385
0.0219355
0
0.0314635
0.0117137
0.0135619
0.0302784
0.0526001
0.019428
0.0286625
0.083668
0.197078
0.0460591
0.00678957
0.996328
0.00803319
0.0246483
0.194696
0.0145968
0
0.0721429
0.062035
0.227949
0.0320878
0.0144731
0.00774486
0.979152
0.0373008
0.0188723
0.0560366
0.0178445
0
0.0534355
0.0457695
0
0.0450314
0.0511343
0.0132309
0.0570344
0.0284939
0
0.0594045
0.0698103
0.0824285
0.117786
0.0644845
0.0129859
0.996073
0.0153527
0.0248306
0.186672
0.034857
0.00841069
0.0882876
0.0749963
0.0212745
0.150256
0.0636504
0.0372504
0.982744
0.0190424
0.0467974
0.0284522
0.0178445
0
0.0423146
0.0322976
0
0.0449928
0.052851
0.0358602
0.0421109
0.0387408
0.0397539
0.0351286
0.0173614
0.0578782
0.0355772
0.120481
0.0474381
0.0135153
1.01776
0.0234496
0.0238561
0.180493
0.0556591
0.0404933
0.177469
0.0754098
0.00673513
0.115878
0.0325395
0.0314569
0.0433704
0.865515
0.0363266
0.0285188
0.0273844
0.0331612
0.0321955
0.0530962
0.0532334
0
0
0.0131302
0
0.0123732
0.0372501
0.029101
0.16578
0
0.0148029
0.0542522
0.0876444
0.0477669
0.0732633
1.05072
0.0298453
0.0157522
0.291815
0.0431278
0.0238217
0.070635
0.0389579
0.0279124
0.16883
0.0252434
0.0436962
0.366326
0.0543941
0.0104275
0.00901317
0.0331612
0.0415938
0.0328164
0.0186575
0.00784872
0.0372217
0.0122452
0.01281
0.0181763
0.0205631
0.0726028
0.0349539
0
0.156204
0.0723819
0.0165574
0.0194077
0.643345
0.0286583
0.0323295
0.252165
0.0147412
0.0307736
0.0389067
0.0129734
0.117444
0.0166251
0
0.00685171
0.183177
0.0720742
0.0104275
0.0193429
0.0170865
0.0212312
0
0
0
0.0111755
0.0140475
0.00998369
0.0169515
0.0178404
0
0.0361914
0.0512935
0.0165574
0.00668299
0.434493
0.021158
0
0.169185
0.00699302
0.0082639
0.0099981
0.0393973
0.0136126
0.0739795
0.00846969
0
0.00761151
0.127613
0.074084
0
0.0167714
0.0102248
0
0.0614797
0.00792141
0.0111755
0.00998369
0.00905862
0.0148297
0.00692609
0.315848
0.00713735
0.111391
0.00699302
0.0390055
0.0300441
0.00846969
0
0.00701306
0.0901761
0.0375557
0.00914468
0
0.0335068
0.0102248
0.0212894
0.0082544
0.0132395
0
0
0.0181242
0.0126706
0.200919
0.00727992
0.0684333
0.00818524
0.0208746
0.0384202
0
0.0223053
0.00846969
0
0.0554525
0
0.0103326
0
0
0.0184942
0.0082544
0
0.00917753
0.0165575
0.0230806
0.00727992
0.0576679
0.00818524
0.0122403
0.00846969
0
0
0
0.0123321
0.0147581
0.013695
0.0587908
0.261586
0.494869
0.494869
0.494869
0.494869
0.494869
0.31577
0.270699
0
0.710521
0.0130982
0
0.836918
0.0293702
0.055235
0
0.719979
0.0293702
0.0146904
0.00724791
0.00807085
0.0305896
0.00735485
0.88728
0.0293702
0.013192
0
0
0.996521
0.0139921
0.44027
0.0204277
0.0266985
0.0131846
0.00821678
0.0169159
0.0117508
0.0150803
0.0201425
0.187605
0.00674012
0.0494679
0.205592
0.0352544
0.0250131
0.0357686
0.0150803
0.0770406
0.00990121
0.0291279
0.0486363
0.092684
0.0176976
0.0411701
0.35546
0.0151229
0.0150803
0.251438
0.0419917
0.0381168
0.0346259
0.00765498
0.13877
0.0206951
0.0139463
0.00721924
0.00676996
0.0148957
0.00676996
0.0076765
0.00934982
0.00676996
0.0076765
0.00934982
0.00676996
0.0192918
0.00676996
0.0137911
0.0192918
0.0190637
0.0151217
0.0120229
0
0
0.0163593
0.101601
0.00949591
0.0151217
0.0282413
0.0154374
0.0544742
0
0.0512905
0.00858447
0.0156304
0.073926
0.0305371
0.00680603
0.602455
0.0109804
0.0191675
0.0761931
0
0.0084662
0
0.0774455
0.173313
0
0.0341618
0.0169584
0.0156304
0.0154408
0.0179413
0.0521838
0.157555
0.117068
0
0.0456529
1.00642
0.0307966
0.0317251
0.0468148
0.0288378
0
0.0167013
0
0.125327
0
0.0549209
0.00750708
0.0765164
0.010553
0.0498282
0.031457
0.0154408
0.00902081
0.0358444
0.0191884
0.107359
0.0874672
0.00714383
0.983973
0.0218015
0.0317251
0.112437
0.029997
0
0
0.00695953
0.0167013
0.0367824
0.0101903
0.0785416
0.00750708
0.0789166
0.0573575
0.0158266
0.0154408
0.0166255
0.053138
0.0177526
0.0718636
0.111256
0.00714383
0.0168578
1.00642
0.0422391
0.0317251
0.0290556
0
0
0.010716
0.0302345
0.102991
0.00750708
0.0678418
0.024657
0.00892051
0.0158615
0.00946152
0.250175
0.0555182
0.0151459
0.0335389
1
0.031418
0.0211261
0.0288711
0
0.00763045
0.0260812
0.00750708
0.00892051
0.00958799
0.050771
0.007401
0.0335389
0.85621
0.0204423
0.249742
0.137179
0.674279
0
0.794532
0
0.794532
0
0.794532
0
0.806286
0.0880683
0.00661026
0.0615193
0.127839
0.0710895
0.105916
0.0945126
0.0186817
0.00772812
0.00760144
0.0106352
0.0442358
0
0
1.00745
0.0880683
0
0.00661026
0.0125638
0.0615193
0.127839
0.0573684
0.872437
0.0113693
0.0760428
0.0522231
0.00772812
0.0211314
0
0
0.0106352
0.0736878
0.903724
0.0180412
0.0333933
0.0284432
0.0125638
0
0.127839
0.0135932
0.983368
0.0118427
0.0553011
0.0352367
0.0467411
0
0.00715863
0
0.0106352
0.0580906
0.903724
0.0180412
0
0.0126163
0
0.178532
0
0.030051
0.359845
0.00707893
0.149633
0.0362745
0.00809137
0
0.00715863
0
0.0663851
0.0580906
0.0187037
0.795321
0
0.0152687
0
0.0365803
0.00668812
0
0
0.0102651
0.0271601
0.0164578
0.0744026
0.0112633
0.0575815
0.0187981
0
0
0
0.013233
0
0.00743538
0.0229507
0.0424931
0.0100107
0.0189292
0.398373
0.0184665
0.0157737
0
0.0123258
0
0.0124508
0
0.0116065
0.012861
0.0149642
0.00749323
0.0112633
0.0591646
0.0340047
0
0.00674069
0.0128291
0.0267282
0.0222706
0.00743538
0.0582042
0.0359781
0.0180183
0.00928952
0.139109
0
0
0.0334463
0.00791145
0.00712012
0.0116402
0
0.0232719
0.0272563
0.0150927
0.0611899
0.0150157
0
0.0206886
0.0878747
0
0.0275009
0
0.014294
0.0754707
0.0414593
0.0353248
0.00743538
0.0817774
0.0291243
0.0293067
0.295519
0
0.0171068
0.116049
0.00827054
0.0154707
0.047787
0.0529969
0.0348193
0.0774409
0.0296786
0.00951269
0.0374241
0.0262019
0.0164538
0.0920922
0.00819559
0
0.0570383
0.1219
0.0221193
0.0240555
0.0403081
0.00918832
0
0.0888389
0.0429903
0
0.0433341
0.0230809
0.0322256
0.0873865
0.0921654
0.00805123
0.0392632
0.617355
0.00910125
0.052332
0.251
0
0.0232076
0.0912673
0.0650199
0.0690488
0.0683683
0.0319606
0
0.0487159
0.064345
0.0437029
0.321546
0.0590405
0.0230433
0.0759819
0.243638
0.0111331
0.0230148
0.0689793
0.0326789
0
0.0885989
0.0814911
0.0128658
0.0655052
0.0553349
0.0219832
0.209839
0.156699
0.0342599
0.0106528
0.299054
0.0167349
0.0674543
0.133648
0.00785855
0.0228873
0.0783882
0.0517768
0.0495066
0.0908378
0.0319809
0.0493955
0.0608148
0.0252104
0.0595595
0.553416
0.051201
0.011612
0.0958072
0.249323
0.0335894
0.0227355
0.0947174
0.0405595
0.0269148
0.123785
0.0717967
0.0381892
0.0562434
0.0628602
0.0353976
0.167938
0.113087
0.0418321
0.0307368
0.220161
0.016636
0.0692467
0.0490587
0.0321194
0.0313155
0.102452
0.0519306
0.0697433
0.0907686
0.0206848
0.0399923
0.0238828
0.051684
0.0438353
0.785894
0.0224251
0.022672
0.152161
0.161024
0.0445879
0.0149264
0.0821767
0.0520255
0.0134288
0.0965611
0.0284732
0.0529605
0.0709503
0.0479648
0.0350196
0.174245
0.092672
0.0580711
0.0203502
0.197389
0.0417902
0.0881232
0.110959
0.0155048
0.0160642
0.0785966
0.0372832
0.0218054
0.0799779
0.0100549
0.0390122
0.0122884
0.0651078
0.0140669
0.929419
0.0227725
0.0113026
0.131917
0.156853
0.0706504
0.0450422
0.0495832
0.0514419
0.0261309
0.124712
0.0547552
0.0513205
0.0362617
0.024346
0.0694584
0.180831
0.0660875
0.0244426
0.0296687
0.172777
0.033365
0.0878923
0.0475718
0.0241227
0.00757276
0.0676414
0.0218377
0.0208223
0.0786309
0.0303563
0.00933291
0.0123494
0.0613671
0.647845
0.0152564
0
0.0959857
0.209639
0.0242843
0.0441706
0.0496105
0.0172429
0.055509
0.111172
0.0273095
0.0670311
0.0422825
0.0233378
0.0455374
0.151924
0.0567787
0.0246431
0.0197695
0.149405
0.0334569
0.123648
0.0640528
0.00736739
0.0167973
0.0350562
0.0155205
0.00729461
0.0557064
0
0.0186157
0.0247288
0.0299291
0.596118
0.0144001
0.0260493
0.1695
0.15752
0.0130606
0.0520593
0.0360236
0.0172429
0.0141078
0.0963453
0.0293468
0.0417983
0.0349426
0.00725088
0.0443628
0.101172
0.0363926
0.00836382
0.0587691
0.137165
0.0170859
0.139321
0.0484387
0
0
0.0710137
0.0146846
0.00729461
0.0449431
0
0.00924041
0
0.0383065
0.0437203
0.65916
0.0243936
0.129473
0.174832
0.0353528
0.0379236
0.029224
0.0357961
0.0265064
0.0761073
0
0.039179
0.0144719
0.0159096
0.0340608
0.0789973
0.0162856
0.0398404
0.125866
0.00783414
0.0668395
0.0161802
0
0.0351259
0
0.012805
0.0299324
0.765886
0.0127379
0.0527215
0.106074
0.0109093
0.00717028
0.00735644
0.0258013
0.0249547
0.0553434
0
0.013339
0
0.0366368
0.00973922
0.00821873
0.0207526
0.0746237
0.0519983
0.0308493
0.00677408
0
0.0118815
0.0140702
0.197846
0.0190863
0.0530519
0.00714068
0.00825467
0.0212327
0.0149553
0.00669209
0.00672511
0.0177883
0.0161802
0.00729701
0.00677408
0
0.0140702
0.0299776
0.0190863
0.0187688
0.0149553
0.0303907
0.0149553
0.378302
0.615717
0.0117644
0.0121483
0
0.00809573
0.615717
0.0117644
0.0121483
0
0.0120806
0.615717
0.0137228
0.0154922
0
0.0117644
0
0.0121483
0.00818082
0.00673963
0.0120806
0.00915104
0.626246
0.0137228
0
0
0.00662032
0.0239528
0
0.0107305
0.0253777
0
0.0230596
0.0384276
0
0.0226682
0.0537554
0.028299
0.0149943
0.00673963
0.0151162
0.00868298
0.747145
0.0785881
0
0.0170651
0.0247765
0.00692917
0.00676046
0.0117644
0.0196174
0.0121483
0.0137724
0.032085
0.0167411
0
0.0227462
0.0785969
0.0382541
0.0485399
0.128547
0
0
0.0938424
0.0278056
0.042347
0.0216682
0.00845819
0.0573319
0.00804462
0.00935296
1.00203
0.116583
0
0.0190123
0.00782587
0.00887758
0.00692917
0.00758373
0.0238536
0.0403131
0.00970088
0
0.032085
0
0.0226237
0.0239818
0.119287
0.0510574
0.663337
0
0.00901165
0.10567
0.0145282
0.0275834
0.042512
0.0353145
0.0081482
0.101729
0.00804462
0.00988879
0.0438526
0.664364
0.0502382
0.0177743
0
0.00887758
0
0
0.0246118
0.0204381
0.00970088
0
0
0.0477745
0
0.00682102
0.0239818
0.0988242
0.019505
0.0503322
0.680358
0
0.0085616
0.0911157
0
0.0275834
0.0703498
0.0505757
0.00771276
0.149354
0.00804462
0.00988879
0.0429418
0.664364
0.0365154
0.0177743
0
0.00887758
0
0.02106
0.0256769
0
0.077453
0.00682102
0.0495905
0.136651
0.019505
0.0370915
0.599153
0
0.0085616
0.0914058
0.00650845
0.0139555
0.0279289
0.0206568
0.0161579
0.0884444
0.00804462
0.00988879
0.0337538
0.482126
0.0128184
0
0
0.00891345
0.0157242
0.0142977
0.0516503
0.0122375
0.0156895
0.0146417
0.0138594
0.0503266
0.0782276
0.019505
0
0.399436
0.0519896
0
0.0427521
0.00673963
0.0155296
0.0789187
0.0160646
0.0173086
0.195565
0
0.0156503
0.00891345
0.0144234
0
0.0122375
0
0
0.023672
0.0974764
0.0163005
0.248836
0.0551069
0.0132195
0.0588661
0.00673963
0.0566033
0.00740229
0
0.0606503
0.0135944
0
0.011991
0.0138785
0
0.0122375
0
0.016598
0.015819
0
0.0232671
0.036549
0.157401
0
0.0284878
0.00758444
0
0.0070813
0.0691874
0.0725455
0.133623
0.011991
0.00998871
0.0104097
0.0122375
0
0
0.0951182
0.0180871
0.0541117
0
0.0818074
0.00758444
0.014152
0.0157897
0.00834183
0.0118128
0.00686743
0.663962
0.0135045
0.00846258
0.300595
0.0125668
0.00754799
0.0112653
0.00998871
0.0104097
0
0.0629031
0.151446
0.0191986
0.0246786
0.239697
0.175395
0.0221948
0
0.014152
0.00791435
0.261528
0.0939324
0.00975275
0.943207
0.289965
0.0181101
0.00836357
0.0512734
0.00778288
0.0347321
0.0112653
0.021306
0
0.0621433
0.0120556
0.30075
0.0191986
0.0246786
0.407083
0.0074246
0
0.171934
0.00758444
0
0.0293177
0.0152678
0.324243
0.0422338
0.0264204
0.797282
0.0376937
0.493064
0.0183941
0.0172293
0.00836357
0.0813696
0.0295381
0.0272843
0.0227982
0.021306
0
0.0641172
0.0120556
0.239905
0
0.430408
0.00680779
0
0.186548
0.00758444
0
0.0293177
0.01534
0.00854436
0.356624
0.0237825
0.00842026
0.509304
0.0376937
0.51001
0.0175512
0.0148712
0.0171892
0.0813696
0.0238358
0.0348423
0.0115329
0.0104097
0.0489446
0.0120556
0.219903
0.439027
0.00680779
0
0.158888
0
0
0.0293177
0.0306128
0.356624
0.00804956
0.00913979
0.00842026
0.509304
0.0646502
0.559456
0.0175512
0.0327704
0.00836357
0.0813696
0.00778288
0.0221449
0.0125283
0.0500315
0.0120556
0.181206
0.477796
0.00680779
0.00901685
0.119301
0.00726065
0
0.0293177
0.00796708
0.279993
0.0160891
0.00842026
0.42951
0.0729431
0.577161
0.0345553
0.0248382
0.00836357
0.0103244
0.1076
0.0120556
0.0544589
0.407647
0
0.0814798
0
0.014803
0.0223092
0.190828
0.0138869
0.31557
0.0482635
0.625893
0.0325571
0.0335633
0.0165044
0.0120556
0.0363401
0.0161917
0.285487
0.028684
0.122658
0.00842026
0.213311
0.0130141
0.625893
0.0494133
0.0335633
0.0120556
0.0171809
0.070448
0.00614149
0.00733646
0.058395
0.00876646
0.0174672
0.00771008
0.00727843
0.0306846
0.00700246
0.0389512
0.011283
0.00727843
0.0283998
0.00727843
0.00769637
0
0.00769637
0.0184056
0.0264501
0.00769637
0.0184056
0.0264501
0.00769637
0.0184056
0.0264501
0.00769637
0.0184056
0.0264501
0.00769637
0.0184056
0.0264501
0.00769637
0.0184056
0.0264501
0.00769637
0
0.0217161
0.0264501
0.00769637
0
0.45086
0.00769637
0
0.45086
0.00769637
0.45086
0.45086
0.407142
0.0992501
0.0337824
0.631391
0.854214
0.854214
0.854214
0.854214
0.537596
0.05108
0.0168291
0.00800371
0.0253164
0.0494519
0.00800371
0.0253164
0.0494519
0.00800371
0.0344145
0.0494519
0.00800371
0.112063
0.0494519
0.0601172
0.112063
0.0494519
0.0521135
0.112063
0.0494519
0.0521135
0.0867465
0.0303878
0.0494519
0.0521135
0.0867465
0.0854875
0.0521135
0.0867465
0.0854875
0.490792
0.0268795
0.0718596
0.0854875
0.898115
0.0268795
0.0854875
0.958093
0.0268795
0.958093
0.0268795
0.0251173
0.00678501
0.978855
0.0351408
0.00678501
0.841578
0
0.01005
0
0
0.0301872
0.00791732
0.151068
0.0549009
0.0766849
0.436985
0
0.01005
0
0
0
0.0301872
0.00791732
0.841999
0.0895389
0.0077314
0.0828965
0.151388
0.020391
0
0
0
0.00952422
0.0301872
0.00791732
1.00241
0.111436
0
0.0077314
0.127339
0.124918
0.020391
0
0
0
0
0.00952422
0.0301872
0.00791732
1.00241
0.131809
0
0.133546
0.117225
0.020391
0
0
0
0
0.00952422
0.0301872
0.00791732
1.00241
0.131809
0
0.104154
0.0479766
0.107895
0.020391
0.0110473
0
0
0
0.00952422
0.0301872
0.00791732
1.00241
0.071896
0
0
0.0965177
0.0479766
0.100066
0.020391
0
0
0.0301872
0.00791732
0.459799
0.071896
0.0173878
0
0.0965177
0
0.0117185
0.0869875
0
0.020391
0
0.0301872
0.00791732
0.0705461
0.0534773
0.0080207
0.0890186
0.0117185
0.0411637
0.020391
0
0.0197467
0.13065
0.0191943
0.0080207
0.0550784
0.0117185
0.0177396
0.020391
0
0.00969896
0.00929965
0.0236613
0.0191943
0.0080207
0.00680441
0.0091843
0.00970455
0.0109765
0.0354179
0.0109765
0
0.250011
0.0104581
0.611687
0.0104581
0.726778
0.0104581
0.726778
0.0104581
0.461256
0.0210149
0.0430969
0
0.0089449
0.0155029
0.0379246
0.0335169
0
0.0226381
0.00728645
0.0202333
0.50977
0.0541741
0
0.0089449
0.0155029
0.0379246
0.0437335
0
0.095323
0.0213483
0.988106
0.0541741
0
0
0.0089449
0.0155029
0.0280859
0.0437335
0
0.107937
0.0213483
0.988106
0.0541741
0.0183286
0.0129726
0.021174
0
0.00945888
0.0221995
0
0.0497128
0.0321881
0.990099
0.0541741
0.0183286
0.021174
0
0.00945888
0.0112915
0.0155635
0.0251899
0.456862
0.0112915
0.00788224
0.0370936
0.102503
0.0112915
0.00788224
0.0370936
0.0117884
0.00981783
0.129248
0.0185447
0.013604
0.045125
0.224844
0.0067173
0.0194158
0.129248
0.0710355
0.0269911
0.0893422
0.0222951
0.444714
0.0135146
0.00981783
0.172582
0.0710355
0.0269911
0.103065
0.0447849
0.367478
0.0135146
0.0171024
0.67114
0.0177483
0.044968
0.0345212
0.0128147
0.124483
0.0204677
0.22072
0.044968
0.0207818
0.00661241
0.00906314
0.102083
0.00755588
0.0204677
0.0127121
0.342848
0
0.0190806
0.0195412
0
0.00914675
0.014599
0
0.00755588
0.0278925
0
0.989454
0.0823906
0.0207319
0.0190806
0.0390836
0
0.0676006
0.0109864
0.0109039
0.00755588
0.0150794
0
0.995254
0.0823906
0.0390353
0.00957086
0.0175466
0.0390836
0
0.134099
0
0
0.833916
0.0115193
0.0662026
0.0207319
0.00851652
0.0175466
0.0390836
0.0192974
0.188871
0.0197124
0
0
0.249122
0.0662026
0.0207319
0.0138137
0.0541974
0.0195412
0.0542158
0.206092
0.319614
0
0.204131
0.0662026
0.0207319
0.0138137
0.0541974
0.0195412
0.0158665
0.0542158
0.198199
0.781773
0.0124188
0.160001
0.012297
0.0821259
0.0541974
0.0158665
0.0542158
0.01139
0.21319
1.00806
0.0124188
0.0105892
0.145315
0.0821259
0.0166365
0.0541974
0.0138168
0.0709091
0.0112716
0.213649
0
1.00806
0
0
0.0105892
0.145315
0.0821259
0.0918348
0.0709091
0.0112716
0.213649
0
1.00806
0.0105892
0.131795
0.0821791
0.0541974
0.0542158
0.0112716
0.184518
0
0.916713
0.0577371
0.116133
0.0345252
0.0542158
0.0226615
0.127467
0
0.418783
0.0106619
0.00771509
0.0106508
0
0.0138566
0.0535147
0
0.0166298
0.0542158
0.0226615
0.0880814
0.0107595
0.736531
0
0.00771509
0.0164397
0.0106508
0
0.0363976
0
0.0166298
0.0201966
0.0527762
0.0225891
0.05979
0.00634294
0.999933
0
0.00771509
0.0188728
0.0106508
0.0064896
0
0.0166298
0.0201966
0.0175845
0.0225891
0.0446316
0.999933
0
0.00771509
0.0106508
0
0.0201966
0
0.0159097
0.0225891
0.0211964
0.902668
0.00771509
0
0.0201966
0
0.0159097
0.0227739
0
0.307461
0.00771509
0
0.0159097
0.0114563
0.171074
0
0.0201393
0.030172
0
0.00969501
0.0655678
0.0065319
0.0350928
0.0264907
0.0182142
0.0186856
0.058321
0.0218823
0.408716
0.0065319
0.0104251
0.00671045
0.0527813
0.130228
0.0186856
0.0362622
0.555857
0.0110224
0.0278071
0.0181603
0.00671045
0.169201
0.0180483
0.0182247
0.030223
0.0435225
0.437549
0.0110224
0.0278071
0.00671045
0.0275902
0.0709978
0.0368131
0.031135
0.03637
0.0113567
0.0373563
0.0110224
0.0278071
0.0191173
0.0348705
0.0185883
0.00902365
0.0278071
0.00902365
0.0278071
0.0128169
0.0128169
0.0128169
0.0623584
0.00817974
0.0101185
0.0623584
0.0709129
0.0131448
0.0214444
0.0124061
0.0735734
0.018367
0.0655241
0.012825
0
0.300947
0.0114898
0.0416072
0.0501648
0.0246744
0.0109742
0
0.0246064
0.0172949
0.0363567
0
0.112963
0.0127681
0.0393458
0.544502
0.0111768
0.00710002
0.0362445
0.0124061
0.00872874
0.018367
0.133
0.0127681
0
0.333104
0.00736461
0.0115168
0.0124061
0.0175011
0.0403126
0.0482626
0.00736461
0.0175011
0.0402653
0.0243279
0.0282923
0.0211141
0.0424975
0.124318
0.0257628
0.0110258
0.0140078
0.0387087
0.157929
0.00760852
0.00834682
0.0319009
0.00699905
0.232712
0.0511474
0.0110258
0.00854408
0.169265
0.334825
0.0150894
0.00873699
0.0101812
0.00678798
0.202981
0.0511474
0.0106996
0.0117641
0.00854408
0.178388
0.417182
0.0150894
0.00672469
0
0.195809
0.0144035
0.0765829
0.017247
0.138559
0.5179
0.0150894
0.00848324
0.134734
0.0513763
0.0256073
0.138237
0.743722
0.00748091
0.012395
0.0365229
0.0254389
0.017247
0.0365252
0.962451
0.00748091
0.00891642
0.0958607
0.0183882
0.0376134
0.0571088
0.0145938
0.0224574
0.0258787
0.07841
0
0.949236
0
0
0.0225123
0.0224574
0
0.063724
0.107884
0
0.992862
0.00817445
0.0404706
0.0507713
0.0294252
0.024078
0.091041
0.0867835
0.00773858
0.0216562
0.0445022
0
0.231354
0.057967
0
1.02921
0.0156238
0.048982
0
0.307906
0.0301603
0.0495631
0.0120265
0.122196
0.161089
0
0
0.072664
0.0182958
0.596115
0.102539
0.0267174
0.0179627
0.999988
0.0233091
0.0407181
0
0.0165151
0.00844927
0.307195
0.0301603
0.0871327
0.0118281
0.0113686
0.236327
0
0.28324
0
0.0207422
0.0106121
0.0856818
0.0182958
0.507336
0.129415
0.0554556
0.0266385
1.01319
0.00744933
0.0486668
0
0.00844927
0.188074
0.0414873
0.08766
0.0113686
0.214721
0
0
0.204794
0.0207422
0.0207565
0.0427268
0
0.451818
0.109397
0.0128459
0.0337826
0.956455
0.0408475
0.0248726
0.0182809
0.00844927
0.0247832
0.00221568
0.0155289
0.0248729
0.0113686
0.09168
0
0.0632602
0.0207422
0.0207565
0.0130559
0.191274
0.0186428
0.0635749
0.183693
0.0234713
0.0182809
0.0152906
0.0107446
0.023017
0.0106121
0.0131656
0
0.016203
0
0.00703496
0.0392516
0.0564197
0.00703496
0.0128901
0.0778602
0.0128901
0.0869928
0.0128901
0.0869928
0.0128901
0.0869928
0.0128901
0.0869928
0.0128901
0.0869928
0.0128901
0.0283515
0.0940405
0.0141272
0
0.0140505
0.0167774
0.0116241
0.18267
0.0142013
0.0132929
0.00715526
0
0.012944
0
0.0101322
0
0.0568683
0.0174642
0
0.0326186
0.0141449
0.014633
0.0116241
0.00621031
0.469878
0.028657
0.0141772
0.0214378
0
0.0130768
0
0.016369
0.0109674
0.0213929
0.0199894
0
0.00661884
0.0499107
0
0
0.0326186
0.0162581
0.0305502
0
0
0.0228807
0.0112442
0.633183
0
0.0144548
0
0.03566
0.0297894
0.011004
0.0222996
0.00734543
0.0327811
0.0660572
0.0109674
0.00722347
0.0303225
0.017503
0.00662888
0
0.0804874
0.00953169
0.0743354
0
0.0256114
0.114291
0
0.0107373
0.0285816
0.0832882
0.0373415
0.00783351
0
0.88076
0.0185654
0
0.0340478
0
0.0147707
0.0150903
0
0.029981
0.00717285
0.0279385
0.0698801
0.0797533
0.0107505
0
0.0810158
0.145285
0.0472865
0.0330796
0.153451
0.0175288
0.0207304
0.014213
0.00707059
0
0.201679
0.04075
0.104301
0.0428235
0.044973
0.0687886
0.0592704
0.0152348
0.857524
0
0.0304008
0.0420682
0.0291762
0.0149104
0.0372191
0.0518388
0.0291187
0.0228512
0.0409561
0.0703733
0.0649045
0.034248
0.0145729
0.0915664
0.142911
0.0208308
0.0481448
0.103463
0.05561
0.0574893
0.069809
0
0.0645701
0.265534
0.0325972
0.0423879
0.0732909
0.0293143
0.0599668
0.10537
0.109962
0.0316572
0.0254468
0.985306
0
0.0798002
0.11326
0.0604411
0.0159709
0.0515967
0.0425889
0.0153078
0.0220684
0.08089
0.0513395
0.0810558
0.0123624
0.0233868
0.155411
0.299701
0.0200669
0.0688708
0.170867
0.00865773
0.0387265
0.115883
0.00719226
0.0518045
0.382388
0.0817231
0.0262948
0.113645
0.120326
0.0775378
0.210729
0.169312
0.0318845
0.0324091
0.503282
0.0459266
0.217943
0.144581
0.0579122
0.00726717
0.0654595
0.0620545
0.0151611
0.0297847
0.0402237
0.0874952
0.120363
0
0.0372097
0.168697
0.23403
0.0196926
0.0626453
0.171414
0.0364597
0.0192163
0.0981725
0.0353532
0.0774844
0.493367
0.0828874
0.0415438
0.0735007
0.0750764
0.0454704
0.25553
0.107115
0.0649825
0.0324218
0.444762
0.0178295
0.200355
0.138713
0.0441142
0.0151777
0.10294
0.051914
0.0225852
0.0378522
0.0403979
0.0170654
0.0685106
0.0241528
0.0442458
0.199908
0.175069
0.0140114
0.126193
0.147974
0.0454866
0.0777743
0.182483
0.070489
0.0384831
0.530395
0.0962102
0.0573656
0.052305
0.0742061
0.0620855
0.294565
0.120085
0.0242873
0.0584927
0.245424
0.0175791
0.243255
0.134075
0.0455403
0
0.0808286
0.072128
0.0698671
0.0459492
0.0829823
0.0525034
0.0524198
0.0219656
0.0220939
0.553622
0.160763
0.0280738
0.146332
0.198413
0.0368622
0.0992881
0.181053
0.0711759
0.0259663
0.571863
0.0331928
0.0415098
0.0532553
0.0422921
0.0611628
0.362085
0.0244244
0.00791266
0.073295
0.137866
0.017658
0.243338
0.0768165
0.0464001
0.0071111
0.0362922
0.051884
0.0548297
0.0294946
0.0525855
0.0170654
0.0177014
0.0351372
0.0150327
0.985178
0.178907
0.0206618
0.134185
0.212692
0.0469884
0.101037
0.141393
0.022345
0.0640349
0.461734
0.11813
0.0278293
0.085326
0.0423333
0.0906579
0.281552
0.0237689
0
0.0738575
0.0893376
0.0177601
0.329604
0.0846703
0.0300574
0.031485
0.0358108
0.0200548
0.0548125
0.0685044
0.0540128
0.0367617
0
0.022677
0.0073108
1.00213
0.180833
0.00668147
0.208059
0.246444
0.0379159
0.0588156
0.0989663
0.0154232
0.0516123
0.578377
0.102594
0.0415107
0.0616286
0
0.030409
0.388098
0.0234668
0.0164223
0.0782023
0.0612363
0.0276486
0.408776
0.0149768
0.0586792
0.0241624
0.0300835
0.0314315
0.0242985
0.0461436
0.0280296
0.0508725
0.0230114
0
0.99264
0.111009
0.0077162
0.179379
0.17422
0.0371509
0.0392795
0.140608
0.00711048
0.0886014
0.607967
0.0505036
0.0297479
0.084994
0.0304435
0
0.294882
0.0162887
0.117925
0.100446
0.0559931
0.146393
0.0150452
0.0584644
0.0227798
0.0308514
0.0536515
0.0170065
0.0430479
0.0328545
0.018193
0.0111595
0
0.928904
0.0505222
0.00767384
0.172361
0.09316
0.0193052
0.062181
0.0559079
0.0144173
0.113713
0.393813
0.0338541
0.0146766
0.102853
0.0440905
0.0450577
0.232219
0.0234705
0.223943
0.0783089
0.0274231
0.0877442
0.0203371
0.0438163
0.0305595
0.0381978
0
0.0385115
0.0164207
0.0364091
0.0344643
0.0357162
0
0.811006
0.114266
0.014149
0.16357
0.0388278
0.0472284
0.0413638
0.0426928
0.0280028
0.17579
0.250097
0.0166963
0.175652
0.0598673
0.0611181
0.165488
0.0247375
0.243849
0.0585421
0.00857589
0.0741966
0.0207179
0.0464828
0.0235278
0.0780106
0.0100652
0.0551441
0.0152216
0.0150858
0
0.0846665
0.0350605
0.00790497
0.722307
0.0313904
0.0220662
0.141095
0.0523732
0.00872537
0.116357
0.0298573
0.0208071
0.164668
0.0832718
0.0166963
0.0276363
0.146282
0.0292208
0.0608114
0.231978
0.0368156
0.0164922
0.239709
0.0285585
0.077207
0.0437698
0.0138758
0.0229312
0.0474519
0.0101499
0.0237622
0.0152216
0.0133199
0.0379807
0.0858744
0.0230639
0.0156166
0.465585
0.030649
0.00742843
0.141365
0.0369153
0.0177188
0.115212
0.0301239
0.00735082
0.126438
0.0835979
0.0480528
0.0427568
0.0938045
0.0741278
0.045358
0.340553
0.0239998
0.0168363
0.188444
0.0093166
0.0459111
0.0426436
0.0286261
0.038061
0.0467209
0.00962913
0.0315858
0.0156766
0.0133199
0.0189623
0.069475
0.010623
0.00790497
0.349723
0
0.00742843
0.0714372
0.0297056
0.0461739
0.117471
0.0291142
0.10157
0.0514685
0.0482044
0.0434759
0.0522709
0.0163216
0.0612021
0.326274
0.0124829
0.0238336
0.288321
0.0201335
0.0605667
0.0133417
0.0146262
0.0319685
0.00962913
0.0470204
0.00832249
0.0285345
0.0189623
0.138271
0
0.0160713
0.265126
0.0294115
0.00656343
0.0416598
0
0.0183888
0.118327
0.00772638
0.101422
0.048206
0.0421462
0.0537329
0.0163216
0.0297402
0.302122
0.0238498
0.0244116
0.376773
0.0191678
0.00888391
0.0149067
0.0342184
0.0146262
0.0302563
0.0538297
0.00832249
0.0133199
0.0163786
0.0884435
0.0165423
0.210996
0.014589
0.0138423
0.0287195
0.00899347
0.0764866
0.00658469
0.115997
0.0150693
0.0284433
0.055641
0.0475277
0.0146979
0.279488
0.0113669
0.00818636
0.252539
0.0100906
0.00888391
0.0149067
0.00684404
0.0231737
0.0195807
0.0466391
0.0133199
0.00816636
0.210996
0.00771256
0.0142883
0.0185651
0.118692
0
0.176263
0.0306813
0.0263391
0.0343536
0.0620658
0
0.254814
0.0113669
0.0328588
0.24643
0.0105522
0.0175899
0.00755435
0.0158857
0.0411192
0.0242484
0.0133199
0.00816636
0.0870066
0.0413756
0.0785554
0.0135326
0.112757
0.0150693
0.0285856
0.0327896
0.0446807
0.0447087
0.150035
0
0.382138
0.0197972
0.0175899
0
0.0153474
0.0151695
0.0195807
0.00828285
0.0133199
0.00816636
0.0552272
0.0141378
0.0785554
0
0.0773752
0
0.0132083
0.00998335
0.0296079
0.0151748
0.0622351
0.00776818
0.454441
0.00924502
0.00755435
0.0108482
0.00662469
0.0144021
0.0402914
0
0.00998335
0.0155859
0.00737503
0.459652
0
0.0149229
0
0
0.0105834
0.013726
0.00853308
0.0586642
0
0.0117218
0
0.0106842
0.0149872
0.0276247
0.0162054
0.459351
0
0.0305657
0.0151737
0.0154666
0.0071548
0.0164746
0.0269637
0.00853308
0.0604962
0
0.0748592
0
0
0.0100461
0.0742437
0.0290306
0.715131
0
0.0151679
0.0139378
0
0.0226745
0.0105299
0.0071548
0
0.0164746
0.0145663
0
0.0342565
0.0146184
0.117816
0.028029
0
0.0736075
0.0158373
0.0170902
0.0685477
0
0.131243
0.0372196
0.00802792
0.888573
0.0190767
0.0090459
0.0151679
0.027761
0
0
0.0144663
0.0210099
0.0147444
0
0.0171449
0.0173983
0
0
0.0160879
0.00706933
0.0834168
0.00774976
0.0282224
0.234252
0.028029
0.00651873
0.111226
0.032353
0.0154739
0.067681
0.0512253
0
0.145005
0.0528324
0
0.0156805
1.00746
0.0480396
0.00922602
0.0311825
0.0638749
0.015102
0.0315086
0.0677389
0
0.0229665
0.00757411
0.013985
0.0842289
0.0173983
0
0.0526729
0.0312623
0.0272583
0.0901252
0.0513234
0.00994213
0.464399
0.0394182
0.0273433
0.150281
0.0674922
0.0167529
0.109982
0.147972
0.027993
0.190543
0.0075507
0.0250031
0.0244309
0.950598
0.038902
0.0375496
0.155589
0.0554647
0.0298657
0.0469486
0.0608792
0
0.0151777
0.00812194
0.0413117
0.0698349
0.0487506
0.0676649
0.0142971
0.0728022
0.0172955
0.0892306
0.122728
0.0304827
0.00994213
0.579134
0.0129485
0.0491551
0.236415
0.0679384
0.0327505
0.139548
0.158415
0.0588026
0.0579565
0.0214811
0.0350423
0.0157449
0.784428
0.0581919
0.0570291
0.180963
0.0574096
0.0293413
0.0790122
0.0307406
0.0290195
0.0225838
0.0229687
0.0678088
0.0354934
0.0527585
0.0551847
0.00773883
0.0960294
0.079189
0.0617045
0.193072
0.0524605
0.0478594
0.456912
0.0293925
0.0355895
0.215489
0.0649588
0.0342438
0.110592
0.126703
0.0725466
0.149347
0.0524329
0.0478773
0.0157484
0.844093
0.0302238
0.0465643
0.259737
0.0437461
0.0161639
0.0925456
0.0222084
0.0727192
0.00775714
0.0769771
0.0267381
0.052514
0.133062
0.0455607
0.0244569
0.0637665
0.0952344
0.0406369
0.166675
0.0439387
0.0935629
0.518459
0.0717225
0.0270286
0.335575
0.0988032
0.0696423
0.154271
0.107171
0.0731295
0.25554
0.0587082
0.0240906
0.00766474
0.673374
0.0292858
0.0475962
0.321385
0.0511294
0.0615313
0.0924116
0.0452853
0.0109696
0.0297646
0.059371
0.0267381
0.0360447
0.135117
0.023811
0.0235492
0.0821959
0.0645968
0.0637585
0.140556
0.0152791
0.0649385
0.770014
0.05615
0.0635246
0.321143
0.11547
0.0528589
0.186534
0.117819
0.0603631
0.270704
0.0518889
0.0225782
0.0079329
0.586152
0.0490286
0.0468366
0.338223
0.0280747
0.0296375
0.0772022
0.0606501
0.051564
0.0302182
0.0377579
0.0280857
0.10618
0.118865
0.0118185
0.00713992
0.0716323
0.0802928
0.105562
0.113542
0.0222613
0.0285048
0.934753
0.0733484
0.0351632
0.38714
0.0988625
0.0337753
0.242579
0.102051
0.04299
0.364148
0.0757156
0.0377696
0.0460953
0.407364
0.0493778
0.0753736
0.167632
0.0563384
0.0136416
0.0999066
0.196544
0.0422438
0.0234545
0.0304649
0.0140796
0.0845025
0.0511776
0
0.031249
0.0615275
0.0783477
0.0909562
0.069434
0.0383363
0.0763873
1.02708
0.0421284
0.00676129
0.331685
0.0322424
0.0863623
0.260338
0.042374
0.0138541
0.52868
0.0305189
0.0127573
0.0382493
0.213326
0.0383986
0.0533093
0.0778691
0.0428237
0.0297765
0.0992707
0.0822084
0.0207133
0.0302375
0.0144304
0.0189943
0.0156711
0
0.0377098
0.0755363
0.0303304
0.134165
0.0978451
0.0604526
0.0575832
1.01675
0.0135297
0.0213765
0.302067
0.0513762
0.0323816
0.173794
0.0621612
0.0138541
0.493414
0.045035
0.0123757
0.0251326
0.100279
0.0478922
0.0627163
0.0722966
0.0434362
0.0161349
0.0401543
0.0234337
0.030578
0.0072805
0.0344685
0.0108542
0.0152102
0.0676218
0.134385
0.15872
0.0214525
0.0275224
0.995071
0
0.00776913
0.220283
0.0181563
0.0156185
0.147581
0.0626775
0
0.358389
0.0145161
0.0167495
0.0331749
0.0385206
0.0542852
0.0222159
0.0301456
0.0145049
0.00812478
0.0310928
0.0163875
0.0108542
0.0155258
0.0326006
0.0635875
0.0353076
0.771565
0
0.0856376
0.0181563
0.0447361
0
0.196282
0.0146526
0
0.00613818
0.00964581
0.00978833
0.0222159
0
0
0.010113
0.00680679
0.00667978
0
0.197862
0.0118088
0.0152278
0.0116985
0.0144046
0.0624127
0.0303424
0.097467
0.23579
0.381693
0.308584
0.308584
0.121872
0.0303475
0.0092489
0.135996
0
0
0
0.0292967
0.0675705
0.0203352
0.00880882
0
0.16952
0.60271
0
0
0.204706
0.00800286
0.00886197
0.0292967
0.146354
0.0203352
0.00880882
0.00697011
0.153327
0.717444
0
0
0.00697048
0
0.0131054
0.017379
0.00862774
0.00800286
0.0165974
0.0762997
0.0848582
0.052597
0.0111568
0.309257
0.0203352
0.00853496
0.0143449
0.0127729
0.153327
0.981805
0
0.00894748
0.0142282
0
0.0110825
0.0131054
0.0522403
0.00862774
0.00800286
0.0948809
0.112453
0.052597
0.0111568
0.454104
0.0210605
0.03593
0.0143449
0.0277963
0.0474158
0.998049
0.00735138
0.00894748
0.0072577
0.0110825
0.0131054
0.114559
0.00902062
0.00800286
0.142205
0.114307
0.071664
0.0325882
0.523922
0
0.0109568
0.00869327
0.0555977
0.0143449
0.0277963
0.0196914
0.444465
0
0.014392
0.0131054
0.0662588
0.00902062
0.0157914
0.18878
0.173646
0.0281557
0.0111568
0.600965
0
0.0555904
0.0276026
0.0127729
0.00718599
0.65375
0
0.00812232
0.0169228
0.0178722
0.00781597
0.16704
0.0257266
0.0426852
0.0231619
0.251319
0.0206079
0.0367558
0
0.0366092
0.0127729
0.00718599
0.26394
0
0
0.0169273
0.0178722
0.16704
0.00835181
0.0439608
0.0170778
0.234712
0.0207787
0.0279065
0
0.0281996
0.01378
0.00718599
0.395027
0.00828812
0
0
0.0169273
0.00902062
0.00756261
0.0288327
0.0346663
0.0553321
0.0407573
0.447445
0.0165915
0.00896674
0.0137536
0.00866037
0.00671732
0.795563
0.0338029
0.0107175
0.0165643
0.034183
0
0.0118443
0.272316
0.866998
0.0691352
0.00766933
0.0985484
0.0107175
0
0.0605147
0.0141772
0.066444
0.0118443
0.272316
0.726304
0.147959
0.00766933
0.0985484
0.0107175
0
0.0605147
0.0141772
0.107202
0.0118443
0.272316
0.718837
0.130407
0.0109318
0.115378
0.00698721
0.0107175
0
0.108009
0.154045
0.00793711
0.0235082
0.157392
0.0741382
0.450388
0.191657
0.00817001
0.131386
0.0107175
0.0827055
0.263317
0.00809193
0.0220506
0.144578
0.00872735
0.151811
0.0368952
0.0110894
0.115378
0.00791545
0.0107175
0.140076
0.0162326
0.646341
0.0242455
0
0.029407
0.00960408
0.0870856
0.0179923
0.0110894
0.115378
0.0107175
0.0193072
0.182736
0.0365188
0.577309
0.0242455
0.0140436
0.00960408
0.0356374
0.0110894
0.149874
0.0145428
0.190329
0.033189
0.00960408
0.0120514
0.0177895
0.0120514
0.0106813
0.18198
0.00195381
0.0659625
0.00837875
0.0312803
0.0110826
0.0144052
0.00951285
0.00707601
0.548339
0.00804135
0.015018
0.00750776
0.01148
0.00892519
0.0485682
0
0.221567
0.0108143
0.0110826
0.023659
0.00951285
0.0180467
0.00921124
0.624708
0.015018
0.00892519
0.0485682
0.0136577
0.362144
0.0234152
0.0122066
0.00951285
0.0180467
0.00921124
0.926896
0.0162419
0
0.061034
0.0160263
0.0136577
0.120986
0.0249075
0.0327791
0.00951285
0
0.0180467
0
0.00790174
1.00176
0.0083362
0.0319614
0.0527955
0.0124761
0.0870262
0.276815
0
0.188044
0.00869546
0.0237023
0.0561423
0
0
0.00849694
0.0138476
0.00790174
0.0191111
0.62491
0.00748365
0.0527955
0.0238523
0.0173217
0.32774
0.0149981
0
0.453683
0.0327167
0.0237023
0.101551
0
0
0.00849694
0
0.016962
0.0159069
0
0.0534441
0.00821572
0.00825702
0.0527955
0.00879381
0.0238523
0.00799952
0.311968
0.0305298
0.602081
0.031663
0.0220953
0.156495
0
0
0.00849694
0
0.016962
0.00800515
0.0207985
0.0200289
0.00821572
0.00825702
0.0163295
0.00879381
0.0396062
0.0119328
0.0162285
0.107999
0.0287277
0.0173222
0.187937
0.047007
0.0105583
0.0354217
0.0205125
0.0336108
0.00799952
0.0412975
0.00822617
0.0327314
0.0101925
0.193007
0.0101925
0.0709411
0.0292634
0.0427436
0.0292634
0.0427436
0.0292634
0.0427436
0.0292634
0.0427436
0.0292634
0.0427436
0.0292634
0.0427436
0.0309982
0.00943374
0.264642
0.00740545
0.0427436
0.00681499
0.0315163
0.00695189
0
0.248917
0.0309982
0.00943374
0.278268
0.00740545
0.0428875
0
0.0315163
0.00676056
0
0.62138
0.0309982
0.566198
0.0153877
0.0329385
0.149324
0.122272
0.102442
0.0309982
0.253777
0.0153877
0.0329385
0.149324
0.115193
0.209145
0.0523033
0.0079822
0.0329385
0.133367
0.0651153
0.00753618
0.417785
0.00687335
0.0196304
0.0576926
0.0153341
0.0723086
0.00753618
0.629123
0.037083
0.00757945
0.0137655
0.00962262
0.050075
0.00712846
0.0147178
0.551714
0.0080794
0.0398272
0.0804167
0.00757945
0.0137655
0.00962262
0.0414089
0.0171571
0.0112107
0.197226
0.00716278
0.685867
0.0084941
0
0.00822113
0.0398272
0.101854
0.0157366
0.0223823
0.0137655
0.0564597
0.0333671
0.0218499
0.30578
0.0237591
0.904304
0.0084941
0.00822113
0
0.0398272
0.00992016
0.180091
0.0360203
0.0145214
0.0137655
0.0791623
0.0171571
0.0205724
0.0218499
0.38963
0.0597979
1.00571
0.0084941
0.00822113
0.0169629
0.0398272
0.0156337
0.582278
0.0147828
0.0207685
0.0149116
0.0690399
0.0168876
0.0205724
0.3024
0.0436057
0.0137409
0.728122
0.00822113
0.0169629
0.0490731
0.416124
0.0147828
0.0207685
0.0106426
0.0405913
0.076401
0.0168876
0.0378501
0.403267
0.0288504
0.00712711
0.0137409
0.648655
0.55784
0.0272713
0.00733179
0.0519756
0.0538548
0.423415
0.0216876
0.0202382
0.0139188
0.438618
0.453569
0.0162817
0.0134405
0.0787926
0.0454468
0.0874428
0.0181355
0.429666
0.0475798
0.319138
0.568364
0.0162817
0.0134405
0.145274
0.090401
0.0436082
0.383698
0.0066797
0.0746104
0.0924658
0.0091125
0.00751015
0
0.00844598
0.331729
0.0162817
0.00650285
0
0.36906
0.0597504
0.0932333
0.301088
0.0510802
0.00886678
0.249593
0.0548677
0.00650285
0.409381
0.0524003
0.0298817
0.280303
0.0144354
0.170098
0.0157974
0.409381
0.00736363
0.0183777
0.0513628
0.151921
0.00718271
0.163702
0.0159547
0.0258283
0.00736363
0.00726835
0.0859363
0.102903
0.0402926
0.0307052
0.0841064
0.0209037
0.102903
0.0402926
0.0307052
0.0154705
0.0879013
0.102903
0.0317917
0.0412213
0.0154705
0.0879013
0.102903
0.0235159
0.051459
0.0154705
0.095354
0.0105598
0.102903
0.0156772
0.0139944
0.0703134
0.0154705
0.00742749
0.172752
0.00781199
0.0468208
0.0163171
0.0159359
0.0309551
0.102903
0.0160975
0.0156772
0.628535
0.00730328
0.0154705
0.00743548
0.221361
0.00704639
0.0468208
0.0163171
0.0159359
0.0309551
0.0809089
0.0160975
0.0482347
0.637715
0.0141068
0.0154705
0.00743548
0.556493
0.0468208
0.0215592
0.0159359
0.0163235
0.0105598
0.0666334
0.0475963
0.949225
0.00966426
0.0566105
0.00759779
0.0130952
0
0.22505
0.0154705
0.0211791
0.154257
0.0468208
0.0325776
0.0166354
0.0599323
0.0229904
0.757344
0.0846056
0.0193374
0.235618
0.00809315
0.022126
0.235078
0.0313607
0.0166417
0.0101654
0.0216784
0.0584679
0.279821
0.125286
0.133626
0
0.0288325
0.51521
0.0102147
0.00902768
0.00723353
0.0240693
0.0754672
0.0132786
0.0443291
0.0159338
0.0148944
0.349924
0
0.0106033
0.0106038
0.0307223
0.322685
0.02758
0.00784481
0
0.0493473
0
0.0290861
0.0106038
0.00723442
0.317893
0.0380076
0.0187002
0.0257179
0.00888342
0
0
0.0164216
0.130241
0
0.0140666
0.0168358
0.0689641
0.00798949
0.479514
0.0380076
0.120696
0.0102332
0.0257179
0.00888342
0.00921627
0.0164216
0.356178
0
0.0140666
0.0689641
0.00798949
0.578764
0.0458942
0.120696
0.0102332
0.0257179
0.00888342
0.00921627
0.0164216
0.27905
0
0.0732379
0.190995
0.00798949
0.406468
0.0458942
0.198185
0.00857713
0.0168584
0.00888342
0.00784481
0.178321
0.0732379
0.169331
0.170145
0.198185
0.0168584
0.00888342
0.00784481
0.168504
0.0732379
0.169331
0.170145
0.214034
0.0168584
0.396265
0.0287672
0.0537519
0.110292
0.214034
0.0168584
0.366884
0.0287672
0.0225592
0.110292
0.214034
0.0085839
0.0821468
0.0945176
0.0533668
0.0536485
0.276029
0.0536485
0.85918
0.0261824
0.041337
0.040163
0.0536485
0.858244
0.104064
0.0681568
0.0536485
0.77987
0.146371
0.0681568
0.0394316
0.738335
0.146371
0.0804533
0.0394316
0.728279
0.146371
0.0804533
0.0134773
0.553207
0.171771
0.121995
0.0134773
0.299728
0.310929
0.138796
0.0339974
0.0948483
0.0527918
0.0140374
0.0969836
0
0.0165117
0.0119169
0.0212108
0.0388148
0.141372
0
0.00798838
0.572238
0
0.0224785
0.0667074
0.0119169
0
0.0198013
0
0.0688865
0.223946
0.00798838
1.00018
0
0.0342969
0.298654
0.0224926
0
0.00812435
0.00985697
0.119475
0.153858
0.00705879
0.760845
0.00633149
0.690101
0.0205292
0.00750201
0.00985697
0.0781534
0.120479
0.00952314
0
0.43366
0.00633149
0.869785
0.0119169
0.00750201
0.00976586
0
0.191099
0.090142
0.0147589
0.523286
0.852731
0.0119169
0.0152179
0.0198811
0.265864
0.0759617
0.0068928
0.3075
1.0028
0.0221194
0.00771592
0.0198811
0.0775286
0.0392742
0
0.129658
0.980073
0.0221194
0.00771592
0.0295308
0.0508542
0.012242
0
0.103441
1.0028
0.00876269
0.00972593
0.0382136
0
0.911957
0.00876269
0.0124686
0
1
0.00876269
0
0.0070109
0
1
0.0269021
0.0070109
0.642925
0.0526043
0.0225453
0.174364
0.353755
0.0450987
0.138889
0
0.010287
0.0139408
0.0435965
0.21952
0.239782
0.138889
0.00901434
0.204381
0.010287
0.0139408
0.0435965
0.21952
0.271925
0.0125063
0.121072
0.101972
0.0581593
0.010287
0.0139408
0.0593264
0.21952
0.25606
0.0125063
0.094651
0.101972
0.0581593
0.010287
0.0139408
0.0735105
0.260263
0.248636
0.0125063
0.0684623
0.101972
0.0581593
0.010287
0.0275894
0.100799
0.217979
0.273541
0.0125063
0.0519436
0.0191317
0.0242541
0.116683
0.0457724
0.0136486
0.114668
0.217979
0.258212
0.0125063
0.0168128
0.024656
0.00888384
0.136608
0.012375
0.130219
0.092691
0.357917
0.0125063
0.0168128
0.0164278
0.00888384
0.143992
0.130219
0.040481
0.218199
0.0107442
0.0186921
0.0129677
0
0.00812694
0.17767
0.216007
0.0137956
0.0186921
0.11759
0.0157298
0.044607
0.00625672
0
0.0848115
0.0692898
0.687241
0.0360665
0
0.00796835
0.144579
0.0463755
0
0.118394
0.593425
0.999932
0.0809211
0
0.00623581
0.00796835
0.00853363
0.282439
0.0455992
0.00877001
0
0.0884685
0.538625
0.0134786
1.00949
0.0578105
0.0471372
0.43058
0.0220883
0
0.171711
0.506376
0.586449
0.0212208
0.0328918
0.015525
0.526483
0.00706493
0.0220883
0.068856
0.0514924
0.00958903
0.49322
0.170203
0.0389694
0.015525
0.570475
0.00706493
0.0115396
0.0393364
0
0.441691
0.170203
0
0.0389694
0.015525
0.448299
0.0122178
0.388202
0.170203
0.00607753
0.0145719
0.416229
0.0104908
0.0128508
0.0280597
0.0969607
0.0217703
0.186891
0.0117695
0.0117695
0.166685
0.000967125
0.000967125
0.000967125
0.135976
0.475544
0.585847
0.585847
0.585847
0.596115
0.616948
0.780404
0
0
0.0171399
0.00672381
0.00579086
0.00691687
0.00899205
0.0303873
0.0079448
0.0401402
0.00760834
0.00661715
0
0.91853
0
0.0244746
0.00745644
0.00780213
0.0164708
0.0140765
0.028308
0.0211709
0.0227466
0.0280109
0.0517949
0.00933928
0.00977161
0
0.0933484
0.0137779
0.013403
0.99051
0
0.011511
0.0193383
0.0115625
0.0161928
0.014654
0
0.0474529
0.0140767
0.0283846
0.0552488
0.0148042
0.0141887
0.0135532
0.07789
0.00987201
0.0286172
0.00702838
0.104729
0.0370244
0
0.0201034
0.0324764
0
0.106767
0.058526
0.00739591
0.0114488
0.604853
0
0.0230006
0.202532
0.027313
0.0115625
0
0.0375567
0.0162963
0.0140821
0.0267029
0
0.0229576
0.0140765
0.146403
0.027195
0.0143078
0.0205419
0.119448
0.0306734
0.0511619
0
0.137248
0.0804
0.0138692
0.0602564
0.0339631
0
0.190448
0.0586322
0.0227925
0.010688
0.616594
0.0242381
0.0235317
0.261998
0.027313
0.0318071
0.0259326
0.0447197
0.0473457
0.0150378
0.00644294
0.0370147
0.0121558
0.0592973
0.304
0.05428
0.013428
0.0352526
0.159277
0.021484
0.0355821
0.0654126
0.0543518
0
0.172761
0.0535809
0.0260876
0.110915
0.0490748
0
0.190167
0.0510353
0.00739591
0.034402
0.91599
0.0219911
0.060996
0.322732
0.0695586
0.0318071
0.0420812
0.0373295
0.0265692
0.0157279
0.0140821
0.00644294
0.0740468
0.0460253
0.0752603
0.815299
0.123574
0.0267589
0.0289963
0.127024
0.0231627
0.0333949
0.0722874
0.0169013
0
0.29377
0.0907199
0.0260876
0.102893
0.0242418
0.015585
0.171951
0.0445981
0.0368914
0.035547
0.868054
0.0330896
0.0611841
0.162843
0.0693897
0.03191
0.0423609
0.0289975
0.0178978
0.102945
0.016363
0.0136133
0.0947394
0.023567
0.0299506
0.831381
0.111892
0
0.0217799
0.143453
0.0206763
0.0370409
0.0732912
0.0493112
0.0376777
0.277771
0.0289047
0.0507932
0.11198
0.0313204
0.0253784
0.173885
0.0149095
0.021258
0.0125462
0.652448
0.022234
0.0614674
0.0795896
0.00745659
0.0223232
0.0252453
0.028151
0
0.0873037
0.0317922
0.0209367
0.110499
0.0352178
0.0156139
0.794462
0.0403854
0.014447
0.02914
0.130746
0.0167134
0.049154
0.107779
0.0377973
0.220467
0.0193489
0.0134478
0.124981
0.00846299
0.00805574
0.181118
0.059412
0.0146853
0.0468512
0.265742
0.0230278
0.0590006
0.0777088
0
0.0223882
0.0176412
0.00652565
0.00917422
0
0.00748736
0.0553443
0.0238302
0
0.965145
0.0412048
0.00768669
0.0435978
0.0901856
0.032964
0
0.0441452
0.0727118
0.105315
0.158927
0.0376599
0.0124212
0.168711
0.024578
0
0.139252
0.0377182
0.0379556
0.0450232
0.194377
0.034929
0.0467444
0.0765094
0
0.0179186
0.00652565
0.00917422
0
0.0315015
0.0141741
0.0365021
0.0242335
0
1.00232
0.0419421
0
0.0536834
0.0903222
0
0.0901195
0.0729918
0.055998
0.0230217
0.168367
0
0.0252265
0.111956
0.0332112
0.168004
0.0297454
0.0305353
0.0328176
0.114116
0.0718573
0.0592897
0.00752084
0
0
0
0.0170823
0
0.0158918
0.0148592
0.0196641
0.0242335
0
1.00201
0.0146114
0
0.0829879
0.0733515
0
0.0887406
0.0938737
0
0.0221341
0.150918
0.0180171
0.0137701
0.0726647
0.00844933
0.13942
0.00779781
0.0234553
0.0323395
0.0794465
0.0717827
0.0191469
0
0.00896667
0
0
0
0.0323184
0
0
0.712733
0.012524
0.0317553
0.0250361
0.0161248
0.042991
0
0.0243165
0.107207
0.00888895
0
0.0419908
0.00777677
0.0183605
0.0695924
0.00779781
0
0.0115023
0.0844109
0.0211238
0.00875161
0
0
0
0.012389
0.328355
0.015692
0.00838383
0
0
0.00698621
0
0
0.0432074
0.0113494
0.00777677
0.0560262
0
0.0223735
0.0122122
0.0111824
0.0115482
0.00875161
0.0172427
0
0.389778
0.00743505
0.0236048
0.0169203
0.0181174
0.0140988
0
0.0442484
0
0.00777677
0.0969556
0.00805628
0.142657
0.0242842
0.0111824
0.0116659
0.00875161
0.361921
0.00743505
0.0605115
0.0173335
0.0341284
0.0140988
0.0697224
0
0.182022
0.0153202
0.189459
0.012072
0.0111824
0.0247311
0.0192717
0.315963
0.0146875
0.0536001
0.00867406
0.032487
0.00711254
0.0520059
0.00839156
0.215454
0.00742229
0.21443
0.0111824
0.0116659
0
0.0192717
0.297748
0.0146875
0.0536001
0.0116373
0.032487
0.0081964
0.0520059
0.00916046
0.00839156
0.223041
0.00742229
0.476347
0.0111824
0.0348835
0
0.250133
0.0146875
0.0380113
0.0116373
0.032487
0
0.00766696
0.0520059
0.00916046
0.020907
0.0165834
0.00934155
0.231315
0.00742229
0.720589
0.0111824
0.0116659
0.00940703
0
0
0.0166946
0.0974665
0.0146875
0.0299206
0.0116373
0.032487
0.0147388
0.0520059
0.00916046
0.011166
0.0165834
0.00934155
0.0857721
0.00742229
0.98815
0
0
0.00912841
0
0
0.0200651
0.0151326
0.032487
0.00680724
0
0.011166
0.00819187
0.00934155
0.0794654
0.612636
0.0234623
0
0
0.00912841
0
0
0.0148114
0.032487
0.00739864
0
0.011166
0
0.00934155
0.0222039
0.00764259
0.466065
0
0
0
0
0
0.0185089
0
0.0221005
0.0499003
0.0181907
0
0.0216522
0.00822201
0.0186405
0.014925
0.542454
0
0
0
0.00725598
0.0270594
0.00871155
0
0.0185089
0
0
0.00750352
0.0540582
0.0499003
0.00766447
0
0.00940637
0.0104863
0
0.0274534
0.0442177
0.00790453
0.907559
0.0208485
0.0130127
0
0.00725598
0
0.054072
0.025461
0
0.0377247
0
0.00750352
0.0690452
0.00819738
0.0868064
0.00766447
0.0242416
0.00940637
0.0273359
0
0.0543132
0.0815033
0
0
1.00409
0.0326345
0.0240255
0
0.0361361
0.0330524
0.0880807
0.0167584
0
0
0.00658663
0.0169456
0
0.0140979
0.0189617
0
0.00750352
0.0995673
0
0.0499003
0.00734312
0.0344826
0.0770704
0.0179383
0.0272066
0.0434787
0.130958
0.154711
0.0229052
0.0154751
1.00409
0.0334334
0
0.0373108
0.0198561
0.0578956
0.043084
0.179355
0.0068165
0.0253905
0.0155542
0
0.0133885
0.0176449
0.011504
0.0140979
0.0190113
0.0394985
0.00676005
0.112875
0
0.0748552
0.0213069
0.0179988
0.118574
0.0274296
0.0259741
0.0831347
0.0243896
0.128511
0.111748
0.0149613
0.0445861
1.00265
0.0340757
0.0348525
0.0994552
0
0.021001
0.0551821
0.0885508
0.0145314
0.0420144
0.0166421
0.0137631
0.0410929
0.0185202
0.0443145
0.0302134
0.027877
0.0141491
0.0207417
0.14034
0.0168891
0.0219756
0.0349305
0.0136741
0
0.118111
0.0612614
0.0379949
0.0264049
0.105136
0.0152098
0.165905
0.184138
0.02147
0.021668
1.00605
0.0695419
0.0450158
0.195988
0.0208913
0.0268746
0.0882455
0.0534081
0.0145314
0.049718
0.033651
0.060181
0.0562277
0.0569845
0.0455257
0.062297
0.0362514
0.04242
0.0196504
0.14716
0.0332269
0.0206314
0.117773
0.0202002
0.0688318
0.148434
0.0543145
0.0188743
0.141003
0.116461
0.0231142
0.264582
0.104037
0.0500705
0.0360795
1.01824
0.0675394
0.0448854
0.177183
0.058596
0.0339171
0.0772846
0.0259266
0.0429896
0.0745296
0.0490843
0.0317835
0.0347349
0.0571765
0.0220977
0.0780329
0.0373925
0.067828
0.0931051
0.102804
0.0569722
0.0322008
0.341824
0.0486281
0.0868842
0.135785
0.0808552
0.0549896
0.185527
0.102928
0.0076898
0.347734
0.103734
0.0345649
0.0668379
1.00635
0.101738
0.0342322
0.27322
0.0980699
0.0407158
0.0881514
0.0431791
0.0283047
0.050382
0.0661112
0.0327885
0.0545948
0.163344
0.0656429
0.0623177
0.0590283
0.013819
0.107337
0.199929
0.0483313
0.0532433
0.820685
0.0652056
0.0848654
0.338638
0.0625729
0.0658065
0.253111
0.146424
0
0.303477
0.137509
0.0219019
0.0217064
0.581903
0.122352
0.042866
0.248043
0.1187
0.0279314
0.0988088
0.0847338
0.0280902
0.0432381
0.0839699
0.0631013
0.0411737
0.0910663
0.0114918
0.167947
0.114978
0.0262926
0.159606
0.201116
0.0472021
0.0633388
1.00062
0.0872165
0.120064
0.316906
0.0717256
0.0479572
0.188213
0.0603246
0.0405003
0.327923
0.101489
0.02841
0.0449329
0.55319
0.0442075
0.0682552
0.0828166
0.0180142
0.0418528
0.0447564
0.0600317
0.00717408
0.034034
0.117905
0.0627852
0.0478207
0.0766442
0.0244661
0.0923853
0.0950438
0.0661426
0.156122
0.18396
0.0472906
0.0424641
1.00062
0.0882819
0.103805
0.250275
0.026769
0.0993805
0.152543
0.0821515
0.0233933
0.261852
0.0342543
0.0147022
0.0442994
0.201499
0.0420786
0.070085
0.0717035
0.0180142
0.0141904
0.0442803
0.0176507
0.0147007
0.0344573
0.033566
0.029622
0.0540167
0.0757282
0.0244661
0.0620252
0.0764677
0.0780251
0.101178
0.0954632
0.015422
0.0550603
1.00062
0.0597208
0.0654513
0.197828
0.0183173
0.0536684
0.234806
0.0521864
0.0158532
0.166686
0.027797
0.0078325
0.0295447
0.109264
0
0.0575197
0.0458278
0
0.0212905
0.0115757
0.0256116
0.00717408
0.0261963
0.0178971
0.0456793
0.0274756
0.05558
0.0365153
0.0318342
0.0581878
0.0269325
0.129285
0.0517405
0.0153674
0.0314151
1.00062
0.0519425
0.0314716
0.152451
0.0093927
0.0713115
0.143838
0.0430763
0
0.15866
0.00675172
0.00787541
0.0430486
0.0966473
0.0242064
0
0.0108424
0.02036
0.0318007
0.0178063
0.00717408
0
0.0860398
0.0618439
0.0133931
0.0406184
0.0346475
0
0.0488155
0.0553733
0.0641704
0.0446572
0.0310637
0.0422524
1.06465
0.0231782
0.0521492
0.0779757
0.0169698
0.00915731
0.0889727
0.0432591
0.0164537
0.109689
0.0152152
0.0217351
0.047642
0.0235551
0.0129121
0.0180035
0
0.0337902
0
0
0.016095
0.122481
0.0317425
0.0203223
0.0115707
0
0.0588244
0.0398672
0.0452627
0.0576549
0.0252869
0.0307404
0.759387
0
0.0170938
0.0475381
0.0172411
0.0100725
0.0231522
0
0.00862289
0.0348731
0
0.0147868
0.0139237
0.011909
0.0115542
0
0
0.00651327
0.00765955
0.0175654
0.030649
0.0146635
0.0100167
0.041166
0.0299228
0.0964003
0.0586658
0.0538747
0.105171
0
0
0.0151681
0
0
0
0
0.00790729
0.00867363
0.00712724
0.00784341
0
0.011928
0.00651327
0.00765955
0
0.0302165
0.0396019
0
0.00767746
0.0298084
0.00876121
0.0197455
0.0717748
0.0182063
0
0
0.00790729
0
0.00651327
0
0.0104436
0.0207427
0.0147275
0.0715525
0.0160097
0
0.00666439
0.0104436
0
0
0
0.0271183
0.0621321
0
0.140979
0.0135518
0.0105931
0.0142947
0.00687958
0.019905
0.0410224
0.325534
0
0.0271183
0.0299813
0
0.00997052
0.0109839
0.140979
0.00625672
0.0576113
0.00690175
0.00756369
0.00921825
0.0197293
0.00850416
0.0271953
0.793088
0.0271183
0.03791
0
0.00997052
0.484702
0.0693165
0
0.0134039
0.0074788
0.0453872
0
0.175956
0.0283567
0.149698
0.0271183
0
0.0191418
0.213694
0.0568599
0
0.0065021
0.0074788
0.0453872
0
0.176482
0.0283567
0.111692
0.006819
0
0.00931846
0.0321489
0
0.0211499
0.0425624
0.0065021
0.00756369
0.0170182
0.0163314
0.0830054
0.0150541
0.120453
0.006819
0.00954063
0.00731225
0.0105344
0.0379753
0.0537072
0.0270414
0
0.00922117
0.0474432
0.117715
0.0145656
0.442634
0.0105919
0.0731634
0.006819
0.0193963
0.00763765
0.0427095
0.292048
0
0.0774355
0.0682347
0.0620178
0.00922117
0.00984428
0.0337281
0.0832133
0.0100446
0.0192014
0.0438946
0.751664
0.0371722
0.011435
0
0.0379144
0.00954063
0.0446999
0.00936797
0.0537861
0.748452
0.0153609
0.0884873
0.0663364
0.00995292
0.00792906
0.0717592
0.00965481
0.00984428
0.110499
0.0113341
0.16585
0.0111536
0.0192014
0.043524
0.900677
0.0108496
0.0544161
0.0149792
0.011435
0.0085258
0.0183162
0.00817569
0.00848424
0.0528359
0.00936797
0.0428146
0.82726
0.0298009
0.0884873
0.10533
0.0154137
0.103983
0.00965481
0.0206995
0.0915759
0.0113341
0
0.385504
0.0111536
0.0192014
0.0590366
0.822033
0.0101319
0.0186572
0.0149792
0.011435
0.0175406
0.0183162
0.00817569
0.00848424
0.0138623
0.0528359
0.00936797
0.0428146
0.796445
0
0.0884873
0.131998
0.0182007
0.0154137
0.0174854
0.00737715
0.111434
0.0206995
0.0747889
0.0113341
0.4729
0.031545
0.119391
0.670067
0.0210108
0.0186572
0.0149792
0.011435
0.0085258
0.0183162
0.00817569
0.00848424
0.0446999
0.00936797
0.0319281
0.758498
0
0.0136781
0.0884873
0.117718
0.00980591
0.0217576
0.00935271
0.017255
0.145215
0.0392061
0.0545816
0.0365769
0.543964
0
0.10405
0.632437
0.010713
0.0399582
0.0303329
0.011435
0.00908396
0
0.0294887
0.00958587
0.0081303
0.00936797
1
0.0340883
0.100839
0.119005
0.0276645
0.0217576
0.00785558
0.152824
0.0111332
0.0206702
0.058491
0.0113341
0.0154833
0.678008
0.011229
0.0189689
0.130806
0.378727
0.0114907
0.0716672
0.0303329
0
0.0151287
0.00862121
0.0189759
1
0.144229
0.107261
0.00930994
0.0207464
0.0151916
0
0.0240916
0.143175
0.0111332
0.0108259
0.0192267
0.0113341
0.0154833
0.517746
0.0189689
0.184444
0.265837
0.0217716
0.0825983
0.0153537
0.017009
0.00817569
0.00868972
0.00936797
1.00012
0.0152436
0.00619517
0.10075
0.0400497
0.00770698
0
0.0980241
0.0111332
0.00960316
0.0742555
0.338513
0.173137
0.112782
0.0217716
0.0825983
0.0153537
0.00868972
0.617892
0.00619517
0.0992614
0.0499689
0.00960316
0.0742555
0.238788
0.228459
0.0851437
0.437538
0.110099
0.0165468
0.00960316
0.0360953
0.236832
0.441891
0.0194782
0.220116
0.0424049
0
0.0351018
0.0147351
0.13828
0.509892
0
0
0
0.199298
0.0417043
0.0936579
0.334493
0
0
0.114012
0.0416645
0
0.0595741
0.45512
0.00902065
0.0782419
0.021565
0
0.0846563
0.00990657
0.510372
0
0.0354608
0.0144037
0.0108372
0
0.0168259
0.516454
0.0070274
0.0169532
0.0982178
0.0070274
0.00817364
0.0566102
0.00758181
0.0070274
0.0479201
0.00971734
0.0189715
0.012008
0.263131
0.0206348
0.125298
0.0236245
0.0926583
0.00772717
0
0.0102242
0.0070274
0.0216176
0.25631
0.00828012
0.0105807
0.0202959
0
0.0151318
0
0.0569608
0.491509
0.0297471
0.136992
0.0236245
0.105405
0.023274
0
0.0070274
0.0216176
0.0108945
0.27791
0.00828012
0.0307499
0.0197127
0
0.0569608
1.00945
0.00911229
0.115741
0.011669
0.00854221
0.105405
0.00772717
0.0104137
0
0.00750909
0.0216176
0.0201241
0.534829
0.0322797
0.0401353
0
0
0.220082
0.0569608
0.216796
0.00911229
0.130826
0.00913496
0.0628487
0.00750909
0.00701167
0
0.0181326
0.485599
0.0252323
0.0192403
0.239275
0.0190252
0.0987928
0
0.0358712
0.00854221
0.0237544
0.0134787
0.0938345
0.00890965
0.157126
0.033302
0.00985491
0.150538
0.0987928
0
0.0238325
0.0131628
0.0118966
0.00867547
0.0659815
0.0291578
0
0.0987928
0.0108503
0.040328
0.0119769
0.0279209
0.0582855
0.00817433
0.0731988
0.161121
0.0453819
0.0108503
0
0.00803984
0.0164563
0.0827254
0.0291446
0.0377522
0.0377535
0.0248044
0.00838946
0.0120992
0.0890391
0.0366049
0.0305424
0.566737
0.0387413
0.0453819
0.0213653
0
0.0138635
0
0.0235104
0
0.0113613
0.0143565
0.0164563
0.090027
0.0698057
0.0459012
0.115019
0.0446664
0.0167781
0.00838946
0.00998283
0.0556703
0.0351345
0.0754704
0.0461262
0.0320116
0.0348096
0.79273
0
0.0453819
0.0194178
0
0.00729719
0
0.00840803
0
0.0113613
0.030519
0.0164563
0.0969505
0.0102364
0.0420988
0.0282263
0.0869879
0.0446664
0.0327804
0.00838946
0.00998283
0
0.0556703
0.0230353
0.135723
0.0320116
0
0.698097
0
0.00840803
0
0.0113613
0.030247
0.0298541
0.103868
0.0445058
0.0566806
0.107565
0.0152829
0
0.0569436
0
0.019422
0.0346027
0.191363
0.00845008
0
0.547766
0
0.0113613
0.0229228
0
0.103256
0.0337403
0.0379689
0.454466
0.0223664
0.00848718
0.0247988
0.019422
0.0116828
0.0298565
0.0363449
0.0988491
0
0.00749452
0.0147484
0.0136611
0.00983129
0.386945
0.00757007
0
0
0.0306349
0.0174545
0.0720259
0.0136611
0.00983129
0.0626722
0
0.014722
0.0135441
0.0142686
0
0.014722
0.0135441
0.0135441
