0.0246866
0.0158452
0.0347285
0.17818
0.0246866
0.0785426
0.0266037
0.0827473
0.181371
0
0.00689358
0.0472507
0.0392526
0.0103902
0.0259469
0.0582212
0.00808245
0.189347
0.00829482
0.00787335
0.00794791
0.000838479
0.0346649
0.00958348
0.222403
0.35906
0.35906
0.35906
0.35906
0.35906
0.35906
0.35906
0.382371
0.028096
0.269172
0.0167997
0.028096
0.0087565
0.0127437
0.0167997
0.0107142
0.0183823
0.0181028
0.00949702
0.0287224
0.0569517
0.00775011
0
0.241466
0.0229476
0.013201
0.187526
0.0249264
0.0111641
0.0167997
0.0107142
0
0.182994
0.00854942
0.0287224
0.0569517
0
0
0.241466
0.0429302
0.013201
0.133293
0.0249264
0.302581
0.0107142
0.513225
0.00854942
0.0200871
0.0145098
0.0163086
0.0710381
0
0.0127109
0.0654388
0.0136632
0.0948407
0.048229
0.175099
0.62273
0.0145098
0.125931
0.00853471
0.0663578
0.0183466
0.0649314
0.0249264
0.0285839
0.587923
0.156012
0
0.0188297
0.0215071
0.0456147
0
0.0141858
0.097508
0.0563531
0.0186904
0
0.100647
0.0143809
0.010063
0.136772
0.0260861
0.111736
0.128275
0.0260861
0.123251
0.128275
0.0260861
0.123251
0.119149
0.0260861
0.135617
0.119149
0.0260861
0.135617
0.119149
0.0260861
0.135617
0.119149
0.0260861
0.135617
0.119149
0.159873
0.110827
0.0121277
0.159873
0.0121277
0.0492509
0.0215394
0.141451
0.196308
0.196308
0.196308
0.196308
0.196308
0.196308
0.467255
0.80458
0.983524
0.832878
0.438584
0.0788819
0.0357167
0.0357167
0.0357167
0.0357167
0.0357167
0.10323
0.319775
0.319775
0.319775
0.319775
0
0.8445
0
0.844462
0
0.412133
0.00110556
0.103476
0.0112817
0.00277386
0.225818
0.225818
0.225818
0.225818
0.225818
0.225818
0.225818
0.225818
0.225818
0.225818
0.197946
0.0730964
0.325021
0.0555491
0.325021
0.0585606
0.325021
0.0585606
0.255527
0.0551622
0.0585606
0.255527
0.0551622
0.0585606
0.255527
0.116713
0.186868
0.174168
0.0819107
0.0657205
0.192713
0.0555937
0.271932
0.0407281
0.00344876
0
0.0102963
0.0090123
0.0361982
0.0167268
0
0.0069875
0.0235025
0.0153281
0.0575105
0.175606
0
0.0102963
0.0280553
0.018417
0.00838973
0.0274007
0.0143876
0.0167268
0.0109275
0.0069875
0.0548928
0.0121562
0.00784266
0.0153281
0.0144242
0.359688
0.0196681
0.0137028
0.018038
0.00705234
0
0.0190027
0.0287708
0.0167268
0.0109275
0.013881
0.125477
0
0.0295821
0.0777992
0.0145267
0.0144242
0.998958
0.0196681
0.0137028
0.018038
0.00705234
0
0.0190027
0.0287708
0.0167268
0.0224318
0.0069875
0.114233
0
0.0295821
0.0777992
0.0140691
0.0144242
0.427014
0.0102963
0.0137028
0.018038
0.00705234
0.0151562
0.00945699
0.0502282
0.0190027
0.00772221
0.0287708
0
0.0380817
0.0116106
0.0069875
0.0449938
0.00785158
0
0.00784266
0.0940477
0.0140691
0.0144242
0.121548
0.0303221
0.0273003
0.00705234
0.182434
0.0190027
0.0436124
0.00753945
0.0244339
0.0116106
0.0069875
0.0449938
0
0.0073308
0.0126949
0.106211
0.0145403
0.0144242
0.09218
0.0303221
0.0273003
0.00705234
0
0.725217
0.00802682
0.0511424
0.0177115
0.0080894
0.0318908
0.013881
0.0235051
0
0.0073308
0.137357
0.00721978
0.0280376
0.0741595
0.0303221
0.0137542
0.018038
0.00705234
0.988357
0
0.0436124
0.0344382
0.0080894
0.0320306
0.0208391
0.0235051
0.0122746
0
0.137357
0.0280376
0.0741595
0.0200773
0.0278456
0.66275
0
0.0293854
0.0320306
0.013881
0.0235051
0.0122746
0.0765747
0.0280376
0.0556335
0.00978094
0.00814444
0.178183
0
0.0141219
0.0203448
0.0117339
0.0939662
0.00696063
0.029988
0.0323032
0.0323032
0.0744206
0.0128268
0.120928
0.00676949
0.00676949
0.00676949
0.0869838
0.0146016
0.0238753
0.0345319
0.0238753
0.0345319
0.0313858
0.0237504
0.0313858
0.0237504
0.0402366
0.0112781
0.0402366
0.0112781
0.0479306
0.0479306
0.00757489
0.0479306
0.0196502
0.129642
0.0489121
0.0138581
0.00757489
0.0479306
0.0196502
0.142737
0.0486485
0.0212537
0.00757489
0.101615
0.104788
0.0110309
0.0746661
0.0119582
0.0164755
0.00889545
0.00749676
0.0349422
0.0193286
0.0430958
0.200687
0.0117455
0.0149665
0.111634
0.0274823
0
0.00778114
0.00862931
0.00757489
0.0614965
0.10367
0.00750567
0.0110393
0.057262
0.0119582
0.00769319
0.0164755
0.295457
0.014453
0.0346919
0.0148071
0.0094022
0.0511466
0.223547
0.0233162
0.195297
0.01369
0.0345328
0.0152771
0.0161227
0.014215
0.127322
0.0230464
0.0383915
0.0119582
0.0148544
0.0164573
0.285129
0.014453
0
0
0.0588781
0.18849
0
0.0171543
0.213367
0.0496087
0.0167319
0.00834158
0.0276066
0.258118
0.0151386
0.0384459
0.0119582
0.00740171
0.0439502
0.0150065
0
0.0157823
0.228333
0.0171543
0.0695733
0.0496087
0.0141953
0.0276066
0.722582
0.00763774
0.0400868
0.0119582
0.0156035
0.02795
0
0.0110951
0.0157823
0.19012
0.0695733
0.0496087
0.800883
0.00763774
0.0196502
0.0119582
0.00790445
0.02795
0.141636
0.0119288
0.0237448
0.00705049
0.493328
0.0196502
0.141636
0.0119288
0.0504327
0.00705049
0.10239
0.0183561
0.0366103
0.0119288
0.0504327
0.00705049
0.0165666
0.0835542
0.0835542
0.0835542
0.0835542
0.0835542
0.0835542
0.0835542
0.194331
0.804358
0.804358
0.804358
0.804358
0.804358
0.398232
0.0709001
0.010428
0.00357434
0.00810701
0.0386557
0.0235594
0.00784052
0.144419
0.0613824
0.140744
0.00946983
0.0405593
0.0128286
0.305917
0.18496
0.0350816
0.0350816
0.0350816
0.0350816
0.0350816
0.0350816
0.0350816
0.0350816
0.0350816
0.0350816
0.0300908
0.0871392
0.0810825
0.0810825
0.00761686
0.0247788
0.0318498
0.0105631
0.0108081
0.0810825
0.00761686
0.0388469
0.0095569
0.0286864
0.0247788
0.0157049
0.0318498
0.0183645
0.457193
0.0108081
0.0256324
0.0236172
0.0184277
0.00701846
0.015382
0.0388469
0.00940433
0.287835
0.00967115
0.0131392
0.00802482
0.0221471
0.0389152
0.0229463
0.0347749
0.649374
0.0108081
0.0161559
0.00745661
0.0336553
0.0236172
0.103548
0.015382
0.0388469
0.0105162
0.287835
0.0180533
0.0131392
0.00802482
0.0221471
0.0295145
0.012
0.0183645
0.638196
0.0336553
0.0101246
0.00761686
0.355651
0.0126538
0.031342
0.0374918
0.0218533
0.0987133
0.0268312
0.0388359
0.0107286
0.109423
0.0183645
0.475952
0.0173256
0.0273811
0.0152158
0.422892
0.0733947
0.0204705
0.0874592
0.0268312
0.0388359
0.0107286
0.109499
0.0183645
0.408089
0.0173256
0.00761686
0.330466
0.0239795
0.0284267
0.0693519
0.0087779
0.0374074
0.0146056
0.0107286
0.113048
0.0183645
0.093207
0.00761686
0.0586417
0.00936582
0.0087779
0.0107286
0.0088018
0.0107286
0.0107286
0.00966458
0.0135938
0.0266363
0.0105598
0.0100516
0.0135938
0.0266363
0.0142198
0.0720791
0.0275652
0.0183117
0.0233959
0.00755798
0.0380978
0.0100642
0.300261
0.0201503
0.0135938
0.013354
0.0078864
0.247907
0.085597
0.0720791
0.00909734
0.0275652
0.0636409
0.0121363
0.0320276
0.163616
0.0205009
0.0176568
0.237277
0.0204462
0.0135938
0.0156457
0.00676074
0.0078864
0.402363
0.00757503
0.11229
0.0361582
0.0101587
0.00909734
0.0466312
0.0453292
0.0121363
0.0106137
0.108572
0.130295
0.0104312
0.0135938
0.00804641
0.649452
0.0220745
0.0700384
0.0188995
0
0.0556584
0.00936568
0
0.0779582
0.0209168
0.0409539
0.697073
0.00994118
0.00807118
0.482191
0.0696285
0.0387823
0.008549
0.00852871
0.00941991
0.0309435
0.416348
0.008549
0.00852871
0.101671
0.0100466
0.0309195
0.912034
0.0345753
0.0134756
0.0710442
0.0843755
0.0108558
0.0204602
0.745665
0.0570351
0.0107662
0.0260263
0.00776758
0.0134756
0.0710442
0.066974
0.0108558
0.109506
0.562022
0.0862768
0.0435425
0.00776758
0.0134756
0.0710442
0.181522
0.00845537
0.231338
0.00800791
0.00995058
0.106007
0.0961362
0.0435425
0.0152365
0.00776758
0.0134756
0.175125
0.0567008
0.0848572
0.00680559
0.172349
0.00800791
0.0882103
0.143589
0.053872
0.0152365
0.0134756
0.055684
0.0104886
0.0100156
0.0848572
0.101725
0.192294
0.0152907
0.0779605
0.0254843
0.0107209
0.028169
0.0100075
0.0375255
0.011771
0.00785585
0.0686057
0.0295297
0.168273
0.0114039
0.0206756
0.0500576
0.0178159
0.0238391
0.00767625
0.0716172
0.238511
0.0478389
0.0183826
0.00994829
0.00785585
0.0688151
0.148582
0.0106829
0.0598705
0.0178159
0.0482656
0.0282037
0.994863
0.226115
0.0478389
0.0387381
0.181777
0
0.0213529
0.219784
0.00940898
0.0117773
0.0817977
0.896872
0.0970774
0.164768
0.0213529
0.101122
0.00940898
0.0117773
0.0104329
0.460084
0.11087
0.11087
0.11087
0.11087
0.11087
0.108345
0.294081
0.410346
0.54054
0.558553
0.0230811
0.54054
0.0230811
0.54054
0.0230811
0.54054
0.0230811
0.54054
0.0230811
0.54054
0.0230811
0.207978
0.0230811
0.210793
0.0230811
0.424694
0.0230811
0.534181
0.0230811
0.34371
0.103494
0.0103973
0.0337182
0.0337182
0.00750743
0.0337182
0.00750743
0.0337182
0.00750743
0.0337182
0.00750743
0.0337182
0.00750743
0.0337182
0.111289
0.0337182
0.359138
0.0337182
0.359138
0.0337182
0.359138
0.379363
0.35163
0.17524
0.135644
0.352206
0.253722
0.225419
0.169396
0.143898
0.110364
0.0146865
0.0146865
0
0
0.0171207
0.0704252
0.00805565
0.0276778
0.00953109
0
0.016482
0.28538
0.0173795
0.0188454
0.269731
0.0139953
0.0289802
0.0902879
0.156813
0.0148385
0.0102979
0.0381474
0.222454
0.0640848
0.0244187
0.485394
0.0100853
0.0173795
0.0135795
0.00916972
0.0113619
0.224265
0.0139953
0.0294918
0.0293487
0.0446396
0.265853
0.0218197
0.0102979
0.0257091
0.011227
0.270203
0.0521255
0.0164342
0.877543
0.0107773
0.0360803
0.0193186
0.0146931
0.0113619
0.114471
0.0139953
0.0450088
0.248498
0.0148385
0
0.0636071
0
0.23976
0.0256639
0.0164342
0.773412
0.00916972
0.0226365
0.0153022
0.0396648
0.0139953
0.0212733
0.0150005
0.109211
0.030326
0
0.0504444
0.125439
0.0256639
0.00767961
0.467728
0.00916972
0.0149655
0.0843058
0.0357094
0.0150005
0.0157708
0.0169344
0.0151994
0.032418
0.124575
0.00767961
0.177739
0.0344343
0.708765
0.0298471
0.0150005
0.0357249
0.00746569
0
0.0125547
0.242351
0.160761
0.0174372
0.0102136
0.00743765
0.996643
0.0377579
0.072691
0.00746569
0.343001
0.144597
0.873333
0.0232165
0.0295153
0.0187905
0.201124
0.144597
0.484854
0.00801812
0.0153693
0.0678707
0.0760178
0.0466656
0.0172038
0.0124485
0.0124485
0.0088972
0.0137779
0.0241567
0
0.0129986
0.0147403
0.0144593
0.0521383
0.120485
0.0256108
0.0165697
0
0.00814508
0.0107986
0.0770728
0.0145966
0.0136264
0.110239
0.222556
0.0144593
0.063631
0.0148104
0.160717
0.0120119
0.165377
0
0.0160324
0.0297662
0.0315885
0.0136264
0.373251
0.168693
0.0103073
0.103766
0.0118847
0
0.18097
0.0470435
0.0315885
0.0117307
0.328292
0.0984857
0.0141366
0.0118847
0
0.0732144
0
0.0315885
0.445471
0.0411395
0.0118847
0
0.016992
0.646506
0.0168104
0.0118847
0.239075
0.0168104
0.0129898
0.0138288
0.011606
0.0730986
0.0160887
0.0121171
0.196327
0.0138288
0.0161093
0.00768205
0.0523781
0.0160521
0.12195
0.0154548
0.0139249
0.100494
0.0264776
0.0147032
0.0244886
0.0169565
0
0.0143969
0.00912793
0.00848406
0.00742147
0.0328089
0.0192525
0.0537861
0.00769058
0.141096
0.0348765
0.0103203
0.00831831
0.0247134
0.0372384
0.0270916
0.00820184
0.0256221
0.178752
0.0215318
0.0536562
0.0537861
0.00769058
0
0.293411
0.0634038
0.0103203
0.0366738
0.172637
0.0944274
0.0395737
0.00768055
0.00716901
0.0332272
0.00790393
0.32984
0.00628909
0.0536722
0.165712
0.00946831
0.0364256
0.0455142
0.007692
0.0105794
0.168384
0.0634038
0.0101823
0.0455573
0.172637
0.00800914
0.369924
0.0255152
0.0158276
0.00817089
0.425939
0.0220323
0.358629
0.0364256
0.0450956
0.124114
0.0168287
0.0108085
0.0485526
0.0634038
0.0206071
0.0184409
0.0550588
0.00723514
0.411344
0.0395683
0
0
0.0158276
0.0238739
0.231224
0.0275031
0.0109488
0.460276
0
0.0364256
0.0233328
0.12082
0.0166905
0.0634038
0.0106506
0.0184409
0.0550588
0.00708062
0
0.0415084
0.0540279
0
0.0427239
0.0168599
0.00828216
0.218121
0.0137869
0.0224522
0.312697
0.0364256
0.0233328
0.12082
0.0107505
0.288686
0.0634038
0.0106506
0.01801
0.0391895
0.0201346
0
0.00754559
0.00863739
0.165308
0.00688447
0.0918354
0.127066
0.00806405
0.102177
0.00863393
0.945865
0.0268974
0.0194007
0.0391895
0
0.118692
0.00747583
0.946938
0.0194007
0
0.0996855
0.00747583
0.0701909
0.0165166
0.016536
0.0452764
0.0452764
0.0452764
0.0452764
0.0452764
0.0452764
0.0452764
0.0452764
0.0452764
0.0452764
0.0452764
0.0110565
0.00830442
0.00840891
0.00830442
0.0103551
0.00689533
0.0295868
0.00840891
0.010349
0.0368479
0.0396509
0.0413866
0
0.0072323
0.00830442
0.0308037
0.00698135
0.0563144
0.0569254
0.00689533
0.0102801
0.0156912
0.010349
0.0502029
0.0260128
0.0596817
0.0130574
0
0.0072323
0.00830442
0.0627323
0.0319355
0.00646699
0.168977
0.319444
0.0102801
0.0214557
0.0527544
0.0397268
0.0798539
0.00775707
0.0140714
0
0.0905421
0.00646699
0.372379
0.31368
0.0102801
0.00915773
0.0209411
0.0304896
0
0.052236
0.21677
0
0.0072323
0
0.0672876
0.26188
0.251771
0.0164715
0.010349
0.0233413
0
0.119211
0
0.0290011
0.246915
0.007569
0.00879248
0.00240425
0.0146484
0.0539082
0.007569
0.00240425
0.0115747
0.0139647
0.00132282
0.013308
0.00685895
0.0124968
0.0314935
0.0730267
0.00685895
0.0314935
0.436858
0.0102662
0.0314935
0.965849
0.0474472
0.0102662
0.0314935
0.0107164
0.0960631
0.246017
0.0066133
0.0613233
0.0321996
0.0626631
0.10989
0.0188489
0.582389
0.0321996
0.0626631
0.10989
0.00973583
0.0147305
0.00982353
0.455499
0.0160671
0.0626631
0.11065
0.00973583
0.00982353
0.160877
0.0160671
0.0626631
0.0960631
0.00973583
0.0444904
0.00973583
0.0116586
0.00777674
0.0292242
0.0116586
0.0145669
0
0.0246372
0.0689936
0.0116586
0.0686532
0.0285955
0
0.0646841
0.288588
0.0129841
0
0.0116586
0.0686532
0.0646841
0.206842
0.0384725
0.0180132
0.085619
0.031828
0.0306044
0.0254884
0.0180132
0.0254884
0.0713836
0.0833397
0.0899625
0.0199547
0.0132061
0.381407
0.149623
0.0441361
0.0109122
0.230339
0.463167
0.646965
0.646965
0.472213
0.472466
0.534795
0.339395
0.00995437
0.00981773
0.0535818
0.0959887
0.238107
0.517402
0.61455
0.61455
0.61455
0.61455
0.61455
0.0291175
0.0129726
0.0170252
0.691827
0.0558321
0.0842996
0.16541
1.00417
0.0221725
0.0957934
0.00717731
0.407175
1.00217
0.0361831
0.155747
0.443622
0.484039
0.0528844
0.13647
0.0121632
0.0200461
0.4733
0.0927394
0.14539
0.017264
0.703162
0.159019
0.00989923
0.0698986
0.402359
0.231538
0.00989923
0.0118595
0.00620229
0.017264
0.357144
0.0381002
0.011941
0.230543
0.020119
0.0118595
0.0177398
0.0782536
0.0486208
0.201585
0.201585
0.201585
0.201585
0.201585
0.201585
0.201585
0.00822672
0.0273472
0.269117
0.0227201
0.0669006
0.0109508
0.0366605
0.341469
0.0397795
0.0601812
0.0113721
0.217014
0.0152318
0.0686848
0.0497627
0.125965
0.00706589
0.0549146
0.0113721
0.126168
0.286768
0.0179642
0.00870724
0.0362378
0.33557
0.00774044
0.00677375
0.00836222
0.0161978
0.0528777
0.349485
0.139792
0.00918411
0.0153618
0.00836222
0.0161978
0.138638
0.258076
0.00816664
0.220893
0.0153618
0.00721978
0.00836222
0.0105808
0.285054
0.134887
0
0.204997
0.0232769
0
0.00836222
0.233435
0.0913605
0.0568096
0.0313997
0
0.00836222
0.274827
0.0279749
0.0333521
0.0112546
0.00892737
0.0506967
0.336594
0.576752
0.147117
0.0153521
0.155283
0.084995
0.00944497
0.396384
0.120098
0.565027
0.120098
0.633042
0.0533812
0.132316
0.0332149
0.940538
0.132316
0.0332149
0.0405823
0.985614
0.143892
0.0497909
0.0478196
0.966152
0.300447
0.0497909
0.0478196
0.876109
0.659283
0.0497909
0.0478196
0.872366
0.638554
0.0165761
0.0478196
0.830929
0.821714
0.0165761
0.0556529
0.815014
0.590884
0.106062
0.0556529
0.833826
0.601684
0.160592
0.0229719
0.680563
0.440465
0.24708
0.0177585
0.640809
0.223025
0.317196
0.0259814
0.710675
0.129302
0.0894776
0.0879081
0.7977
0.227952
0.071358
0.0149602
0.818855
0.579442
0.0853558
0.00766238
0.612198
0.637882
0.0853558
0.0235024
0.557009
0.451067
0.0853558
0.0235024
0.462259
0.116684
0.0232344
0.455389
0.178726
0.081166
0.0174752
0.0152348
0.225381
0.280375
0.0116303
0.631304
0.0129081
0.631304
0.0129081
0.631304
0.0129081
0.631304
0.0656831
0.0356987
0.568893
0.0688645
0.0499269
0.620903
0.0400464
0.792004
0.0388477
0.530096
0.0369215
0.847808
0.100884
0.469565
0.0590071
0.833531
0.112012
0.399022
0.059014
0.800139
0.0997466
0.347927
0.115866
0.593303
0.112139
0.54795
0.0929991
0.356584
0.0635554
0.317758
0.0959728
0.2893
0.0120884
0.661298
0.110677
0.222435
0.613048
0.18201
0.400853
0.0380998
0.0380998
0.0328024
0.129359
0.199371
0.199371
0.199371
0.199371
0.199371
0.199371
0.199371
0.199371
0.199371
0.0197701
0.00987563
0.0181824
0.0631289
0.0631289
0.0631289
0.0631289
0.0631289
0.0631289
0.0631289
0.0631289
0.0631289
0.0631289
0.0631289
0.0104875
0.168827
0.134832
0.0874274
0.0874274
0.0874274
0.0874274
0.0874274
0.0874274
0.0528914
0.0373467
0.0420989
0.0490175
0.0420989
0.0490175
0.0419184
0.0490175
0.0419184
0.0490175
0.0502662
0.130899
0.370814
0.0433795
0.0135475
0.00959129
0.0246866
0.0158452
0.0347285
0.17818
0.0246866
0.0709375
0.0266037
0.0827473
0.181371
0.0112415
0
0.0472507
0.0392526
0.0103902
0.0259469
0.0582212
0.00808245
0.189347
0.00829482
0.00787335
0.00794791
0.000838479
0.0346649
