0.00758167
0.0110942
0.0552947
0.0167013
0.0157589
0.00850244
0.0214055
0.0179043
0.13161
0.00887455
0.0484346
0.0158599
0
0.0171761
0.00738556
0.107702
0.0179043
0.437965
0.0198421
0.0159981
0.128485
0
0.0316372
0.00749259
0.00762213
0.074799
0.00849725
0.0746622
0.0189783
0.787706
0.00810556
0.0198421
0.196482
0.0553566
0.00749259
0.0663431
0.0152791
0.290373
0.00987608
0.0175694
0.0179763
0.992184
0.00810556
0.326281
0.0646641
0.104092
0.00842588
0.351743
0.0184916
0.0175694
0.0179763
0.991461
0.0122199
0.47055
0.125594
0.0140743
0.0556492
0.453357
0.028119
0.0175694
0.0351693
0.845652
0.393271
0.00662115
0.047556
0.0279468
0.0311155
0.241439
0.0182205
0.017193
0.751076
0.00877565
0.0811933
0.00694988
0.00739898
0.0203992
0.0228668
0.159396
0.00861552
0.627721
0.00877565
0.0658743
0.0067445
0.0228668
0.118629
0.00861552
0.372656
0.00877565
0.0514844
0.0131387
0.0153872
0.0951205
0.00877565
0.186203
0.00639425
0.0230864
0.0308708
0.0871991
0.496276
0.0308708
0.0233495
0.509648
0.0418024
0.509648
0.0418024
0.509648
0.0308708
0.01845
0.509648
0.0308708
0.01845
0.509648
0.0210667
0.0349969
0.398402
0.129275
0.106537
0.0290932
0.305297
0.00985913
0.0856718
0.0704526
0.175599
0.117823
0.0221341
0.0894759
0.0527127
0.0313748
0.0112275
0.15875
0.0295047
0.0108487
0.0189492
0.0143217
0.00885422
0.0899347
0.0100009
0.0420804
0.00885422
0.373568
0.0422079
0.0220447
0.0255663
0.00943821
0.025268
0.0201241
0.617049
0.0472011
0.0812667
0.0650019
0.0523658
0.0200692
0.00739527
0.194204
0.0114332
0.0208467
1
0.0340456
0.00991778
0.0088451
0.00993519
0.00735917
0.14918
0.0150738
0.290624
0.330544
0.0495551
0.00875088
0.017034
0.150943
0.0212968
0.0189134
0.0174635
0.999385
0.00817303
0.00885707
0.00888272
0.0133349
0.0140582
0.00993519
0.00735917
0.00644185
0.117238
0.00778439
0.487616
0.297139
0.0402938
0.00875088
0.0169744
0.676794
0.0212968
0.00880117
0.0174635
0.884921
0.00817303
0.00888272
0.00993519
0.0164884
0.014686
0.00955035
0.103929
0.00778439
0.738967
0.186325
0.0202246
0.0165708
0.58611
0.0212968
0.00880117
0.0174635
0.965893
0.00817303
0.014686
0.0722988
0.64797
0.161151
0.0101149
0.469671
0.812543
0.00817303
0.00735917
0.0502932
0.394715
0.096583
0.0101149
0.306356
0.00966461
0.676732
0.00817303
0.00863032
0.00735917
0.040978
0.378957
0.0484563
0.0101149
0.170803
0.374497
0.00817303
0.00735917
0.0200747
0.195438
0.0325755
0.0859707
0.00918029
0.208883
0.00882897
0
0.118415
0.305576
0.305576
0.305576
0.305576
0.305576
0.305576
0.305576
0.186352
0.0114939
0.0335397
0.389534
0.0257122
0.0224773
0.00892126
0.0341765
0.44882
0.0670419
0.0172064
0.164127
0.00669763
0.00740587
0.0122633
0.0273886
0.535295
0.00775632
0.00698449
0.400871
0.0152446
0.0203891
0.169709
0.0216293
0.0367524
0.114782
0.0182528
0.00962876
0.192585
0.0684687
0.00698449
0.670492
0.0152446
0.0136915
0.0169341
0.0104976
0.0168625
0.39583
0.0359311
0.0245811
0.00735977
0
0.0816146
0.0447024
0.00962876
0.29602
0.098344
0.0149205
0.795275
0.0178398
0.00690457
0.0341821
0.0226065
0.0331621
0.391924
0.0281038
0.00617262
0.0345918
0.00735977
0.0164874
0
0.0792598
0.0437969
0.0297161
0.0119224
0.567506
0.0741466
0.0304853
0.906393
0.0354333
0.00690457
0.0410753
0.0341821
0.0226065
0.0331621
0.252753
0.0144097
0.00617262
0.0224495
0.00735977
0.0341541
0
0.0592345
0.0348289
0.0297161
0.0119224
0.686402
0.0660924
0.062096
0.554482
0.0453428
0.00859591
0.251657
0.00617262
0.0224495
0.00735977
0.0161325
0.0126871
0.037803
0.0362319
0.010211
0.533713
0.0448927
0.208943
0.0453428
0.0131953
0.00859591
0.870929
0.00631202
0.00617262
0.0224495
0.00842939
0.0126871
0.0468287
0.0277529
0.440602
0
0.0448927
0.112261
0.0453428
0.00813176
0.996616
0.00617262
0.0207414
0.00842939
0.0126871
0.027409
0.0263859
0.00951652
0.439205
0.0450548
0.0873765
0.0367587
0.00786824
0.783572
0.0123899
0.0107307
0.00842939
0.0126871
0.0185879
0.0177881
0.00951652
0.36353
0.0603421
0.0231545
0.0367587
0.00907639
0.110347
0.0123899
0.0373216
0.00880238
0.0358753
0.00951652
0.140308
0.0145488
0.112049
0.0542633
0.24599
0.0256501
0.0120051
0.0113539
0.136328
0.00886828
0.0095321
0.102501
0.00750594
0.402437
0.00753109
0.0081191
0.00811855
0.0542633
0.4211
0.051962
0.0113539
0.174157
0.0095321
0.206972
0.351814
0.0233263
0.0081191
0.0235617
0.0429308
0.0535232
0.0395048
0.197434
0.0095321
0.107631
0.247566
0.0535232
0.033435
0.00884426
0
0.0229427
0.0967699
0.0112648
0.00715533
0.011278
0.00679643
0.0611706
0.032725
0.00780032
0.00835548
0.0188417
0.0106013
0.00718762
0.0884391
0.00679643
0
0.449548
0.0115103
0.00994668
0.0463452
0
0.0552586
0.00790097
0.0188417
0.011609
0.0106013
0.00718762
0.0994622
0
0.0080904
0.425413
0.0115103
0.00994668
0.014613
0.0583137
0.00823119
0.0757588
0.00790097
0.0558313
0
0.14043
0.0115103
0.00994668
0.0576431
0.00716251
0.114216
0.0184339
0.00863825
0.0443191
0.0134973
0
0.0717754
0.0105035
0.206696
0.0357932
0.0159281
0.0542879
0.00872306
0.0149955
0.0184339
0.00863825
0.00905388
0.00855943
0.0603536
0.0116874
0.0195297
0.0143203
0.00905497
0.0237831
0.206586
0.0159281
0.00790015
0.357863
0.0174221
0.0447874
0.00806472
0.00863825
0.0114515
0.011888
0.00855943
0.147917
0.0172294
0.00811387
0
0.0193718
0.0276894
0.0620329
0.106065
0.02412
0.0168645
0.620556
0.0588333
0.0358106
0.00806472
0.016411
0
0.0116742
0.0212177
0.0113811
0.00855943
0.136631
0.0172294
0.0131425
0.018759
0.0100803
0.0182433
0.0456967
0.106065
0.02412
0.0171298
0.550499
0.0667092
0.0325647
0.00935507
0
0.0114515
0.00669459
0.00855943
0.0523241
0.0246118
0.00909272
0
0.0189862
0.0389791
0.0450716
0.0181818
0.00743448
0.0134234
0.108826
0.00751247
0.00935507
0.0234882
0.0234882
0.00821432
0.0162471
0.0400812
0.124229
0.202576
0.202576
0.202576
0.202576
0.202576
0.202576
0.416135
0.763511
0.863228
0.763155
0.370702
0.209897
0.209969
0.0525526
0.0525526
0.0525526
0.0525526
0.0525526
0.0525526
0.00668806
0.0761098
0.00716819
0
0
0
0
0
0.0142555
0
0.0207442
0.0338803
0
0.379442
0.0227452
0
0
0.0183541
0
0
0
0.0397153
0
0.0142555
0
0.0414351
0.148158
0
0.690257
0.0227452
0
0.0183541
0
0
0
0.0397153
0.00726455
0
0.0142555
0
0.062
0.204288
0
0.998014
0.0227452
0
0.0183541
0
0
0.00760236
0
0.0397153
0
0.00726455
0
0.0142555
0
0.05511
0.192487
0
0.993598
0.0227452
0.0183541
0
0
0
0
0.0397153
0.0289564
0.00726455
0
0
0
0.0342311
0.0683727
0.701636
0.015577
0
0.00726455
0.0256444
0.0137914
0
0.041353
0.0335899
0.0102251
0.313729
0.015577
0
0
0
0.0345536
0.0235821
0.229017
0.00728187
0
0
0.0208744
0.0235821
0.139258
0.0171687
0.0171687
0.0171687
0.059495
0.0171687
0.059495
0.0171687
0.059495
0.0171687
0.059495
0.0171687
0.059495
0.0171687
0.059495
0.0171687
0.059495
0.059495
0.059495
0.059495
0.059495
0.0940908
0
0.0135615
0.00753865
0.0138719
0
0.305259
0
0.0407591
0.0219526
0.0067655
0.00774705
0.0200951
0.0110822
0.0122687
0
0
0.00815436
0.00997342
0
0.73123
0.0177746
0.034325
0.00753865
0.011437
0.00707932
0.00697932
0.00965167
0.00774705
0.0148819
0.0533355
0.0556164
0.0235791
0
0.0290473
0
0.0155218
0.00866441
0.0281612
0.0346193
0.00850541
0.947721
0
0.101074
0.00704748
0.0115698
0.0166884
0.00909765
0.0141441
0.0143295
0.0065211
0
0.154688
0.255798
0.0122687
0.0569716
0.00680365
0.0164627
0
0.00872959
0.0281612
0.0137934
0.00701968
0
0.970095
0.114285
0.014661
0.0119931
0.00738756
0.00684503
0.0484889
0.0472586
0.00714213
0.0357429
0.173354
0.00985568
0.302836
0.0345097
0.00692
0.0164627
0.0172101
0.0103668
0.0208503
0.00701968
0.784278
0
0.0160807
0.073882
0.0221014
0.0141226
0.0942179
0.0559925
0.00714213
0.051099
0.00632182
0
0.119717
0.00985568
0.322394
0.0122687
0.00692
0.0172101
0.0103668
0.671244
0.0937262
0.0144879
0.00673506
0.0324833
0.0567203
0.00714213
0.0501306
0.00632182
0.0109604
0.0869095
0.211331
0.00692
0.0166882
0.0171478
0.0103668
0.0110163
0
0.768908
0.0471948
0.00704748
0.0318199
0.0380201
0.0287211
0.0936869
0.00971922
0.232955
0.0113645
0.0171478
0.0103668
0.0110163
0.699776
0.0536912
0.00741485
0.0163424
0.0318199
0.0380201
0.0216651
0.0735483
0.00971922
0.178336
0.0113645
0.0171478
0.0103668
0.652374
0.0600156
0.0163424
0.047444
0.0187011
0
0.0150263
0.0531698
0.0204801
0.190029
0.0227783
0.0103668
0.0090051
0.0113129
0.00842564
0.546127
0.0403804
0.00692316
0
0.0096301
0.0294662
0.0531054
0.00971922
0.15499
0.0231605
0.0113129
0.006734
0.465089
0.0401783
0.00742002
0.0148393
0.0396612
0.176903
0.0114138
0.334742
0.0476734
0.015984
0.00742925
0.0112048
0.0200285
0.133301
0.32331
0.0137042
0.0219083
0.299001
0.0225036
0.299001
0.125674
0.0132241
0.0237178
0.00684874
0.116771
0.00772181
0.0106303
0.0490297
0.0132241
0.0279026
0.0650292
0.0119574
0.469081
0.00772181
0.0208806
0
0.00656096
0.119728
0.0170258
0.0321198
0.00774013
0.0229061
0.482993
0.00772181
0.0102502
0.0138399
0.0316193
0.0208031
0.164251
0.0796954
0.0150973
0.0609557
0.0119643
0.0125844
0.188691
0.0596971
0.0366693
0.0108517
0.0119643
0.0125844
0.199408
0.0596971
0.0366693
0.0108517
0.0119643
0.0125844
0.199408
0.0596971
0.0366693
0.0108517
0.0119643
0.0125844
0.199408
0.0596971
0.0366693
0.0108517
0.0234128
0.199408
0.0596971
0.0366693
0.0108517
0.0234128
0.199408
0.0596971
0.0108517
0.0507174
0.0934885
0.00746043
0.040014
0.0155301
0.00746043
0.0123513
0.0115347
0.00751574
0
0
0
0.229769
0.0321921
0.0326731
0.475446
0.00824316
0
0.00683054
0.0123513
0
0.00815936
0.0115347
0
0.00678269
0.013149
0.229769
0.00916967
0.0241637
0.114613
0.0326731
1.0004
0
0.0103098
0.010161
0
0
0
0.0431593
0.0241637
0.187661
0.0326731
0.778341
0.0145296
0
0.00866364
0.0376736
0.0410185
0.338357
0
0
0.00928716
0.0385387
0.0707275
0.00928716
0
0.00928716
0
0.0135611
0.100615
0
0.0135611
0.347406
0
0.0135611
0.817704
0
0.0135611
1.00035
0
0.672272
0.204542
0.0603688
0.0228229
0.203051
0.00709851
0.0484495
0.0112935
0
0.00781042
0.00819097
0.216452
0.0142361
0.0635948
0.0135027
0.0483273
0.00854126
0.232798
0.171613
0.0151364
0
0.00781042
0.00819097
0.202567
0.0816575
0.0142361
0.00757109
0.0135027
0.0483273
0.00854126
0.255447
0.171613
0.0151364
0
0.00729426
0.00781042
0.0486823
0.202567
0.0237919
0.0142361
0.00757109
0.0135027
0.0281818
0.02318
0.00854126
0.268088
0.171613
0
0.0486823
0.202567
0.0237919
0.0142361
0.00757109
0.0281818
0.23271
0.307391
0
0.0486823
0.202567
0.0117874
0.0142361
0.00757109
0.0106956
0.0208038
0.17478
0.383527
0.0138792
0
0.0326299
0.0243504
0.0376581
0.0117874
0.0148511
0.00757109
0.0106956
0.00693049
0.0497204
0.665962
0.0138792
0
0.00675546
0.0118913
0.104924
0
0
0.0291452
0.0993092
0.0343451
0.0501614
0.0114192
0.0112009
0
0.0375009
0
0.648766
0.0993092
0.0343451
0.0501614
0.0138579
0.0207428
0.102845
0.0143137
0.0470924
0.276704
0
1.01163
0.0294465
0.0144802
0.0105531
0.00962533
0.0343451
0.0256401
0
0.0115689
0.0138579
0
0.0763836
0.0113481
0.102845
0.0143137
0.0128748
0.0573453
0.188248
0
1
0.00795358
0
0.00696977
0.0255771
0.0482109
0.0138579
0.0108617
0.0836295
0.0558143
0.00725561
0.0128748
0.0379082
0.125501
0.0105131
0.293532
0.00795358
0.00824831
0.0149999
0.00709538
0.0898853
0.00755697
0.0558143
0.00725561
0.0469836
0.0128748
0.0477989
0.0243962
0
0.17687
0.00795358
0.00709538
0.0970202
0.041108
0.00725561
0.0128748
0.0288087
0.125286
0.00795358
0.0145601
0.00709538
0.0970202
0.041108
0.0128748
0.0470221
0.0942664
0.00795358
0.0145601
0.00709538
0.132398
0.0272445
0.0128748
0.0384844
0.0942664
0.00795358
0.0103314
0.138962
0.0272445
0.0128748
0.0384844
0.0942664
0.00795358
0.0103314
0.00703847
0.430232
0.0272445
0.0137487
0.0292807
0.0942664
0.00795358
0.0103314
0.00703847
0.708106
0.0128421
0.0292807
0.077925
0.00795358
0.385027
0.0279567
0
0.0323338
0.099204
0.0067693
0.0270747
0.00750694
0.00841426
0.00647858
0.0377477
0.166684
0
0.012195
0.0143093
0.0270747
0.0229356
0.0204915
0.00665226
0.0103954
0.0142561
0.0106852
0.0386559
0.0148122
0.713243
0.00754311
0.0205059
0.0177711
0.0740198
0.00721455
0.0151039
0.0751916
0.0229356
0.061596
0.0133871
0.0267183
0.0216375
0.0204899
0.034095
0.0336954
0.00744655
0.014351
0.049336
0.994924
0.0150831
0.015411
0.0111231
0.0212669
0.0177711
0.0594007
0.00721455
0.0151039
0.0895587
0.00795931
0.0229356
0.00647416
0.061596
0.00665226
0.00826561
0.0226671
0.0195942
0.034095
0.0729909
0.00817121
0.014351
0.0604805
1.00835
0.0223565
0.00754311
0.0212669
0.0177711
0.0753744
0.0151039
0.210148
0.0231825
0.00677986
0.061596
0.0139243
0
0.0118211
0.0341117
0
0.00668697
0.0462557
0.0993537
0.0260753
0.0841722
0.682046
0.0223565
0.00754311
0.0165483
0.0212669
0.0177711
0.0922058
0.257923
0.00876128
0.00677986
0.0204915
0.0139243
0.0341117
0
0.011425
0.00668697
0.0338727
0.0465272
0.00791819
0.0257635
0.0960422
0.640051
0.036666
0.00754311
0.0165483
0.0181427
0.060106
0.00793651
0.0155334
0.138233
0.00871531
0.0137604
0.0179282
0.0118211
0.0699721
0.0550541
0.0118533
0.0200228
0.045729
0.0602931
0.00765242
0.132845
0.254038
0.00667279
0.00754311
0.0177783
0.0466392
0.143209
0.016222
0.396186
0.0150064
0.0137604
0.0198895
0.151443
0.0694022
0.0099058
0.0550541
0.0200228
0.0777794
0.0475471
0.00765242
0.0135176
0.296896
0.112756
0.0151054
0.168911
0.0177783
0.0457192
0.143209
0.00743136
0.90899
0.0086968
0.0150064
0.0131489
0.0198895
0.00683368
0.162842
0.0375855
0.0099058
0.0180371
0.021824
0.00646144
0.0553185
0.060742
0.00765242
0.0135176
0.322152
0.126111
0.24574
0
0.0231465
0.143209
0.801462
0.0316669
0.0146727
0.0198719
0.0134425
0.219646
0.00939315
0.0099058
0.0351131
0.0235085
0.0131847
0.0340356
0.0394769
0.00765242
0.0135176
0.656923
0.0688429
0.24574
0.079338
0.516975
0.00943138
0.0305186
0.013169
0
0.00683368
0.244977
0.0184644
0.0099058
0.053706
0.0117304
0.0198758
0.0110498
0.0195963
0.00765242
0
0.611987
0.0383668
0.24574
0.0483498
0.0286233
0.0312117
0
0.221053
0.00917065
0.0099058
0.0356689
0.0104003
0.0135528
0.0186552
0.245
0.0141998
0.0164535
0.0156965
0.0155198
0.0230744
0
0.0131785
0.0134077
0.145692
0.0116694
0.00776458
0.0150194
0.0190593
0.00833961
0.121644
0
0.0385178
0.00732972
0.00955911
0
0.029911
0.075009
0.00817709
0.0810499
0.0188727
0.633701
0.00705984
0
0.0770354
0.0408992
0.00732972
0.028899
0.00781287
0
0.0148917
0.0941178
0.0119004
0.0598278
0.0584783
0.961821
0.0259641
0.00705984
0
0.0770354
0.034439
0.00739223
0.00732972
0.028899
0.0637735
0
0.0148917
0.457556
0.0594007
0.0188081
0.129707
0.0136893
0.0137074
0.442733
0.170761
0.0156844
0
0.116073
0.034439
0.0139414
0.00720724
0.00955911
0.0389465
0
0.0148917
0.744942
0
0.0963246
0.0119292
0.0950993
0.0137074
0.265776
0.212179
0.0156844
0.116073
0.034439
0.0162106
0
0.00955911
0.0230638
0.0148917
0.732201
0.00717155
0.0480817
0.00966455
0
0.0123154
0.0378901
0.240121
0.199619
0.0372869
0.0185195
0.0162106
0
0.00869398
0.0148436
0.190967
0
0
0.035246
0.0224407
0.0236496
0.00716281
0.0222906
0.0390161
0.145856
0.124689
0.0372869
0.0156885
0
0.010577
0
0
0.0598527
0.0372869
0
0
0.0249446
0.303195
0.113669
0.186538
0.0169434
0.113669
0.168203
0.0261044
0.113669
0.152102
0.0341484
0.113669
0.134293
0.0430464
0.113669
0.0833361
0.0685058
0.113669
0.033164
0.0935731
0.113669
0.0166742
0.14404
0.00890116
0.0484397
0.0166742
0.102479
0.0168593
0.0484397
0.00737259
0.0347771
0.343307
0.0173291
0.0322282
0.00737326
0.016445
0.0131764
0.0152933
0.414058
0.106851
0.0218719
0.134299
0.755728
0.159169
0.0221072
0.0125077
0.00754815
0.19489
0.931163
0.124869
0.0216805
0.0123953
0.0457191
0.676317
0.0735248
0.0357804
0.0282315
0.467274
0.0404652
0.0131633
0.733432
0.0165616
0.00672479
0.0585463
0.0165681
0.992635
0.0252699
0.0279886
0.0165681
0.00687948
0.992635
0.0247133
0.0103831
0.0137052
0.0165681
0.983667
0.0569502
0.0145937
0.0103831
0.193749
0.0165681
0.0138647
0.862894
0.0411518
0.0145937
0.193749
0.0165681
0.0138647
0.740925
0.0977324
0.0145937
0.23855
0.0165681
0.0201155
0.625605
0.0139116
0.297369
0.0303717
0.0281148
0.00730497
0.22422
0.0267276
0.536285
0.00925355
0.859701
0.0663761
0.0147453
0.22422
0.00725452
0.0337167
0.395698
0.0146769
0.0163959
0.986628
0.0213604
0.109061
0.0500851
0.432775
0
0.00725452
0.103417
0.00793997
0.0146769
0.00978181
0.99312
0.0213604
0.00840236
0.094431
0.0507973
0.524549
0
0.00725452
0.159245
0.00793997
0.0146769
0.00978181
0.987786
0.0213604
0.0687516
0.0514156
0
0.879897
0.00725452
0.166154
0.0159324
0.0322595
0
0.898261
0.0141855
0.00720154
0.00854694
0.0554378
0.0438162
0.704778
0.0176116
0.00725452
0.217008
0.0159324
0.00893543
0.0157865
0.852649
0.0403642
0
0.00824077
0.0102293
0.00920335
0.0135211
0.0356331
0.553249
0.208671
0.0170444
0.0157865
0.659539
0.0718122
0
0.00941853
0.00920335
0.0135211
0.0285737
0.412603
0.263116
0.00793997
0.0157865
0.387471
0
0.182124
0.00636005
0.0285737
0.274885
0.326267
0.307625
0.0147453
0.104614
0.111444
0.281658
0.00744033
0.0351696
0.0752513
0.249168
0.272906
0.014591
0.0246656
0.00744033
0.0351696
0.0473158
0.460945
0.256476
0.0262574
0.0622937
0.0176004
0.0352583
0.0315174
0.237193
0.0994391
0.0278701
0.14726
0.0333636
0.0832691
0.0739731
0.501849
0.0147046
0.0329662
0.332376
0.0249047
0.00730324
0.082613
0.0766902
0.00775468
0.738475
0.0143771
0.0167172
0.168797
0.01536
0.0077648
0.00672967
0.0464923
0.596769
0.0123318
0.378516
0.0123318
0.0145445
0.0081866
0.389991
0.0145445
0.016572
0.666069
0.0145445
0.0119588
0.00838535
0.776315
0.0145445
0.037086
0.016743
0.740625
0.291649
0.0256034
0.0244854
0.608866
0.290711
0.016743
0.0244854
0.544483
0.0514226
0.0085605
0.0124856
0.464038
0.0128781
0.0085605
0.0124856
0.383979
0.0128781
0.0085605
0.0124856
0.271572
0.0465839
0.00621373
0.137961
0.287181
0.287181
0.124634
0.0137024
0.342217
0.00879439
0.136621
0.35043
0.0384845
0.128484
0.367193
0.0384845
0.112198
0.367193
0.0384845
0.112198
0.367193
0.0384845
0.112198
0.375569
0.0256061
0.112198
0.375569
0.0256061
0.112198
0.100107
0.0256061
0.0165436
0.0955087
0.00837515
0.0167362
0.0256061
0.0955087
0.0168727
0.0256061
0.0139915
0.0358502
0.0117008
0.330091
0.0289639
0.0982985
0.0188345
0.0336809
0.014975
0.395631
0.0173477
0.0300497
0.10677
0.00944267
0.0699954
0.029732
0.0779283
0.0849182
0.53866
0.0742507
0.0139915
0.16246
0.00944267
0.136081
0.0153216
0.0917778
0.0146862
0.100065
0.510644
0.0742507
0.0139915
0.260812
0.00944267
0.015444
0.0692055
0.0153216
0.0817504
0.113165
0.448474
0.0742507
0.0139915
0.369252
0.00944267
0.015444
0.0536651
0.0153216
0.0576818
0.113165
0.431398
0.0381041
0.0139915
0.0124291
0.89597
0.015444
0.104045
0.0468601
0.111927
0.306728
0.0381041
0.0139915
0.996813
0.015444
0.103065
0.0477796
0.0836679
0.181025
0.0381041
0.996813
0.015444
0.0519904
0.0128721
0.0139344
0.0972368
0.0207564
0.909172
0.00962255
0.82797
0.615776
0.0398705
0.0598422
0.307693
0.145883
0.088122
0.0139678
0.376288
0.155475
0.564748
0.0278597
0.564748
0.0278597
0.564748
0.00811638
0.018449
0.564748
0.00811638
0.018449
0.564748
0.00811638
0.018449
0.564748
0.00811638
0.018449
0.577449
0.00811638
0.0092604
0.0597188
0.414016
0.00817077
0.0134789
0.0129521
0.110464
0.11645
0.26118
0.0134789
0.0133321
0.0129521
0.417777
0.013666
0.0150688
0.0801671
0.00660982
0.344323
0.193897
0.166709
0.0187432
0.172946
0.539891
0.708074
0.257312
0.0577929
0.0817711
0.0706276
0.00714536
0
0.0577929
0.0839231
0.00731651
0.241935
0.152148
0
0.0577929
0.0743344
0.0158853
0.250668
0.324498
0
0.0577929
0.0743344
0.0158853
0.250668
0.324498
0
0.0577929
0.0743344
0.0158853
0.250668
0.324498
0
0.0577929
0.064799
0.0158853
0.0250461
0.368882
0.0577929
0.0361087
0.309274
0.0577929
0.0449919
0.309274
0.134164
0.309274
0.134164
0.130417
0.0183939
0.0708564
0.0182717
0.221482
0.00736946
0.010628
0.0319218
0.739778
0
0.0343331
0.0231742
0.0965945
0.0878683
0.0427255
0.00728937
0.0402666
0.0082056
0.0152336
0.0319218
0.813229
0.015577
0.0335375
0.0231742
0.125493
0
0.181873
0.221866
0.00728937
0.0187797
0.00715842
0
0.0309223
0.0319218
0
0.755168
0.0182195
0.015577
0.0108358
0.0588702
0.125493
0
0.0160133
0.00819344
0.168373
0.221866
0.00728937
0.0187797
0.0374918
0.0258852
0
0.00810691
0.718631
0.0178203
0
0.0226861
0.0218865
0.0588702
0.0958698
0.0167333
0.159951
0
0.255352
0.00728937
0.0275069
0.0187797
0.00697427
0.0418141
0.369331
0.0227273
0.0221524
0.0588702
0.0514004
0.0633723
0
0.49632
0.0229807
0.0093901
0.126346
0.00791748
0.0588702
0.00722588
0.0640656
0.212041
0.00782399
0.0093901
0.108552
0.00791748
0.0588702
0.00722588
0.0117216
0.00782399
0.0093901
0.108552
0.00791748
0.0588702
0.0093901
0.0904584
0.0588702
0.0093901
0.0112386
0.00786535
0.278436
0.147414
0.00803696
0.0385589
0
0.419564
0.169012
0.0389801
0.0235974
0.465231
0.213273
0.00803696
0.0454005
0.309386
0.224258
0.00803696
0.0377914
0.278529
0.224258
0.00803696
0.0377914
0.278529
0.224258
0.00803696
0.070369
0.233318
0.23615
0.00803696
0.070369
0.221886
0.283334
0.01615
0.0785449
0.154022
0.261736
0.01615
0.0706796
0.123109
0.0222928
0.00803696
0.0674109
0.0177262
0
0.00621401
0.182248
0.620623
0.811951
0.644519
0.324238
0.0188528
0.0464422
0.152229
0.00959899
0.477123
0.0309397
0.0107903
0.5609
0.0659017
0.208966
0.0130332
0.0982647
0.0235274
0.0930611
0.0480968
0.13151
0.0930611
0.00782214
0.168239
0.00636959
0.0593079
0.0152948
0.114051
0.00636959
0.0507946
0.0146954
0.00782214
0.120865
0.00636959
0.0507946
0.0146954
0.00782214
0.120865
0.00636959
0.0507946
0.0146954
0.00782214
0.120865
0.0507946
0.0146954
0.00782214
0.127371
0.0721272
0.00782214
0.14205
0.184186
0.0328479
0.123003
0.0487805
0.0215682
0.0149751
0.0147883
0.1039
0.0158987
0.0146385
0.0227764
0.00839551
0.0153574
0.115475
0
0.0597387
0.00718678
0.00780134
0.0325194
0.00768544
0.0353153
0.0136576
0.175687
0.0627125
0.120663
0.0141868
0.0158987
0.0158987
0.0258145
0.0158987
0.743996
0.0158987
0.540752
0.0336303
0.362859
0.0177316
0.0186183
0.325338
0.0264856
0.00798168
0.0177316
0
0.00683614
0.0142715
0.0161889
0
0.547458
0.150749
0.0138267
0.00717541
0.019083
0.00613296
0.0173733
0.100032
0.0303723
0.156406
0
0.0989338
0.00660103
0.00733216
0.0133883
0.0291572
0.0167345
0
0
1.00065
0.00791667
0.00870443
0.0660437
0
0.00717541
0.019083
0.00613296
0.0160051
0.101252
0.0303723
0
0.0219556
0.017268
0.297185
0
0.0181579
0.135731
0.020908
0.0145535
0.012924
0
0.0147347
0.0118713
0.0167345
0
0.500262
0.00791667
0.102431
0.0134828
0.00717541
0.00919729
0.012441
0
0.109562
0.0303723
0.0133115
0.00717205
0.0300542
0.017268
0.635434
0.0153813
0.0198905
0.212545
0.034766
0.00722133
0.01397
0.00980796
0.0147075
0.00681219
0
0.717418
0.0324932
0.0472642
0.00717541
0.0381118
0.0183745
0.0849456
0.0303723
0.00717205
0.00994248
0.017268
0.935009
0.0156213
0.296027
0.0497322
0.00722133
0.00649381
0.00980796
0.0432232
0
0.509598
0.0404885
0.0181026
0.0144827
0.00717541
0.0452821
0.0183745
0.00820478
0.0763546
0.0303723
0.00804994
0.017268
0.472743
0.459051
0.0503382
0.00722133
0.00980796
0.446234
0.00902206
0
0
0.00936364
0.333448
0.00719179
0.0362569
0.280788
0.166658
0.00722133
0.429993
0
0.00936364
0.016252
0.0158015
0.162183
0.00722133
0.39773
0.00936364
0.016252
0.00860967
0.14728
0.00722133
0.350253
0.00896202
0.016252
0.00860967
0.161175
0.00722133
0.318156
0.0187885
0.00670091
0.016252
0.161175
0.0304236
0.0175916
0.133162
0.00927321
0.196494
0.0304236
0.0175916
0.00811846
0.00617614
0.0161528
0.172248
0.00860216
0.151963
0
0.0134297
0.0659449
0.0158461
0.0173367
0.00704022
0.0084656
0.00961499
0.072819
0.00987467
0.00797132
0.00860216
0
0.0166093
0.0340304
0.0490937
0.0165322
0.184379
0.0436341
0.0158461
0.100654
0.00743335
0.00961499
0.118551
0.00987467
0.00797132
0.00860216
0.0166093
0.0506263
0.0251151
0.0165322
0.212078
0.0218676
0.022319
0
0.0158461
0.100654
0.00743335
0.051061
0
0
0.375631
0.109071
0.0241584
0.0165322
0.144
0
0.022319
0.0158461
0.0117599
0.00665184
0.0347767
0
0.00771833
0
0.00610288
0.201323
0.0333865
0
0.0992654
0.0150236
0.017015
0.19221
0.00780154
0.0136212
0.416087
0.0179449
0.0201424
0.827221
0.0133449
0
0.0304981
0.0418138
0.0206521
0.00712248
0.995936
0.0074671
0.0413087
0
0.045044
0.0147733
0.0142513
0.0103166
0.690357
0.0073725
0.28386
0.0301328
0.0073725
0.027133
0.0451752
0.0073725
0.027133
0.0874454
0.0073725
0.027133
0.179423
0.0073725
0.027133
0.835567
0.0073725
0.027133
1
0.00736227
0.0199889
1
0.986911
0.843492
0.100092
0.100092
0.100092
0.100092
0.100092
0.100092
0.100092
0.100092
0.100092
0.00860421
0.00637928
0.0151044
0.0360679
0.100092
0.0271121
0.0184693
0.013192
0.0316333
0.355796
0.0692455
0.0543975
0.0336336
0.0465975
0.698381
0.168425
0.071321
0.0824154
0.0251459
0.00994784
0.565051
0.0832739
0.010993
0
1.00072
0.107807
0.201223
0.12806
0.182324
0.0252241
0.0568996
0.018783
0.996284
0.156429
0
0.998624
0.0152995
0.133527
0.326578
0.015823
0.146956
0.0136702
0.0276418
0.896316
0.108326
0
0.995218
0.0152995
0.051585
0.0560764
0.0974557
0.0136702
0.00915346
0.563075
0.108326
0
0.644022
0.0152995
0.0433372
0.0589983
0.0567159
0.0136702
0.00960114
0.386603
0.101062
0
0.215092
0.0152995
0.0433372
0.0679293
0.0505509
0.0395752
0.00960114
0.386603
0.101062
0
0.181189
0.00708064
0.0433372
0.00933789
0.0679293
0.0576527
0.0395752
0.386603
0.101062
0
0.181189
0.0218665
0.00720826
0.034536
0.00933789
0.124746
0.0576527
0.0395752
0.386603
0.0878084
0
0.181189
0.0134548
0.0101135
0.0167509
0.34097
0.0355266
0.0133451
0.0362627
0.245784
0.0466175
0.165879
0.0206831
0.817854
0.0148507
0.0140921
0.0133451
0.00892676
0.167808
0.0334573
0.165879
1
0.0137851
0.0175813
0.106315
0.0066433
0.119916
0.960003
0.0141058
0.00681992
0.0593349
0.665612
0.0429443
0
0
0.0599367
0.01177
0
0.0152548
0
0
0.596434
0
0.0157609
0.0599367
0.01177
0
0.0624214
0
1.00071
0
0.0157609
0.0599367
0.01177
0
0.0624214
0
1.00071
0
0.0103255
0
0.00810315
0.0599367
0.00993896
0.01177
0
0.0326741
0
1.00071
0.010754
0.0145332
0.0103255
0.0254144
0.0320818
0
0.00993896
0.0585005
0
0.0656682
0
0.98971
0.0213244
0.0145332
0.0103255
0.0254144
0.0320818
0
0.0157061
0
0.0585005
0
0.040927
0
0.997192
0.0145332
0
0.0156998
0
0.0354468
0.0207463
0.0323191
0
0.765537
0
0.0115573
0
0.0326079
0.30104
0
0.00798248
0.102222
0.0466661
0.0876915
0.602449
0.960735
0.968491
0.843125
0.0197013
0.00825751
0.0477046
0.120508
1.00065
0.00999943
0.0106109
0
0.0163733
0.0508439
0.0700622
0.0146444
0.00909915
0.178755
0.56084
0
1
0
0.0427594
0.0163733
0.016254
0.0508439
0.0703826
0.00867993
0.190568
0.56084
0
0.926909
0.00986894
0.0427594
0.0182731
0.017983
0.0211498
0.0278198
0.0149274
0.0171638
0
0
0.0939852
0.409585
0.451921
0.0387633
0.0737405
0.014336
0.00893542
0.0180274
0.069331
0.0386121
0.00893542
0.0469898
0.448907
0.553008
0.553008
0.553008
0.553008
0.553008
0.0162545
0.631827
0.00817333
0.0162545
0.62542
0.0386259
0.0193974
0.00773438
0.532738
0.00638029
0.0148983
0
0.0135717
0
0.0820091
0.0124821
0.0383499
0.0138796
0.0386259
0
0.0837196
0.00763943
0.350302
0.0148983
0.00894659
0
0.0135717
0.0106495
0
0.356206
0.00881721
0.0124821
0.0383499
0.00792903
0.0138796
0.0386259
0
0.00796535
0.132569
0.00831338
0.00645736
0.420135
0
0.0148983
0.0300187
0.0135717
0.0106495
0.00754646
0.622846
0
0.0124821
0.0383499
0.00792903
0.0138796
0
0.014583
0
0.00796535
0
0.0355868
0.0115144
0.0136378
0.235637
0
0.0149275
0.0112515
0.0068441
0.27684
0.0112662
0.0672781
0
0.00753033
0
0
0.0433641
0.106882
0.0115144
0.0206704
0.24515
0.010787
0.0164547
0.00663797
0.0149275
0.0268415
0.0160753
0.0112515
0.048467
0
0.0235173
0.0470507
0.00753033
0.0196133
0.00749526
0.0140893
0.00828886
0.0250748
0.0481371
0.00797416
0.00667902
0.422141
0.0164547
0.00663797
0.0268415
0.0148734
0.037875
0
0.0470507
0.00741151
0.0196133
0.0207125
0.00828886
0.0250748
0.0102753
0.0479284
0.0154562
0.475112
0.0168101
0.00663797
0.0268415
0.0688819
0.018634
0.0179662
0.0148889
0.0626919
0.036636
0.0102753
0.0961334
0.00797416
0.351783
0.0160853
0.0179713
0.104686
0
0.0120989
0.0101579
0.00741151
0.0626919
0.00782911
0.0250748
0.0305929
0.0966527
0.00797416
0.0103629
0.268007
0.00735258
0.0160853
0
0.375618
0.0120989
0.00901902
0.0201967
0.036118
0.0256638
0.00986029
0.181115
0.00797416
0.0212688
0.0130265
0.0890476
0.00735258
0.515398
0.00901902
0.0201967
0.00863616
0.0070511
0.0256638
0
0.281296
0.0212688
0.0261497
0.0796892
0.272181
0.0283818
0.182356
0.0744465
0.264705
0.0283818
0.194066
0.0744465
0.210157
0.0283818
0.00692861
0.230035
0.095292
0.210157
0.0283818
0.00692861
0.206625
0.108351
0.132129
0.0283818
0.00692861
0.134447
0.342948
0.05514
0.0101745
0.00692861
0.147535
0.57381
0.0234147
0.0473477
0.561108
0.012502
0.35701
0.291613
0.284125
0.284125
0.284125
0.284125
0.162483
0.0209676
0.00794043
0.0107636
0.026474
0.0684811
0.00794043
0.0182763
0.0505613
0.0243584
0.301724
0.562115
0
0.0330456
0.262354
0.47787
0
0.0330456
0.173787
0.154992
0
0.10607
0.01409
0.0413975
0
0.10607
0.01409
0
0.0109653
0.01409
0.0274656
0.0141287
0.00796654
0.020454
0.0180042
0.0599384
0.00817036
0
0.420583
0.0180042
0.356494
0.00679613
0.0405465
0.0105081
0.0111423
0.362833
0.00900385
0.445714
0.00679613
0.0491622
0.0105808
0.400437
0.00876131
0.00819551
0.573792
0.00671392
0.065417
0.0105808
0.382848
0.00649453
0.00876131
0.00819551
0.327268
0.00855916
0.0076443
0.00671392
0.0743062
0.0105808
0.0132681
0.00719816
0.361621
0.00819551
0.296021
0.00855916
0.0076443
0.0915119
0.0101421
0.0105808
0.382637
0.0156843
0.265194
0.00855916
0.00667005
0.377135
0.00866246
0.0169067
0.0105808
0.386026
0.00819551
0.249113
0.00855916
0.00667005
0.639666
0.0091876
0.00866246
0.159908
0.00819551
0.11743
0.0165069
0.610077
0.0091876
0.00866246
0.120376
0.0888594
0.00855916
0.363587
0.00924224
0.00866229
0.00947173
0.0175346
0.140315
0.0081796
0.0318083
0.13926
0.300518
0.00924224
0.070093
0.00947173
0.0175346
0.177215
0.0950193
0.00861275
0.13926
0.208811
0.0278704
0.070093
0.00947173
0.0175346
0.30617
0.111937
0.0145609
0.0415129
0.00643388
0.182248
0.0278704
0.016145
0.070093
0.328915
0.224245
0.00689478
0.0169925
0.0194331
0.117648
0.0278704
0.016145
0.070093
0.0200434
0.0112729
0.245017
0.307389
0.0169925
0.0194331
0.100461
0.017986
0.070093
0.0382725
0.227091
0.00770206
0.341172
0.00733664
0.00751267
0.070093
0.0200434
0.0202974
0.0100796
0.037535
0.00749794
0.419356
0.0135979
0.0424022
0.0637126
0.0662002
0.0325048
0.0163626
0.177439
0.547024
0.00813111
0.649989
0.00813111
0.239774
0.0298433
0.153393
0.0888427
0.142131
0.0888427
0.591571
0.00908967
0.162809
0.118969
0.481294
0.162809
0.118969
0.0130844
0.481294
0.162809
0.118969
0.0130844
0.481294
0.162809
0.118969
0.0130844
0.481294
0.169585
0.109049
0.0130844
0.481294
0.169585
0.109049
0.0130844
0.481294
0.191281
0.119133
0.0130844
0.480519
0.0869962
0.22055
0.13419
0.0134508
0.0130844
0.530277
0.0491812
0.0152637
0.188182
0.0264172
0.0263507
0.0224107
0.468124
0.110532
0.0387924
0.0259628
0.0515472
0.671636
0.0631867
0.104759
0.0177962
0.00684686
0.00486124
0.0253838
0.599227
0.0337714
0.013968
0.0129528
0.829225
0.021039
0.0629003
0.0272172
0.0287555
0.0120744
0.816537
0.021039
0.0917191
0.00994973
0.00772839
0.013968
0.799292
0.021039
0.0143971
0.0917191
0.00994973
0.00772839
0.0269186
0.780387
0.021039
0.0143971
0.216408
0.00994973
0.072517
0.0043606
0.596807
0.021039
0.0143971
0.331425
0.0145226
0.502945
0.021039
0.0094298
0.473242
0.0271316
0.448429
0.0402656
0.211422
0.0208037
0.354673
0.0502975
0.0498489
0.223717
0.0101005
0.00666194
0.0448832
0.0791689
0.0717246
0.0811706
0.147414
0.0232937
0.342351
0.323603
0.0232937
0.483299
0.513927
0.0232937
0.356526
0.513927
0.0232937
0.356526
0.513927
0.0232937
0.356526
0.513927
0.0232937
0.356526
0.513927
0.0358333
0.347218
0.513927
0.0358333
0.347218
0.540729
0.0117843
0.347218
0.0300976
0.0483584
0.331001
0.0195952
0.0123207
0.253954
0.108802
0.0580816
0.0358413
0.447851
0.0556772
0.0498712
0.239874
0.214824
0.0160307
0.00789558
0.0239605
0.747136
0.107105
0.00803497
0.121501
0.226223
0.0482642
0.0474545
0.944221
0.0189076
0.00719827
0.0976084
0.353921
0.105593
0.0116817
0.782565
0.0357037
0.109699
0.394756
0.55681
0.0366839
0.131613
0.525027
0.00879888
0.0148637
0.542906
0.089977
0.1424
0.481827
0.0218718
0.567999
0.106483
0.131304
0.465303
0.0218718
0.734803
0.106483
0.0979273
0.378973
0.0145691
0.637151
0.0875918
0.071106
0.36172
0.00756094
0.196745
0.06983
0.0107864
0.36172
0.260799
0.0179703
0.0107864
0.343972
0
0.240351
0.0173058
0.0724068
0.0724068
0.023248
0.217538
0.354741
0.354741
0.354741
0.354741
0.354741
0.368681
0.0283625
0.0217292
0.354741
0.0145143
0.00671665
0.0505696
0.0106864
0.00772492
0
0.0322785
0.493683
0.0143665
0.0404995
0.0698804
0.0642115
0.010111
0.0167135
0.52885
0.0070217
0.147185
0.0421346
0.0207654
0.0167135
0.249092
0.0677733
0.0112313
0.0167135
0.149717
0.0106207
0.0143967
0.031646
0.0704399
0.0105984
0.0105984
0.0105984
0.0105984
0.0105984
0.0187417
0.174918
0.156546
0.156546
0.156546
0.156546
0.00758613
0.156546
0.00758613
0.275548
0.0976854
0.156546
0.030166
0.0375329
0.00893183
0.0097955
0.174696
0.0125835
0.0412583
0.0100256
0.00946233
0.0124017
0.0598409
0.0850288
0.0153018
0.0083894
0.246947
0.0412583
0.00946233
0.0124017
0.0527111
0.0492497
0.0153018
0.0178926
0.00881084
0.0116089
0.00885978
0.0556608
0.00816556
0.0124017
0.0376458
0.0240719
0.0183324
0.0116089
0.0154733
0.364827
0.0335333
0.0228341
0.0126186
0.0116089
0.00789698
0.199725
0.0481096
0.0988945
0.0636141
0.160711
0.0636141
0.160711
0.0251285
0.160711
0.0590526
0.274596
0.0852606
0.120672
0.214827
0.0202108
0.107599
0.691567
0.0329225
0.0202108
0.0721871
0.83228
0.0329225
0.0202108
0.0721871
0.42499
0.0329225
0.0202108
0.0721871
0.120642
0.0329225
0.0721871
0.0382395
0.0329225
0.0721871
0.0288629
0.0329225
0.111597
0.0298672
0.00930154
0
0
0
0.139629
0
0.00837318
0.0207072
0
0
0.0177354
0.00820715
0.375136
0.00823063
0.00660253
0.0571571
0.00742757
0.18328
0.0075071
0.0174317
0.0544523
0.0448588
0.0245997
0.137873
0
0.00854442
0.00820715
0.452091
0.00823063
0.00660253
0.0894738
0.0712531
0.205496
0.00700693
0.00896021
0.127201
0.0223374
0.0717504
0
0.137873
0
0.0144448
0.00820715
0.228451
0.0231637
0.00660253
0.0104624
0.0631653
0.0228262
0
0.173507
0.0215437
0
0.0172901
0.339458
0.0223374
0.205847
0.0370115
0.0137897
0.137873
0.0119775
0
0
0.00797647
0.138221
0.0231637
0.00653035
0.0713884
0.0228262
0
0.162844
0.0179425
0.00699828
0.0172901
0.307243
0.0650626
0.297832
0.0231843
0.137873
0.0128137
0.00742772
0.00921151
0.00797647
0.0912543
0.0468963
0.00653035
0.0241571
0.0472448
0.0287082
0.130008
0.0158016
0.00699828
0.0129233
0.00896021
0.0981699
0.0429327
0.297365
0.0464268
0.0127678
0.0495459
0.0138688
0.00742772
0.00921151
0.00797647
0
0.00730112
0.0227842
0.0553153
0.0330974
0.0176018
0.0119868
0.011698
0.00896021
0.0933351
0.0108795
0.120372
0.0358652
0.0411347
0.0138688
0.00791722
0
0.00659622
0.0370521
0.0176975
0.0411347
0.00791722
0
0.00791722
0
0.00791722
0
0.075478
0.0541095
0.660195
0.0097807
0
0
0.0201308
0.00948428
0.0433281
0
0.998252
0.0097807
0.0495324
0.0158915
0.0201308
0.00948428
0.0323764
0.655502
0
0.0199658
0.039706
0.031996
0.0201308
0.00780456
0.0419274
0
0.0199658
0.00992525
0.020067
0.0316962
0.022116
0.00758167
0.0110942
0.0552947
0.0167013
0.0157589
0.00850244
0.0214055
0.0179043
0.13161
0.00887455
0.0484346
0.0158599
0
0.0171761
0.00738556
0.0971181
0.0179043
0.437965
0.0198421
0
0.128485
0
0.0316372
0.00749259
0.00762213
0.074799
0.00849725
0.0746622
0.0189783
0.796125
0.00810556
0.0198421
0.196482
0.0553566
0.00749259
0.0663431
0.0152791
0.290373
0.00987608
0.0175694
0.0179763
0.992184
0.00810556
0.326281
0.0646641
0.104092
0.00842588
0.351743
0.00987608
0.0175694
0.0179763
1.00833
0.0122199
0.47055
0.125594
0.0140743
0.0556492
0.453357
0.0195034
0.0175694
0.0351693
0.862522
0.393271
0.00662115
0.047556
0.0279468
0.0311155
0.241439
0.00960498
0.017193
0.767946
0.00877565
0.0811933
0.00694988
0.00739898
0.0203992
0.0228668
0.159396
0
0.644591
0.00877565
0.0658743
0.0067445
0.0228668
0.118629
0
0.380326
0.00877565
0.0514844
0.0067445
0.0153872
0.102791
0.00877565
0.186203
0
0.0230864
0.0308708
0.0948694
0.496276
0.0308708
0.0233495
0.509648
0.0418024
0.509648
0.0418024
0.509648
0.0308708
0.01845
0.509648
0.0308708
0.01845
0.509648
0.0210667
0.0349969
0.398402
0.129275
0.106537
0.0290932
0.305297
0.00985913
0.0856718
0.0704526
0.175599
0.117823
0.0221341
0.0894759
0.0527127
0.0313748
0.0112275
0.15875
0.0295047
0.0108487
0.0189492
0.0143217
0.00885422
0.0899347
0.0100009
0.0420804
0.00885422
0.373568
0.0422079
0.0220447
0.0255663
0.00943821
0.025268
0.0201241
0.617049
0.0372833
0.0812667
0.0650019
0.0523658
0.0304893
0.00739527
0.186288
0.0210045
0.0208467
1
0.0340456
0
0.0088451
0.00993519
0.00735917
0.158567
0.0150738
0.290624
0.330544
0.0599753
0.00875088
0.017034
0.150943
0.030868
0.0189134
0
0.999385
0.00817303
0.00885707
0
0.0133349
0.0140582
0.00993519
0.00735917
0.00644185
0.126625
0.00778439
0.495027
0.297139
0.0402938
0.0160766
0.0169744
0.668794
0.0212968
0.00880117
0
0.884921
0.00817303
0
0.00993519
0.0164884
0.014686
0.00955035
0.113316
0.00778439
0.752765
0.186325
0.0202246
0.0165708
0.578109
0.0212968
0.00880117
0
0.965893
0.00817303
0.014686
0.081686
0.641516
0.161151
0.0101149
0.469671
0.812543
0.00817303
0.00735917
0.0502932
0.394715
0.096583
0.0101149
0.306356
0.00966461
0.676732
0.00817303
0.00863032
0.00735917
0.040978
0.378957
0.0484563
0.0101149
0.170803
0.374497
0.00817303
0.00735917
0.0200747
0.195438
0.0325755
0.0859707
0.00918029
0.208883
0.00882897
