0.0106671
0.0489214
0.0102205
0.0986853
0.0323566
0.0189829
0.031578
0.030985
0.0383615
0.0901716
0.024152
0.024152
0.024152
0.024152
0.00812934
0.0205811
0.0770778
0.0786663
0.0325144
0.0687259
0.0291247
0.04625
0.00750289
0.248187
0.0770778
0.0318017
0.0806463
0.00635296
0.025281
0.00865865
0.0148244
0.0489235
0.0600185
0.200597
0.0171525
0.0135439
0.00903573
0.00801974
0.0136292
0.168554
0.0166217
0.0134051
0.00683282
0.683035
0.0691697
0.0159363
0.0806463
0.00635296
0.025281
0.00859909
0.0170151
0.0184748
0.0995967
0.0293168
0.0397704
0.0900498
0.187821
0.00702045
0.0135439
0.0826494
0.00801974
0.0136292
0.330269
0.0166217
0.0359176
0.873779
0.0463701
0.0932488
0.00635296
0.0120253
0.00859909
0.0170151
0.0716215
0.179924
0.101844
0.0397704
0.240949
0.187821
0.0243729
0.0135439
0.253009
0.0148422
0.0121942
0.0136292
0.423152
0.0219339
0.692065
0.0221037
0.00824105
0.0161368
0.249958
0.0131564
0.0247555
0.0167544
0.0170151
0.0171879
0.281447
0.499302
0.010241
0.242301
0.0358137
0.0275335
0
0.0147729
0.0070507
0.23621
0.0140799
0.0292018
0.304036
0.00873613
0.00732168
0.015571
0.0161368
0.00635296
0.00859909
0.0170151
0.285085
0.51509
0.244135
0.00700634
0.0196023
0.0474647
0.0272412
0.0276171
0.0669527
0.00732168
0.0161368
0.00635296
0.00845859
0.211283
0.168819
0.0246001
0.0263376
0.0234369
0.00930064
0.00757706
0.0141908
0.0161368
0.00845859
0.166749
0.153148
0.0062704
0.0114562
0.00757706
0.00732168
0.00845859
0.175156
0.013755
0.122035
0.0062704
0.00676814
0.175156
0.122035
0.0255622
0.00676814
0.0447796
0.0298902
0.0255622
0.00676814
0.140503
0.0142235
0.0141556
0.0257733
0.0269981
0.377246
0.0156448
0.0141556
0.111291
0.0473143
0.209352
0.0782437
0.114066
0.0517328
0.00662367
0.0517328
0.0337443
0.0170285
0.0084201
0.0123362
0.0123362
0.0146325
0.00719648
0.00933292
0.0123362
0.0816246
0.0243501
0.0128471
0.0298562
0.0273997
0.0220065
0.0553849
0.0277464
0.00933292
0.0186794
0.026982
0.0123362
0.230168
0.217882
0.0714047
0.0128471
0.0109062
0.0393133
0.0908487
0.0127187
0.0668143
0.012183
0.00815774
0.1837
0.00933292
0.00740439
0.00788106
0.0541335
0.0123362
0.0332049
0.0135434
0.407446
0
0.193975
0.0081023
0.113156
0.260811
0.0128471
0.00872397
0.0288734
0.0896522
0.326355
0.231912
0.0118014
0.245067
0.00937401
0.00938107
0.00740439
0.00788106
0.14148
0.0123362
0.0332049
0.0127882
0.385488
0.00987903
0
0.186248
0.129623
0.418608
0.025464
0.00828087
0
0.0175372
0.036642
0.108511
0.294545
0.310716
0.013271
0.243998
0.00938107
0.0220798
0.017152
0.144652
0.0123362
0.0259785
0.551317
0.0194907
0
0.139568
0.121123
0.84489
0.0109471
0.00828087
0.0114857
0.0175372
0.0194021
0.0553067
0.0800206
0.216463
0.392103
0.0256763
0.413294
0.00938107
0.0447173
0.0251602
0.0924287
0.0123362
0.0127882
0.281667
0.0194907
0.0173392
0.0645864
0.00740546
0.113156
0.946404
0.00681898
0.0114857
0.0551238
0.0276597
0.0404427
0.185658
0.209076
0.013271
0.327307
0
0.0927897
0.024591
0.0172791
0.0657013
0.0155009
0.0138739
0.140459
0.0227798
0.0158761
0.209469
0.00681898
0
0.118317
0.0551238
0.0109129
0.0204818
0.198452
0.145788
0.013271
0
0.228988
0.035643
0.0130917
0.0324978
0.0398019
0.020007
0.0104974
0.043768
0.0498708
0.00722266
0.00842323
0.00661722
0.029534
0.020007
0.00897061
0.0104974
0.0105647
0.00722266
0.020007
0.00897061
0.0132771
0.0137999
0.0137999
0.0137999
0.0954863
0.0164485
0.00836337
0.0139217
0.0191734
0.0649195
0.0164485
0.00836337
0.0371681
0.0507525
0.0649195
0.0164485
0.00836337
0.0371681
0.0507525
0.0564106
0.0164485
0.00615091
0.00836337
0.0371681
0.0507525
0.0272118
0.0619102
0.095011
0.00790637
0.00774114
0.00744557
0.0491051
0.105149
0.00790637
0.00774114
0.0147911
0.00943647
0.0554669
0.0194522
0.0150246
0.0278467
0.0490319
0.162406
0.0147911
0.0386195
0.0797204
0.0752955
0.0219846
0.0400593
0
0.114542
0.0120869
0.490965
0.0328663
0.0147911
0.0673561
0.138781
0.133066
0.0376332
0
0.183045
0.0120869
0.346918
0.00785695
0.0382307
0.0328663
0
0.0218341
0.0208763
0.01645
0.0673561
0.0178689
0.305692
0
0.173135
0.0302318
0.0143608
0.00668016
0.00756618
0.0448244
0
0.284251
0.0244758
0.02014
0.62796
0.00785695
0.0631038
0.00787192
0.0255766
0.044082
0
0
0.00764986
0.114585
0.0178689
0.699197
0.0136364
0.0774154
0.0143638
0.013632
0.0136913
0.015316
0.0610431
0.0129801
0.00835902
0.0198039
0.0417155
0.132626
0.0244758
0.049791
0.592766
0
0.0070927
0.05568
0.0158107
0.0116216
0.0255766
0.0218759
0
0.0210264
0
0.0154023
0.0298399
0.0178689
0.617232
0.00911964
0.0276327
0.152518
0.0455945
0.0143537
0.0227465
0.0673737
0.0385441
0.041528
0.115386
0.207306
0.0125876
0.0134742
0.136668
0.66015
0
0.0318409
0.0165217
0.0116216
0.0167559
0.107781
0
0.0210264
0.0184496
0.0160604
0.0296514
0.0178689
0.315056
0.0139963
0.325156
0.0160924
0.0134668
0.0307412
0.0856683
0.0270041
0.146094
0.33353
0.0125876
0.0130001
0.155562
0.427264
0
0.0318409
0.00787192
0.0227282
0.0167559
0.0756623
0.00695152
0.0210264
0.0296514
0.213915
0.0272239
0.0119384
0.421572
0.0160924
0.0131635
0.0229914
0.0226745
0.0129801
0.113579
0.244615
0.148235
0.00630167
0.146149
0.394081
0
0
0.00851317
0.00787192
0.0116216
0.0167559
0.0140003
0.0136789
0.423603
0.219161
0.0276283
0.0272239
0.364031
0.0156215
0.0275787
0.0154252
0.00723516
0.0129801
0.0411217
0.123436
0.23053
0.225603
0.210949
0.354568
0.157434
0
0.0116216
0.0136789
0
0.0162172
0.414504
0.375129
0.0276283
0.0132276
0.0117737
0.291696
0.0156215
0.0473891
0.00799477
0.00783887
0.0134332
0.0263511
0.0219209
0.152063
0.100957
0.443225
0.172307
0.00698778
0
0
0.00822771
0.414504
0.0176224
0.387602
0
0.0132276
0.19669
0.0163789
0
0.00669237
0
0.00783887
0.013371
0.0219209
0.227978
0.0242666
0.026067
0.378032
0.0211807
0
0.0115524
0.270186
0.175833
0.116917
0.00669237
0
0
0.0543877
0.157915
0.0106515
0
0.622534
0.0778875
0
0.0106515
0.683676
0.0391151
0
0.476773
0.0132397
0.110672
0.024256
0.00690682
0
0.024256
0.00690682
0.024256
0.00690682
0
0.024256
0.00690682
0
0.0203723
0.0120937
0.0110228
0.0225544
0.00690682
0
0.0132508
0.0103056
0.0275753
0.0576212
0.00872081
0.230791
0.0081023
0.00897621
0.0120937
0.00997065
0.0340168
0.0768533
0.00821536
0.0149916
0
0.0209946
0.0133999
0
0
0.182907
0.00633926
0.00704293
0
0.00872081
0.217197
0.0140525
0
0.033907
0.00897621
0.0175817
0.0120937
0.00997065
0.0144506
0.311636
0.0132543
0
0.161045
0.0327867
0.0133999
0
0
0.332316
0.0110395
0.00633926
0
0.00872081
0.210787
0.0140525
0.262292
0.00837779
0.0830943
0.0213452
0.413871
0
0.0141766
0.00713285
0
0.0148205
0.012511
0.018921
0.188141
0.0133999
0.0062029
0.279746
0.0219306
0.0213497
0.0216204
0
0.210821
0.00691951
0
0.326517
0.00897621
0
0
0.00878849
0.0141579
0.0353241
0.0409727
0.0158852
0.74167
0
0.0967709
0.0157091
0.013759
0.159682
0.15568
0.0254415
0.00627124
0.358551
0.0219306
0.00695271
0.00699063
0.048735
0.0107529
0.0610654
0
0.00734693
0.395975
0.00907511
0.00780187
0
0.0120084
0.018886
0.0391898
0.0612735
0.0158852
0.662143
0.00683348
0
0.220673
0.0151164
0.0302426
0.013759
0.400017
0.168662
0.0254415
0
0.548116
0.0219306
0.00695271
0
0.0520968
0.0107529
0.0108354
0.0269222
0.00733274
0.00734693
0.0856463
0.0156967
0.0369443
0.018886
0.0693552
0.120592
0.696289
0.00675855
0.0674745
0.0509784
0.0232988
0.0566065
0
0.00853256
0.26348
0.157823
0.0377505
0.0364868
0.0200504
0.782638
0.0512174
0
0.00702199
0.0213221
0.033079
0.0269222
0.0144575
0.00805328
0.0701578
0.0293613
0.0172695
0.026614
0.0100975
0.186507
0.0399628
0.285361
0.0674745
0.27342
0.0566784
0.0275017
0
0.119501
0.287349
0.0252811
0.0248472
0.00624465
0.428321
0.0835202
0
0.0213221
0.428414
0.00877119
0.0127176
0.00712476
0.0701578
0.0203733
0.026614
0.0100975
0.175848
0.0215258
0.113161
0.00609219
0.0540572
0.0227466
0.0143098
0.0143766
0.116684
0.212266
0.0120416
0
0.284295
0.0327483
0.0213221
0.439406
0.0174633
0.0127176
0.00712476
0.0349106
0.0309021
0.0386678
0.0100975
0.0836449
0.123541
0.0154002
0.0695981
0
0.078696
0.0118033
0.0133457
0.255533
0.0329287
0
0.0130079
0.0213221
0.0331808
0.00869212
0.0127176
0.0176119
0.0411522
0
0.015123
0.0709766
0.0631369
0.212846
0.0149735
0.0154002
0.0418553
0.0290564
0.0400571
0.0392061
0
0.00704405
0.0211174
0.031812
0.0105547
0.0239095
0.0466608
0.0218601
0.00975424
0.00704405
0
0.0141917
0
0.0141917
0
0.0141917
0.16154
0.0141917
0.0141917
0.0255922
0.0246941
0.141074
0.156783
0.037697
0.122717
0.246369
0.0267321
0.273116
0.037697
0
0.0081403
0.0102432
0.197601
0.286827
0.0349691
0.017458
0.0143202
0
0.253618
0.022704
0
0.00715413
0.0081403
0.0114227
0.160806
0.00932772
0.31053
0.0349691
0.0263738
0.00741734
0.241435
0.0300173
0
0.00678311
0.0081403
0.0114227
0.172413
0.00932772
0.31053
0.0269918
0.0164582
0.0161357
0.0177514
0.0142126
0.209124
0
0.0138275
0.0150796
0
0.00678311
0.0160142
0
0.186699
0.00932772
0.333443
0.0362543
0.0164582
0.0450756
0.0212724
0.00850053
0.201928
0
0.0138275
0.00801318
0
0.00678311
0.0067269
0.00787388
0
0.137868
0.00813435
0.00932772
0.481539
0
0.027287
0.0164582
0
0.0361091
0.0212724
0.00850053
0.0257726
0.18949
0
0.0280799
0.00801318
0
0.00787388
0.0111653
0
0.010652
0.122998
0.00813435
0.00932772
0.845461
0.044887
0.0164582
0.00777907
0.0271301
0.013855
0.00876618
0.0452623
0
0.0280799
0.00801318
0.00787388
0.0111653
0.373112
0.00813435
0
0.0368703
0.884132
0.00870757
0.00777907
0.0366254
0.00679529
0.025528
0
0.0306256
0.00801318
0.00711197
0.00709887
0.00787388
0.0111653
0
0.123085
0.00813435
0
0.0742256
1.0006
0.0366254
0.00679529
0.0128209
0
0.00711197
0.00787388
0.0358458
0.00813435
0
0.00932772
0.478498
0.00883559
0.00621636
0.0486952
0.196579
0.0238584
0.187415
0.0133603
0.0276528
0.0176553
0.0133603
0.176456
0.0609426
0.0150564
0.0133603
0.0572165
0.176456
0.607838
0.0786573
0.0147687
0.0207376
0.0133603
0.269604
0.176456
0.810549
0.138079
0.0293192
0.019661
0.0133603
0.388898
0.176456
0.0362922
0.0200951
0.024733
0.664545
0.0140454
0.0141835
0.150498
0.00715015
0.0293192
0.029442
0.421834
0.176456
0.068202
0.0196048
0.00980508
0.0235107
0.0079718
0.0390028
0.497934
0.0140454
0.0141835
0.151906
0.0432224
0.00732397
0.00992637
0.0404694
0.487798
0.0169007
0.176456
0.0545255
0.030621
0.00676035
0.0193875
0.0135651
0
0.0079718
0.0390028
0.405687
0.0140454
0.0290332
0.149042
0.0186673
0.042594
0.0206855
0.0387609
0.567436
0.0328264
0.176456
0.0612795
0.00794139
0.0310348
0.00958241
0
0.0180669
0.321712
0.019749
0.0560715
0.120659
0.00759832
0.0375311
0.0702814
0.0163297
0.0733064
0.0141806
0.600605
0.0160576
0.243292
0.00760606
0.0741919
0.0604639
0.00796615
0.0180669
0.304716
0.00735607
0.082146
0.104987
0.0460961
0
0.0708599
0.031126
0.158672
0.0272065
0.544536
0.0117007
0.0160576
0.597454
0.0152507
0.0741919
0.0079013
0.0597281
0.00796615
0.0104319
0.0180669
0.168728
0.00735607
0.082146
0.15059
0.0375311
0.0166741
0.0777988
0.031126
0.158859
0
0.734223
0.0117007
0.0161724
0.998396
0.00764464
0.0614993
0.029093
0.0155358
0.00671225
0.0104319
0.0180669
0.0675075
0.0136508
0.0259351
0.15059
0
0.0281143
0.00860151
0.0568568
0.031126
0.198896
0.696793
0.0117007
0.0242388
0.995853
0.00800533
0.00675401
0.0166123
0.00951322
0.00796615
0.00671225
0.00868886
0.0236488
0.0399461
0.109752
0
0.00914281
0
0.0419504
0.00766221
0.0232557
0.0431621
0.272657
0.0242388
0.825995
0.00759182
0
0.00796615
0.00671225
0.00788482
0.0536062
0.0785851
0
0
0
0
0.0147962
0.021769
0.0959849
0.0117821
0
0.39195
0.00796615
0
0
0
0
0.00661339
0
0
0.0121089
0.0209556
0
0.32651
0
0.00796615
0
0
0
0
0.113036
0.0070927
0.00758588
0.0310656
0.0285238
0.0929936
0.0566141
0.0405585
0.00815551
0.00732487
0.00688203
0.00732487
0.00732487
0.00641616
0.00965931
0.00768679
0.0109242
0.00638577
0.00711341
0.0428356
0.456265
0
0.0146667
0.0109242
0.0134484
0.0241671
0.183646
1
0
0.115493
0.0900631
0.124257
0.0208799
0.123627
0.0881985
0.017883
0.762848
0.115493
0.0818962
0.130593
0.00672976
0.0135291
0.062705
0.0704998
0.0372829
0.220635
0.134175
0.0744301
0.150538
0.0256508
0.0193146
0.0372829
0.13358
0.0181366
0.0945601
0.0744301
0.150259
0.0390195
0.00926305
0.10999
0.017883
0.1162
0.0522043
0.0952921
0.0443999
0.138441
0.0330664
0.0178018
0.0681525
0.238767
0.0391686
0.00647648
0.0099822
0.0794021
0.31842
0.0192086
0.115248
0.0881585
0.298197
0.0258122
0.115248
0.103232
0.209023
0.0258122
0.172729
0.132704
0.0305933
0.00681906
0.00801874
0.00622282
0.0579084
0.578697
0.00698159
0.021022
0.0239823
0.0124011
0.0230677
0.102445
0.407007
0.0483373
0.00617823
0.0540164
0.0416354
0.0165844
0.0575887
0.00617823
0.0341761
0.0437302
0.0508326
0.0256778
0.071504
0.00819984
0.0602164
0.0169509
0.0359711
0.00819984
0.0343558
0.00865619
0.00842153
0.0163736
0.000494925
0.178097
0.00904334
0.0172515
0.153747
0.00904334
0.0337963
0.0324904
0.0443827
0.0158435
0.0647168
0.00794124
0.0084675
0.26879
0.109671
0.0473968
0.0489881
0.285228
0.232998
0.0553879
0.113319
0.285228
0.0155673
0.0170761
0.285228
0
0
0.0267902
0.0104251
0.0118967
0.0145843
0
0
0.0159605
0.00781558
0.59547
0
0.0118967
0
0.0101001
0
0.00913935
0.0402606
0.00781558
0.995146
0
0.0201745
0
0.00913935
0
0.00800807
0.771579
0
0
0
0.409499
0
0
0.0430418
0.0784359
0.365293
0
0.0111505
0
0.107057
0.014553
0.00895028
0.12614
0.024369
0.145624
0.020098
0.0457162
0.0124288
0.00791957
0.0210223
0
0.326599
0.0231137
0.00822257
0.0143774
0.00909578
0.0187749
0.194892
0.24383
0.0528953
0.137254
0.0138405
0.020098
0.0602538
0.0397504
0.00791957
0.00668226
0.283816
0.325147
0.136129
0.00745599
0.0184187
0
0.108482
0.0538755
0.0165838
0.214848
0.150147
0
0.020098
0.0602538
0.0397504
0
0.0340247
0.313334
0.16433
0.0186542
0.0206437
0.142901
0.0539601
0.00829053
0.229749
0
0.150147
0.020098
0.0602538
0.0128161
0
0.0111505
0.126313
0.16433
0.142901
0
0.00829053
0.0409436
0
0.150147
0
0.0100853
0.0128161
0.0111505
0.0443291
0.0893561
0.00984546
0
0.01504
0.0111505
0
0.631822
0.0171494
1.00083
0.81473
0.00681174
0.394216
0.00681174
0.0508622
0.00681174
0.00681174
0.00681174
0.00681174
0.00681174
0.00681174
0.00681174
0.137812
0.41286
0.0401379
0.016967
0.167156
0.0088675
0.0799115
0.232351
0.0192291
0.0192291
0.027374
0.0116739
0.0543093
0.0465497
0.0138218
0.0147818
0.0321557
0.012845
0.0834246
0.0132109
0.0127611
0.00728077
0.0698613
0.174768
0.0375854
0
0.0122557
0.0920811
0.0496678
0.0628821
0.00675768
0.173921
0.579576
0.0375854
0
0.0382213
0.0911292
0.0945417
0.146757
0.0637201
0.00764143
0.197471
0.851122
0.0178866
0.00985901
0.0382213
0.0911292
0.186831
0.00630171
0.209535
0.00764143
0.265721
0.756773
0.0178866
0.00672157
0.0390818
0.0911292
0.207937
0.245978
0.00764143
0.311759
0.635925
0.0178866
0.0267892
0.0128066
0.0390818
0.259057
0.220265
0.271609
0.00764143
0.369355
0.324112
0.0178866
0.0267892
0.0254324
0.0251846
0.558067
0.203463
0.00930105
0.014223
0.386795
0.00764143
0.578606
0.220928
0.0366736
0.0155719
0.00949349
0.0418339
0.00608502
0.0258227
0.462357
0.0106744
0.175932
0.0376724
0.360727
0.911034
0.165466
0.0178866
0.00608502
0.0538642
0.451774
0.0106744
0.203312
0.0234047
0.0350146
0.311025
1
0.165466
0.714361
0.140602
0.0150726
0.0171418
0.287668
0.928531
0.927477
0.0977877
0.0370263
0.0171418
0.188748
0.761292
0.995895
0.0485706
0.0368662
0.0171418
0.150543
0.41399
0.983231
0.0218738
0.0253671
0.213782
0.5311
0.204394
0.144541
0.0603541
0.0123508
0.173988
0.0666966
0.0742058
0.0206593
0.235421
0.184461
0.0219448
0.307266
0.0687372
0.00962873
0.147356
0.0076414
0.0115014
0.419304
0.00962873
0.41856
0.114186
0.469747
0.00962873
0.253385
0.115947
0.478901
0.0171438
0.00962873
0.217566
0.138563
0.572209
0.0171438
0.00962873
0.0820586
0.138563
0.572209
0.0171438
0.00962873
0.0820586
0.138563
0.600352
0.0171438
0.00962873
0.0820586
0.138563
0.925663
0.0171438
0.00962873
0.0820586
0.127213
1
0.0171438
0.00962873
0.115947
0.986096
0.00962873
0.0296991
0.673902
0.00962873
0.479293
0.581918
0.0612993
0.228455
0.00847221
0.0113485
0.497294
0.12099
0.519034
0.873024
0.134043
0.519034
0.00713755
1.00987
0.0887121
0.0113733
0.448381
0.553767
0.00713755
0.982648
0.0887121
0.411035
0.350642
0.00713755
0.740809
0.0887121
0.280734
0.272733
0.00713755
0.740809
0.0234755
0.0887121
0.280734
0.40115
0.00713755
0.720308
0.0350045
0.0887121
0.269385
0.541853
0.00713755
0.719895
0.0945325
0.105494
0.0112356
0.410394
1.00618
0.00670479
0.0140978
0.0186708
0.0241489
0.719895
0.158061
0.0890215
0.0232481
0.00740205
0.842715
0.994652
0.00670479
0.0163008
0.0186708
0.015862
0.663651
0.124179
0.0890215
0.0293499
0.0112356
0.00740205
0.743801
0.976709
0.00670479
0.0186708
0.0156435
0.405221
0.0134723
0.0893885
0.00732592
0.0156015
0.0112356
0.621914
0.865843
0.030282
0.00964329
0.0164822
0.276085
0.145282
0.0154195
0.0457761
0.520687
0.927588
0.0125857
0.00958066
0.00964329
0.050727
0.0420876
0.144526
0.00732592
0.0227933
0.603378
0.984497
0.0735357
0.045413
0.0227933
0.214118
0.793205
0.00677809
0.447218
0.0221955
0.0227933
0.201363
0.00677809
0.439432
0.0221955
0.0227933
0.201363
0.118121
0.00677809
0.439432
0.0118142
0.0227933
0.0115212
0.258908
0.41582
0.0118142
0.0115212
0.497984
0.0220069
0.08113
0.169449
0.0115212
0.477478
0.0558221
0.101252
0.108428
0.0115212
0.403353
0.0800542
0.015758
0.120712
0.0129703
0.0816203
0.00740609
0.799948
0.140907
0.015758
0.0077892
0.148757
0.158155
0.0134563
0.997772
0.247013
0.116365
0.022802
0.297953
0.191563
0.0375973
0.036769
1.00402
0.235072
0.169359
0.022802
0
0.551796
0.176284
0.0881632
0.036769
0.0132029
0.00889123
0.873364
0.126313
0.112039
0.0150128
0
0.656955
0.117971
0.0752995
0.036769
0.997953
0.0110627
0.00795528
0.080342
0.202592
0.0305855
0.00692283
0.509158
0.137737
0.0752995
0.0735027
0.982302
0.0110627
0.00795528
0.0685143
0.202592
0.0235107
0.00692283
0.509158
0.178629
0.10107
0.0495302
0.020337
0.89086
0.0110627
0.0154493
0.0685143
0.00718522
0.186627
0.0155726
0.00692283
0.482253
0.137916
0.0885336
0.00733481
0.0494781
0.027168
0.809849
0.0110627
0.0393053
0.0797734
0.00801491
0.128582
0.0154233
0.00692283
0.469643
0.694783
0.0531899
0.00733481
0.0244069
0.672299
0.0110627
0.0927812
0.0234589
0.0068009
0.0555361
0.0135139
0.0220202
0.0195846
0.500216
0.011858
0.997506
0.0395748
0
0.0124553
0.510381
0.0110627
0.109496
0
0.0230047
0.0417365
0.0126212
0.0135139
0.0222109
0.0195846
0.467817
0.999658
0
0.383475
0.0831098
0.0121489
0.0387226
0.0147536
0.0135139
0.0066542
0.0195846
0.37852
0.985871
0.205125
0.100226
0
0.0539109
0.0135168
0.270215
0.894429
0.0986758
0.082544
0.0118544
0.0894193
0.0409127
0.0135168
0.325302
0.953674
0.0325843
0.0503337
0.0135047
0.165028
0.88039
0.0495136
0.0654136
0.0135047
0.101799
0.685515
0.0237756
0.0759422
0.469308
0.248238
0.0376784
0.0119897
0.05827
0.0107132
0.425547
0.220862
0.278015
0.0219456
0.0119897
0.0076951
0.0419306
0.386446
0.0188634
0.00797171
0.168896
0.0425888
0.386909
0.0956898
0.0118103
0.0188634
0.0175794
0.369875
0.103172
0.229247
0.0188634
0.0175794
0.296335
0.162591
0.182611
0.0188634
0.0262541
0.195387
0.162591
0.159892
0.0188634
0.0259621
0.0262541
0.158412
0.162417
0.0756585
0.0169896
0.017353
0.242194
0
0.155786
0.0497576
0.0339087
0.0164568
0.0426404
0
0.053646
0.0260188
0.0588997
0.0168388
0.122208
0.0161331
0.0588997
0.0168388
0.115725
0.410566
0.0588997
0.0168388
0.0833765
0.191595
0.0588997
0.0116718
0.0294939
0.0741158
0.0432337
0.0741158
0.0432337
0.0741158
0.0432337
0.116455
0.116455
0.116455
0.0530998
0.085837
0.201965
0.201965
0.201965
0.0530998
0.0221501
0.0662464
0.019967
0.459488
0.0347422
0.052125
0.019967
0.429279
0.0698469
0.10809
0.094231
0.247038
0.307676
0.23448
0
0.0164638
0.307676
0.23448
0
0.0164638
0.396607
0.200302
0
0.0164638
0.542225
0.144337
0
0.0164638
0
0.0326944
0.576923
0.0149887
0.131002
0
0.0164638
0.0486847
0.49551
0.0149887
0.0127434
0.00778884
0.128449
0.0486847
0.884417
0.0149887
0.0127434
0.0282402
0.128449
0.0486847
1.00097
0.0149887
0.0565663
0.103245
0.148124
0.0486847
0.790521
0.0149887
0.0189695
0.0282521
0.128449
0
0.218474
0.01896
0.128449
0.0889652
0.00947735
0.128449
0.01696
0.0925991
0.01696
0.0925991
0.0158404
0.0925991
0.0158404
0.143143
0.0158404
0.0357603
0.546053
0.188567
0.0168024
0.0163635
0.0299742
0.0566195
0.0887625
0.0360713
0.0349629
0.0343893
0.231795
0.0544135
0.00265616
0.013791
0.260433
0.1859
0.0123186
0
0.0214527
0.23371
0.268887
0.0123186
0.0214527
0.23371
0.212739
0.0123186
0.144667
0.224926
0.134514
0.155897
0.224926
0.125693
0.155897
0.224926
0.125693
0.166425
0.0909236
0.252003
0.0774693
0.0541361
0.011072
0.0212165
0.0106175
0.0073726
0.034561
0.0104025
0.0391175
0.0144085
0.10188
0.154313
0.0116243
0.230223
0.0130041
0.0481993
0.0144085
0.214078
0.008461
0.274083
0.191554
0.0284
0.00796812
0.133769
0.0654049
0.408079
0.272272
0.013319
0.00717941
0.130762
0.0390682
0.125722
0.0366119
0.187307
0.0801672
0.0166394
0.342841
0.0281839
0.00788446
0.0134197
0.0276937
0.133044
0.0430314
0.0109338
0.0166489
0.142491
0.330168
0
0.0592488
0.0134197
0.364199
0.155292
0.0166489
0.105032
0.282705
0.0174119
0.0134197
0.055356
0.351022
0.0128578
0.0378963
0.0166489
0.105032
0.239222
0.0345044
0.0154956
0
0.0343308
0.378924
0.0479612
0.105032
0.228884
0.08374
0.367693
0.0256524
0.105032
0.228884
0.162327
0.162688
0.0168873
0.105032
0.207356
0.162327
0.171296
0.11775
0.136862
0.183855
0.190656
0.0033874
0.0115268
0.151228
0.223968
0.082952
0.0441268
0.0115268
0.0499111
0.0942552
0.0279393
0.0213576
0.0213576
0.0213576
0.0213576
0.0213576
0.0213576
0.0213576
0.0213576
0.00695853
0.0672587
0.014084
0.015706
0.0674037
0.0141046
0.256184
0.659705
0.312938
0.0268202
0.441821
0.400458
0.0589284
0.00620259
0.0142915
0.00868991
0.00973817
0.0470264
0.00729267
0.101123
0.0231249
0.00606275
0.0570917
0.0137702
0.162004
0.0732694
0.00690626
0.0558755
0.111797
0.0439115
0.0492628
0.0812724
0.0310732
0.22646
0.224145
0.0327093
0.0534813
0.0558755
0.111797
0.0439115
0
0.0366206
0.154227
0.110891
0.0592753
0.0231092
0.06171
0.0134526
0.073129
0.0592571
0.217931
0.0173588
0
0.0397016
0.154227
0.0385436
0.0350501
0.0118666
0
0.0134526
0.0488389
0.0858343
0.325629
0
0.143303
0.0323448
0.027814
0.0118666
0.0162919
0.0181726
0
0.0134526
0.0256872
0.103174
0.218672
0.00706527
0.103174
0.0661728
0.103174
0.00731739
0.237952
0.164899
0.00783365
0.141744
0.0624064
0.0854604
0.254564
0.0119818
0.00821807
0.269937
0.0169434
0.0118124
0.0246249
0.25831
0.0169434
0.0118124
0.0322051
0.0150754
0.270316
0.0334612
0.047835
0.0556426
0.173924
0.00763282
0.532165
0.0207906
0.0334612
0.071347
0.138282
0.00821901
0.395959
0.73264
0.0277549
0.0488365
0.0132579
0.00870995
0.014148
0.0479288
0.178177
0.506467
0.00973706
0.23634
0.00630948
0.0277549
0.0132579
0.217912
0.486001
0.54326
0.163534
0.00630948
0.0210252
0.01967
0.00666536
0.0166783
0.0971967
0.488342
0.0637975
0.016997
0.14633
0.0210252
0.0168706
0.0363239
0.32139
0.0448011
0.0408455
0.00871602
0.00871602
0.00876518
0.00740447
0.137975
0.0174115
0.0855253
0.0175615
0.0416386
0.0434117
0.00664298
0.226234
0.0434117
0.0633378
0.0183863
0.0409703
0.0146771
0.117664
0.00797388
0.0126515
0.322203
0.0138029
0.0235795
0.0126515
0.322203
0.0138029
0.00797388
0.0126515
0.322203
0.0138029
0.00797388
0.0126515
0.322203
0.134692
0.00797388
0.0126515
0.322203
0.237989
0.00723379
0.00797388
0.0126515
0.322203
0.450263
0.00723379
0.0147348
0.00797388
0.0126515
0.00827165
0.294284
0.0169681
0.866043
0.0202438
0.0606027
0.00797388
0.0126515
0.00827165
0.308638
0.0169681
0.904206
0.0202438
0.167055
0.00797388
0
0.0126515
0.0158528
0.148559
0.0169681
0.926605
0.0202438
0.023595
0
0.0126515
0.00961657
0.00827165
0.0300568
0.0169681
0.629651
0.0117836
0.0267391
0.038171
0.0078306
0.00961657
0.00827165
0.014354
0.239864
0.0267391
0.0743638
0.00961657
0.00827165
0.014354
0.12429
0.0267391
0.0809133
0.00961657
0.00827165
0.014354
0.0536222
0.0220947
0.00961657
0.014354
0.0536222
0.0668687
0.497924
0.914607
1
0.857281
0.718233
0.00856139
0.0129499
0
0.672288
0.00856139
0.0129499
0.0158328
0.153824
0.0174282
0.011714
0.0129499
0.0158328
0.237763
0.0174282
0.011714
0.0129499
0.0321903
0.0196911
0.0107156
0.0640939
0.00886685
0.0226551
0
0.0733338
0.0380814
0.0107156
0.0479615
0.00886685
0.0346951
0
0.0733338
0.183346
0.0400411
0.0107156
0.00964158
0.0386825
0.00886685
0.023754
0
0.115741
0.532703
0.0400411
0.0218136
0.00964158
0.0233447
0.0173862
0.0340741
0
0.204751
1.02324
0.0196911
0.0107156
0.0114493
0
0.026805
0.0161097
0.00937724
0.0849354
0.0348964
0.296119
0.0677629
0.0247739
0.00750769
0.20405
1.03057
0.0583011
0.0114493
0.0190424
0.026805
0.0246142
0.00937724
0.179518
0.0875671
0.00677748
0.432804
0.114316
0.0144335
0.0247739
0.0149525
0.230652
0.987521
0.0570294
0.0322935
0.0114493
0.0202731
0.026805
0.00850445
0.0271669
0.231799
0.106059
0.818406
0.103903
0.028517
0.0247739
0.0143159
0.220463
0.998822
0
0.0605803
0
0.022784
0.0102184
0.0696933
0.016382
0.101532
0.0707909
0.777324
0.0800384
0.0144335
0.0124463
0.0152742
0.148371
0.81587
0
0.0399215
0.00804185
0.0113347
0.0825202
0
0.00800638
0.0511521
0.0615779
0.61428
0.0326865
0.0124463
0.00744479
0.0575518
0.333859
0.039547
0.00979159
0.0114912
0.00804185
0.0113347
0.111985
0.00656015
0.0398477
0.00896387
0.0171297
0.51063
0.0156983
0.0163807
0.0198985
0.039547
0.00979159
0.0114912
0.00804185
0.111857
0.00656015
0.0398477
0.0171297
0.325675
0.0156983
0.00879413
0.0198985
0.0595142
0.00979159
0.0449281
0.00656015
0.047726
0.0171297
0.232513
0.00825354
0.0198985
0.0107308
0.195084
0.00825354
0.0198985
0.0151236
0.642119
0.00825354
0.827821
0.00825354
0.989582
0.00825354
0.789025
0.151146
0.240203
0.111648
0.016823
0.066979
0.016823
0.0555722
0.00705847
0.0320531
0.380042
0.0320531
0.417993
0.0320531
0.0379511
0.0905269
0.0379511
0.0556393
0.0100575
0.0716686
0.0100575
0
0.00749206
0.00673602
0.198148
0
0.0120585
0.015556
0.00749206
0.00673602
0.198157
0
0.0120585
0.0228876
0.00749206
0.00673602
0.178335
0.035076
0.0306601
0.384163
0.00673602
0.16578
0.0120585
0.0306601
0.777725
0.00673602
0
0.0134395
0.152996
0.0120585
0
0.0157084
0.798217
0.00673602
0
0.0132881
0.0134395
0.146299
0.0120585
0
0.00777252
0.752959
0.00673602
0
0.0138833
0.0134395
0.139302
0.0120585
0.0159717
0.00777252
0
0.725077
0.00673602
0
0.0138833
0.0134395
0.139302
0.0109634
0.0120585
0.00777252
0
0.913295
0
0.0134395
0.112484
0.00914346
0.0120585
0.00787552
0.610354
0.00838971
0.387756
0.052056
0.0151899
0.0135271
0.00896339
0.147695
0.253142
0.00646211
0.134197
0.0422523
0.0177037
0.194139
0.535112
0.0725389
0.0873639
0.0486268
0.0556323
0.197338
0.00755104
0.0122878
0.0177037
0
0.0464376
0.037679
0.514109
0.0594328
0.0873639
0.0486268
0.0556323
0.214392
0.00746155
0.024522
0.00874032
0.0134232
0.145342
0.037679
0.195355
0.0594328
0.0873639
0.0486268
0.0556323
0.113843
0.024522
0.00962979
0.0656501
0.037679
0.0133762
0.0594328
0.0873639
0.0486268
0.0556323
0.154961
0.0151776
0.024522
0.00962979
0.0796002
0.037679
0.0133762
0.0467343
0.0964051
0.0486268
0.0556323
0.497709
0.0387051
0.024522
0.0284884
0.0687054
0.17543
0.037679
0.0133762
0.0354631
0.0265039
0
0.396834
0.0133493
0.0387051
0.024522
0.0367151
0.0977008
0.210985
0.037679
0.0352818
0.0265039
0.00664271
0.39667
0.0150916
0
0.0472376
0.0367151
0.0315615
0.0413691
0.0106852
0.258599
0
0.512135
0.0352818
0.0174428
0.356394
0.0150916
0.0484083
0
0.0711939
0.0315615
0.0284538
0.00985995
0.243683
0.0187287
0.939482
0
0.0483879
0.0130939
0.356394
0.00756226
0.0561971
0
0.0711939
0.0315615
0.029036
0.260561
0.0189989
0.939482
0
0.0615513
0.00716981
0.0112556
0.0173504
0.00723815
0.341619
0.00735949
0.031392
0
0
0.0112481
0.0448807
0.00831566
0.013862
0.24404
0.009881
0.885863
0.0487098
0
0.00804877
0.0231575
0.0173504
0.00672547
0
0.329572
0.0237938
0
0.0112481
0.0364466
0.00831566
0.0284871
0
0.267903
0.009881
0.975123
0.00794029
0.0227531
0
0.0176005
0.0119019
0.0253545
0.0134974
0.257476
0.0377009
0.0533071
0.0117254
0.0650768
0
0
0.0994596
0.013862
0
0.684592
0.00763309
0.00909362
0.0191125
1.0011
0.00765303
0.0241964
0
0.0199465
0.0175156
0.0233654
0.0485119
0.0134974
0.0154223
0.029977
0.030322
0.0103529
0.0798507
0.0717523
0.013862
0.0100415
0.577197
0.018507
1
0.00697338
0.0117671
0.00629672
0.0199465
0.00789642
0.0114635
0.047531
0.0134974
0
0.029977
0.030322
0.0798507
0.00894001
0.0441066
0.0135254
0
0.448787
0.663199
0.00737382
0.008378
0.0114635
0.0153393
0.0134974
0
0
0.022324
0.030322
0.0798507
0.0526446
0.0276169
0
0.408135
0.00808452
0.269974
0.00802487
0.00698787
0.0126661
0.008378
0.0114635
0.0137618
0.0076343
0
0.0148655
0.030322
0.0798507
0.0611869
0.0140915
0.357911
0.00808452
0
0.00774726
0.0806536
0.0114635
0
0
0.00751942
0.110248
0.00991084
0.0485833
0
0
0.0286086
0.0807337
0.00774713
0.338408
0.338408
0.138454
0.0412938
0.0872918
0.0872918
0.0872918
0.0872918
0.0872918
0.000116067
0.159848
0.00893138
0.00755282
0.145204
0.00893138
0.00755282
0.102383
0.00716838
0.00893138
0.0296009
0.234272
0.00716838
0.0779153
0.00691062
0.00745005
0.00969823
0.00893138
0.00748348
0.0103919
0.00749943
0.0387674
0.0366183
0.0752973
0
0.479424
0.00716838
0.0779153
0.00691062
0.00745005
0.0120338
0.00969823
0.0176429
0.00748348
0.0103919
0.00749943
0.0576611
0.0938708
0.0752973
0
0.468023
0.00716838
0.0602128
0.00691062
0.0367855
0.171843
0.00969823
0.0262244
0.00748348
0.0103919
0.00850901
0.0161483
0.0385919
0.146443
0.350012
0.0114007
0
0.00691062
0.0218529
0.51276
0.00969823
0.0172931
0.00748348
0.0374514
0.0164215
0.0161483
0.0385919
0.050045
0.0142262
0.482934
0.00858612
0.0114007
0.011371
0.019678
0.0131855
0.0143471
0.935904
0.0255481
0.0193332
0.0090034
0
0.0384294
0.0440224
0.0151115
0.307519
0.0233586
0.019678
0.00627488
0.614344
0.053137
0.0189569
0
0.0384294
0.0439427
0.0151115
0.175545
0.00627488
0.411229
0.152594
0.00923486
0.0384294
0.0147328
0.00737891
0.348648
0.0142701
0.152594
0.0357275
0.00838377
0.00709172
0.430738
0.0925456
0.0357275
0.0143305
0.495238
0.0466675
0.0556499
0.0282065
0.701183
0.0276602
0.0185696
0.118526
0.247555
0.834612
0.0194746
0.0583577
0.974573
0.178226
0.0473004
0.157531
0.990678
0.0359224
0.0285787
0.19207
0.802408
0.0359224
0.00961552
0.0186777
0.156745
0.788189
0.0238763
0.0186777
0.0976237
0.788189
0.760466
0.00884102
0.00873137
0.0724638
0.842443
0.00884102
0.00873137
0.0724638
0.842443
0.00877089
0.00884102
0.00702992
0.00873137
0.054266
0.60019
0.00877089
0.00884102
0.00702992
0.00873137
0.0740448
0.139036
0
0.0182719
0.00884102
0.00702992
0.00633306
0.00873137
0.132772
0.152167
0.31966
0
0.0120862
0.0182719
0.00702992
0.00873137
0.169865
0.152167
0.599667
0
0.0120862
0.0180267
0.103393
0.00873137
0.1929
0
0.152167
0.3991
0
0.214117
0.00823354
0.150579
0.152167
0.243911
0.00801239
0.332494
0.00823354
0.0570897
0.152167
0.0868788
0.00801239
0.181258
0.186477
0.00823354
0.0363349
0.0594285
0.00801239
0.0622769
0.00823354
0.0363349
0.014472
0.00823354
0.00747625
0.0292603
0.00681726
0.042654
0.0666673
0.433383
0.0673825
0.0223819
0.0151564
0.0295752
0.014032
0.0232458
0.0503291
0.0978601
0.0478294
0.0868626
0.0251524
0.1032
0.0868626
0.0332122
0.00607906
0.0129063
0.20596
0.423264
0.353044
0.0850475
0.0290814
0.00748993
0.0116274
0.0204137
0.65361
0.0346708
0.112342
0.115997
0.022475
0.0309227
0.712426
0.00814635
0.149461
0.0685097
0.0343359
0.0601043
0.67792
0.00814635
0.0121714
0.246509
0.0758391
0.0116337
0.2729
0.690953
0.00814635
0.245906
0.0832701
0.00645965
0.162679
0.283203
0.460644
0.101716
0.238647
0.162679
0.00641722
0.212462
0.135162
0.0983667
0.0116337
0.142464
0.12228
0.0837987
0.0116337
0.0837987
0.0116337
0.0837987
0.0116337
0.340474
0.0116337
0.417634
0
0.0105524
0.459044
0.0448839
0.0190503
0.0213653
0.0118371
0.541768
0.11338
0.0190503
0.0213653
0.0278322
0.383953
0.327005
0.0384957
0.0374416
0.0316458
0.106622
0.144991
0.381746
0.0474728
0.0423251
0.118043
0.0947696
0.259237
0.0384957
0.0317533
0.209016
0.0128869
0.0734046
0.258199
0.0384957
0.269131
0.574626
0.479031
0.031037
0.0414926
0.0110959
0
0.38375
0.0130913
0.031037
0.0259236
0.105276
0.043866
0
0.568046
0.00995646
0.0130913
0.0980501
0.0532262
0.0115427
0.269399
0.0163224
0.0371344
0.0666192
1
0.0130913
0
0.309643
0.0249507
0
0.289702
0.0163224
0.0559075
0.031823
0.994688
0.439428
0.0499736
0.199191
0.0371344
0.0432581
0.619097
0.0208863
0.480382
0.0785783
0.180768
0
0.0371344
0.233757
0.00725063
0.342601
0.33607
0.0654745
0.22949
0.0767519
0.00725063
0.251574
0.0503651
0.053362
0.156632
0.148714
0.651445
0.584661
0.52224
0.420455
0
0.235784
0
0.0183925
0.0968578
0
0.0183925
0.0127579
0.0209174
0.0183925
0.02581
0.0108919
0.02075
0.02581
0.0108919
0.00657258
0.0108919
0.027618
0.035049
0.00751968
0.123914
0.0416078
0.118471
0.0416078
0.118471
0.0416078
0.118471
0.0416078
0.118471
0.0833998
0.0798575
0.0833998
0.0798575
0.0506217
0.0121709
0.0144236
0.0663922
0.0612072
0.0121709
0.0399918
0.0612072
0.0121709
0.0139122
0.0612072
0.0121709
0.0511169
0.0121709
0.00708791
0.0664231
0.496829
0.086243
0.0350977
0.437206
0.10715
0.0113063
0.0295927
0.409864
0.128868
0.0113063
0.040633
0.372321
0.348049
0.12106
0.0124993
0.389513
0.0131087
0.0738759
0.0088204
0.389513
0.0738759
0.399449
0.0625696
0.0067127
0.11793
0.0067127
0.187513
0.0221034
0.680489
0.011098
0.680489
0.680489
0.0228439
0.65566
0.0228439
0.65566
0.0160382
0.65566
0.0164954
0.65566
0.0354743
0.65566
0.0354743
0.432327
0.0354743
0.0524779
0.0354743
0.0520274
0.0787341
0.27595
0.0204279
0.213376
0.02185
0.570055
0.0204279
0.2496
0.0307623
0.528398
0.0204279
0.309118
0.0376163
0.474204
0
0.0204279
0.405189
0.0348159
0.00799016
0.43207
0.0117194
0.0377203
0.990019
0.0193985
0
0.0137597
0
0
0.0271991
1.01108
0.0193985
0.00967763
0.0137597
0
0
0.012992
0.0271991
1.01108
0.0193985
0
0.0137597
0.0104697
0.00865972
0.362807
0.0193985
0
0.0137597
0.0405707
0.101658
0.0205166
0.11063
0.0216378
0.339164
0.103538
0.119214
0.0216378
0.339164
0.00612856
0.231937
0.0216378
0.237809
0.00612856
0.277116
0.0216378
0.0408703
0.0515643
0.312322
0.0216378
0.0657966
0.0408703
0.00884094
0.017066
0.00612856
0.207141
0.0174951
0.0657966
0.00802665
0.0127611
0.0138541
0.0132387
0.101411
0.179073
0.00955418
0
0.00842522
0.0266764
0.00720498
0.0558281
0
0.0758596
0.00802665
0.00750766
0.00671652
0.0181942
0.00955064
0.0915671
0.0132387
0.454964
0.320891
0
0.00955418
0.00679638
0
0.0139931
0.0145289
0.0558281
0.00688771
0.984762
0.0197071
0.00691345
0.00708334
0.0062684
0
0.00750766
0.00671652
0.00834286
0.00674312
0.00751496
0.0186024
0.01535
0.0117858
0.0132387
0.482603
0.30481
0.0304297
0.00739011
0
0.0135641
0.0368038
0.00616933
0.0413538
0.246483
0.0377059
0.0143519
0.00708334
0.105983
0.00871868
0.0128406
0.322713
0
0.0637428
0.00891831
0.2453
0.0286238
0.00635912
0.00688771
0
0.233709
0.0198799
0.0522446
0.00740021
0.0526687
0.00794835
0.0377455
0.129492
0.00619924
0.0692646
0.00726898
0.00825409
0.011892
0.00987294
0.207078
0.00949276
0.207078
0.051882
0.207078
0.207078
0.207078
0.207078
0.207078
0.207078
0.153563
0.207078
0.0104713
0.153563
0.00685383
0.00717245
0.074186
0.0569132
0.0331461
0.00813767
0.0190531
0.0262047
0.475259
0.0354828
0.0104713
0
0.146304
0.0142153
0.020363
0
0.00761586
0.53278
0.0863158
0.0128656
0.0237676
0.0262047
0.219991
0.0354828
0.0104713
0.0212212
0
0.146304
0.00704281
0.00953835
0.468245
0.0146224
0.0091062
0.0238727
0.00922952
0.0262047
0.0541443
0.32826
0.00867441
0.0188184
0.0295115
0.0191634
0.024791
0.0181671
0.00791415
0.00710758
0.158697
0.00738539
0.0141769
0.0933164
0.0542977
0.0392524
0.215466
0.0188184
0.00669316
0.00725999
0.0561228
0.00683212
0.00818403
0.0186455
0.0259098
0.00725999
0.0359758
0.00683212
0.00961262
0.00608064
0.00683212
0.00961262
0.0802776
0.00719516
0.00668866
0.00658268
0.00776998
0.203524
0.0134883
0.00881142
0.119321
0.0273448
0.00776998
0
0.0119651
0.0084197
0.0142548
0.994818
0.0416483
0.0323128
0.00966047
0.00737892
0.206597
0.0543498
0.0150609
0.0430012
0.013552
0.0147309
0.0175241
0.992628
0.0422502
0.0484383
0.00737892
0.0111098
0.244255
0.0743776
0.156433
0.0503815
0.00951837
0.013552
0.0147309
0.486934
0.0551815
0.0096062
0.0154946
0.0484383
0.0147627
0.0111098
0.191706
0.0535939
0
0.21944
0.0357896
0
0.0279083
0.0147309
0.10919
0.0422502
0.00880146
0.0154946
0.0316457
0.00737892
0.19526
0.0273846
0.0117896
0.310827
0.0357896
0
0.0143405
0.023733
0.0189913
0.00879615
0.01455
0
0.0422502
0.0096062
0.0154946
0.0161255
0.00737892
0.19526
0.0208183
0.0117896
0.326158
0.0138229
0.0352294
0
0.0702391
0.0301528
0.0422502
0.0376432
0.0161255
0.161046
0
0.0117896
0.391059
0.0276535
0.144394
0.677512
0.0141651
0.144394
0.693478
0.441622
0.029086
0.128928
0.0789384
0
0.00303689
0.0182625
0
0.0636899
0.0169845
0.033724
0.0302106
0.114493
0.0119017
0.634164
0.0198987
0.0572922
0.912535
0.0198987
0.0572922
0.633929
0.0198987
0.0572922
0.0207233
0.0829084
0.0572922
0.0191312
0.0572922
0.0191312
0.0572922
0.00951133
0.0572922
0.00769958
0.0572922
0.025851
0.0114975
0.0744475
0.0081387
0.0465633
0.0404986
0.0360891
0.0527541
0.0264886
0.0106671
0.0489214
0.0102205
0.0986853
0.0323566
0.0189829
0.031578
0.030985
0.0383615
0.0901716
0.024152
0.024152
0.024152
0.024152
0.00812934
0.0205811
0.0770778
0.0786663
0.0325144
0.0687259
0.0291247
0.04625
0.00750289
0.248187
0.0770778
0.0318017
0.0806463
0.00635296
0.025281
0.00865865
0.0148244
0.0489235
0.0600185
0.200597
0.0171525
0.0135439
0.00903573
0.00801974
0.0136292
0.168554
0.0166217
0.0134051
0.00683282
0.683035
0.0691697
0.0159363
0.0806463
0.00635296
0.025281
0.00859909
0.0170151
0.0184748
0.0995967
0.0293168
0.0397704
0.0900498
0.187821
0.00702045
0.0135439
0.0826494
0.00801974
0.0136292
0.330269
0.0166217
0.0286497
0.873779
0.0463701
0.0932488
0.00635296
0.0120253
0.00859909
0.0170151
0.0529322
0.179924
0.101844
0.0397704
0.240949
0.187821
0.0243729
0.0135439
0.253009
0.0148422
0.0121942
0.0136292
0.435367
0.0219339
0.692065
0.0221037
0.00824105
0.0161368
0.249958
0.0131564
0.0247555
0.0167544
0.0170151
0.0171879
0.290706
0.499302
0.010241
0.242301
0.0358137
0.0275335
0
0.0147729
0.0070507
0.23621
0.0140799
0.0219339
0.304036
0.00873613
0.00732168
0.015571
0.0161368
0.00635296
0.00859909
0.0170151
0.294344
0.51509
0.228468
0.00700634
0.0196023
0.0474647
0.0272412
0.0276171
0.0669527
0.00732168
0.0161368
0.00635296
0.00845859
0.220542
0.153152
0.0246001
0.0263376
0.0234369
0.00930064
0.00757706
0.0141908
0.0161368
0.00845859
0.176008
0.137481
0.0062704
0.0114562
0.00757706
0.00732168
0.00845859
0.184415
0.013755
0.106369
0.0062704
0.00676814
0.184415
0.106369
0.0255622
0.00676814
0.0447796
0.0142235
0.0255622
0.00676814
0.140503
0.0142235
0.0141556
0.0257733
0.0269981
0.377246
0.0156448
0.0141556
0.117423
0.0473143
0.209352
0.0782437
0.114066
0.0517328
0.00662367
0.0517328
0.0337443
0.0170285
0.0084201
0.0123362
0.0123362
0.0146325
0.00719648
0.00933292
0.0123362
0.0816246
0.0243501
0.0128471
0.0298562
0.0273997
0.0220065
0.0553849
0.0277464
0.00933292
0.0186794
0.026982
0.0123362
0.230168
0.217882
0.0714047
0.0128471
0.0109062
0.0393133
0.0908487
0.0127187
0.0668143
0.012183
0.00815774
0.1837
0.00933292
0.00740439
0.00788106
0.0541335
0.0123362
0.0332049
0.0135434
0.402655
0
0.193975
0.0081023
0.113156
0.260811
0.0128471
0.0176519
0.0288734
0.0807947
0.296424
0.231912
0.0118014
0.245067
0.00937401
0.00938107
0.00740439
0.00788106
0.147819
0.0123362
0.0332049
0.0127882
0.38751
0.00987903
0
0.186248
0.121656
0.418608
0.025464
0.00828087
0.0110195
0.0264651
0.036642
0.0996535
0.263997
0.310716
0.013271
0.25704
0.00938107
0.0220798
0.017152
0.143764
0.0123362
0.0259785
0.572344
0.0194907
0
0.139568
0.113156
0.84489
0
0.00828087
0.0114857
0.0264651
0.0194021
0.0553067
0.0898535
0.185914
0.392103
0.0256763
0.426335
0.0188596
0.0369342
0.0251602
0.0919628
0.0123362
0.0127882
0.296013
0.0194907
0.00915766
0.0645864
0.00740546
0.113156
0.962332
0.0137267
0.0114857
0.0369375
0.0276597
0.0404427
0.15511
0.209076
0.013271
0.31317
0.00947851
0.0927897
0.024591
0.0172791
0.0657013
0.0155009
0.0280659
0.147115
0.0227797
0.0158761
0.191925
0.0137267
0
0.118317
0.0369375
0.0109129
0.0204818
0.183766
0.145788
0.013271
0.00757067
0.228988
0.035643
0.0130917
0.0324978
0.0398019
0.020007
0.0104974
0.0290814
0.0498708
0.00722266
0.00842323
0.00661722
0.029534
0.020007
0.00897061
0.0104974
0.0105647
0.00722266
0.020007
0.00897061
0.0132771
0.0137999
0.0137999
0.0137999
