0.020828
0.181133
0.0117683
0.413613
0.402705
0.402705
0.402705
0.402705
0.402705
0.402705
0.0512715
0.402705
0.112598
0.0177119
0.402705
0.270113
0.113672
0.0476307
0.117673
0.0634272
0.396687
0.104765
0.0290532
0.0959382
0.117673
0.021704
0.158067
0.211586
0.0359921
0.0152536
0.0180647
0.0189747
0.208764
0.208764
0.208764
0.208764
0.208764
0.208764
0.208764
0.0130053
0.249089
0.039276
0.0355803
0.0345084
0.0108452
0.00928842
0.278664
0.0269632
0.0141403
0.0781525
0.0532513
0.0118374
0.0886681
0.0111021
0.0412222
0.0285383
0.593739
0.035748
0.0236041
0.0691839
0.073665
0.327128
0.661499
0.00883813
0.101038
0.0216008
0.0322931
0.0100001
0.189106
0.0490041
0.12261
0.168984
0.0780247
1.0279
0.076983
0.0120486
0.0528188
0.0273837
0.0918146
0.234936
0.776418
0.073718
0.0141403
0.0471704
0.0856902
0.0136867
0.411525
0.0239844
0.108689
0.143234
0.126895
0.0927659
1.03322
0.027118
0.0623841
0.0366437
0.0193593
0.0199995
0.180678
0.0528244
0.473589
0.0586413
0.0312667
0.0753215
0.0140978
0.35191
0.0242932
0.105501
0.0837129
0.126984
0.0601183
1.00886
0.011442
0.0531839
0.0562611
0.0108912
0.0181343
0.0265438
0.231272
0
0.0398951
0.0312667
0.0208918
0.0217473
0.0807636
0.0122333
0.0472912
0.127806
0.708881
0.00864213
0.00921991
0.0782539
0
0.0131596
0.0148772
0.0407194
0.0122333
0.0225073
0.298335
0.0175534
0.0358262
0.0143378
0.166007
0.269581
0.0758971
0.166007
0.592914
0.0758971
0.166007
0.592914
0.0758971
0.166007
0.592914
0.0758971
0.166007
0.592914
0.0758971
0.166007
0.592914
0.0758971
0.166007
0.592914
0.0758971
0.0371718
0.166007
0.571059
0.0185149
0.337045
0.0381173
0.12854
0.469875
0.00705852
0.414143
0.0137988
0.292465
0.0354556
0.0765907
0.115937
0.0115799
0.0142386
0.0133829
0.0324325
0.0143559
0.132354
0.00987869
0.0982835
0.00893682
0.00905367
0
0.748799
0.0561521
0.0420367
0.00779351
0.0107215
0.328478
0.267013
0.326053
0
0.0121046
1.01771
0.047774
0.0170823
0.0766741
0.0276807
0.00779351
0.0288976
0.318837
0.0125976
0.270636
0.631529
0.0139742
0
0.613754
0.047774
0.00907418
0.0754273
0.0276807
0.00779351
0.102976
0.301452
0.0125976
0.193473
0.823686
0
0.236563
0.0354827
0.00919921
0.185975
0.0137724
0.010189
0.0513642
0.229631
0.0233188
0.259511
0
0.0337347
0.0188605
0.00919921
0.0469453
0.0137724
0.0431987
0.0499322
0.0106133
0.0313459
0.0137724
0
0.0340363
0.0124929
0.418816
0.213867
0.0172747
0.0218158
0.8737
0.419858
0.00650498
0.126805
1
0.00863277
0.454469
0.00650498
0.205512
0.873571
0.00863277
0.690152
0.0271995
0.00650498
0.205512
0.660285
0.016271
0.810179
0.00858924
0.276697
0.52016
0.016271
0.916343
0.00858924
0.205829
0.00790327
0.506402
0.016271
0.986807
0.00858924
0.0126987
0.158581
0.506402
0.00763826
0.954949
0.00858924
0.0114681
0.102664
0.506402
0.00763826
0.21283
0.00858924
0.0131536
0.0112648
0.0246599
0.0156898
0.0908722
0.0284338
0.0134674
0.0539873
0.271397
0.00805156
0.509553
0.0284338
0.0134674
0.0686548
0.53837
0.694011
0
0.0487681
0.0765691
0.525718
0.0134458
0.161704
0.154806
0.154736
0.199787
0.0529025
0
0.154736
0.0145223
0
0.0113589
0.0367941
0.0306051
0.00762538
0.213011
0.0185705
0.142005
0.0286659
0.00694938
0.198444
0.0189769
0.0706806
0.0126667
0.153212
0.0333918
0.185754
0.00747742
0.177876
0.00775841
0.206047
0.0151156
0.142928
0.017889
0.0103113
0.0720221
0.0134555
0.258491
0.0759025
0.0141049
0.154059
0.00752619
0.0103113
0.107505
0.0135738
0.186194
0.0153782
0.0525544
0.0103113
0.0686725
0.0920612
0.0492063
0.048101
0.0931143
0.0642909
0.0520522
0.140731
0.261773
0.0356614
0.248704
0.215217
0.193169
0.00664407
0.016733
0.335997
0.0160655
0.37527
0.15474
0.0198964
0.0251089
0.016733
0.276241
0.0131696
0.492288
0.127447
0.0181869
0.0251052
0.348087
0.382905
0.195559
0.0247635
0.00937364
0.12516
0.183103
0.0494393
0.4136
0.658911
0.814645
0.703457
0.553646
0.299765
0.183581
0.00677334
0.0427157
0.0135015
0.0700472
0.00956294
0.541751
0.0133333
0.104945
0.00749548
0.156819
0.00791444
0.12912
0.00697771
0.983194
0.0130684
0.429634
0.0137601
0.0159223
0.00988809
0.0704507
0.0185073
0.228553
0.0140979
0.991855
0.0130684
0.429634
0.0137601
0.00842679
0.085876
0.0360053
0.0226446
0.237033
0.00712018
0.958514
0.00634026
0.515247
0.0295366
0.00842679
0.172081
0.0360053
0.0245554
0.235906
0.0138143
0.757353
0.0111524
0.0175998
0.00634026
0.705714
0.00744801
0.0572377
0.017498
0.264337
0.0112375
0.0212789
0.673859
0.0175998
0.00634026
0.772578
0.0157765
0.0141971
0.0720531
0.0117077
0.22929
0.0106545
0.0206456
0.673859
0.0175998
0.00634026
0.823302
0.0107056
0.0157765
0.115238
0.017498
0.0111004
0.220785
0.0107816
0.0138143
0.572744
0.00634026
1.00633
0.0299941
0
0.0420421
0.017498
0.177727
0.00702049
0.152047
0.137669
0.0270249
0
0.00881556
0.00705672
0.0708604
0.117678
0.0404678
0.0338953
0.2204
0.0199229
0.045288
0.0102491
0.36433
0.00784501
0.0558986
0.161303
0.050578
0.0194324
0.0195448
0.453102
0.0249453
0.00783301
0.0912533
0.0172135
0.221288
0.0598427
0.0143288
0.00773798
0.0194324
0.0390827
0.776149
0.0237529
0.015067
0.129508
0.0117779
0.00932698
0.0253369
0.404508
0.0682686
0.0404934
0.00754628
0.0884618
0.920862
0.0326357
0.0306612
0
0.00952543
0.109593
0.0117779
0.0462407
0.0489672
0.542858
0.126421
0.0281011
0.00754628
0.0902645
0.837469
0.00946522
0.0404103
0.0387013
0.183762
0.00847388
0.0820031
0.0566871
0.546099
0.144977
0.0140057
0.00754628
0.0193268
0.111919
0.80456
0
0.0478622
0.0387013
0.0103035
0.187041
0.00847388
0.0820031
0.0482401
0.635548
0.186121
0.0166629
0.0140057
0.00754628
0.0193268
0.0888311
0.951407
0
0.0637532
0.0459858
0.0211941
0.225943
0.00847388
0.120956
0.0401168
0.546889
0.234559
0.0250388
0.0102122
0.016491
0.108921
1.0159
0
0.0641472
0.0454789
0.0108905
0.243853
0.00847388
0.129712
0.031755
0.52863
0.00804955
0.117529
0.0101921
0.012004
0.0089447
0.0887996
1.01254
0.0648415
0.00831167
0.0108905
0.186331
0
0.00847388
0.0729524
0.0243648
0.24081
0.101426
0.0160545
0.00867348
0.0089447
0.0302278
0.655068
0.0397462
0.00831167
0.00687481
0.15157
0.00847388
0
0.00779314
0.161026
0.0926712
0.0089447
0.0203922
0.037869
0.0476574
0.00831167
0.0944766
0
0.00779314
0.221206
0.0326862
0.0089447
0.00941736
0.023679
0.0556465
0
0.0159267
0.00941736
0.0202883
0.150631
0.0104246
0.0423651
0.265639
0.159859
0.265639
0.159859
0.250677
0.019148
0.159859
0.229435
0.0213195
0.0488688
0.192426
0.306114
0.0213195
0.0488688
0.254845
0.00977212
0.234469
0.011453
0.0618843
0.0488688
0.577975
0.0195776
0.00977212
0.24143
0.0771313
0.0618843
0.0488688
0.437852
0.00977212
0.0452001
0.0442049
0.0236986
0.0957028
0.00784237
0.393087
0.00775425
0.0215638
0.046834
0.00784237
0.0222092
0.0796302
0.592949
0.719177
0.585349
0.0495476
0.0175569
0.013299
1.00006
0.00779054
0
0.789133
0.0689904
0.0175569
0.013299
0.996811
0
0.00779054
0.00764168
0.0309698
0.934476
0.110834
0.0175569
0.013299
0.921569
0
0.00779054
0.00941636
0.00764168
0.0303768
0.00877769
0.950477
0.110834
0.00866937
0.013299
0.0120728
0.725865
0
0.0146931
0.00764168
0.0455234
0.0173662
0.998184
0.100143
0.00866937
0.013299
0.0120728
0.597346
0
0.0146931
0.0165151
0.0847373
0.0173662
0.998078
0.0204249
0.00866937
0.013299
0.346171
0.00779054
0
0.0239098
0.71651
0.00704625
0.00737728
0.140708
0.0118193
0.0561051
0.0118193
0.387668
0.132853
0.0118193
0.608221
0.132853
0.0118193
0.608221
0.132853
0.0323916
0.0118193
0.555208
0.171415
0.086349
0.411594
0.265552
0.0118193
0.0317582
0.00680503
0.319619
0.01151
0.0124826
0.0104404
0.0131518
0.297948
0.0526642
0.0196222
0.00797212
0.0136393
0.0320577
0.0103713
0.0620783
0.0550727
0.00680503
0.468316
0.0256859
0.409757
0.480896
0.0100292
0.0164884
0
0.077775
0.0368219
0.130245
0.00786045
0.995838
0.0397241
0.00787636
0
0.356395
0.408946
0.0293737
0
0.254515
0.0305296
0.00627862
0.0250026
0.0690583
0
0.921323
0.074218
0.00787636
0.0157319
0.218086
0.32814
0.0688728
0.0649068
0.0239959
0.00703168
0.253356
0
0.102354
0.0597664
0.695203
0.0359354
0.00787636
0.0491332
0.148499
0
0.0715754
0.00940331
0.0488123
0.0322384
0.177179
0
0
0.0977959
0.0146341
0.835353
0.0821029
0.00787636
0.0334013
0.185808
0.0622413
0.0279646
0.0408953
0.285047
0.00701487
0.0675599
0.00718955
1.01264
0
0.0703613
0.0220476
0.00787636
0.0334013
0.16495
0.0204903
0.0185613
0.0485842
0.217655
0.009548
0.0124178
0.0301862
0.864915
0.0467804
0.043527
0
0.0163921
0.00727786
0.0300084
0.0157979
0.206531
0.00678837
0.0124178
0.0077904
0.375883
0.0112209
0.0208213
0.0850058
0.156504
0.319728
0.319728
0.319728
0.319728
0.319728
0.319728
0
0.319728
0.319728
0.0862588
0.0943622
0.0374289
0.0208647
0.00785126
0.0274272
0.0218
0.0189046
0.0077199
0.0558916
0.0267144
0.0071494
0.0102749
0
0.0166823
0.00968251
0.0491743
0.00741147
0.0220854
0.0529314
0.0159645
0.300647
0.0678566
0.0511928
0.0143864
0.0256742
0.0431339
0.0172192
0.0478597
0.040476
0.149328
0.00800291
0.484585
0.101633
0.0594279
0.0431339
0.0414468
0.041668
0.116179
0.621613
0.018214
0.00823062
0.162791
0.0344146
0.0314625
0.0166465
0.0145201
0.041668
0.0810602
0.590017
0.018214
0.00823062
0.128371
0.00770025
0.0728261
0.00710867
0.041668
0.00864092
0.524024
0.0309068
0.353888
0.0241222
0.0644966
0.0517587
0.0275754
0.00876538
0.461128
0.0309068
0.468613
0.00822371
0.00830567
0.0161315
0
0.105372
0.0346612
0.00876538
0.528302
0.0309068
0.494411
0.00822371
0.00830567
0
0.0861112
0.0346612
0.528302
0.0309068
0.480927
0.00822371
0.00830567
0.0963237
0.0346612
0.00876538
0.528302
0.00750427
0.394577
0.00822371
0.0820748
0.030689
0.0346612
0.570788
0.00750427
0.186005
0.00822371
0.0837387
0.0205983
0.0157268
0.52368
0.144931
0.00822371
0.0504406
0.0157268
0.367917
0.131845
0.00822371
0.0159064
0.0157268
0.34471
0.00621856
0
0
0.0166263
0.150699
0.0130637
0.00828854
0.0169025
0.0166263
0.0161906
0.00892727
0.100913
0.100913
0.100913
0.100913
0.100913
0.100913
0.100913
0.100913
0.100913
0.000358841
0.100913
0.00901799
0.00753628
0.0130929
0.0064241
0.0182886
0.0132524
0.0123754
0.417662
0.0598706
0.0537239
0.245622
0.0339515
0.0896195
0.244643
0.00610985
0.0133389
0.0149277
0.00119144
