0.0296207
1.00992
0.0013202
0.0152697
0.00461092
0.00132423
0.0276333
0.00266773
0.013327
0.279782
0.00494584
0.0071303
0.00149361
0.010965
1
0.00685689
0.00685689
0.00563674
0.00265396
0.00704873
0.00273297
0.00436773
0.0045704
0.00156286
0.00153388
0.00143202
0.00686406
0.00139351
0.00870398
0.00161782
0.00184531
0.947354
0.00145604
0.00138614
0.00151519
0.00154418
0.0014939
0.00283133
0.00144385
0.0190279
0.446011
0.00161258
0.00451716
0.0325409
0.00448218
0.00679913
0.00278056
0.0702183
0.00700837
0.00213883
0.00682763
1
0.768816
0.0126928
0.0110408
0.114503
0.613747
0.00430429
0.00143802
0.00197825
0.00967226
0.0819771
0.549576
0.00692386
0.393463
1.00299
0.973181
0.856973
0.0596848
0.00177852
0.00149411
0.00147647
0.0118386
0.00147932
0.027073
0.388053
0.00534084
0.00125658
0.00278666
0.00151609
0.00297577
0.00146568
0.0219318
0.00149556
0.00148946
0.0128802
0.00134459
0.00666031
0.226246
0.0797049
0.00288086
0.0776675
0.00134459
0.00134459
0.00126764
0.00588587
0.307497
0.0050422
0.977535
0.153143
0.598943
0.655917
0.00129583
0.00299696
0.343982
0.103322
0.0183585
0.00485937
0.0797097
0.0477919
0.0228416
0.349153
0.993456
1
0
0.0294018
0.0014874
0.00133253
0.00182011
0.0292016
0
0.0106075
0.0238223
0
0
0
0.00294205
0
0.00435352
0.00388969
0.00138336
0.00139542
0.00614162
0.0120023
0.00839278
0.00167831
0.0063261
0.00228594
0.00149411
0.00139919
0
0.00265539
0.00147647
0.00277946
0.00272627
0.00145401
0.00307355
0.00373926
0.0029914
0.0101139
0.00425817
0.00563033
0.00555895
0.00146291
0.0153555
0.990174
0.00599654
0.00966319
0
0.00284943
0.0485207
0.0031721
0.00276838
0.00994199
0.0722344
0.0128809
0.363215
0.0140301
0.00149411
0.00391504
0.00130032
0.0129138
0.00177939
0.0103125
0.203967
0.00281141
0.0275047
0.00769943
0.0938646
1
0.00554446
0.49149
0.623103
1
0.056102
0.00865758
0.236249
0.0157646
0.0229466
0.0119568
0.0182798
0.00562921
0.00591152
0.014958
0.428353
0.372537
0.00422454
0.0124256
0.00852034
0.0208377
0.00258385
0.0771475
0.00274347
0.00287976
0.00140885
0.00145213
0.00547946
0.00250407
0.00291745
0.00286215
0.00270953
0.940809
0.00531489
0.00130557
0.00128542
0.0014553
0.00659236
0.0111215
0.0055627
0.784642
0.00976622
0.021725
0.00271602
0.00965061
0.045152
0.00392933
0.0150992
0.0595258
0.595758
0.896944
0.0991618
0.0106161
0.147538
0.497505
0.0196054
0.0573341
0.0354801
0.996842
0.0506116
0.0355877
0.00439973
0.0507651
0.364687
1.00307
0.276611
0.136946
0.224285
0.0359747
0.39458
0.103654
1.00398
0.85379
0.228131
0.00386015
0.0191125
0.00257201
0.00139935
0.698641
0.00259911
0.138815
0.00401609
0.398396
1.00206
0.0402116
0.934694
0.360624
0.00819265
0.0635079
0.00830941
0.201921
0.996586
0.623987
0.0661894
0.501727
0.553728
0.14372
1
0.0161724
1.02775
0.053194
0.367525
0.165218
0.0196592
0.116479
0.304102
0.0119
0.00541731
0.130846
0.00259748
0.0027249
0.00788696
0.0289596
0.679989
0.0166713
0.00274546
0.00287241
0.00149643
0.00147308
0.00628659
0.0120679
0.972035
0.0476745
0.149416
0.00824704
0.00486371
0
0.00859677
0.00522013
0.0193432
0.0015346
0.00173201
0.0603555
0.00739904
0.0603308
0.208794
0.231695
0.0221016
0.282641
0.988573
0.579975
0.105294
0.00409258
0.00424635
0.00150194
0.0187794
0.00188262
0
0.0084922
0.0023454
0.039957
0.0056684
0.0139674
0.0592167
0.125768
0.0313513
0.0188788
1.13785
0.10786
0.00149344
0.00236348
0.095686
0.00289646
0.0176831
0.00401314
0.00541008
0.00156166
0
0.00135994
0.00156034
0.0345901
0.110624
1
0.374595
0.567564
0.0243329
0.00187178
0.0569972
0.0149743
0.00150332
0.0675568
0.0014267
0.0844749
0.00134691
0.0027031
0.688713
0.231398
0.972653
0.00684202
0.00598053
0.00414659
0.0533865
0.0510556
0.0606135
0.024889
0.0407538
0.00146687
0.00276439
0.0118474
0.00440062
0.00402189
0.0141497
0.00276439
0.00276439
0
0.00195822
0.00146536
0.00201586
0.0100042
0.0500976
0.0106168
0.00268969
0.00291321
0.00145092
0.283962
0.00145961
0.0110282
0.0140208
0
0.0266993
0.288927
1.008
0.107245
0.997607
0.00220335
0.00145103
0.00716163
0.0223256
0.966483
0.118456
0.00412864
0.0138519
0.0015502
0.0796485
0.0101878
0.0107512
0.00123712
0.00123712
0.0420233
0.0803337
0
0.00123712
0.0419746
0.00123712
0.00185568
0.0728768
0.178689
1
0.434508
0.143895
0
0
0
0.012076
0.0735819
0.00183553
0.551645
0.931268
0.110616
1
0.00151194
0.0015656
0.985791
0.676911
0.588918
0.764887
1
0.022617
0.569414
0.0666558
0.0183444
0.117511
0.110793
0.947457
0.0508715
0.310379
0.00192171
0.00147762
0.00153088
0.00942772
0.0324402
0.00721524
0.00153325
0.0980131
0.59762
0.00170548
0.00130853
0.00132707
0.00136357
0.00401114
0.0207572
0.0026602
0.410302
0.00149149
0.112281
0.0090942
0.0150712
0.0111579
0.0260211
0.00153137
0.117735
0.00700854
0.0233907
0.0098627
0.012473
0
0.073989
0.0119253
0.0378929
0.0350069
0.0100362
0
0.110599
0.428807
0.0668249
0.0293133
0.0046866
0.0523539
0.0135864
0.00131347
0
0.368836
0.100342
0.248448
0.357407
0.00760197
0.00937102
0.0110641
0
0.00296218
0.00472095
0.0433166
0.0686486
0.0510335
0.0342618
0.00613075
0.0328948
0.355169
0.00540582
0.0236546
0.00745316
0.00434311
0.123949
0.0119354
0.0415987
0.392618
0.894597
0.118064
0.0053683
0.026866
0.00999004
0.113781
0
0.00980868
0
0.0376874
0.0143871
0.223749
0.100492
0.0265318
0.017399
1.04735
0.48252
0.0113626
0.265643
0.00151462
0.130321
0.00298816
0.00719856
0.00548057
0
0
0.0094061
0.0258351
0
0.00153526
0.0167303
0.0134949
0.0215961
0.0141297
0.00686949
0.0706485
0.0109713
0.29334
1.05614
0
0.00274145
0.00132093
1
0.297409
0.0522835
0.54417
0.00217766
0.0014706
0.335942
0.00266037
0.00146945
0.00511415
0.00220726
0.00378005
0
0.0201619
0.00127399
0.012949
0
0.00714883
0.00144579
0.0219942
0.0756069
0.0201619
0.021824
0
0.00555354
0.00131329
0.112644
0.0245451
0.64703
0.136845
0.174491
0.0201619
1
0.00259379
0.0329699
0.0274138
0.0756891
0.0275785
0.00135577
0.672336
0.0173586
0.0276621
0.025063
0.00150077
0.00128902
0.00130853
0.0565381
0.00130853
0.0206257
0.00132093
0.00130853
0.00130853
0
0.00567269
0.00425163
0.111477
0.425931
0.137649
0.0078512
1
0.00258791
0
0
0.0167958
0.0418386
0.102718
0.025714
0.0687496
1
0.00548345
0.00856032
0.0260954
0.00183166
0.00267391
0.0474282
0.00129205
0.194241
0.0133963
0.1066
1.00661
0.0927819
0
0.856025
0
0.00278374
0.00646047
0.00659662
0
0.00151957
0
0
0.0189321
0.0351225
0.207543
0.996725
0.946075
0.0399976
0.00476155
0.0080843
0.947098
0.663143
0.15046
0.99586
0.356267
0.136385
0.0874866
0.692085
0.35582
0.400321
0.0314877
0.0321338
0.022962
0.0987508
0.354415
0.00141716
0.0235927
0
0.00272699
0.0039751
0
0.00153528
0
0.00879923
0.0518588
0.00336807
0.0430099
0.065055
0.975219
0.00146567
0.00283975
0.0013025
0.00640253
0.00129454
0.0788472
0.00125474
0.00802688
1
0.1247
0.40112
0.127642
0.0189265
0.00922724
0.00128129
0.157495
0.00399965
0.92028
1
0.00464504
0.0250802
0.00149944
0
0.00549952
0.00145551
0.984257
0.296577
0.00152816
0.00348443
0.00432513
0.0014751
0.00183317
0.355136
0.326801
1
1.01259
0.471764
0.0139358
0.28366
1
0.41152
0.0960492
0.122723
0.0830094
0.252655
1
0.638758
0.107425
0.391916
1
0.272656
0.00507045
1
0.279751
0.00156268
0.0155556
0.0234551
0.558214
0.0113033
0.014145
0.0261039
0.34481
0.0127951
0.00137127
0.00123864
0.00432129
0.00137127
0.00622007
0.0359804
0.0902211
0.861018
0.00214099
0.123449
0.00135596
1
0.0181765
0.00135142
0.00412322
0.00404766
0.00154898
0.00576014
0.00979862
0.0199241
0.0411141
0.0535879
0.513625
1
1
0.007812
0.00146196
0.117059
0.00279683
0.00305416
0.569364
0.0107026
0.166205
0.689641
0.0201992
0.0121195
0.701551
0.0182324
0.0232563
0.00709501
0.00713142
0.0750824
0.0156467
0.00273437
0.00713142
0.0128215
0.0123652
0.00908983
0.224344
0.020999
0.553253
0.0147881
0.0108446
0.00144723
0.315327
1
0.0021131
0.00151832
0.00479504
0.00493057
0.00147298
0.0111044
1
0.0401651
0.675273
0.016165
0.0403378
0.119367
1
0.00134239
0.00135142
0.00135142
1
0.238817
0.00319562
0.00148079
0.00123309
0.00127825
0.022494
0.001423
0.00131755
0.00296751
0.00271985
0.197017
0.0220309
0.00222615
0.00150673
0.0390269
0.00134487
0.00827923
0.00150673
0.00445229
0.00126119
0.102567
0.0180244
0.387541
0.00426559
0.98111
0.00573772
0.00514243
0.00253521
0.00644708
0.125453
0.143974
0.814601
1
0.215631
0.556783
0.412893
0.00146433
0
0.361992
1
0.992008
0.0806575
0.431271
0.993579
0.338921
0.00549124
0
0.0142124
1
0
0
0.138795
0.00479159
0.0027779
0.0265643
0.00591244
0.906437
0.00144481
1.00616
0.492575
0.00458115
0.00133718
0.00274188
0.0377119
1
0.522395
0.75063
0.00127848
0.00127379
0.00133156
0.00133156
0.00129509
0.00866829
0.0195332
0.00151258
0.0157826
0.00315121
0
0.00134343
0.0112978
0.00142517
0.00767086
0.00127848
0.00726069
0.0264413
0.0031769
0.00133099
0.399399
0.00129509
0.00127021
0.00338313
1.02553
0.00171884
0.00438777
0.00126956
0.00120145
0.00126956
0.00127848
0.00992356
0.00333366
0
0
0.00128143
0.00289205
0.00441758
0.0494275
0
0
1.0015
0.00144431
0
0.00124055
0
0.00131981
0.00124055
0.00126049
0.00343769
0.00123954
0.00199024
1.00063
0.00126956
0.00143748
0.0112874
0.0207584
0.098513
0
0.00206764
0.00279888
0.00270688
0.27366
0.249774
1.01218
0
0.00204216
0.00133317
0
0.00135025
0.00129509
0.0371596
0.00239714
0.00131572
0.00132104
0.00257211
0.00129509
0.0192156
0.00813193
0.00257211
0.00320581
0.689965
1.05315
0.00128979
0.00974801
0.00202142
0.0022404
0.00143754
0.0225609
0.075785
0.00143122
0.0013347
0.00190495
0.00227329
0.00291414
0.236428
0.00153901
0.560957
0.00824117
0.0101296
0.00143584
0.0069797
0.25933
0.584231
0.0027564
0.00324148
0.00283266
0.0339944
0.120325
1
0.00178845
0.00367593
0.0183474
1
0.273107
0.00136983
0
0.0235378
0.00343334
1
0.00148486
0.00144169
0.00155677
0.00400596
0.00494707
0.00148444
0.0133543
0.474151
0
0.00426816
0.00137353
0
0.0102925
0.0045301
0.0111972
0.00884239
0.0505979
0.00686432
0.00708233
0.006241
0.00159049
0.0812815
0.00139266
0.786646
0.0109596
1.00231
0.0172615
0.00190107
0.0416583
0.001324
0.00431472
0.0961083
0.00820945
0.00126509
0.0056133
0.00144296
0.0013767
0.00389335
0.00409088
0.0152515
0.074628
0.120584
0.537408
0.989152
0.355465
0.011022
0
0
0
0
0.00187746
0.00559566
0.117489
1
0.00795102
0.00215037
0.00130917
0
0.00414395
0
0.00195976
0.00432504
0.00278792
0.0428792
0.00383525
0.0146352
0.00413723
0.00560185
0.00469364
0.00124845
0.00131912
0
0.101825
0.00395428
0.00653379
0.563911
0.0056528
0.00131912
0.0134234
0.00126509
0
0.00125666
0.0110173
0.00276958
0.00898856
0.596869
0.107569
0.995253
0.93141
1.00649
1
0.101859
0.00142735
0.00138649
0
0.00298644
0
0.00864944
0
0.00565244
0.0015099
0.0298081
0.96582
0.31866
0.0291878
0
0
0.00721925
0
0.0451293
0.00134106
0.00133051
0
0.00504369
0.00141384
0
0.0183856
0.0019287
0.0111632
0.00152648
0.00556076
0.00150152
0
0.00269741
0.00135734
0.00125666
0.0185672
0.0580728
0.00210509
0.0855142
0.00559011
0.00413593
0.00449659
0.00188499
0.0055678
0.021714
0.257713
0.0159867
1.01659
0.159261
1
1
0.00554947
0.00537338
0.00282658
0.00406961
0.00150184
0.00577585
0
0
0.00677562
0.00140759
0.994459
0.00727391
0
0.00134106
0.00139209
0
0.0144552
0.0014583
0.0202951
0
0.0155026
0.0157548
0.00141254
0.0109862
0
0.00259683
0.133371
0.00172172
0.0111683
0.00137865
0
0.00550696
0.0126936
0.0130086
0.671457
0.0107841
1.00883
0
0.00678462
0.0025921
0.00154884
0.00253845
0.00135934
0.00125179
0.00120912
0.00395996
0.00125179
0.268015
0.0515522
0.00125179
0.0014583
0.00134106
0.00561644
0.00910153
0.00125179
0.00134106
0.010058
0.00155354
0.0163466
0.00127454
0.00151882
0.0226686
0.00817007
0.0230429
0.00558243
0.00138928
0.00419757
0.00946141
0.0400271
0.00150791
0.00432794
0.00138755
0.00118771
0.00819632
0.0159294
0.0012688
0.0934394
0
0.00143788
0.0103819
0.156338
0.974217
0.00613316
0.00194172
0.00143122
0.0101618
0.00637992
0.00156454
0.0181093
0.00139764
0.0398386
0.00141924
0.00149749
0.0366208
0
0.00141284
0
0
0.00147082
0
0.00580388
0.0527541
0.870407
0
0.00392783
0.00956924
0.0184917
0.00924778
0.00174352
0.00143788
0.00289618
0.104661
0.00401404
0.00138022
0.00289618
0.00543034
0.00139573
0.0990749
0.00942301
0.130582
0.00276276
0.0184014
0.0012585
0.00129895
0.04042
0.999866
0.0856784
0.991087
1.02019
0.0447793
0.0439952
0.024664
0.99826
0.33198
1
0.997644
0.00152502
0.00151821
0.00649763
0.00193947
0.773553
1
1
0.036705
0.0131222
0.00393061
0
0.00146263
0.00918336
0.00131616
0.0050911
0
0.00149789
0.00299128
0.0994862
0.0035415
0.219549
0.999645
0.132965
0.162041
0.00143982
0.00435224
0.0113388
0.00151917
0.0331592
0.0330251
0.00135968
1
0.0014598
0.048361
0.0197561
0.00787382
0.0331252
0.00135117
0.008406
0.00363704
0.00157476
0.00270929
0.00126175
0.00136621
0.0313957
0.0027118
0
0.00130523
0.00157476
0.031778
0.00275851
0.00674789
0.0110461
0.0910896
0.0263773
0.389134
0.00275851
0.831389
0.804796
0.659907
0.00253387
0.00296324
0.00143627
0.00275068
0.00136031
0.0163821
0
0.0163764
0.0029458
0.127792
0.989381
0.995672
0.00144788
0.00842404
0.001935
0.00446036
0.00156641
0.005388
0.00198605
0.00136495
0.00463421
0.00435396
0.00138996
0.00271375
0.173596
0.00144788
0.0139478
0.368204
0.00145933
0.0101849
0.00174536
0.0302356
0.00120455
0.00290991
0.00254233
0.00329281
0.00406941
0.00136172
0.00459753
0.571123
0.027175
1.00174
0.0013057
0.00128083
0.815128
1.00442
1.00292
0.0154541
0.00598036
0.00145121
0
0.00145121
0.0026024
0
0.00356739
0
0.0480924
0.00261465
0.0129457
0.00266791
0.00139783
0.999705
0.13582
0.0111035
0.00228068
0.00269602
0.00146551
0.0015099
0.0190052
0.00144487
0
0.00135763
0.152812
0.00146846
0.00401173
0.00276071
0.00431653
0.00476251
0.00135763
0.00203644
0.0112538
0.00536363
0.48224
0.00190954
0.852308
0.00278638
0.0342023
0.997859
0.00236132
0.00737558
0.00406659
0.00123107
0.00149592
0
0.00123107
0.00687703
0.0209658
0.00145482
0.00253969
0.00304617
0.00145121
0.00272778
0.0013996
0.00289103
0.0139947
0.00229138
0.00145121
0.445218
0.0141498
0.00142875
0.00125663
0.0265585
0.00211503
0.00448158
0.00134447
0.00948978
0.00151379
0.00147246
0.0766419
0.00134447
0.0110825
0.0626329
0.00852692
0.0148519
0.00132141
0.0013354
0.00854016
0.0242494
0.00426679
0.00467772
0.00438968
0.130086
0.00854016
0
0.0716044
0.00301392
0.00855782
0.00849619
0
0.00306999
0.0037047
0.0019025
0
0
0
0.00264346
0.0133718
0
0.00264361
0.00530615
0.00971439
0.125826
1
0.00128083
0.0153322
0
0.0156193
0.0172547
0.00128406
0.0057075
0
0.00998013
0.00163103
0.00125699
0.00429698
0.00131072
0
0.0074117
0.00149882
0.00226863
0.556496
0.00134672
0.0160841
0.00291453
0.00182975
0.00201889
0.016366
0.00133175
0.044856
0.00148356
0.00133175
0.00181602
0.00152819
0.0827412
0.00133175
0.00146571
0.00143982
0.217756
0.00558534
0.00697708
0.00704141
0.001424
0.00365308
0.00143759
0.0107633
0.0399218
0.00383146
0.00383254
0.963555
0.0246517
0.00295743
0.00269274
0.022726
0.249916
0.128039
0.007924
0.00135369
0.00570546
0.0139056
0.168389
0.00860847
0.53607
0.116454
0.00452641
0.001415
0.00131323
0.0538012
0.00146303
0.00141014
0.0012646
0.00144525
0.0394911
0.00288369
0.306313
0.0263448
1
0.487018
0.00382247
0.00391446
1.00999
0.994529
0.00269588
0.175313
0
0.0165647
0.0201076
0
0.00130257
0.077233
0.0570002
0
0.0043568
0.00145046
0.00414605
0.045205
0.0123734
0.172016
0.0406498
0.560548
0.994204
0.00647646
0.00129255
0.99706
0.00143347
0.268783
0.00564043
0
0.00818211
0.00140157
0.00141723
0.0794046
0.00163365
0.00388416
0.00145407
0.117978
0.00436108
0.311251
0.0110186
1.00005
0.0028302
0.0012646
0.00271567
0.00263194
0.00133109
0.00378103
0.00387764
0.00391446
0.307033
0.00391446
0.0018465
0.0216903
0.00391446
0.0197682
0.00130609
0
0.0242928
0.0325026
0
0
0.00430611
0.0332465
0.00146383
0.00861196
0.00140157
0.00725032
0.00746254
0.100342
0.0102373
0
0
0.00204086
0.00146641
0.00137525
0.00146641
0.0035669
0.00131979
0.00131979
0.00131979
0.00329947
0.0418578
0.0022499
0.0015228
0.00131979
0.00138306
0.0015228
0.00219965
0.0044998
0.437553
1
0.271824
0.336116
0.558428
0.409409
0.513701
0.564797
0.162359
0.00572268
0.0264522
0.0194384
0.00571852
0.0708933
1.01944
0.00927948
0.641683
0.00176508
0.186476
0.858543
0
0.0743106
0.0033143
0.00144321
0
0.00138457
0.0153021
0
0.00142965
0.00265511
0.0783487
0
0
0.00147594
0.0637657
0.0833041
0.0362237
0
0.999007
0.227251
0
0
0
0.0564849
1.01844
0.98305
0.00139864
0.0112199
0.0104005
0
0.00464187
0.00520477
0.00293271
0.0366325
0.00146764
0.00302982
0.0688632
0.0243631
0.0144771
0.14903
0.00572255
0.00427556
0.373536
0.433245
0.00154837
0.00133599
0.00133599
0.397092
0.995134
0.00153271
0.00618586
0.0750046
0.00136616
0.0802052
0.00310416
0.223519
1.02051
0.00141545
0.00154153
0
0.00133599
0.00667996
0.0112567
0.00133599
0.00166999
0.293434
0
0
0.0134906
0
0
0.0385685
0.0216269
0.0377319
0.0105607
0.0203767
0.0308956
0.0126148
0.0388066
0.0874953
0.0161011
0.00286966
0.0270322
0.00189264
0.0390737
0
0.00445919
0.00289712
0
0.0173827
0.00733721
0.001501
0.0140727
1
0.0236815
0.0566498
0.0200512
0.0945672
0.0663164
0.0571416
1
0.184803
0.370372
0.140541
0.153008
0.106907
0.0630302
0.251437
0.00133665
0.00133665
0.00165025
0.00133665
0.00133665
0.0105519
0.00139981
0.0285037
0.00161094
0
0.00295236
0.004006
0.14791
0.243602
1
0.00169251
0.0080199
0.00292249
0.0152098
0.00132236
0.0039877
0.00803641
0.159567
0.00223956
0.00160728
0.00255784
0.00152905
0.00711024
0.365324
0.020091
0.996008
0.00400303
0.00127438
0.495214
0.00922275
0.00259948
0.00152224
0.00399716
0
0.0341957
0.0013394
0
0.00534936
0.0737504
1
0.0868851
0.00564469
0.00577452
0.00149178
0.0120022
0.0210074
0.00969658
0.155687
0.0255713
0.00910946
0.621356
0.108198
0.882211
0.0323592
0.0026906
0.0027127
0.00416377
0.0026906
0.00261013
0.00146942
0.00393898
0.00283419
0.0105826
0.0177248
0.00846925
0.0039447
0.0042592
0.00423596
0.0103406
0.0988322
0.0129879
0.0748398
0.800076
0.954545
0.821983
0.00737
0.363138
0.00148404
0.0203016
0.00184488
0.00147235
0.00424391
0.0897526
0.024704
1
0.984159
1
0.241237
0.0166789
0.00142075
0.00147317
0.00177144
0.00604922
0.0014912
0.00129288
0.00146642
0.00397117
0.00126981
0.00149531
0.00443565
0.0183826
0.00124798
0.0014526
0.00148995
0.00403147
0.00144954
0.00591665
0.00271463
0.0233498
0.00195626
0.0014998
0.131969
0.00263529
0.00122992
0.00131188
0.00242286
0.00130028
1.05008
0
0.00534875
0.0033541
0.0014998
0.0171511
0.00145963
0.00122992
0.00411064
0.0174467
0.00279346
0.00255386
0.0167513
0.00127657
0.00279268
0.024571
0.00119874
0.00122992
0.778989
0.00549576
0.00126985
0.0164873
0.00270309
0.010802
0.0176631
0.00304446
0.0153814
0.00426995
0.0241394
0.00233398
0.0014624
0.0016924
0.00124798
0.00263603
0.0490039
0.00523972
0.00133975
0.00263603
0.00494256
0.00138747
0.0629436
0.19761
0.00491122
0.00222523
0.00533481
0.00419994
0.00333784
0.00130525
0.00387477
0.00128797
0.00970082
0.0115076
0.0878342
0.00129538
0.00127083
0.00406247
0.00165784
0.00159863
0.0117378
0.00129047
0.011918
1
0.00307485
0.00537802
0.00408221
0.00134366
0.160171
0.00192007
0.00203462
0.00291052
0.00712066
0.609577
0.995923
0.00130253
0.00146847
0.00727028
1
0.00234675
0.0723561
0.00174871
0.19085
1
0.108553
0.00153689
0.0432857
0.196369
1
0.00547763
0.0655644
0.00277305
0.00405263
0.0112674
0.0129674
0.00518813
0.00130333
0.0206434
0.00188659
0.178428
0.671374
0.0436364
1
0.0185156
0.00152672
0.00155156
0.189773
0.133194
0.200554
0
0
0
0
0.00124861
0.00125824
0
0.00124861
0.00124861
0.0108211
0.232462
0.0162423
0.0188637
0.00188863
0.0203911
0.00428218
0.133889
0
0.0134397
0.0257216
0
0.00127144
0.0149276
0.152415
0
0.342069
0.981307
0.814157
0.215556
0.00133864
0
0
0.00129366
0
0
0.0136887
0.00132548
0.00127496
0.00410115
0.0514046
0.00180516
0.994042
0
0
0.0052006
0.00136858
0.0012685
0.00124861
0
0.00692498
0.00614645
0.00446513
0.00244411
0.0014515
0.00756502
0.00150507
0.00752939
0.0240526
0
0.00256226
0
0.0159747
0.00138109
0
0.0223847
0
0.0113295
0
0.00281732
0.0015307
0
0.00157189
0.0013038
0.0217778
0.0236921
0.00539991
0
0.0732026
0.00126252
0.00187704
1
0.0055508
0.0173774
0.0381823
0
0.00444439
0
0.00432076
0.00148146
0.00148146
0.00282855
0.0433444
0.68062
0.00275627
0.00187417
0.0013835
0.00215279
0.0028208
0.00518813
0.00148103
0.00723744
0
0.00473854
0.00148146
0.0208964
0.00201043
0.00148146
0
0
0.0657464
0.00415237
0.00729481
0.00978276
0.00559015
0.0287549
0.00134439
0.00121429
0.0360492
0.00127835
0.00126361
0.00140401
0.00680912
1.03144
0.00535371
0.00516436
0.0040605
0.0366545
1.31184
0.0201753
0.00650994
0.0132012
0.32404
0.00330947
0.00167833
0.00564863
0.00580663
0.00706079
0.00592486
0.0038956
0.00272158
0.00332062
0.00278665
0.00270718
0.00743465
0.0013278
0.00177367
0.00136413
0.00156276
0.18093
0.00291942
0.00960405
0.007651
0.180318
0.0457512
0.0847241
0.0271677
0.107649
0.709828
0.00570481
0
0.00654889
0.0290644
0.00521305
0.167673
0
0.00139015
0.00496988
0.00139015
0.539167
1
0.00238407
0.00139015
0.00272465
1
1
0.00675397
0.010131
0.137782
0.00375595
0.00446238
0.00376512
0.0208484
0.0014463
0.979937
0.444113
0.081383
0
0
0
0
0.0236243
0.0601376
0.035959
0.0296178
1.01445
0.163282
0.978975
0.00420118
0.00529384
0.154843
0.0388404
0.0016713
0.021955
0.033433
0.0141193
0.046392
0.424404
0.00199425
0.00473634
0.00812987
0.0221724
0.00140763
0.00433832
0.00413682
0.00536854
0.00147939
0.0145335
0.0273495
0.134941
0.880786
0.00901563
0.0935732
0.328207
1.00797
0.468488
1
0.15971
1
0.207012
1
1
1
0.687552
0.42669
0.770472
0.97893
0.840223
0.655931
0.995274
0.00916763
0.986535
1.02529
0.13391
0.045003
0.0158914
0.0175433
0.0139754
0.296465
0.0026796
0.0132172
0.0012673
0.00133026
0.00123608
0.00129931
0.0118859
0.0124991
0.23946
0.00414302
0.320739
0.869652
0.325919
0.555107
0.00262806
0.00433619
0.202147
0.383273
0.0112816
0.0145065
0
0
0
0.208076
0.556335
0.380556
0.0339713
0.00149561
0.00155273
0.00797526
0.0441424
0.0273547
0.811149
0
0.00407515
1
1.0343
0
0
0
0
0
0
0.365984
0.00389797
0.819037
0
0.0797305
0.00149561
0.00145171
0.0026464
0.00692596
0.00417747
0.0396605
0.00195327
0.00454425
0.00137532
0.00279633
0.00140867
0.135274
0.00151475
0.750844
0.981326
0.374972
0.32526
0.607085
0.363986
0.347136
0.038384
0.00796604
0.00566359
0.00604182
1.05575
0.252925
0.00485972
0.0044925
0.00424218
0.0301393
0.0637299
0.00638664
0.0059992
0.00140847
0.0394015
0.424161
0.623329
0.00146139
0.0495842
1
0.683878
0.235839
0
0.0243546
0
0.069869
0.382798
0.993213
0.00760036
0.00135367
0.031674
0.00137355
0.129442
1.01546
0.208482
0.0280751
0.642348
0.0724523
0.975616
1
1
0.590104
0.824595
1
1
0.998693
0.200624
0.344912
0.186011
0.619557
1.0137
0.119931
0.336177
0.257645
0.0701933
0.00690952
0.957324
0.00349431
0.21488
0.00588213
0.0155849
0.0127078
0.119522
0.0055667
0.119353
0.00191727
0.00443169
0.0103743
0.462346
0.00721469
0.00911602
0.0135624
0.787398
0.00825072
0
0.00285354
0
0
0
0.0024355
0.010909
0.00148336
0.00298659
0
0.00147059
0.00300598
0.00202079
0.00153068
0.00371628
0.00556222
0
0
0.0167584
0.00606695
0.197895
0.289291
0.00154701
0
0
0.0015256
0.00812414
0.017416
0.053913
1.02255
0.537632
0
0
0
0
0
0.00740394
0.0169392
0.00185239
0.956249
0.98511
0.0049442
1.0018
0.00487391
0.00153235
0
0.00374516
0.00408784
0.764924
0.522327
1
0
0.00177991
0.0665081
0
0.00151801
0.00372685
0.00423323
0.00531095
0.00426198
0.0197481
0.00190815
0.111546
1
0.00136747
0.00802519
0.0013514
0.00299183
0.0215702
0.00432603
0.116867
0.00734425
0.00155197
0.00279024
0.335406
0.00384699
0.996672
0.820837
0.0151658
0.0591394
0.504805
0.123784
1
1
1
0.510106
0.661608
0.783157
0.264401
0.123544
0.215776
0.0203905
0.00568133
0.00151022
0.00144277
0.32539
0.0049497
0.00257521
0.0012841
0.00475783
0.00273437
0.00720857
0.00318223
0.00267813
0.0163733
0.0213227
0.0217982
0.015113
0.160159
0.0249967
0.616358
0.0966151
1
0.561763
0.57622
0.0017393
0.0165948
0.00271064
0.0163408
0.0013964
0.0039062
0.0027404
0.00134996
0.0508794
0.658918
1
0.00159443
0.00663304
0.0300703
0.00546661
0.00306814
0.00129646
0.00546661
0.00129646
0.128355
1.00781
0.206911
0.00140429
1.00533
0.646782
0.00139244
0.0130735
0.00331013
0.00427061
0.00190126
0.019325
0.0307608
0.0374054
0.00413366
0.00593702
0.308204
0.00666444
0.00130632
0.00426917
0.0124
0.0377102
0.00705277
0.00292848
0.00190738
0.297794
0.0106116
0.00568223
0.007097
0.331553
0.0078237
0.00128781
0.0088456
0.00553507
0.00562489
0.182765
0.00940532
0.0139162
0.00405148
0.114411
0.453658
0.0020209
0.00644717
0.0102697
0.434026
0.14693
0.00407014
0.00286227
0.0131001
0.0945778
0.00941214
0.00968175
0.00597741
0.0473759
0.00550439
0.00280584
0.00221717
0.0672368
0.0124579
0.0276632
0.00170945
0.470997
0.0094757
0.00219584
0.640316
0.00286048
0.051309
0.00144635
0.0014534
0.359834
0.00145206
0.0030091
0.00206115
1
0.0133351
0.00148528
0.579947
0.27409
0.00423186
0.0103896
0.00366921
0.010572
0.333581
1
0.00255319
0.00329112
0.00137844
0.00217718
0.00989605
0.00262203
0.0108655
0.00139527
0.0295366
0.0664133
0.0185091
0.0608803
0.00129261
0.00188029
0.0187041
0.00137888
0.00133955
0.00822131
0.203078
0.00196983
0.00137888
0.00198972
1
0.00459626
0.68386
0.982296
0.562822
0.0288655
0.984171
0.73076
1
0.147809
0.0158207
0.00713842
0.00409659
0.0142927
0.00708315
0.00930386
0.998011
1
0.261685
0.213904
0.0444937
0.108637
0.977587
0.320542
0.143439
0.210249
0.00683889
0.00715944
0.115787
0.0024166
0.0104632
0.00142645
0.00465031
0.00570288
0.00246486
0.00160972
0.00254636
0.00144294
0.00314125
0.421228
0.00166493
0.0207215
0.00144294
0.00139361
0.0291807
0.010822
0.917233
1
0.196482
0.501393
0.0972478
0.0531651
0.00148627
0.0166133
0.0132413
0.0533499
0.00131116
0.00132935
0.00274896
0.00148028
0.00138297
0.98021
1.00113
1.03095
0.30721
0.00546213
0.0012745
0
0.0573343
0.00134354
0
0.00444199
0
0
0.282354
0.00128496
0.00439545
0.0546717
0.00704906
1
1
0.313614
0.00132016
0
0.00145564
0.00528076
0.0170589
0.0013326
0.00124302
0.0013326
0.00194098
0.00970056
0.00135445
0.0012745
0
0.0489388
0
0
0.0311923
0.989151
0.988949
0.243573
0
0
0
0
0.0013326
0.00446426
0.00148809
0
0.00289523
0
0
0.00145625
0.00622109
0.00415009
0.0400885
0
0
0
0
0.00764698
0.00145185
0.00138671
0
0
0.0012745
0
0.00140981
0.0105573
0
0.0013125
0.00140981
0
0.00145485
0.00140981
0.00283666
0.0529713
0.0942323
0.00148851
0.00156077
0
0.00140981
0
0
0
0
0
0.00126218
0
0.0012745
0.00444294
0.00247035
0
0.00221357
0.00135382
0
0.0280663
0.00494594
0.613574
0.0831062
0.00147835
0.00148809
1
0.00757097
0.0012745
0
0.00130949
0.00188417
0
0.00395675
0.00136948
0.00150282
0
0.00852072
0
1
0.291931
0.00180129
0.0015084
1
0.0013326
0.0237944
0.00247457
0
0.00546213
0.00551495
0
0
0.00138297
0.00746496
0.0249233
0
0.00151319
0.00148534
0.00436416
0.00845758
0.00371185
0.999346
0.914674
0.00184325
0
0
0.00548892
0
0.0298364
0.00245767
0.00201789
0.00137336
0.0479674
0.0490613
0
0.0110516
0.0833194
1.00397
0.00163745
0
0.0027541
0
0.00148809
0.0253724
0.00202921
0.0153619
0.682674
0.00267007
0.00140981
0.0817642
0.999257
0.00602844
0
0.0056366
0.029423
0.0018286
0.00281462
0.0530758
1
0.140523
0.0013688
0.00142511
0.00746341
0.302196
0.305764
1
0.0237138
1
0.139268
1
0.039232
0.307499
0.0162695
0.0666202
0.00714835
0.0189771
0.00706373
0.0707144
0.966723
0.845675
0.30016
0.220062
0.664898
0.0216287
0.0581085
0.528365
0.136288
0.999348
0.993358
0.261772
0.134308
0.0245025
0.119755
0.944218
0.506345
1
1
0.716872
0.259189
0.121928
0.0876643
0.21277
0.746995
1
0.488146
0.434937
0.0276161
0.0807605
0.0868384
0.00151291
0.0871017
0.00306328
0.99935
0.596082
0.702098
0
0
0
0.00968836
0
0.00140094
0.0237858
0.00417579
0.0160504
0.00275943
0.00134992
0.00174662
0.0042085
0.00191369
0.00420415
0.00154193
0.019765
0.00544719
0.0462457
0
0.00408991
0.0242651
0.997951
1
0.503046
0.0067895
0.00120071
0.00128085
0.0202014
0.00137128
0.00417992
0.0711524
0.145763
1.05371
0.00144854
0.00895784
0.021106
1.05131
0.00128085
0.00676644
0.522099
0.00140518
0
0.00491466
0.999861
0.00135409
0.00131527
0.0245327
0.00548937
1
0.0653466
0
0.00211513
0.147073
0.0048032
0.00130323
0.00979639
0.0635932
0.00137788
0
0.00446528
0
0
0.374924
0.993904
0.00403088
0.00293316
0.00142681
0.00365238
0.0790255
0.562389
0.0101353
0.110573
1.00278
0.00252967
0.0440394
0.00130978
0.0757272
0.600009
1
0.00131402
0.00149869
0.274118
0.00571188
0.00288674
0.00440427
1
0.0013649
0.98078
1.04915
0.0102297
0.0561477
0.00160737
0.00792533
0.00133689
0.390347
0.00985599
0.00555394
0.00857546
0.153763
0.00322742
0.00745125
0.0028173
0.00771739
0.0194245
0.00143405
0.0650949
0.0223924
0.34369
0.43936
0.00167736
0.102628
0.00763473
0.011675
0.00145102
0.0942106
0.00902663
0.00524174
0.0265153
0.675994
0.0332072
0.0579289
0.844226
0.856543
0.00136753
0.00136576
0.0399335
0.100902
0.00977935
0.00226587
1.00256
0.0414603
0.0189493
1
0.208146
0.060744
1
0.0300588
0.406563
0.502292
1
0.0197352
1
1
0.0210644
0.264758
0.305662
0.119142
0.108774
0.250506
0.183109
0.835242
0.609447
1.00825
0.37628
0.00407744
1
1
0.03443
0.402384
0.533613
0.0051119
0.00681612
0.00206595
0.00135232
0.0325432
0.0165192
0.00952974
0.00309386
0.610425
0.0246922
0.0677006
0.00814387
0.00548062
0.00244376
0.00127082
0.00133583
0.0149359
0.0109667
0.0259129
0.0102659
0.00577081
0.00763392
0.00674644
1
0.0021073
0.130289
0.062398
0.232514
0.338859
0.080393
0.226936
1
0.00141606
0.00370309
0.00153353
0.0753547
0.00152099
0.202451
0.00815075
0.00193557
1.00128
0.998098
0.522933
0.00496714
0.00750031
0.00212878
1
0.985743
0.0112217
0.00203201
1.00342
0.00558804
0.0291166
0.00178073
0.236765
0.690205
0.993343
0.0384694
1
0.999677
0
0
0
0.10504
0.264121
0.100772
0.287983
0.201975
0.0715478
0.378327
1.07369
0.203801
0.24089
0.394722
0.343425
0.178456
0.191709
0.138796
0.138741
0.0211328
0.00977985
0.0455092
0.505738
0.144342
0.168708
0.0076497
0.102054
0.0801665
0.0292438
0.00565192
0.00696557
0.985945
0.102649
0.324493
0.107729
0.427365
0.915509
0.0191778
0.0126715
0.0331252
0.812474
0.483322
0.0405693
0.0127275
0.0364378
1
0.0950986
0.0267267
0.0323234
0.0183166
0.042269
0.948776
0.319844
0.429109
0.0172803
0.00276644
0.0191751
0.109899
1
0.05371
0.014143
0.0228824
0.0152549
0.0457648
1.00555
0.0820414
0.012523
0.0159499
0.0762747
1.03486
0.0356941
0.0111207
0.0158826
0.0575384
0.102329
0.045946
0.0200133
0.0153847
0.0160177
0.0418461
0.00552763
0.0113784
0.00541457
0.00143173
0.0170675
0.0391456
0.00529667
0.00711385
0.00731466
0.0575819
0.00262493
0.00264946
0.00271798
0.00715891
0.0924763
0.00123626
0.00124256
0.00127101
0.0040172
0.0324203
0.156367
0.122093
0.00261166
0.00392331
0.00266194
0.00263307
0.00134613
0.0129199
0.109958
0.305105
0.119033
0.166014
0.995432
0.00463775
0.001389
1.00598
0.00131675
0.0305969
0.0364725
0.0029161
0.029178
0.00293035
0.029178
0.00293117
0.0254706
0.0262468
0.0258029
0.0262468
0.029178
0.0304758
0.0262468
0.206744
0.0276542
0.0265227
0.0276464
0.0276386
0.0287211
0.0276464
0.0276464
0.0276464
0.028946
0.0331757
0.027969
0.0276464
0.0318997
0.0276464
0.0273036
0.0286499
0.234618
0.0288936
0.0256739
0.0281976
0.028946
0.0262989
0.0084305
0.0331757
0.0120223
0.0107233
0.0107203
0.00132366
0.0107233
0.0107233
0.00136616
0.0770617
0.00811227
0.0112136
0.0134041
0.00125722
0.00124521
0.00124486
0.00124521
0.00124521
0.010344
0.00130017
0.00149425
0.00131915
0.00228254
0.0012938
0.00298486
0.0075719
0.0013481
0.00133804
0.0179952
0.071408
0.058232
0.0499891
0.112776
0.283945
0.0821
0.512853
0.415068
0.227325
0.614132
0
0.0669672
0.191892
0.585146
0.987043
0
0.998214
0.984623
0.101472
0.2478
0.144467
0.035807
0
0.0017205
0.00368448
0.00457802
0.135849
0.0891712
1
0.948752
0.179358
0.00837516
0.00147827
0.359995
0.00807607
0
0.0900319
0.00310506
0.0014911
0
0.118895
0.00137967
0.0888638
0.93746
0.658492
1
0.0487083
0.0250774
0.00149933
1
0.711686
0.00149933
0.00149933
0.00153213
0.00441035
0.0108743
0.00449439
0.157653
0.00140854
0
0.0149567
0
0.00152533
0.0116192
0.790783
0.00629074
0.77315
0.32302
0.994177
0.737618
0.745348
0.00149933
0.00279387
0.0212079
0.491772
0.453737
0.00563757
0.00282615
0.00282454
0.0355649
0.0653093
0.00130322
0.00552429
0.00132701
0.00285717
0.147602
0.676461
0.135194
0.979914
1
1
1.00229
0.00149933
0.00156597
0
0.00274286
0.0993109
0.112073
0
0.00188722
0.00274286
0.00413427
0.00398308
0.00565003
0.405855
0.0199154
0.00195565
0.00559311
0.0344344
1.01291
0.492853
0.644062
0.0169346
0.00141966
0.0113025
0.0759126
0.00406654
0.0488795
0.0674166
0.517617
1.0007
0.0043497
0.00411594
0.00445245
0.00150173
0.00311376
1
0.24944
0.00182226
0.0105639
0.0126808
0.0108687
0.0226619
0.00803875
0
0.0013764
0.00142064
1
0.215372
0.118637
0.0249524
0.0120967
0.312866
0.0752188
1
0.00352081
0.9952
1
0.102235
0.916313
0.0212766
0.240045
0.0467882
0.00147261
0.228675
1.01615
1
0.430169
1
0.0278633
0.261659
0.199884
0.0114495
0.0289821
0.00136819
0.0114412
0.130436
0.00175808
1
0.608388
0.420802
1
0.431962
0.0200961
0.116635
1
0.918794
0.0848164
0.0249051
0.00128364
0.0398833
0.0850736
0.419397
0.515933
0.785739
0.488578
0.106098
0.0034293
0.00799628
0.865116
1.0035
0.01002
0.0500308
0.0230396
0.00552539
0.00141774
0.00921219
0.0100881
0.144153
0.00189087
0.0699603
0.363495
1
0.440823
1
0.436331
0.011512
0.122632
0.200053
0.351949
0.0015179
0.00409111
0.825724
0.0336975
0.800538
0.00743336
0.0720663
0.00148567
0.0145662
0.229132
0.0114291
0.00150684
0.0420094
1
0.307469
0.0212103
1
0.303339
0.00405196
0.239208
0.00557086
0.00413581
0.0325504
0.0204072
0.0013239
0.0485204
0.00552539
1
1
0.0195105
0.0928397
0.513907
0.051592
0.0643983
0.0080976
0.00838047
0.328163
0.527693
0.725114
0.763461
0.199761
0.806912
1
0.0297652
1
0.232368
1
0.396465
0.648098
0.510242
0.0646528
1
0.0590487
0.169545
0.980231
0.00772228
0.00968145
0.125341
0.12958
0.225968
1
1
0.376735
1
1
0.61098
0.899775
1
0.117283
0.538291
0.912989
0.947291
1
1
0.0613903
0.312793
1
1
0.211075
0.812021
0.849624
0.0172484
1
0.190933
0.0119803
0.0416671
0.015449
0.0767607
0.542774
0.0162379
0.0606836
0.00952714
0.00663926
0.00577666
0.0692064
0.670923
0.00151837
0.0292226
0.575633
0.400352
0.00152075
0.00262675
0
0.00446387
0.00137387
0.0663899
0.0640028
0.0122146
0.582377
0.00512022
0.00520288
0
0.0383407
1
0.0349721
0.0213433
0.0100303
0.00152232
0.00155183
0.00569959
0.0364898
0.00579581
0.0207348
1
0.0973784
0.245145
0.0919774
0.055788
0.0156265
0.0157129
0.0704657
0.0758021
0.0438373
0.0676131
0.998152
0.826649
0.368068
0.691733
0.0496628
0.993268
0.00144801
0.313728
0.00145848
1
0.437145
0.285739
0.880526
0.0599535
0.151027
1
0.407694
1
0.981733
0.0164297
0.016839
0.00426973
0
0.0970993
0.730059
0.0116889
0.0028147
0.0704283
0.005345
1.00304
0.642942
0.250755
0.806164
0.00153351
0.81983
0.00480108
0.975776
0.01749
0.00705032
0.227835
0.00856824
1
0.0659191
0.0149523
0.0301435
0.00745518
0.0341457
0.0123768
0.00428289
0.0336288
0.0187777
0.0012926
0.00901196
0.00155699
0.00154716
0.00261352
0.010999
0.00153522
0.0236991
0.432504
0.0666471
0.0691805
0.0107226
0.00145208
0.0646042
0.00432248
0.00429607
0.0703698
1
0.990835
0.372881
0
0.00417878
0.00549904
0.00149739
0.00149305
0.00131014
0.00276436
0.00149739
0
0.132647
0.00414523
0.0129783
0.00136171
0.00565493
0
0
0
0.00208448
0.00409635
0
0.00360046
0.00156425
0.0013622
0.00413414
0.00137489
0.149928
0.00567823
0.0013622
0.795053
0.999479
0
0.00133203
0.00148099
0.00145514
0.0766274
0.0195527
0.00374348
0.0130515
0.00146257
0.0230828
0.00195312
0.00153031
0
0.0132017
0.00146898
0.0190931
0
0.00130479
0.0042713
1.02007
0.0014595
0.00130479
0.387574
0.0099369
0.00415919
0.00271887
0.0304681
0.0798381
0.00205122
0.00641739
0.00141907
0.00540751
0.00176355
0.00150711
0.00258309
0.0012783
0.0012783
0.460809
0.00144407
0
0.00458837
0.00203809
0.00283272
0.0015598
0.00146686
0.00565787
0.0931142
0
0.00258309
0
1
0.00157177
0.00148234
0
0.00150333
0
0.00208256
0.00413593
0.00294917
0.00135966
0.00131622
0.00574784
0.00283701
0.621985
0.679738
0.00705375
0.00132017
0
0.00132017
0.00132017
0
0.00132017
0.00132017
0.00634208
0
0.457743
0.98802
0.00301065
0.0196612
0.00533798
0.0181116
0.0228045
0.0094756
0.00132705
0.00545368
0.00414614
0.00277057
0.0419912
0.00165981
0.892512
0.0499275
0.00151685
0.0311934
0.00151007
0.00127252
0.00142135
0.199128
0.00127252
0.00159066
0.0467603
0.500822
1
0.00127252
1
0.162613
0.27111
0.0797861
0.048026
0.0245624
0.00473411
0.0022538
0.00688598
0.0782324
0.00960706
0.116564
0.00946822
0.00441378
0.0289926
0.24096
0.00344299
0.386755
0.338217
0.00379292
0.238276
0.273775
0.0084036
0.050102
0.146518
0.0717221
0.0127737
1
0.00128432
0.0719395
0.00136926
0.00140375
0.00128821
0.486251
0.687368
0.835542
0.426159
0.00368414
0.0418689
0.501029
0.00559924
0.00407421
0.0136788
0.120303
0.0318005
0.704805
0.278404
1
1
0.0194207
0.232276
0.00865272
0.0403303
0.0930561
0.0038948
1
0.257005
0.00207791
0.0212947
0.00286126
0.00497978
0.0856401
0.00287756
0.00351494
1
0.986361
0.269483
0.0874294
0.369133
0.528136
0.490488
0.165868
0.434667
0.0231211
0.0056815
0.00153304
0.0854515
0.0171216
0.00412
0.0101116
0.334586
0.00625741
0.00254139
0.00131017
0.0075216
0.00150052
0.00619149
0.0124295
0.00797516
0.971405
0.22482
0.0109192
0.0421911
0.0162461
0.0230853
0.0217907
0.0828071
0.437056
0.0136432
0.044957
0.036951
0.0063789
0.00560092
0.0751004
0.247657
0.00922923
0.00987929
0.00632429
0.0841229
0.210421
0.0138798
0.0100619
0.00346417
0.099968
0.0139491
0.0103693
0.00542312
0.113795
0.0104081
0.0219071
0.0153898
0.258174
0.00206754
0.00284407
0.0102628
0.227326
0.00333914
0.00720171
0.00324091
0.028175
0.00915214
0.00366052
0.00586934
0.27961
0.0043815
0.00776454
0.00624937
0.00554563
0.0935819
0.0124368
0.00887263
0.700791
0.0309725
0.00545574
0.0783782
0.00551855
0.013999
0.165939
0.0615676
0.00439992
0.00264861
0.0472311
0.00849141
0.49656
0.169352
0.0872243
0.0358435
0.0112231
0.0466219
0.0218237
0.861824
0.973914
0.0112799
0.00827483
0.00571031
0.0277979
0.0104832
0.00535721
0.00589762
0.165615
0.025624
0.017083
0.00755089
0.400631
0.0164395
0.0170628
0.00738453
0.161233
0.0173507
0.0171349
0.00194496
0.0543041
0.00820923
0.0154215
0.0033579
0.0503474
0.00806072
0.0126605
0.0605715
0.00547017
0.00712344
0.112429
0.00788201
0.0221883
0.48421
0.00634585
0.0346887
0.454936
0.349324
0.135976
1.01109
1.04614
0.195528
0.087962
0.0677079
0.0657521
0.0150923
