0.00367145
0.00423287
0.00483612
0.0321994
0.00639084
0.0041402
0.0407336
0.033688
0.00483612
0.0283623
0.0407678
0.0161909
0.0448874
0.0805074
0.00483612
0.0382857
0.0107467
0.0679248
0.00784703
0.0644898
0.0531548
0.00483612
0.0382857
0.0107467
0.0810865
0.0766364
0.0407801
0.00483612
0.0382857
0.0107467
0.0810865
0.0766364
0.0443394
0.00483612
0.0382857
0.0107467
0.0886141
0.0806188
0.0401211
0.00483612
0.030635
0.00700611
0.0955357
0.0887735
0.398511
0.00483612
0.0311246
0.00700611
0.102448
0.0847242
0.398511
0.0154544
0.0202215
0.00787133
0.00551289
0.377931
0.370193
0.271775
0.0232548
0.0074267
0.0506191
0.00392107
0.0038384
0.00812054
0.0227489
0.166959
0.0074267
0.0469417
0.00392107
0.0038384
0.151576
0.0241303
0.0379347
0.174304
0
0.0074267
0.0469417
0.00392107
0.0038384
0.123998
0.0241303
0.0041457
0.0454336
0.00599457
0.155
0.0074267
0.0359032
0.00392107
0.0038384
0.124054
0
0.0194317
0.00685893
0.0648309
0.142531
0.00859084
0.0112051
0.0277424
0.00701558
0.150521
0.00508975
0.0116137
0
0.0140058
0.0534354
0.00634275
0.134056
0.00744487
0.0402313
0.114684
0.0439275
0.00826126
0.0116137
0.00639147
0.0227987
0.011687
0.00744487
0.0402313
0.228196
0.0037291
0.0298877
0.0618889
0.0074877
0.0136344
0.133068
0.147883
0.0128337
0.0238322
0.0459399
0.236815
0.126831
0.0560148
0.00650847
0.254718
0.113841
0.0560148
0.00650847
0.265765
0.0999821
0.0599318
0.277551
0.0999821
0.0599318
0.277551
0.0926468
0.00642785
0.0599318
0.0269333
0.254012
0.0799976
0.0175121
0.0680401
0.0402515
0.75936
0.0531497
0.0410385
0.0716704
0.0469279
0.748175
0.0198488
0.0466933
0.0275259
0.668082
0.58077
0.106569
0.0208725
0.059816
0.0124019
0.090641
0.122807
0.0728906
0.0454662
0.0289054
0.0454662
0.0289054
0.0454662
0.0289054
0.0454662
0.0289054
0.00491721
0.0454662
0.0289054
0.0951417
0.0387875
0.0253429
0.407439
0.0317282
0.0100779
0.00428896
0.0293183
0.666763
0.0111187
0.010523
0.0303903
0.00392711
0.175298
0.00680649
0.00766785
0.249141
0.0523879
0.985056
0.0038237
0.0265575
0.0688838
0
0.161575
0.00680649
0.297913
0.087307
0
0.00506106
0.996193
0.0146472
0.00377169
0.0491035
0.0040089
0.166087
0.00680649
0.26056
0.123222
0
0.00506106
0.9992
0.00377169
0.0297873
0.00366977
0.00880065
0.00680649
0.0385386
0.0966139
0
0.00506106
0.714911
0.00363754
0.213754
0.0284313
0.0129971
0
0.0379273
0.060276
0.00506106
0.501132
0
0
0.00491887
0.0265885
0.00506106
0.228818
0.0320313
0.00445589
0.00519303
0.0284886
0.00445589
0.00519303
0.0642028
0.00445589
0.00519303
0.154655
0.00445589
0.0664311
0.467754
0.00445589
0.0664311
0.582974
0.00445589
0.0664311
0.582974
0.00445589
0.0664311
0.575274
0.00445589
0.0714744
0.00529868
0.472623
0.119872
0.00492026
0.407978
0.00888154
0.148784
0.368224
0.0456736
0.100386
0.306525
0.133023
0.061238
0.0240033
0.206573
0.161727
0
0.0379047
0.0695034
0.129252
0.0338884
0.00717659
0
0
0.277219
0.104534
0.0265737
0.00717659
0.00749088
0
0.0160075
0
0.331013
0.0141602
0.0797199
0.0239091
0.0146801
0.00704861
0.0506948
0.0305237
0.766717
0.217373
0.0323113
0.0508647
0.00704861
0.313642
0.299204
0.995798
0
0.0573558
0.182711
0.12114
0.0468587
0.0082226
0.014233
0.256486
0.265903
0.00357985
0.00332957
1.00417
0
0
0.00814437
0.0943843
0.134507
0.0434286
0.0274733
0.359577
0.197281
0.00357985
0
0.841327
0
0
0.051025
0.0214386
0
0.170675
0.14693
0.689357
0
0.00913205
0.0037879
0
0.00518952
0.111113
0.620634
0.00518952
0.0253736
0.202835
0.0380702
0.00332848
0.0103492
0.0230501
0
0.00446819
0.0240855
0.00528261
0.0354698
0.05162
0
0.00446819
0.00408475
0.0293634
0.00528261
0.00539656
0.0846693
0
0.00408475
0.0533778
0.0877553
0.00508452
0.00754228
0.00417681
0.00422239
0.0738592
0.00636207
0.107558
0.175261
0.175261
0.175261
0.178814
0.231541
0.332134
0.178482
0.117399
0.0208458
0.0041802
0.0157459
0.0450532
0.0343638
0.0157459
0.00457282
0.110301
0.00474254
0.0418806
0.0234033
0.0058459
0.375251
0.0199949
0.0108002
0.00474254
0.0190441
0.0109471
0.00350504
0.0272011
0.0354437
0.0058459
0.0105038
0.545796
0.0199949
0.0108002
0.00474254
0.00539599
0.0222625
0.0109471
0.00812698
0.0335048
0.0805777
0.0310154
0.0120784
0.0105038
0.370151
0.00827499
0.0630182
0.0108002
0.00474254
0.00539599
0.198617
0.0109471
0.0116924
0.0453248
0.175121
0.00827499
0.101516
0.00474254
0.00539599
0.198987
0.0109471
0.0076804
0.0507852
0.148258
0.00827499
0.111082
0.00474254
0.00539599
0.244912
0.0076804
0.116599
0.0102729
0.0120569
0.111082
0.00989455
0.0578198
0.00362817
0.0405505
0.00367623
0.00378196
0.111082
0.0205569
0.0139588
0.0154993
0.0734808
0.274223
0.274223
0.274223
0.274223
0.274443
0.00877244
0
0.471279
0.00877244
0
0.606002
0.00877244
0
0.284866
0
0.0844621
0.0109281
0.00400909
0.0318279
0.0102536
0.186091
0.0048759
0.0162175
0.0068183
0.00400909
0.122197
0.0102536
0.347541
0.0048759
0
0.00507627
0.00329332
0.0280339
0.17193
0.00581333
0.0137336
0.00400909
0.0290788
0.00603735
0.0488962
0.0102536
0.449245
0.00939005
0
0
0.00507627
0.00446831
0.0341064
0.00386287
0.210124
0.0077587
0.0137336
0.00400909
0.0198481
0.0825133
0.0102536
0.011135
0.863371
0.0139814
0
0.0132971
0.0147429
0.0341064
0.190801
0.0244614
0.00853002
0
0.0298943
0.0310083
0.0170114
0.527932
0.0048759
0.0132971
0.0341064
0.172836
0.0210916
0
0.0393368
0.0058764
0.230623
0.00449136
0.00952651
0.0132971
0.365285
0.00715447
0
0.133802
0.0058764
0.0432749
0.00435132
0.00486744
0.00952651
0.00667952
0.304411
0
0.00369668
0.00792296
0.0058764
0.0379291
0.00435132
0.00681287
0.0058764
0.0263063
0.00435132
0.0058764
0.0263063
0.00435132
0.0058764
0.431622
0.431622
0.431622
0.431622
0.0212601
0.2902
0.00784789
0.0111534
0.062899
0.00819799
0.0337624
0.169857
0.00385194
0.0121627
0.0308624
0.0428309
0.00534236
0.00402994
0.329249
0.0361857
0.0217293
0
0
0.114868
0
0
0.011385
0.0406098
0.00950238
0.066145
0.00562658
0.00715921
0.0121627
0.00776964
0.138573
0.135107
0.00557055
0.0120772
0.784884
0.0215786
0.0120856
0.0162847
0.00427508
0.00819995
0.130536
0.00830365
0.00368787
0.00817665
0.0242524
0
0.0775834
0.0250211
0.00389781
0.368716
0.118964
0.0113025
0.00391943
0.967056
0.0343663
0.00394779
0.0162847
0.00427508
0.00369458
0.103748
0.00902959
0.00368787
0.0139929
0.00384976
0.0241751
0.106027
0.00766742
0.0130038
0.00389781
0.573677
0.0692862
0.0222687
0.0076833
0.357289
0.0425113
0
0.0116458
0.0879729
0.0139929
0.00418632
0.00950478
0.0773181
0.00366751
0.55388
0.025322
0.26368
0.00576125
0.0470086
0
0.0102046
0.00573293
0.118477
0.00668512
0.0295824
0.385883
0.025322
0.203341
0.0470086
0.0830869
0.0191375
0.00503503
0.0470086
0.00503503
0.0470086
0.0231032
0.392149
0.392149
0.536615
0.7673
0.00931881
0
0.00400391
0.00987608
0.336294
0.00421122
0.0183852
0.00381567
0
0.00726272
0
0.11375
0.00971407
0.0116342
0.0774799
0.00551444
0.0211311
0.00456859
0.00523313
0.00465264
0.00548772
0.0382072
0.0270771
0.179134
0.0687638
0.00371453
0.0119781
0.00387248
0.0127655
0.024424
0.121995
0.0116342
0.374067
0.0158226
0.0056726
0.0203657
0.00367989
0.00966889
0.00523313
0.00995269
0.00548772
0.0252482
0.011944
0.00412459
0.32685
0.00438729
0.0626533
0.0165325
0.00813382
0.0224304
0.011765
0.0923978
0.140754
0.0125602
0.466069
0.0341705
0.0056726
0.0165731
0.00367989
0
0.0142055
0.00523313
0.00995269
0.00406186
0.00548772
0.0190398
0.0239265
0
0.00412459
0.298188
0.00438729
0.0624678
0.0165325
0.00800183
0.011153
0.011765
0.14156
0.100743
0.00893759
0.0125602
0.304321
0.028656
0.0115808
0.00438474
0.00367989
0
0.005385
0.0105912
0.0190398
0.0357798
0.00412459
0.218194
0.00438729
0.0588709
0.00424291
0.00409389
0.00746716
0
0.134499
0.0299085
0
0.164519
0.0115808
0.00438474
0.00367989
0
0.005385
0.0105912
0
0
0.0190398
0.0357798
0.00412459
0.218194
0.00438729
0.062686
0.00424291
0.00409389
0.00363477
0
0.114145
0.0395964
0
0.148485
0.0220248
0.00438474
0.00367989
0.005385
0.0105912
0
0.0127033
0.00412459
0.192566
0.0297569
0.00424291
0.00555422
0.00409389
0
0.0758845
0.0299085
0.133844
0.00540933
0.0220248
0.00438474
0.0157603
0.00835253
0.115872
0.00727757
0.0165276
0.0193625
0.0681534
0.0220248
0.0157603
0.00417304
0.0193625
0.06062
0.0220248
0.0157603
0.0193625
0.06062
0.00374833
0.021938
0.00453895
0.0340023
0.00344586
0.00725761
0.00374833
0.00381563
0.0275377
0.00899851
0.0679266
0.00861158
0.173377
0.0126755
0.00344586
0.0186257
0.01453
0.00598618
0.0116466
0.0502644
0.00381563
0.00811957
0
0.00899851
0.00433928
0.00637661
0.0397162
0.0439943
0.00725812
0.375978
0.0126755
0.00344586
0.0186257
0.00622367
0.0116466
0.0124651
0
0.00363226
0
0.0182674
0
0.0127691
0.0188774
0.0365158
0.0062518
0.0980533
0
0.0046631
0.0116781
0.00797778
0.00797778
0.00580213
0.00424373
0.311997
0.0871287
0.0117664
0.426669
0
0.0105671
0.00405616
0.0871287
0.0324118
0
0.0117664
0.102966
0.421209
0.0369451
0.0313802
0.0170826
0.00329563
0.00344414
0.107131
0
0
0.0156277
0
0.0818757
0.0139559
0.588257
0.0703094
0.00383217
0.0313802
0.0170826
0.00827082
0.00344414
0.139726
0
0
0.0215095
0
0.00376347
0.0884809
0.0139559
0.413172
0.0703094
0.0208132
0.0170826
0.00344414
0.101043
0
0.0156277
0.0765183
0.319474
0.134439
0.0156277
0.0705583
0.284231
0.0606098
0.0262598
0.0262598
0.0262598
0.0262598
0.0262598
0.0262598
0.199306
0.00376411
0.00669846
0.0109141
0
0.00440986
0.107839
0.00350755
0.426138
0.018181
0.00634373
0.015053
0.00372339
0.0804364
0.0856181
0.00748432
0.101897
0.0195115
0.024691
0.00844337
0.0522278
0.0390295
0.00844337
0.103812
0.0127677
0.00458022
0.011084
0.00732276
0.0746103
0.00414835
0.00707348
0.0122291
0.00614484
0.00844337
0.0209089
0.0133823
0.376034
0.00899596
0.01413
0.00458022
0.011084
0.00732276
0.184674
0.00414835
0.00394566
0.00707348
0.023662
0.00844337
0.0460129
0.0473214
0.00420854
0.333079
0.0067894
0.0373862
0.00458022
0.0173947
0.00345604
0.21318
0.00392988
0.00547128
0.0315284
0.0259344
0.0538388
0.0268625
0.00420854
0.294896
0.0067894
0.0126643
0.0308608
0.011084
0.00345604
0.419269
0.00547128
0.0093091
0.0153201
0.00871935
0.00882639
0.0729729
0.0268625
0.00420854
0.177233
0.0285082
0.0040692
0.0308608
0.00615404
0.427199
0.0045762
0.00547128
0.00626735
0.0093091
0.0116748
0.0040324
0.00871935
0.0461367
0.0268625
0.137815
0.132834
0.00701755
0.00815618
0.00385104
0.00616043
0.00871935
0.0104682
0.0205204
0.0190272
0.0190272
0.0190272
0.0190272
0.0190272
0.0190272
0.00618951
0.0190272
0.00618951
0.00414775
0.0246087
0.00573195
0.0142127
0.52172
0.0128752
0.00391422
0.0588894
0.00460597
0.103747
0.00922589
0.0052268
0.0827684
0.00460597
0.00441411
0.00922589
0.0473333
0.0531454
0.014011
0.0146665
0.00867172
0.0192587
0.00528654
0.014011
0.0074695
0.00973556
0.0839816
0.00528654
0
0.0560047
0.00624753
0.0424558
0.0287669
0.0310936
0.0428814
0.00973556
0.00581857
0
0.0728132
0.221986
0.00528654
0
0
0.0490849
0.00624753
0.0424558
0.0287669
0.00351513
0.0310936
0.108507
0.00333916
0.0353994
0.00581857
0.00424334
0.0888767
0.00342062
0.167252
0.00528654
0.00559134
0
0.0138683
0
0.0566098
0
0.0287669
0.00351513
0.0405809
0.173265
0.0541594
0
0.00838484
0.0888767
0.00342062
0.112909
0.00528654
0.00559134
0.0178025
0
0.093077
0.00351513
0.00972424
0.31452
0.0530067
0.00425902
0.0301648
0.00342062
0.0804808
0.00528654
0.00559134
0.00349067
0.037622
0.00484437
0.364178
0.0175882
0.00425902
0.0227863
0.00342062
0.02822
0.00528654
0
0.00484437
0.0345414
0.0150714
0.0091525
0.00482842
0.00484437
0.00628317
0.00754757
0.00482842
0.00356478
0.013151
0.0799734
0.00361427
0.013151
0.0685616
0.0116039
0.013151
0.0627744
0.0156557
0.013151
0.0627744
0.0156557
0.0319082
0.0394013
0.0156557
0.0407295
0.0232819
0.0192454
0.0491633
0.0120801
0.0197303
0.0491633
0.0120801
0.0197303
0.0538337
0.0120801
0.0156557
0.00492643
0.0125809
0.0249544
0.0567096
0.0108535
0.0799908
0.183669
0.0142215
0.0799908
0.179749
0.0512941
0
0.0306914
0.00515792
0.0959196
0.144267
0.283138
0
0.0239848
0.00912484
0.106099
0.144267
0.465808
0
0.00556609
0.0239848
0.110982
0.140522
0.0419343
0
0.00556609
0.0239848
0.126545
0.128587
0.00460419
0
0.0202577
0.137149
0.112212
0.00384717
0.083504
0.00467427
0.00384717
0.0213033
0.0236823
0.0155868
0.154826
0.0299621
0.0155868
0.154826
0.0299621
0.0155868
0.150632
0.0334581
0.0155868
0.123636
0.0559608
0.0155868
0.118961
0.0054452
0.0559608
0.0155868
0.104555
0.0222273
0.0559608
0.0155868
0.0908182
0.0272467
0.0599234
0.0209928
0.0908182
0.0160026
0.0679689
0.0209928
0.00395876
0.0209928
0.127165
0.557771
0.624963
0.364503
0.116325
0.00729664
0.0568265
0.0568265
0.0713239
0.186946
0.0716669
0.172861
0.0857523
0.172861
0.0857523
0.166109
0.0925051
0.159523
0.0990915
0.0961906
0.105597
0.0741153
0.0168895
0.105597
0.0741153
0.0168895
0.105597
0.0601121
0.0107136
0.127673
0
0.0754146
0
0.0079691
0
0.811818
0
0.0079691
0
0
0.0138315
1.00532
0
0.0079691
0.0138315
0.741956
0
0.0079691
0.0969096
0.0079691
0.0365497
0.0261569
0.0138552
0.026249
0.0261569
0.0138552
0.026249
0.0261569
0.0138552
0.026249
0.00388423
0.0239824
0.0444459
0.00388423
0.0138753
0.0625027
0.00388423
0.0138753
0.0444459
0.00388423
0.0101273
0.0511419
0.00388423
0.0101273
0.0511419
0.00388423
0.0101273
0.0511419
0.00388423
0.00660659
0.0574317
0.00516838
0.476867
0.633043
0.633043
0.264565
0.118833
0.00392173
0.0220267
0.416608
0.826914
0.719774
0.373821
0.102063
0.0512414
0.0823038
0.0189207
0.0195042
0.0869404
0.0442933
0.0904353
0.0727271
0.051131
0.1194
0.057471
0.0037802
0.0718431
0.1194
0.057471
0.0037802
0.0718431
0.1194
0.0303465
0.0037802
0.0475543
0.231604
0.0113932
0.0130138
0.0901791
0.0113932
0.0130138
0.0801841
0.0113932
0.0130138
0.0801841
0.0113932
0.0130138
0.0801841
0
0.00389685
0.00733852
0
0.0199918
0.0906781
0.0069175
0
0.00381478
0.00812226
0
0
0
0.0141625
0.00853565
0.381515
0.00666477
0.0069175
0
0
0.00812226
0.00716407
0
0
0.00842741
0.0779225
0.00853565
1.00292
0.00666477
0.0069175
0
0.00812226
0.00716407
0
0.0084306
0.0283835
0.939152
0
0.00812226
0
0
0.00419246
0.0140686
0.0989995
0
0.00812226
0
0.00419246
0.00698573
0.0297248
0.00783877
0.0383871
0.249521
0.297608
0.0564178
0.00740566
0.061472
0.00763203
0.00452647
0.00369032
0.036566
0.0151355
0.0122999
0.00695768
0.0109584
0.00704089
0.0206203
0.0252219
0.0210003
0.0392042
0.0122397
0.0467252
0.0122397
0.0467252
0.0122397
0.0467252
0.00776167
0.0505695
0.0188299
0.404517
0.445777
0.552275
0.552275
0.374074
0.164447
0.00387945
0.00388101
0.00783733
0.00773367
0.00387945
0.00754797
0.019575
0.00379787
0.0851175
0.124456
0.110964
0.0268715
0.0965272
0.116667
0.0869893
0.0643028
0.199187
0.0995691
0.102538
0.0760941
0.167293
0.0986936
0.0864721
0.125074
0.00318245
0.191335
0.106898
0.102213
0.139872
0.00318245
0.131003
0.124978
0.0756153
0.157792
0.00318245
0.108491
0.0738448
0.0522219
0.161243
0.00318245
0.0965855
0.0819
0.0319207
0.13398
0.00318245
0.0690544
0.0831087
0.0162892
0.144787
0.00318245
0.0529537
0.100116
0.0119942
0.121563
0.00318245
0.0165138
0.0169829
0.00802056
0.0366299
0.00318245
0.0165138
0.0169829
0.00419232
0.505956
0.0101716
0.00847799
0.0169829
0.00419232
0.53162
0.0101716
0.00424735
0.0172992
0.00419232
0.611125
0.0101716
0.00862619
0.514298
0.30352
0.179621
0.0559689
0.544931
0.321634
0.0179288
0.0368241
0.0149877
0.00504161
0.00765452
0.027725
0.00378516
0.12127
0.00612394
0.00928424
0.00402699
0.00504161
0.0166958
0.0278079
0.388518
0.00623942
0.00612394
0.000497496
0.00402699
0.00504161
0.00354092
0.0227827
0.00857039
0.06817
0.00437002
0
0.508694
0.00817598
0.00504161
0.0050695
0.00736172
0.00770279
0.0173686
0
0.112341
0.00832061
0.54499
0
0
0.00347089
0.00817598
0.0150818
0.00697449
0.00830783
0.0291697
0.164181
0.00395058
0.456646
0.00375295
0
0.00917689
0
0.147047
0.00347089
0.00817598
0.0150818
0.00711538
0.0438344
0.21669
0
0.373484
0.00824288
0.915042
0.00675838
0.00747357
0.00817598
0.0103706
0
0.00652482
0
0.0366082
0.00812709
0.254453
0.00367757
0.309394
0.00371898
0.00854395
0.00968639
1
0.00347089
0.00817598
0.0103706
0
0
0.00734223
0.0366082
0.0169603
0.270795
0
0.00367757
0.287443
0.00371898
0.00854395
0.00968639
1.00177
0.0124068
0
0
0
0.0527245
0
0.186739
0.00367757
0.226529
0.00371898
0.00854395
0
0.00968639
0.274753
0.0124068
0
0
0.0305186
0
0.141031
0.00367757
0.113376
0.00371898
0.00854395
0.346743
0.0083798
0
0.0157523
0.0615761
0.00367757
0.0907619
0.179437
0
0.00753598
0.00852768
0.184779
0.432868
0.26902
0.167112
0.363907
0.173954
0.00386142
0.00852789
0.0630845
0.00548197
0
0.0100029
0.00864578
0.0146269
0.00321067
0.0077619
0.189523
0.00548197
0
0.0100029
0.00864578
0.143208
0.0229976
0.0204676
0.00397029
0.134356
0.00548197
0
0.0100029
0.00864578
0.157533
0.0229976
0.0242452
0.00397029
0.127307
0.00548197
0
0.0100029
0.00864578
0.349543
0.0229976
0.0320757
0.120207
0.0070707
0.0100029
0
0.00509608
0.152094
0.0229976
0.00780986
0.0567406
0.0944649
0.0100029
0.00785524
0
0.107178
0.0303764
0.0607126
0.087612
0.00490236
0.0079244
0.09514
0.0154402
0.056508
0.0805297
0.00490236
0.0371505
0.00829266
0.00799124
0.0110347
0.0122792
0.0050233
0.0753331
0.034399
0.00322463
0.0332146
0.0551509
0.0484365
0.00440947
0.0755539
0.0584065
0.00440947
0.0657542
0.0649013
0.00440947
0.0657542
0.0649013
0.00440947
0.0657542
0.0649013
0.00666562
0.0657542
0.0649013
0.00666562
0.0247035
0.0921076
0.00666562
0.00493371
0.122982
0.00493371
0.367553
0.447343
0.037165
0.447343
0.0546207
0.146638
0.273551
0.00643014
0.396393
0.0117704
0.0152096
0.00332933
0.0218157
0.0141775
0.029099
0.142374
0.0304832
0.036197
0.0456733
0.0803918
0.0304832
0.0781839
0.121044
0.0597679
0.0304832
0.109639
0.121044
0.0458224
0.0477294
0.104581
0.128299
0.0425888
0.0477294
0.0524131
0.210199
0.0146839
0.00469761
0.0258526
0.385463
0.00490692
0.118429
0.0218157
0.196831
0.0149994
0.0102855
0.005759
0.957255
0.0149994
0.0154481
0.005759
1.00538
0.00373683
0.0294786
0
0.005759
0.243656
0.305119
0
0
0.0339686
0.431981
0
0
0.0596787
0.0241761
0.0146535
0.0176095
0.0241761
0.0146535
0.0759915
0.0241761
0.0146535
0.144031
0.00551089
0.0379484
0.0146535
0.220076
0.00551089
0.0379484
0.0146535
0.220076
0.00551089
0.0379484
0.0146535
0.220076
0.00551089
0.0379484
0.0146535
0.220076
0.00551089
0.0702681
0.0146535
0.220076
0.00551089
0.509693
0.0146535
0.220076
0.00551089
0.316458
0.0130671
0.0146535
0.180702
0.0369727
0.00331639
0.121324
0.041087
0.0164771
0.0718714
0.0170784
0.0221315
0.0173964
0.00792707
0.00694339
0.023519
0.00373611
0.0707262
0.0391257
0.00543419
0.00373611
0.146416
0.0391257
0.00543419
0.00373611
0.191998
0.0391257
0.00543419
0.00373611
0.246372
0.0391257
0.00543419
0.00373611
0.265355
0.0071123
0.0391257
0.00543419
0.00373611
0.258802
0.0071123
0.0391257
0.00543419
0.00373611
0.258802
0.0071123
0.0391257
0.00543419
0.00373611
0.258802
0.0071123
0.0431151
0.00543419
0.258802
0.11115
0.0071123
0.185854
0.00359082
0.185854
0.00359082
0.00829875
0.0338821
0.0331563
0.00777054
0.0063469
0.00399621
0.00323374
0.00390608
0.0284137
0.164868
0.259776
0
0.0167773
0.322358
0
0.0167773
0.543048
0.00984174
0.107053
0.0133109
0.0037074
0.00704714
0.055854
0
0.995097
0.148766
0
0.00704714
0.0167773
0
0.735813
0.00518058
0.227726
0.0119991
0.0120096
0.0327093
0.0102641
0.53717
0.00615858
0.179676
0.0119991
0.00525924
0.0120096
0.0975482
0.290857
0.145013
0.0119991
0.0198673
0.117169
0.18818
0.192429
0.0119991
0.0198673
0.123255
0.178734
0.542607
0.0119991
0.00785773
0.0202591
0.0901943
0.50789
0.00390133
0.00709514
0.0798617
0.470091
0
0.00485594
0.470091
0.162925
0.0706959
0.0141649
0.00356012
0.0346869
0.00384363
0.298494
0.0210824
0.00384363
0.649008
0.00370043
0.346663
0.0754107
0.00610103
0.528085
0.00339008
0.00370043
0.438143
0.00384363
0.00610103
0.213821
0.00711839
0.025133
0.151552
0.00384363
0.00686012
0.141209
0.00461786
0.0157889
0.0364461
0.0105233
0.00384363
0.120749
0.00461786
0.0157889
0.0544834
0.0850977
0.0690854
0.00461786
0.0157889
0.0544834
0.235342
0.0690854
0.00461786
0.0544834
0.404558
0.0201724
0.0544834
0.404558
0.0201724
0.0544834
0.344947
0.0201724
0.053155
0.0201724
0.12926
0.228157
0.228157
0.228157
0.228157
0.228157
0.228157
0.228157
0.236496
0.450666
0.55221
0.0183982
0.55221
0.154724
0.200173
0.110508
0.0401081
0.0372615
0.015447
0.0792608
0.636029
0.0790129
0.689876
0.120212
0.153442
0.375983
0.0164172
0.12447
0.00567623
0.0361221
0.0446067
0.0361221
0.0320099
0.247154
0.247154
0.247154
0.247154
0.247154
0.247154
0.247154
0.00482697
0.020784
0.133434
0.00960552
0.0106023
0.00482697
0.113898
0
0.324806
0.0387996
0.0188717
0.150366
0.432682
0.0393108
0.0948294
0.150366
0.471341
0.309985
0.0226026
0.0536001
0.00781315
0.00313208
0.0226026
0
0.0147298
0.038556
0.0226026
0.0248564
0.00899661
0.0463299
0.0180788
0.00624789
0.0141659
0.015234
0.0372444
0.0198089
0.0458198
0.00467632
0.0920011
0.0854543
0.0197649
0.00421746
0.0139417
0.00711329
0.0672138
0.149218
0.00467632
0.0920011
0.216814
0.120267
0.00408322
0.00421746
0.0186882
0.00711329
0.0814791
0.117877
0.00467632
0
0.0410635
0.00925718
0.24762
0.0841987
0.00408322
0.00494639
0.00321489
0.0186882
0
0.0050261
0.00400801
0.00711329
0.124356
0.0078614
0.256418
0.00742392
0.00467632
0.030281
0.00955032
0.0814177
0.157554
0.00408322
0.00692411
0.00370692
0.0186882
0.0126558
0.00591061
0.00711329
0.0611731
0.305366
0.00763282
0.00467632
0.00733237
0.0188823
0.0239316
0.00441163
0.00321489
0.00370692
0.0139417
0.00832081
0.066301
0.0149073
0.613464
0.00763282
0.00467632
0.0133762
0.00441163
0.00321489
0.0182871
0.00832081
0
0.0199414
0.485549
0.0144738
0
0
0.00761882
0.0156363
0.00350257
0.0235573
0.00832097
0.0117128
0.00323828
0.00749634
0.153903
0.620171
0.00713033
0.0117128
0.00667988
0.00749634
0.153351
0.883754
0.0164719
0.259737
0.0305761
0.00553179
0.251023
0.0953815
0.00821895
0.144725
0.0305761
0.0108578
0.304488
0.112209
0.00387724
0.0460222
0.0234484
0.290987
0.070358
0.00387724
0.00689081
0.0142934
0.0172529
0.00689081
0.0074197
0.00836479
0.0169203
0.0179898
0.0069988
0.00415582
0.0377394
0.0173542
0.0252152
0.0314239
0.0176688
0.0276788
0.0330622
0.0384568
0.0594285
0.0754511
0.0594285
0.0754511
0.0503325
0.0795329
0.0503325
0.0795329
0.0327595
0.0874189
0.0327595
0.0874189
0.0090761
0.082737
0.0493303
0.0132105
0.0671911
0.109303
0.321144
0.0125474
0.0232994
0.396511
0.0334246
0.0459686
0.0117514
0.415693
0.0661868
0.0760383
0.0191538
0.450522
0.0949968
0.100791
0.0307422
0.532356
0.118541
0.148835
0.0579088
0.599199
0.122608
0.136838
0.0731645
0.586415
0.130161
0.120194
0.0838699
0.573468
0.0770613
0.0963968
0.156562
0.35862
0.0725592
0.096069
0.184507
0.264544
0.0445617
0.0896898
0.121795
0.222111
0.028708
0.0660203
0.106185
0.229534
0.012689
0.00544707
0.113329
0.586462
0.0317997
0.0530482
0.0197983
0.504392
0.0400621
0.064331
0.0505445
0.444613
0.0430343
0.0635131
0.0816288
0.316656
0.0706202
0.0460613
0.0880922
0.234564
0.0712313
0.0172603
0.0770842
0.147921
0.0743483
0.0116413
0.0885007
0.106928
0.0552753
0.0942228
0.0666756
0.0434592
0.0829304
0.0393597
0.0395175
0.0445618
0.00621112
0.0400326
0.39625
0.496417
0.496417
0.496417
0.496417
0.496417
0.496417
0.418451
0.274839
0.18092
0.0921657
0.0131421
