0.0282369
0.96274
0.00199693
0.0186488
0.000782088
0.00148531
0.000316784
0.555345
0.000683697
0.00208291
0.00229787
0.00285948
0.00207677
0.00148585
0.000695167
0.00108006
0.00072775
0.00108431
0.000702759
0.000869797
0.102995
0.00149733
0.00100675
0.00216637
0.123803
0.00128349
0.00213589
0.00403417
0.00115953
0.00143145
0.0107843
0.000384485
0.000345938
0.000382936
0.224399
0.0490342
0.0629216
0.0320032
0.00359732
0.145109
0.02356
0.0213375
0.0090625
0.0322348
0.00210966
0.017266
0.00798951
0.00912807
0.0101257
0.444069
0.430873
0.233817
0.0132417
0.00330148
0.000690365
0.0855656
0.0347993
0.00311692
0.0148616
0.00333772
0.000352799
0.00198053
0.00853342
0.017169
0.00101212
0.225446
0.035319
0.12689
0.0787429
0.0801311
0.0127267
0.0240027
0.0047556
0.00588678
0.0254459
0.0341553
0.251066
0.68415
0.0207471
0.00397968
0.00335309
0.0103709
0.00136257
0.001425
0.00207831
0.000390706
0.00250085
0.350994
0.00145345
0.00699461
0.00208394
0.00459981
0.0540194
0.00336008
0.00113052
0.00312407
0.0147157
0.00785591
0.283941
0.000317561
0.00032877
0.184106
0.125289
0.210476
0.0122114
0.000568946
0.000433045
0.000365411
0.0287645
0.00784757
0.000474959
0.00069949
0.00100592
0.00138781
0.183683
0.0892925
0.00272497
0.000371866
0.000319848
0.000308633
0.00134867
0.000692426
0.000726745
0.00174437
0.001022
0.00169224
0.00181836
0.00106999
0.00184831
0.000679034
0.0010043
0.000675369
0.00171964
0.00105708
0.000343415
0.000714315
0.00221388
0.00179808
0.132765
0.000692144
0.000360352
0.00171139
0.00225406
0.00100995
0.00104837
0.000664153
0.00785441
0.000724416
0.242513
0.00215116
0.00408817
0.000486669
0.00191815
0.00175286
0.00135002
0.00320425
0.151211
0.000738085
0.000766275
0.0018496
0.119719
0.0254535
0.0283352
0.00505795
0.00345045
0.0100905
0.00648913
0.178227
0.00808411
0.00217565
0.00613015
0.000377503
0.00043513
0.00172957
0.00810862
0.0580023
0.18097
0.0752217
0.0058199
0.022458
0.0551366
0.0275635
0.00105127
0.0583511
0.00654621
0.00344009
0.0270435
0.000508334
0.00107202
0.000373828
0.000358578
0.00196151
0.00134612
0.00237054
0.00659067
0.00107711
0.384049
0.32197
0.056941
0.0172319
0
0
0.00308429
0.00462415
0.028813
0.00210383
0.00347853
0.000545491
0.000349585
0.0122347
0.00348034
0.002126
0.970192
0.0389328
0.0410704
0.0327364
0.251417
0.0141668
0.0147211
0.036686
0.0143687
0.0468051
0.695146
0.00471481
0.445668
0.0521701
0.0971352
0.101855
0.0463657
0.322674
0.00522576
0.00800809
0.00607371
0.00763291
1.07439
0.00801222
0.101409
0.00209555
0.00134684
0.00137867
0.0395807
0.0197171
0.048962
0.000422264
0.000364118
0.000733217
0.00215737
0.016633
0.00603015
0.000398952
0.00526388
0.00214546
0.0346289
0.000616616
0.000647388
0.0684326
0.00222974
0.0947491
0.000810297
0.00099691
0.000762989
0.00494776
0.00755521
0.0812596
0.0050559
0.00188262
0.00249241
0.00456759
0.00186804
0.00566056
0.113481
0.504726
0.0336653
0.0246678
0.00218347
0.00275753
0.00217468
0.00673287
0.0026868
0.930346
0.0220862
0.107522
0.0156788
0.0111531
0.000761458
0.0156743
0.0417564
0.129311
0.177239
0.000315175
0.000323057
0.0922685
0.0226149
0.00315175
0.000317572
0.0223644
0.0665803
0.36799
1
0.0485936
0.0249498
0.00470623
0.00822059
0.00221405
0.0164787
0.0251303
0.0225884
0.404446
0.359639
0.0373402
0.348952
0.018812
0.00460378
0.0013775
0.031733
0.00442811
0.00235763
0.00465432
0.00395181
0.00238351
0.0341799
0.329899
0.0132692
0.0516827
0.00364092
0.110616
1
0.600915
0.225967
0.323712
0.236815
0.000411301
0.214108
0.00333497
0.12774
0.000325573
0.000517798
0.00152947
0.00224681
0.00141561
0.000713656
0.00184783
0.0318986
0.00123074
0.000864941
0.00250571
0.000382174
0.00273995
0.129014
0.00170178
0.0079097
0.00773362
0.131163
0.00627407
0.0010752
0.0054838
0.0220919
0.00788194
0.00595142
0.0130531
0.00187407
0.0103188
0.0107869
0.438577
0.000975916
0.000647229
0.010555
0.00134385
0.00141061
0.000375384
0.00141235
0.00149141
0.00302993
0.31668
0.000388324
0.00673975
0.0656891
0.000322172
0.0003172
0.0041193
0.0148433
0.143337
0.00394855
0.00135564
0.00362493
0.0039018
0.00505152
0.0811938
0.0266891
0.00168301
0.0362506
0.0036213
0.00169801
0.000643583
0.00359168
0.00456193
0.379574
0.0222451
0.00550083
0.0209337
0.00139037
0.00247035
0.000380728
0.00138416
0.0120737
0.0556741
1
1
0.0229928
0.2579
0.0303281
0.0223661
0.030306
0.0559391
0.783282
0.0166198
0.119093
0.780047
0.00273012
0.00798397
0.00820688
0.0108575
0.00144509
0.00823176
0.0006856
0.00177045
0.117085
0.0688431
0.0222585
0.198843
0.0219675
0.0539322
0.0291244
0.0169162
0.00031929
0.0293222
0.0254025
0.378695
0.00637375
0.322043
0.000354956
0.00175747
0.00575573
0.00179936
0.00581638
0.0051641
0.00223601
1
0.040129
0.65191
0.0999439
0.978991
0.188982
0.0479817
0.0429803
0.0640145
0.0329116
0.149988
0.0117975
0.0078169
0.00592871
0.0261062
0.0862156
0.00353886
0.00127205
0.00952782
0.0131312
0.0194536
0.99135
0.000363702
0.00579873
0.00510918
0.00519559
0.024389
0.00256217
0.00651373
0.400367
0.126763
0.106626
0.00036118
0.000369611
0.0342208
0.000326899
0.0426744
0.169977
0.238772
0.00307738
0.000369371
0.0102731
0.0773446
0.00165381
0.052322
0.20023
0.612699
0.493779
0.230051
0.0194997
0.522481
0.0768627
0.0179398
0.0530224
0.0336096
0.0315456
0.366214
0.123674
0.0521516
0.136258
0.281916
0.0044884
0.628034
0.0173569
0
0
0.0072823
0.00105987
0
0.000458392
0.00106402
0.0024216
0.00366714
0.000383009
0.000381682
0.00102229
0.00988176
0.00275222
0.0108554
0.148538
0.00122071
0.00855142
0.00189653
0.000372282
0.000732428
0.000315809
0.000318403
0.000315809
0.000315809
0.000322717
0.00135347
0.000514004
0.000371109
0.000708031
0.000373639
0.00671892
0.00174802
0.0112491
0.00520305
0.0201842
0.18052
0.000494837
0.0054593
0.000325878
0
0.000383482
0
0.998896
0.000712413
0.000379852
0.0173872
0.00034435
0.000327727
0
0.0172677
0.000408779
0.00714058
0
0.000326979
0
0.000311807
0.00373448
0.0113257
0.00392067
0.00838896
0.0442247
0.309302
0.000732428
0.0058907
0.00215579
0.00527681
0.00768862
0
0
0.2407
0.000368063
0.00034435
0.00167952
0.0337626
0.000368063
0.00034435
0.00304742
0.0233386
0.000372727
0.0255088
0.000331979
0.000317476
0.000680788
0.000653313
0.000653313
0.00244117
0.0139482
0.000653313
0.000852148
0.0179862
0.00760996
0.0311661
0.320743
0.0701457
0.00307368
0.0699366
0.0804034
0.360399
0.00958926
0.000373993
0.00203237
0.306974
0.0470945
0.0812801
0.00275315
0.000779882
0.00426676
0.437291
0.389279
0.0956515
0.00785777
0.00769647
0.0776161
0.00435092
0.00140619
0.00301689
0.987761
0.00502659
0.00551542
0.002221
0.0069147
0.126304
0.0156649
0.223379
0.0466068
0.0100499
0.126786
0.0939629
0.084023
0.0996965
0.134662
0.0679779
0.296374
0.548602
0.00988661
0.295999
0.00671561
0.0126939
0.000321574
0.00358604
0.00353517
0.209513
0.232563
0.021992
0.0014708
0.00155014
0.00327446
0.00214079
0.000355791
0.00563868
0.0054383
0.5803
0.270156
0.37131
0.0016944
0.00175305
0.00164374
0.00137447
0.00178992
0.00595818
0.00527109
0.00804932
0.0146666
0.127329
0.00122358
0.00330415
0.000332154
0.000693362
0.00416017
0.00410225
0.000693362
0.000832035
0.979405
0.00540462
0.000459441
0.000327491
0.000663703
0.001355
0.000316167
0.00102855
0.00233137
0.00820065
0.000833406
0.000316167
0.00233218
0.240385
0.00194371
0.00378163
0.000327312
0.0768696
0.433257
0.0374762
0.04854
0.000316167
0.00209321
0.00640641
0.000956663
0.0148528
0.0179227
0.00409411
0.0680561
1
0.00103343
0.0580692
0.369857
0.00137177
0.00381896
0.138562
0.0423356
0.125142
0.00477656
0.000343538
0.00108835
0.200361
0.0143067
0.628645
0.0283318
0.00696488
0.00518859
0.000761138
0.00955868
0.170463
0.0438791
0.00212668
0.000390978
0.0781023
0.00104841
0.00104811
0.116182
0.012151
0.000329592
0.000354037
0.000753723
0.00347749
0.00372532
0.0522126
0.0529888
0.026333
0.000350711
0.00035081
0.0623917
0.025389
0.00352515
0.218866
0.0366166
0.0211579
0.0011394
0.0160693
0.000488315
0.0255727
0.00034182
0.000991618
0.000341127
0.0169196
0.000366937
0.0043465
0.0120148
0.0171957
0.0116711
0.00175405
0.390895
0.37928
0.16514
0.164216
0.000346135
0.000489017
0.000370616
0.000345508
0.00714571
0.00351925
0.000389224
1.00767
0.151581
0.00146851
0.000687992
0.0757857
0.0010335
0.00168201
0.000367108
0.0376701
0.00719468
0.00355788
0.000646295
0.0010445
0.00548775
0.00684959
0.00100976
0.00111661
0.00600459
0.0198934
0.0388927
0.0261008
0.00804909
0.176695
0.0276814
0.430422
0.896294
0.000369981
0.00450953
0.00802828
0.000721944
0.00269993
0.000613912
0.00102999
0.251138
0.000352168
0.000322957
0.000386638
0.0147393
0.000687992
0.0157933
0.0453151
0.000323859
0.00035081
0.00542287
0.00296802
0.00035081
0.00174388
0.00147623
0.000790495
0.0334767
0.0132911
0.996199
0.000387538
0.00304351
0.00104092
0.000665683
1
0
0.00158563
0
0.00150929
0.00083956
0.00995181
0.000559707
0.00111941
0.000318634
0.000503106
0.000341847
0.000318634
0.000739782
0.00983383
0.00274711
0.00152759
0.000325933
0.000334227
0.220663
0.00034182
0.00151012
0.00499121
0.00034182
0.000327383
0.00312215
0.000317988
0.000318634
0.000335004
0.0142928
0.00031278
0.000347639
0.00111688
0.000749345
0.0109454
0.00749208
0.00034226
0.000388543
0.00483216
0.00173372
0.00044021
0.000330478
0.0003411
0.00195057
0.427798
0.00413464
0.424041
1
0.043893
0.120338
0.36797
0.152075
0.000368463
0.00101385
0.0938321
0.165999
0.705788
0.01019
0.00141418
0.000697395
0.00176903
0.00442825
0.0364057
0.250377
0.0146531
0.00996547
0.0129002
0.00352608
0.0103117
0.00880602
0.268124
0.0092536
0.00883272
0.00441124
0.0125464
0.000402451
0.0776662
0.224328
0.0287997
0.0694004
0.037204
0.0211961
0.0520385
0.0229787
1
0.297329
0.0290484
0.0231348
0.0123811
0.000336567
0.0151538
0.0264154
0.0355613
0.000422625
0.327751
0.27872
0.100448
0.451388
0.106768
0.00103649
0.00513188
0.00290192
0.00397293
0.414756
0.00738499
0.0400319
0.0029325
0.00179833
0.0108351
0.0114022
0.0003475
0.021564
0.0394023
0.0290472
1
0.040129
0.736765
0.00109232
0.00163609
0.00912133
0.00122411
0.00886818
0.00836069
0.000392658
0.010243
0.795188
0.0125293
0.0117397
0.0963705
0.00198941
0.00098462
0.0132296
0.000316252
0.0602832
0.0308847
0.000333539
0.000335981
0.000454698
0.000333351
0.000333445
0.000348261
0.000347055
0.000333445
0.000348261
0.000333445
0.000334758
0.000345701
0.000345701
0.000709065
0.000416806
0.000347055
0.000333445
0.00105979
0.239677
0.00236712
0.00137957
0.000990532
0.00236779
0.00311061
0.0101052
0.0130143
0.00204194
0.0027038
0.00236846
0.00173729
0.00038326
0.0037546
0.00274473
0.0013692
0.00275068
0.000704272
0.00971309
0.000696818
0.000728896
0.000670413
0.00485023
0.000348364
0.00174161
0.00621373
0.00067332
0.0007089
0.000753405
0.000370792
0.00698561
0.00067885
0.151345
0.00554812
0.00283177
0.00128329
0.0119748
0.000737483
0.0190608
0.00554812
0.00211225
0.00348108
0.00598943
0.000700447
0.017367
0.000348929
0.0013457
0.00236779
0.000315874
0.00865522
0.0133609
0.000960547
0.00136904
0.0027038
0.0013457
0.00338256
0.00072885
0.00104814
0.000321007
0.00067332
0.000725748
0.00496769
0.00072885
0.00100933
0.000333044
0.000999346
0.00069596
0.0180305
0.0104491
0.00317598
0.0480461
0.00348409
0.613387
0.0258063
0.00355798
0.00070993
0.00355899
0.000518814
0.00561945
0.00111596
0.00426872
0.00355999
0.000737995
0.00392555
0.00430628
0.00534163
0.000366561
0.00445872
0.00466916
0.00105358
0.000709731
0.00445872
0.212595
0.519675
0.00177271
0.00374899
0.00177271
0.000340908
0.00535596
0.000356998
0.0104618
0.00445068
0.00358996
0.00177271
0.000340908
0.000710892
0.00485902
0.000466219
0.000735157
0.00212995
0.00200422
0.00539267
0.000719687
0.00776301
0.00426872
0.00101677
0.0016022
0.00109368
0.000345126
0.000735157
0.00142904
0.028446
0.00101675
0.000709731
0.000700272
0.00142904
0.000704824
0.00214355
0.00468339
0.00485013
0.00609297
0.0650284
0.0540161
0.00540054
0.00727555
0.00063215
0.00792123
0.000371763
0.0108017
0.00206869
0.0072776
0.00792346
0.000319674
0.00792123
0.00762773
0.001055
0.000686877
0.000686877
0.000719924
0.000686877
0.000333881
0.000367203
0.000686877
0.102629
0.0010725
0.00033448
0.000353133
0.00169028
0.000370814
0.0010725
0.00103811
0.0123472
0.000343096
0.00107109
0.0109399
0.000367203
0.00102138
0.00101876
0.00202959
0.00174014
0.00137015
0.000416967
0.00646501
0.00101876
0.00202959
0.000717404
0.00216834
0.0103972
0.00624122
0.00421103
0.0071343
0.932593
0.00274302
0.0027438
0.004573
0.0027438
0.00274457
0.0027438
0.00287744
0.00277905
0.00169089
0.00283003
0.00269859
0.0254485
0.00232777
0.00102812
0.00232777
0.00163325
0.000636882
0.00275328
0.00329256
0.00283522
0.00315972
0.000734503
0.000368833
0.000333458
0.00282561
0.00279941
0.000340241
0.00419934
0.00575711
0.00575873
0.00785282
0.00575873
0.00576036
0.00575873
0.00604082
0.0288338
0.00822676
0.00659244
0.000323301
0.00591115
0.00589672
0.000838523
0.00373354
0.00589506
0.000336129
0.00391503
0.00373354
0.00381907
0.00373354
0.00589506
0.00373354
0.00373354
0.0177853
0.00560031
0.000456721
0.000670857
0.000686561
0.00416454
0.000358121
0.00130076
0.00614832
0.0316194
0.010692
0.00975759
0.00665887
0.000328116
0.00710716
0.000669511
0.000634305
0.00849828
0.000333165
0.000634484
0.000634662
0.00526505
0.00188318
0.000664862
0.000634484
0.000661937
0.272467
0.000634484
0.022061
0.000634484
0.00062409
0.00142861
0.00303085
0.000644158
0.00554594
0.108271
0.434463
0.129961
0.0384638
0.0553201
0.0298551
0.0033651
0.000713552
0.000370291
0.000713552
0.000713552
0.000357615
0.00272426
0.000694652
0.000713552
0.000706501
0.000746611
0.000357615
0.00107117
0.000371123
0.000357615
0.000357615
0.000740506
0.000564655
0.00037296
0.00069123
0.00422323
0.00141103
0.00105724
0.0224161
0.292126
0.00505887
0.000698174
0.00214528
0.00395345
0.000695054
0.0189777
0.214281
0.0568264
0.00103659
0.00382225
0.000357204
0.000369146
0.00418973
0.00382009
0.00105287
0.00138777
0.00388011
0.00418973
0.00382117
0.000368839
0.00652693
0.00106552
0.00141602
0.000368561
0.00141602
0.00525664
0.00312611
0.00103688
0.00106552
0.000350496
0.00143272
0.000368561
0.00147708
0.00106552
0.000348584
0.000384454
0.000365345
0.00140877
0.314489
0.00053024
0.00111066
0.11009
0.000368561
0.0146834
0.000581938
0.000380538
0.000368561
0.00354016
0.000977406
0.000356179
0.00630614
0.00174396
0.00398305
0.000368561
0.00119532
0.0301504
0.0146833
0.0221199
0.00521069
0.953528
0.220646
0.0589452
0.00177638
0.00176068
0.0115652
0.0505338
0.00776083
0.000351697
0.000732718
0.00176671
0.00199372
0.00847519
0.204717
0.0275548
0.00834744
0.00488532
0.0153291
0.397523
0.585508
0.00808865
0.0209962
0.00476671
0.00429852
0.00745172
0.0566391
0.0383958
0.0350343
0.00068448
0.00118127
0.00218882
0.000711495
0.00167857
0.000684673
0.000684673
0.000692813
0.000684673
0.0013313
0.000684673
0.0013313
0.00363082
0.000337873
0.00324022
0.000684673
0.0013313
0.00210205
0.0806777
0
0.0039675
0.00169805
0.00626663
0
0.0786388
0.000330776
0.00096131
0.00129662
0.00129625
0.000345227
0.00129662
0.00129662
0.000965937
0.00580122
0.0121135
0.00135888
0.0126504
0.00144069
0.0011746
0.000364739
0.00102502
0.000364739
0.000356841
0.0052969
0.0167763
0.000357058
0.000325093
0.000364739
0.000383143
0.000382485
0.000318822
0.000364739
0.000607898
0.000682625
0.000363456
0.000963166
0.00311741
0.00311653
0.00519275
0.00326851
0.00311653
0.00311653
0.0201594
0.0108987
0.164121
0.000379736
0.000353981
0.00326914
0.000714486
0.00406504
0.0040693
0.00427745
0.00406816
0.00581001
0.00610224
0.00406816
0.00406816
0.00406816
0.014926
0.00441259
0.00406816
0.0252071
0.0267738
0.0037835
0.000318601
0.00406816
0.00406816
0.00426733
0.00554749
0.000314485
0.000330931
0.000314972
0.000787652
0.000315061
0.000329885
0.000315061
0.0168811
0.000308315
0.241063
0.0453713
0.000293724
0.000315061
0.000315061
0.000330382
0.000393826
0.610887
0.00712539
0.00380128
0.00814331
0.0516801
0.00398253
0.00456025
0.139092
0.0176245
0.000529452
0.000353067
0.0413951
0.000368891
0.00227564
0.125199
0.00218517
0.00319957
0.00245152
0.00439857
0.40345
0.000685868
0.000653832
0.000687551
0.000638599
0.000330045
0.000653832
0.000685815
0.000653832
0.0356645
0.00540172
0.00515053
0.00541235
0.0050871
0.00515053
0.00539657
0.00259237
0.000683827
0.00653091
0.025952
0.000373116
0.00182873
0.000383688
0.000745141
0.00585204
0.0144324
0.000380605
0.000365747
0.00271391
0.000695807
0.000871936
0.000324201
0.00430394
0.00107324
0.00166494
0.0162543
0.000332905
0.000332717
0.000317571
0.000346924
0.000329544
0.000344347
0.000332811
0.000327487
0.155857
0.0129895
0.00074097
0.000335756
0.000348179
0.000332811
0.000340967
0.00173641
0.000345483
0.000367723
0.0042487
0.000687682
0.00697342
0.00499217
0.0525668
0.000338489
0.000329544
0.00034427
0.000329544
0.00032794
0.0103747
0.000310695
0.000337421
0.00245979
0.00204648
0.000329544
0.000354886
0.00069874
0.00388454
0.0114167
0.126443
0.000663487
0.000663675
0.000663675
0.000663861
0.000663675
0.000684754
0.0014124
0.00138727
0.00138727
0.00138727
0.0471432
0.000723599
0.00138668
0.00146177
0.000674701
0.00323872
0.000723599
0.000723599
0.000663675
0.00213176
0.000663675
0.000627977
0.0109245
0.00417121
0.00243503
0.00858444
0.290406
0.00233298
0.00233364
0.00241941
0.00233364
0.00233429
0.00233364
0.00318223
0.0577196
0.00239402
0.0020855
0.00291704
0.00313332
0.00352348
0.000353736
0.00983794
0.000368004
0.206876
0.0146867
0.424382
0.0032181
0.000517871
0.0139567
0.00307498
0.000321171
0.00441309
0.00352863
0.000322336
0.00280126
0.000316111
0.000708869
0.0372652
0.146757
0.00248376
0.041445
0.000374809
0.000374914
0.000938598
0.00163905
0.000374914
0.00037502
0.00103807
0.000378214
0.00107526
0.000663153
0.000663153
0.000694451
0.000663153
0.000663153
0.47819
0.00668085
0.00712352
0.000671358
0.000374914
0.00108553
0.00176405
0.000374914
0.000562372
0.00304465
0.00343001
0.00167678
0.000693842
0.00877816
0.204452
0.997996
0.977341
0.0444553
0.00222957
0.00415504
0.000642152
0.00304703
0.00198034
0.000642152
0.00191718
0.00200942
0.000642152
0.00067069
0.00191718
0.00239648
0.00194862
0.00201054
0.000655114
0.000837589
0.00067069
0.000708441
0.00171337
0.00350374
0.00350473
0.00584122
0.00350473
0.00350572
0.00350473
0.00367544
0.00420568
0.00397046
0.00360923
0.00357576
0.000367857
0.00509432
0.00509576
0.00694876
0.000726817
0.00509576
0.00509719
0.00509576
0.00534537
0.69307
0.00826708
0.00660927
0.00523062
0.00592562
0.00133535
0.00210844
0.000378954
0.00140026
0.00133535
0.00136594
0.00133535
0.00210844
0.00133535
0.00133535
0.0490045
0.00200302
0.000514909
0.000368694
0.00174235
0.00523443
0.0266417
0.00830721
0.00507984
0.00513757
0.000360917
0.00138073
0.00770013
0.00138112
0.00138151
0.00475151
0.000441054
0.00144725
0.00138112
0.00144088
0.0220384
0.00138112
0.0158666
0.00138112
0.00135849
0.00207168
0.00272187
0.00140218
0.0050416
0.00515128
0.00515273
0.00909306
0.00515273
0.00515418
0.00515273
0.00539426
0.0194972
0.00736105
0.00521034
0.000369841
0.00521034
0.0053414
0.00130261
0.00130298
0.00356172
0.0046429
0.00032276
0.00130298
0.00130335
0.00309527
0.00136234
0.0792832
0.00268868
0.00199417
0.00131208
0.00353888
0.0218651
0.000346546
0.00183492
0.000471077
0.00464187
0.000693007
0.00666205
0.004662
0.000362477
0.00178657
0.00519485
0.00344794
0.56675
0.000363273
0.000346546
0.00204481
0.000346546
0.00181029
0.000363481
0.000346546
0.000346546
0.000354142
0.000346546
0.000354142
0.00035466
0.000364274
0.00287031
0.00214351
0.00100343
0.00204481
0.0286928
0.00380062
0.000722431
0.00103048
0.00437989
0.00449977
0.0222786
0.0027877
0.00031122
0.00031122
0.00031122
0.00216517
0.00031122
0.00031122
0.000326412
0.000320225
0.000327085
0.00294307
0.00324764
0.00106761
0.00212219
0.00309892
0.017991
0.00411543
0.0235771
0.000383709
0.00391039
0.00680046
0.0010973
0.00614049
0.0190994
0.000315126
0.0250062
0.252898
0.0014411
0.000328117
0.00138728
0.00571709
0.00171831
0.000496142
0.0243639
0.00105186
0.000377207
0.00038244
0.00105215
0.00105215
0.00141687
0.0010973
0.00105215
0.00071008
0.000364316
0.000378077
0.000350237
0.000364316
0.000374933
0.000369347
0.000369347
0.000386459
0.000378077
0.00175917
0.0258616
0.000369347
0.00115841
0.0867796
0.00105215
0.0014215
0.00331052
0.000578323
0.00105215
0.00105215
0.000361884
0.00297636
0.000374933
0.000367238
0.000735251
0.00101713
0.000767153
0.000407785
0.00988511
0.00275853
0.00279795
0.000940052
0.205846
0.000697361
0.000599274
0.000684673
0.000338668
0.000339684
0.000710823
0.000338763
0.000347673
0.00131555
0.000445025
0.000678352
0.000678352
0.00097458
0.000674693
0.000708795
0.000678352
0.000705627
0.000688993
0.000705627
0.0120281
0.00132576
0.000688164
0.000351702
0.000463075
0.000347409
0.0013176
0.000361433
0.000718046
0.00210587
0.0124225
0.000712202
0.000367127
0.000345909
0.00076833
0.000432387
0.000999951
0.0760077
0.000483948
0.08554
0.000715399
0.213445
0.713173
0.00381499
0.00381392
0.00381284
0.00387274
0.00381392
0.00381392
0.00344766
0.0266999
0
0.114098
0.115017
0.00204311
0.00314649
0.00142721
0.00397549
0.000697266
0.000378528
0.00594495
0.00565699
0.0444172
0.178801
0.0274227
0.188777
0.000337527
0
0.000401452
0.000334543
0.00408578
0.023459
0.00106896
0.0024085
0.000349341
0.000713364
0.030089
0.013304
0.0317983
0.000347655
0.000347655
0.000350337
0.000361126
0.000347655
0.000347655
0.000347655
0
0.000414382
0.000363579
0.279722
0.00819469
0.000524728
0.000370143
0.00112591
0.000354014
0.000755049
0.00214215
0.0478366
0.976557
0.0279552
0.0301443
0.00243173
0.000337073
0.000702216
0.000683071
0.00245736
0.000967391
0.817952
0.00187606
0.000727552
0.000361868
0.000377783
0.000587629
0.000361868
0.00216715
0.00216715
0.000587629
0.000361868
0.00220168
0.00223931
0.00179664
0.00216715
0.00180528
0.00271453
0.00227122
0.000648623
0.000355911
0.000441837
0.000693966
0.000672183
0.000361868
0.000343155
0.000332098
0.000348045
0.000332098
0.000361868
0.000346704
0.00623638
0.00068512
0.000373916
0.00120018
0.00104734
0.000315513
0.00100673
0.000384874
0.000318533
0.000676295
0.000348006
0.000334031
0.000335099
0.000363401
0.000391769
0.000919728
0.000337517
0.000337422
0.000562212
0.000353877
0.000337422
0.000337422
0.00101991
0.592385
0.00036546
0.000671163
0.000353945
0.000373324
0.00159576
0.000440116
0.038104
0.00181331
0.00271997
0.0105206
0.0216333
0.0011409
0.00135999
0.0129004
0.00688216
0.00172282
0.0147433
0.00814577
0.00110509
0.00721031
0.00825626
0.0363194
0.00251758
0.00167886
0.00503517
0.000312449
0.26302
0.000364121
0.00175729
0.00104521
0.00201407
0.00505661
1.01899
0.00528906
0.00383517
0.00401147
0.0170818
0.974204
0.0199317
0.0074403
0.000466775
0.0102942
0.0661506
0.00117323
0.00222812
0.000321636
0.00103086
0.000635112
0.00321636
0.00033319
0.000405155
0.000339975
0.000624672
0.00186593
0.000317444
0.000387314
0.000325033
0.0010227
0.00188892
0.00383511
0.000654603
0.0334076
0.00136448
0.00276057
0.00885969
0.0040054
0.00109716
0.00322533
0.035896
0.00221273
0.0361663
0.168649
0.00183829
0.00611148
0.006458
0.0896687
0.673408
0.00219729
0.336542
0.0585295
0.001709
0.00436434
0.00238055
0.00127695
0.990874
0.452847
0.0535425
0.0372964
0.0123029
0.0236577
0.0467586
0.31773
0.028828
0.997163
0.00132353
0.0178123
0.00157387
0.0200534
0.00441773
0.00734664
0.0120907
0.00303002
0.0865994
0.00179707
0.00211244
0.00501705
0.000652333
0.00213315
0.00484789
0.000715978
0.00256773
0.00268492
0.0018141
0.0235855
0.176735
0.0020675
0.00276897
0.00294333
0.008694
0.048312
0.333973
0.0278214
0.0638239
0.317921
0.013298
0.0465007
0.0240992
0.019823
0.0425224
0.9963
0.00644614
0.000980421
0.00101156
0.00102219
0.000998176
0.00367658
0.144905
0.132366
0.141545
0.586503
0.000958767
0.00151384
0.00100537
0.000958767
0.000980731
0.000958767
0.00151384
0.000958767
0.000958767
0.277205
0.00143815
0.000985093
0.418738
0.00137995
0.117631
0.00127881
0.00219003
0.0013392
0.00135442
0.0277591
0.0162035
0.000690136
0.000716492
0.000690136
0.000690136
0.000716492
0.000690136
0.00402079
0.000697852
0.434271
0.00104836
0.000697977
0.0230524
0.453349
0.000372317
0.994704
0.00208623
0.0272408
0.00890943
0.00378585
0.00247813
0.0140042
0.00197643
0.00344984
0.0515647
0.00131014
0.00135785
0.00130978
0.00130978
0.00130978
0.00132296
0.00204496
0.00204554
0.00204554
0.00204554
0.00204612
0.00209037
0.00204554
0.00214428
0.00182392
0.00178437
0.00181995
0.000742494
0.138672
0.541531
0.324915
0.880974
0.0418037
0.0185127
0.0315309
0.0152523
0.00306191
0.00172114
0.00178077
0.00179146
0.00142385
0.00556711
0.0105553
0.00693915
0.00138582
0.000344167
0.00542395
0.00140335
0.00455412
0.000342208
0.000868841
0.145073
0.0159499
0.00140725
0.00181359
0.0143568
0.0353683
0.617355
0.184926
0.300346
0.000976289
0.00199675
0.000976014
0.000975739
0.00151579
0.000351016
0.000976014
0.000976014
0.00164107
0.00164107
0.00130484
0.00164107
0.00164107
0.00166721
0.003077
0.00157738
0.000347423
0.00163105
0.000334299
0.0115968
0.0013675
0.00166141
0.010323
0.00745784
0.00203003
0.00164107
0.00186969
0.00113461
0.00583576
0.001727
0.000665051
0.00164107
0.00137163
0.0010541
0.00645438
0.233113
0.363515
0.181498
0.275118
0.0420923
0.0014876
0.000358444
0.00112826
0.960854
0.0554849
0.00209188
0.000765957
0.00035864
0.000668624
0.00166209
0.00140349
0.000339588
0.000698985
0.00241083
0.0580016
0.00128995
0.00135552
0.0013145
0.00137025
0.111495
0.000341083
0.000353898
0.00778489
0.622382
0.117121
0.0641081
0.0417014
0.0143875
0.00981596
0.0145454
0.198688
1.00731
0.0139061
0.00217074
0.0141103
0.00887119
0.500504
0.102757
0.00150054
0.0195207
0.0597321
0.98952
0.121945
0.824434
0.0663381
0.237872
1
0.112418
0.532604
0.0902377
0.0222652
0.0836651
0.078736
0.290231
0.0962506
0.0116127
0.000850537
0.000375809
0.063245
0.0016948
0.00285859
0.00269579
0.0459883
0.00032371
0.00071812
0.000724005
0.000725
0.00103312
0.000316454
0.000393273
0.000328823
0.00269508
0.00339251
0.00275549
0.0420786
0.00238315
0.00250154
0.00430314
0.190518
0.00279431
0.000382884
0.00405781
0.00293846
0.000361529
0.000378386
0.00230665
0.12655
0.000664483
0.000692997
0.0042504
0.57832
0.225237
0.317473
0.933277
0.177871
0.170503
0.0519584
0.385862
0.00373603
0.00917231
0.00416635
0.00419465
0.0484139
1
0.00693746
0.0343489
0.0143803
0.0145319
0.171911
0.141582
0.00888737
0.0419748
0.854472
0.69929
0.339097
0.107165
0.0616391
0.164529
0.0686129
0.0559946
0.00400766
0.079954
0.000321341
0.000319102
0.00137679
0.000321608
0.00256984
0.000327943
0.00160625
0.000321251
0.000331015
0.000401563
0.000333915
0.000321251
0.00272025
0.237314
0.00318156
0.0326163
0.00139746
0.0255846
0.000670803
0.0369757
0.00586044
0.01297
0.0924499
0.137591
0.407144
0.00203498
0.00203441
0.00457623
0.00203384
0.00203441
0.00435699
0.00203441
0.00136755
0.00136755
0.00136755
0.00136755
0.00138447
0.00267172
0.0162405
0.00669249
0.0013898
0.00130953
0.00214499
0.00075389
0.00204978
0.00184138
0.000690756
0.00136755
0.00316661
0.00460722
0.00137958
0.00136755
0.00137958
0.00274718
0.000318375
0.00394178
0.000698339
0.0811027
0.581173
0.00681175
0.00950432
0.00143794
0.00553881
0.00964391
0.00728896
0.594166
0.0789556
0.606776
0.377369
0.0143028
0.00031221
0.000321046
0.000334937
0.0028759
0.000325941
0.00314836
0.000325941
0.000481569
0.000321046
0.000321046
0.000308311
0.0121267
0.000987135
0.00102483
0.000987135
0.00102483
0.000987135
0.00266708
0.00224458
0.000312673
0.0109202
0.000317167
0.000316938
0.00230474
0.0479975
0.000324571
0.00034421
0.00102574
0.0457591
0.0128823
0.00184997
0.000354805
0.00842282
0.000900698
0.0321077
0.000346744
0.00171645
0.125891
0.00207003
0.00207062
0.00310592
0.00207062
0.0020712
0.00216827
0.00214223
0.0021577
0.00216827
0.00208049
0.00214223
0.00207062
0.00214223
0.00193779
0.00216926
0.00207062
0.0132208
0.00214202
0.000317167
0.00110906
0.00507575
0.424533
0.00519132
0.00519279
0.00519279
0.00519279
0.00519425
0.0053066
0.00519279
0.00544344
0.00763284
0.00534008
0.00544655
0.0139305
0.0323846
0.000317167
0.000332709
0.000325264
0.00357156
0.000325264
0.00047575
0.0144659
0.0207424
0.00440819
0.00668186
0.087757
0.00879441
0.0124247
0.0258435
0.00091797
0.00107361
0.000836047
0.00179215
0.00180507
0.0010675
0.141084
0.00207595
0.00146651
0.650529
0.000684946
0.21461
0.00342674
0.00340051
0.00306748
0.0034627
0.00304251
0.00340051
0.00033303
0.00033303
0.00316806
0.00033303
0.000335599
0.000317431
0.000348284
0.000333332
0.00199818
0.000818363
0.00283488
0.00457248
0.000313198
0.00285413
0.00340051
0.00033303
0.000339121
0.00354062
0.00305877
0.0039722
0.00340051
0.0490518
0.00353227
1.01318
0.000720457
0.0010253
0.00212427
0.0010743
0.00072066
0.00133697
0.00108488
0.000711548
0.00072066
0.000689747
0.00035364
0.00072066
0.00072066
0.000357844
0.00207577
0.00033847
0.000558379
0.000327021
0.00102501
0.0122994
0.00072066
0.000370285
0.000851784
0.0660219
0.00355736
0.0022651
0.000331513
0.000558379
0.00355158
0.0010743
0.00035364
0.000370285
0.000493138
0.00112297
0.00108099
0.00433879
0.0010743
0.000748891
0.158393
0.00111314
0.130449
0.76205
0.436628
0.00279753
1.04758
0.0478681
0.122994
0.0103175
0.0185086
0.01488
0.0245712
0.717897
0.0879863
0.0397556
0.0797108
0.0199673
0.00137135
0.00137174
0.00133522
0.00228624
0.00138151
0.00137174
0.00137213
0.00278481
0.00151564
0.00142991
0.00324836
0.0028008
0.00270697
0.00282176
0.00270697
0.00414111
0.0396987
0.00352572
0.00207285
0.00133522
0.00283196
0.00077203
0.00478421
0.000970895
0.00349546
0.0023717
0.00349842
0.00152416
0.00281003
0.00320252
0.00432215
0.496037
0.159255
0.0467299
0.440274
0.000349032
0.00034913
0.000717527
0.00034913
0.000349228
0.00154371
0.000362248
0.000935904
0.000717527
0.00034913
0.00107715
0.00109561
0.000717527
0.00139782
0.000744486
0.00034913
0.000717527
0.00172147
0.00144704
0.000734679
0.000350733
0.000717527
0.000455387
0.000737004
0.00666171
1
0.0606487
0.0154503
0.029824
0.000316549
0.000321809
0.000395687
0.000316549
0.000322282
0.000316549
0.000326604
0.000316549
0.0254606
0.0063496
0.00102227
0.0010111
0.000993117
0.035545
0.000326299
0.00100666
0.0063478
0.000431658
0.000322282
0.00261848
0.00100637
0.318945
0.424691
0.0209181
0.000311822
0.00067518
0.000313269
0.000361999
0.00067518
0.000408497
0.00067518
0.000315563
0.000313181
0.00069265
0.000313181
0.00194003
0.0050108
0.000313181
0.000331423
0.000314415
0.000313181
0.000324692
0.000389993
0.00357152
0.000297467
0.000680315
0.000295426
0.000391348
0.180156
0.364287
0.181821
0.0255931
0.000648107
0.000666365
0.0104977
0.00064829
0.000648472
0.00229677
0.00277838
0.00108542
0.00498218
0.00244766
0.000663488
0.00064829
0.00298931
0.000670088
0.00064829
0.00236024
0.00800835
0.00826078
0.00589335
0.017965
0.000666365
0.00365289
0.00103772
0.00554421
0.000735625
0.000666365
0.00207932
0.000680941
0.00365289
0.00234959
0.00104624
0.00140362
0.00103772
0.00236889
0.00148246
0.00101739
0.000442379
0.00672064
0.00105571
0.00103772
0.00107763
0.00102475
0.209528
0.2073
0.0291745
0.00302483
0.0087272
0.00351391
0.00980976
0.00205427
0.00243287
0.00303455
0.00146688
0.00145605
0.000355264
0.00417714
0.594998
0.023435
0.773927
0.0608264
0.0096588
0.0175029
0.000367275
0.0116602
0.141894
0.351049
0.142642
0.138552
0.227777
0.0525858
0.537533
0.0312506
0.0336121
0.00100702
0.00961999
0.00100731
0.00100759
0.00635628
0.00105554
0.00100731
0.00105089
0.0117826
0.00100731
0.0236749
0.00100731
0.000990807
0.00151096
0.00137813
0.00102267
0.00629861
0.0332086
0.0045381
0.00453939
0.00920315
0.00453939
0.00454066
0.00521512
0.00475216
0.00205976
0.547803
0.00150161
0.00648484
0.00459014
0.00459014
0.00540607
0.0488764
0.00141849
0.00141889
0.00100951
0.00775224
0.00141889
0.00141929
0.00516816
0.00148353
0.014876
0.0253226
0.00236482
0.0014288
0.0014288
0.00537059
0.0354391
0.00345164
0.00214435
0.0251556
0.000352165
0.00270205
0.00207713
0.00215744
0.00237666
0.0024256
0.00237532
0.00237599
0.00237599
0.0120994
0.00247581
0.0025457
0.0200401
0.172845
0.0130501
0.00930017
0.0165103
0.141848
0.655332
0.484255
0.101536
0.364262
0.561287
0.0507474
0.0225239
0.00199528
0.00207695
0.00199415
0.00299208
0.00199472
0.00204912
0.00396271
0.0022093
0.00195204
0.00199472
0.00208772
0.0061554
0.0165306
0.0124754
0.00929147
0.00287847
0.00737997
0.0067819
0.161214
0.0497646
0.00357693
0.817883
0.00461416
0.00107277
0.00446565
0.0194722
0.00211603
0.00596487
0.00737384
0.0758417
0.766238
0.113963
0.0170702
0.000318058
0.000318147
0.000318147
0.000318147
0.000665693
0.000318147
0.00182164
0.000327063
0.00208998
0.000669088
0.000386185
0.000318147
0.00244819
0.0106502
0.00177417
0.000684407
0.00107145
0.0105881
0.000432243
0.0121624
0.145857
0.177035
0.11171
0.56124
0.0265911
0.00037324
0.000385369
0.000331626
0.000373522
0.00140419
0.00210941
0.0215508
0.305825
0.0134068
0.0211534
0.000560693
0.000360701
0.0010508
0.000741053
0.000389052
0.000433837
0.00037324
0.000711433
0.00257736
0.000508964
0.356056
0.000389335
0.0886873
0.0464893
0.00105724
0.00106637
0.00105664
0.00105694
0.00105694
0.00105694
0.00108322
0.00105694
0.00108426
0.0106425
0.00126833
0.00957111
0.00108426
0.00033164
0.000353528
0.0881447
0.0648009
0.0391435
0.00241199
0.00422386
0.00239352
0.00241199
0.00239352
0.00239352
0.00287223
0.00247201
0.000357794
0.00239352
0.00250316
0.0143611
0.000878418
0.00463835
0.000999339
0.00466985
0.000652067
0.123784
0.170862
0.0782455
0.119184
0.000323739
0.000691239
0.00032715
0.016432
0.585579
0.00048678
0.000545509
0.269539
0.0154202
0.218261
0.483784
0.172694
0.714016
0.000323283
0.0357556
0.00229452
0.00412944
0.00241452
0.00229807
0.011941
0.00229872
0.00240688
0.00229872
0.00367226
0.0022495
0.815067
0.00214305
0.00229872
0.00229872
0.000343628
0.00500866
0.000892223
0.00597049
0.00910272
0.00678371
0.00572476
0.000698443
0.00213459
0.00441402
0.00654258
0.00204509
0.247703
0.00283135
0.00319969
0.00366385
0.0244405
0.0236843
0.00732438
0.00488429
0.0146488
0.0216827
0.0244228
0.00511246
0.000345547
0.0058595
0.00204639
0.00279616
0.0020511
0.00768945
0.00790358
0.000332504
0.00214428
0.00256315
0.00468086
0.0135572
0.0156848
0.00453351
0.00484187
0.00471855
0.00542289
0.000667173
0.00115441
0.000654352
0.00150962
0.00792325
0.000681811
0.000676726
0.00910121
0.0015078
0.934906
0.00114359
0.904833
0.00741567
0.0535215
0.000459055
0.000321769
0.000381809
0.0906622
0.000668875
0.00585425
0.0376616
0.00204163
0.00178219
0.000673733
0.000364801
0.00136098
0.00143074
0.000696952
0.000343098
0.000656564
0.00073114
0.00171946
0.00248589
0.0963932
0.0158376
0.0131813
0.00145092
0.00201346
0.0164069
0.0130792
0.00329521
0.171916
0.00571397
0.116117
0.112289
0.217833
0.0119915
0.011272
0.0119432
0.0275221
0.558587
0.00525154
0.861748
0.115971
0.00129498
0.347087
0.00910504
0.0296865
0.0438346
1.00201
0.298579
0.0517202
0.160374
0.185151
0.0796099
0.0726823
0.0620417
0.04535
0.186543
0.0927686
0.225181
0.0572764
0.000839827
0.000375568
0.427096
0.159339
0.000371077
0.000470851
0.0090957
0.171856
0.0850252
0.000559841
0.000726566
0.00036646
0.0142626
0.00097348
0.00274798
0.000775497
0.0946996
0.00409826
0.00685988
0.00307739
0.062601
0.000736236
0.000322737
0.00183822
0.000653928
0.000728354
0.000998462
0.000664915
0.0017711
0.00551533
0.213598
0.00502853
0.00279071
0.0114274
0.010328
0.00543283
0.00986188
0.0202444
0.000423329
0.0961458
0.0212382
0.289092
0.00362667
0.00948395
0.01051
0.00897199
0.0107688
0.0241045
0.294874
0.0316324
0.140951
1
1
0.090461
0.00481769
0.0240316
0.0297309
1
0.560716
0.2061
0.285601
0.108968
0.067551
0.0473763
0.0380234
0.0463184
0.570604
0.0249513
0.0567744
0.0511892
0.0809404
0.023143
0.0258904
0.234304
0.0187445
0.0352035
0.061183
0.00931926
0.00385408
0.00385299
0.135474
0.0353217
0.0440594
0.00110919
0.0020496
0.00318208
0.231864
0.00235444
0.00276076
0.00202455
0.00209125
0.00202455
0.00212196
0.00202455
0.00253069
0.00205775
0.00212314
0.367875
0.770843
0.248502
0.000366207
0.852101
0.0311468
0.000322277
0.00219513
0.000322368
0.000322459
0.0014504
0.000337803
0.000322368
0.000336316
0.0514496
0.0285505
0.000322368
0.00533939
0.000322368
0.000317087
0.000483552
0.000696446
0.000327283
0.00143724
0.000352865
0.0486851
0.023633
0.00301431
0.00301516
0.00532087
0.00301516
0.00301601
0.00301516
0.00315649
0.0185033
0.0959423
0.0294708
0.00430737
0.00337485
0.00304887
0.00312556
0.0325705
0.0130025
0.00198419
0.00198475
0.00439508
0.0100957
0.00198475
0.00198531
0.00673044
0.00207517
0.73701
0.0351944
0.0092581
0.00330792
0.00199861
0.00199861
0.00699406
0.960087
0.019563
0.000351179
0.00323616
0.0197189
0.0399003
0.00407783
0.00313472
0.00325592
0.018109
0.000373808
0.000375714
0.000384316
0.00312489
0.000368391
0.0219474
0.0596344
0.033195
0.000323157
0.000485457
0.00143065
0.000329379
0.00176375
0.00175095
0.00142961
0.00346333
0.0271646
0.0908086
0.000322198
0.000345826
0.00284139
0.0292595
0.00316185
0.000331739
0.000337668
0.00407995
0.0351365
0.00228914
0.000762063
0.00231326
0.998522
0.00198485
0.00222432
0.000332724
0.000325336
0.00163322
0.000313225
0.000324692
0.000328409
0.00169696
0.00680413
0.0017857
0.00169958
0.0144563
0.00170006
0.00178005
0.00170006
0.00341979
0.00166366
0.953318
0.00158493
0.000680722
0.00170006
0.00170006
0.000361202
0.00606373
0.00032872
0.00722817
0.00660491
0.00283336
0.000720256
0.00646455
0.00754847
0.000690057
0.0705995
0.00414664
0.00369162
0.00422714
0.0178679
0.00206697
0.00137837
0.00413393
0.0196488
0.00144275
0.000348327
0.00165357
0.00275003
0.00375761
0.00275636
0.0103334
0.00913802
0.000335179
0.00288159
0.00344448
0.00400017
0.0115857
0.0144801
0.00387425
0.00413777
0.00403238
0.0046343
0.00215427
0.00372754
0.00211287
0.00487448
0.00602793
0.00220153
0.00218511
0.0293873
0.0227678
0.0176381
0.0159386
0.0313369
0.0362608
0.022813
0.114136
0.179936
0.0505914
0.158808
0.194411
1
1.00365
0.548224
0.249149
0.0238168
0.00279767
0.00313792
0.00279687
0.0114156
0.16486
0.171898
0.114896
0.0272923
0.0295198
0.22727
0.226529
1
0.0089934
0.249217
0.175626
0.00207208
0.029393
0.00113401
0.00070267
0.029618
0.0155485
0.228607
0.116064
0.244575
0.17456
0.0705936
0.00294533
0.0157712
0.000380051
0.149619
0.0905245
0.00896791
0.000693291
0.00246457
0.0159443
0.00211355
0.0010903
0.00211093
0.00494371
0.0033407
0.130849
0.0505768
0.694125
0.133507
0.40972
0.438343
0.0300239
0.000669256
0.0304649
0.000386487
0.00273506
0.316369
0.196514
0.00550336
0.0160618
0.0155699
0.00297146
0.000329711
0.00149536
0.0234302
0.219861
0.00550649
0.0014424
0.000664637
0.00134334
0.573547
0.00404594
0.000318682
0.000327876
0.00398189
0.000364324
0.000376034
0.353128
0.0378263
0.0514308
0.164386
0.183927
0.527455
0.166298
0.055256
0.00681444
0.00443227
0.00678399
0.0216625
0.547839
0.166567
0.0990208
0.0370338
0.141068
0.0336035
0.00398878
0.00283425
0.0043129
0.0305031
0.786157
0.416984
0.106783
0.917114
0.0139147
0.0113284
0.498897
0.153013
0.0158696
0.00979078
0.0166334
0.111093
0.018947
0.095295
0.151024
0.0172104
0.00928253
0.000696812
0.00171074
0.00552191
0.190185
0.557442
0.00504646
0.00555942
0.0259073
0.00378092
0.0057712
0.0768143
0.046801
0.781293
0.244877
0.509101
0.0822627
0.00636901
0.00371251
0.00643612
0.000764247
0.00347594
0.00111199
0
0.0432639
0.0419442
0.000627757
0.000560173
0.0192659
0.00105086
0.0195405
0.00181908
0.276405
0.0849861
0.00169691
1.00709
0.00281888
0.000404261
0.000353275
0.00209272
0.0113004
0.0342533
0.00145065
0
0.0011034
0
0.00039378
0.001718
0.473094
0.00320895
0.820837
0.000782788
0.00203249
0.00252663
0.00160305
0.0773326
0.013995
0.025222
0.24503
0.243891
0.149693
0.0079864
0.147215
0.535256
0.325597
0.0209983
0.242454
0.0447303
0.153503
0.160237
0.0161344
0.438795
0.988295
0.00865383
0.00388433
0.00382369
0.0048698
0.126372
0.0759215
0.374405
0.000648339
0.139903
0.335983
1
0.107588
0.160225
1
0.0962765
0.158139
0.0665589
0.275732
0.285662
0.00348764
0.0893532
0.283292
0.569729
0.0181206
0.18791
0.14824
0.396821
0.0013553
0.00135492
0.00141408
0.0013519
0.00135492
0.00812952
0.00137174
0.00138469
0.0047021
0.0031988
0.0058068
0.00135492
0.00138469
0.00141138
0.00135492
0.0228565
0.0201305
0.135441
0.000355323
0.00152281
0.000463465
0.000355718
0.000507604
0.00525277
0.00037143
0.000369369
0.00436888
0.000409988
0.00037143
0.0247289
0.0250388
0.0744401
0.000411676
0.000771023
0.000356759
0.146522
0.117551
0.000519406
0.000355454
0.000737369
0.0126712
0.00550474
0.00344152
0.000707896
0.00116549
0.00536043
0.000313861
0.000719708
0.000424238
0.00166101
0.0078161
0.000670952
0.000356457
0.000865773
0.236841
0.00139397
0.000365103
0.00140037
0.00143252
0.000738096
0.00536694
0.000809987
0.000350114
0.00143181
0.000888635
0.00517955
0.628999
0.0194655
0.32513
0.00193243
0.00193297
0.00143662
0.000673391
0.00131361
0.00193352
0.00214507
0.000694779
0.00129885
0.00136059
0.00167032
0.0030039
0.00343062
0.00103908
0.0030039
0.00172337
0.0030039
0.00036569
0.000673102
0.0107168
0.0187072
0.00110457
0.00144768
0.000673391
0.000621628
0.00494014
0.000652578
0.000673391
0.00241589
0.00154112
0.00116305
0.000673391
0.00077699
0.0022777
0.00145336
0.00170057
0.00139663
0.00944686
0.00484256
0.00188777
0.0163314
0.385309
0.0283005
0.0396577
0.00138205
0.00035809
0.00411059
0.000371252
0.00670573
0.00035809
0.00106616
0.00138283
0.00035809
0.00548838
0.00317084
0.00657266
0.00206309
0.00414185
0.00503904
0.0117287
0.00102435
0.00105086
0.00103873
0.00307185
0.00197494
0.00399203
0.00195581
0.0032695
0.00186848
0.00239632
0.00106987
0.00144324
0.0239706
0.00033412
0.00106457
0.00172805
0.00196719
0.000372706
0.00572163
0.00201638
0.00196719
0.00104997
0.00102435
0.00104663
0.00106616
0.252594
0.172557
0.0431961
0.0564877
0.000727951
0.00231821
0.00181782
0.00179204
0.000361699
0.00121325
0.00143769
0.000348305
0.00038336
0.00119136
0.000724807
0.000355924
0.000714817
0.000348305
0.000369522
0.00107223
0.00431154
0.00508839
0.0773615
0.000727951
0.000714817
0.000742306
0.000386476
0.00414874
0.000727951
0.000695483
0.000743873
0.000348305
0.000720687
0.000362843
0.00301643
0.000714817
0.00102117
0.0021578
0.00474305
0.000727212
0.000714817
0.000348305
0.000742306
0.0028105
0.0317092
0.0290106
0.0245761
0.0892033
0.000351566
0.000351665
0.000555261
0.00102133
0.00112371
0.000351665
0.000351764
0.000351665
0.000590374
0.000368263
0.00102965
0.000686432
0.000327908
0.000390399
0.000360958
0.000895346
0.00153056
0.00171635
0.0317532
0.000356547
0.000356547
0.000711024
0.000719959
0.000356547
0.00173261
0.00101166
0.00281987
0.00359635
0.00112634
0.000364264
0.000563171
0.00134477
0.00308634
0.987177
0.0223546
0.0529378
0.159058
0.00571991
0.00572152
0.00469447
0.000655855
0.00572152
0.00572313
0.00344261
0.00599679
0.0029725
0.00265024
0.00227891
0.00227891
0.000335295
0.00365929
0.00456726
0.0182323
0.000329885
0.000329885
0.00235399
0.00067972
0.00076295
0.000329885
0.000331629
0.00516391
0.00391926
0.00676984
0.000989531
0.0056657
0.00388266
0.0147201
0.00349906
1
0.22605
0.00378955
0.00379062
0.0063177
0.00379062
0.00379169
0.00379062
0.00397526
0.00870412
0.00186375
0.00454875
0.00390364
0.00036489
0.00390364
0.00386745
0.0190269
0.00102488
0.00102517
0.00139796
0.00102517
0.00102546
0.00102517
0.00107539
0.0157189
0.00146453
0.0010523
0.0010523
0.00104973
0.0266668
0.0030506
0.00203978
0.00365812
0.00428908
0.00320643
0.0013806
0.00170699
0.00304974
0.00213893
0.00203978
0.000709531
0.00166876
0.00172468
0.00511369
0.00171022
0.00168606
0.00266219
0.00536227
0.00206395
0.00168606
0.00168606
0.00449381
0.00419975
0.00417358
0.00175466
0.697875
0.558968
0.00171022
0.00252908
0.000384139
0.00171022
0.00166687
0.00311961
0.00427977
0.00141263
0.00166876
0.00141493
0.00175042
0.00138099
0.00161674
0.0059245
0.0975897
0.476693
0.160814
0.00381223
0.0057041
0.00626739
0.00107899
0.00381116
0.0010587
0.00381116
0.00398932
0.0060823
0.000340262
0.0181224
0.0060823
0.00625779
0.00596794
0.00215678
0.00111012
0.00490924
0.00424274
0.00215678
0.00615142
0.021409
0.0342425
0.0280037
0.000578418
0.0100958
0.00171861
0.0225531
0.000343721
0.00975589
0.000343721
0.000338091
0.00162728
0.0930364
0.0223719
0.0164823
0.000356617
0.00100121
0.000562854
0.000760283
0.00036548
0.00103945
0.000318951
0.000361439
0.00170637
0.000343721
0.000322969
0.00134493
0.00184336
0.01125
0.00167458
0.00109633
0.00373168
0.000735907
0.000712282
0.000727771
0.00142583
0.000378381
0.000366331
0.000345633
0.000705302
0.0184489
0.0230424
0.00410588
0.00053935
0.00475536
0.00616056
0.000358311
0.00410704
0.0041082
0.000668763
0.00423656
0.00429414
0.000372891
0.00410704
0.00410704
0.00064354
0.000365456
0.00461445
0.00410704
0.000648317
0.00475193
0.00078458
0.00104115
0.000365655
0.00410704
0.000360916
0.00210698
0.00410704
0.00407678
0.000610061
0.00037474
0.00427295
0.00202364
0.00100673
0.000372451
0.00334935
0.000958912
0.000358412
0.000360916
0.00265792
0.000648317
0.000908334
0.00413573
0.00200961
0.000953248
0.000648317
0.512864
0.0672822
0.00591663
0.00105111
0.00758715
0.00101166
0.00142111
0.000702249
0.00523004
0.00208313
0.00563311
0.000347832
0.000733101
0.00659427
0.00107617
0.00492915
0.00166885
0.00143876
0.00103965
0.00563311
0.0055046
0.00871859
0.0014158
0.000974167
0.00180609
0.00137821
0.00107807
0.000339897
0.00130142
0.00143534
0.000726917
0.00137821
0.00142663
0.00035483
0.00141551
0.00109579
0.00521605
0.00527237
0.00109318
0.00178773
0.000704131
0.00521605
0.0554198
0.000353985
0.068349
0.000652334
0.000644982
0.0013437
0.00108753
0.000631486
0.000652518
0.000652702
0.000700624
0.0033309
0.000679934
0.00132285
0.00689794
0.000691185
0.00137176
0.0134989
0.0127914
0.00143513
0.000671374
0.000676784
0.00124991
0.000653446
0.000699127
0.000597051
0.00215522
0.000630586
0.000616762
0.00215818
0.0210675
0.000652518
0.00230139
0.143976
0.00109228
0.00111602
0.000367615
0.0015604
0.000369894
0.00103198
0.000377933
0.000369894
0.000528419
0.000751144
0.000386594
0.00112448
0.00090037
0.000372052
0.00035015
0.000367353
0.000372052
0.000755001
0.00109228
0.000351945
0.00143736
0.00113576
0.000369894
0.000384347
0.000420931
0.000348386
0.000722386
0.000743683
0.000384619
0.000722386
0.000722386
0.0660219
0.00109228
0.0395161
0.000332543
0.00198629
0.00386157
0.017673
0.00239756
0.00239824
0.00239824
0.00239824
0.00239891
0.0024508
0.00239824
0.002514
0.00394648
0.00246626
0.00251544
0.000367738
0.0167223
0.00176018
0.00135673
0.0013856
0.00205589
0.00216069
0.00142184
0.00106793
0.00311382
0.381754
0.927348
0.00334527
0.0384787
0.000674486
0.00036024
0.000683572
0.00205986
0.00613973
0.000737187
0.0338515
0.00643876
0.00141162
0.00560541
0.0020454
0.000702292
0.00388848
0.00469607
0.00645778
0.519288
0.863388
0.000902746
0.0020694
0.000361514
0.000681251
0.0117749
0.00138725
0.00137591
0.000363583
0.0010494
0.033313
0.0329472
0.000333728
0.000348803
0.000333822
0.00130889
0.000333822
0.000656291
0.00251245
0.000343176
0.00277757
0.00845323
0.00151231
0.00032393
0.000333822
0.00137442
0.000334097
0.000660818
0.00335474
0.00133684
0.0123365
0.0387237
0.00241911
0.000329895
0.0105468
0.0111031
0.000672607
0.000331534
0.0189895
0.000476888
0.00169267
0.514959
0.517211
0.00111274
0.0707796
0.0454691
0.000681495
0.00138145
0.000681687
0.000322378
0.000681687
0.00140065
0.000312871
0.00038637
0.000320504
0.000681687
0.00174028
0.000348138
0.00177359
0.000320784
0.00174028
0.000331208
0.00174028
0.000320479
0.000320784
0.00212032
0.000320784
0.000334617
0.0017578
0.00159696
0.00174602
0.000311236
0.000322469
0.0030962
0.114025
0.00361006
0.00071428
0.00037421
0.000467762
0.00432935
0.000371947
0.00037421
0.000415789
0.000334374
0.000590857
0.000340849
0.00036024
0.00175559
0.000419288
0.00036024
0.0337406
0.127081
0.000541164
0.0410353
0.0238842
0.00108945
0.000732152
0.000750353
0.00175741
0.000732152
0.000732152
0.000348368
0.00109871
0.000356992
0.000732152
0.000356992
0.000356992
0.000684882
0.000364265
0.000372783
0.00106526
0.0036998
0.000356992
0.00371102
0.000338924
0.000762227
0.000356992
0.000360176
0.000764538
0.000336893
0.034379
0.0236375
0.0471517
0.0301304
0.000648118
0.00791159
0.00315537
0.00278105
0.00321308
0.00037674
0.00275842
0.000374316
0.00244587
0.000366106
0.000646355
0.000313121
0.000374316
0.000313121
0.000680269
0.000381163
0.00220268
0.000313121
0.000313121
0.000377204
0.000325254
0.000648301
0.00065524
0.000824925
0.00174713
0.000648301
0.000373596
0.000772732
0.000391461
0.000313121
0.00765269
0.0066126
0.00293805
0.0131854
0.000313121
0.000352026
0.000447316
0.00595629
0.00346849
0.000687437
0.000318848
0.000391461
0.0036114
0.00249995
0.00204562
0.00315537
0.0335998
0.0920084
0.00327763
0.0959369
0.0440347
0.000327388
0.00729187
0.000327296
0.000327203
0.00309546
0.000327296
0.000327296
0.000405329
0.000327296
0.000368107
0.00105472
0.00522216
0.00568735
0.000342125
0.0221213
0.000327296
0.0068874
0.00033052
0.000327296
0.00439536
0.000490944
0.000514628
0.000306817
0.000340117
0.125846
0.23291
0.00174494
0.00174445
0.00174395
0.00182117
0.00174445
0.00174445
0.00595942
0.0198687
0.00182821
0.00193827
0.00300658
0.0034152
0.0294127
0.367062
0.000338055
0.00033796
0.000563108
0.000354442
0.00033796
0.00033796
0.00140213
0.597523
0.446666
0.000354509
0.000440818
0.022682
0.201685
0.00508736
0.0115721
0.0100408
0.000452478
0.10463
0.000378823
0.000375148
0.00222272
0.000817785
0.000330685
0.900332
0.208371
0.000349769
0.000387872
0.00034816
0.000367807
0.000358879
0.000675787
0.000379739
0.00165572
0.00207555
0.00699961
0.000992992
0.00172331
0.0103401
0.00311444
0.00396456
0.146565
0.00176657
0.00277292
0.00616463
0.00150125
0.00141214
0.0183782
0.0201237
0.00222221
0.00224137
0.00104598
0.0195863
0.17696
0.00122713
0.0010589
0.000875746
0.0124457
0.00348738
0.00220851
0.000381339
0.00182307
0.0283428
0.00124622
0.000767462
0.00107151
0.0154635
0.00304936
0.000381078
0.00487656
0.21423
0.000456171
0.00107516
0.00101603
0.00039038
0.000828709
0.0010533
0.00416446
0.000390403
0.000558815
0.00279419
0.00111763
0.00537705
0.00285013
0.055011
0.00133075
0.00421121
0.0415425
0.00216617
0.0239119
0.00210443
0.00591842
0.149284
0.00159661
0.0163898
0.000370298
0.000356145
0.00664281
0.0269147
0.00132512
0.000370298
0.0110835
0.000370298
0.0578797
0.0142074
0.00607033
0.00741479
0.000380082
0.0122719
0.00456139
0.0359371
0.0424564
0.0101535
0.00461743
0.00300164
0.00559749
0.220078
0.156513
0.00146973
0.0013392
0.0017713
0.00164681
0.00165623
0.00255966
0.00138639
0.00404357
0.113634
0.00208123
0.00220743
0.00673868
0.0226521
0.000343213
0.00149964
0.00567043
0.0185621
0.00214527
0.0018731
0.00170771
0.016782
0.000721461
0.000379299
0.00062132
0.0157666
0.00093198
0.00169769
0.00247199
0.000373442
0.00144574
0.020898
0.00138179
0.00171529
0.00326872
0.000415495
0.128867
0.00504023
0.0125477
0.0218581
0.362875
0.130719
0.459457
1.00569
0.0466849
0.0236657
0.0132412
0.0128227
0.0121498
