0.0303428
1.03454
0.00133377
0.00381667
0.00595458
0.0930261
0.0061907
0.00415564
0.00201975
0.773887
0.00142033
0.00142451
0.00543534
0.000769377
0.000783993
0.000738413
0.00276776
0.00270692
0.000731412
0.000664304
0.00139751
0.169241
0.250006
0.00253555
0.00360175
0.0152013
0.00151328
0.00282667
0.00343048
0.0139093
0.00143923
0.242065
0.115838
0.0169969
0.153816
0.00977457
0.0549457
0.0869759
0.0143426
0.0521611
0.00153801
0.00984529
0.00509392
0.263721
0.00486377
0.00154914
0.0244491
0.91176
0.884666
0.121444
0.0371077
0.0201552
0.000675415
0.00695182
0.479565
0.179298
0.00474428
0.00414954
0.000682829
0.0311533
0.0505627
0.0199435
0.0422044
0.00419509
0.153919
0.390069
0.0611091
0.740187
0.182993
0.00070548
0.000736833
0.00117061
0.0627034
0.0698704
0.0092862
0.0171405
0.0306872
0.0102046
0.0700482
0.190272
1
0.0123836
0.77778
0.0221998
0.0170788
0.0228403
0.0330185
0.00160023
0.0485682
0.000779713
0.00186011
0.0398319
0.00376868
0.0281037
0.482325
0.000754434
0.29548
0.297095
0.505747
0.0329003
0.0374107
0.00429514
0.0118444
0.00203893
0.00541192
0.00943552
0.00280244
0.00131212
0.00269703
0.375287
0.196218
0.00274178
0.0135239
0.00263862
0.00213541
0.0637584
0.00147475
0.2256
0.00137035
0.0013271
0.00332593
0.00130661
0.00264975
0.0208147
0.00143424
0.430135
0.00786702
0.0111569
0.00508322
0.00626873
0.0316791
0.00407294
0.00424771
0.0125676
0.340631
0.00275096
0.0924802
0.0337029
0.00181829
0.129189
0.023338
0.0397683
0.0240393
0.0703006
0.0310968
0.547238
0.0156535
0.00900626
0.0296237
0.0015627
0.000753575
0.00180125
0.0135988
0.015701
0.348012
1.00518
0.20949
0.0200998
0.0277575
0.0681472
0.00512248
0.0400026
0.166686
0.00515728
0.0183648
0.115259
0.00818696
0.0529143
0.538988
0.458356
0.169544
0.121371
0.00262091
0.0129767
0.00136537
0.00414753
0.270903
0.00427159
0.00137976
0.0241433
0.0119033
0.0245134
0.0043166
0.0692907
1.03318
0.0414603
0.362435
0.0217373
0.165427
0.0219984
0.0269271
0.0721404
0.536227
0.0216167
0.00145092
0.0398667
0.000693173
0.463378
0.0491529
0.209686
0.231419
0.0891677
0.640144
0.0126608
0.0181255
0.00217636
0.00279408
0.0198312
1.07372
0.0263368
0.245262
0.0040102
0.00217892
0.00915785
0.0855252
0.0451595
0.0798873
0.000847435
0.000737333
0.0110623
0.00840294
0.0346071
0.00258514
0.00721147
0.125089
0.00581805
0.00685113
0.048155
0.047432
0.0083488
0.39847
0.281831
0.569924
0.00325141
0.349491
0.00861569
0.0195673
0.20068
0.892426
0.0301766
0.055837
0.00365853
0.00893279
0.0296267
1
0.0164986
0.12854
0.0145735
0.0169536
0.0145694
0.118987
0.69134
0.318968
0.075666
0.00398069
0.0117621
0.00472709
0.00142325
0.011803
0.148297
0.723334
1.00064
0.0690661
0.151166
0.00217523
0.00144635
0.0233038
0.331494
0.00145681
0.0617053
0.53988
0.623823
0.0685332
0.517085
0.0213778
0.00967873
0.00072596
0.061329
0.279941
0.664361
0.0205805
0.10408
0.110358
0.997661
1
0.270781
0.543841
0.283781
0.00150146
0.599318
0.00268072
0.00372118
0.357564
0.000836812
0.00437867
0.00572655
0.0237645
0.00267166
0.00266226
0.00923049
0.000743697
0.00838912
0.102365
0.0209453
0.0236503
0.00226665
0.0132285
0.470434
0.0226845
0.000707756
0.0290428
0.000732512
0.000724278
0.0117359
0.240522
0.000850897
0.00462389
0.251671
0.00680711
0.00264455
0.0123031
0.0020854
0.0011009
0.00084807
0.00263459
0.00850297
0.00220782
0.0208718
0.118954
1.00102
0.00924579
0.316502
0.184534
0.00141168
0.00148181
0.00383738
0.0201151
0.00332478
0.0021097
0.00518729
0.00204756
0.00353892
0.00841188
0.578273
0.000699266
0.000734911
0.0025633
0.00271157
0.0253398
0.140523
0.020934
0.00124808
0.00147233
0.00307636
0.0115453
0.000684695
0.000716619
0.144728
0.00903071
0.00355048
0.0183297
0.164795
0.122349
0.00921294
0.00200983
0.121047
0.0187451
0.000768561
0.0503614
0.00465823
1
0.0742803
0.243055
0.0501443
0.245077
0.137552
1
1
0.278051
0.098003
0.00676215
0.0124712
0.00750533
0.0925239
1
0.0220746
0.516796
1.0043
0.0122583
0.00224454
0.00656394
0.0251643
0.317123
0.0216657
0.0199602
0.0217667
0.00346336
0.0251297
0.00399205
0.00419175
0.0209819
0.361966
0.172097
0.0542316
0.497079
0.00133066
0.0032669
0.0105047
0.0911708
0.024244
0.0293566
0.00136565
0.00914822
0.00145269
0.262689
0.0114873
0.00224191
0.0488743
0.755566
0.642534
0.00748305
0.0214761
0.0198163
0.938505
0.0376613
0.6639
0.0724568
0.996997
0.137007
0.134599
0.120569
0.197048
0.101308
0.420281
0.0330577
0.0160433
0.012168
0.0459941
0.176947
0.0152726
0.00615553
0.000680696
0.00477286
0.000888527
0.0412215
0.0471177
0.0133284
0.981257
0.00573261
0.0208189
0.00514589
0.0167098
0.00253295
0.00645141
0.40175
0.125472
0.129313
0.0767612
0.0967255
0.431516
0.58324
0.00205959
0.00747515
0.00134816
0.217956
0.313374
0.330419
1.01107
1
0.4659
0.00385821
0.0466351
0.8978
0.117576
0.0745283
0.111362
0.133163
0.0787232
0.519624
0.823463
0.0181033
1
0.0617717
0.0494868
0.341439
0.00646934
0.280451
0.357789
1
0.047298
0.00213291
0.0108269
0.000764056
0.0118149
0.00215633
0.0310604
0.167683
0.424373
0.00278415
0.00595051
0.00340454
0.641313
0.0820073
0.101183
0.0768366
0.00441618
0.011306
0.062296
0.0363702
0.00726405
0.0462042
0.0823601
0.519761
0.195199
0.197907
0.110311
0.532758
0.43493
0.087984
0.254087
1
0.91806
0.193563
0.0285147
0.0193968
0.0293374
0.0395787
0.0748736
0.98067
0.0142763
0.00128944
0.00630797
0.00161658
0.125397
0.102348
0.326799
0.229774
0.0495465
0.0509549
0.0377635
0.245666
0.496661
0.442322
0.148652
0.484538
1
0.0247368
0.629193
0.0219756
0.036247
0.00327512
0.889447
1
0.06717
0.154386
0.00531345
0.00717937
0.0339156
0.288208
0.136349
0.634873
0.000619946
0.00202727
0.000737776
0.0344251
0.00341215
1.03976
0.0033554
0.00856763
0.000625554
0.00138982
0.000650664
0.0221548
0.762842
0.00368636
0.000620765
0.241671
0.771972
0.00134123
0.0499823
0.0481835
0.00135536
0.139751
0.0830663
1.00799
0.000976938
0.131645
0.482877
0.00102642
0.0010948
0.237711
0.000649003
0.000740187
0.1123
0.187041
0.00564807
0.000765462
0.00882628
0.000753449
0.000650527
0.00739585
0.00151547
0.00141396
0.000633378
0.0128949
0.362675
0.00075353
0.000718491
0.0694252
1
0.18554
0.0263459
0.000801018
0.000683225
0.00558645
0.00630448
0.0160193
0.98579
0.111924
0.00315086
0.00147105
0.00944335
0.00147105
0.00298573
0.00282305
0.00147105
0.0146622
0.0021811
0.00224316
0.17827
0.317376
0.0158868
0.000631593
0.00366595
0.0137203
0.104646
0.241258
0.0568746
0.00479209
0.00287525
0.114444
0.0141016
0.0439934
0.681106
0.117898
0.0388093
0.00421854
0.0142036
0.0458027
0.211154
0.00634529
0.0399807
0.00424906
0.233475
0.127077
0.75525
0.732807
0.328464
0.530525
0.00107826
0.165987
0.0210802
0.00139136
0.00425665
1.00727
0.159577
0.0475638
0.128152
0.00496201
0.00149452
0.00140664
0.0338484
0.0122116
0.0148128
0.0314758
0.00139635
0.0969767
0.0254991
0.335787
0.0526052
0.920102
1
0.000920797
0.00347328
0.000675251
0.000713247
0.65665
0.00068382
0.165354
0.0389179
0.03167
0.0524148
0.0233788
0.0843787
0.00354406
0.228922
1
0.00664914
0.00464421
0.0047402
0.00161585
0.000846119
0.000679475
0.00328877
0.00218215
0.00576356
0.00251601
0.000648691
1
0.0203129
0.00448847
0
0.010739
0
0.00134654
0.00165958
0.0122982
0.000679739
0.00116578
0.000688702
0.000751692
0
0.00803595
0.020555
0.00246203
0.00105514
0.00145517
0.000700737
0.00869333
0.000648691
0.000680225
0.371041
0.00192482
0.00200476
0.019522
0.00134654
0.00430795
0.019016
0.00696058
0.00252477
0.00134601
0.000747129
0
0
0.0123801
0.00150169
0.00967761
0
0.00260066
0.00516571
0.0180149
0.0287729
0.0651836
0.923351
0.13817
0.915244
0.980569
0.0430401
0.264835
0.262222
0.512318
0.0775481
0.897797
1
0.174312
0.0426942
0.0701612
0.0111398
0.0325773
0.00517821
1.00223
0.0309822
0.00519391
0.00071369
0.024657
0.0340057
0.00232512
0.103372
0.298575
0.0781826
0.304108
0.102703
0.0477224
0.117163
0.0048696
0.0534746
1.03679
0.482349
0.00216278
0.00351254
0.0118321
0.00490268
0.00642909
0.0282254
0.000743803
0.0420315
0.00543345
0
0.154076
0.000772624
0.00317748
0.000697261
0
0.00141445
0.0438488
0.0129021
0.167145
0.00286753
0.785558
0.000741413
0.668039
0.507559
0.743354
0.00445529
0.000682976
0.278603
0.0041508
0.0205515
0.0020508
0.00140725
0.846991
0.00710359
0.00207241
0.00365156
0.0654892
0.00403877
0.00237741
0.0550198
0.00582986
0.213225
0.974834
0.0391191
1
0.00128783
0.000734894
0.000727817
0.00064859
0.0042405
0.000741413
0.00064512
0.00158874
0.00193687
0.00139015
0.0075124
0.000713222
0.00128988
0.000713222
0.000713222
0.00140049
0.00222045
0.0072594
0.000742508
0.990636
0.00219547
0.0167573
0.000851818
0.000743803
0.00148542
0
0.0150577
0.00110016
0.0171179
0.00164536
0.00421627
0.0276613
0.00110036
0.340457
0.00213667
0.000715753
0.0278859
0.00278926
0.00789089
0.0018727
0.0255048
0.00233746
0.00210861
0.000903689
0.018707
0.00175287
0.00541063
0.0102133
0.000673736
0.00942325
0.0633502
0.123081
0.0630578
0.000733256
0.0588648
0.00384684
0.327086
0.0782049
0.00228728
0.028916
0.00066852
0.000645833
0.0265203
0.00230383
0.15336
0.0480443
0.610156
0.276723
0.000993298
0.000694832
0.000629089
1
1
0.000640573
0.000666083
0.192955
0.000688255
0.00755276
0.00066852
0.0468145
0.00066852
0.00130954
0.0473342
0.00690048
0.131397
0.00250218
0.563631
0.372274
0.00156515
0
0.000669041
0.664484
0.000629089
0
0
0
0.169012
0
0
0.0144262
0.0128064
0.00066852
0.0548829
0.00993428
0.000871983
0.0708502
0.0029143
0.213085
1.00092
0.00298068
0.000785481
0.000674084
0.000674084
0.16733
0.382422
0.196258
0.242677
0.278736
0.204354
0.00668563
0.128426
0.393384
0.159263
0.00423752
0.0173937
0.0142859
0.00423443
0.0722222
1
0.0192809
0.530807
0.0882543
0.451706
0.0432734
0.00153794
0.0301786
0.049034
0.525608
0.0120938
0.0427134
1.05844
0.352166
0.0022023
0.00378868
0.00267254
0.0159267
0.0173395
0.00146039
0.0414404
0.133815
0.103504
0.230119
0.779011
0.00554785
0.0650748
0.0458045
0.00493682
0.181094
0.837891
0.00281377
0.00273423
0.00286419
0.468511
0.0277266
0.00478907
0.0268802
0.0394694
0.00418182
0.0496512
0.868915
0.0713107
0.142918
0.0704541
0.0767034
0.0356029
0.0209907
0.173236
0.0170342
0.197784
0.00275344
0.00275344
0.00283045
0.00275344
0.00275344
0.00708512
0.00275344
0.00848885
0.00275344
0.00281499
0.0103223
0.014991
0.0333331
0.00616909
0.00201494
0.842812
0.00137867
0.00643405
0.006134
0.00137828
0.00475572
0.00172267
0.006134
0.000637136
0.0014457
0.006134
0.00475572
0.00693705
0.00137828
0.00475572
0.00134065
0.00643405
0.00183048
0.0578288
0.006134
0.00642529
0.00783952
0.00134617
0.00143081
0.00137828
0.00137828
0.00546987
0.00137828
0.00141187
0.00137828
0.00593649
0.00139936
0.00319984
0.0828883
0.000718901
0.00376094
0.00287077
0.000718699
0.000718699
0.00287077
0.000755233
0.00358947
0.00457765
0.00358947
0.00287077
0.00366427
0.00350742
0.00376094
0.00287077
0.000669483
0.00358947
0.00295495
0.000694666
0.000709847
0.0136494
0.000718699
0.000718699
0.000733579
0.00500545
0.00974403
0.0493409
0.0123236
0.000635599
0.0128746
0.000624886
0.0123202
0.0135802
0.0129452
0.0129452
0.000625062
0.0178206
0.0129452
0.000625062
0.000625062
0.0131652
0.000645367
0.0135695
0.000625062
0.0118559
0.018425
0.0123202
0.000635684
0.000583782
0.000655204
0.0133657
0.0125278
0.000601508
0.00858327
0.0153365
0.0306919
0.00147297
0.00179492
0.000723682
0.00349451
0.00709534
0.00292261
0.0522363
0.00374967
0.761025
0.00163102
0.000635008
0.00278362
0.00234354
0.000624945
0.00358602
0.00071343
0.00147349
0.00351373
0.00802406
0.0503157
0.00712944
0.000764387
0.0027535
0.00433478
0.00562749
0.0103302
0.00560325
0.452507
0.000647179
0.00110416
0.0400121
0.000635667
0.0245381
0.00120486
0.00356568
0.00282951
0.000779148
0.0135533
0.00147208
0.00426079
0.0444798
0.75256
0.0297066
0.00769533
0.00276684
0.00143625
0.00151976
0.354002
0.196506
0.866988
0.00797277
0.00220341
0.00106729
0.000688391
0.00151163
0.000683063
0.000638937
0.000747204
0.00346983
0.0588702
0.251181
0.0198674
0.0786983
0.0206919
0.00169149
0.0307309
0.000625672
0.00144501
0.00139503
0.00146088
0.00139503
0.476012
0.00880598
0.00267805
0.023586
0.0014123
0.00145882
0.00646816
0.00508125
0.00999817
0.00216105
0.00284287
0.00481337
0.00138788
0.00761484
0.972355
0.976967
0.993794
0.088127
0.00221933
0.00832013
0.00289277
0.00513135
0.000674071
0.000704028
0.00207304
0.0022187
0.00217912
0.00150674
0.00266143
0.000733871
0.000734078
0.00340707
0.00431376
0.000755965
0.000734285
0.000734078
0.00137234
0.0153753
0.000755965
0.000734078
0.00220223
0.00436721
0.0056713
0.00559141
0.00372128
0.000734078
0.0054971
0.00644967
0.000734078
0.000708709
0.0230629
0.000633554
0.000633733
0.000864181
0.0048108
0.000633733
0.000633911
0.000633733
0.0171565
0.000664775
0.549433
0.000957493
0.00744114
0.00742915
0.00139258
0.00479917
0.000650505
0.00361183
0.0171565
0.00211181
0.00878945
0.00571974
0.00221447
0.00211181
0.00362278
0.0186717
0.000705778
0.00137039
0.000740316
0.00211181
0.000705778
0.17163
0.00211181
0.000705778
0.0125089
0.00211181
0.000705778
0.00777178
0.00556488
0.00143421
0.00718132
0.00292313
0.0513471
0.000734442
0.00349675
0.0512393
0.0059872
0.00116558
0.000712752
0.00860013
0.000733316
0.00174838
0.0187331
0.000623778
0.0117269
0.0323572
0.0395578
0.0397652
0.000646915
0.0124324
0.0355929
0.0262202
0.0219698
0.0124496
0.0287297
0.0340065
0.0140892
0.0130331
0.0746973
0.0167273
0.0147015
0.00980102
0.029403
0.219874
0.0102475
0.0490051
0.0308301
0.022051
0.0216172
0.0055859
0.583258
0.00144326
0.00151293
0.00144326
0.279483
0.00616216
0.00646376
0.000752906
0.00616216
0.0492658
0.000674862
0.000643949
0.000643767
0.00101581
0.00604764
0.000643949
0.000643949
0.00349006
0.0016081
0.00062889
0.000675383
0.000674852
0.000643949
0.00193185
0.000643949
0.000662582
0.00341687
0.000622743
0.00633786
0.000643949
0.000676775
0.000726641
0.00604764
0.0264686
0.000687875
0.000705001
0.000657815
0.000893955
0.00480306
0.000658001
0.000658001
0.000653358
0.0028097
0.000645564
0.000689785
0.000658001
0.0514038
0.000669487
0.000679138
0.000740319
0.000642651
0.00395157
0.00135915
0.00502118
0.0123408
0.000658001
0.0121881
0.009567
0.044477
0.000688642
0.00072075
0.00219334
0.0592992
0.5071
0.00294046
0.000712795
0.000717031
0.00133768
0.0130014
0.00290565
0.012788
0.0668724
0.00130213
0.00134867
0.0013025
0.0013025
0.00130287
0.00488438
0.0013025
0.000636055
0.0013025
0.00195667
0.0013025
0.00781501
0.0013025
0.00128963
0.00187811
0.00161763
0.0355114
0.0013025
0.203715
0.0021845
0.00177812
0.00142686
0.00766769
0.000744202
0.0177438
0.00358372
0.0109227
0.000927717
0.204799
0.000741956
0.0402404
0.0237417
0.000708945
0.000848466
0.000665379
0.00427354
0.00322858
0.0794899
0.318436
0.998923
0.00269021
0.000710439
0.00847016
0.00280701
0.00269097
0.00338902
0.0112936
0.00269097
0.0021142
0.000697097
0.026092
0.000697097
0.352084
0.165515
0.00269097
0.00207904
0.00504557
0.00404246
0.00144439
0.00066511
0.0035316
0.00254879
0.000726316
0.000670743
0.00342593
0.0122851
0.0626288
0.428111
0.00269097
0.0536507
0.486307
0.00206688
0.00567117
0.0021421
0.00206746
0.00206746
0.00206805
0.0092262
0.00206746
0.00562104
0.00211886
0.022932
0.0662852
0.00282888
0.000863432
0.000751354
0.0124048
0.000721275
0.00586968
0.00133518
0.0661837
0.0305114
0.0615685
0.0154372
0.00903458
0.0524865
0.0018512
0.000705074
0.0320504
0.0253019
0.506616
0.00360047
0.002091
0.00914843
0.000701029
0.000634943
0.00191323
0.0114101
0.100318
0.986633
0.15309
0.0588243
1.00222
0.0237207
0.00470855
0.00696516
0.0137381
0.0130782
0.00696124
0.00640353
0.00729175
0.0130782
0.0130782
0.00611501
0.00611501
0.0062362
0.00629966
0.00611501
0.00641253
0.0126155
0.0062362
0.00642355
0.000718242
0.0129542
0.0062362
0.0130782
0.00841153
0.0133374
0.00726239
0.00663459
0.0130801
0.0124397
0.0130464
0.0124397
0.0124397
0.0124397
0.0124397
0.0124397
0.0124397
0.012774
0.0130489
0.977384
0.00282988
0.0127325
0.012774
0.015276
0.0130489
0.0127325
0.000710159
0.0088642
0.0088617
0.012656
0.00929347
0.0088617
0.0088617
0.000692783
0.000692783
0.000726538
0.000692783
0.000692783
0.000692783
0.00816892
0.000674859
0.139623
0.00143543
0.0052489
0.00929556
0.000944704
0.000745561
0.01341
0.0120841
0.000686169
0.00346633
0.00424022
0.00415748
0.00415865
0.00415865
0.00435433
0.00347268
0.0124816
0.00406961
0.0945399
0.00387702
0.00352532
0.00415865
0.00436088
0.00519832
0.00401384
0.00272939
0.00284884
0.00422396
0.00272939
0.00272939
0.00272939
0.00286034
0.00272939
0.00292435
0.00272939
0.00272939
0.00206825
0.000747865
0.00272939
0.00272939
0.0199716
0.00270943
0.00286034
0.00327527
0.00280918
0.00293508
0.00280839
0.0028076
0.00421259
0.00280839
0.00280839
0.162684
0.00284116
0.00312043
0.00294041
0.00337007
0.00540786
0.99384
0.00515853
0.00343551
0.00391247
0.0243839
1.04188
0.0194398
0.00166432
0.00443818
0.000669552
0.00479998
0.146424
0.00240037
0.0020026
0.020026
0.00139193
0.00142093
0.00189808
0.00145981
0.00139764
0.00524113
0.0704183
0.00296281
0.00572667
0.0109071
0.0901301
0.0669789
0.0148808
0.0488941
0.365914
0.00309252
0.00419872
0.0109626
0.0869888
0.00628815
0.0159244
0.136843
1
0.0090421
0.00563491
0.675629
0.268477
0.00223745
0.0066115
0.00533772
0.0729838
0.977319
0.450876
0.00583929
0.0584626
0.0228029
0.00258008
0.0732947
0.681467
0.0749238
0.99164
0.00146247
0.00184284
0.0255174
0.019433
0.0125558
0.00812482
0.0266958
0.201363
0.00134016
0.00205653
0.0186033
0.00275128
0.00355219
0.00131618
0.00634911
0.00202303
0.00758637
0.00271121
0.010167
0.0110066
0.0471713
0.40912
0.00413941
0.0468173
0.559771
0.0689864
0.0572058
0.202391
0.0118463
0.00128583
0.00292029
0.254441
0.58175
0.034774
0.0395071
1
0.02756
0.185534
0.31155
0.298573
0.820759
0.140306
0.181135
0.0137362
0.480895
0.611005
0.00338306
0.0161071
0.314497
0.00536902
0.00328315
0.00337787
0.00805354
0.224946
0.016245
0.000644678
0.00710044
0.000669298
0.00276291
0.0243035
0.000669298
0.000644678
0.00884158
0.946924
0.00174182
0.0367066
0.938609
0.0131388
0.00271062
0.0143326
1.05427
0.00608066
0.147776
0.046275
0.0100479
0.00759813
0.00497357
0.0243818
0.00899838
0.00209962
0.104714
0.000616098
0.00489173
0.000609705
0.014516
0.00570874
0.00550663
0.00862885
0.00550663
0.00189332
0.0127763
0.00550663
0.001449
0.00340701
0.00556204
0.000616272
0.00914447
0.000748527
0.00209444
0.00209503
0.00209503
0.00209503
0.00209562
0.00220221
0.00209503
0.00219616
0.00220221
0.00785638
0.00215446
0.00111746
0.137242
0.00615757
0.00647145
0.224433
0.506974
0.334222
0.0065171
0.311946
0.526313
0.0635141
0.000691678
0.00387342
0.00129114
0.000664129
0.00129114
0.000664316
0.000635268
0.000691703
0.000664316
0.000664316
0.00134437
0.00065605
0.000626824
0.00268639
0.000635268
0.000600918
0.0395174
0.0396473
0.016294
0.00181177
0.222511
0.0316569
0.00224433
0.00333712
0.00346458
0.0274265
0.127574
0.00728087
0.991408
0.032919
0.203481
0.660391
0.00204862
0.0013471
0.00102204
0.000787233
0.000729145
0.000675758
0.0216594
0.00347868
0.0203496
0.0120022
0.00702785
0.00685034
0.0107486
0.000993909
0.00149905
0.000646077
0.0223447
0.00152936
0.46411
0.723732
0.321189
0.530944
0.110899
0.00298072
0.00324208
0.00226072
0.991823
0.0729832
0.000634731
0.0283143
0.059871
0.001335
0.00140049
0.00133173
0.0013882
0.145035
0.21301
0.0105122
1
0.248117
0.226785
0.0276344
0.00642838
0.0114722
0.00650476
0.00649895
0.0329118
0.287309
1.0075
0.0606054
0.00282187
0.0172457
0.0280333
0.00286331
0.0704782
1.00851
0.207054
0.0467015
0.0882528
0.0724523
1
0.529531
1
0.216965
0.557671
1
0.367672
0.700463
0.256952
0.0476989
0.238236
0.223679
0.268874
0.0132494
0.089168
0.000663499
0.126083
0.000866081
0.00737158
0.00779168
0.00584443
0.00344275
0.00732718
0.15128
0.00553065
0.00696908
0.0842843
0.000674061
0.0196539
0.00887808
0.00931911
0.349504
0.0169438
0.00127961
0.00198356
0.00134272
0.00260056
0.00479786
0.243322
0.740013
0.898781
1
0.809703
0.160138
0.0921228
0.362405
0.0246327
0.00134296
0.00329709
0.00133592
0.00543203
0.00134499
0.0156512
0.0493099
1.01851
0.0345969
0.171297
0.0102732
0.0375937
0.0103815
0.107893
0.663987
0.546845
0.021802
0.108459
0.112261
1
1
0.906914
0.116421
0.208271
0.178739
0.244235
0.0725602
0.199319
0.00199677
0.000676418
0.000746826
0.164039
0.00169075
0.0013923
0.000754031
0.000777465
0.00213021
0.0013378
0.00212285
0.0103317
0.000695072
0.00356392
0.00126566
0.0020994
0.00393148
0.080741
0.0120425
0.024864
0.521991
0.268337
0.371184
0.234169
0.000936446
0.0082927
0.00647756
0.0152073
0.000751827
0.00195199
0.00654867
0.000726825
0.045781
0.372001
1
0.000907374
0.0068694
0.0035656
0.0238038
0.000760823
0.00317747
0.00361797
0.000737803
0.10039
1
0.186892
0.999692
0.626902
0.00616176
0.00281222
0.0330039
0.00179958
0.000747259
0.00175713
0.0172893
0.00172396
0.000733995
0.000916134
0.0145759
0.00740909
0.000653792
0.00140931
0.00346943
0.00175693
0.0596743
0.0184204
0.00133711
0.0018108
0.282213
0.00413652
0.00142885
0.0027566
0.0642431
0.0120762
0.00618834
0.00202683
0.00279918
0.00243471
0.0687614
0.00472223
0.00348112
0.00273349
0.000679479
0.0441767
0.151942
0.00327715
0.00281604
0.0035679
0.30493
0.0726231
0.00400179
0.00356945
0.00531101
0.0364949
0.00488834
0.00444679
0.00460096
0.03043
0.00621102
0.00719547
0.000962334
0.0468361
0.00280533
0.00868939
0.00167349
0.209346
0.0137555
0.000691361
0.0257371
0.000706661
0.00136077
0.000704665
0.464613
0.000618351
0.000760276
0.114555
0.000713758
0.605196
0.00226362
0.00133075
0.00201244
0.121366
0.058952
0.0130148
0.0049005
0.0242635
0.00145528
0.0499381
0.00147061
0.143321
0.960773
0.368693
0.998824
0.572292
0.00504425
0.998889
0.0415694
0.276397
0.0238584
0.0421712
0.0172124
0.0326212
0.0688392
0.179458
0.494407
1
0.0470148
0.00614505
0.00614679
0.000666767
0.00918275
0.000659227
0.00614679
0.00614852
0.011289
0.0817018
0.015367
0.00990998
0.00704973
0.00681356
0.00219192
0.0495499
0.000778474
0.0816935
0.00681356
0.0166761
0.0305841
0.0256121
0.0118423
0.000637142
0.000666767
0.000666767
0.00219192
0.0195576
0.00397269
0.000666767
0.00200936
0.000666767
0.000692154
0.0126692
0.00101527
0.0226237
0.00791822
0.0366199
0.00972291
0.003589
0.77863
1
0.0855829
0.817527
0.0040119
0.00401303
0.00401303
0.00401416
0.017547
0.00870889
0.00145298
0.00523439
0.00153988
0.00291083
0.00412196
0.00401303
0.0235159
0.00143353
0.00401303
0.000827566
0.00196491
0.00369704
0.000749274
0.00153368
0.000692836
0.00347112
0.00146294
0.00504085
0.00168044
0.00884409
0.00600156
0.00143627
0.015692
0.00182656
0.00140036
0.00181168
1
0.149031
0.023882
0.0594827
0.000651659
0.0006516
0.000717224
0.0459972
0.000651784
0.00840459
0.00355594
0.00216606
0.00139361
0.00147593
0.00284475
0.0106376
0.00147593
0.00284475
0.00375893
0.00274764
0.095661
0.00134031
0.00220555
0.000616552
0.00279257
0.000668428
0.00268855
0.00234216
0.0148759
0.0006516
0.000644092
0.00131545
0.00709176
0.00212753
0.00630877
0.0159565
0.0006516
0.000679359
0.00499188
0.000630486
0.00147593
0.000405353
0.00335713
0.00442778
0.0107816
0.00139733
0.0006516
0.00147593
0.00211369
0.00147465
0.481411
1
0.0431902
0.0007006
0.000676052
0.00130976
0.00483983
0.000700798
0.00285519
0.00655164
0.000731938
0.00809945
0.000681193
0.00620958
0.000676052
0.00555532
0.00825561
0.0212836
0.0034705
0.000710789
0.000687562
0.00129988
0.00553353
0.00575939
0.00507039
0.00223552
0.000682373
0.00344549
0.00623403
0.000911243
0.00350399
0.00553353
0.000661066
0.0007009
0.0110671
0.00490084
0.00492468
0.00364497
0.000700798
0.00553353
0.000697757
0.225908
0.459069
0.255684
0.0869155
0.0033574
0.00287971
0.00559724
0.00267869
0.0117711
0.00335835
0.00335929
0.00814106
0.00413933
0.0143929
0.000635864
0.0121099
0.000671183
0.00286728
0.00335835
0.00726596
0.00161582
0.004039
0.00347127
0.00335835
0.0039397
0.0108989
0.0395588
0.00721801
0.00287971
0.00127136
0.00328258
0.00754537
0.00276998
0.000700898
0.00142629
0.00287971
0.0161331
0.0181639
0.0029427
0.000646328
0.00330954
0.00468941
0.00328258
0.000625027
0.00468941
0.00208342
0.0123097
0.000657687
0.0109419
0.000625027
0.00328258
0.000892895
0.00397537
0.000675597
0.0646735
0.00350399
0.00616991
0.000676794
0.00697248
0.667432
0.449806
0.352909
0.0609595
0.000697766
0.00216279
0.00489124
0.0103525
0.00504086
0.0512588
0.00993098
0.000697963
0.000697963
0.00341493
0.00331968
0.00190353
0.00097686
0.00065124
0.000697963
0.0512588
0.00065124
0.000697963
0.00065124
0.000656971
0.000725758
0.00065124
0.00065124
0.000706598
0.00416419
0.0363101
0.0013873
0.0238807
0.119587
0.00319254
0.000668355
0.000674571
0.00952989
0.00703273
0.00467292
0.00319254
0.00319254
0.000654055
0.000659298
0.000697963
0.00195372
0.0103525
0.00395492
0.00188604
0.000688661
0.0034986
0.00071852
0.000978462
0.995424
0.0486807
1
0.127852
0.00689804
0.000675613
0.00154344
0.00138286
0.00278201
0.0199201
0.000685151
0.00280137
0.0359602
0.00198898
0.0755815
0.426559
1
0.115221
0.525031
0.192053
0.338662
0.000761032
0.0487321
0.198999
0.0105667
0.00698181
0.0182516
0.112088
0.02706
0.00701267
0.0221186
0.067475
0.00136695
0.00136734
0.0097547
0.0111088
0.000780404
0.00138263
0.00136773
0.00629501
0.0162509
0.0952404
0.458872
0.00833787
0.00302053
0.00213801
0.0045578
0.00130775
0.00354764
0.00737212
0.00233627
0.0336863
0.0810181
0.000676623
0.000676814
0.00460964
0.0202556
0.000681541
0.000677004
0.0135038
0.0405113
0.190937
0.498238
0.00112802
0.000681541
0.00169203
0.000644667
0.0141189
0.0675188
0.0727734
0.00963415
0.00652055
0.0236223
0.0641674
0.00821644
0.00631616
0.00657602
0.0171798
0.00429536
0.0070125
0.0042075
0.0105187
0.045092
0.00438428
0.00450803
0.265628
0.0134219
0.0217218
0.0288611
0.278778
1
0.307349
0.564632
0.603091
0.626441
0.0738154
0.0028016
0.00470477
0.0059146
0.00136889
0.00343322
0.00264174
0.00131653
0.00343322
0.00401463
0.0120916
0.00316764
0.00840718
0.00276491
0.00343322
0.00267732
0.00194772
0.010747
0.00644384
0.00352378
0.0138454
0.00212462
0.0067977
0.041505
0.00530902
0.00352378
0.0115848
0.00971272
0.0040732
0.0132563
0.00426522
0.000737837
0.0091829
0.00340897
0.00336544
0.0125284
0.00712001
0.000708624
0.00548348
0.0125753
0.00415378
0.00273439
0.00396619
0.00834014
0.0535433
0.0535788
0.0108802
0.00396246
0.00423828
0.00264174
0.00423828
0.0155424
0.0114471
0.018164
0.00267732
0.00247353
0.00423828
0.00429368
0.00378591
0.00844102
0.00211202
0.00765146
0.00276715
0.00580008
0.00202801
0.00559419
0.028135
0.00273439
0.00253256
0.00605013
0.194058
0.627226
0.00276715
0.0791345
0.0184087
1
0.00277461
0.00281593
0.00378463
0.0027754
0.0014024
0.00141234
0.0027754
0.00383882
0.0164681
0.0104077
0.00146258
0.0027754
0.0014155
0.00141274
0.00432563
0.0041778
0.0166524
0.00336583
0.00769825
0.0137243
0.0041778
0.0027754
0.000651308
0.0014024
0.00326442
0.0014155
0.00855649
0.00145537
0.00474133
0.0366341
0.0034846
0.0106784
0.0014024
0.0014155
0.00131721
0.00146737
0.0013487
0.00146282
0.0269667
0.00145537
0.00133883
0.0064156
0.00141274
0.00438221
0.195153
0.115728
1
0.00146737
0.12372
0.0344961
0.330339
0.00073522
0.000735427
0.000735427
0.00692802
0.00315289
0.000735427
0.000735427
0.00204861
0.000756036
0.00272802
0.000735427
0.000762359
0.000684802
0.000741514
0.00144031
0.00342968
0.00274193
0.00179545
0.114184
0.000713978
0.000684802
0.000897725
0.00146601
0.0134525
0.628168
0.176314
0.155557
0.220041
0.45988
0.0274658
0.0525766
0.00881644
0.0709691
0.00881893
0.00881893
0.0293964
0.00881893
0.00881893
0.00898772
0.00881893
0.000644944
0.00881893
0.00842129
0.0106438
0.0154597
0.231649
0.00152245
0.00140125
0.00196594
0.00347139
0.00318857
0.00098628
0.00211613
0.00108288
0.00397979
0.00172757
0.466289
0.806437
0.649844
0.0433403
0.00284883
0.00355143
0.000706395
0.00137537
0.00214163
0.000723956
0.00426172
0.000706395
0.000706395
0.000669367
0.00148519
0.00217866
0.0063097
0.000686008
0.00147226
0.000708816
0.00217866
0.000706395
0.000735412
0.000724657
0.000708816
0.00264898
0.00391992
0.00135898
0.000706395
0.00117733
0.00201537
0.000724657
0.000706395
0.00148757
0.000675337
0.00857325
0.10787
0.00369731
0.125693
0.0716952
0.00793995
0.0415834
0.0034369
0.0034369
0.0305955
0.00212561
0.0206214
0.0034369
0.0079139
0.0034369
0.00812495
0.00142827
0.0035496
0.0034369
0.00472422
0.00949067
0.00793772
0.00605377
0.00985842
0.0055813
0.00793772
0.0111865
0.0288486
0.00946124
0.00136571
0.056944
0.0470446
0.00278679
0.00850292
0.00667169
0.00148503
0.00208397
0.0326001
1
0.459552
0.14997
0.236662
0.0325432
1.00425
0.00124588
0.000704109
1
0.0034191
0.0109202
0.00813717
0.0345645
0.451735
0.0512084
0.00426673
0.0032618
0.00278214
0.00285809
0.0201748
0.000660249
0.000692419
0.000660249
0.000660249
0.000660055
0.000660249
0.000660249
0.000660249
0.000660249
0.000660249
0.000660249
0.676424
0.00207892
0.000660249
0.000694217
0.000692574
0.00090034
0.00277579
0.00090034
0.455639
0.0047854
0.00469335
0.99194
0.00288509
0.00469335
0.00492976
0.00492157
0.00469335
0.00741055
0.00586668
0.00469335
0.00452682
0.0013806
0.00144102
0.0013806
0.0013806
0.0013806
0.00144684
0.0013806
0.00147921
0.0013806
0.0013806
0.0013806
0.0013806
0.0013806
0.52071
0.00209874
0.00144684
0.00165672
0.0540834
0.01032
0.0107826
0.0103171
0.0103142
0.00132577
0.0154757
0.0103171
0.0103171
0.0418383
0.0104375
0.0114635
0.0108021
0.00072531
0.0123806
0.00901418
0.00770697
0.0077048
0.00770697
0.00770697
0.0395974
0.000697931
0.00805939
0.00963372
0.00544083
0.0157583
0.00837168
0.00526956
0.00562798
0.00548464
0.00630334
0.0021325
0.00500241
0.00209153
0.000754825
0.00654161
0.000743762
0.0222752
0.00295448
0.00293245
0.0394382
0
0.0013155
0.84486
0
0.998053
0.0049821
0.0483665
0.00342987
0.198203
0.00192522
0.032237
0.00475506
0.00415082
0.00356002
0.00373769
0.000628854
0.00253712
0.00267103
0.00222373
0.00297506
0.0253182
0.201368
0.17008
0.0480175
0.0275107
0.00771647
0.0433799
0.0272977
0.017525
0.467715
0.00613538
0.0534561
0.289473
0.592635
0.0200264
0.0211971
0.0199457
0.0517555
0.00474734
0.99042
0.0183034
1
0.205626
0.0110689
0.604333
0.0324234
0.0840553
0.116434
1
0.211572
0.143773
0.254485
0.293801
0.230147
0.21012
0.213326
0.155932
0.637951
0.209813
0.770089
0.129541
0.00212578
0.314948
0.085785
0.0026651
0.0179502
0.12673
0.045776
0.0206599
0.0149478
0.00480886
0.0119078
0.201534
0.0014478
0.00714131
0.00410278
0.0098367
0.00955154
0.00246422
0.395505
0.00078535
0.0241467
0.00999466
0.0409261
0.00146167
0.00900542
0.00144437
0.033557
0.10872
0.0419131
0.320841
0.0282752
0.0739414
0.00276055
0.0323743
0.00273797
0.086978
0.800994
0.454281
0.388568
0.806023
1
0.510692
0.0129034
0.0618394
0.117456
1
0.00875741
0.976109
0.474091
0.688723
0.262774
0.122712
0.086063
0.0524992
0.144414
0.787838
0.0777942
0.0747588
0.147085
0.10658
0.0664978
0.0795495
0.0575933
0.223396
0.0340272
0.0035591
0.0156036
0.20032
0.0556778
0.0603213
0.00357229
0.0374365
0.0374365
0.0107275
0.00408469
0.00255518
0.00414641
0.649778
0.747949
0.851131
0.239538
0.855973
0.0409293
0.0118078
0.00780182
0.0203952
0.446989
0.181818
0.0274863
0.0078363
0.0224347
0.523027
0.0485404
0.00557008
0.0072805
0.00412562
0.00952066
0.0554168
0.141531
0.114021
0.00848995
0.000642276
0.004319
0.00230554
0.0247537
0.0835059
0.0240349
0.00479819
0.0153143
0.0102095
0.0306286
0.991945
0.0319387
0.0161915
0.000736815
0.0106746
0.0510476
0.97803
0.0352112
0.00755257
0.00643044
0.0232958
0.0428261
0.0473396
0.00810289
0.00622887
0.00648514
0.0169424
0.0047947
0.00782772
0.00469663
0.0117416
0.0319085
0.00489396
0.00503211
0.0396134
0.0593669
0.117651
0.0509642
0.0550193
0.228978
0.000728025
0.0578869
0.00654762
0.084441
0.000654277
0.988153
0.00956265
0.00478558
0.0151739
0.00346333
0.000647894
0.004881
0.00566447
0.00483149
0.00642002
0.0101065
0.0101037
0.0144298
0.010596
0.0101037
0.0101037
0.0066991
0.0105984
0.0137778
0.000646743
0.00767245
0.000647744
0.00752485
0.000647926
0.000678413
0.000647926
0.00402335
0.000634053
1.00397
0.000604048
0.00504131
0.000647926
0.00687693
0.006452
0.00789077
0.00687693
0.0108583
0.000729606
0.00199712
0.00940607
0.000625364
0.00687693
0.00278602
0.00290794
0.00278602
0.00278602
0.00136182
0.0014242
0.00149253
0.00142142
0.00136182
0.0014242
0.00152593
0.0014242
0.0014242
0.0027818
0.0014242
0.0014242
0.211013
0.0007594
0.00525281
0.00291969
0.00204273
0.00334322
0.012383
0.012938
0.0123795
0.012376
0.0185692
0.0123795
0.0123795
0.0515631
0.0125239
0.013755
0.0129614
0.000774987
0.0148554
0.0055024
0.00551351
0.00551195
0.00551351
0.00551351
0.0236715
0.000745733
0.00576562
0.00689188
0.00348779
0.0101017
0.0168979
0.003378
0.00360776
0.00351588
0.00404069
0
0.00421328
0.00852318
0
0
0.00413232
0.000709041
0.0111457
0
0
0
0
0
0
0
0
0.000698648
0
0
0.00787626
0.00503389
0
0.00499635
0
0.0570545
0.0352359
0.00990557
0.0246669
0.088418
0.101888
0.0643676
0.193479
0.341411
0.0857606
0.311734
0.194411
0.0535847
1
0.000751122
0.00141304
0.00366863
0.0101445
1.01294
1
0.271695
0.0502678
0.0132157
0.045326
0.347955
0.519895
0.0136338
0.00412187
0.260094
0.0653475
0.0655746
0.537395
0.475756
1
0.030827
0.0365623
0.743914
0.339847
0.0749765
0.000755399
0.00288289
0.359862
0.103285
0.195052
0.467935
0.496619
0.213975
0.000708679
0.0237648
0.161524
0.104271
0.000716458
0.0157076
0.068177
0.0714367
0.493754
0.0873615
0.998338
0.243053
0.442318
1
0.060445
0.00294576
0.00484082
0.247021
0.00901472
0.0336323
0.599686
0.381312
0.00840499
0.000688318
0.00591728
0.0116765
0.00318225
0.00193228
0.00724361
0.0186579
0.0189687
0.109411
0.62441
0.00560193
0.00486092
0.00350744
0.00430327
0.92508
0.0490334
0.00137225
0.00141184
0.582426
0.0695331
0.0538668
0.00368425
0.201445
0.0106166
0.643869
0.372354
1.00256
0.336663
0.022363
0.0854989
0.00226522
0.0134388
0.00154781
0.0022551
0.0656811
0.777163
1
0.153217
0.395653
0.200119
0.124466
0.00787947
0.0180455
0.00787374
0.0820224
0.981766
0.561409
0.259528
1
0.0306574
0.0193985
0.0857916
1
0.574562
0.0498083
0.0151192
0.0293365
0.0512665
0.000874875
0.318297
0.0843724
0.494224
0.299272
0.0811007
0.00779076
0.361664
0.30896
0.0192727
0.0224474
0.00312455
0.0555301
0.0027656
0.0811708
0.0168804
0.000757313
0.974298
0.135722
0.968129
0.108581
0.0544795
0.00104582
0.156354
0.00666556
0.37178
0.0214608
0.355641
0.0111196
0.00227812
0
0.00522764
0.0072432
0.016621
0.0316115
0.00971957
0.0183636
0.00203442
0.00328855
0.00328855
0.00264098
0.00321734
0.964645
0.000603843
0.00471303
0.00331405
0
0.000647795
0.00132783
0.00393634
0.00624452
0.00393634
0.000697211
0.00197509
0.00421879
0.0086742
0.000729063
0.000710026
0
0.0826621
0.00611695
0.00142627
0.00143484
0.000729063
0.0012151
0.00551426
0.00158883
0.908475
0.00266625
0.00266625
0.00266625
0.0510005
0.00247969
0.00066252
0.00212029
0.00710132
0.0079511
0.00212029
0.00920979
0.000679107
0.00212029
1
0.194889
0.0409299
0.0077823
0.0613908
0.471991
0.509413
0.00526021
0.553405
0.96991
0.665298
0.044901
0.769058
0.113292
0.515826
0.142749
0.0360491
0.390905
0.986073
0.00573304
0.00518363
0.00253314
0.00649873
0.126088
0.0340476
0.125933
0.386029
0.0470568
0.150674
0.908076
0.56774
0.869431
1
0.522427
0.834492
0.408007
0.134496
0.0958566
0.0349908
0.0299833
0.138183
1
0.0719236
0.298638
0.364004
0.00398204
0.96139
0.0112541
0.0112509
0.0117422
0.0112258
0.0112509
0.0675055
0.0113906
0.0114981
0.00187177
0.000765832
0.0482182
0.0112509
0.0114981
0.0117197
0.0112509
0.0616216
0.0442504
0.270023
0.00140881
0.00140841
0.00140841
0.00140801
0.00140841
0.00140997
0.00140841
0.00596222
0.0255524
0.00140841
0.00777681
0.00596884
0.00140841
0.00650545
0.00145122
0.00490207
0.00476023
0.00473383
0.0052544
0.00476023
0.0148213
0.0501688
0.0181549
0.139018
0.0225369
0.0007744
0.000675874
0.001488
0.000729187
0.00218275
0.0143586
0.292046
0.23376
0.00276948
0.00329014
0.00275951
0.00208696
0.0218496
0.00299412
0.00625389
0.0118511
0.00268987
0.000747832
0.000965605
0.00145773
0.00264725
0.00340418
0.00329224
0.010896
0.016565
0.107704
0.497369
0.00135634
0.00129832
0.000645841
0.0013471
0.00357295
0.00354523
0.00785171
0.00132935
0.000642832
0.000743373
0.00129832
0.00133356
0.00066347
0.0103836
0.00135314
0.0150263
0.898172
0.039517
0.641006
0.00746231
0.0013882
0.00885249
0.000708234
0.0035054
0.0245074
0.00746442
0.00885498
0.0106476
0.00142545
0.0373221
0.0119509
0.000624928
0.0021442
0.00973387
0.00956073
0.0442625
0.00133857
0.000624928
0.00956073
0.0156406
0.00568173
0.0623838
0.00568399
0.00129121
0.000762722
0.00317076
0.00568173
0.00360981
0.000749154
0.00247734
0.000711121
0.00177217
0.00467386
0.000730047
0.00217256
0.0057539
0.00134309
0.000636246
0.00355119
0.00789771
0.00138807
0.00497427
0.0226602
0.0621188
0.597404
0.053662
0.0886903
0.00062788
0.00125263
0.00975641
0.00941067
0.000627527
0.000627704
0.00872599
0.016106
0.00460248
0.000613177
0.000629681
0.00352857
0.00354246
0.00423428
0.0119313
0.00269685
0.00211382
0.0103003
0.000662934
0.000617504
0.00352857
0.00367259
0.00766672
0.0288858
0.000662934
0.00344155
0.000617504
0.0041624
0.000734137
0.00352857
0.00829215
0.000713128
0.00481261
0.00361681
0.00058652
0.00352857
0.000653325
0.000627704
0.000632477
0.000767326
0.00865053
0.000627704
0.859666
0.465612
0.0767812
0.153752
0.0014142
0.00441281
0.0179845
0.00071574
0.00351348
0.0014146
0.001415
0.0120281
0.0118889
0.0462459
0.00472091
0.00439375
0.0014146
0.00283254
0.000730277
0.00146216
0.0014146
0.00142959
0.00424882
0.0299722
0.00144707
0.00332116
0.244784
0.00441281
0.000711424
0.000706521
0.00294147
0.00362667
0.038533
0.00441281
0.00355704
0.0196355
0.00450933
0.000712323
0.00199083
0.000706521
0.00100932
0.00205675
0.00264945
0.00145754
0.00235507
0.000706521
0.000718772
0.00201189
0.00983262
0.00980713
0.00111556
0.00207163
0.0033566
0.0468806
0.0180139
0.06543
0.0479212
0.0203986
0.0047043
0.00335497
0.00147015
0.00769797
0.00773648
0.00204724
0.00275364
0.00470696
0.00203781
0.00670205
0.00295057
0.011141
0.000728479
0.0041535
0.00147845
0.00281268
0.000620582
0.00346157
0.0195367
0.00146371
0.000687745
0.002769
0.00643658
0.00140953
0.00140445
0.000733633
0.00349908
0.00450634
0.0241217
0.00142775
0.00139943
0.0531497
0.00624855
0.0519919
0.000739115
0.0021377
0.000718212
0.00212426
0.00527605
0.00800307
0.00146291
0.00283771
0.00496351
0.0021377
0.000718212
0.00286779
0.00540126
0.00284399
0.000722124
0.000621852
0.00147377
0.00342257
0.000865563
0.00524117
0.00433399
0.00138572
0.00108319
0.0022009
0.00497699
0.000707469
0.001983
0.00203781
0.0070113
0.000698823
0.000622369
0.0202081
0.00204787
0.0120599
0.0028902
0.00743626
0.00136242
0.00203781
0.000933553
0.000645455
0.00222508
0.0103498
1
0.160126
0.0976463
0.881708
0.00525406
0.00525555
0.00631648
0.00794813
0.0033259
0.00199321
0.00525703
0.00192965
0.000979179
0.00282254
0.0197083
0.00519861
0.000681686
0.000659703
0.00386783
0.0033259
0.000691442
0.0028273
0.0033259
0.00496991
0.0353988
0.0310912
0.00130974
0.00130974
0.0041069
0.000749977
0.00329851
0.0209612
0.00130974
0.00130974
0.000682605
0.000660692
0.000772613
0.00192965
0.00281516
0.00126995
0.00352229
0.00584518
0.00202249
0.000672351
0.00192965
0.00165645
0.0193542
1
0.72968
0.00128302
0.00128339
0.00332702
0.00132165
0.00128375
0.00128339
0.000746653
0.00499053
0.00132165
0.00128339
0.00385016
0.0164335
0.00368815
0.00454578
0.00128339
0.00961056
0.00221297
0.00209344
0.00128339
0.00748579
0.01557
0.00501992
0.00140422
0.0458309
0.00191235
0.00137407
0.00201376
0.00137407
0.00137072
0.0537099
0.000643796
0.000666657
0.0018123
0.000664323
0.000699064
0.00276644
0.0318836
0.00961616
0.00327502
0.00938747
0.0122589
0.000666657
0.00964561
0.000684963
0.00701273
0.0351708
0.000652624
0.00427798
0.991454
0.404026
0.00399882
0.0110569
0.000715219
0.00136657
0.00139663
0.0117236
0.00872264
0.00139602
0.000661816
0.000699282
0.00919525
0.00212669
0.000711416
0.0101105
0.00091144
0.000697029
0.00265611
0.000839424
0.000698347
0.0014292
0.00199353
0.000679734
0.00066451
0.00373597
0.00066451
0.000682757
0.0416004
0.807221
0.307227
0.00192145
0.00103506
0.00134727
0.000650234
0.00201071
0.00160363
0.000638008
0.017787
0.00069157
0.000632577
0.00255792
0.00273936
0.0068268
0.00261248
0.000652026
0.012102
0.0139398
0.000673308
0.00148142
0.487591
0.00206976
0.000632577
0.000632577
0.00343601
0.00134288
0.00196972
0.000619367
0.0024363
0.00334483
0.00130749
0.00261248
0.00684917
0.00180177
0.00259237
0.0140437
0.00192091
0.00267072
0.0012829
0.00213843
0.0675065
0.157278
0.0490717
0.0198797
0.000676487
0.0069133
0.0166116
0.000700237
0.00419472
0.0442161
0.000645577
0.00626736
0.0055035
0.000603691
0.000667399
0.000645577
0.00694426
0.000883425
0.017943
0.0032033
0.182401
0.0729626
0.031487
0.000670918
0.00812432
0.0261264
0.00464482
0.000671107
0.000671296
0.00773784
0.00273258
0.00154871
0.0348082
0.116461
0.000694232
0.00745321
0.0444806
0.0253801
0.00319095
0.00198288
0.00138914
0.0100398
0.000671107
0.000676172
0.0114974
0.00337662
0.000629454
0.000958725
0.000671107
0.00275544
0.00223702
0.000671107
0.0201374
0.000671107
0.000692913
0.00378184
0.000671107
0.000671107
0.000644574
0.00203276
0.00402664
0.0506875
0.0603007
0.00411878
0.00209858
0.00191537
0.00218336
0.00273627
0.00213983
0.000638456
0.0548257
0.000707843
0.000722706
0.0546548
0.000642915
0.00134962
0.000726897
0.0142216
0.00299964
0.00524646
0.00286173
0.0019989
0.00297954
0.00211324
0.0253735
0.00066941
0.00258689
0.00273704
0.685864
0.00284424
0.12642
0.136986
0.00207657
0.00207716
0.00133855
0.00215013
0.00207716
0.00207774
0.00778935
0.002018
0.000727552
0.000727552
0.00143418
0.00140375
0.000727552
0.00348824
0.00426643
0.00137382
0.000645906
0.00137237
0.000725441
0.00129727
0.00143076
0.00270934
0.000687013
0.00137382
0.00142208
0.00517291
0.00216842
0.000727552
0.00141099
0.0013925
0.000690271
0.00134961
0.00134961
0.00629069
0.00207716
0.00134961
0.182464
0.00566498
0.117036
0.00955332
0.00955601
0.00345065
0.00180573
0.00207039
0.00747283
0.00207098
0.00758784
0.000739546
0.00162886
0.00517598
0.000752641
0.00208982
0.0297765
0.00764344
0.00144083
0.000715544
0.000630759
0.00940419
0.0305116
0.00748562
0.00062981
0.00139783
0.0063359
0.0198458
0.0125614
0.00722496
0.00350577
0.00323125
0.00178886
0.00150749
0.0197949
0.0200874
0.00334971
0.000716622
0.000821491
0.000746631
0.000766654
0.000678179
0.0107332
0.00227154
0.000740217
0.000752641
0.000715544
0.0125389
0.00141177
0.00953287
0.00143598
0.00820792
0.00837931
0.00207685
0.0815687
0.000722294
0.00820792
0.392908
0.000753674
0.00531125
0.00515827
0.0171942
0.00515682
0.00736896
0.00515827
0.00515827
0.00442647
0.00531034
0.00440743
0.000641163
0.00348366
0.000699283
0.000835548
0.055502
0.00116414
0.00217517
0.00714511
0.40143
0.00329303
0.00282122
0.000677908
0.0188257
0.0554271
0.00980387
0.0448687
0.00689922
0.00690117
0.00690117
0.00690117
0.00690311
0.0072542
0.00690117
0.00723428
0.000729437
0.0108495
0.0258794
0.00709693
0.0459721
0.00731834
0.037012
0.00618119
0.00649628
0.5061
0.990451
0.00311108
0.00403338
0.00418585
0.000720623
0.00143821
0.328592
0.00326776
0.00705503
0.00132162
0.00490026
0.00194484
0.001322
0.00202495
0.00194484
0.0145863
0.00786307
0.00194484
0.00194484
0.00677571
0.00069649
0.00142076
0.0133504
0.0402983
0.0106163
0.0067355
0.0330592
0.00136561
0.00953303
0.00126736
0.00340152
0.00799122
0.001322
0.00251315
0.0186278
0.423055
0.169385
0.00142523
0.000679176
0.00483112
0.00142483
0.000771836
0.000745458
0.00447275
0.000843735
0.0122895
0.000745458
0.000745458
0.000721179
0.00679165
0.00176598
0.00132892
0.00182774
0.0296121
0.0014799
0.00354886
0.00148812
0.00168882
0.000766748
0.000756111
0.000681843
0.000648572
0.00147533
0.00136116
0.00327025
0.00180835
0.0102418
0.000679368
0.00144829
0.00147595
0.0055357
0.0051332
0.355906
0.581933
0.000711365
0.000711566
0.000711566
0.00956777
0.00164208
0.000711566
0.000711566
0.00613853
0.000731506
0.00668225
0.0215565
0.00922022
0.00158028
0.000711566
0.000735097
0.000718548
0.00307843
0.0307637
0.00204511
0.00572629
0.00074744
0.0177871
0.00531729
0.0413012
0.000648821
0.000668203
0.000718548
0.00150583
0.00923811
0.000677171
0.0121105
0.0020816
0.00673781
0.000690076
0.00212523
0.000862595
0.0295633
0.000985823
0.000690076
0.00210508
0.00215435
0.00290914
0.00355825
0.380821
0.473244
0.00230025
0.0125499
0.113207
0.0643585
0.00277434
0.00546763
0.0363963
0.00419013
0.00419013
0.0185936
0.0139671
0.00277512
0.00141607
0.005573
0.00500685
0.00839895
0.00266822
0.0104853
0.005573
0.00266822
0.00200177
0.0204734
0.00308703
0.00284043
0.00203227
0.0187305
0.203321
0.00131375
0.001415
0.00223737
0.000647261
0.00312797
0.00142943
0.00125102
0.0139136
0.00134024
0.000638282
0.00149982
0.00346695
0.511989
0.287448
0.00147602
0.0347974
0.0472673
0.00264703
0.000640068
0.00552184
0.000667212
0.000662889
0.00264628
0.00660853
0.000663076
0.00200062
0.00950128
0.000663076
0.00849945
0.00067956
0.00198321
0.00754384
0.00950128
0.00751807
0.00782689
0.00251315
0.00406319
0.000716802
0.00754384
0.0281928
0.00626358
0.0013368
0.000685707
0.0387073
0.006855
0.011425
0.00165769
0.00140308
0.00198625
0.00496502
0.0020151
0.006855
0.000680218
0.00209787
0.00212484
0.00241812
0.000636584
0.00147883
0.0666001
0.0574525
0.000694619
0.0999552
0.0583695
0.00404673
0.00117765
0.0358838
0.00278943
0.00278943
0.0337997
0.000689217
0.0207406
0.00278943
0.00403345
0.00278943
0.0082389
0.00230386
0.0028809
0.00278943
0.0054915
0.00973418
0.00063441
0.00333792
0.00765242
0.0101114
0.000849205
0.00843047
0.00333792
0.00674948
0.00346166
0.0330945
0.00482208
0.000740085
0.00220296
0.0626511
0.0356136
0.000722899
0.00221129
0.133599
0.00147106
0.000727809
0.00135125
0.00637137
0.000697902
0.00142362
0.0078697
0.000870437
0.0413134
0.254246
0.189625
0.0874838
0.00817746
0.000649568
0.000865759
0.00211304
0.023602
0.00751603
0.00144904
0.000649202
0.00817977
0.00268596
0.000847024
0.0350562
0.000734734
0.00817977
0.000649385
0.0326233
0.0124724
0.000674824
0.00549457
0.00706077
0.0124724
0.0414371
0.00697781
0.0129233
0.00210064
0.0020727
0.00697781
0.0340156
0.000678807
0.0316954
0.00139848
0.0042861
0.000671573
0.00139848
0.0093271
0.00321288
0.00131054
0.00198544
0.00146431
0.00131098
0.000750353
0.0037612
0.00199783
0.922936
0.238589
0.00139848
0.479457
0.00285043
0.0172205
0.0180843
0.0172156
0.0172108
0.0180279
0.0172156
0.0172156
0.0179078
0.196586
0.00345404
0.0170524
0.0172156
0.00139233
0.0175568
0.00351593
1
0
0
0
0
0
0
0
0
0.991368
0.924447
0
0
0
0.0509236
0.371007
0.0808893
0.00406082
0.00528502
0.104348
0.00394214
0.00408796
0.00394103
0.00399097
0.00394103
0.00411479
0.00394103
0.00781721
0.00475181
0.00394103
0.00408692
0.00369818
0.00412505
0.00394103
0.00408647
0.00327363
0.99066
0.229276
0.0625002
0.000706993
0.0049589
0.0188991
0.00211155
0.00945766
0.0124078
0.000723105
0.000756541
0.00914676
0.100395
0.0245575
0.0364431
0.0476103
0.00909582
0.00190994
0.000658054
0.155135
0.0629011
0.00190994
0.000636647
0.000666695
0.000662001
0.000636647
0.0169696
0.000684957
0.00321726
0.00060964
0.000644524
0.000665758
0.0616217
0.106433
0.00703371
0.0259209
0.00604821
0.00633919
0.006317
0.00604821
0.00614964
0.0104432
0.0150477
0.0051564
0.00283095
0.00614738
0.00634272
0.00799034
0.000854357
0.0383362
0.00826215
0.00128922
0.00135201
0.00650357
0.00128922
0.00856354
0.00133535
0.00128922
0.00128922
0.00124527
0.00131535
0.00289349
0.00549312
0.0517168
0.000635359
0.00272191
0.00238193
0.00063518
0.000621465
0.0219607
0.00731864
0.00767713
0.00691743
0.007494
0.000956894
0.0259288
0.000651991
0.00137645
0.00731864
0.0141857
0.00314408
0.00668346
0.00710085
0.00824519
0.000681455
0.00846717
0.000666294
0.00063518
0.014245
0.000618167
0.000650399
0.0430447
0.000702566
0.00421302
0.00191555
0.00071846
0.000702369
0.000702369
0.0111411
0.00408506
0.00428497
0.00428364
0.00408506
0.00212843
0.00820878
0.00071846
0.00408506
0.00298492
0.00338269
0.00398151
0.00419723
0.00429493
0.00073674
0.000702369
0.00117999
0.000680474
0.000721655
0.0996861
0.000724257
0.000724053
0.000760384
0.000757901
0.000905066
0.01532
0.000708933
0.000759219
0.00290195
0.000724053
0.00547407
0.00310308
0.00216697
0.00440061
0.000724053
0.000675225
0.00146421
0.000737928
0.000724053
0.00589918
0.000718479
0.0179862
0.000724053
0.00238312
0.000724053
0.000806045
0.000840759
0.000725263
0.00272514
0.0168065
0.00382998
0.00169631
0.000743288
0.00282921
0.00225321
0.00073507
0.0210176
0.0826144
0.00144391
0.0050914
0.00416904
0.0222051
0.0215988
0.00293788
0.000679423
0.345871
0.00269564
0.00144391
0.0153114
0.00217032
0.00142677
0.00304158
0.00073507
0.0132501
0.000886866
0.000702925
0.00301177
0.133295
0.0310989
0.00641594
0.0343709
0.0103733
0.0143927
0.469195
0.0619718
0.00131508
0.00268021
0.00180516
0.109527
0.0412481
0.0043607
0.021603
0.000667043
0.0328105
0.0487606
0.00903351
0.00065074
0.00877331
0.0292444
0.00877084
0.0125333
0.00877331
0.00877331
0.0087954
0.00903196
0.351943
0.264441
0.000650297
0.00386186
0.00203872
0.0157239
0.00670383
0.00670573
0.0100586
0.00670573
0.00670761
0.00702197
0.0201172
0.00698775
0.00569291
0.00585763
0.00670573
0.00670573
0.00627556
0.00205708
0.00670573
0.00208303
0.100331
0.00670573
0.00693696
0.00335616
0.00335711
0.00335711
0.00335711
0.00335806
0.00352388
0.00335711
0.00351144
0.0020017
0.00210114
0.00335711
0.00335711
0.00313294
0.00335711
0.0100725
0.00335711
0.579533
0.00719381
0.00211623
0.00211683
0.00211683
0.00211683
0.00211742
0.00222512
0.00211683
0.00221901
0.00222512
0.00793811
0.00217687
0.0323786
0.0013491
0.00565919
0.0218982
0.00798073
0.00838755
0.000780908
0.0240673
0.0159496
0.00103065
0.0229238
0.00921209
0.0632019
0.0236841
0.00424333
0.168678
0.0300845
0.025372
0.0575158
0.0664883
0.357052
0.127837
0.991771
0.98352
0.258652
