0.182681
0.423523
0.0118228
0.283804
0.0108055
0.0118228
0.00677874
0.0138635
0.237077
0.555035
0.0165946
0.0318571
0.0118989
0.0319932
0.0202674
0.0245563
0
0.0139022
0.0138635
0.212317
0.628055
0.0165946
0.0162778
0
0.00781551
0.0228495
0.0296063
0
0.106357
0.0202674
0.0296434
0.0739266
0.0365829
0
0.0592714
0.0122745
0.237062
0.0123641
0.735973
0.0165946
0.0162778
0
0.00781551
0.0228495
0.0429287
0.0296063
0
0.106357
0.0131533
0.0296434
0.0739266
0.0365829
0
0.0901191
0.0122745
0.475429
0.033835
0.790298
0.0165946
0.0162778
0
0.00781551
0.0429287
0.0391402
0
0.106357
0.0296434
0.0871152
0.0365829
0
0.168715
0.0120834
0.777684
0.0370571
0.0452053
0.771655
0.0165946
0.048029
0
0.00781551
0.0429287
0.0391402
0
0.181526
0.0377047
0.0736014
0.0365829
0.0075288
0.0073375
0.144904
0.0120834
0.0155042
0.669316
0.0190982
0.22409
0.673657
0.0164416
0.0165946
0.0163585
0
0.0149147
0.00781551
0.0429287
0.0104205
1.00365
0.0120271
0
0.0377047
0.0377449
0.0940308
0.0075288
0.0073375
0.11467
0
0.0120834
0.0124039
0.612693
0.0190982
0.224331
0.446404
0.0164416
0.0340736
0.0163585
0.00781551
0.0134603
0.984315
0.0672364
0.0250114
0.00980159
0.0208441
0.0075288
0.0073375
0.0719218
0.0120834
0.0124039
0.481844
0.0190982
0.235533
0.343375
0
0.0340736
0.0134603
0.775317
0.0185322
0.0153262
0.0118228
0.0075288
0.0073375
0.0433308
0.0164877
0.0124039
0.431343
0.235533
0.203857
0.0081103
0.0340736
0.0134603
0.19491
0.0181369
0.0151243
0.0288389
0.220121
0.0178824
0.246484
0.190663
0.0149823
0.0218984
0.0222984
0.00663312
0.0161161
0.228972
0.4429
0.00651481
0.0149823
0.0106664
0.00688693
0.0222984
0.0619196
0.378588
0.00651481
0.0149823
0.0222984
0.0507905
0.134921
0.0124864
0.0229396
0.0124864
0.0229396
0.0124864
0.0229396
0.0348081
0.0348081
0.0348081
0.161311
0
0.0120112
0.00936924
0.345289
0.00680392
0.0348207
0
0.0196879
0.0146144
0.0119244
0
0.0607026
0.0282471
0.690562
0.013647
0.0348207
0.0159102
0
0.0196879
0
0.0292965
0.0121385
0.0382908
0.133582
0.0183315
0.00950015
0.997639
0.0348207
0.0159102
0
0.0196879
0.00819243
0.0775362
0.00705986
0.0292857
0.0121385
0.0514609
0.121602
0.00950015
0.997639
0.0129276
0.0348207
0.0159102
0
0.0158983
0.115069
0.00705986
0.0219665
0.0164984
0.0121385
0.178037
0.167464
0.00950015
1.01769
0.0129276
0.0170187
0.0159102
0
0
0.0375676
0.0242209
0.115069
0.00705986
0.0148038
0.0164984
0
0.356246
0.0943888
0.0188259
0.659183
0.0124402
0.0089894
0.00826452
0
0
0.0118985
0
0
0.0375676
0.0326039
0
0.0311042
0.231151
0.00668189
0.0857367
0.00736467
0.0164984
0.0228618
0.024137
0.0307356
0.290005
0.0831006
0.0373047
0.00932575
0.755685
0.0261747
0.0089894
0.00860624
0
0
0.0138611
0.0118985
0
0
0.0375676
0.0406219
0
0.0521285
0.311019
0.0938513
0.0149128
0.0164984
0.0444587
0.031284
0.458345
0.0470376
0.0189123
0.0279577
1.00234
0.0463642
0.0089894
0
0
0.0280479
0.00884769
0
0
0.0759181
0.0406219
0.013014
0.0217664
0.329669
0.00658684
0.0866824
0.0220865
0.0164984
0.055653
0.0118635
0.0150308
0.447756
0.0800218
0.0467258
0.947432
0.0463642
0.0089894
0.0142886
0.0416488
0
0.0140154
0.0179956
0
0.0265677
0.0974136
0.0324294
0
0.0217664
0.445021
0.00721585
0.00658684
0.10269
0.0145385
0.0164984
0.0554412
0.0231345
0.0150308
0.7373
0.0800218
0.0175087
0.0283564
0.562405
0.0336951
0.0089894
0.0142886
0.0568298
0
0.0140154
0.00884769
0
0.0265677
0.117873
0.0244115
0.0133351
0.0109456
1.00115
0.00721585
0.013019
0.0940461
0.0142571
0.0164984
0.0446295
0.0118635
0.0477799
0.635369
0.0910804
0.0172565
0.0286508
0.313521
0.0336951
0.0089894
0.0142886
0.0280479
0.00738846
0.00884769
0.0181442
0
0.0189819
0.0167055
0.0265455
0.721357
0.0280011
0.0807813
0.0142571
0.0164984
0.0219168
0.0238844
0.0467781
0.454484
0.104014
0
0.0189264
0.254673
0.0264149
0.0089894
0.00738846
0.0181442
0.0135886
0.0180837
0.364024
0.0144312
0.0113622
0.0150308
0.0468435
0.0198438
0.0102615
0.132981
0.00621381
0.0089894
0.00738846
0.0181442
0.042127
0.0144312
0.0874848
0.00646215
0.0089894
0.00738846
0.0181442
0.0713096
0.0559916
0.00646215
0
0.0226924
0.0226924
0.0266432
0
0
0
0.0630851
0.00803021
0
0
0
0
0
0.3022
0
0.0183882
0.00803021
0
0
0.016876
0
0.0137834
0.829159
0.00803691
0.00961333
0
0.00803021
0.0130768
0.0183934
0
0.00898516
0.00725757
0.0126708
0.00806512
0.0137526
0.999388
0.0118663
0.023484
0
0.00803021
0
0.0388408
0.0362065
0
0.0132119
0.0249048
0.0547191
1
0.00986724
0.023484
0
0.00878031
0
0.0155483
0.00833491
0.0128799
0.0270636
0
0.0168397
0.0137526
0.959776
0.0158126
0.00914723
0
0.00751813
0.00833952
0.0128799
0
0.017883
0
0.0137526
0.654385
0.00803691
0
0.00751813
0.00833952
0
0.017883
0
0.323821
0.00803691
0
0.0454971
0.00833952
0
0.00844243
0
0.00803691
0
0.583705
0
0.00833952
0.00844243
0
0.0159518
0
0.740416
0
0.00984376
0
0.00791494
0.0159775
0.428876
0
0
0
0.651376
0.00828277
0.00844243
0.318136
0.101768
0.00752859
0.0120576
0.00752859
0.0129418
0
0.0120576
0.0100154
0
0
0.00820591
0.00948191
0.0255227
0.0924448
0
0.0121058
0.0100154
0
0.00941681
0.00879178
0.0148644
0.0130495
0.00820591
0
0.0208622
0.00728234
0
0
0.0167465
0.224059
0.0102426
0.0121201
0.00990205
0
0.00879907
0
0.0321371
0
0
0.00849552
0.0128176
0.0488205
0.0265424
0.00782345
0.0175925
0.0187907
0
0
0.0379883
0
0.00829424
0.0349861
0.995599
0.0245093
0.0100168
0
0
0.00904085
0
0.048333
0.00867561
0
0.0287543
0.00808349
0.0170542
0.0252039
0.0403281
0.0132375
0
0
0.0248055
0.00948191
0
0.00884789
0.0574549
0
0.0170555
0
0.0332307
1.00608
0.0123892
0.0503316
0
0.0356379
0
0.0250794
0
0.0159281
0.0138383
0.014048
0.0236765
0.0128176
0.120444
0.0125505
0.0208622
0.0180828
0.123579
0.00948191
0.027869
0.0753388
0
0.100404
0.194681
0
0.066729
0.997386
0
0
0.0786503
0
0.0356947
0.00919202
0.0250794
0
0.014048
0.00808349
0.0085587
0.0128176
0.159245
0.0262636
0.0273279
0.131388
0
0.0273653
0.0566926
0
0.126594
0.204367
0
0.0499717
0.993324
0.00960453
0.0687795
0
0.026861
0
0
0.0161554
0.0085587
0.0247808
0.128822
0.0129587
0.0182767
0.123978
0.0187593
0.0289061
0.0124781
0.145398
0
0.0499717
1
0
0.00944041
0
0.00880558
0
0.0085587
0.0128176
0.0242977
0
0.0437512
0.0187593
0
0.0373735
0.0347817
0.0168332
0.906372
0
0.00887342
0.0168332
0.619668
0.0746086
0.00935256
0.155532
0.070682
0.154474
0.345863
0.624932
0.624932
0.624932
0.49392
0.49392
0.49392
0.49392
0.179019
0.0110092
0.0150671
0.00834015
0.00762912
0
0
0
0.0089817
0.0401611
0.0345434
0
0
0.0100945
0.00974395
0.0193232
0.0130649
0
0
0
0.306324
0.00748252
0.0100175
0.0334036
0
0.00907892
0.00762912
0.0139551
0
0
0.0142472
0.0335498
0.0570276
0.0106921
0.00750378
0.0631726
0.0115748
0.0141974
0
0.0137138
0.0448772
0.0215607
0.0571006
0.0414172
0.096631
0.0425142
0.0153859
0.0350132
0.604248
0.0397757
0.0416522
0
0
0
0.00762912
0.027937
0.0153194
0
0.0144742
0.0142444
0.0594477
0.0585657
0.0601782
0.0227461
0.142537
0.0115748
0.0268806
0.0347534
0.0917403
0.0141765
0.144194
0.0112907
0.0147907
0.0831511
0.0280526
0.0239905
0.18022
0.112627
0.0146689
0.109091
0.166543
0.0512808
0.0501516
0.0182083
0.00805877
0.0339947
0.0145686
0.0145668
0.0136557
0.0159353
0.045277
0.0832209
0.078968
0.0365879
0.126534
0
0.0257137
0.014777
0.0549528
0.0231386
0.145187
0.0112907
0.0332163
0.0184249
0.0553482
0.0318244
0.178336
0.0840035
0.0278419
0.153777
0.221235
0.0212606
0.0512808
0.0260135
0
0.0173296
0.0307684
0.00885803
0.0212525
0.00809044
0.014564
0.0136557
0.0289757
0.0140727
0.360956
0.0968365
0.0089817
0.0436662
0.110664
0.0109143
0.0392397
0.0293439
0.0369041
0.0223941
0.143482
0
0.0172754
0
0.0280526
0.0239148
0.186932
0.0840035
0.0289735
0.165362
0.208067
0.02225
0.0501261
0.0263895
0.0291325
0
0.00905528
0.0223671
0.0257459
0.0134531
0.00809044
0.00713298
0.0145251
0
0.876184
0.134659
0.0185237
0.0296055
0.0796053
0.0357027
0.0519718
0.0293439
0.0369041
0.00762854
0.112551
0.010003
0.0336775
0.0388417
0.0280526
0.0155468
0.227127
0.0706557
0.0289735
0.175821
0.159546
0
0.0804566
0.00849948
0.0427874
0
0
0.0169995
0.00684764
0
0
0.021465
0.0145251
1.00191
0.0378599
0.00965201
0.0289213
0.0485418
0.0577678
0.0261968
0.0288614
0.0540771
0.0148337
0.0873162
0.0206058
0.0786776
0.029517
0.0227588
0.153151
0.0551822
0.175662
0.091489
0.0705222
0
0
0.00927472
0.0084047
0.00838688
0.0145307
0.00717669
0.0145251
0.867569
0.0405409
0
0.014231
0.039039
0.0327564
0.0262581
0.0151004
0.0176726
0.0214342
0.00970915
0.058721
0.0153719
0.120013
0.0274446
0.144188
0.0348285
0
0.0605556
0
0
0
0.00801928
0.00768305
0.00652203
0.0145251
0.444237
0.0391478
0.00947276
0.014231
0.00835539
0.0122584
0.00773716
0.0176726
0.00676585
0.0214342
0.0207188
0
0.0153719
0.0870733
0.0285736
0.0134042
0.144497
0.0227949
0
0
0.00801928
0.0797736
0.0102954
0.00770734
0.00835539
0.0114002
0.0134283
0.0176726
0.00676585
0.0310345
0.0109571
0.0176383
0.0195721
0.00724515
0.0715732
0.0134093
0.0134042
0.18677
0.0227949
0.00686588
0
0
0.00801928
0.0079911
0.158894
0.0185063
0.0140879
0
0.0145944
0.00676585
0.0526939
0.0109571
0.0707279
0.0138737
0.176191
0.0233699
0.00873352
0.0170925
0.349314
0.00691363
0
0.0137702
0.0207569
0.00676585
0.055272
0.0384182
0.154679
0.218609
0
0.331703
0
0.00708967
0.0152749
0.0283663
0.0070148
0.0229166
0.0573636
0.162805
0.21788
0.0252646
0.308405
0
0.0137555
0.035676
0.0229166
0.0396613
0.162292
0.238193
0.0128776
0.285218
0
0.00683068
0.0283663
0.0229166
0.0166639
0.0396613
0.162292
0.279427
0.0128776
0.285218
0
0.0101802
0.0283663
0.0229166
0.0396613
0.162292
0.28989
0.0128776
0.0404776
0
0.0431639
0.0283663
0.0384876
0.038041
0.547436
0.0381986
0.00797421
0.0211979
0
0.102915
0.00701897
0.0116262
0.0189309
0.0138676
0.0077036
0.00701897
0.00979198
0.00711913
0.0115119
0.0138676
0.0208137
0.0095101
0.00838671
0.00719011
0
0.00701897
0
0.0201112
0.0171877
0.0080264
0
0.0115119
0.0283221
0.177625
0.0123594
0.0318541
0.00909092
0.0146825
0.0095101
0.0180584
0
0
0.0463701
0.030326
0.035635
0.00812398
0.0939865
0.0146752
0.00714389
0
0.0323297
0
0.0701738
0.0164306
0.0425327
0.462955
0.0125197
0.0146303
0.049952
0.0146825
0.0512218
0.0180427
0.0334437
0
0.00745853
0.00676603
0.0463701
0.0245952
0.030326
0.0067381
0.0163968
0.0939865
0.470699
0.00728879
0
0.0436722
0.0224517
0
0.0323297
0.0772697
0.028914
0.0230684
0
0.0144983
0.0706564
0.344164
0.0122518
0.00671258
0.0609718
0.0182254
0.0304637
0.0300998
0.00798276
0
0.0244852
0.0290369
0.00745853
0.00746081
0.015305
0.0307469
0.0245952
0.0398383
0.0144673
0
0.105256
0.470699
0.021928
0.0436722
0
0
0.0168372
0.0795167
0.0559328
0.0230684
0.0158957
0.0428022
0.0437695
0.277896
0.0211003
0.0303818
0.0182254
0.0157813
0.0301758
0.034149
0.00771305
0.0403121
0.013674
0.00745853
0.00746081
0.0311152
0.015708
0.033496
0.0398383
0.0067381
0.105256
0.499291
0.0288087
0.0584915
0
0.034499
0.039368
0.028235
0.0312724
0.00837932
0.0292996
0.0151044
0.265835
0
0.0297375
0.0182254
0.0396078
0.0250213
0.00820355
0.0404318
0.013674
0.00811513
0
0.0211471
0.0311152
0.00826334
0.0184648
0.070229
0.0138057
0.0160497
0.0711133
0.290323
0.0285453
0.0185619
0.03658
0.0104769
0
0.0157216
0.0615614
0.0143243
0.048088
0.0169899
0.0287827
0.186359
0.0123767
0.00710077
0.0204649
0.0302036
0.028496
0.00912766
0.0080019
0.0325818
0.021629
0
0
0.0894755
0.029101
0.00765155
0.0113746
0.492405
0.0139692
0.0560282
0.0529199
0.0207657
0.016122
0.0405804
0.0564145
0
0.029335
0.0137823
0.142364
0.0245817
0.0138689
0.0107537
0.0302036
0
0.0084133
0.00830528
0.0138137
0
0.0160341
0.0324526
0
0.0205142
0.0093262
0.0142453
0.00765155
0.0113746
0.305075
0.00705556
0.0185619
0.0381105
0.0100464
0.0841381
0.0405804
0.0569839
0.0493823
0.015891
0.0135672
0.0437486
0.0880184
0.0143639
0.0107537
0
0.0149086
0
0.00864546
0.00800696
0.00746081
0.0160341
0.00810949
0.0106135
0.00694007
0.00726375
0.0113746
0.0852334
0.0172475
0.0145018
0.049758
0.0602009
0.0426339
0.0334917
0
0.0283475
0.032982
0.0115629
0.0107537
0
0.00810949
0.0196164
0.0199091
0.0135794
0.0227023
0.0290497
0.0292005
0.032882
0.0203712
0
0.00849484
0.0133903
0.0445487
0
0
0
0.00663935
0.0433505
0.0077247
0.0169767
0.013925
0.0384098
0.118587
0.0837412
0.267228
0.0837412
0.435851
0.0837412
0.435851
0.0837412
0.435851
0.0837412
0.435851
0.0837412
0.435851
0.0916918
0.428146
0.0916918
0.442482
0.0916918
0.406209
0.0474723
0.0679133
0.109812
0.0952923
0.0135746
0.0455039
0.0882881
0.0472977
0.0163116
0.015791
0.0401656
0.0988674
0.0268979
0.0130895
0.0151075
0.00760306
0.0275981
0.0116756
0.014336
0.0481204
0.014336
0.0970302
0.014336
0.155155
0.014336
0.590035
0.014336
0.99685
0.014336
1
0.86481
0.745677
0.294273
0.029113
0.029113
0.135292
0.029113
0.00635652
0.0335558
0.251374
0.0100007
0.0447011
0.00635652
0.0110518
0.170078
0.0233858
0
0.0504589
0.107757
0.00635652
0.0445492
0.179522
0.0223518
0.0251845
0.0606556
0.278709
0.0696245
0.029113
0.0625855
0.0298884
0.114994
0.029113
0.421836
0.029113
0.0121575
0.963288
0
0.0447924
0.0139549
0
0.0121575
1.00592
0
0.0777668
0
0.0121575
0.778686
0
0.0221465
0
0.0121575
0.605399
0
0.0111239
0
0.124213
0
0.128826
0.5701
0.866081
0.866081
0.866081
0.866081
0.866081
0.866081
0.866081
0.00786494
0.107622
0.963064
0.0158022
0.00786494
0.0154228
0.117722
0.926118
0.0311256
0.0239976
0.0154228
0.138053
1.00662
0.177043
0.0161327
0.0154228
0.118238
0.914414
1.01232
0.031863
0.0154228
0.107645
0.793844
1.00188
0
0.0161946
0.0166681
0.0154228
0.14026
0.433219
0.975034
0.0166681
0.0154228
0.0768915
0.0470037
0.902577
0
0.0166681
0.0434408
0.0193739
0.0470037
0.771712
0.00826673
0.0542937
0.0470037
0.522745
0.00826673
0.0434408
0.0470037
0.425848
0.00826673
0.010101
0.0470037
0.980682
0.00826673
0.0209505
0.0300721
0.703877
0.00826673
0
0.0422178
0.0294216
0.0294216
0.0294216
0.0294216
0.0294216
0.0294216
0.0294216
0.0294216
0.0294216
0.0294216
0.00850298
0.25749
0.0150656
0.0476272
0.00850298
0.0291726
0.0807106
0.010568
1
0.015356
0.0169558
0.0869139
0.0574225
0.539509
0.0304444
0.00660638
0
0.985096
0.0154593
0.011378
0
0.0169558
0.103127
0.0953665
0.0100499
0.757319
0.0304444
0.00669176
0.0117804
0.976068
0.0110686
0.0327848
0.177004
0.0598811
0.0377423
0.0201616
0.758035
0.0117804
1
0.0169558
0.720811
0.0202631
0.49259
0.705033
0.00926271
0.0169558
1.00017
0
0.0440827
0.313007
0.00926271
0.987244
0
0.00926271
0.868152
0
0.00926271
0.630996
0
0.162736
0.00634894
0.126985
0.215151
0.0114447
0.0071404
0.00884115
0.0093906
0.0314888
0.0114447
0
0.00847134
0.00763227
0.0093906
0.0314888
0.0135201
0.0114447
0.00930497
0.00763227
0.0093906
0.0388379
0.0559846
0.0135201
0.0268812
0.0661756
0.0416572
0.00832139
0.015197
0.00669262
0.0363768
0.00822241
0.065425
0.0366238
0.201877
0.00934825
0
0.0758731
0.0123187
0.013232
0.187279
0.0416572
0
0.0601104
0.00886692
0.0628067
0.00795196
0.0511933
0.212343
0.0366238
0.368444
0.0179411
0.00934825
0.007159
0
0.009632
0
0.0758731
0.0123187
0.013232
0.427376
0.0505435
0.0561186
0.0601104
0.00705373
0.0899483
0.00795196
0.042722
0.177427
0
0.0366238
0.538153
0.0179411
0.0282418
0.00910936
0
0.0156618
0.0396417
0.11506
0
0.249018
0.0913168
0.075356
0.0151
0.00734516
0.0818249
0.042722
0.150626
0.0366238
0.647725
0.0686891
0.0373916
0.0156618
0.0768865
0.0199059
0.276701
0.00818961
0.0733421
0.171284
0.0454649
0
0.00720021
0.099714
0.129292
0.0543398
0.104964
0.573866
0.220514
0.0184491
0.0156618
0.0672019
0.0199059
0.544043
0.0431164
0.179048
0.0303649
0
0.00720021
0.0998235
0.0163515
0.130119
0.0554929
0.0514271
0.534054
0.00627574
0.235913
0.0131586
0.00947372
0.0236838
0.0581635
0.0126229
0.541957
0.0177322
0.0431164
0.143474
0.00720021
0.0704545
0.0083415
0.145484
0.0860497
0.0683004
0.507771
0.0130234
0.387936
0.0494049
0.0186442
0.0581635
0.0251788
0.513338
0.0442864
0.0623186
0.0532998
0.00820518
0.131471
0.0657835
0.0343095
0.398925
0.00749354
0.436733
0.00915356
0
0.0296746
0.0246678
0.513835
0.0255158
0.0174355
0
0.00970544
0.0264247
0.0077355
0.034729
0.0165872
0.102253
0.00889551
0.070843
0.252697
0.0421502
0.518063
0
0.0389405
0.0246678
0.670897
0.0287387
0.00809931
0
0.0527402
0.143744
0.0410018
0.0421502
0.518063
0
0.0389405
0.0246678
0.332665
0.0383468
0.0158853
0.269276
0.0207022
0.293633
0.0383468
0.0233431
0.28769
0.00715569
0.227039
0.0383468
0.00885068
0.0233431
0.343297
0.170252
0.0383468
0
0.00885068
0.0534916
0.359757
0.146844
0.0484341
0
0.0183948
0.0534916
0.359757
0.124942
0
0.0192223
0.00782573
0.00885068
0.00774147
0.0677841
0.393631
0
0.0221441
0
0.00782573
0.00885068
0.0285392
0.406528
0
0.00672371
0.120565
0.014005
0.00673999
0.00673999
0.00877278
0.00673999
0.00773673
0.00890536
0.0142359
0.0112065
0.0144394
0.00736119
0.00918537
0.00859824
0.0165039
0.0173225
0.00678849
0.00773673
0.297107
0.0336407
0.00890536
0.0932044
0.0178102
0.0840813
0.0116258
0.0112065
0.236547
0.00758799
0.0332716
0.00918537
0
0
0.00923702
0.238886
0.0383056
0.391038
0.0265533
0.0123879
0.0932044
0.0840813
0.0238487
0.044017
0.616901
0.0151195
0.0472649
0
0.0261244
0.018099
0.297838
0.0315171
0.0282061
0.5283
0.00687519
0.0177939
0.0398998
0.00660828
0.0100773
0.0165008
0.0130491
0.0361903
0.0241012
0.018453
0.00881838
0.126168
0.0603385
0.60295
0.0151195
0.0962106
0
0.00839419
0.0250749
0.00870493
0.178468
0.0470857
0.0101625
0.00756108
1.01277
0.0556671
0.0522589
0.027603
0.007741
0.046226
0.0192354
0.0113235
0.0226911
0.0433874
0.169598
0.00963066
0.0127364
0.321984
0.0183527
0.0915415
0.00814419
0.00870493
0.246872
0.0385778
1.01972
0.0344133
0.007225
0.017627
0.00920496
0
0.027603
0.00690851
0.0297252
0.0192354
0.0113235
0.0107432
0.0172007
0.169365
0.00634156
0.762291
0.00865102
0.132088
0.00805244
0.00920216
0.0172241
0.161769
0.0385778
0.0101588
0.00728598
0.420004
0.0133824
0.0288354
0.017627
0.0188647
0.027603
0.0100018
0.0149571
0.0144148
0.0330876
0.0169528
0.105073
0.0127213
0.490035
0.124629
0.00837101
0.00920216
0.00923364
0.129181
0.0384653
0.00713548
0.352322
0.0133824
0.0353319
0.017627
0.0190385
0.027603
0.00936642
0.0100018
0.0222298
0.0144148
0.0223445
0.0253838
0.0938799
0.00637977
0.473963
0.132005
0.00837101
0
0.138569
0.0384653
0
0.352322
0.00691191
0.0570274
0.0339948
0.0390873
0.0126789
0.0100018
0.0222298
0.0273762
0
0.0169528
0.0515816
0.00637977
0.547317
0.0723146
0.00837101
0.0952823
0.0156397
0.302052
0.0264679
0.0843548
0.0339948
0.0281558
0
0.0176176
0.0201219
0.245849
0.0361874
0.0331694
0.00770863
0.00999547
0
0.155711
0.033394
0.0843548
0
0.0144148
0
0.00813446
0.016634
0.00892069
0.0500166
0.0843548
0.0169497
0.00799928
0
0.00799928
0
0.00799928
0
0.007272
0.007272
0
0.00631471
0
0.00631471
0.190935
0.499428
0.588233
0.499046
0.178704
0.0157215
0.019286
0.0112439
0.230174
0.00862424
0.00334987
0.0321533
0.0114969
0.0452735
0.0123189
0.0546923
0.248664
0.0793458
0.0116825
0.00620346
0.0164318
0.0296043
0.0518522
0.0123077
0.21096
0.108896
0.00620346
0.0164318
0.0115154
0.0593238
0.11791
0.0123077
0.137794
0.1276
0.00620346
0.0164318
0.0115154
0.0296043
0.151155
0.0123077
0.117821
0.222263
0.0124169
0.0164318
0.0602993
0.128008
0.0249787
0.0521506
0.171542
0.0164318
0.0458084
0.117381
0.0249787
0.00635061
0.200121
0.0312316
0.012671
0.0611427
0.180427
0.117837
0.141877
0.0560595
0.117933
0.132243
0.0334982
0.155308
0.111018
0.0580117
0.155308
0.111018
0.0468851
0.167652
0.100051
0.0223716
0.2089
0.0603799
0.0265901
0.0223716
0.2089
0.0209409
0.0264349
0.0223716
0.259731
0.0108336
0.154393
0.0129099
0.0121005
0.0248635
0
0.0141609
0.00968687
0.014414
0.0292777
0
0.0134873
0.0497491
0.0124619
0.522744
0.00722772
0.0404137
0
0.0141609
0.00968687
0.014414
0.0143831
0
0.0134873
0.223546
0.0247085
1
0.00722772
0.0404137
0.0141609
0.00943391
0
0.014414
0.122989
0.0124619
0.872858
0.00722772
0.00943391
0.016561
0.014414
0.07393
0.0124619
0.242207
0.00722772
0.00975893
0
0.0276589
0.036895
0.065555
0
0.0140306
0.036895
0.0575001
0.1725
0.220633
0.340824
0.220633
0.220633
0.220633
0.220633
0.220633
0.220633
0.574726
0.0365842
0.0542215
0.817845
0.010498
0.116024
0.0911928
0.77636
0.010498
0.116024
0.0911928
0.917252
0.010498
0.116024
0.0911928
0.917252
0.010498
0.177264
0.0911928
0.917252
0.010498
0.588533
0.0911928
0.917252
0.010498
0.889072
0.0911928
0.917252
0.0242812
0.613591
0.0177612
0.0369714
0.690807
0.189452
0.442908
0.0761258
0.183484
0.00811046
0.25904
0.26892
0.0092096
0.0173727
0.0121387
0.0815866
0.00891913
0.184222
0.0173727
0.106737
0.0398145
0.142369
0.0683604
0.117634
0.133345
0.0867288
0.117634
0.133345
0.069808
0.129033
0.124132
0.0514396
0.154039
0.114833
0.0514396
0.16679
0.105689
0.0514396
0.179329
0.0276172
0.0340669
0.16316
0.0276172
0.117279
0.00893944
0.106926
0.0622149
0.00950799
0.00983149
0.059021
0.0622149
0.229718
0.00983149
0.059021
0.0622149
0.229718
0.00983149
0.0158784
0.111082
0.059021
0.0622149
0.229718
0.00983149
0.0158784
0.123795
0.059021
0.0622149
0.229718
0.0193287
0.0158784
0.537101
0.059021
0.0622149
0.229718
0.0193287
0.0158784
0.537101
0.059021
0.0622149
0.229718
0.0193287
0.0158784
0.537101
0.059021
0.0622149
0.33663
0.0193287
0.0158784
0.537101
0.059021
0.0545904
0.541791
0.00949721
0.0158784
0.537101
0.059021
0.270041
0.00715624
0.537101
0.0156063
0.0940922
0.464974
0.0923472
0.299513
0.299513
0.104545
0.0480577
0.0420559
0.483949
0.842846
0.559602
0.101076
0.0244269
0.00697694
0.0244269
0.00697694
0.0244269
0.00697694
0.0244269
0.00697694
0.0244269
0.00697694
0.0244269
0.00697694
0.0244269
0.00697694
0.0244269
0.00697694
0.0122391
0.00697694
0.00900953
0.0122391
0.00697694
0.00900953
0.0137363
0.00900953
0.0269633
0
0.779744
0
0
0
0.0252784
0.0154238
0.997237
0
0.0095943
0.0252784
0.0589145
0.0154238
0.834494
0.00699498
0.0972046
0.0487834
0.308993
0.00699498
0.0972046
0.0487834
0.00732161
0.0612381
0.00699498
0.0972046
0.0487834
0.0139079
0.00732161
0.0437795
0.00699498
0.0972046
0.0487834
0.0139079
0.00732161
0.0437795
0.00699498
0.116268
0.0252784
0.0139079
0.00732161
0.0437795
0.00699498
0.127156
0.0252784
0.0139079
0.0437795
0.00699498
0.00862996
0.168222
0.0126441
0.00843801
0.0139305
0.148963
0.040174
0.0141636
0.0330005
0.0138247
0.184277
0.092994
0.0645445
0.200529
0.0787763
0.0645445
0.23112
0.0520157
0.0645445
0.23112
0.0520157
0.0645445
0.23112
0.0520157
0.0645445
0.23112
0.0520157
0.0645445
0.0155179
0.010682
0.23112
0.0520157
0.0645445
0
0.0126273
0.0587861
0.0182418
0.0103067
0.457282
0.010682
0.23112
0.0141636
0.112004
0
0.0247447
0.0780228
0
0.0174448
0.182213
0.0206497
0.992445
0.010682
0
0.27439
0.0141636
0.0645445
0
0.0126273
0.0135682
0.0586113
0.00649661
0.0178729
0.0723947
0.0103067
0.689936
0.00894632
0.0321061
0
0.0129344
0.00649661
0.00866282
0.0554951
0
0.140648
0.00949352
0.0163533
0.0129344
0.0181505
0.00949352
0.00886807
0.00906183
0.00733887
0.0129344
0.0132914
0.0361789
0.0171924
0.395558
0
0.00949352
0.00906183
0.0121704
0.0141705
0.0129344
0.0254873
0.0141395
0
0.0361789
0.480653
0.0076988
0
0
0.0175675
0.00906183
0.00683163
0
0.00684406
0.0129344
0.0153781
0.0254873
0.0141395
0.0540222
0.00978144
0.420421
0
0
0.0142608
0.0175675
0
0.0121704
0.00683163
0
0.0250253
0.0386966
0.0141395
0.0128051
0.110311
0.00978144
0.345287
0
0
0.0142608
0
0.0300448
0.0121704
0
0.0250253
0.0104839
0.0108055
0.0386966
0.0140814
0.0128051
0.11886
0.00978144
0.33112
0
0
0
0.0144529
0.28019
0.0241605
0
0.0170012
0.0250253
0.0104839
0.0108055
0.0386966
0.00715411
0.0128051
0.166547
0.00978144
0.30092
0.0144529
0
1.00403
0
0.0813903
0.0250253
0
0.0104839
0.0108055
0.179629
0.00715411
0.0128051
0.00644337
0.241904
0.0165438
0.021981
0.287454
0.0314565
0
0
1.00403
0.00698627
0.0495944
0.0120909
0.0101431
0.205487
0.00694135
0.0129317
0.36316
0.0165438
0.0221253
0.226876
0.0101124
0.0388366
0
0
0
0.01597
1
0.0138962
0.0209615
0.0343599
0
0.0111686
0.191635
0.33565
0.0210778
0.134782
0.0101124
0.0388366
0
0
0.01597
0.0147072
1
0.0267765
0.0450279
0.0173587
0.0121665
0.0331676
0.100355
0
0.300705
0.132319
0.150041
0.0127699
0.0994988
0.0869314
1.00601
0.0522086
0.0174232
0
0.154517
0.0357372
0.00658595
0.0322899
0.267581
0.268821
0.0612616
0.0127699
0.0577587
0.128221
0.317916
0.0663996
0.186937
0.04866
0.0137427
0.0390417
0.159311
0.399912
0.0306305
0.00625729
0.0285387
0.0299254
0.0432716
0.0523484
0.21907
0.0872957
0.279399
0.0285387
0.0147072
0.13738
0.0230146
0.0213119
0.150886
0.348621
0.023284
0.142936
0.273556
0.023284
0.20831
0.213747
0.023284
0.246455
0.0108787
0.213747
0.00776802
0.273566
0
0.00716619
0.213747
0.00776802
0.273566
0
0.00716619
0
0.121511
0.0165122
0.182015
0.0235839
0.273566
0
0.0150255
0.00716619
0
0.818167
0.0165122
0.136966
0.0528859
0.273566
0
0.0150255
0.00648427
0.0397369
0.0160991
1
0.0328464
0.0159425
0.106459
0.0387896
0.286375
0.00648427
0.0298937
0.518104
0.0328464
0.010472
0.154067
0.0135822
0
0.0604538
0.0165122
0.0099698
0
0
0
0.0135446
0.00737061
0
0
0
0.00820959
0.445262
0.0288915
0
0.0142236
0.0158218
0
1
0.0472303
0.0576117
0
0.0142236
0.659487
0.0236664
0.0147094
0.0437511
0.0142236
0.0771242
0.0236664
0
0
0.0117369
0
0
0.00800777
0.0124926
0.00800777
0
0.019413
0.0934535
0.00789905
0.0164494
0.0294653
0
0.0517556
0.00789905
0
0.00844164
0.0479971
0
0.0386188
0.00789905
0
0.00844164
0.0479971
0
0.26838
0.00789905
0
0.00844164
0.0195185
0.0865435
0
1
0.00789905
0
0.0195185
0.0756719
0.0166265
0.974331
0.00789905
0.00755073
0
0.057511
0.0166265
0.494342
0.00789905
0.00755073
0
0.0485361
0.171157
0
0
0.00900235
0.0233536
0
0.011582
0
0.119955
0.0198254
0.845153
0.00697415
0
0.00998083
0
0.0466034
0.0453858
0
0.12354
0.198752
0.0384873
0.995598
0
0.0151145
0.0385976
0.0231737
0.0331374
0.0073342
0
0.12354
0.0690988
0.0384873
0.726304
0
0.0385976
0.0154541
0.0320321
0.0073342
0.144018
0.0295733
0.0384873
0.34762
0.00880654
0.0294177
0.0385976
0.0154541
0.0320321
0
0.201493
0.00956979
0.0384873
0.632621
0.0140027
0.0477461
0.0385976
0
0.00810286
0.0420088
0.39364
0.00956979
0.0384873
0.632621
0.0140027
0.325497
0.0385976
0
0.00810286
0.0420088
0.00651682
0.341333
0.316553
0.464929
0.0140027
0.81524
0.0385976
0
0.00810286
0.0420088
0.39334
0.315724
0.438601
0.0140027
0.995901
0.0158588
0.0305809
0.00810286
0.052115
0.00682228
0.411027
0.315724
0.398246
0.0284694
0.990528
0.0305809
0.0742561
0.413736
0.312921
0.398246
0.0284694
0.990528
0.0305809
0.0742561
0.414227
0.352327
0.368356
0.775033
0.00753372
0.438643
0.573677
0.0298206
0.198584
0.0527901
0.574068
0.0151463
0.0176162
0.109359
0.0181824
0
0.0177308
0.135793
0
0
0.0177308
0.0194413
0.115674
0
0
0.0177308
0.0943355
0.0381681
0
0.0109626
0
0.0177308
0.0943355
0.0199858
0
0.0109626
0
0
0.0177308
0.113932
0.297184
0
0
0.0109626
0.0677004
0
0.0377242
0.31825
1
0
0
0.0677004
0
0.0199934
0.22683
0.911501
0
0
0.0677004
0
0.0199934
0.22683
0.220919
0.0150833
0.00886151
0
0
0.168221
0.168569
0.0148595
0.00726861
0.030155
0.0134486
0.010574
0
0
0
0.0395927
0.223456
0
0.904147
0.0584927
0.030155
0.00886151
0.0118329
0.010574
0
0.0142927
0.157793
0.430396
1.00033
0.0436332
0.0151648
0.00886151
0.0118329
0.0142927
0.078527
0.168601
0.990445
0.0141106
0
0.00886151
0.0118329
0.0113071
0
0.078527
0.113322
0.351645
0.0141106
0
0.202469
0.0394079
0.0195586
0.00243896
0
0.334157
0.908019
0.931054
0.461626
0.374888
0.701317
0.23085
0.0203539
0.0549269
0.0115175
0.0352739
0.0183224
0.0125579
0.0793108
0.100744
0.0183224
0.0125579
0.0793108
0.100744
0.0183224
0.0125579
0.0793108
0.100744
0.0183224
0.0125579
0.0793108
0.100744
0.0183224
0.0125579
0.0793108
0.100744
0.0183224
0.00954754
0.0793108
0.108692
0.0141487
0.109211
0.00721645
0.481334
0.00721645
0.489307
0.497738
0.0501579
0
0
0.0136915
0.481154
0.0201307
0.14506
0.0589868
0
0.012141
0
0.0142485
0.0136915
0.481777
0.0201307
0.00751424
0.14506
0.700349
0.00843505
0.0102495
0.0121117
0
0.0138652
0.14607
0.0566826
0.0987105
0.0175702
0.0409916
0.00751424
0.135513
0.977665
0.0397123
0.0388297
0
0.0576042
0
0.0076966
0.470369
0.0429911
0.0612711
0
0.0127705
0.0409916
0.00751424
0.135513
1.00383
0.0397123
0.089488
0
0
0.130171
0.00765811
0.0076966
0.669475
0.0150899
0.0432789
0.204156
0
0
0.0127705
0.0409916
0.135408
0.645787
0.00909341
0.0303042
0.0628142
0
0.128223
0.0147416
0
0.0076966
0.562974
0.0224081
0.0432789
0.361861
0
0.0127705
0.0988507
0.614197
0.0200547
0.0256462
0.0143698
0.0991007
0
0.0147416
0.0084071
0.396925
0.0150899
0.0140633
0.34553
0
0.00991934
0.0620984
0.54968
0.0200547
0.0256462
0.0716808
0.0147416
0
0.395694
0.0150899
0.0440313
0.337382
0
0
0.020195
0.0268726
0.235067
0
0.0135345
0.0149302
0.00822286
0.362135
0.0150899
0.0286345
0.295339
0
0
0.020195
0.140037
0.00940321
0.0100621
0.0149302
0.348901
0.0150899
0.0432893
0.277214
0
0
0.020195
0.128501
0.00940321
0.0149302
0.334785
0.0150899
0.267819
0.137954
0.00940321
0.0149302
0.0270058
0.0150899
0.0643548
0.110668
0.00962003
0.101329
0.0528724
0.109847
0.00962003
0.0129385
0.08779
0.0923711
0.0099149
0.356825
0.0199191
0.0392501
0.212534
0.107049
0.011453
0.0099149
0.352663
0.110949
0.0252768
0
0.0392501
0.00794653
0.618157
0.120737
0.00810538
0.00658703
0.0114023
0.011453
0.0099149
0.315324
0.0697997
0.0124574
0.0137845
0.0392501
0.0304313
0.647183
0.00672538
0.120737
0.00658703
0.0114023
0.011453
0.289477
0.00865491
0.0710053
0.026723
0.0262702
0.037272
0.00794909
0.647223
0.120737
0.0163478
0.00658703
0.0114023
0.011453
0.264076
0.00865491
0.0693216
0.0234028
0.0137845
0.069515
0.0226516
0.00794909
0.551617
0.185242
0.0338329
0.00658703
0.0114023
0.011453
0.264076
0.00865491
0.0801101
0
0.0234028
0.0137845
0.069515
0.0115685
0.0147051
0.508726
0.00691019
0.00893708
0.213327
0.0423334
0.0142298
0.00658703
0.032463
0.113518
0.00865491
0.100152
0
0.012077
0.0252949
0.0262702
0.0225219
0.275846
0.0090064
0.790911
0.121005
0.0142298
0.0209876
0.0210037
0.0127377
0.0800994
0
0.0391136
0.0134575
0.0185247
0.0236484
0.00829921
0.387926
0.0174488
1.00043
0.0693134
0.0142298
0.0210037
0.0381837
0.0138066
0.00781678
0.00829921
0.272064
0.0090064
1.00043
0
0.0142298
0.0210037
0.0103867
0.0138066
0.0156425
0.00829921
0.168574
0.0075608
0.0090064
1.00043
0
0.00767794
0
0
0.0310885
0.0532111
0.0138066
0
0.0235439
0.0313869
0.153009
0.0075608
0.0090064
1.00043
0
0
0.00767794
0
0.0310885
0.172076
0.041702
0
0.00767497
0.0309294
0.122567
0.889487
0
0
0.00961799
0.112481
0
0.026085
0.0513096
0.57314
0.0541978
0
0.0180158
0.00767497
0.103353
0.0610637
0.400492
0
0.112481
0.00866235
0
0.0396148
0.0126308
0.031253
0.0147827
0.988318
0
0.0794419
0
0.0180158
0.00767497
0.14324
0.0285264
0.0434678
0.041562
0.0307449
0
0.09695
0.00866235
0
0.0396148
0.0247365
0.0521005
0.0147827
0.997147
0
0.144998
0
0
0.00767497
0.261804
0.0285264
0.0434678
0.111879
0.0619114
0.0220591
0.0230146
0.0308319
0.0887131
0.018158
0
0.051604
0.0126308
0.0213466
0.0147827
0.825381
0
0.0947801
0
0.0390587
0.00767497
0
0.0952089
0.0143158
0.0523454
0.387642
0.1817
0.0149541
0.0115222
0
0.0308319
0.0571231
0.00866235
0.0129767
0.0126308
0.0205344
0
0.771005
0.0102239
0.218878
0.0390587
0
0.123876
0.0257397
0.272743
0.227771
0.014567
0.0201059
0.0490554
0.00866235
0.0126308
0.0106329
0
0.818294
0.204902
0.0150216
0.0390587
0
0.107611
0.0156296
0.0344129
0.231481
0.271425
0.00728616
0.0197695
0.0102939
0.0163814
0.00866235
0.0126308
0.0106329
0.0144984
0.732387
0.204902
0.0150216
0.0194213
0
0.11499
0.0350296
0.191812
0.271425
0.011036
0
0.0313986
0.450484
0.17846
0
0.04519
0
0.179399
0.286107
0
0.0103528
0.358293
0.0523825
0
0.0453314
0
0.164598
0.286107
0.0990216
0.0273156
0
0.0693082
0.0693082
0.0554431
0.100124
0.0677604
0.0945515
0.0500438
0.0226615
0.0339231
0.0218143
0.0218143
0.0218143
0.0218143
0.0218143
0.126587
0.176599
0.205283
0.26238
0.395621
0.0104859
0.706381
0.0128361
0.0163308
0.0104859
0.71735
0.0128361
0.00876257
0.0104859
0.416909
0.0128361
0.00876257
0.0104859
0.421052
0.0128361
0.00876257
0.0104859
0.421052
0.0128361
0.00876257
0.0104859
0.421052
0.0128361
0.00876257
0.0104859
0.421052
0.0128361
0.00876257
0.0104859
0.421052
0.0128361
0.00876257
0.0104859
0.421052
0.0128361
0.00876257
0.0104859
0.421052
0.0112659
0.239388
0.0161325
0.00638161
0.03134
0.303542
0.223831
0.00736993
0.00638161
0.0195591
0.141867
0.195204
0.0113482
0.00694518
0.0143793
0.00638161
0.0827312
0.108679
0.0145555
0.00819359
0.0227733
0.102471
0
0.140472
0
0.176602
0
0.249866
0
0.0118263
0.789202
0.0238226
0.0364785
0.0137657
0.0235506
1
0.0238226
0.0171622
0.0340785
0.0235506
0.934444
0.0238226
0.0363831
0.0340785
0
0.756072
0.0238226
0.0363831
0.0340785
0
0.515103
0.0238226
0.0363831
0.0340785
0.521429
0.0238226
0.0363831
0.0340785
0.521429
0.0238226
0.0363831
0.0340785
0.521429
0.0238226
0.0363831
0.0340785
0.521429
0.0238226
0.0363831
0.0340785
0.521429
0.00808616
0.0192208
0.0340785
0.494317
0.00808616
0.457665
0.37173
0.0129146
0.168783
0.0225479
0.0129146
0.0367269
0
0.0350472
0.0547181
0.249627
0.116483
0.0586555
0.249627
0.0547181
0.0586555
0.249627
0.0547181
0.0586555
0.249627
0.0547181
0.0586555
0.249627
0.0547181
0.0586555
0.249627
0.0547181
0.103776
0.150809
0.0547181
0.103776
0.150809
0.0547181
0.141943
0.0870382
0.0443066
0.00808009
0.0599651
0.290331
0.0588029
0.252958
0.0136101
0.172665
0.238448
0.0277546
0.172665
0
0.0211942
0.192693
0.0433854
0.202587
0
0.192693
0.0136101
0.249236
0.0278155
0.013573
0
0.177992
0.0136101
0.279552
0.0278155
0.013573
0.149013
0.0201874
0.325394
0.0112865
0
0
0.0278155
0
0.00675994
0.0937502
0.4492
0.0112865
0
0
0.040156
0
0.0101831
0.0138562
0.310481
0
0
0.0278155
0.0126012
0
0.0116891
0.0320642
0.0125406
0.0236342
0.562118
0.538379
0.224471
0.00979146
0.0274249
0
0.0433143
0
0.014239
0.477522
0
0.0188975
0.0572328
0.0480908
0
0.944426
0
0.00883398
0.00922398
0.014239
0.0150605
0.382576
0
0.0101053
1.00526
0
0.00993167
0.017321
0.248343
0.0150605
0.393081
0
0.0101053
0
0.742272
0
0
0.0199952
0.008097
0.138947
0.0150605
0.308964
0.442484
0
0.008097
0.161177
0.0150605
0.224381
0.652142
0.008097
0.203117
0.175971
0.0131348
0.541782
0.008097
0.0100955
0.17615
0.0497561
0.175971
0.0184267
0.00901633
0.0428855
0.013128
0.362612
0.0085119
0.034572
0.038835
0.00841377
0.00696573
0.0168287
0.0100955
0.175922
0.0184399
0.132357
0.194324
0
0.0179116
0.0177422
0
0.0428855
0.0207141
0.51973
0.0178124
0
0.130435
0.0529076
0.00854584
0.00714756
0.020557
0.214795
0.0102389
0.0090191
0.300937
0.0456988
0.00765122
0
0.0089935
0.0100508
0
0
0.0287781
0.00685144
0.259924
0.0328991
0
0.0145211
0.160972
0.0348242
0.0167685
0.00714756
0.0630882
0.0787346
0.0220998
0.616819
0.0273386
0.0083704
0
0
0.0197889
0.0147423
0
0.280959
0.0841307
0.17085
0.0348242
0.00793415
0.00714756
0.0329549
0.194692
0.0220998
0.600607
0.0175442
0
0
0.0100508
0.0293243
0
0.0659039
0
0.0841307
0.0141899
0.179731
0.00846485
0.0143084
0.020773
0.101528
0.0118609
0.439783
0.0147423
0.0584697
0.0542916
0.0141899
0.0291792
0.0143084
0.020773
0.173949
0.03482
0.0550953
0.0173969
0.0182188
0
0.0287629
0.0182188
0.0110687
0
0
0.518998
0.0100137
0.00805066
0.0182188
0.0312846
0
0.0121587
0.180261
1
0
0.00805066
0.0182188
0.0202159
0
0
0.136557
1.00001
0
0.00805066
0.0202159
0
0
0.136557
0.251354
0.00805066
0
0.0565063
0.0147701
0.00805066
0.014931
0.0273806
0.0145494
0.014931
0.0070439
0.391621
0.0110522
0.0574809
0.014931
0.0193172
0.00774052
0.00823072
0.0210561
0.0169014
0.954802
0.0502781
0.0136613
0.080523
0
0.077539
0.309687
0.0265259
0.0178606
0.00774052
0.0156667
0.0210561
0.0683828
0.997374
0.0612929
0.00738283
0.00875973
0.320005
0
0.077539
0.736308
0.0126085
0.0187826
0.0178606
0.00743602
0.0140666
0.0524034
0.592865
0.00976588
0.0599744
0.00738283
0.00875973
0.247235
0.077539
0.705783
0.0126085
0.0187826
0.00743602
0.0268912
0.105721
0.955674
0.110276
0.00875973
0.326469
0.00928347
0.266177
0.0126085
0.0187826
0.00743602
0.0268912
0.0880694
1
0.110276
0.00875973
0.326469
0
0.25196
0.0126085
0.0187826
0.0268912
0.103532
0.347048
0.120961
0.326469
0.25196
0.0338453
0.0140666
0.0672392
0.542612
0.0702144
0.206786
0.139601
0.0338453
0
0.0320106
0.605095
0.0297171
0.194997
0.113616
0.0338453
0
0.0165476
0.0431748
0.0765116
0.0581595
0.0100808
0.0146049
0.0100808
0.0146049
0.00928092
0.00928092
0.00928092
0.00928092
0.00703505
0.0119455
0.0119455
0.0119455
0.0119455
0.0119455
0
0.00849325
0.0178037
0.01195
0.165866
0.00849325
0.00988771
0.0566489
0
0.0100457
0.01195
0.947381
0.0332453
0.00849325
0
0.0401094
0.00836595
0.0862914
0.00988771
0.00638804
0.0486024
0.0402822
0
0.313442
0.0194966
0.0342964
0.166393
0.01195
1
0.0427788
0
0.0555732
0
0.0661911
0.00901834
0.136984
0.00836595
0.0567723
0.00638804
0.252129
0.0189521
0
0.970086
0.131567
0.0377745
0.0100457
0.0164886
0.378935
0.0133487
0.01195
0.0193699
0.791868
0.0533097
0.0349106
0.0622292
0
0.0511283
0
0.254427
0.0160574
0.0985472
0.00951701
0.288426
0.217981
0.0140521
0.996665
0.219276
0.0377745
0.00789387
0.0100457
0.340339
0.0133487
0.0110981
0.0193699
0.555318
0.0533097
0.043065
0.0475526
0.0511283
0
0.295665
0.0160574
0.070782
0.0559089
0.00673255
0.308288
0.471445
0.0207893
0.972509
0.241973
0.0199943
0.00696187
0.0100457
0
0.340339
0.0133487
0.0227979
0.0193699
0.473837
0.00953348
0.0523025
0.0727529
0.0511283
0
0.312212
0.0160574
0.025195
0.0463919
0.0137862
0.284296
0.471445
0.0133941
0.0135386
0.972509
0.274048
0.0199943
0.0106478
0.0172459
0.303515
0.0227979
0.0193699
0.45738
0.0868844
0.0309072
0.0188142
0.0340642
0.00918208
0.268637
0.0242329
0
0.0123812
0.0463919
0.0128107
0.241743
0.531059
0.0271166
0.879226
0.026294
0.274048
0.0199943
0.0134044
0.301808
0.0193699
0.449601
0.00852889
0.0151727
0.0186029
0.0349047
0.163393
0.0247229
0
0.0369723
0.12255
0.118329
0.013257
0.0140318
0.389316
0.026294
0.274048
0.0102052
0.0134044
0.301808
0.0193699
0.012463
0.0129291
0.0149503
0.026294
0.274048
0.0102052
0.0134044
0.301808
0.0283606
0.0158297
0.0283606
0.0158297
0.0283606
0.0158297
0.0283606
0.0158297
0.0283606
0.0158297
0.0283606
0.0158297
0.0283606
0.0158297
0.0283606
0.0158297
0.0283606
0.0158297
0.0185811
0.0158297
0.0185811
0.0158297
0.00718235
0
0.196069
0
0
0.0110889
0
0.00933927
0.732466
0.0174329
0.00704713
0.0140316
0.0198721
0.0224574
0.0144515
0.0110889
0.0184962
0.00933927
0
1.00025
0.0346722
0
0.0314693
0.0141228
0.0267512
0.115391
0.0341807
0.053486
0.122956
0.0144515
0.0110889
0.0130653
0
0.0439124
0
0.778047
0.0251726
0.0515404
0
0
0.111092
0.021106
0.0397266
0.536916
0.0175591
0.143499
0.0343115
0.0382632
0.00802869
0.322175
0.0144515
0.0258601
0.036866
0.095908
0.00773151
0.508726
0.0172202
0.0122177
0.11137
0
0
0.0274393
0.199367
0.0735145
0.027007
0.543097
0.0156494
0.143499
0.0647156
0.0964036
0.00969701
0.0237156
0.015309
0.358819
0.0123755
0.0401902
0.0184962
0.0705801
0.00773151
0.473753
0.0172202
0.0122177
0.0863552
0
0.0138271
0.0129627
0.0282273
0.19233
0.147064
0.0134624
0.508724
0.0319064
0.27682
0.0656421
0.0964036
0.00969701
0.015309
0.374808
0
0.0174437
0.01708
0.0237061
0.463188
0.0172202
0.0114249
0.0773589
0
0
0.0275142
0.0561726
0.180727
0.16165
0
0.435043
0.0488535
0.40891
0.113992
0.00969701
0.0232338
0.173201
0.0103162
0.00801022
0.0152667
0.340271
0.0114249
0.0345213
0.0143501
0.0538715
0.0193898
0.0944607
0.0900365
0.039672
0.283183
0.097201
0.494601
0.0573767
0.00969701
0.00816368
0.0527841
0.0147423
0.131681
0.0348303
0.013923
0
0.0197046
0.0226239
0.00807909
0.0835288
0.0666614
0.494601
0.0200601
0.0192662
0.00816368
0.0089009
0.0162764
0.00730341
0.0384249
0.0199069
0.483444
0.0181001
0.00714803
0.00714803
0.0585625
0.026005
0.0585625
0.026005
0.0585625
0.026005
0.0585625
0.026005
0.0585625
0.026005
0.0585625
0.026005
0.0585625
0.026005
0.0585625
0.026005
0.0585625
0.0199296
0.169138
0.0784723
0.169138
0.38407
0.500069
0.400246
0.00724186
0.452472
0.00724186
0.550739
0.276944
0.0102627
0.0102627
0.0569895
0.163946
0.0868605
0.0256124
0.0775096
0.0119973
0
0.126733
0.0334994
0.10002
0.0569595
0.0119973
0.106656
0.0334994
0.10002
0
0.0569595
0.0119973
0.00780564
0.0767431
0.0334994
0.10002
0.0736533
0.0119973
0.0153415
0.0767431
0.0334994
0.10002
0
0.0894091
0.0119973
0.0767431
0.0334994
0.10002
0
0.0136
0.0894091
0.0119973
0.0767431
0.0334994
0.111279
0
0.0136
0.0894091
0.102191
0.00784951
0.0677124
0.0233717
0.147636
0.0589882
0.0149316
0.0427109
0.138411
0.504048
0.00784951
0.0577719
0.0322364
0.146948
0.0817979
0.0149316
0.0427109
0.146472
0.516494
0.0159889
0.0189708
0.048692
0.024122
0.0546945
0.0703774
0.033481
0.0759356
0.0427109
0.146472
0
0.814545
0.183253
0.0189708
0.0385087
0.0243222
0.093842
0.00912665
0.0173903
0.0463325
0.0844798
0.227044
0
0.995601
0.183253
0.0189708
0.00983982
0.00803752
0.0344708
0.0710323
0.0173903
0.0150405
0.0283854
0.179942
0.788126
0.0719199
0.0189708
0.00983982
0.0161765
0.0344708
0.0841681
0
0.0154365
0.0730717
1.04719
0.0479208
0
0.012837
0.0154365
0.0176994
1
0.818
0.117418
0.0132228
0.146377
0.366658
0.0245787
0
0.135714
0.0264433
0.00805874
0.0325451
0.0119922
0.0104474
0.0240525
0.706097
0.028237
0.0653766
0.0588555
0.0825447
0.0239589
0.039326
0.100984
0.0134294
0.919429
0.028237
0.00961047
0.0495127
0.00870147
0.116705
0.013866
0.0825447
0.0360602
0.0534139
0.0106586
0.117632
0.0134294
0.900556
0.0690914
0.0190353
0.03327
0.00870147
0.134109
0.0640019
0.0360602
0.0534139
0.0210941
0.018357
0.0123444
0.117606
0.0251511
0.821304
0.0690914
0.0268153
0.03327
0.00870147
0.135326
0.0541475
0.0360602
0.0526051
0.021663
0.017414
0.0243567
0.0847968
0
0.782413
0.026827
0.0690914
0.0268153
0.00805874
0.00870147
0.119388
0.0365169
0.0121013
0.0389298
0.0690706
0.00675417
0.248639
0.026827
0.0690914
0.00709547
0.00805874
0
0.0258416
0.0442764
0.026827
0.0690914
0.00709547
0.00805874
0
0.14986
0.0339079
0.480891
0.0251088
0.00937467
0.814985
0.0166404
0.00839339
0.982277
0.00841868
0.00814894
0.876363
0.00841868
0.00814894
0.47773
0.00841868
0.00814894
0.0138982
0.00841868
0.00814894
0.0138982
0.00841868
0.00814894
0.0138982
0.00841868
0.00814894
0.0138982
0.00841868
0.0205157
0.0089694
0.423091
0.475732
0.167815
0
0.0135439
0.00708906
0
0.0229339
0.0136536
0.00844794
0.00897289
0.00771651
0.114444
0
0.00892248
0.014179
0.030487
0.0105793
0.0245609
0.00930981
0.0410239
0.0120564
0.00844794
0.036816
0.144718
0.274056
0.0414464
0.00892248
0.0292369
0.0076385
0
0.00765726
0.0105793
0.0245609
0.0300504
0.00930981
0.266329
0.0429205
0.0142011
0.00873227
0.0114016
0.148461
0.0682869
0.0127787
0.21303
0.193304
0.00892248
0.108272
0.00767552
0
0.010377
0.00765726
0.0105793
0.0116234
0.0402821
0.00930981
0
0.266329
0.0344725
0.0142011
0.00873227
0.0114016
0.136213
0.0252867
0.0127787
0.0083598
0.205865
0.108516
0.00892248
0.161367
0.00767552
0
0.010377
0.00765726
0.0116234
0.0402821
0.00983606
0.00930981
0
0.266329
0.0344725
0.0142011
0.00873227
0.0114016
0.00877638
0.136213
0.0414988
0.0127787
0.192699
0.0125075
0.0190228
0.159743
0
0.042073
0.00765726
0.0402821
0.0083936
0
0.00930981
0.22677
0.0176232
0.0142011
0.00873227
0.124839
0.0252867
0.00809928
0.178945
0.0125075
0.0286345
0
0.030279
0.0199227
0
0.0182525
0.133637
0.00827497
0.0177052
0.0108954
0.0633395
0.0357073
0.118167
0.027059
0.0286345
0.023362
0.0131258
0.00972168
0.020401
0.0129603
0
0.0133225
0.0286345
0.023362
0.0131258
0.00972168
0.0070825
0.00629943
