1
1
0.32561
0.998376
1
1.00721
0.467727
0.00261854
1
0.729747
1
0.21954
0.014845
0.00287278
0.00296899
0.00309635
0.0137435
0.0111337
0.00309547
0.002836
0.00573586
0.202921
1.03503
0.898428
0.00535654
0.00535654
0.00306122
0.00563056
0.00265783
0.0294117
0.00267402
0.00307186
0.00563056
0
0.00294034
0.00282637
0
0
0.0110175
0.00278609
0.00851848
0
0.80797
0.996815
1.01194
0
0.0117741
0
0
0
0
0
0
0.00879191
0.00281977
0.0137096
0.0604427
0.0110077
0.0543489
0.00296899
0.0197061
0.0136686
0
0.0107214
0.0345878
0.190609
0.0564438
0.0963144
1
0.00281528
0.00281528
0.11799
0.0121872
0.00445349
0.0120685
0.202553
0.552424
1
0.0035306
0.00303806
0.00281528
0.00308268
0
0
0.010509
0.020215
0.0029894
0
0.00258564
0.00356132
0
0
0
0.0280629
0.305666
0.0418295
1
0
0.00480783
0.00302159
0.00609072
0.00353067
0.0166347
0.00300131
0.0103967
0.0138758
0.00291992
0.056029
0.0027029
0.00276939
0.00286651
0.146957
0
0.00391426
0.00285424
0.00538365
0
0.00855322
0
0
0.0217703
0.00257425
0.00387769
0.0115942
0.00904793
0
0.00277942
0.0055277
0.107668
0.00428586
0.00268227
0.0026564
0.244004
0.0100585
0.980892
0
0.00287046
0.00332442
0.0115215
0.00310327
0.997224
1.01721
0
0.00257425
0
0
0.00429287
0.00815435
0.057198
0.0361476
0
0
0
0
0.00268904
0.054961
0.00509125
0
0
0.00508946
0.0203154
0.0480222
0.997816
0.00599499
0.00302945
0.00288073
1
0.660403
0
0.0315521
0.0120655
0
0.00257425
0.0177509
0.00938666
0
0.0194324
0.00708904
0.00293851
0
0.00267923
0.00538517
0.0742818
0.00279994
0.00287436
0.00538517
0.0100972
0.00561283
0.10976
0.997627
1
0.156491
0.00257425
0.00680132
0.0126186
0.00882669
0.00294223
0.00844883
0.00294223
0.00441334
0.00287436
0.0026564
0.00287436
0.0505175
0.00414282
0.00726963
0.00255102
0.00287436
0.00455057
0.00304708
0.00664638
0.00807416
0.00262096
0.0436324
0.00508849
0.0139175
0.535054
0.0388906
0.00269491
0.0154455
0.00301229
0.00838872
0.0162644
0.00478364
0.0026685
0.00257409
0.0234696
0.068236
0.00291571
0.00269139
0.00391959
0.00283779
0.25904
0.0173009
0.0058732
0.115946
0.00249541
0.00672847
0.0570973
1
0.12041
0.00280864
0.00276421
0.0035105
0.0201854
0.00280963
0.0102982
0.528239
0.0113217
0.00346665
0.0101294
0.348789
0.35802
0.0854997
0.682055
0.00273
0.0137948
0
0.00273
0.00687562
1
1.0177
0.312264
0
0
0
0.0674991
0.00924298
0.0146817
0.00693711
0.0120333
0.00569938
0.00891287
0.0464896
1
1.00002
0.512045
0.00280565
0.0103707
0.00290405
0.00294883
0.00744882
0
0.00287968
0.0102668
0.0265645
1.01328
1
0.0104057
0.00275897
0.96455
0.524936
0.00584624
0.00288719
0.0054996
0
0.00356666
0.0224661
0.00263391
0
0.00303326
0.00868136
0.0224676
0.00683752
1.00148
0.974719
1
0.547577
0.518175
0.00289729
0
0.00281807
0
0
0.0428035
0
0
0
0.00275523
0.00375713
0.00287673
0.00275523
0.00253066
0
0.00784778
0.00580278
0.00286601
0.133815
0.0228017
1
1.0346
0.388493
1
0.29155
0.947511
0.0280632
0
0.00290667
0.00285349
0.00288975
0
0.00286828
0.00543948
0.00422906
0.00271732
0.017405
0.0276271
0.0227386
0.00944881
0.00271732
0
0.0088976
0.00305067
0.00293485
0.12916
0.00343015
1.03659
0.0794664
0
0.00271732
0.216579
1.00597
0
0.00283543
0.0029209
0.00294516
0
0
0.00282253
0
0.00301753
0
0.00839774
0.00260364
0.00819708
0
0.00804564
0.0128593
0.0335875
0
0.0270402
0
0
0
0.00287002
0.00276814
0.00616322
0.00542265
0.00283349
0.00287311
0.0100074
0.0832892
0.00546584
0.00275897
0.00560163
0.00894511
0.0530931
0.0201975
0.301251
0.0478583
0
0.0333877
0.00831222
0.957033
0.0160061
0
0.00257786
0.00556431
0.00362554
0.0107801
0.00289245
0.00281993
0.00252477
0.00261294
0.0118031
0.00538874
0.00726046
0
0.00727872
0.0350862
0.00276814
0.00289859
0.00586066
0.174778
0.00361004
0.0322077
0.0276924
0
0.0118635
0
1
0.0164969
0.00251195
0.0286338
0
0.00277799
0.00721912
0
0
0.0125908
0.00738759
0.0027514
0.0097851
0.00543149
0.00352501
0.00283349
0.012428
0.00526844
0.00395272
0.00821348
0.0028589
0.00282113
0.00284638
0
0
0.0151089
0.0185452
0.0446107
0.980442
0.00572141
0.0026176
0
0
0
0
0.0420189
0
0.00547919
0
0.00550556
0.00568645
0.00797345
0
0.00871334
0.00281993
0
0.00459556
0.00312926
0.00263514
0.00907481
0.0056221
0
0.00263514
0.00388189
0.00459542
0.0171655
0.244935
0.00530833
0.00259279
0
0.00259242
0.00259718
0
0.00284653
0.00284653
0.00387535
0.729578
0
0.00253798
0
0.00581771
0.0033561
0.0179398
0.00272271
0
0
0.00546013
0.00330854
0
0.015684
0.00308026
0
0.00550136
0.00298997
0.0769845
0.00497763
0.00580884
0.00996657
0.00571268
0.00553933
0.00589077
0.00293283
0.13611
0.00360587
0.0184644
0.00298997
0.0381362
0
0
0.00542703
0
0
0.0025971
0
0.00277799
0.00469645
0.0636138
0.00273574
0
0.00410672
0.00284337
0.449903
1.00269
1
0.0785884
0
0.00546013
0.00797209
0.00553933
0.00545336
0.00259388
0.00599304
0.00260803
0.0165084
0.00272271
0.0614327
0.00424677
0.00252936
0
0.00254806
0.00926033
0.0353277
0.0126519
0
0.36428
0.00257849
0.0230802
0.00251195
0
0.00257058
0.00566646
0
0.00459231
0.0223328
0.0115972
0.00566646
0.00290846
0.00876629
0.59807
0.990603
0.747645
0.0057022
0.0276527
0.0663076
0.0157643
0.00393604
0.00305086
0.0107556
0.139625
0.00298658
0.0133955
0.147647
0.0026386
0.0189982
0.00997745
0.0108474
0
0
0.0217095
0.00261369
0.100239
0.00366829
0.0108474
0.689478
0
0
0
0
0
0
0
0.00290846
0.018068
0
0.00415494
0.599563
0.242138
0.176752
0.0083011
0.00251968
0.040707
0.00262038
0
0.0251531
0.00304516
0
0.00560696
0
0.00472101
0.0297952
0
0.00243194
0.0149329
1
0.00264104
0.0624118
0.0658469
0.0345251
0.00809754
0.0251945
0.0052864
0.00260374
0.0151291
1
0.023516
0.00259645
0.00259718
0.00335546
0
0.0025971
0.0652377
0.0803915
0.0107404
0.00262038
0.0117961
0.0025971
0.00271426
0.00808944
0.00389565
0.00959537
0.00250741
0
0
0
0
0
0
0
0.22975
0.00546653
0.00313143
0.002932
0.00263798
0.0035072
0.0310302
0
0
0
0
0
0
0
0
0
0.0372161
0
0
0
0
0
0
0
0
0
0.00291327
0
0
0
0.0144588
0.293968
0.012711
0
0
0
0
0
0
0
0
0.00587972
0
0.00607704
0
0
0.013114
0.1301
1.00422
1.01929
0.103353
0.0027118
0.00281369
0
0
0
0.00302126
0.00298581
0.00474878
0.00373631
0.00284927
0.00296427
0.00601196
0.0138916
0
1
0.96433
0.758214
0
0
0
0.00287467
0.0101693
0.0033052
0.00284927
0.00284952
0.014191
0.00580755
0.00300686
0.0211982
0.0423694
0.998948
1.20263
1.00797
0.00285007
0
0
0.00284927
0
0.00281484
0.00292837
0.00299976
0.00297094
0.00280687
0.0851375
0.00304781
1.02182
1
0.98182
0.00284927
0.00283966
0
0.00308519
0.00742734
0.00867531
0.00293396
0.00281484
0.00580556
0.00597176
0
0.00294323
0.0141378
0
1.06131
0.940076
1
0.00577466
0.00449884
0.00255877
0.0236672
0.0028387
0
0.00258686
0.067897
0.0107178
0
1.01824
1.06189
1.07053
0.983134
0
0.00280113
0.00435891
0
0
0.979767
0.0725391
0
0
0
0.882569
0.957486
0
0.00311646
0.00305568
0.280494
0.00804742
0
0
0.0122842
0
0
1
0
0
0
0
0
0.00295072
0.003039
0.00295072
0.00289652
0.00891281
0
0
0
0
0.113722
0.00305175
0.00309878
0.00465903
0.496948
0.0177043
0.00304144
0
0.997906
0.00333379
0.00458833
0.00290594
0.0144417
0.951245
0.0036884
0.00304525
0.00290594
0.00304525
0.00484324
1
0.446235
0.321955
0.00297632
0.127047
0.0029102
0
0.01749
0.00289205
0
0
0
0
0
0.0109625
0
0.00306659
0
0
0
0.00296588
0.00893593
0
0
0.00282904
0.00880604
0.00305288
0.0741101
0.197861
0
0
0.00297482
0.00304632
0
0
0.00581698
0
0
0.00430361
0
0
0
0.00860722
0.00295283
0.00300913
0.00847865
0
0.00304203
0.0030267
0.00299347
0
0
0
0.00311758
0.00864603
0
0
0.0145264
0.0119684
0.0058816
0
0
0
0.0920953
0.12075
0
0.00573744
0.00309862
0
0.00312689
0
0.0216728
0.00317702
0
0
0
0.00599982
0
0
0.00282904
0.0127026
0.0128292
0
0.00299106
0
0
0
0.00303608
0
0
0
0.00286907
0
0.0059029
0
0.00780023
0.00308666
0.00298212
0.00283086
0.0179626
0
0.0108349
0
0.00326168
0.00295117
0.0181834
0.00731066
0.00568338
0
0.0120802
0
0.0120439
0.00705381
0.00314519
0.043189
0
0.0059029
0.802351
0.0472829
0.00300957
0.0028775
0
0.0028727
0
0.0120318
0
0
0.00309734
0
0.00297482
0
0.00296525
0
0.00289041
0
0
0.00282904
0.00606558
0
0.00943619
0.00291096
0.0128188
0.00302427
0.0123624
0
0.00571946
0
0.00404149
0.00303135
0.0098721
0.00284886
0.00284886
0
0.00310223
0.00755225
0.0125326
0.00289004
0
0.00581963
0.00281419
0
0.00765515
0.00302763
0
0.0176938
0.00293551
0.00613394
0.0116971
0.010436
0.00795201
0.96954
0
0.129655
0.17511
0.00291102
0.00383901
0.0029362
0
0
0
0.0167048
0
0
0.00293551
0.00299106
0
0
0
0.00299106
0.00296294
0.00621064
0
0.00293551
0.0287122
0
0.0177698
0.00299456
0.00286185
0.00274197
0.00286907
0.00432942
0.00761485
0.00700601
0.0056152
0.00797274
0.00288284
0.00289205
0
0.00274197
0.00747809
0.00761485
0.00305878
0.00282294
0
0
0
0.00582119
0.00485052
0.0210035
0
0
0.00493605
0.0146756
0.00295159
0.00713065
0.00597543
0
0.00576303
0.00278344
0.00449004
0
0.0179884
0
0
0.00472273
0.041571
0.0482477
0.0762469
0.0927494
0.996723
0
0.976763
0.710568
1.37583
0.00297566
0.00526601
0
0
0.00494296
0.0029883
0.00284601
0.0128684
0
0
0.00872703
0
0.00287483
0.00286233
0.00283114
0.00782475
0
0.00590763
0
0.00268464
0.00453012
0.0817846
0.00610817
0.00375542
0.00304088
0.0178719
0.00302147
0
0
0.0151339
0.00273123
0
0.00877885
0
0
0.00931024
0.00316151
0.0117041
0.00297902
0.042795
0
0.997096
0.987525
0.250482
1
1.00103
0
0
0.0187476
0
0.00288398
0
0
0.00298452
0.0056729
0.00292098
0
0.0424357
0
0
0
0
0
0.0170458
0.00290678
0
0.0115574
0.0849258
0.00306844
0
0.00303582
0
0.014929
0
0.00898027
0.00918538
0.00285386
0.0156164
0.00596793
0
0.00279307
0.00277773
0.00981017
0.0778395
0.00608315
0.030747
0.00279307
0.00931024
1.0384
0.876229
0.987038
0.00279307
1
1
1
0
0.0316396
0
0.00572604
0.00298255
0
0
0.00586962
0
0.0101127
0.0471135
0.00271761
0
0.0173382
0.00280751
0.0384564
0
0.00295603
0.0178719
0.00301127
0.0480301
0
0.0055982
1
0.0892421
1.03189
0
0
1
0.011577
0
0.00513585
0.0134915
0
0.0108575
0.00283114
0.00289041
0.0173359
0.00300574
0.0145566
0.00572155
0.0142959
0.00772298
0.00293867
0.0098721
0.0178
0.00831788
0.00308365
0
0
0.00292153
0.0390467
0.0152293
1
0.0639094
1.04801
0
0.965821
1
0.00283928
0.00290735
0.00765251
0.00293305
0.00853107
0.00426553
0.937285
0.740663
0.987249
0.250181
0.98333
0.132107
1
0.875923
1
1
0.16734
0.0408674
0.0309958
0.0393975
0.450742
0.326312
1
0.47528
0.972435
0.340822
0.0148745
0
0.00293934
0.00785659
0.00253416
0
0.0030154
0.00278903
0
0.0105751
0.00267723
0
0.0080601
0.00249996
0.0128418
0
0.0526581
0
0.00268653
0
0
0
0
0
0.00267319
0.00251705
0
0.01126
0.0195985
0.0081646
0.0508541
0.828963
0.0669002
0.0045474
0.0332515
0.002848
0.00278824
0.00272844
0.00578161
0
0
0
0.00429257
0.00297604
0.0025205
0.00251503
0.0338677
0.0056513
0.0407797
0
0.00549107
0.00253568
0
0
0.00256836
0
0.00956787
0
0.00256836
0.00366908
0
0
0.00576526
0.00282772
0.00525218
0.00271594
0.00273689
0.00930064
0.00283521
0.0028761
0.0112276
0
0.00282772
0
0.0215385
0.0253949
0.0118643
0.245684
0.125529
0.990589
0.45181
0.00528734
0.00418705
0.0379857
0.0113621
0
0.0149842
0.215068
0.00541802
0.00249612
0.00290098
0.00549636
0
0
0.00296798
0
0.00280064
0.00271728
0
0.0037836
0
0.00255143
0.0268706
0.043879
0.0370342
0.00256097
0.0027146
0
0.00246935
0.00301286
0
0
0.00528585
0.00383393
0.0472957
0
0.00293583
0.00527147
0.00268868
0.0028498
0.0206426
0
0.0125972
0.00261565
0.00250469
0.00265582
0.00284272
0
0.00281674
0.00361251
0
0.00269532
0.00297604
0
0.00251871
0.00377255
0.00852254
0.00390557
0.104744
0
0.00837665
0.00297604
0
0.00877372
0.0155234
0.0053099
0.00258628
0.00269357
0.0106619
0.0253843
0.00269357
0.00251705
0.123711
0.00554439
0.0528243
0
0.00813975
0.00778333
0.00534951
0.00269357
0.00509021
0.0116463
0.00808796
0
0.0253505
0.0276717
0.0497638
0.20722
0.0907333
0.475573
1
0.0130331
0.00632953
0.00673201
0.0038821
0.00947862
0
0
0.00532148
0.00544269
0
0
0
0.00264924
0.00349196
0.00265697
0.00483832
0
0
0.0228631
0.00315692
0.00817579
0.00278903
0
0.0067159
0
0.00555797
0.00255143
0.0027146
0.00260297
0.00682223
0
0.00256097
0
0.00276536
0.00869007
0.00274209
0.0156412
0
0.00292432
0
0.00541614
0.00386853
0
0.00564814
0.00234992
0.0110072
0.0197107
0
0
0.00251503
0.00596469
0.0056428
0.0252446
0.0109807
0.00301827
0.00278187
0.0115593
0.00273108
0
0.00311418
0
0.0145128
0.00301037
0
0.00530951
0
0.00273108
0.00278187
0
0.00289356
0.0126833
0
0.0449562
0.0209372
1.0096
0.00288201
0
0.00700638
0.00433559
0.0127489
0.00280068
0.00288282
0.00479601
0
0
0.00285371
0.00405666
0.00507106
0.00258838
0.00246935
0.00246446
0
0.00292599
0.00532366
0
0.00278903
0.00526028
0.00302462
0.00784735
0
0.00265582
0.00408816
0
0.00883359
0.00288201
0
0
0.0209257
0
0.00308355
0.00277109
0
0.00604919
0
0
0.00359909
0
0.0178563
0
0
0.00747503
0
0.0154101
0.00525872
0.0211752
0.00278187
0
0.00389548
0.012338
0.00314011
0.00493004
0.00288378
0.0252473
0.3794
0.00251432
0.0241031
0
0.010791
0.0030272
0
0.00260136
0
0
0.0112285
0.00287761
0.0028167
0.00297343
0.00353255
0.00282772
0
0
0.00542856
0.00771197
0.00568424
0
0.00258838
0
0.00252851
0.00291587
0.00249996
0.00286393
0.00335509
0
0.0346668
0.00273787
0
0
0.00878882
0.00295506
0.0200606
0.00305346
0.00447756
0.0067765
0.00263633
0.0174982
0
0.00287886
0.00520731
0
0.00260668
0.00288378
0.0040195
0.00301988
0.00270643
0.00280654
0.00846457
0.00294784
0.0224192
0.892339
0.00252692
0.00848153
0.00684763
0.0170764
0.00472779
0.00268756
0
0.00271334
0.00604608
0.00284688
0.00313982
0
0.0331874
0.0157545
0.00585541
0.00345692
0.00587926
0.00271334
0.0106979
0.00285431
0.00264456
0.0030813
0.00262799
0.0156117
0.00314109
0.0057658
0.00271334
0
0.00293269
0
0.00876412
0.511136
1.00587
0.0502332
0.00855291
0.00273787
0.00532366
0.0129634
0.0029067
0.0671266
0
0.00287886
0.00254698
0.0107141
0.0056495
0.0196349
0
0.00552689
0.002973
0.00573679
0.0282277
0
0.00878452
0.0268909
0.00263665
0
0.00288358
0.00278903
0.00501969
0.00307147
0.00805397
0.00275068
0
0.00560848
0.00299548
0.010984
0.0404954
0.00561664
0.00300111
0.00289514
0.00262876
0.00299548
0.00842686
0.00585395
0.00554116
0.00542838
0.00809392
0.0108848
0.0207935
1
1
0
0.00570596
0.0156252
0.00644006
0.00551051
0.00550882
0.00251503
0.00568081
0.0125752
0
0.00425301
0.00875935
0.00417588
0
0.0155204
0.00279009
0.00287028
0
0.0122812
0.00603764
1
1
0.559407
0.00872673
0.0106729
0.00268654
0.0256443
0.0149998
0
0.0831965
0.00286562
0.00588834
0.00519219
0
0.0310468
0.0323626
0.00523085
0.00285431
0.00269357
0.00282873
0.0235651
0.0363197
0.0151599
0.0143162
0.00351336
0.00292448
0.0113897
0.00305288
0.00287761
0.00521884
0.0124155
0.00776453
0.051003
0.0054453
0.0085169
0.00521884
0.00283066
0.00290416
0.0293237
0.00537488
0.0167901
0.958889
0
0.00255143
0.02024
0
0
0
0.00266183
0.00399015
0.0031389
0.00287084
0.00258838
0.00282254
0.00254618
0.0028317
1.01415
1.02458
0.203543
0.0190235
0.00518394
0.00286562
0.0103155
0.00342102
0.0788314
0.002665
0.00502078
0.00263665
0.155806
0.00274559
0.00844016
0.0028334
0.00796746
0
0.00850728
0.162714
0.00245805
0.0156352
0.011427
0.00255918
0
0.022729
0.00298575
0.00467994
0.00281473
0
0.00373729
0.00416661
0.00288454
0.240828
0
0
0.0594386
0
0
0
0.0148774
0.00268723
0.00260171
0
0.00521242
1
0.108044
0.00297247
0.002665
0.00263665
0.00251619
0.0127392
0.00286562
0
0.00427925
0.00999746
0.00288812
0.00299924
0.0066649
0.00302897
0.0163696
0.00299924
0.00288812
0.00509669
0
0
0
0.00280064
0.00270401
0.00714161
0
0.00302897
0
0
0.00352961
0.0280697
0
0
0
0
0
0.0130353
0.00827761
0.0361617
1
0.0127198
0.00286562
0
0
0.00596693
0.0218443
0.002665
0.0112999
0.00452224
0.00271334
0
0.0027323
0
0.0028708
0.00678336
0.00305818
0
0.00283513
0.00264881
0.00249683
0.0526769
0.00264881
0.00385113
0.867447
0.0112036
0.37179
0.00258739
0.00269378
0.00374416
0
0
0.00286562
0.00271103
0
0.00255918
0.0149962
0
0.00555144
0.0114368
0.0718017
0
0.00259659
0.0270378
0.00285624
0.00279051
0.0029844
0.00296628
0.00710349
0.0398146
0.00274013
0.00283636
0.00280077
0.00288812
0.00553694
0.0028296
0.0534418
0
0.0026072
0.00553694
0.337048
0.00285953
0.00709152
1
0.00330103
0.00267537
0.00312954
0.00410562
0.0579388
0.0074981
0.0260096
0.00272509
0
0.0202784
0.00268989
0.00301517
0.0260096
0.00574128
0.00990343
0.00602218
0.0406204
0.00289515
0.00999497
0.0111813
0.0128539
0.0026154
0.00274605
0.00285956
0.00304068
0.131157
0.00296149
0.00773053
0.00275611
0.00283356
0.00283356
0.00283356
0.0381311
0.00272787
0.0028737
0.0804959
0.0106258
0.0732437
0.00772788
0.00597524
0.00300124
0.00287865
0.0735681
1
0.00305603
0.00801329
0.00267716
0
0.00267716
0.0228684
0.00267716
0.00259098
0.0028687
0.00808227
0.00267716
0.00273584
0.00831152
0.00446193
0.00551721
0.0362081
1.00788
0.19734
0
0
0
0
0.00262274
0.00406315
0.00850128
0
0.00262274
0.00609375
0.00262274
0.00262274
0.00262274
0.146203
0.0028398
0.00429131
0.00278042
0.00370614
0.00271783
0.00660255
0.00275733
0.00294208
0.00282711
0.0264102
0.00376985
0.267551
0.00283297
0.00284096
0.00719699
0.0090904
0
0.0167318
0.488798
1.04009
0.0470215
0.00316402
0
0
0.00271783
0.00271783
0
0.00258548
0.009925
0.00299929
0.00659724
0.00276915
0.00275969
0.0169635
0.00833415
0.00258798
0.00898786
0.00339271
0.402073
0.00271707
0.0171115
0.00990436
0
0.0158201
0
0
0.00270968
0.0026389
0
0.00268256
0
0.00263669
0.00283191
0.00284763
0.00283191
0.0072037
0.00275977
0
0.00286987
0.0247998
0
0.023835
0.00991733
0
0
0.00584039
0.0927278
0.00378297
0.00309778
0
0.00282726
0.0192863
0.00661397
0.00295485
0.0243619
0
0.00282726
0.00689923
0.00290603
0.0169717
0.0174487
0.117722
0.018341
0.00292981
0.00282726
1.01232
0
0.0110018
0.0121065
0.0489218
0.00296833
0.00282052
0.00253276
0.00346829
0
0.00570596
0
0
0
0.00347361
0.0169102
0.00288379
0
0.00812767
0.00850385
0.229516
0
0.00275523
0
0.00266266
0.00854704
0.00400965
0.0219064
0.00282543
0.00256446
0.00986765
0
0.00284989
0.00342031
0.0421239
0.0369916
0.00266266
0.01641
0.00284834
0.0185482
0.00276184
0.00557052
0.0220188
0.0517125
0.033884
0.12372
0.00394548
0.00562575
0.99221
0.00580338
0.00846322
0.00795224
0.00684461
0.00298542
0
0.00301062
0.00811621
0.00398774
0.00769232
0.00285192
0.00280021
0.00561505
0
0.0027414
0
0.00253945
0.00496436
0.00288379
0.0027414
0.00273581
0.00286997
0.040913
0.00288379
0.00267635
0
0
0
0.00567475
0
0.00607934
0
0.00265703
0
0
0.00292378
0.00288379
0
0.0266723
0.0027641
0.00536947
0.00560253
0.00521573
0.0089312
0.00289595
0.00266723
0
0.00292277
0.00317406
0.0341203
0.00271707
0.00557411
0
0
0
0.0029752
0
0.0029752
0.00283191
0.00264559
0.00311558
0.0029752
0
0.00544406
0
0.00989587
0.00277431
0.00308675
0
0.00256245
0
0
0.00274897
0
0
0.00317471
0.0170856
0.00274897
0
0.00532641
0.00312532
0.00306277
0
0.00266321
0.00268945
0.00248626
0.00277042
0
0.00967076
0.00750812
0
0.00514854
0
0.00271768
0
0.0029657
0.00292123
0.00288303
0
0.00345006
0
0
0.00301015
0.00274897
0.00284495
0.00564361
0.00263137
0
0.00280021
0.0027597
0
0.00286302
0.00263137
0.00283037
0
0.00269538
0.00832154
0
0.00878127
0.00277731
0
0.00265902
0.0762222
0.011402
0
0.324434
0.680722
0.0743329
0.00292123
0.00284989
0
0.00301039
0
0.0169583
0.00320798
0
0.00292123
0.00534355
0.00315031
0.00613504
0.00317719
0
0.00264808
0
0.00288307
0.00268
0.00286392
0.00284442
0.0121338
0.00284744
0.00538848
0.00286392
0
0.00288379
0.00883028
0.0212505
0.00374467
1
0
0
0.00378836
0
0.00568313
0.00286805
0
0.00573991
0.0313159
0.0055909
0.00283458
0.00882053
0.00263669
0
0
0.00263669
0.0029275
0.00267784
0.00286302
0
0.0028699
0.00534057
0.00263669
0.00839258
0.0029275
0.0086646
0.00546521
0.00832982
0.00286302
0.00823234
0.0381024
0.0056414
0.00796992
0.00285175
0.00561199
0
0
0.030577
0.00290854
0.661307
0.158611
0.00829837
0
0.00943971
0.0132663
0.0034223
0.00264808
0.00786641
0.00417186
0.00821765
0
0
0.00745718
0.00532325
0
0.0298896
0.00288635
0
0.00275969
0.00561152
0.00368711
0.0060216
0
0.0105769
0.0026755
0.00283562
0.00390534
0.00848721
0.0107376
0
0.00289729
0
0
0.00287092
0.867734
0.00661262
0.00286963
0.00300466
0.00252347
0.00527339
0
0.00286963
0
0.00286963
0.00275261
0.00563147
0.00541258
0.0028909
0.002872
0
0.002872
0.00589645
0
0.00286963
0.002872
0
0
0.00292592
0.0743624
0.0107019
0
0.00295415
0
1
0.196366
0.00268
0
0.00296715
0.0215735
0.00808864
0.007069
0
0.00258668
0
0.00385286
0.00300918
0.0027881
0
0
0.00854335
0.0054756
0.00590711
0.00885931
0
0.0114671
0.00300714
0.00263137
0.0135175
0.00849254
0.00781772
0.00320829
0
0.0140132
0.00550052
0.329751
0
0.00263312
0
0.00582436
0.00283041
0.00267895
0
0.00277195
0.00280021
0.0051332
0
0
0.0065189
0.00300812
0.00533619
0.00295415
0.122222
0.0106888
0.00535669
0.0126607
0
0.353443
0.00273502
0.0142988
0.00406422
0.0171954
0
0.00273502
0
0.00441346
0.00865478
0.0107376
0.00607337
0.0536926
0
0.00810324
0.0181734
0.00561489
0.00400998
0
0.00545365
0.0318219
0.00533861
0
0.00861709
0.0124127
0.00280896
0.00263265
0.0174451
0.00319033
0.00265861
0.00515559
0
0.0237256
0.00418659
0
0.00538954
0
0.00802725
0.0028458
0.00263137
0
0.00338983
0.00277256
0.00280021
0.00590363
0.0158885
0.00283288
0.00253205
0.002872
0.0162785
0.00295319
0
0.00253205
0.02154
0.213757
0.00276754
0.0108925
0
0.00271803
0.00606494
0
0.00918904
0.00263137
0.00558239
0.0087491
0.0030291
0.00411192
0.0163082
0.00251793
0
0.0082377
0.00289237
0.0162639
0.00260086
0.00264505
0.00264579
0.00288047
0.00266186
0.0109836
0.00292896
0.00557243
0
0.00273075
0
0.00292896
0.00292896
0.0026393
0.00264505
0.00273075
0.00262307
0.00292896
0
0.00282486
0.0275389
0.00822074
0
0.0813195
0.264777
0.00802017
0.0212975
0.00298021
0.00579807
0.00315519
0
0.00885315
0
0.0032893
0
0.00762625
0
0
0
0.00253205
0.945138
0.00287251
0.00881374
0.0041978
0.128237
0.0336408
0.0255148
0.503865
0.752708
0.0301169
0.0253897
0.0250491
0.0300902
0.746148
1
0.979405
0.00285686
0.0393502
0.181566
0.111834
0.0144778
0.0131635
0.867179
0.144128
0.00270971
0.00279153
0.0967456
0.0192079
0.0068159
0.0267682
0.122831
0.0137669
0.0218241
0.040603
0.114906
0.0176564
0.010998
0.0284803
0.147712
0.0422951
1
0.185089
0.0779643
0.0949988
0.0027598
0.0587812
0.00273568
0.0107232
0.00551313
0.0139629
0.00318796
0.0979537
0.0266196
0.00267245
0.025938
0.0140114
1
0.433952
0.00532946
0.0397879
0.0429902
0.0572715
0.0164286
0.0160869
0.00265682
0.048817
0.274884
0.0135156
1.00839
0.145173
0.579311
0.00804739
0.0217415
0.00813573
0.0623725
0.928144
0.0963208
0.39818
0.0915918
0.7194
0.914865
1
0.567421
0.0026072
0.00290891
0.00267354
0.00592879
1
0.279512
0.226864
1
1
0.0395706
0.559061
0.00312742
0.0149419
0.00289185
0.0025417
0.0297969
0.00269862
0.0124523
0.288983
0.0544502
0.704692
0.0173809
0.0704507
0
0.0114419
0.29055
1.00661
0.568376
0.0233229
0.921817
0.0285675
0.0891082
0.00434145
0.0224983
0.0173415
0.00917074
0
0.256682
1.00136
0.751452
0.00800567
0.00251817
0.0422636
0.0911248
0.11046
0
0.0989009
0.00565728
0.00290381
0.00334709
0.994273
0.108364
0.993616
0.00293259
0.0109316
0.00291014
0.0138782
0.0413476
0.0363593
0.0667564
0
0.0541506
0
0.192344
1.00985
0.0177476
1
0.00789723
0.0226648
1.00853
0.110389
0.413859
0.00295376
0
0.0125077
0.00283243
0.00674094
0.981014
0
0.00921654
1.03422
0.00261014
0.00620589
1.01375
0.544554
0.0155458
0.324402
0.00307766
0.00295376
0.967305
0
0.00309969
0
0.90793
0
0.160244
0.557316
0.785651
0.00279106
0.142301
0.11842
1.02058
0.00317106
0.00289539
0.0392181
0.00507711
0.00286999
0.0176947
0.735569
1
0.044772
0.121247
0.0240724
0.00575311
0.0722166
0.334579
1
0.0141738
0.00920142
0.0763257
0.00281126
0.0161392
0.0156238
0.00529446
0.058594
0.087185
0.002997
0.00230924
0.0887353
0.0186502
0.00521354
0.0213386
0.666995
0
0.00885875
0
0.0254046
1
0.525304
0.0378667
0.0109658
0.00984978
0.00264818
0.0613545
0.0128411
0.00834516
0.202539
0.943326
0.476314
1.02125
0
0.0110073
0.0029789
0.0026513
0.0836864
0.00259098
0.00268041
0.189809
0.217946
1
0.0889772
0
0.00286999
0.00927665
0
0.147697
0
0.00296533
0
0.00374347
0.0372705
0.334129
0
0.00301787
0.0410576
1.01899
0.00926951
0.215561
1
0.00614804
0.961385
1
0.0111459
0.0127394
1
0.990633
0.00286501
0
0
1
0.0760196
0.00287256
0.00281812
0.674269
0.00257488
0.00650526
0.0060737
0.00880454
0.0160921
0.00899461
1.01266
0.00270215
0.0364772
0.00269493
0.951436
0.00303872
0.0564433
0
0.00314068
0.00982351
0.00855043
0.530488
0.0148284
0.0026021
1
0.316937
0.0026021
0.0366338
0.593721
0.00902941
0
0.0647457
0.00407489
0.011296
0.00262642
0.0026196
0
0.0140088
0.0204701
0.291528
0.00343791
0.00525534
1
0.0855193
0.00260283
0.00260137
0.00261389
0
0.0105828
0.0774228
0.218819
0.0168859
0.0248226
0.0163457
0.0084122
0.00263573
0.0146039
0.00554282
0.00601675
0.187368
1
0.0542924
0.00267004
0.095288
0.321418
0.660958
0.0204943
0.00449147
0.00293704
0.0079586
0.0075083
0.0025316
0.00263573
0.0330626
0.176075
0.0589342
0.00272227
0.00849909
0.0822634
0.912767
0.0422867
0.0261263
0.0111902
0
0
1
1
0.0545642
0.00345451
0.0117752
0.0777741
0.00842647
0.0089339
0.0515484
0.990677
0
0.0074434
0.400594
1
0
0.0568197
0.139104
1
0.201811
0.40213
0.0111902
1.00001
0
0.990326
0.787169
0.0713702
0.0541306
0.403244
0.367475
0.564449
0.74458
0.234706
1
0.00456156
0.00286892
0.0139845
0.00567806
0.00349613
0.0027969
0.0656656
0.982164
0.960024
0
0.00277232
0
0.00271473
0.00893304
0.0027969
0.00267991
0.00349613
0
0.00267991
0
0.00296104
0.00297255
0
0.0228761
0.00386921
0.00272575
0.00860634
0.00856447
0.0407626
0.00860634
0.00860634
0.00282284
0.00665678
0.0030373
0.0081175
0.148377
0.0170879
0.005657
0.00544547
0.00939008
0.00579521
0.0115879
0.0367118
0.0803274
0.021126
0.683535
0
0
0.00252424
0
0.00272444
0.00298592
0.0272645
0.00840671
0.0201295
0.0026302
0.00730092
0.023905
0.00256995
0.0216327
0.0131789
0.00784901
0.0026302
0.0156302
0.0025064
0.0108988
0.00529625
0.00659557
0.00298276
0.00848007
0.319623
0.120511
1
0.859438
1.00903
0.205168
0.0029975
0.00389218
0.0029975
0.00285427
0.00351985
0
0.00532729
0.0433911
0.0527719
0.00274693
0.0132369
0.00551168
0.00267991
0.0132656
0.00252797
0.00587481
0.0177096
0.0577774
0
1
0.986844
1.04185
0.732843
0
0.00296403
0
0.0114853
0.00285427
0
0.00257945
0.00290376
0.00252424
0.00289468
0.974585
0
0.0079595
0.00886814
0.0360639
0
0.00312591
0.0345514
0.00275788
0
0.00607816
0.00301308
0.0116174
0.0313428
0.00836708
0.0294106
0.0107035
0.00285427
0.00281033
0
0.0112954
0.0654783
0.00595067
0.00286277
0.00285427
0
0.00903272
0.0148435
0.351402
0.0137838
0.995946
0.184357
0.996411
0.876956
0.0115716
0.204778
0.00262476
0
0.00385339
0.01496
0
0.650674
0.0360369
0.00540247
0
0.0139482
0
0.034919
0.0223212
0.00293049
0.00359578
0.0168024
0
0
0
0.00277145
0.0137282
0.0135151
0.157366
0.103904
0.00393958
0.00277145
0.00277145
0.00844263
0.0165887
0.0300169
0.019865
0.297449
0.0696448
1
0.950801
1.02857
0.981733
0.0155404
0.0192491
0.0113963
0.00277145
0.00640973
0.181421
0.0347564
0.00264738
0.0133468
0.0814253
0.0139698
0.0115913
0.00388314
0
0.016517
0
0
0.0028169
0.0687055
0.00267404
0.00523091
0.0107424
0.00608444
0.0693783
0.0140816
0.234904
0.0611623
1
0.00249723
0.00258657
0
0.0044828
0.036715
0.00700555
0.00776967
0.00882461
0.00830498
0.0407908
0
0.011898
0
0.0138643
0.00283101
0.00248187
0
0.00338571
0.00266848
0.00242644
0.00263801
0.0352559
0.00335526
0
0.00905669
0.00257285
0
0.810047
0.915243
0.119867
0.00721126
0.00313218
0.0117688
0.0222399
0.0072367
0.0244766
0.019602
0.0148338
0.00266848
0.0299245
0.00418681
0.00267649
0.0144513
0.00259701
0.00259571
0.00834463
0.0133071
0.0564262
0.0416623
1
0.0051518
0.0109857
0
0.0142986
0.00289774
0.00255444
0
0.00540071
0
0.0336594
0.00977907
0.0114334
0.002521
0.00266848
0.00258657
0
0.00287337
1.00971
1.00894
0
0
0
0.0175225
0
0.0167106
0.00824827
0
0.00240623
0.0224324
0.00264582
0.00258657
0.0248836
0.00783401
0.0526401
0.00289774
0.00268304
0.0101286
0.00249723
0.0140076
0.077289
0.00256094
0.00585634
0.00255444
0.019128
0
0.0113391
0.00265164
0.0107547
0.00265185
0.00310946
0.122037
0.843903
0.00667505
0.00534004
0
0.0098877
0.0293174
1
0.502956
0.0246858
0.00289774
0.0354244
0.00289774
0.00431095
0.00270232
0.0369677
0.00679771
0.01111
0.011336
0.00259571
0.0977217
0.0365375
0.00263613
0.0152577
0.0155096
0.00284389
0.0267951
0.124728
0.791861
0.00316798
0.0202556
0.652855
0
0.00328299
0
0.0025305
0
0
0.0201136
0.0365628
0.00359402
0.0207411
0.0164467
0.31571
0
0.0818592
0.00254232
0.00248187
0.00257285
0.00295926
0.618667
0.302645
0.00241316
0.00367551
0.00257285
0.00260162
0.00857618
0.00292871
0.00386279
0.0207616
0.00274275
0.0088998
1
0.00304265
0.0111577
0.0125336
0
0.0140574
0.00330286
0.00420125
0.0293795
0.00535141
0.00259372
0.00541457
0
0.00293713
0
0.0249199
0
0.00529154
0.00261053
0.207298
1
0.00351684
0.0161772
0.00740536
0.00259266
0
0.0115582
0
0.00293713
0
0.00585663
0
0.0027153
0.48707
0.0027153
0.401884
0.00585605
0.00461991
0.090587
0.0095961
0.236866
1
0.0030874
1.01146
0.820211
0.0028648
0.0040295
0.00295852
0.0110811
0.0195705
0.00255912
0.00259783
0.00270611
0.00920899
0.00255912
0.0121145
0.00256092
0.00556419
0.0589238
0.00308285
0.0114893
0.0149454
0.0281116
0.335624
0.00300726
0.0172292
0.0171363
0.00265743
0.0224144
0.0172292
0.0172292
0.0147666
0.0148311
0.0028479
0.0174121
0.0092622
0.0170874
0.00289663
0.0406987
0.00334238
0
0.00289663
0.00622119
0.00295496
0.0178873
0.0195798
0.56274
0.0164996
1
0.00289663
0.976269
0.54133
0.00616927
0.0082257
0.0401086
0.167136
0.0174686
0.0161726
0
0.00282672
0.0052421
0.00419992
0
0.00295496
0.0471849
0.0192999
0.00259497
0
0
0.00578996
0.0118015
0.0295011
0.175621
0
1
0.00419992
0
0.0052466
0.300775
1.01105
0.788415
0.00295476
0.0026739
0.00289663
0.0201247
0.00288384
0.00838024
0.00598558
0.0026739
0
0
0.00258845
0.00576368
0
1
0.00256659
0.00517413
0
0.016298
0.0158579
0.0157946
0.00280422
0.0190841
0.0030926
0.00240238
0.00578996
0.036134
0.00288788
0.0849072
0.0052466
0.00578996
0.00594799
0.0307334
0.0534436
0.020263
1
1.02427
1
0.00524632
0.00302615
0.00869873
0.00525676
0.00288384
0.00288384
0.00269453
0.00264184
0.00301598
0.0109175
0.00596514
0.0026739
0.0688707
0.00256918
0.0135593
0.0142966
0.00558831
0.0233548
0.00250295
1.00744
0.00282672
0.00267831
0.00538478
0.00931423
0.0256353
0.00368989
0.00282672
0
0
0.0297243
0
0.00542116
0.00602451
0.0467913
0.00575345
0.00276428
0.0143118
0.0658989
0.00821607
0
0.0119972
0.0112818
0.0171217
0.00298257
0
0.0357795
0.00296774
0.0112276
0.0118672
0.204363
0.00720718
1
0.0113188
1
1.00074
0.0343603
0.00309941
0.00296507
0
0.0127075
0
0.00357139
0.00310588
0.00339756
0.00579177
0.00295939
0.00295939
0.0449707
0
0.0558228
0.00296505
0.00295939
0.0134442
0.231321
0.00289663
0.00394995
0.00300134
0.00438627
0.00289663
0.00289663
0.00443625
0.0078999
0.00288384
0.0127335
0.0964655
0.00417421
0
0
0.00881493
0
0.00272533
0.00432575
0.00536357
0.0170347
0.203503
0.00377783
1.00967
0.00576156
0
0.00567921
0.983704
0
0.00296929
0
0
0
0
0.00285727
0.00534356
0.00299843
0.0100374
0.00542869
0.00255964
0.0113489
0.00534356
0.0127632
0.0114035
0.0128266
0.00534356
0.656947
0.00262407
0.00428347
0
0.00530555
0.00565134
0.00278281
0.00551007
0.0220508
0.0272371
0.00273506
0.00295388
0.00290722
0.00278281
0
0.00454465
0.0172033
0.00298052
0.00281439
1.00546
0.00259547
0.00256503
0.00295242
0.00350107
1.00335
0.0177904
0
0.0027044
0.00295388
0.00451561
0.00270936
0.00946535
0.00272433
1.01448
0.00642159
0.0033854
0.00297375
0.00272204
0.0117199
0.00254285
0.00256918
0.00817572
0.00534356
0.00855817
0.00817619
0.0109201
1.00103
1.07124
0.0192351
0.0315918
0.00259547
0.00272907
0
0.0054068
0.0196381
0.00286856
0.0705875
0
0.0124576
0.00358731
0.00580495
0.0121066
0.303328
0.00264448
0.00837675
0.00285642
0.00252638
0.00771275
0.00272371
0.00817848
0.027599
0.00250271
0.00256918
0.0143682
0.00829831
0.00238941
0.0040783
1.00749
0
0.00256918
0.00856392
0.0175692
0.00264448
0
0.00367025
0.00302926
0.00263869
0.0099168
0.00839433
0.0529261
0
0.0213585
0.00839433
0.00278281
0.0114468
0.0739629
0.00380343
0.00564769
0.00455775
0.00309338
0.00286332
0.00266539
0.00272371
0.00962626
0.00804231
0.00253926
0.791753
0.00272371
0.0322291
0.00552551
0.0703911
0.0109699
0.0335257
0.00571768
0.0109699
0
0.0173209
0
0.00312756
0.0362099
0.00270423
0.013914
0.00806347
0.00284226
0
0.00285727
0
0.0400083
0
0.12146
0.00257344
0.00957469
0.00263867
0.0508687
0.00285727
0.00563472
0.00516682
0.00452445
0.00610425
0.152631
0.00260747
0.00260673
0.00260747
1.0261
0.0156448
0.00312896
0.00263789
0
0.646156
0.0027441
0.0184463
0
0.0501834
1.00392
1
1
1
1
0.108611
0.0078577
0.0103001
0.0131549
0.539048
0.80272
0.00367401
0.0128582
0.0385026
0.00250112
0.00488458
0.00250112
0.000946666
0.00265969
0.00806323
0.0332158
0.0826143
1.01238
0.00250514
0.00254622
0.0126125
0.0107191
0.00275271
0.00259582
0.0160972
0.0629366
0.00250514
0.00839014
0.0053007
0.10047
0.219397
0.00518828
0.0212154
1.04365
1.00237
0.0107363
0.00520853
0.0189346
0.00501084
0.0108169
0.0327123
0.927304
1
1
0.0065299
0.0103192
0.0133
0.00803275
0.0218097
0.640223
0.137741
1
0.0131824
0.00251693
0.0340955
0.00432637
0.00618372
0.025682
0.332873
1.01292
0.0034858
0.00537105
0.00270281
0.0647536
0.2383
0.0286869
0.997694
0.525426
0.0354153
0.0107837
0.0324433
0.00267877
0.236482
0.00586066
0.0130177
0.00297788
0.260992
0.0107206
0.0106581
0.0112691
0.00565908
0.0171589
0.00404973
0.925819
0.00316874
0.213492
0.0449068
0.00471907
0.0374521
0
0
0
0
0.00405091
0
0.0040316
0
0.00612309
0.0211188
0.00270017
0
0.00612702
0.0217445
0.0276638
0.00281658
0.879325
0
0.00360837
0
0.00484237
0.0030301
0.00593399
0
0.00300478
0
0.00301517
0
0.0567899
1
1.0407
0.225968
0
0.003009
0
0
0.0030673
0
0.00291308
0.010769
0
0
0.0287372
0.00302837
0.0294731
0.00363178
1.00828
1.00706
0
0.987351
0.685148
0.0194969
0.00281658
0.0156539
1.00176
1
0
0.973316
0.00282623
0.00297541
0.00298969
0.00281658
0.0035648
0.00291826
0.0137773
0.0029565
0.336599
0.0168907
0.00310674
0.0086152
0
0.150137
0
0
0
0.00886951
0.0123331
1.51941
0.201778
1
0.704301
0.899543
1
0.954404
1
0.173977
0.0493877
0.0483258
0.057991
0.0484235
0.0503444
0.0690369
0.0137704
0.372372
0.046557
0.0504358
0.0483258
0.0493877
0.0483258
0.085185
0.476427
0.69235
0.00285926
0.0218309
0.00286007
0.0474329
0.024209
0.0164313
0.00286007
0.0222794
0.0218247
0.00284094
0.024209
0.0226903
0.0028782
0.0138413
0.002947
0.0460337
0.00286007
0.0460848
0.0279917
0.00550578
0.293109
0.00721793
0.0141735
0.0218247
0.0156449
0.0226875
0.0205475
0.022814
0.0246848
0.013971
0.00542763
0.016761
0.025658
0.00286325
0.00600337
0.0135589
0.184194
0.41843
0.108003
0.636478
0.917493
0.621433
1
0.0146954
0.125973
0.00915632
0.00881725
0.00922257
0.00881725
0.0132259
0.00901011
0.00888966
0.00918527
0.002867
0.00888966
0.0558819
0.514239
0.0189445
0.198532
0.198532
0.0568897
0.0262708
0.016041
0.052444
0.189879
0.947232
1
1
0.760014
1
1
0.725089
0.379108
1
0.0784837
0.00796409
0.0435484
0.128853
0.992533
1
0.194946
0.0088281
0.0495084
0.141739
0.284766
0.370531
0.0082516
0.00825393
0.138963
0.091275
0.00834622
0.00825626
0.0517225
0.11936
1
0.747866
0.999039
0.011799
0.0117913
0.00834622
0.0275131
0.0078942
0.00600075
0.0541469
0.310335
0.343884
0.338159
0.00781033
0.00781253
0.049172
0.00580694
0.0078671
0.00781473
0.0327813
0.115088
0.00646045
1.00473
1
0.0223233
0.0134876
0.0195313
0.00744145
0.0401104
0.191814
0.0668367
0.266902
0.0252384
0.038325
0.138842
0.00279396
0.488717
0.00287528
0.0482927
0.0346488
0.0386511
0.100976
0.454805
0.0027605
0.00276127
0.00591096
0.0145258
0.0137261
0.00275656
0.00279898
0.00871548
0.0217887
0.00572111
0.0275057
0.00281949
0.00836439
0.00276127
0.00281893
0.021419
0.0549197
0.0772498
0.0140204
0.0246896
0.00572111
0.00825171
0.00842401
0.00908166
0.00549043
0.00825171
0.00572897
0.00933801
0.0115636
0.0118672
0.00830702
0.0276901
0.0032778
0.00809401
0.118362
0.00261117
0.00863772
0.00830702
0.00289289
0.0788682
0.00291339
0.00305812
0.00535098
0.00294076
0.0030912
0.00289174
0.00304093
0.00273279
0.00273279
0.00273279
0.00279095
0.00286394
0.0219566
0.0230759
0.00273279
0.00279095
0.00678992
0.0026428
0.513216
0.013664
0.00882147
0.111072
0.00439782
0.0174054
0.00580179
0.00580179
0.00587995
0.00909371
0.0060723
0.00580179
0.0248648
0.00587995
0.00556201
0.0525593
0.00364122
0.00305769
0.195204
0.00256346
0.0222952
0.0258976
0.670327
0.00585802
0.00744388
0.00923484
0.00276967
0.00297839
0.00286049
0.00277045
0.0224285
0.005748
0.005748
0.0336928
0.00574255
0.00599588
0.005748
0.00599152
0.00599152
0.00262408
0.00277045
0.0191714
0.0228603
0.0366752
0.00277254
0.0837383
0.130716
0.543744
0.00296039
0.169837
0.0184824
0.00774861
0.811173
0.287963
0.745876
0.00263181
0.14153
0.00281134
0.401249
0.00259126
0.00616748
0.0188432
0.992527
1.04064
0.012335
0.00271298
0.00258696
0.567014
0.0674868
0.0375681
0.0356452
0.030606
0.538931
0.00250577
0.0174325
0.0199613
0.0350128
0.0572398
0.0381706
0.11448
0.00538691
0.179359
0.0399537
0.0457919
0.029849
0.113688
0.0531829
0.0319273
0.0247015
0.0246945
0.0279812
0.0247015
0.0247015
0.126203
0.0287071
0.00533494
0.0330255
0.0257918
0.0320935
0.00257641
0.0296417
0.0113038
0.0195591
0.0110866
0.0255772
0.157653
0.0115518
0.0114657
0.1542
0.393886
0.201799
0.680289
1
0.205168
1
0.948529
1
0.996109
0.59692
0.922541
0.972188
0.997381
1
0.529633
0.435472
1
1
0.439924
0.137049
0.437553
1
0.00589114
0.808379
0.989008
0.999578
1
0.733145
0.00246285
0.0092357
0.00247323
0.0215402
0.120781
0.0277909
0
0
0
0.886666
0
0
0
0
0.00582975
0.00428897
1
0.744622
0
1.01279
1
1
0.0460604
0
0
0.00270148
0.0664298
0.980009
1
0.746284
0.72014
1
0.806245
0
0
0.0248138
0.00360274
0.00262559
0.00544175
0.997296
1
0.527548
0.553112
0.00892887
0.553142
1
0.325646
0.361215
0.00383866
0.0105563
0.00284848
0.00844504
0.327888
0.0053686
0.0031295
0.00261804
0.00841316
0.00281501
0.00315914
0.00274499
0.0305418
0.00255943
0.00281501
1.00371
0.0588397
0.00261974
0.00539883
0.00269429
1.02972
0.00281501
0.00281501
0.220841
0.269737
0.540595
0.0512483
0.341362
0.371641
0.333746
0.19677
0.0108869
0.00259484
0
0.659138
0.0648869
0.0484558
0.111772
0.0136132
0.728529
0.00354886
0.00306686
0.00369673
0.00309547
0.00667968
0.00575702
0.00759055
0.00583218
0
0.0102454
0
0
0.00275987
0.00285408
0
0.0104395
0
0.00289878
0.00275987
0.20786
0.477
0.00787351
0
0
0
0.00307732
0.00341615
0
0
0.00279026
0.0100193
0.163791
1.0004
0.00874834
0
0.00737039
0
0.00393964
0
0.00330107
0
0.08233
0
0.00264085
0.00346198
1.00045
0
0.00258048
0
0.00287835
0
0.453199
0.00294614
0.00249403
0.00247071
0.0162149
0.0157547
0
0.00249403
0.00253419
0
0.00292343
0.00280537
0.00999216
0
0
0.0127603
0.00260919
0
0.167061
0
0.00487036
0.991795
0.00249403
0.0301286
0
0.0377171
0
0.0623557
0
0.00713272
0.978334
0.0131739
0.00244815
0.00311753
0.00252514
0.0025682
0.00252623
0.010047
0.00279334
0.00260647
0.00588394
0.0203302
0.0193178
0.579358
0.00255079
0
0.00521796
0.00259582
0.00262459
0
0.00531686
0.00263487
0.00284084
0.050465
0.97976
0.00264085
0.00446534
0.00253154
0.00278224
0
0
0
0.0041356
0.00305929
0
0.0399248
0.01473
0.00373775
0
0
0.00264546
0.00252623
0.00610887
0.00253154
0.00384261
0
0.00258204
0.0409063
0.0297418
0
0
0.00280811
0.00261402
0.00272314
0.00748208
0.00374104
0.00251496
0.0093526
0.0110183
0.0222711
0
0
0.00264085
0
0
0
0
0.00940166
0
0.00930795
0.00249403
0.00249403
0
0.00249403
0
0.00249403
0.00240901
0.0234886
0.24461
0.00291332
0.0112256
0.00299266
0
0
0.0029935
0
0
0.0242425
0.0238707
0.0391933
0.00502557
0
0
0.00929359
0.0392986
0.00261921
0
0.00306523
0.00857667
0.0155013
1.05003
0.152599
0.0042317
0.00268008
0.00546574
0.0031417
0.00720233
0
0
0.00813015
0.0117963
0.0263141
0.985586
0.0329365
0.008015
0
0.00748208
0.00549097
0
0.00277669
0
0.00509066
0.00284132
0.00502351
0.00551936
0.00842294
0.00310209
0.0025757
0.00954499
0.00267529
0.00288474
0.0112223
0.00273887
0.00554506
0.012167
0.00547262
0.00275367
0.0363192
1
0.404897
0
0.00295737
0
0
0.0247299
0.0027897
0.0148648
1.00289
1.00463
0.0075765
0
0
0.0123243
0.00542204
0.0151574
0.0107784
0.00851235
0
0.00287019
0.00267921
0.0027008
0.00685899
0
0.038282
0.00501913
0
0.00333249
0.00309562
0
0.00288144
0.0357911
1.00556
0.0402588
1.01318
0
0
0
0.00806196
0.0272621
0.0108178
0.0681962
0.988384
0.41551
0.00272829
0.00315778
0.0762609
0.00269902
0.00368445
0.0141025
0
0.00267921
0
0.00250538
0
0.0259396
0.0807422
0.00290414
0.0246715
0.00266277
0.0477182
0.00571943
0.0451585
0.0211464
0
0.0211522
0.977558
0.455706
0.00295356
0.120914
0.0512224
0
0
0.00799109
0.0131969
0.119714
0.00257091
0.120902
0.006746
0.0190269
0.0997349
0.83701
0.0788211
1.00005
0.00994222
0.0028905
0.00723128
0.0123421
0.00266118
0.00507963
0.0202856
0
0.033311
0.00572046
0.053097
0
0.0029935
0.0658634
0.0254348
0.0538891
0
0.00302751
0.0040462
0.00300667
0.0701399
1.00891
0.969295
0.00255957
0.00264029
0.0102891
0.00714182
0.00255957
0.00255772
0.0490501
0.00806679
0.0623778
1.07015
0
0.971344
0
0.0163902
0.0216788
0
0.0108944
0
0.0111989
0.00263026
0.00331569
0.0344511
0.0026416
0.0173969
0.00848248
0.102061
0.00274459
1
0.0346055
0.997183
1.01104
0.0026308
0.0026244
0.00541105
0.0239174
0.0211905
0.16871
0.00267244
0.00538846
0.00282133
0.00268757
0.00367016
0.0795007
0
0.00279441
0.0288096
0.00555488
0.0184667
0.00298328
0.00278776
0.065576
0.00767397
0.99099
0.0358827
0.00295883
0.00281865
0.00863278
0.016719
0.0589505
0.861364
1
0.131951
0.00528489
0.00799228
0.0499023
0.00256746
0.127991
0.00861964
0.00784258
0.00942315
0.00314105
0.00314105
1.01832
0.00261287
0.668084
0.018626
0.058539
0.0171838
0.0298877
0.00305042
0.0154485
0
0.00291304
0
0
0.0299665
0
0.00332961
0.15827
0.00577391
0.0031394
0.00448912
1.00803
0.00819725
0.00291304
0.0148218
0.00262749
0.00263584
0.0186423
0.997013
0.987149
0.00555115
0.0133806
0.00841678
0
0.00313731
0.00992123
0.0124388
0
1.00066
0.00376983
0.0193716
0.143711
0.986655
0.00988439
0.0163007
0.0207042
0.844684
0.0111163
0.0864554
0.00291304
0.00794464
0.00291304
0.00459953
0.256082
0.00560463
0.00390868
0.116838
0.0128428
0.0511996
0
0
0.00313188
0
0.0306505
0
0
0
0
0.00473223
0.00917158
0.53667
0
0
0.0110545
0.002779
0.0120643
0.0122637
1.00214
0.992672
0.00577608
0
1.00761
0.00299046
0.0035165
0.00299938
0.00910016
0.0292885
1.02065
0
0
0.706038
0
0.0186051
0.0439328
0.00982621
0.0948152
0.00301593
0
0.0138477
0.00295587
0
0
0
0.00290122
0.0150863
0.0346002
0
0.0321209
0.781242
0
0.00331328
0.00295819
0.0406702
0.00342871
0
0.0194707
0
0.165184
0
0.00298918
0.159447
1.00404
0.993263
0.0132531
0
0
0.0179881
0
0.878225
1
0
0.0149459
0.00265966
0.0105804
0
0.440932
0
0
0.00318075
0.0768841
0.0159037
0
0.269008
0
0
0.00265288
0.00290617
0.0048898
0
0.0386092
0.00571971
0.00298629
0.0144081
0.167275
0.0404747
0.800022
0
0.00288061
0.00481512
0
0.00291651
0
0.00828504
0.00284223
0.00691981
0.00574468
0.00873376
0.0813051
0.183413
1.03966
0.115036
0.205168
1
0.962747
0.00277634
0.00294486
0.00272533
0.00288803
0.00332424
0.029689
0.00580195
0.0108797
0
0.280262
0.00275446
0.0272509
0.939215
0.730263
0.99648
0.0437558
1.05404
0.01168
0.00283013
0.00272533
0
0.0163664
0
0
0.00370885
0.00300205
0
0.00272533
0
0
0.0136594
0.0681258
0
0
0.0293403
0.934397
1.00298
1.011
0.392835
0.203975
0
0.00300564
0.0410538
0.0206861
0.025803
0.88479
1
0.0424577
0.186218
0.248478
0.666767
0.00459268
0.00370849
0
0
0.126114
0.0211659
0.948212
0.0158342
0.0536735
0.00271772
0.142024
0.336728
1
0.00283129
0.00263903
0.00263903
0.00263903
0.00436055
0.01419
1.00068
0.605262
0
1
0
0.00285954
0
0.00283751
0
0.00262696
0.0117224
0.995835
0.804531
1.00097
0.00855814
0.00454182
0.00753185
0.00472322
0
0.00550102
0.988508
0.00971921
0.014767
0.0152042
1
0.0352324
0.0158515
0.0163506
0.00282487
0.0346102
0.0482667
0.00359868
0.250878
0.978562
0.0201545
0.00282576
0.0773163
1
0.0124281
0.32396
0.00610011
0.00324371
0.544741
0.012828
0.0809359
0.144007
0.0205219
0
0.00259857
0.315969
0
0
0
0.0148868
0
0.344093
0.0028244
0
0
0
0.00333457
0.196077
0
0.0145041
0.00293018
0.0469359
1
1.04722
0.00282789
0.00259857
0.0175008
0.992822
0.999694
0
0
0.419836
0
0
0
0
0.00294291
0.00294291
0.0125161
0.0146391
0.00300038
0.0109882
0.00312297
0.0122397
0.0110119
0
0.00308012
0.00806993
0.151593
0
0.0671891
0.00294374
0.0177126
0.00370736
0.00299753
0.00302418
0.00311715
0.00391449
0.0369546
0.00623939
0
0.0158253
0.0300809
0.0220183
0
0.566279
0.00294374
0.00298513
0
0
0
0
0.0161905
0
0
0.00310591
0.0866159
0.0572698
1.00056
0.06337
0.548955
0.0097884
1.01408
1.03056
0.0198803
0.00305525
0
0
0
0.0290427
0.0626279
0.886904
0.854877
0.0218783
1
1
1
0.00300781
0.00311793
0.010159
0.711533
1
0.0553017
1
0.259274
0
0.00303941
0.00297666
0.00299674
0
0.0261549
0.022367
0.61438
1.00615
0.0119508
0.321836
0.545226
0.137394
0
0
0
0
0.0173265
0.00427905
1.19717
0.179682
0
0.781098
0
0
0.964752
1.01028
1.00028
1
1
0.33692
0.20554
1.01987
0.278634
1
0.827761
1
1
0.254764
0.0200658
0.00344256
0.0138328
0.663242
0.237203
0.040141
0.0171471
0.0331493
0.493437
0.00282005
0.00915187
0.00578061
0.00607446
0.00288685
0.414115
1
0.075599
0.0158653
0.0997025
0.972595
0.314519
1
0.135439
0.00300383
0.00783825
0.0025661
0.119707
0.00266104
0.00298057
0.0178016
0.079443
0.792676
0.469767
0
1.00203
1.00439
0.00257041
0.00256709
0
0.00257296
0.0384716
0.0025626
0.00452179
0.0935394
0.00425893
0.990586
0.173909
0.0181188
1.01015
0.275209
0.00285979
0.0846099
0
0.013306
0.00569495
0
0
0.0104815
0.0171117
0.241093
0.00658775
0.0159287
0.00283174
0.0350146
0.0198047
0.00266121
0
0.00275797
0
0.00851902
1.01105
0.799165
0.00296353
0
0.0122852
0.0345063
0.0225142
0.163363
0.0159814
0.00574361
0
0.0137
0
0.501876
0.00271308
0
0.028434
0.991089
0.884411
0.11995
0.842729
0.00725784
0
0
0.034874
0.0170327
0.155218
1.0457
0
0.0216179
0.00543001
0.00291805
0
0.00301419
0.0029259
0.00418012
0.361104
0.00409458
0.00299277
0.00614016
0.0390854
0.0215843
1.00902
0.639222
0.615941
1.0417
0.00380283
0.00291268
0.011317
0
0.0034443
0
0.00618265
0
0.0660724
0.00805338
0.0112373
0.970435
0.00326909
0.0578077
0.00286892
0.0305621
0
0.00879955
0.00817165
0
0.0493862
0.057887
0
0
0
0.00283447
0.0134025
0.00852808
0.126348
0.0209356
1.02232
0.129245
1
0.00285979
0
0.0029955
0
0.00296127
0.00450853
0.0221922
0.0086266
0.00887444
0.391513
0.00574752
0.00287861
0.00817814
0.0270938
0.00287861
0.00287861
0
0.00293695
0
0
0
0.0107948
0.00588482
0
0
0
0.00293695
0
0
0.00271308
0.0626441
0.011593
0.0104678
0
0.022141
0
0.0457074
0.00278615
0.00285372
0.00278694
0.00278773
0.010451
0.00260374
0.00278694
0.00278694
0.00904268
0.00292307
0.0508022
1.01036
0
0.00278354
0.00380173
0.00553063
0.00278363
0.00887069
0.00296353
0.0146182
0
0
0.00891583
0.0218714
0.00566885
0.00286892
0.0151142
0.00565486
0.00286892
0.866228
0.782464
0.0166751
0.00796437
0.0113057
0.00311894
0.00867042
0.00274667
0
0.0327739
0.00265364
0
0.015832
0.0291991
0.0199023
0.994167
0.00285067
0.00762837
0.00580379
0.181608
0.99044
0
0.00296666
0
0.00265364
0.0142469
0
0.00663411
0.00495119
0
0.0179786
0.7732
0.0961479
0.00690954
0.00301877
0.00896173
0.00373658
0.0097459
0.00311579
0
0
0
0.0213067
0.0315537
1
0.0361444
0.0180124
0.00286892
0.0945256
0.00311199
0.00391216
0.0342775
0.118696
0.0338399
0.0123228
0.0283237
0.341288
0.00296666
0.00271807
0.0222499
0.00959302
0.00874615
0.0265734
0.0101888
0.00579602
0.0872907
0.456993
0.14639
0.00828631
0.0150642
0.00755981
0.00288682
0.0102091
0.0558475
0.00452044
0.0770398
0.0275816
0.00285203
0.0872539
0.528099
0
0.0365442
0.023745
0.0877652
0.0028185
0
0
0
0.00264014
0.00313439
0.00320662
1
0.00254857
0.00563695
0.0126565
0.00880243
0.0834779
0.00309064
0.00256529
0.00278515
0.00460543
0.00549011
0.00267092
0.00273057
0.00263506
0.00284307
0.00271756
0.00256529
0.00545575
0.0080612
0.00306177
0.00290613
0.025457
0.0239666
0.0173162
0.00545781
0
0
0.00308406
0.00238795
0.00292133
0.00321222
0.0532612
0.00292133
0
0.00263579
0.0249224
0.00262483
0.00263504
0.00262483
0.00263579
0.0323364
0.00256529
0.0165215
0.0141095
0.0064127
0.0103947
0.00292133
0.010955
0.0172712
0.00397415
0.00739797
0.031371
0.0086118
0.00292133
0.00294399
0.00309458
0.0715028
0.0241435
0.00270148
0.0121412
0.00292133
0
0.00294399
0.00876267
1.04563
0.578224
0.00537522
0.0190943
0.00255123
0.00254285
0.00864164
0.0200676
0.00694964
0.00310006
0.00273057
0.00303863
0.0083195
0.00273057
0
0.033792
0.00555974
0.00275965
0.00303796
0.0437479
0.00275965
0.00303449
0.00304351
0.0029255
0.0403995
1
0.108733
0.00275965
0.878072
1.0447
0.0470459
0.00273578
0.0143645
0.0147744
0
0.017253
0.0113347
0.00268678
0.00372351
0.00261007
0.0106109
0.00882026
0.00603487
0.0919809
0.00306627
0.934136
0.0614447
0.990101
0.0080873
0.00295564
0.0589821
0.00292065
0.219786
0.00309359
0.0190762
0.0108148
0.335729
0.494535
0.341816
0.00288395
0.905216
0.990765
0.00263653
0
0.00970185
0
0.0111499
0.00272337
0
0.0235472
0
0.0834596
0
0.00263646
0.00416283
0.19484
0.00312013
0.00343886
0
0.00263646
0
0.00263646
0
1
0.453359
0.0112991
0.773895
0.671785
0
0.00612888
0
0.00912631
0.00282789
0
0.0108619
0.00295785
0.00593351
0.0111824
0
0.0293475
0.0124513
0.00288395
0.00367999
1.18051
0.282471
0.00961318
1
0.206633
0
0
0.00283208
0
0.00298114
0.0553268
0.0361674
0.255252
0.00898857
0.0318277
0.00619153
0
0.00906198
0.00274069
0.00885712
0.00685656
0.0160675
0.833445
0.0238335
0
0.978396
0.00290167
0.00290877
0.00268892
0.00257977
0.00298397
0.00402458
0
0.0085084
0.0115564
0
0.0425947
0.0471881
0.0350425
0
0.0313024
0.0392732
0
0.00349053
0.00299616
0.00543136
0.00264363
0.00560193
0.0142087
0.00301054
0.020001
0.00264363
0.0065581
0.810876
0.0158618
0.96666
0.914418
0.00492857
0.00569649
0.00279914
0.00279798
0
0.00299718
0.00555223
0
0.0281193
0.0177687
0.183042
1.07688
0.0119265
0.00277719
0.00392695
0.410141
0.00677286
0.0028144
0.00295511
0.0058502
0.984751
0.996884
0.183968
1.0602
0.016752
0.0029476
0
0.00292311
0
0.00686459
0.0029476
0
0.00278055
0.0058938
0.00847462
0.0138824
0.0138167
0.00282116
0
0.0537445
0.0054719
0.110896
0.945184
0
0.0369199
0.0045201
0.00552956
0
0
0.00268713
0.0426468
0.0606979
0.00435287
0.343795
0.00388922
0
0
0.0111863
0.0114181
0.0290414
0.0501504
1.01182
0.642459
0.755186
0.0174633
0.0029476
0.0138961
0
0.00289703
0
0
0
0
0.0115895
0.00307723
0
0.00825657
0.0147568
0.00942277
0.0036892
0.409733
0
0.0145629
0
0
0
0
0.009655
0.0579566
0
0.00304736
0.002755
0.028283
0.00854198
0.0101601
0.0395983
0.151961
1.0476
0.00689589
0.00574819
0.00297346
0
0.00299321
0.00296887
0.00278261
0.00559191
0.0180332
0.0522717
0.0029476
0
0.0179659
0
0
0.00308474
0.00299871
0.0118769
0.00499784
0.00571311
0.00643567
1
0.00696886
0.00534429
0.00685643
0
0.0120422
0.00413513
0
0
0.00973781
0.912655
0.667647
0.00303634
0
0
0.0146317
0
0
0.0128328
0
0.0188011
0.0026869
0.0130893
0.00307479
0.824575
0.00287752
0.00407949
0
0.0030642
0
0.00959088
0.00261935
0.00603718
0.00268892
0.0084614
0.00289459
0.00755654
0
0.00268892
0.00558352
0.00289459
0
0.993508
0.573153
0.0142601
0.0029476
0.00390372
0
0.0110535
0.0471114
0
0.00408316
0.0234642
0.00257996
0.0112287
0.0112287
0.497168
0.00272043
0
0.00585033
0.296577
0.971748
0.749086
0.0245928
0.0036137
0.00297875
0.00606501
0
0.00799917
0.388609
0.908139
0
0.00287789
0
0.722925
1
0.00847607
0
0.0334261
0
0
0.00311729
0.0477235
0.157639
0.224893
0.320992
0.335205
0.00592035
0
0.0104434
0.00285998
0.0117749
0.0455482
0.0110216
0.0114714
0.299689
0.0575523
0.565597
0.578554
0.0177407
0.249482
0.419617
0.128735
0.00982148
0.133596
0.81465
0.805372
0.115589
0.047499
0.0838698
0.23178
0.00994632
1
0.076355
1
0.38174
0.0952928
0.0712762
0.0275923
0.0027701
0.00286065
0.0216325
0.0802057
1
0.0685349
0.724801
1.0082
1
0.00441418
0.00273756
1.00523
0.00372564
0.0469074
0.00374565
0.0272989
0.00259794
0.00253839
0.00253839
0.133117
0.00250416
0.00272278
0.00253839
0.00253839
0.00400798
0.00267026
0.0132125
0.0220621
0.638645
0.0258017
1.0132
0.354183
1.00652
1
0.0114912
0.0722019
0.00270489
0.207134
1
1.05072
0.552043
0.00681774
0.0187387
0.0141576
0.00253409
0.00551058
0.357757
0.0223828
0.0462477
0.166013
0.411457
0.00271686
0.00280254
0.00271686
0.00280254
0.00271686
0.0493471
0.0809197
0.29951
0.021804
0.00300044
0.0452231
0.101877
1.03272
0.174921
0.588835
0.00258833
0.00276626
0.00252014
0.00508045
0.105485
0.16981
0.00257897
0.0564083
0.00268496
0.00783284
0.0337421
0.149183
1.00517
0.00267857
0.139701
0.388119
0.00263994
0.00264629
0.0965363
0.0422372
0.189026
0.00273671
0.06303
0.00259381
0.00275568
0.00273671
0.00940757
0.00243103
0.0273671
0.00270486
0.0763241
0.00257196
0.00509509
0.0332989
0.00801792
1.00101
0.00257196
1.00073
0.242727
0.597048
0.0779813
0.072363
0.0649803
0.00876597
0.98782
0.0107244
0.482146
0.66575
0
0.0668859
0.0429486
0.0717587
0
0.00390184
0.61525
0.159387
0.0083312
0.0238734
0.00830432
0.0137849
0.143893
0.00423655
0.980373
0.119882
0.927698
0.958525
0.0106754
0.00281945
0.00252619
0.0025281
0.00257483
0.0156715
0.0104737
0.559115
0
0.766207
0.0311244
0.00411197
0.00244132
0.0026232
0.0937576
0.0260298
0
0
0.0193102
0.00514939
0.010593
0.0440628
0.00560253
0.0281882
0.260844
0.00702189
0.653828
0.00263513
0.0026232
0.145504
1.01418
1
0.00245908
0.00252021
0.0864517
1.00529
0.131516
0.00340081
0
0.00284372
0.00293632
0.00714839
0.00246751
0.0270396
0.137778
0.962619
0.604907
0.955305
0.997708
0.0597824
0
0
0.17225
0.856087
0.323842
0.361956
0
0
0.751776
0.99178
0.00528376
1.00882
0.00253221
0.00824027
0.0213957
0.182222
0.0028251
0.0252416
0.0318174
0.00271506
0.128709
0.0259877
0.074598
0.203809
0.0558141
0.251676
0.125563
0.0236581
0.0151528
0.0246237
0.0398974
0.135375
0.0162004
0.159409
0
0
0
0.025938
1.32102
0.230448
0.0268385
0.757236
0.0715694
0.0165164
0.0168606
0.0225224
0.0173219
0.0252061
0.0155232
0.517994
0.0349111
0.0836408
0.70775
0.998677
1
0.659825
0.0154078
0.110929
0.0288021
0.89748
0.0186549
0.131361
0.00838661
0
0.00556718
0.00582311
0.0111812
0.014486
0
0
0.00568921
0.0191102
0.00304849
0.0053815
0.0201806
0
0.0106077
0.0305166
0.00414305
0.00298405
0
0.0520717
0.109888
0.00259173
0.00411652
0.00247447
0.00414305
0.161483
1.00485
0.00300185
0.00926218
0.00258717
0.0552311
0.00246991
0.0025759
0
0
0.0151832
0.00457916
0.36221
0.00258435
0.0105853
0.00561921
0.00617478
0
0
0.00582511
0
0
1
0.373583
0
0.00790946
0.0437399
0
0
0.99823
0.586587
1
0.312793
0.106876
1.00755
0.986296
0.893671
1
0.163574
0.00690119
1.36086
0.00523419
0.0260069
1.32958
0.0399137
0.233401
1
0.076568
0.120793
0.0255167
0.201218
1
0.168275
1
0.984743
0.871932
0.467144
1
0.409485
0.122738
0.0055822
0.0168192
0.110884
0.00553898
0.0381985
0.794506
0.24841
1.00671
0
0.00569725
0.0334671
0.00295484
0.00339413
0.00273136
0.0817145
0.0212133
0.947381
0.0134174
0.244359
0
0.00299794
0.0343677
0.00312247
0.00910439
0.0027505
0.135493
0.692854
0
0
0.00306857
0
0
0
0.0112501
0.00464532
0.043926
0.727292
0.935873
0.00306678
0.0244494
1.02123
0.129877
0.0197511
0
0.0429467
0.0174115
0.0994067
1.08789
0.989544
0.98695
0
0.986546
0.379813
0.00310125
0
0
0.0112501
0.0464631
0
0.00314679
0.0941186
0.616807
0.0536906
0
0.0216824
0
0.959739
0.708689
0
0
0.00613846
0.00289545
0.0246444
0.00377667
0.107579
0.754599
0.34343
0.0628987
1.00169
1
0
0
0
0
0.00919253
0.00464532
0
0.0391811
0.656095
0.975894
0.0106704
0.00783955
0.0024904
0.0235186
0.0102191
0.0141396
1
1
0.00783955
0.00783955
0.00764082
0.00579094
0.0182245
0.317888
1
0.216763
0.00258066
0.00399805
0.00270131
0.0223802
0.0114199
0.00258344
0.0357466
0.0332235
0.0053563
0.0368342
1
0.0153968
0.978009
0.0157182
0.0140836
0.0153126
0.0056952
0.00775215
0.00263057
0.00694865
0.00277946
0.00463244
0.0144983
0.00277946
0.0334398
0.00684058
0.00301307
0.00279024
0.00267127
0.00578118
0.00549026
0.0302547
0.023736
0.00279024
0.00297785
0.0069756
0.0318353
1.03461
0.00271345
0.00617218
0.00278945
0.00301105
0.00567008
0.0128252
0
0
0
0.00258066
0.0034496
0.0143992
0.0242444
0.0564445
1.0109
0.0401137
0
0.00275782
0
0.00377641
0.00287984
0
0
0.00833839
0
0.164891
0.00536514
0.00416919
0.0646511
0.0027225
0.00283278
0.0517455
0.0136607
0.0502866
0.0134805
0.00249559
0.00279024
0.124002
0.0150571
0.252007
0.979785
0.00687517
0
0.0143593
0.00250021
0.0586233
0.00280253
0.0025957
0.00564555
0.00687451
0.0103442
0.00270711
0.0618475
1
0.709469
0.80131
0.00262728
0.00302236
0
0.00280673
0.00507054
0.0172955
0.00542845
0.0242171
0.00288123
0
0.00538767
0.0348191
0.0109196
0.0731177
0
0.00267127
0.028916
0.0175392
0.992351
1.0011
0.00249951
0.00250092
0.0129878
0
0
0.00277042
0.00279024
0.0132487
0.068749
0.983875
1.00026
0.176686
0.00287407
0
0.011604
0.00298938
0.00279538
0.0236026
0.0130461
0.00272813
0.00551543
0.0487461
0.022314
0.997826
0.0347712
1.00343
0.659999
0.00250692
0
0
0.00542138
0.00279024
0.0665429
0.0427021
0
0
0
0.00329144
0.00555188
0.00275551
0.11691
0
0.0283017
0.00811413
0
0.00836853
0.118833
0.00253021
1.00062
0.00543534
0
0
0.00287984
0
0.00271173
0.00291916
0
0.00395626
0
0.00261091
0.00499854
0
0.0543072
0.0094629
0
0.0754361
0.00279024
0.709816
0.00313199
0.00279024
1.00117
0.021924
0.00282802
0.00372387
0.0052271
0.0148592
0.0113393
0.0129713
0.00639488
0.0049958
0.0101202
0.00534688
0.0049958
1.00075
0.00595258
0.0293613
0.373435
0.00589138
0.175903
0.0374377
0.0030996
0
0.206014
0.955401
0.0411782
0.0297177
0.00301597
0
0.00330197
0.660067
0.890638
0.452927
0
0
0.00552786
0.00299934
0.0552285
0.828614
0.974364
0.0031174
0.626963
0.970952
0.00303668
0.00299934
0.0111585
1
0.88655
0.430469
1
0.00309854
0
0.612941
0
0.0620766
0.00557931
0
0.231317
0.0222963
0.337114
0.230028
0.99485
0.00263441
0.00688914
0.00551086
0.0711823
0.00636563
0.00282336
0.00266422
0.191241
0.0183754
0.974543
0.0558062
0.491143
0.00310514
0.00990591
0.02599
0.00307396
0.0146055
0.00292441
0.00935741
0.00405242
0.00701388
0.0436185
0.0186947
0.434602
0.0119032
0
0.00277408
0.0104395
0.0165403
0.00884318
0.0325616
0.00989788
0.00593455
0.00292084
0
0
0.0257429
0.00284646
0
0.00291449
0.0165992
0.461575
0.975069
0.0245326
0.010696
0
0
0.0027137
0.00250623
0.00700276
0
0.0389132
1.04158
0.0498529
0
0
0.00252455
0
0
0
0.00295943
0
0
0
0.0110821
0.010872
0.00307144
0.057593
0.00371613
0
1
0.992308
0.975029
0.00560873
0.00290325
0.00277408
0.00759233
0.0552542
0.939435
0.505704
0.00291374
0.0242319
0
0
0.00574285
0.00257633
0.0156912
0.655932
0.117942
0.97208
0.00609306
0.0147295
0
0.676345
0.775761
1.02974
0.00640941
0
0.00291078
0.00844061
0.00396773
0.0712891
0.00518935
0.0288798
0.00496386
0.014056
0.241453
0.659159
1.01759
0.00286096
0.0187188
1
1.01294
0
0.00580586
0.00458262
0.00694353
0.520932
0.999108
0.00250623
1
1
0.0170942
0
0.18589
1
0.00801248
0.00295016
0.0139308
0.00295054
0.00293184
0.213622
0.0138465
0.054121
0.0823083
0.0186756
0.00570985
0.106669
1.00836
0.0203892
0.0136695
0.00564647
0
0
0.00273546
0.00672962
0
0
1.00559
0.00250623
1.01496
0.95448
0.626947
0.0135595
0.036307
0.00568638
0.0162219
0.919643
0.0578978
0
0
0.00268204
1
0.229929
0.0029444
0.022977
0.00304725
0.0167935
0.163574
0.022138
0.00286215
0.00257579
0.00297897
0.0523873
0.0371543
0.039733
0.282009
1.30353
0.296023
0.0614177
0.0510829
0.366211
0.64892
0.00249135
0.0249135
0.0195543
0.00337617
0.00302812
0.0219451
0.00739356
0.0303418
0.00515138
0.021342
0
0.00341241
0.0221807
0.242099
0
0.00353085
0.0535457
0.00308151
0
0
0.00307312
0
0.00892428
0
0.0144922
0.116075
0
0.00259728
0.00295246
0
0.00295834
0.00301674
0.00259728
0.00259728
0
0.0175725
0.139026
0.690452
0.779143
0.0114203
0.00294338
0.00700859
0
0.0177076
0.0244772
1.00947
0.00255914
0.00295005
0.00421676
0.0027041
0.0198883
0.00865252
0.00876252
0.00295742
0.0029119
0.0223284
0
0.00442648
0.0117739
0.00295742
0.0028977
0.00553529
0.0166202
0.02312
0.337134
0.0419306
0.994265
1
0.991298
0.00417121
0.494221
0.0026882
0.00293162
0.00380717
0.00283765
0.043866
0.00262013
1.03027
0.14162
0.00365665
0.0347673
0.00282689
0.00284312
0.00265312
0.00332786
0.00274857
0.0171884
0.00868422
0.00330927
0.0830912
0.0145733
0.00814494
0.00258293
0.00259728
0.563048
0.0710339
0.00834679
0.00838796
0.00284655
0.00270071
0.0366207
0.0134134
0.0454424
0.382447
0.113958
0.989316
0.994797
1
0.0305383
0.019518
0.00268126
0.00294055
0.0125762
0.00680081
0.00304522
0.416201
0.00627781
0
0.0553974
0.00252327
0
0.00549821
0.0062625
0.00595671
0.00294711
0.0382044
0.00322342
0.0138759
0.00273735
0.00380302
0.022762
0.0194394
0.0143918
0.160221
0.367134
1.01415
0.946738
0.00422852
0.00287676
0.110556
0.00769725
0.00892428
0
0.00418002
0.0150576
0.00615231
0.0352996
0.00284655
0.00623194
0.00754469
0.00299009
0.00286791
0.00384406
0
0.0112584
0.00253711
0.00409397
0.00277131
0.0112997
0
0.0110084
0.00428681
0.0300229
0.118018
1.05285
0.0236698
0.00290048
0
0.00314889
0.0255079
0.00586488
0.00412908
0.00305399
0
0.00861137
0.00425036
0.00993047
0.00744785
0.00265951
0.0147015
0.00291636
0.0244786
0.00398369
0.00791065
0.0026946
0.0208704
0.0197787
0.00297609
0.00297441
0.0346727
0.00555773
0.00271828
0.00286791
0.00279521
0.00741349
0.00285462
0.00283942
0.00286791
1
0.0386804
1.01021
1
0.0544206
0.0167163
0.00269826
0.0811856
0.00290048
0.00638388
0.121988
0.00877573
0.0271958
0.00366395
0
0.00619333
0.00257851
0.00304341
0.0057179
0.0105885
0.0055839
0.0907004
0
0.00558692
0.0499318
0.00297525
0.00563551
0.00284655
0.0050771
0.0460405
0.0803309
0.866181
0.0035663
0.00298642
0.00276367
0
0.00739556
0.970258
0.737586
0.60012
0.00707829
0.0352552
0.0026745
0.0511967
0.00286791
0.0911323
0.0278716
0.00289619
0
0.00305978
0.00262155
0.0110584
0.0138759
0.100505
0.00508445
0.0139189
0.00271754
0.0138759
0.00283847
0.036487
0.029383
0.0732102
0.657319
0.00279116
0.00283765
0.0471822
0.0127963
0.465154
0.00283765
0.0141882
0.00283765
0.00519765
0.00260234
0.63636
0.00870142
0.34233
0.0030014
0.00297525
0.148234
0.353773
0.422993
0.41577
0.673407
0.012585
0.48032
0.0233721
1
0.00591486
0.0253494
0.183349
0.0155976
0
0
0.331272
0.044659
0.00447254
0
0.0891885
0
0.00994013
0
0.0251749
0.0035122
0.346469
0.0685439
0.974784
0
0
0
0
0.0112416
0
0.00611199
1
0.00654056
0.00301527
0.00251979
0
0.00270321
0
0.00566289
0
0.0174386
0.00310324
0.0807613
0.314654
0.981123
0.0112266
0.00756369
0.00298868
0
0.00313506
0.00780951
0.0027249
0.0280977
1.00486
0
0.0218435
0
0.0193017
0.00833299
0.00284899
0.00689392
0.0125005
0.0108694
0.0300828
0.0057236
0.195954
0.00713354
0.824885
1.00487
1.0253
0.0033625
0.0125395
0.112152
0.00257864
0.00545989
0.00331197
0.0030849
0.0256913
0.00273799
0.00812646
0.125885
0.00473329
0.976414
0.00303339
0.0141389
0.00468861
0.00414863
0.00300476
0.168399
0.0564376
0.0026587
0.00424435
0.00571687
0.00866522
0.00273429
0.00553277
0.0198037
0.0503463
0.0349713
0.379222
0.0388771
0.00291679
0.972809
1
0.00285192
0.00785874
0.00285353
0.00288154
0.00293928
0.00473212
0.0148863
0.00847364
0.00298868
0.0294037
0.259004
0.00359576
0.0186632
0.00445375
0.0031153
0.00281531
0.00267436
0.0163055
0.00408723
0.00278058
0.0811519
0.00279197
0.00573961
0.00767088
0.0383351
0.0518426
0.041833
0.00559498
1
0.0152534
0.0155525
0.00631673
0.00251703
0.013923
0.00565715
0.0112416
0.00297081
0.0112207
0.00297295
0.00385524
0.674537
0.111595
0.00288321
0.0027133
0.00317247
0.017697
0.00566513
0.00320923
0
0.0105904
0.00916233
0.00938375
0.00835846
0
0.00783229
0.00276191
0.0271535
0.0116369
0.0363638
0.00842336
0.00286657
0.00853574
0.0730381
0.00251703
0
0.00298868
0.0193862
0.00288715
0.00298868
0.00426954
0.984261
0.22079
1.02191
0.383088
0.00291679
0.061489
0.0025742
0.00291679
0
0.0793148
0.00262747
0.00302875
0.0303712
0.0798968
0.00489739
0.00297783
0.0135658
0.115593
0.016431
0.00293843
0.0365667
0.0343663
0.0547733
0.00751449
0.00257713
0.016431
1.00406
0.00255226
0.00853611
0.0244403
0.00247439
0.0631759
0.00255226
0.00493814
0.00506929
0.00525502
0.00721017
0.00780489
0.00525502
0.619189
1.0001
0.353273
0.00881243
0.0730721
0.00343817
0.0163467
0.00277316
0.00258954
0.163302
0.00255151
0.0139883
0.107868
0.00302926
0.0166611
0.0313155
0.010741
0.0282307
0.0319721
0.183644
0.00288083
0.0114505
0.0108058
0.00818877
0.503711
0.00532481
0.00281512
0.00829333
0.00559896
0.00570878
0.00255226
0.0273388
0.00255226
0.00255226
0.00248776
0.0126324
0.738528
0.3865
0.00266847
0.0340992
0.00266847
0.00273996
0.00272924
0.0546857
0.0222218
0.0280721
0.00268171
0.00461821
0.00843085
0.0139121
0.0058624
0.0206818
0.0117503
0.0384892
0.0139121
0.717481
0.00245544
0.00286244
0.00302184
0.00297757
0.00297508
0.00250968
0.00275072
0.00280448
0.00285273
0.00532086
0.0835594
0.00532086
0.00285273
0.012197
0.227721
0.157476
0.0026035
0.00835165
0.00874878
0.0150848
0.00835165
0.017642
0.00806485
0.00268619
0.00301695
0.00548921
0.348318
0.476447
0.00532331
0.506942
0.959271
0.150247
1
0.0709857
0.00296102
0.0121909
0.0220423
0.0538813
0.325766
0.233401
1
0.301203
0.475177
0.329052
0.275182
0.00549549
0.476905
0.226235
0.434542
0.0061061
0.170005
0.462059
1
0.99731
0.0281363
0.990225
0.848664
0.0847852
0.0158055
0.0695753
0.0287518
0.00271837
0.00373958
0.00923745
0.0106053
0.00248355
0.346255
0.0130885
1
1.0098
0.860026
1
0.0106753
0.00257999
0.0285968
0.000451887
0.00251282
0.00260832
0.0820392
0.0105511
1.0151
1.0506
1.0664
0.0377307
1
0.502261
1
0.81566
0.48767
0.519263
1.00654
0.659268
1
0.317888
0.0420507
0.325023
0.0489244
0.209769
0.0423935
0.00253224
0.137074
0.0738336
0.0469197
0
0.0103667
0.0196664
0.0227482
0.322208
0
0
0.00386279
0.00274602
0.00295628
0
0.00312573
0.0635909
0
0.00829594
0
0
0.00550789
0.00280238
0
0.210134
0.0114092
0.974508
0.00264342
0.735099
0.991881
0.0117739
0.00995563
0.00817258
0.0027918
0.00408629
0.763183
0.577455
0.12701
0.00249264
0.0321479
0.00276202
0
0.00566972
0.0141093
0.00565826
0.0206987
0.701709
0.302064
0.945658
0.00274379
0.0124632
0.00278307
0.0138725
0.00284993
0.00273259
0.00924833
0.00681048
0.0506075
0.00267424
0.00276689
0.00256487
0.00271598
0.0109923
0.00837388
0.3922
0.00753283
0
0.00265825
0
0.00290234
0.217686
0.00864782
0.00296988
0
0.0829368
0.050485
0.740828
0.00281079
0.00748307
0.098592
0.00442472
0.00561023
0.0115568
0
0.00290555
0.0221417
0.0320375
0.00272178
0
0.943673
0.00280501
0.00791316
0.0138742
0.00277398
0.00275399
0.00279957
0
0
0.00876852
0.0055993
0.0271489
0.00284645
0.0898858
0.00899469
0
0.920143
0.884722
0.13779
0.0450355
0
0.00291841
0.00453038
0.00409237
0
0.0137931
0
0.0653732
0
0.00311054
0.00750096
0.00476903
0.999207
0.996071
0.0776707
0.0312335
0.934169
0.00265051
0.00271598
0.0401564
0.0930422
0.0332683
0.0506843
0
0.0453918
0.00298053
0.997764
1.15187
0.0997862
1.03419
1.0061
0
0.0392622
0.0963925
0.0219349
0.0732119
0.0252047
0.219946
0.00780139
0.985529
0.992244
0.980028
0.794948
1
0.00251337
0.0124443
0.00259672
0.00525792
0.767096
0.00262409
0.0150901
1.01155
1.31428
1.0293
0.0262781
0.658541
0.350412
0.559557
0.65287
0.340101
1
0.18589
0.0134524
0.143034
0.302805
0.846102
1
0.204336
0.995945
0.00288264
0.0504774
0.00506762
0.00523327
0
0.00816469
0.732843
1
0.289256
0.00428748
0.00519122
0.00270678
0.00962563
0.00258101
0.00263948
0.00259361
0.00534569
0.00268483
0.0642213
0.880526
1
0.990103
0.00732372
0.0440654
0.00266895
0.0234896
0.0111056
0.00255574
0.125188
0.00269244
0.0258046
0.15713
0.00604093
0.00815167
0.00300763
0.00784573
0.026212
0.147329
0.0105208
0.981733
1
1
0.00261873
0.0024841
0.00605653
0.0398055
0.00282525
0.0109464
0.00267964
0.0310979
0.00313099
0.0676293
0.0191748
1
0.00865849
0.00626814
0.00519509
0.0391248
0.00769279
0.00790782
0.00255574
0.00261589
0.00553889
0.00333357
0.00785845
0.0299539
0.00506389
0
0.940637
0.00383711
0
0
0.00537239
0
0.00854642
0.00568548
0.0109658
0.00276848
0.0041008
0.00525436
0.00259717
0.00262084
0.0141843
0.00829532
0.00810954
0.0221169
1
0.0200591
0.0157983
0.0471475
0.0159673
0
0.00525436
0.00259717
0.00266895
0.0765944
0
0.00760677
0.0397225
0.145297
0.00794665
0.00243223
0.0024841
0.681841
0.0024841
0.0142189
0.0220454
0.0024841
0
0.0279878
0
0.0483979
0
0.00500428
0.0201395
0.0455402
0.0815392
0.0116958
0.0109604
0.0233917
0.00748909
0.00604362
0.00314208
0.0144179
0.0105149
0.0724443
0.00280475
0.0358008
0
0.15356
1
1
0.0766294
0.00441879
1.0069
0.00275194
0.00290792
1
0.00265072
0.013467
1
1.00577
0.880502
0.00435826
0.00267758
0.869393
0.00279248
0.988315
0.985715
0.54133
1
1
0
0.00732074
0.707877
1
1
0.0402547
0.00580555
0.00628224
0.00546677
0.00293833
0
0.0139905
0.00297143
0.876418
1
0.352521
0.00460829
0.0026121
0.00699707
0.00307871
0.00279189
0.00722524
0.00296486
0.00258538
0
0.0026713
0.00285687
0
0.00407949
0.00889869
0
0.00290787
0.0216124
0.00381373
0.00277305
0.0111683
0.00863019
0.00285687
0.0351659
0
0.00543654
0.00577299
0.00298644
0.0908511
0.0645638
0.983821
0.750685
0.988305
0
0.00838703
0.230751
0.00280129
0.00399313
0.00282555
0.00280129
0.0450982
0.00288365
0.127565
0.00262601
0.00299123
0.0466049
0.0139053
0.210396
0.0196331
0.00283334
0.00547089
1.01205
0.0046675
0.00759153
0.00553781
0.00285564
0
0.00285564
0.00862073
0.00267233
0.00378302
0.00288651
0.164621
0.00271319
0.00314617
0.0315027
0.00276055
0.002835
0
0.00264811
0.00743198
0.0195812
0.00843196
0.00295692
0.00252547
0.00269071
0.00291119
0.00945001
0.00266961
0
0.988625
0.0743991
0.0111121
0.0168077
0.00264811
0
0.00529141
0.00264913
0.0114725
0.00256821
0.00264811
0.00300197
0.00643287
0.00546814
0.00276019
0.00532504
0.0378418
0.0085647
0.00394252
0
0.0155307
0.00276055
0.0397237
0.00937487
0.0109518
0.0112427
0.0166728
0.0140032
0.0112427
1.01075
0.00976098
0.0305294
0.00532504
0.00418328
0.0406212
0.0412026
0.0563912
0.00837521
0.0101765
0.0412026
0.00252547
0.0442599
0.0169291
0.0295424
0.00531106
0.0104383
0.00275425
0
0.00247619
0
0.00518993
0.0366015
0.00544881
0.902542
0.0221007
0.00650299
0.00252547
0.0115144
0
0.0260119
0.00283155
0.0497063
0
0.00283155
0.0223302
0.0200732
0.0607845
0.00243752
0.00283155
0.0824837
0.00584647
0
0.00832559
0.104053
0.00836331
0.0161349
0.0109495
0.853064
0.0025183
0.00276584
0.0025183
0.00298711
